INDEX_PROBLEM
1
PATIENTS
800
STRETCHERS
16
NUM_ROOM
28
NUM_DEPOT
3
NUM_PRIORITY
4
PRIORITY_LIST
0	1	2	3	4
PRIORITY_WEIGHT
0	1	10	18	30
PRIORITY_JOB
0	1	2	2	3	3	1	3	2	2	3	4	1	2	2	2	3	3	4	1	2	2	3	3	3	3	1	2	2	3	3	3	4	1	2	2	3	3	4	3	1	2	2	3	3	4	4	2	3	1	2	2	3	3	1	3	3	1	1	2	2	3	4	1	1	1	2	2	3	3	4	1	4	1	1	2	2	3	3	2	1	2	2	3	3	4	1	1	3	1	1	2	2	3	3	2	2	1	2	2	3	3	4	1	2	1	1	2	3	2	4	1	1	3	3	1	2	2	3	4	3	1	1	1	2	2	3	3	1	4	1	2	2	3	3	3	4	1	1	1	2	2	3	3	2	4	1	2	2	3	3	3	2	1	1	1	2	2	3	3	2	4	1	2	2	3	3	4	3	3	1	4	1	2	3	3	1	1	1	2	2	3	3	4	1	1	1	2	2	3	3	1	4	1	2	2	3	3	4	1	3	1	1	2	2	3	3	2	1	4	1	2	2	3	3	4	2	2	1	1	1	2	2	3	1	1	3	1	2	3	3	4	3	4	1	1	1	2	2	3	3	3	4	1	2	2	3	3	2	1	1	1	2	2	3	3	1	4	1	2	2	3	3	3	4	2	1	1	1	2	2	3	3	1	4	1	2	2	3	3	3	3	1	4	1	2	3	3	2	1	4	1	2	2	3	3	1	4	1	1	2	2	3	3	2	1	2	2	3	3	4	1	3	1	1	2	2	3	3	1	1	1	2	2	3	3	4	1	2	1	1	4	1	2	2	3	2	1	3	1	2	3	3	4	4	3	1	1	1	2	2	3	3	4	1	2	2	3	1	3	2	1	3	1	2	2	3	3	1	4	1	2	2	3	1	3	4	1	3	1	2	2	3	3	1	2	4	1	2	2	3	3	3	3	1	1	2	3	3	4	1	1	2	2	2	3	3	4	4	1	1	1	2	2	3	1	3	3	1	2	2	3	3	1	2	1	4	1	2	2	3	2	1	3	1	2	2	3	3	1	3	1	4	1	2	2	3	1	1	2	3	4	1	2	3	3	3	1	1	1	2	2	3	1	2	3	4	1	2	2	3	4	3	1	1	3	1	2	2	3	3	4	1	2	2	1	3	2	3	1	1	3	1	2	2	3	2	3	4	1	2	2	3	3	4	1	3	1	2	3	3	1	2	4	1	2	2	3	3	3	1	1	4	1	2	2	1	2	3	4	1	2	2	3	3	3	1	1	4	1	2	2	2	1	3	3	1	2	2	3	3	2	1	1	4	1	2	2	1	2	3	3	1	2	3	3	4	3	1	1	1	1	2	2	3	2	2	3	1	2	2	3	4	4	1	1	1	2	2	3	3	1	4	1	2	2	3	3	3	2	1	1	1	2	2	3	3	1	4	4	1	2	2	3	2	3	3	3	1	1	2	2	3	3	2	1	2	2	3	3	4	3	4	1	1	1	2	2	3	1	4	1	2	2	2	3	3	4	1	1	1	2	2	3	1	3	3	1	2	2	3	3	4	2	1	1	1	1	2	2	3	2	1	3	2	2	3	3	4	1	3	1	1	2	2	3	3	2	1	4	1	2	2	3	1	3	3	1	1	2	2	3	3	4	1	2	2	3	3	1	3	1	1	1	2	2	3	3	4	2	1	2	2	3	3	3	4	2	3	1	1	2	2	3	3	1	1	2	2	3	3	4	1	4	3	1	1	2	2	3	4	2	1	1	1	2	2	3	1	1	1	3	4	1	2	2	1	2	1	1	3	3	1	2	1	1	1	2	3	3	4	1	2	1	1	1	1	2	2	3	3	2	2	1	1	2	3	3	4	1	2
TIME_ASKED
0	28849	28898	28947	28996	29045	29094	29149	29198	29247	29296	29345	29394	29429	29458	29487	29516	29545	29574	29603	29632	29661	29690	29742	29784	29826	29868	29910	29952	29994	30029	30058	30087	30116	30145	30174	30203	30232	30261	30290	30329	30358	30387	30416	30445	30474	30503	30532	30561	30590	30621	30642	30663	30684	30705	30726	30747	30768	30789	30810	30831	30852	30873	30894	30949	30998	31047	31096	31145	31194	31227	31254	31281	31308	31335	31362	31389	31416	31443	31470	31497	31524	31548	31572	31596	31620	31644	31668	31692	31716	31740	31764	31788	31837	31874	31911	31948	31985	32022	32059	32096	32159	32218	32277	32336	32395	32419	32438	32457	32476	32495	32514	32533	32552	32571	32590	32609	32628	32647	32666	32685	32759	32818	32877	32936	32995	33027	33054	33081	33108	33135	33162	33189	33216	33243	33270	33297	33333	33366	33399	33432	33465	33498	33531	33564	33597	33616	33632	33648	33664	33680	33696	33712	33728	33744	33760	33776	33792	33808	33824	33840	33856	33872	33888	33933	33966	33999	34032	34065	34098	34131	34164	34197	34242	34284	34326	34368	34410	34452	34494	34533	34566	34599	34632	34665	34698	34731	34764	34797	34827	34854	34881	34908	34935	34962	34989	35016	35043	35070	35097	35137	35174	35211	35248	35285	35322	35359	35396	35433	35466	35499	35532	35565	35598	35631	35664	35697	35723	35746	35769	35792	35815	35838	35861	35884	35907	35930	35953	35976	35999	36023	36046	36069	36092	36115	36138	36161	36184	36207	36230	36253	36276	36299	36327	36354	36381	36408	36435	36462	36489	36516	36543	36570	36597	36619	36638	36657	36676	36695	36714	36733	36752	36771	36790	36809	36828	36847	36866	36885	36949	36998	37047	37096	37145	37194	37259	37318	37377	37436	37495	37549	37598	37647	37696	37745	37794	37827	37854	37881	37908	37935	37962	37989	38016	38043	38070	38097	38123	38146	38169	38192	38215	38238	38261	38284	38307	38330	38353	38376	38399	38419	38438	38457	38476	38495	38514	38533	38552	38571	38590	38609	38628	38647	38666	38685	38742	38784	38826	38868	38910	38952	38994	39029	39058	39087	39116	39145	39174	39203	39232	39261	39290	39349	39398	39447	39496	39545	39594	39633	39666	39699	39732	39765	39798	39831	39864	39897	39937	39974	40011	40048	40085	40122	40159	40196	40242	40284	40326	40368	40410	40452	40494	40542	40584	40626	40668	40710	40752	40794	40849	40898	40947	40996	41045	41094	41133	41166	41199	41232	41265	41298	41331	41364	41397	41423	41446	41469	41492	41515	41538	41561	41584	41607	41630	41653	41676	41699	41749	41798	41847	41896	41945	41994	42099	42198	42297	42342	42384	42426	42468	42510	42552	42594	42699	42798	42897	42923	42946	42969	42992	43015	43038	43061	43084	43107	43130	43153	43176	43199	43237	43274	43311	43348	43385	43422	43459	43496	43549	43598	43647	43696	43745	43794	43899	43998	44097	44159	44218	44277	44336	44395	44459	44518	44577	44636	44695	44799	44898	44997	45033	45066	45099	45132	45165	45198	45231	45264	45297	45337	45374	45411	45448	45485	45522	45559	45596	45637	45674	45711	45748	45785	45822	45859	45896	45959	46018	46077	46136	46195	46249	46298	46347	46396	46445	46494	46537	46574	46611	46648	46685	46722	46759	46796	46821	46842	46863	46884	46905	46926	46947	46968	46989	47010	47031	47052	47073	47094	47199	47298	47397	47437	47474	47511	47548	47585	47622	47659	47696	47737	47774	47811	47848	47885	47922	47959	47996	48049	48098	48147	48196	48245	48294	48324	48348	48372	48396	48420	48444	48468	48492	48516	48540	48564	48588	48627	48654	48681	48708	48735	48762	48789	48816	48843	48870	48897	48937	48974	49011	49048	49085	49122	49159	49196	49233	49266	49299	49332	49365	49398	49431	49464	49497	49537	49574	49611	49648	49685	49722	49759	49796	49827	49854	49881	49908	49935	49962	49989	50016	50043	50070	50097	50149	50198	50247	50296	50345	50394	50424	50448	50472	50496	50520	50544	50568	50592	50616	50640	50664	50688	50737	50774	50811	50848	50885	50922	50959	50996	51027	51054	51081	51108	51135	51162	51189	51216	51243	51270	51297	51324	51348	51372	51396	51420	51444	51468	51492	51516	51540	51564	51588	51637	51674	51711	51748	51785	51822	51859	51896	51933	51966	51999	52032	52065	52098	52131	52164	52197	52259	52318	52377	52436	52495	52517	52534	52551	52568	52585	52602	52619	52636	52653	52670	52687	52704	52721	52738	52755	52772	52789	52859	52918	52977	53036	53095	53137	53174	53211	53248	53285	53322	53359	53396	53459	53518	53577	53636	53695	53733	53766	53799	53832	53865	53898	53931	53964	53997	54027	54054	54081	54108	54135	54162	54189	54216	54243	54270	54297	54374	54448	54522	54596	54627	54654	54681	54708	54735	54762	54789	54816	54843	54870	54897	55049	55198	55237	55274	55311	55348	55385	55422	55459	55496	55574	55648	55722	55796	55827	55854	55881	55908	55935	55962	55989	56016	56043	56070	56097	56399	56499	56598	56697	56733	56766	56799	56832	56865	56898	56931	56964	56997	57049	57098	57147	57196	57245	57294	57359	57418	57477	57536	57595
ORIGIN
26	16	6	27	19	7	27	23	1	25	23	10	2	23	12	14	23	14	3	23	14	16	26	16	14	14	16	7	27	20	8	7	23	9	1	23	11	14	23	13	2	2	2	3	24	14	4	14	14	6	27	18	7	27	20	8	18	14	17	2	23	12	2	26	1	3	23	14	4	24	15	11	11	1	1	27	19	8	3	3	14	1	23	11	2	23	14	14	14	27	14	24	14	4	1	1	7	1	18	7	27	20	8	14	1	17	2	23	12	2	14	14	27	14	14	4	24	15	4	26	16	14	3	14	3	27	23	14	12	3	10	2	23	12	2	23	14	26	14	27	4	26	16	14	8	1	7	27	20	8	1	23	10	23	27	20	27	23	13	14	14	3	4	24	15	4	26	16	1	27	26	26	14	22	8	3	14	25	2	23	12	2	23	14	3	5	26	14	25	16	14	1	25	14	27	20	8	27	23	2	1	23	20	2	23	13	14	27	14	14	14	14	4	26	16	5	14	14	1	14	14	8	1	3	14	2	23	12	2	23	14	3	23	14	14	27	14	27	26	16	25	4	19	8	27	23	9	1	14	3	2	2	14	2	23	14	14	27	14	4	26	16	5	26	17	7	1	4	26	1	23	10	14	10	11	2	23	13	3	23	14	4	27	15	14	14	1	6	3	26	15	27	23	8	1	23	22	2	14	14	2	23	14	14	23	14	4	26	16	5	26	26	7	23	9	14	3	23	9	3	9	3	2	23	13	2	23	5	3	20	20	14	1	7	6	27	26	14	14	20	8	1	23	10	2	23	11	2	26	14	14	23	14	23	24	15	5	26	26	7	14	14	3	14	23	14	14	23	20	20	23	13	2	23	23	3	24	27	4	26	7	14	1	18	14	2	20	8	1	23	10	1	23	12	1	14	14	3	27	14	14	27	15	27	26	16	6	27	14	26	27	14	8	3	14	20	2	23	12	2	23	14	3	27	14	7	7	14	14	1	16	14	1	26	27	1	23	10	1	27	11	14	27	14	2	23	27	27	11	24	11	26	16	6	27	19	7	23	10	14	1	23	17	26	27	27	2	23	14	3	23	14	4	27	11	14	26	25	14	27	20	14	27	23	9	26	23	11	2	14	23	2	23	14	14	24	20	14	26	16	5	27	18	7	27	12	3	14	23	10	2	23	14	2	15	14	3	23	14	4	23	14	27	14	14	4	26	19	14	14	23	9	1	23	11	2	2	4	2	23	14	14	15	14	14	27	16	5	26	17	7	27	2	3	3	23	10	27	20	2	14	14	26	3	23	14	4	24	15	27	14	25	6	27	26	14	22	23	8	1	23	10	2	23	12	4	25	14	27	15	14	14	11	11	5	26	16	7	27	20	2	23	23	9	9	20	11	2	23	24	2	23	14	3	24	14	4	26	20	20	27	18	14	14	2	14	1	23	10	2	23	12	26	26	14	3	27	14	27	27	11	23	26	14	7	27	19	8	12	12	9	16	20	11	2	14	14	16	23	14	3	24	14	4	14	1	1	26	14	7	27	2	26	3	3	10	1	23	12	2	23	4	14	27	14	27	24	11	23	8	16	6	27	19	7	27	14	1	3	2	10	2	23	14	5	23	14	3	23	14	4	8	8	14	14	1	7	27	20	14	13	23	9	1	23	11	2	23	13	26	14	27	4	24	15	14	1	27	6	27	18	7	27	21	8	14	14	10	2	23	12	2	23	14	3	23	14	4	14	16	1	25	14	7	27	20	14	15	14	9	1	23	11	2	7	13	27	14	27	3	24	14	1	27	7	5	27	18	7	27	20	8	1	23	17	1	23	12	2	7	14
DESTINATION
3	14	17	2	22	23	2	26	23	14	27	14	14	27	11	16	1	25	14	4	26	14	3	14	9	1	16	20	2	14	14	13	27	14	14	27	15	5	1	7	27	27	27	14	2	26	14	1	1	17	2	27	20	2	14	14	27	16	6	14	27	11	14	23	14	14	3	26	14	2	14	12	12	23	23	2	22	14	26	26	16	14	27	15	14	27	16	8	8	23	9	1	26	14	23	23	13	23	27	20	2	14	14	4	14	6	27	27	11	14	20	8	18	15	26	14	2	14	14	3	14	3	23	3	23	2	27	5	11	26	14	14	27	11	14	1	25	3	1	23	14	3	14	2	14	23	20	2	14	14	14	27	14	1	18	7	18	1	7	1	1	23	14	2	14	14	3	14	14	2	14	14	4	2	14	26	16	14	14	27	11	14	1	25	14	14	3	2	14	14	2	23	14	3	2	14	14	2	27	14	14	1	7	27	1	7	1	23	10	1	4	26	14	3	14	14	10	16	14	4	4	14	14	26	1	27	27	11	14	1	25	14	3	26	2	23	2	23	3	14	14	23	22	14	2	27	14	14	25	14	27	27	20	14	1	26	1	23	26	14	3	14	14	3	9	20	14	14	14	14	27	14	5	14	20	14	1	7	14	3	26	14	23	14	2	2	23	17	23	14	11	2	26	14	14	27	19	14	8	8	27	1	25	1	4	26	14	3	14	14	3	14	20	27	17	4	26	27	14	26	17	23	27	1	7	14	1	14	14	7	11	2	23	13	17	2	14	4	1	14	14	14	27	14	14	27	15	27	23	8	1	3	26	27	2	14	14	3	14	20	2	4	26	16	27	16	5	27	7	7	27	7	14	1	3	14	1	2	14	3	13	2	23	27	3	24	14	14	14	27	14	14	27	11	14	8	1	14	23	10	2	23	14	23	3	14	17	2	26	14	23	15	14	26	16	7	27	27	11	14	1	25	14	23	26	20	13	2	2	23	16	3	24	14	23	14	27	14	14	18	20	20	2	8	14	3	23	23	12	2	12	3	14	17	2	22	23	27	14	4	14	27	6	14	2	23	14	1	25	14	4	26	14	23	12	2	3	14	3	2	14	4	2	27	14	14	27	15	14	26	27	14	1	10	1	1	11	2	3	14	14	2	27	20	2	11	26	16	27	14	27	7	4	27	14	25	14	3	26	14	27	2	23	2	3	23	14	22	4	25	27	14	14	27	15	14	27	14	27	1	9	1	11	2	2	23	14	14	3	9	20	2	14	26	26	27	14	18	7	27	20	20	3	14	3	26	14	2	14	2	15	14	17	2	14	4	19	26	14	14	27	14	14	27	11	14	14	25	23	11	26	2	12	12	14	3	16	20	2	14	14	27	27	14	17	7	15	27	1	1	14	1	26	14	2	26	14	3	14	14	2	27	4	15	24	4	14	27	14	14	27	11	23	23	8	14	23	10	23	23	12	1	3	20	20	2	22	14	11	11	14	16	7	15	27	8	8	14	1	26	14	1	26	14	4	23	24	14	3	20	2	24	14	26	14	14	14	27	11	14	1	14	1	23	2	23	2	12	26	14	14	17	2	22	23	2	15	23	26	27	14	14	27	8	14	1	25	14	5	26	14	14	14	16	3	24	20	2	14	4	7	27	14	14	27	20	14	1	7	3	3	23	14	2	14	2	23	23	17	2	27	23	2	7	14	8	16	14	14	27	11	27	1	25	14	4	26	14	5	14	23	14	3	20	2	14	4	14	16	14	14	27	15	14	13	7	23	1	23	14	1	26	23	23	13	14	2	27	20	2	14	14	14	27	6	14	27	11	14	21	8
DUE_DATE
0	31147	30476	30525	30094	30143	31392	30247	30776	30825	30394	29903	31692	31007	31036	31065	30614	30643	30132	31901	31210	31239	30788	30840	30882	30924	32166	31488	31530	31092	31127	31156	30645	32414	31723	31752	31301	31330	30819	31388	32627	31936	31965	31514	31543	31032	31061	32110	31659	32888	32199	32220	31761	31782	33003	31824	31845	33066	33087	32388	32409	31950	31431	33192	33247	33296	32625	32674	32243	32292	31785	33552	31839	33606	33633	32940	32967	32514	32541	33048	33795	33102	33126	32670	32694	32178	33942	33966	32790	34014	34038	33342	33366	32935	32972	33489	33526	34283	33600	33637	33194	33257	32776	34575	33914	34693	34717	34016	33555	34054	33053	34812	34831	33650	33669	34888	34187	34206	33745	33224	33783	35057	35116	35175	34514	34573	34125	34152	35379	33666	35433	34740	34767	34314	34341	34368	33855	35631	35664	35697	35010	35043	34596	34629	35142	34155	35914	35210	35226	34762	34778	34794	35290	36026	36042	36058	35354	35370	34906	34922	35418	34414	36170	35466	35511	35064	35097	34590	35163	35196	36429	34722	36495	35820	35382	35424	36666	36708	36750	36072	36111	35664	35697	35190	36963	36996	37029	36342	36375	35925	35952	37179	35466	37233	36540	36567	36114	36141	35628	37395	36235	37472	37509	36826	36863	36420	36457	36974	37731	36024	37797	37110	37143	36696	36729	36222	37275	37301	38044	38067	38090	37393	37416	36959	38182	38205	37028	38251	37554	37097	37121	36604	37167	36650	38413	38436	38459	37762	37785	37328	37351	37374	36857	38625	37932	37959	37506	37533	38040	38787	38814	38841	38148	38175	37717	37736	38955	37234	38993	38292	38311	37850	37869	37888	37367	38406	39145	39164	39183	38527	38576	38145	38194	39443	37752	39557	38896	38955	38534	38593	38647	38696	39945	38254	40043	39372	38925	38952	39459	40206	38493	40260	39567	39594	39141	39168	40395	38681	40444	40467	39770	39793	39336	39359	39862	40605	39908	39931	39474	39497	38977	40736	39555	40774	40793	40092	40111	39650	39669	40888	40907	40926	40225	40244	39783	39840	39342	41124	40446	41208	41250	39552	41327	40636	40665	40214	40723	41472	40301	41530	40839	40388	40447	39956	40005	40594	41843	41892	41931	41244	41277	40830	40863	40356	42129	41442	41475	41035	42272	41109	41626	42383	41220	42457	41774	41820	41382	41424	42666	40968	42750	42072	42120	41682	42924	41766	41268	43050	41892	43147	42476	42525	42094	42143	43392	42711	41724	43497	42810	42843	42396	42429	42462	42495	43721	43744	43047	42590	42613	42096	43859	43882	43185	43208	43231	42774	42797	42307	42356	44145	44194	44243	43572	43677	43296	44595	43440	43482	44724	44046	44088	43650	43692	44997	44376	45195	43481	45244	44547	44570	44113	44616	45359	44182	45405	44708	44731	44274	44297	45535	44372	45609	43906	45683	45000	45037	44594	45847	45896	45225	44794	44303	46092	45477	45096	45195	45257	46516	46575	46634	45973	46037	45616	46875	46214	45793	45357	47196	46575	46611	46164	45657	46230	47463	47496	46329	47562	46875	46915	46472	46509	46006	47783	47100	47137	47894	46735	47252	46809	48046	48083	46920	48157	47474	47537	47116	47655	47234	46753	48547	47876	47925	47494	47543	47052	48835	47672	48909	48226	47783	47820	49057	48374	47379	49140	48441	48462	48003	48024	48045	49266	49287	47568	49329	48630	48651	49392	48777	48396	47955	49735	49052	49089	48646	48683	48720	49957	49994	48295	50072	49389	49426	49463	50220	49057	49094	50347	49676	49725	49294	49343	49872	50622	50646	48930	50694	49998	50022	50766	50070	49614	49638	50862	50166	49725	49752	49239	49806	51033	51060	51087	51114	50421	50448	49995	50515	50552	50109	51346	50663	50700	50257	49754	49791	51564	51597	51630	50943	50976	50529	50562	51795	50095	51872	51189	51226	50783	50820	50857	51374	52125	52152	52179	51486	51513	51060	51087	52314	50601	50628	52395	51727	51776	51345	51874	51443	51492	51522	52746	52770	52074	52098	51642	51666	52170	52914	52218	52242	51786	51835	51332	51909	51406	53183	53220	53257	52574	52605	52152	53379	51666	53433	52740	52767	52794	52341	52368	51855	53622	53646	53670	52974	52998	52542	53766	52590	52614	53838	53142	53166	52735	52772	52269	53326	54083	54120	54157	54194	53511	53544	53097	53610	54363	53196	53709	53742	53295	53357	52876	54675	53534	54793	54815	54112	54129	53666	53683	54180	54917	53194	54951	54248	54265	53802	55019	53836	53853	55070	55087	54437	54496	54075	54134	53653	55435	54752	54789	54346	54383	55620	54457	55694	55757	55816	55155	55214	54793	54831	54324	55377	56130	55443	55476	55029	55062	55095	54585	55632	55179	56406	56433	55740	55767	55314	55341	56568	56595	55952	56026	55620	55694	55185	56952	55239	55806	57033	57060	56367	56394	55941	55428	56475	57347	57496	57535	56852	56889	56446	57683	57720	57757	56594	56132	57946	57300	57374	58125	57432	58179	58206	57033	57060	58287	57594	58341	58368	58395	57977	57597	57696	57255	59031	58344	59097	59130	59163	59196	58509	58542	58095	58147	58676	58725	59494	59543	58872	58457	58516	58035	59834	59173
TRANSPORT_MODE
0	2	2	1	1	1	1	0	2	2	1	1	1	1	2	0	2	1	1	1	1	2	0	0	2	1	1	1	1	1	2	0	2	1	1	1	1	2	0	0	2	1	1	1	1	1	2	0	0	2	1	1	1	1	1	0	0	3	3	1	1	1	1	0	0	2	2	1	1	1	1	3	0	3	1	1	1	1	2	0	1	2	1	1	1	1	0	3	0	3	1	1	1	1	1	0	0	2	2	1	1	1	1	3	0	3	1	1	1	1	1	0	0	0	2	1	1	1	1	1	0	3	3	1	1	1	1	2	0	2	1	1	1	1	1	0	0	3	3	1	1	1	1	2	0	2	1	1	1	1	1	0	0	3	3	1	1	1	1	2	0	1	2	1	1	1	1	0	0	0	3	1	1	1	1	1	0	0	2	2	1	1	1	1	1	3	3	1	1	1	1	0	0	2	2	1	1	1	1	3	0	3	1	1	1	1	1	0	0	2	2	1	1	1	1	1	0	0	3	3	1	1	1	1	0	0	2	1	1	1	1	1	0	0	3	3	1	1	1	1	1	0	2	2	1	1	1	1	0	3	3	1	1	1	1	2	0	2	1	1	1	1	1	0	0	0	3	3	1	1	1	1	2	0	2	1	1	1	1	1	0	0	3	1	1	1	1	1	0	0	2	2	1	1	1	1	3	0	3	1	1	1	1	1	0	2	2	1	1	1	1	3	0	3	1	1	1	1	1	0	0	2	2	1	1	1	1	3	0	0	3	1	1	1	1	1	0	0	2	1	1	1	1	1	0	0	3	3	1	1	1	1	2	2	1	1	1	1	3	0	0	3	1	1	1	1	1	2	0	2	1	1	1	1	3	0	0	3	1	1	1	1	1	2	0	0	2	1	1	1	1	1	0	0	3	1	1	1	1	2	0	2	1	0	1	1	1	1	0	3	3	1	1	1	1	0	0	2	2	1	1	1	1	3	0	3	1	1	1	1	1	0	0	2	2	1	1	1	1	3	0	3	1	1	1	1	1	0	0	0	2	1	1	1	1	1	0	3	3	1	1	1	1	0	0	2	2	1	1	1	1	0	0	3	3	1	1	1	1	2	1	2	1	1	1	0	1	0	0	3	3	1	1	1	1	1	0	2	2	1	1	1	1	0	0	3	1	1	1	1	1	0	0	2	2	1	1	1	1	0	3	3	1	1	1	1	0	0	2	2	1	1	1	1	1	0	3	3	1	1	1	1	0	0	2	2	1	1	1	1	1	0	3	3	1	1	1	1	0	0	2	2	1	1	1	1	1	0	0	3	3	1	1	1	1	0	0	2	2	1	1	1	1	0	1	3	3	1	1	1	1	0	2	2	1	1	1	1	0	0	3	3	1	1	1	1	1	0	2	2	1	1	1	1	0	0	0	1	3	3	1	1	1	1	0	2	2	1	1	1	1	0	0	3	3	1	1	1	1	0	1	2	2	0	1	1	1	1	3	3	1	1	1	1	0	0	2	2	1	1	1	1	1	0	0	3	3	1	1	1	1	0	0	2	2	1	1	1	1	1	0	3	3	1	1	1	1	0	0	2	2	1	1	1	1	0	0	3	3	1	1	1	1	1	2	2	1	1	1	1	0	0	3	3	1	1	1	1	1	0	2	2	1	1	0	1	1	0	0	3	3	1	1	1	1	1	0	2	2	1	1	1	1	0	0	3	3	1	1	1	1	0	3	3	1	1	1	1	3	0	3	1	1	1	1	1	0	0	3	3	1	1	1	1	3	0	3	1	1	1	1	1	0	0	0	3	3	1	1	1	1	1	0	3	3	1	1	1	1	0	0
PATIENT_WEIGHT
51	124	138	149	33	148	30	125	97	112	134	43	41	98	74	127	103	139	149	97	106	52	128	110	141	89	53	85	122	38	52	67	68	122	136	83	68	112	86	135	138	46	101	42	149	140	94	78	118	38	69	45	140	143	113	150	66	63	54	113	129	73	83	126	144	143	91	51	118	47	96	126	122	76	31	76	77	105	108	91	110	67	77	93	145	35	47	103	31	65	108	60	96	149	62	64	139	109	76	74	110	136	135	40	78	93	131	131	142	107	43	137	138	74	119	124	128	59	42	143	113	131	145	74	53	47	119	107	102	34	51	140	59	105	81	99	41	34	93	77	149	141	104	135	139	75	51	107	124	50	64	49	90	47	68	41	30	45	46	61	48	131	68	61	94	107	78	39	66	131	82	37	64	60	150	31	96	107	71	70	148	70	146	121	53	123	139	35	138	40	71	123	48	70	142	139	76	91	146	37	69	108	88	136	110	105	142	116	98	138	55	128	110	37	147	144	83	104	119	105	148	90	116	34	70	146	34	31	101	51	53	60	104	95	79	56	125	75	88	51	137	123	44	145	43	40	43	142	138	137	89	34	72	39	42	136	127	135	81	100	96	140	73	75	60	58	119	122	59	146	100	82	118	126	35	123	60	104	65	77	75	74	130	142	146	45	150	95	101	125	60	47	50	37	43	90	59	51	100	90	70	79	114	129	92	93	102	35	79	64	112	53	148	67	98	107	138	66	114	129	36	71	70	47	97	130	96	86	149	131	50	59	92	86	58	39	142	107	134	67	123	83	139	84	86	73	118	45	79	41	139	57	40	84	93	109	114	129	138	76	110	41	92	116	72	144	106	69	127	101	148	128	144	56	56	32	48	109	50	91	70	45	146	76	125	91	75	98	71	77	62	87	71	100	61	103	89	122	106	82	61	97	113	133	54	49	75	42	66	102	68	38	33	88	86	37	92	74	70	93	122	39	92	30	87	81	121	39	34	64	100	129	148	87	141	46	117	51	116	74	30	66	93	132	138	41	115	120	80	89	125	134	133	111	50	38	137	86	59	97	123	105	116	131	69	109	95	105	121	57	36	114	91	98	147	128	78	77	111	123	95	117	137	89	75	89	63	66	95	56	39	89	93	90	38	111	31	69	49	131	77	148	95	78	63	72	113	148	130	57	138	40	137	138	113	95	125	128	105	133	59	65	105	82	95	113	69	134	134	33	47	39	51	98	137	55	46	33	42	44	99	68	143	82	34	114	68	90	64	30	116	57	80	135	132	101	83	82	111	112	41	112	68	133	64	138	145	110	115	92	84	75	128	144	35	83	118	100	146	62	54	60	119	65	81	43	47	62	119	55	45	115	130	139	45	47	46	129	64	148	117	52	141	67	42	76	39	44	87	100	109	109	67	145	31	70	150	131	47	95	58	89	46	65	71	139	140	57	119	125	140	97	143	113	86	49	123	132	110	93	133	131	92	37	142	102	117	118	103	48	139	110	97	123	106	135	145	130	135	112	55	145	118	110	138	97	73	34	52	106	54	136	55	132	32	39	43	147	127	56	103	115	108	141	99	73	129	33	124	43	119	84	44	76	52	34	145	76	40	46	125	55	80	142	148	87	130	57	89	64	109	136	103	65	64	139	31	47	80	62	41	93	134	49	130	33	126	97	88	77	103	102	112	137	31	30	41	102	146	114	107	150	145	61	137	149	111	48	146	149	96	119	72	77	66	52	53	56	126	70	64	114	103	71	95	109	116	132	40	60	35	124	41	87	131	112	147	106	79	59	72	111	95	70	59	59	95	63	146	142	68	78	55	110	121	128	43	135	66	89	113
DISTANCE_MATRIX
0	360	318	300	288	276	264	264	150	150	150	60	90	90	162	168	204	228	234	312	360	408	348	318	168	192	168	318
360	60	264	318	324	342	342	342	348	348	354	360	372	378	378	420	420	480	462	498	462	462	384	420	372	420	378	378
318	264	60	270	276	288	288	288	294	294	294	318	318	324	324	414	414	468	462	486	462	462	330	366	366	408	372	324
300	318	270	60	276	288	288	288	288	288	288	300	300	312	318	408	408	468	462	486	438	438	318	360	360	402	360	312
288	324	276	276	60	276	276	276	276	276	276	288	288	300	300	402	396	462	456	480	432	432	300	360	360	402	348	300
276	342	288	288	276	60	180	180	252	258	264	264	264	288	288	390	390	456	450	480	432	432	288	348	348	348	288	288
264	342	288	288	276	180	60	180	246	258	264	264	264	288	288	390	390	456	450	480	432	432	288	348	348	348	288	288
264	342	288	288	276	180	180	60	240	258	264	264	264	288	288	390	390	456	450	480	432	432	288	348	348	348	288	288
150	348	294	288	276	252	246	240	60	120	120	150	126	270	270	378	384	420	438	480	420	408	276	300	300	300	276	270
150	348	294	288	276	258	258	258	120	60	120	150	150	270	270	378	384	420	438	480	420	408	276	300	300	300	276	270
150	354	294	288	276	264	264	264	120	120	60	150	150	270	270	378	384	420	438	480	420	408	276	300	300	300	276	270
60	360	318	300	288	264	264	264	150	150	150	60	90	162	168	228	234	312	360	408	348	318	168	192	192	198	168	162
90	372	318	300	288	264	264	264	150	150	150	90	60	162	168	228	234	312	360	408	348	318	168	192	192	198	168	162
90	378	324	312	300	288	288	288	270	270	270	162	162	60	120	180	180	306	210	360	300	300	120	180	120	180	120	234
162	378	324	318	300	288	288	288	270	270	270	168	168	120	60	180	180	306	210	360	300	300	120	180	120	180	120	120
168	420	414	408	402	348	348	348	300	300	300	228	228	180	180	60	132	204	132	348	258	258	186	60	180	132	222	180
204	420	414	408	396	390	390	390	384	384	384	234	234	180	180	132	60	204	132	348	258	258	186	60	180	132	222	180
228	480	468	468	462	456	456	456	420	420	420	312	312	306	306	204	204	60	198	120	240	240	306	204	306	138	306	306
234	462	462	462	456	450	450	450	438	438	438	360	360	210	210	132	132	198	60	138	132	132	210	132	210	132	210	210
312	498	486	486	480	480	480	480	480	480	480	408	408	360	360	348	348	120	138	60	348	348	360	348	360	348	360	360
360	462	462	438	432	432	432	432	420	420	420	348	348	300	300	258	258	240	132	348	60	60	300	258	300	258	300	300
408	462	462	438	432	432	432	432	408	408	408	318	318	300	300	258	258	240	132	348	60	60	300	258	300	258	300	300
348	384	330	318	300	288	288	288	276	276	276	168	168	120	120	186	186	306	210	360	300	300	60	186	120	186	120	120
318	420	366	360	360	348	348	348	300	300	300	192	192	180	180	60	60	204	132	348	258	258	186	60	180	60	180	180
168	372	300	306	300	288	288	288	270	270	270	168	168	120	120	180	180	306	210	360	300	300	120	180	60	180	120	120
192	420	408	402	402	348	348	348	300	300	300	198	198	180	180	132	132	138	132	348	258	258	186	60	180	60	180	180
168	378	372	360	348	288	288	288	276	276	276	168	168	120	120	222	222	306	210	360	300	300	120	180	120	180	60	120
318	378	324	312	300	288	288	288	270	270	270	162	162	234	120	180	180	306	210	360	300	300	120	180	120	180	120	60
DEPOTS_DISTANCE
234	462	462	462	456	450	450	450	438	438	438	360	360	210	210	132	132	198	60	138	132	132	210	132	210	132	210	210	
348	384	330	318	300	288	288	288	276	276	276	168	168	120	120	186	186	306	210	360	300	300	60	186	120	186	120	120	
318	420	366	360	360	348	348	348	300	300	300	192	192	180	180	60	60	204	132	348	258	258	186	60	180	60	180	180	
LOCATION_TURN_MATRIX
100	130	122	113	112	199	136	122	129	152	173	146	151	136	158	140	176	113	122	167	194	134	110	172	114	184	100	147	
170	100	154	188	164	169	136	136	152	170	104	183	155	115	101	104	155	187	174	115	149	134	178	168	114	135	168	102	
178	146	100	161	178	114	104	165	117	139	126	169	192	109	120	179	160	152	154	134	113	140	154	179	196	196	192	181	
187	112	139	100	158	114	195	181	104	132	195	106	183	169	132	170	140	136	172	148	116	110	123	136	151	120	176	169	
188	136	122	142	100	175	164	159	112	100	167	164	135	191	132	181	104	123	142	156	108	117	193	182	116	147	156	185	
101	131	186	186	125	100	190	147	164	150	137	102	145	176	185	131	113	108	117	186	118	151	140	178	154	189	172	110	
164	164	196	105	136	110	100	186	153	151	183	193	111	157	144	123	188	142	110	163	105	190	166	187	170	171	186	126	
178	164	135	119	141	153	114	100	106	130	108	103	151	178	122	151	130	133	184	177	110	141	166	110	122	174	191	197	
171	148	183	196	188	136	147	194	100	167	100	146	168	129	128	142	172	118	174	147	105	158	156	160	120	106	119	136	
148	130	161	168	200	150	149	170	133	100	177	106	175	116	188	180	176	194	108	146	130	187	183	173	128	141	169	176	
127	196	174	105	133	163	117	192	200	123	100	171	175	140	183	115	104	186	128	153	151	175	100	146	191	117	132	197	
154	117	131	194	136	198	107	197	154	194	129	100	136	184	140	147	172	184	148	131	103	156	185	200	152	158	154	143	
149	145	108	117	165	155	189	149	132	125	125	164	100	140	199	142	101	144	163	185	117	191	200	143	113	165	102	154	
164	185	191	131	109	124	143	122	171	184	160	116	160	100	109	116	196	113	131	186	166	139	183	175	144	161	105	170	
142	199	180	168	168	115	156	178	172	112	117	160	101	191	100	147	177	177	199	158	172	188	164	175	180	168	154	195	
160	196	121	130	119	169	177	149	158	120	185	153	158	184	153	100	152	159	197	157	181	159	102	123	168	200	124	186	
124	145	140	160	196	187	112	170	128	124	196	128	199	104	123	148	100	149	114	112	117	135	105	132	138	180	198	156	
187	113	148	164	177	192	158	167	182	106	114	116	156	187	123	141	151	100	166	132	168	163	159	123	129	173	161	116	
178	126	146	128	158	183	190	116	126	192	172	152	137	169	101	103	186	134	100	184	199	137	130	160	148	113	140	150	
133	185	166	152	144	114	137	123	153	154	147	169	115	114	142	143	188	168	116	100	111	195	128	157	191	164	141	171	
106	151	187	184	192	182	195	190	195	170	149	197	183	134	128	119	183	132	101	189	100	129	151	163	147	166	104	177	
166	166	160	190	183	149	110	159	142	113	125	144	109	161	112	141	165	137	163	105	171	100	101	185	169	129	103	197	
190	122	146	177	107	160	134	134	144	117	200	115	100	117	136	198	195	141	170	172	149	199	100	106	150	116	118	145	
128	132	121	164	118	122	113	190	140	127	154	100	157	125	125	177	168	177	140	143	137	115	194	100	128	167	115	155	
186	186	104	149	184	146	130	178	180	172	109	148	187	156	120	132	162	171	152	109	153	131	150	172	100	155	124	184	
116	165	104	180	153	111	129	126	194	159	183	142	135	139	132	100	120	127	187	136	134	171	184	133	145	100	129	192	
200	132	108	124	144	128	114	109	181	131	168	146	198	195	146	176	102	139	160	159	196	197	182	185	176	171	100	146	
153	198	119	131	115	190	174	103	164	124	103	157	146	130	105	114	144	184	150	129	123	103	155	145	116	108	154	100	
DEPOTS_TO_LOCAL_TURN_MATRIX
178	126	146	128	158	183	190	116	126	192	172	152	137	169	101	103	186	134	100	184	199	137	130	160	148	113	140	150	
190	122	146	177	107	160	134	134	144	117	200	115	100	117	136	198	195	141	170	172	149	199	100	106	150	116	118	145	
128	132	121	164	118	122	113	190	140	127	154	100	157	125	125	177	168	177	140	143	137	115	194	100	128	167	115	155	
LOCAL_TO_DEPOT_TURN_MATRIX
122	174	154	172	142	117	110	184	174	108	128	148	163	131	199	197	114	166	100	116	101	163	170	140	152	187	160	150	
110	178	154	123	193	140	166	166	156	183	100	185	200	183	164	102	105	159	130	128	151	101	100	194	150	184	182	155	
172	168	179	136	182	178	187	110	160	173	146	200	143	175	175	123	132	123	160	157	163	185	106	100	172	133	185	145	

