INDEX_PROBLEM
1
PATIENTS
800
STRETCHERS
16
NUM_ROOM
28
NUM_DEPOT
3
NUM_PRIORITY
4
PRIORITY_LIST
0	1	2	3	4
PRIORITY_WEIGHT
0	1	10	18	30
PRIORITY_JOB
0	1	2	3	4	4	2	3	2	3	4	4	1	2	3	4	3	4	4	2	2	3	4	4	4	4	2	3	3	4	4	3	4	4	1	2	3	4	4	3	4	2	3	3	4	4	4	4	4	1	2	3	4	4	2	2	3	1	1	3	4	4	1	1	2	2	3	3	4	4	2	2	4	1	1	3	4	4	2	1	2	3	3	4	4	4	1	2	3	1	1	3	4	4	2	2	2	4	3	3	4	4	4	1	4	1	1	2	3	4	4	2	1	4	2	3	4	4	1	2	3	4	3	1	1	3	4	4	2	1	2	3	4	4	1	2	3	4	1	1	3	3	4	4	4	2	1	2	3	4	4	2	4	4	3	1	1	3	4	4	3	2	4	1	2	3	4	4	2	3	2	1	1	3	4	4	1	3	1	2	3	3	4	4	2	4	1	1	2	3	4	4	1	2	1	2	3	3	4	4	2	3	1	1	2	4	3	4	2	3	4	4	2	3	3	4	4	4	1	1	1	2	3	4	4	1	4	4	2	2	3	4	4	3	1	1	1	2	3	3	4	1	4	2	2	3	4	4	4	3	1	1	1	2	3	3	4	2	4	2	2	3	4	4	4	4	4	4	1	2	3	3	4	1	4	1	2	3	4	4	4	3	2	2	1	1	2	3	4	3	1	1	2	3	3	4	4	2	1	1	2	3	4	4	3	4	1	2	3	3	4	4	4	3	1	1	1	2	2	3	4	2	1	4	2	3	3	4	4	4	4	1	1	1	2	3	4	2	4	4	2	2	3	4	4	3	4	1	1	1	2	3	3	4	4	2	2	3	4	4	3	1	1	1	1	2	3	3	4	3	4	4	2	2	3	4	4	4	4	2	1	3	3	4	4	1	4	1	2	3	4	4	2	3	2	1	1	2	3	4	4	1	1	2	3	3	4	4	2	2	1	1	2	3	4	4	3	4	1	2	3	3	4	4	2	3	1	1	2	3	4	4	1	1	2	4	2	3	3	4	4	4	1	1	1	2	3	4	4	1	2	4	2	2	3	4	1	4	1	1	2	3	3	4	4	3	2	2	3	4	4	1	4	4	1	1	2	3	3	4	4	1	2	2	3	4	4	4	3	4	1	2	3	3	4	4	1	4	1	2	3	4	4	4	4	4	1	1	2	2	3	4	2	1	1	2	3	3	4	4	2	3	1	1	2	3	4	4	2	1	1	2	3	3	4	4	1	4	1	2	2	3	4	4	1	2	4	2	3	3	4	4	4	1	1	1	2	3	4	1	2	3	4	4	2	2	3	4	4	1	1	1	2	3	3	4	1	4	2	2	3	4	4	4	3	1	1	1	2	3	3	4	1	4	2	2	3	4	4	4	4	1	2	3	3	4	4	2	4	4	1	2	3	4	4	4	3	2	1	1	2	3	4	1	2	4	1	2	3	3	4	4	1	1	2	2	3	4	2	3	4	1	2	3	3	4	4	4	1	1	2	2	3	4	2	1	4	2	3	3	4	4	4	4	1	1	1	1	2	3	4	2	3	4	2	2	3	4	4	4	4	1	1	1	2	3	4	4	2	2	2	3	4	4	1	3	1	1	2	3	3	4	4	1	2	2	3	4	4	4	3	4	4	1	1	2	3	3	4	4	2	1	2	3	4	4	4	4	3	2	1	1	2	3	4	1	2	1	2	3	4	4	4	2	4	1	1	2	3	4	4	2	1	1	1	2	3	3	1	1	1	4	4	2	2	3	2	1	2	1	1	4	4	2	3	3	2	1	1	4	4	1	2	1	2	1	1	3	4	4	4	1	2	1	1	2	2	3	4	4	2
TIME_ASKED
0	28849	28898	28947	28996	29045	29094	29149	29198	29247	29296	29345	29394	29429	29458	29487	29516	29545	29574	29603	29632	29661	29690	29742	29784	29826	29868	29910	29952	29994	30029	30058	30087	30116	30145	30174	30203	30232	30261	30290	30329	30358	30387	30416	30445	30474	30503	30532	30561	30590	30621	30642	30663	30684	30705	30726	30747	30768	30789	30810	30831	30852	30873	30894	30949	30998	31047	31096	31145	31194	31227	31254	31281	31308	31335	31362	31389	31416	31443	31470	31497	31524	31548	31572	31596	31620	31644	31668	31692	31716	31740	31764	31788	31837	31874	31911	31948	31985	32022	32059	32096	32159	32218	32277	32336	32395	32419	32438	32457	32476	32495	32514	32533	32552	32571	32590	32609	32628	32647	32666	32685	32759	32818	32877	32936	32995	33027	33054	33081	33108	33135	33162	33189	33216	33243	33270	33297	33333	33366	33399	33432	33465	33498	33531	33564	33597	33616	33632	33648	33664	33680	33696	33712	33728	33744	33760	33776	33792	33808	33824	33840	33856	33872	33888	33933	33966	33999	34032	34065	34098	34131	34164	34197	34242	34284	34326	34368	34410	34452	34494	34533	34566	34599	34632	34665	34698	34731	34764	34797	34827	34854	34881	34908	34935	34962	34989	35016	35043	35070	35097	35137	35174	35211	35248	35285	35322	35359	35396	35433	35466	35499	35532	35565	35598	35631	35664	35697	35723	35746	35769	35792	35815	35838	35861	35884	35907	35930	35953	35976	35999	36023	36046	36069	36092	36115	36138	36161	36184	36207	36230	36253	36276	36299	36327	36354	36381	36408	36435	36462	36489	36516	36543	36570	36597	36619	36638	36657	36676	36695	36714	36733	36752	36771	36790	36809	36828	36847	36866	36885	36949	36998	37047	37096	37145	37194	37259	37318	37377	37436	37495	37549	37598	37647	37696	37745	37794	37827	37854	37881	37908	37935	37962	37989	38016	38043	38070	38097	38123	38146	38169	38192	38215	38238	38261	38284	38307	38330	38353	38376	38399	38419	38438	38457	38476	38495	38514	38533	38552	38571	38590	38609	38628	38647	38666	38685	38742	38784	38826	38868	38910	38952	38994	39029	39058	39087	39116	39145	39174	39203	39232	39261	39290	39349	39398	39447	39496	39545	39594	39633	39666	39699	39732	39765	39798	39831	39864	39897	39937	39974	40011	40048	40085	40122	40159	40196	40242	40284	40326	40368	40410	40452	40494	40542	40584	40626	40668	40710	40752	40794	40849	40898	40947	40996	41045	41094	41133	41166	41199	41232	41265	41298	41331	41364	41397	41423	41446	41469	41492	41515	41538	41561	41584	41607	41630	41653	41676	41699	41749	41798	41847	41896	41945	41994	42099	42198	42297	42342	42384	42426	42468	42510	42552	42594	42699	42798	42897	42923	42946	42969	42992	43015	43038	43061	43084	43107	43130	43153	43176	43199	43237	43274	43311	43348	43385	43422	43459	43496	43549	43598	43647	43696	43745	43794	43899	43998	44097	44159	44218	44277	44336	44395	44459	44518	44577	44636	44695	44799	44898	44997	45033	45066	45099	45132	45165	45198	45231	45264	45297	45337	45374	45411	45448	45485	45522	45559	45596	45637	45674	45711	45748	45785	45822	45859	45896	45959	46018	46077	46136	46195	46249	46298	46347	46396	46445	46494	46537	46574	46611	46648	46685	46722	46759	46796	46821	46842	46863	46884	46905	46926	46947	46968	46989	47010	47031	47052	47073	47094	47199	47298	47397	47437	47474	47511	47548	47585	47622	47659	47696	47737	47774	47811	47848	47885	47922	47959	47996	48049	48098	48147	48196	48245	48294	48324	48348	48372	48396	48420	48444	48468	48492	48516	48540	48564	48588	48627	48654	48681	48708	48735	48762	48789	48816	48843	48870	48897	48937	48974	49011	49048	49085	49122	49159	49196	49233	49266	49299	49332	49365	49398	49431	49464	49497	49537	49574	49611	49648	49685	49722	49759	49796	49827	49854	49881	49908	49935	49962	49989	50016	50043	50070	50097	50149	50198	50247	50296	50345	50394	50424	50448	50472	50496	50520	50544	50568	50592	50616	50640	50664	50688	50737	50774	50811	50848	50885	50922	50959	50996	51027	51054	51081	51108	51135	51162	51189	51216	51243	51270	51297	51324	51348	51372	51396	51420	51444	51468	51492	51516	51540	51564	51588	51637	51674	51711	51748	51785	51822	51859	51896	51933	51966	51999	52032	52065	52098	52131	52164	52197	52259	52318	52377	52436	52495	52517	52534	52551	52568	52585	52602	52619	52636	52653	52670	52687	52704	52721	52738	52755	52772	52789	52859	52918	52977	53036	53095	53137	53174	53211	53248	53285	53322	53359	53396	53459	53518	53577	53636	53695	53733	53766	53799	53832	53865	53898	53931	53964	53997	54027	54054	54081	54108	54135	54162	54189	54216	54243	54270	54297	54374	54448	54522	54596	54627	54654	54681	54708	54735	54762	54789	54816	54843	54870	54897	55049	55198	55237	55274	55311	55348	55385	55422	55459	55496	55574	55648	55722	55796	55827	55854	55881	55908	55935	55962	55989	56016	56043	56070	56097	56399	56499	56598	56697	56733	56766	56799	56832	56865	56898	56931	56964	56997	57049	57098	57147	57196	57245	57294	57359	57418	57477	57536	57595
ORIGIN
26	16	6	27	19	7	11	25	23	25	4	10	2	23	14	14	4	14	3	23	4	4	14	14	14	14	14	7	27	20	9	27	14	9	1	23	11	14	14	4	2	14	2	3	24	14	14	14	11	6	27	18	7	27	20	8	7	14	17	2	23	12	2	14	4	7	23	14	4	24	16	16	14	16	14	27	19	8	27	9	9	14	23	11	2	14	4	14	4	14	14	14	14	4	5	14	27	27	18	7	27	20	26	1	12	17	2	17	12	2	14	14	13	7	14	4	24	15	4	23	16	23	3	23	3	26	23	14	4	4	10	2	23	14	2	14	14	26	26	27	14	15	20	4	14	14	23	27	20	14	14	4	4	14	2	20	27	20	4	14	11	23	6	24	15	4	20	16	14	23	26	26	14	2	8	26	14	7	7	23	12	2	23	16	1	16	14	14	14	27	14	9	4	14	9	20	8	27	14	14	14	4	27	2	14	14	5	14	14	5	14	14	4	26	27	1	1	26	7	2	14	14	14	14	14	7	27	25	2	23	14	3	2	16	23	27	11	11	14	14	14	14	2	8	27	23	14	14	14	14	14	14	14	14	20	20	2	14	26	7	26	16	1	14	14	1	26	26	14	3	14	8	14	14	2	14	23	13	3	23	14	2	2	2	14	1	25	14	27	14	16	23	23	8	1	1	2	27	27	14	2	27	16	1	1	16	1	14	16	5	26	11	27	27	4	3	20	14	14	14	9	14	3	14	13	2	23	1	3	1	1	1	1	7	14	3	3	27	27	3	8	1	23	10	14	14	4	4	26	14	14	14	14	16	10	2	5	26	26	2	19	14	3	14	3	14	3	14	15	2	2	4	2	23	23	26	20	13	2	4	7	7	14	10	14	14	14	14	1	23	10	1	14	14	2	14	14	14	27	14	14	4	14	8	14	26	3	10	14	1	14	27	14	3	14	27	22	27	1	27	23	14	3	23	14	10	14	14	14	14	3	3	7	27	27	14	23	10	1	20	14	7	1	3	14	27	14	14	1	3	1	3	16	6	27	19	7	23	4	14	4	4	3	14	14	2	14	3	14	3	23	14	14	14	14	2	2	1	1	1	16	14	1	20	9	26	26	11	16	26	4	27	14	14	14	11	13	16	14	14	5	27	18	7	2	27	14	14	14	17	2	22	27	14	23	3	3	23	14	4	26	14	10	1	25	14	4	26	3	1	1	12	1	23	11	2	14	18	23	14	14	14	3	15	14	3	18	2	26	17	7	27	14	20	1	14	14	2	27	14	2	2	14	26	23	14	4	14	15	23	1	26	3	26	14	3	1	1	5	1	23	10	2	11	27	14	11	14	14	27	15	14	27	27	27	26	16	7	27	27	2	27	27	3	3	9	2	2	2	2	3	23	14	3	24	14	4	16	3	3	3	26	14	14	2	27	27	14	10	2	23	12	14	14	26	27	14	14	12	12	2	14	20	14	7	26	19	2	18	2	2	16	20	20	2	14	14	14	2	14	3	24	14	4	14	14	26	26	14	7	27	26	14	14	14	10	1	23	12	2	23	23	23	10	14	14	24	11	11	4	16	6	27	19	7	27	27	26	20	14	20	2	23	14	14	27	14	3	23	14	20	8	4	2	3	14	1	27	20	8	14	4	9	1	23	8	10	23	4	4	4	14	27	24	15	14	1	23	6	27	18	7	27	14	14	14	14	10	2	23	2	2	27	14	3	23	14	4	2	25	2	25	14	7	27	20	14	14	14	9	1	23	11	2	1	14	2	14	14	3	24	14	1	1	14	5	27	18	7	27	20	8	12	17	2	1	23	12	2	1	4
DESTINATION
3	14	17	2	22	23	12	14	27	14	23	14	14	27	16	25	14	25	14	4	14	14	9	9	9	1	1	20	2	14	14	2	4	14	14	27	15	5	5	14	27	5	27	14	2	26	8	8	12	17	2	27	20	2	14	14	13	16	6	14	27	11	14	25	14	23	3	26	14	2	14	14	4	14	4	2	22	14	23	14	14	26	27	15	14	20	14	4	14	9	9	1	26	14	14	4	2	2	27	20	2	14	14	14	11	6	27	6	11	14	20	8	7	23	26	14	2	14	14	26	14	7	23	7	23	14	27	16	14	14	14	14	27	8	14	9	4	14	14	23	2	11	14	14	4	4	27	2	14	4	5	14	14	5	27	7	18	7	14	1	12	7	17	2	14	14	14	14	1	7	14	14	4	24	14	23	16	23	23	27	11	14	1	14	14	14	10	2	2	23	2	14	14	26	14	14	14	2	20	20	20	14	23	27	20	8	14	4	4	14	1	26	14	3	2	14	14	14	23	24	15	15	16	16	8	23	2	14	14	1	25	14	27	14	7	23	12	12	2	16	1	16	27	14	2	27	9	16	1	16	9	20	8	8	14	14	27	4	3	20	3	14	14	9	4	14	3	14	4	26	1	14	1	26	27	1	1	7	14	3	4	27	27	27	2	23	14	3	2	16	14	27	26	14	14	14	14	2	2	8	27	23	14	14	14	14	14	3	14	14	3	15	2	2	14	26	7	16	1	1	14	1	26	4	7	14	1	14	14	14	14	14	23	13	3	23	23	2	2	14	14	14	27	14	10	4	14	14	23	8	1	1	1	14	14	27	14	3	14	27	22	16	14	16	14	5	26	2	11	27	27	14	14	1	3	3	7	7	27	14	13	13	1	14	1	1	1	3	14	27	14	14	1	3	27	8	1	8	23	10	10	14	4	14	4	3	26	14	4	14	10	2	5	26	26	2	19	2	14	2	1	25	14	1	16	14	4	2	4	2	23	26	13	2	2	4	27	14	14	11	2	13	14	14	1	23	10	1	14	14	14	14	14	17	2	22	23	27	14	8	14	14	26	10	10	27	1	26	25	14	4	26	3	1	1	27	27	23	23	23	14	10	23	7	14	14	3	15	14	3	14	23	10	10	1	20	7	14	1	1	14	2	27	20	14	2	3	16	16	6	27	19	23	16	1	26	14	3	26	14	3	1	14	14	14	3	23	14	14	14	14	11	14	27	15	14	16	27	1	26	9	26	26	11	16	26	27	27	3	9	20	2	2	11	14	5	5	27	18	2	27	27	26	3	3	26	14	4	14	27	23	3	23	14	4	26	14	14	14	14	27	14	14	12	2	1	12	1	1	23	11	2	18	18	2	3	16	20	2	2	14	18	2	26	26	17	27	14	14	14	26	1	26	14	2	26	14	14	26	23	23	14	4	15	27	23	23	10	14	14	27	11	1	5	3	23	10	10	11	11	27	26	7	20	20	14	22	14	27	27	27	16	7	7	27	2	2	3	27	26	14	1	26	14	2	2	3	14	3	20	2	14	4	4	4	14	14	27	11	14	1	27	27	14	10	2	2	12	12	14	14	17	2	22	23	2	2	14	7	26	14	14	27	2	2	2	25	14	5	26	14	14	14	14	14	3	24	2	14	14	4	14	14	14	27	14	14	1	14	14	14	10	23	2	14	2	23	27	17	2	27	23	2	16	4	4	16	14	14	27	27	27	23	25	14	4	26	14	14	14	27	14	3	20	2	14	20	8	4	14	14	27	15	14	23	9	27	4	9	14	1	26	23	23	4	14	2	27	20	2	14	14	11	6	27	14	27	11	14	14	14
DUE_DATE
0	31147	30476	30045	29554	29603	30672	30247	30776	30345	29854	29903	31692	31007	30556	30045	30614	30103	30132	31181	31210	30759	30248	30300	30342	30384	31446	31008	31050	30552	30587	31156	30645	30674	32443	31752	31301	30790	30819	31388	30887	31936	31485	31514	31003	31032	31061	31090	31119	32888	32199	31740	31221	31242	32283	32304	31845	33066	33087	31908	31389	31410	33171	33192	32527	32576	32145	32194	31703	31752	32805	32832	31839	33606	33633	32460	31947	31974	33021	33768	33075	32622	32646	32130	32154	32178	33942	33246	32790	34014	34038	32862	32346	32395	33452	33489	33526	32543	33120	33157	32654	32717	32776	34575	32894	34693	34717	34016	33555	33034	33053	34092	34831	33110	34149	33688	33167	33186	34945	34244	33783	33317	33916	35175	35234	34093	33585	33612	34659	35406	34713	34260	33747	33774	35541	34848	34395	33891	35664	35697	34530	34563	34056	34089	34122	35175	35914	35210	34746	34222	34238	35274	34270	34286	34842	36058	36074	34890	34366	34382	34938	35434	34430	36186	35511	35064	34557	34590	35643	35196	35709	36462	36495	35340	34842	34884	36666	35508	36750	36072	35631	35664	35157	35190	36243	35256	37029	37062	36375	35925	35412	35439	37206	36513	37260	36567	36114	36141	35628	35655	36715	36272	37509	37546	36863	35880	36457	35954	37011	36564	36057	36090	37143	36696	36729	36222	36255	36281	38044	38067	38090	37393	36936	36419	36442	38205	36488	36511	37554	37577	37121	36604	36627	37190	38413	38436	38459	37762	37305	37328	36811	38574	36857	37905	37932	37479	36966	36993	37020	37587	38814	38841	38868	38175	37717	37736	37215	38254	37253	38292	38311	37850	37329	37348	37367	37386	37405	37424	39183	38527	38096	38145	37654	39443	37752	39557	38896	38475	37994	38053	38107	38696	39225	39274	40043	40092	39405	38952	38439	39006	40233	40260	39567	39114	39141	38628	38655	39701	40444	40467	39770	39313	38796	38819	39382	38865	40628	39931	39474	39497	38977	38996	39015	39574	40793	40812	40831	40130	40149	39688	39167	40206	40945	39224	40263	39840	39882	39384	39426	39468	39510	41292	41327	41356	40665	40214	39703	40752	39761	39790	40839	40868	40447	39956	40005	40594	40103	41892	41931	41964	41277	40830	40863	40356	40389	41442	41475	41035	40532	40569	41146	42383	42420	42457	42494	41820	41382	41424	40926	41508	41010	41052	42120	42162	41724	41226	41268	41310	41352	42427	43196	42045	42094	41603	41652	43431	41724	43497	42810	42363	41856	41889	42942	42495	43001	43744	43767	43070	42613	42096	42119	43882	43905	43208	42751	42774	42257	42307	43376	43425	44194	44243	43572	43197	42756	42855	43440	42942	44724	44046	43608	43650	43152	43257	44376	43995	45221	45244	44547	44090	43573	43596	45359	45382	44685	43688	44731	44274	44297	43795	43832	43869	45646	45683	45720	45037	44594	44107	44156	45945	45274	44303	45372	45477	45096	44655	46457	44776	46575	46634	45973	45557	45616	45135	45194	45793	46377	46476	46095	45591	45624	47397	45690	45723	47496	47529	46842	46395	46435	45932	45969	47746	47063	47100	46657	46154	46195	46232	46809	46306	48083	47400	46957	46994	46517	46576	48375	46694	48493	47827	47396	46905	46954	47003	47052	47095	48872	48909	48226	48263	47820	47317	48374	49119	49140	48441	47982	48003	47484	47505	48546	48087	49308	49329	48630	48171	47652	47757	48876	49695	49735	49052	48609	48646	48143	48180	49957	48254	50035	49352	49389	48946	48443	48480	50257	49574	48607	49676	49245	49294	48803	48852	48882	50646	50670	50694	49998	49542	49026	50790	50094	49638	49122	49146	50205	50232	49779	49266	49293	51060	51087	51114	50421	49968	49995	49495	51272	49569	50626	50663	50220	49717	49754	49791	50364	51597	51630	51663	50976	50529	50562	50055	51835	50132	51189	51226	50783	50280	50317	50354	50385	52152	51459	51006	51033	50520	50547	51594	50601	50628	52395	51727	51296	50805	50854	50903	51492	52002	52746	52770	52074	51618	51102	52866	52170	51174	52938	52242	51786	51835	51332	51369	53146	53183	52500	52537	52094	51585	52632	52179	51666	53433	52740	52287	52314	51801	51828	51855	53622	53646	52950	52974	52518	52002	53046	53790	52074	53118	52662	52686	52195	52232	52269	52306	54083	54120	54157	54194	53511	53064	52557	53610	53163	52656	53709	53742	53295	52817	52876	52935	52994	54793	54815	54832	54129	53666	53143	53160	54197	54214	54231	53768	53245	53262	55019	53836	55053	55070	54367	53957	54016	53535	53594	55393	54715	54752	54309	53806	53843	53880	54457	53954	54017	55816	55875	55214	54793	54831	54324	54357	55410	56163	55476	55029	54522	54555	54585	54612	55179	55686	56433	56460	55767	55314	54801	56568	55875	56672	56026	55620	55154	55185	55212	56259	55266	57033	57060	56367	55914	55401	55428	56475	57347	57496	57535	56852	56409	56446	57683	57720	57757	56054	56132	57226	57300	56894	57405	58152	57459	58206	58233	56520	56547	57594	57141	57168	57675	58697	58797	57156	57255	59031	58344	59097	58410	59163	59196	58029	57522	57555	57607	59396	58725	59494	59543	58872	58937	58516	58035	58094	59173
TRANSPORT_MODE
0	2	2	1	1	1	1	0	2	2	1	1	1	1	2	0	2	1	1	1	1	1	0	0	2	2	1	1	1	1	2	0	0	2	1	1	1	1	1	0	0	2	2	1	1	1	1	0	0	2	2	1	1	1	1	1	0	3	3	1	1	1	1	0	0	2	2	1	1	1	1	1	0	3	3	1	1	1	1	0	0	2	2	1	1	1	1	1	0	3	3	1	1	1	1	0	0	0	2	2	1	1	1	1	0	3	3	1	1	1	1	1	0	0	2	2	1	1	1	1	0	0	1	3	3	1	1	1	1	0	2	2	1	1	1	1	0	0	3	3	1	1	1	1	1	0	2	2	1	1	1	1	0	0	1	3	3	1	1	1	0	0	1	2	2	1	1	1	1	0	1	3	3	1	1	1	0	0	1	2	2	1	1	1	1	0	3	3	1	1	1	1	0	0	1	2	2	1	1	1	1	0	3	3	1	1	1	1	0	0	0	1	2	1	1	1	1	0	1	3	3	1	1	1	1	0	0	1	2	2	1	1	1	0	1	3	3	1	1	1	1	0	2	2	1	1	1	1	0	0	1	3	3	1	1	1	1	0	2	2	1	1	1	1	0	0	0	1	3	1	1	1	1	0	1	2	2	1	1	1	1	0	0	1	3	3	1	1	1	0	0	1	2	2	1	1	1	1	3	3	1	1	1	1	0	0	1	2	2	1	1	1	1	0	0	3	3	1	1	1	1	0	0	1	2	1	1	1	1	0	1	3	3	1	1	1	1	0	0	1	2	2	1	1	1	0	0	1	3	3	1	1	1	1	2	2	1	1	1	1	0	0	3	3	1	1	1	1	1	0	0	2	2	1	1	1	1	0	0	1	3	1	1	1	1	0	2	2	1	1	1	1	1	0	0	3	3	1	1	1	1	0	2	2	1	1	1	1	0	1	3	3	1	1	1	1	0	0	2	2	1	1	1	1	1	0	3	3	1	1	1	1	0	0	0	2	1	1	1	1	1	0	3	3	1	1	1	1	1	0	0	2	2	1	1	1	1	0	3	3	1	1	1	1	2	0	2	1	1	1	1	1	0	0	3	3	1	1	1	1	2	0	2	1	1	1	1	1	0	0	3	1	1	1	1	2	0	0	2	1	1	1	1	1	0	0	3	3	1	1	1	1	0	0	2	2	1	1	1	1	1	0	3	3	1	1	1	1	0	0	2	2	1	1	1	1	3	0	3	1	1	1	1	1	0	0	2	1	1	1	1	1	0	3	3	1	1	1	1	0	0	0	1	2	2	1	1	1	0	1	3	3	1	1	1	1	0	2	2	1	1	1	1	0	0	3	3	1	1	1	1	1	0	2	2	1	1	1	1	0	0	3	1	1	1	1	1	0	0	2	2	1	1	1	1	0	0	1	3	3	1	1	1	0	0	1	2	2	1	1	1	1	3	3	1	1	1	1	0	0	2	2	1	1	1	1	1	0	3	3	1	1	1	1	0	0	2	2	1	1	1	1	1	0	0	3	3	1	1	1	1	0	0	1	2	2	1	1	1	0	0	1	3	3	1	1	1	1	0	2	2	1	1	1	1	0	3	3	1	1	1	1	1	0	2	2	1	1	1	1	0	0	0	3	3	1	1	1	1	1	0	2	2	1	1	1	1	0	0	1	3	3	1	1	1	0	0	1	2	2	1	1	1	1	0	3	3	1	1	1	1	0	3	3	1	1	1	1	3	0	3	1	1	1	1	1	0	0	0	3	3	1	1	1	1	1	0	3	3	1	1	1	1	0	0	3	3	1	1	1	1	0	0	3	3	1	1	1	1	1	0
PATIENT_WEIGHT
123	98	142	61	146	119	94	109	57	117	110	102	122	95	54	33	140	34	66	87	45	126	67	86	138	57	60	94	91	103	46	53	126	143	79	71	75	146	75	50	34	107	69	82	71	147	79	46	88	44	84	85	94	66	77	69	109	44	141	85	46	150	42	75	110	121	129	65	132	91	36	125	71	50	105	40	46	41	81	148	112	34	140	67	131	102	87	80	136	101	43	148	143	52	51	94	60	75	67	36	39	133	92	36	110	81	43	134	109	66	34	109	145	117	44	42	143	80	82	30	54	50	147	137	74	78	144	48	48	115	110	41	71	125	51	137	113	59	107	103	69	61	146	63	123	33	129	69	118	127	134	102	107	77	96	123	93	148	148	114	93	147	141	106	39	150	40	89	50	54	98	69	33	50	115	144	136	52	109	81	73	124	71	97	120	149	49	38	64	144	109	81	124	109	74	76	79	69	63	93	99	57	34	137	61	83	54	93	90	87	71	82	98	95	123	127	141	137	105	99	134	78	141	36	146	84	132	120	83	123	92	67	129	119	49	32	147	42	66	135	52	38	118	70	71	31	128	116	92	39	38	41	149	45	85	57	87	114	81	122	61	120	88	39	120	135	71	135	137	129	146	43	144	130	39	35	55	59	101	86	102	129	125	147	70	54	65	91	69	116	41	77	83	80	114	77	96	32	135	39	99	137	43	123	137	61	81	69	84	45	81	127	131	64	62	120	36	93	139	78	103	81	70	49	56	95	49	136	54	136	71	128	43	132	134	137	33	119	116	122	83	80	59	84	125	83	98	33	150	73	44	98	67	62	32	87	145	35	83	103	47	95	70	56	121	140	84	46	108	85	58	117	62	129	54	150	101	99	119	109	93	65	49	41	119	141	113	110	116	111	105	116	137	110	62	74	71	56	51	124	98	103	139	124	45	131	71	51	60	50	88	66	48	125	54	95	78	101	71	64	88	71	33	113	66	47	108	146	119	70	46	111	124	108	36	59	136	47	139	148	56	110	68	106	99	80	100	110	134	105	66	65	81	55	38	39	118	149	103	116	148	69	50	42	43	130	36	48	105	131	56	45	109	38	97	93	112	35	125	128	71	46	133	110	84	95	110	56	47	129	116	39	103	115	115	31	54	47	41	67	97	40	142	38	38	100	98	123	89	41	37	142	75	77	107	81	45	125	110	126	32	142	84	70	88	89	45	117	51	37	48	45	141	34	128	71	124	70	97	33	40	55	75	147	97	146	144	36	86	103	106	87	95	64	130	94	38	76	102	129	42	50	92	96	44	101	58	64	99	136	141	149	75	65	81	134	35	82	143	142	66	55	117	145	39	118	133	50	98	114	133	85	86	128	51	136	35	114	148	33	145	99	36	77	127	66	31	69	74	59	132	110	126	89	63	70	133	88	102	56	56	35	67	102	78	144	74	56	139	38	142	138	43	101	136	59	93	111	30	61	68	137	99	104	125	69	107	94	59	116	41	33	131	103	76	34	125	31	148	75	116	94	130	107	136	49	31	79	145	62	62	45	123	120	104	109	137	98	46	34	44	98	76	68	99	93	104	72	58	50	116	92	81	46	98	89	66	150	62	113	34	35	150	93	112	102	117	38	77	103	33	79	43	53	121	50	74	131	89	41	86	101	80	40	133	116	86	101	119	56	41	61	58	92	87	123	46	130	148	115	113	49	114	115	58	73	87	114	64	69	111	39	43	48	98	93	103	104	101	36	98	47	110	131	90	88	63	93	62	51	93	118	61	150	37	90	112	34	129	110	30	76	127	142	87	31	105	44	134	123	79	72	34	32	142	136	60	139	92	145	72
DISTANCE_MATRIX
0	360	318	300	288	276	264	264	150	150	150	60	90	90	162	168	204	228	234	312	360	408	348	318	168	192	168	318
360	60	264	318	324	342	342	342	348	348	354	360	372	378	378	420	420	480	462	498	462	462	384	420	372	420	378	378
318	264	60	270	276	288	288	288	294	294	294	318	318	324	324	414	414	468	462	486	462	462	330	366	366	408	372	324
300	318	270	60	276	288	288	288	288	288	288	300	300	312	318	408	408	468	462	486	438	438	318	360	360	402	360	312
288	324	276	276	60	276	276	276	276	276	276	288	288	300	300	402	396	462	456	480	432	432	300	360	360	402	348	300
276	342	288	288	276	60	180	180	252	258	264	264	264	288	288	390	390	456	450	480	432	432	288	348	348	348	288	288
264	342	288	288	276	180	60	180	246	258	264	264	264	288	288	390	390	456	450	480	432	432	288	348	348	348	288	288
264	342	288	288	276	180	180	60	240	258	264	264	264	288	288	390	390	456	450	480	432	432	288	348	348	348	288	288
150	348	294	288	276	252	246	240	60	120	120	150	126	270	270	378	384	420	438	480	420	408	276	300	300	300	276	270
150	348	294	288	276	258	258	258	120	60	120	150	150	270	270	378	384	420	438	480	420	408	276	300	300	300	276	270
150	354	294	288	276	264	264	264	120	120	60	150	150	270	270	378	384	420	438	480	420	408	276	300	300	300	276	270
60	360	318	300	288	264	264	264	150	150	150	60	90	162	168	228	234	312	360	408	348	318	168	192	192	198	168	162
90	372	318	300	288	264	264	264	150	150	150	90	60	162	168	228	234	312	360	408	348	318	168	192	192	198	168	162
90	378	324	312	300	288	288	288	270	270	270	162	162	60	120	180	180	306	210	360	300	300	120	180	120	180	120	234
162	378	324	318	300	288	288	288	270	270	270	168	168	120	60	180	180	306	210	360	300	300	120	180	120	180	120	120
168	420	414	408	402	348	348	348	300	300	300	228	228	180	180	60	132	204	132	348	258	258	186	60	180	132	222	180
204	420	414	408	396	390	390	390	384	384	384	234	234	180	180	132	60	204	132	348	258	258	186	60	180	132	222	180
228	480	468	468	462	456	456	456	420	420	420	312	312	306	306	204	204	60	198	120	240	240	306	204	306	138	306	306
234	462	462	462	456	450	450	450	438	438	438	360	360	210	210	132	132	198	60	138	132	132	210	132	210	132	210	210
312	498	486	486	480	480	480	480	480	480	480	408	408	360	360	348	348	120	138	60	348	348	360	348	360	348	360	360
360	462	462	438	432	432	432	432	420	420	420	348	348	300	300	258	258	240	132	348	60	60	300	258	300	258	300	300
408	462	462	438	432	432	432	432	408	408	408	318	318	300	300	258	258	240	132	348	60	60	300	258	300	258	300	300
348	384	330	318	300	288	288	288	276	276	276	168	168	120	120	186	186	306	210	360	300	300	60	186	120	186	120	120
318	420	366	360	360	348	348	348	300	300	300	192	192	180	180	60	60	204	132	348	258	258	186	60	180	60	180	180
168	372	300	306	300	288	288	288	270	270	270	168	168	120	120	180	180	306	210	360	300	300	120	180	60	180	120	120
192	420	408	402	402	348	348	348	300	300	300	198	198	180	180	132	132	138	132	348	258	258	186	60	180	60	180	180
168	378	372	360	348	288	288	288	276	276	276	168	168	120	120	222	222	306	210	360	300	300	120	180	120	180	60	120
318	378	324	312	300	288	288	288	270	270	270	162	162	234	120	180	180	306	210	360	300	300	120	180	120	180	120	60
DEPOTS_DISTANCE
234	462	462	462	456	450	450	450	438	438	438	360	360	210	210	132	132	198	60	138	132	132	210	132	210	132	210	210	
348	384	330	318	300	288	288	288	276	276	276	168	168	120	120	186	186	306	210	360	300	300	60	186	120	186	120	120	
318	420	366	360	360	348	348	348	300	300	300	192	192	180	180	60	60	204	132	348	258	258	186	60	180	60	180	180	
LOCATION_TURN_MATRIX
100	130	122	113	112	199	136	122	129	152	173	146	151	136	158	140	176	113	122	167	194	134	110	172	114	184	100	147	
170	100	154	188	164	169	136	136	152	170	104	183	155	115	101	104	155	187	174	115	149	134	178	168	114	135	168	102	
178	146	100	161	178	114	104	165	117	139	126	169	192	109	120	179	160	152	154	134	113	140	154	179	196	196	192	181	
187	112	139	100	158	114	195	181	104	132	195	106	183	169	132	170	140	136	172	148	116	110	123	136	151	120	176	169	
188	136	122	142	100	175	164	159	112	100	167	164	135	191	132	181	104	123	142	156	108	117	193	182	116	147	156	185	
101	131	186	186	125	100	190	147	164	150	137	102	145	176	185	131	113	108	117	186	118	151	140	178	154	189	172	110	
164	164	196	105	136	110	100	186	153	151	183	193	111	157	144	123	188	142	110	163	105	190	166	187	170	171	186	126	
178	164	135	119	141	153	114	100	106	130	108	103	151	178	122	151	130	133	184	177	110	141	166	110	122	174	191	197	
171	148	183	196	188	136	147	194	100	167	100	146	168	129	128	142	172	118	174	147	105	158	156	160	120	106	119	136	
148	130	161	168	200	150	149	170	133	100	177	106	175	116	188	180	176	194	108	146	130	187	183	173	128	141	169	176	
127	196	174	105	133	163	117	192	200	123	100	171	175	140	183	115	104	186	128	153	151	175	100	146	191	117	132	197	
154	117	131	194	136	198	107	197	154	194	129	100	136	184	140	147	172	184	148	131	103	156	185	200	152	158	154	143	
149	145	108	117	165	155	189	149	132	125	125	164	100	140	199	142	101	144	163	185	117	191	200	143	113	165	102	154	
164	185	191	131	109	124	143	122	171	184	160	116	160	100	109	116	196	113	131	186	166	139	183	175	144	161	105	170	
142	199	180	168	168	115	156	178	172	112	117	160	101	191	100	147	177	177	199	158	172	188	164	175	180	168	154	195	
160	196	121	130	119	169	177	149	158	120	185	153	158	184	153	100	152	159	197	157	181	159	102	123	168	200	124	186	
124	145	140	160	196	187	112	170	128	124	196	128	199	104	123	148	100	149	114	112	117	135	105	132	138	180	198	156	
187	113	148	164	177	192	158	167	182	106	114	116	156	187	123	141	151	100	166	132	168	163	159	123	129	173	161	116	
178	126	146	128	158	183	190	116	126	192	172	152	137	169	101	103	186	134	100	184	199	137	130	160	148	113	140	150	
133	185	166	152	144	114	137	123	153	154	147	169	115	114	142	143	188	168	116	100	111	195	128	157	191	164	141	171	
106	151	187	184	192	182	195	190	195	170	149	197	183	134	128	119	183	132	101	189	100	129	151	163	147	166	104	177	
166	166	160	190	183	149	110	159	142	113	125	144	109	161	112	141	165	137	163	105	171	100	101	185	169	129	103	197	
190	122	146	177	107	160	134	134	144	117	200	115	100	117	136	198	195	141	170	172	149	199	100	106	150	116	118	145	
128	132	121	164	118	122	113	190	140	127	154	100	157	125	125	177	168	177	140	143	137	115	194	100	128	167	115	155	
186	186	104	149	184	146	130	178	180	172	109	148	187	156	120	132	162	171	152	109	153	131	150	172	100	155	124	184	
116	165	104	180	153	111	129	126	194	159	183	142	135	139	132	100	120	127	187	136	134	171	184	133	145	100	129	192	
200	132	108	124	144	128	114	109	181	131	168	146	198	195	146	176	102	139	160	159	196	197	182	185	176	171	100	146	
153	198	119	131	115	190	174	103	164	124	103	157	146	130	105	114	144	184	150	129	123	103	155	145	116	108	154	100	
DEPOTS_TO_LOCAL_TURN_MATRIX
178	126	146	128	158	183	190	116	126	192	172	152	137	169	101	103	186	134	100	184	199	137	130	160	148	113	140	150	
190	122	146	177	107	160	134	134	144	117	200	115	100	117	136	198	195	141	170	172	149	199	100	106	150	116	118	145	
128	132	121	164	118	122	113	190	140	127	154	100	157	125	125	177	168	177	140	143	137	115	194	100	128	167	115	155	
LOCAL_TO_DEPOT_TURN_MATRIX
122	174	154	172	142	117	110	184	174	108	128	148	163	131	199	197	114	166	100	116	101	163	170	140	152	187	160	150	
110	178	154	123	193	140	166	166	156	183	100	185	200	183	164	102	105	159	130	128	151	101	100	194	150	184	182	155	
172	168	179	136	182	178	187	110	160	173	146	200	143	175	175	123	132	123	160	157	163	185	106	100	172	133	185	145	

