INDEX_PROBLEM
1
PATIENTS
800
STRETCHERS
16
NUM_ROOM
28
NUM_DEPOT
3
NUM_PRIORITY
4
PRIORITY_LIST
0	1	2	3	4
PRIORITY_WEIGHT
0	1	10	18	30
PRIORITY_JOB
0	2	2	3	3	4	1	2	3	2	3	4	1	2	3	4	3	4	4	2	2	3	4	3	4	4	1	2	3	3	4	3	4	2	2	3	4	4	1	4	3	2	3	3	4	4	4	2	3	2	3	3	4	1	2	4	3	1	1	2	3	4	1	2	1	1	3	3	4	4	1	2	4	1	1	2	3	4	4	1	2	4	2	3	3	4	2	2	3	1	1	3	4	4	1	2	3	2	3	3	4	4	4	2	4	1	1	2	3	3	4	2	1	3	1	2	2	3	4	1	2	4	1	1	3	3	4	4	2	1	1	2	2	3	4	1	2	4	1	1	3	3	4	4	2	2	2	2	3	4	4	1	3	3	1	1	2	3	3	4	4	2	2	2	3	3	4	4	4	3	1	1	1	2	2	3	4	1	1	2	3	3	4	4	4	4	1	1	1	2	2	3	4	1	1	2	3	3	4	4	2	3	1	2	2	3	4	4	1	3	1	2	3	3	4	4	2	4	1	1	2	3	3	4	2	2	1	2	2	3	4	4	1	3	4	1	1	2	3	3	4	1	1	2	2	3	4	4	1	3	1	1	1	2	3	3	4	2	4	2	2	3	4	4	4	1	1	1	1	2	3	3	4	2	4	2	2	3	3	4	3	4	1	1	1	2	2	3	4	2	2	1	2	3	3	4	4	3	1	1	1	2	2	3	4	1	4	1	2	3	3	4	4	3	1	2	2	3	4	4	1	3	1	2	3	3	4	4	2	4	1	1	2	3	3	4	1	2	1	2	2	3	4	4	1	3	4	1	1	2	3	3	4	2	1	2	2	3	4	4	1	3	2	1	1	2	3	3	4	1	2	2	3	4	4	1	4	1	1	1	2	3	3	4	4	2	2	2	3	3	4	2	3	3	1	1	1	2	4	3	4	1	1	2	3	3	2	4	1	4	1	1	2	2	3	4	4	2	1	2	3	3	4	1	4	4	4	2	2	3	4	1	1	3	2	3	3	4	4	2	4	3	1	1	2	3	3	4	1	1	4	1	2	2	3	4	2	4	1	1	2	3	3	4	2	2	1	2	2	3	4	4	1	4	1	1	2	3	3	4	2	1	4	2	2	3	4	1	3	1	1	2	3	3	4	1	1	4	2	2	3	3	4	4	3	4	1	1	1	2	2	3	2	2	4	2	2	3	3	4	4	1	1	1	2	2	3	4	1	4	4	1	2	3	3	4	3	1	2	2	3	4	4	1	4	1	2	3	3	4	4	3	4	1	1	2	2	3	3	2	1	4	1	2	2	3	4	4	3	1	1	2	2	3	3	2	4	1	2	2	3	4	4	4	2	1	1	1	2	3	3	1	4	2	2	3	4	4	1	3	1	1	1	2	3	3	4	1	2	4	2	2	3	3	4	3	4	1	1	1	2	3	3	4	2	2	2	3	3	4	4	4	3	1	1	1	2	2	3	4	1	1	2	3	3	4	4	3	4	1	1	2	2	3	4	4	1	1	2	3	3	4	4	3	4	1	1	2	2	3	3	2	1	4	1	2	3	3	4	2	3	1	1	2	3	3	4	2	2	1	2	2	3	4	4	1	4	1	1	2	3	3	4	1	1	2	2	3	4	4	1	2	3	1	1	3	3	4	4	1	2	2	2	3	3	4	1	4	3	2	1	1	3	3	4	2	2	2	3	3	4	4	1	4	3	1	1	2	2	3	4	1	1	1	1	2	3	3	4	1	1	1	1	4	2	2	3	4	2	1	1	1	2	3	3	2	1	1	1	4	4	2	2	1	1	1	1	3	4	4	1	2	2	1	1	3	3	4	4	2	2
TIME_ASKED
0	28849	28898	28947	28996	29045	29094	29149	29198	29247	29296	29345	29394	29429	29458	29487	29516	29545	29574	29603	29632	29661	29690	29742	29784	29826	29868	29910	29952	29994	30029	30058	30087	30116	30145	30174	30203	30232	30261	30290	30329	30358	30387	30416	30445	30474	30503	30532	30561	30590	30621	30642	30663	30684	30705	30726	30747	30768	30789	30810	30831	30852	30873	30894	30949	30998	31047	31096	31145	31194	31227	31254	31281	31308	31335	31362	31389	31416	31443	31470	31497	31524	31548	31572	31596	31620	31644	31668	31692	31716	31740	31764	31788	31837	31874	31911	31948	31985	32022	32059	32096	32159	32218	32277	32336	32395	32419	32438	32457	32476	32495	32514	32533	32552	32571	32590	32609	32628	32647	32666	32685	32759	32818	32877	32936	32995	33027	33054	33081	33108	33135	33162	33189	33216	33243	33270	33297	33333	33366	33399	33432	33465	33498	33531	33564	33597	33616	33632	33648	33664	33680	33696	33712	33728	33744	33760	33776	33792	33808	33824	33840	33856	33872	33888	33933	33966	33999	34032	34065	34098	34131	34164	34197	34242	34284	34326	34368	34410	34452	34494	34533	34566	34599	34632	34665	34698	34731	34764	34797	34827	34854	34881	34908	34935	34962	34989	35016	35043	35070	35097	35137	35174	35211	35248	35285	35322	35359	35396	35433	35466	35499	35532	35565	35598	35631	35664	35697	35723	35746	35769	35792	35815	35838	35861	35884	35907	35930	35953	35976	35999	36023	36046	36069	36092	36115	36138	36161	36184	36207	36230	36253	36276	36299	36327	36354	36381	36408	36435	36462	36489	36516	36543	36570	36597	36619	36638	36657	36676	36695	36714	36733	36752	36771	36790	36809	36828	36847	36866	36885	36949	36998	37047	37096	37145	37194	37259	37318	37377	37436	37495	37549	37598	37647	37696	37745	37794	37827	37854	37881	37908	37935	37962	37989	38016	38043	38070	38097	38123	38146	38169	38192	38215	38238	38261	38284	38307	38330	38353	38376	38399	38419	38438	38457	38476	38495	38514	38533	38552	38571	38590	38609	38628	38647	38666	38685	38742	38784	38826	38868	38910	38952	38994	39029	39058	39087	39116	39145	39174	39203	39232	39261	39290	39349	39398	39447	39496	39545	39594	39633	39666	39699	39732	39765	39798	39831	39864	39897	39937	39974	40011	40048	40085	40122	40159	40196	40242	40284	40326	40368	40410	40452	40494	40542	40584	40626	40668	40710	40752	40794	40849	40898	40947	40996	41045	41094	41133	41166	41199	41232	41265	41298	41331	41364	41397	41423	41446	41469	41492	41515	41538	41561	41584	41607	41630	41653	41676	41699	41749	41798	41847	41896	41945	41994	42099	42198	42297	42342	42384	42426	42468	42510	42552	42594	42699	42798	42897	42923	42946	42969	42992	43015	43038	43061	43084	43107	43130	43153	43176	43199	43237	43274	43311	43348	43385	43422	43459	43496	43549	43598	43647	43696	43745	43794	43899	43998	44097	44159	44218	44277	44336	44395	44459	44518	44577	44636	44695	44799	44898	44997	45033	45066	45099	45132	45165	45198	45231	45264	45297	45337	45374	45411	45448	45485	45522	45559	45596	45637	45674	45711	45748	45785	45822	45859	45896	45959	46018	46077	46136	46195	46249	46298	46347	46396	46445	46494	46537	46574	46611	46648	46685	46722	46759	46796	46821	46842	46863	46884	46905	46926	46947	46968	46989	47010	47031	47052	47073	47094	47199	47298	47397	47437	47474	47511	47548	47585	47622	47659	47696	47737	47774	47811	47848	47885	47922	47959	47996	48049	48098	48147	48196	48245	48294	48324	48348	48372	48396	48420	48444	48468	48492	48516	48540	48564	48588	48627	48654	48681	48708	48735	48762	48789	48816	48843	48870	48897	48937	48974	49011	49048	49085	49122	49159	49196	49233	49266	49299	49332	49365	49398	49431	49464	49497	49537	49574	49611	49648	49685	49722	49759	49796	49827	49854	49881	49908	49935	49962	49989	50016	50043	50070	50097	50149	50198	50247	50296	50345	50394	50424	50448	50472	50496	50520	50544	50568	50592	50616	50640	50664	50688	50737	50774	50811	50848	50885	50922	50959	50996	51027	51054	51081	51108	51135	51162	51189	51216	51243	51270	51297	51324	51348	51372	51396	51420	51444	51468	51492	51516	51540	51564	51588	51637	51674	51711	51748	51785	51822	51859	51896	51933	51966	51999	52032	52065	52098	52131	52164	52197	52259	52318	52377	52436	52495	52517	52534	52551	52568	52585	52602	52619	52636	52653	52670	52687	52704	52721	52738	52755	52772	52789	52859	52918	52977	53036	53095	53137	53174	53211	53248	53285	53322	53359	53396	53459	53518	53577	53636	53695	53733	53766	53799	53832	53865	53898	53931	53964	53997	54027	54054	54081	54108	54135	54162	54189	54216	54243	54270	54297	54374	54448	54522	54596	54627	54654	54681	54708	54735	54762	54789	54816	54843	54870	54897	55049	55198	55237	55274	55311	55348	55385	55422	55459	55496	55574	55648	55722	55796	55827	55854	55881	55908	55935	55962	55989	56016	56043	56070	56097	56399	56499	56598	56697	56733	56766	56799	56832	56865	56898	56931	56964	56997	57049	57098	57147	57196	57245	57294	57359	57418	57477	57536	57595
ORIGIN
26	16	6	27	19	7	11	25	25	14	14	10	2	23	14	26	4	14	3	23	4	4	14	14	14	14	14	7	27	20	14	2	9	9	1	23	11	14	14	4	2	14	2	3	24	14	14	11	11	6	27	18	7	27	20	8	2	14	17	2	23	12	2	14	14	27	23	14	4	24	16	16	1	16	14	27	19	8	27	9	9	1	23	11	2	23	14	14	4	14	14	14	14	4	5	14	27	27	18	7	27	20	8	1	27	12	17	17	12	2	14	14	27	7	14	4	24	15	4	23	16	25	3	26	3	26	23	14	23	14	10	2	23	14	2	14	14	14	27	15	27	15	20	27	14	2	23	27	20	14	1	4	4	2	2	27	27	20	4	14	14	2	6	24	15	4	26	16	8	2	26	14	2	2	8	26	14	14	14	23	12	2	23	1	1	16	14	14	14	27	14	16	9	9	1	20	8	27	11	14	27	4	27	2	14	14	14	9	14	27	3	14	4	26	14	1	1	1	17	2	17	2	14	14	14	27	1	12	2	23	14	3	2	14	16	4	27	14	11	14	16	14	10	8	27	23	14	16	14	14	14	14	14	14	2	15	8	14	2	7	26	16	1	26	13	2	26	14	26	14	14	14	14	14	14	14	23	13	3	23	10	26	11	14	14	1	14	14	27	8	14	2	23	8	1	22	22	14	14	14	14	27	9	27	14	9	1	27	16	5	26	26	14	23	27	20	20	3	14	3	7	27	18	14	13	2	23	5	3	7	1	1	1	1	14	3	14	14	14	3	8	1	23	10	14	14	26	14	26	14	14	14	19	16	8	8	5	26	26	7	19	14	14	2	14	14	3	14	8	1	1	4	2	23	23	3	20	2	27	4	14	7	14	14	1	13	14	2	1	23	10	1	14	16	8	14	14	14	27	14	14	4	3	14	14	16	3	10	14	5	14	14	14	3	20	20	20	1	3	16	23	14	3	23	14	18	14	14	14	14	1	3	7	3	18	14	23	10	1	20	14	14	23	1	14	27	14	14	3	14	14	12	16	6	27	19	7	23	10	20	14	4	14	14	14	26	1	3	14	3	23	14	7	27	7	26	1	25	14	26	16	27	14	27	9	26	26	11	2	27	23	27	4	14	14	2	2	2	10	8	5	27	18	7	2	27	26	11	14	14	17	2	27	23	27	27	3	23	14	4	26	14	26	26	25	14	26	26	2	2	14	12	1	23	11	2	23	26	14	26	14	14	14	14	14	14	1	2	26	17	7	27	14	14	14	14	14	2	27	20	24	2	14	26	23	14	4	14	15	23	23	14	14	3	26	3	20	20	17	1	23	10	2	11	27	4	11	4	14	27	15	7	7	27	14	26	16	7	27	27	2	3	14	27	9	20	2	2	2	2	16	23	14	3	24	14	4	4	4	3	26	14	14	2	14	27	14	23	10	2	23	12	14	14	14	14	27	14	27	2	12	14	14	14	7	27	19	2	23	23	23	3	16	20	2	2	2	2	2	14	3	24	14	4	14	14	1	26	14	7	27	26	14	14	26	10	1	23	12	2	23	20	27	14	27	14	24	11	15	27	16	6	27	19	7	27	27	20	25	20	20	2	23	14	7	14	14	3	23	14	20	8	4	27	27	14	1	27	20	14	8	2	9	1	23	11	10	23	14	12	3	14	27	24	15	1	1	14	6	27	18	7	27	14	14	2	14	10	2	23	2	2	2	14	3	23	14	4	2	3	25	26	25	7	27	20	14	14	14	9	1	23	11	2	14	14	14	14	14	3	24	14	1	1	4	5	27	18	7	27	20	8	12	15	17	1	23	12	2	16	1
DESTINATION
3	14	17	2	22	23	12	14	14	3	3	14	14	27	16	3	14	25	14	4	14	14	9	9	25	1	1	20	2	14	4	14	14	14	14	27	15	5	5	14	27	5	27	14	2	26	8	12	12	17	2	27	20	2	14	14	27	16	6	14	27	11	14	25	25	2	3	26	14	2	14	14	23	14	4	2	22	14	23	14	14	14	27	15	14	27	20	4	14	9	1	1	26	14	14	4	2	2	27	20	2	14	14	14	2	11	6	6	11	14	20	8	2	23	26	14	2	14	14	26	14	14	23	14	23	14	27	16	1	1	14	14	27	8	14	16	9	9	23	11	23	11	14	23	4	27	27	2	14	4	14	14	14	27	27	18	18	7	14	1	1	27	17	2	14	14	3	14	14	27	14	4	24	24	14	23	16	25	4	27	11	14	1	14	14	14	10	2	10	23	2	14	14	14	14	14	14	2	15	8	2	14	23	27	20	8	1	14	4	2	26	26	14	3	4	14	14	14	6	24	6	24	16	8	8	2	14	11	14	1	25	14	27	8	14	14	23	2	12	1	14	1	14	14	2	27	9	14	1	9	16	1	20	8	27	11	14	4	27	20	3	14	14	3	7	27	14	4	14	4	16	1	1	1	1	1	1	7	14	3	14	14	12	2	2	23	2	3	2	14	16	14	26	14	14	19	19	16	10	8	8	23	14	2	16	14	14	2	14	14	3	14	8	1	2	7	7	26	1	26	13	2	27	4	7	14	1	14	14	13	14	14	14	23	3	23	10	26	8	14	14	14	27	14	10	4	3	2	23	8	8	1	22	14	14	14	14	3	14	20	22	1	1	27	16	5	26	26	14	23	23	14	14	1	3	14	7	27	18	14	2	13	2	5	23	7	1	14	14	27	14	14	3	14	14	3	8	1	23	10	10	14	26	20	4	14	26	14	8	14	8	5	5	26	7	7	7	14	26	14	1	25	14	1	16	27	16	4	2	2	23	23	20	26	27	4	27	14	14	11	2	2	1	14	1	23	10	1	14	16	26	11	14	17	2	22	23	27	14	14	16	14	16	10	5	3	14	26	25	14	4	26	20	2	20	3	23	14	3	14	14	18	26	23	14	14	3	15	14	18	3	23	14	10	1	14	14	14	14	14	14	2	27	20	24	2	14	12	16	16	6	27	23	7	23	23	14	3	26	14	3	1	3	3	14	3	14	14	27	27	4	11	14	27	15	14	7	14	16	14	26	9	26	2	2	3	14	27	3	9	20	2	2	2	10	8	5	27	18	7	2	27	4	3	3	26	14	4	14	27	27	3	3	23	14	26	14	14	6	14	27	14	14	12	2	14	12	14	1	23	11	23	23	23	1	3	16	20	2	2	14	14	1	2	17	7	27	27	14	24	14	1	26	14	2	26	14	14	14	26	14	4	4	24	15	23	20	27	14	14	27	11	15	20	20	1	23	10	23	27	11	20	25	20	20	2	22	14	7	7	27	26	16	7	27	27	27	27	27	26	14	1	26	14	8	16	23	14	3	20	2	14	4	4	3	14	14	27	11	14	1	14	23	2	23	2	2	12	14	2	14	17	2	22	23	2	2	14	14	7	14	14	27	2	23	26	25	14	5	26	14	14	14	2	2	3	24	2	14	4	14	14	14	14	27	20	14	1	4	11	26	10	23	2	14	23	23	15	17	2	27	23	2	16	1	27	16	14	14	27	27	27	27	25	14	4	26	14	14	26	14	14	14	20	2	14	8	4	4	14	14	27	15	14	2	2	9	2	9	14	1	26	23	23	14	14	2	27	20	2	14	14	11	14	6	14	27	11	14	14	14
DUE_DATE
0	30427	30476	30045	30094	29603	31392	30727	30296	30825	30394	29903	31692	31007	30556	30045	30614	30103	30132	31181	31210	30759	30248	30840	30342	30384	32166	31488	31050	31092	30587	31156	30645	31694	31723	31272	30761	30790	32559	30848	31427	31936	31485	31514	31003	31032	31061	32110	31659	32168	31719	31740	31221	32982	32283	31284	31845	33066	33087	32388	31929	31410	33171	32472	33247	33296	32145	32194	31703	31752	33525	32832	31839	33606	33633	32940	32487	31974	32001	33768	33075	32082	33126	32670	32694	32178	33222	33246	32790	34014	34038	32862	32346	32395	34172	33489	33046	33563	33120	33157	32654	32717	32776	33855	32894	34693	34717	34016	33555	33574	33053	34092	34831	33650	34869	34168	34187	33726	33205	34964	34263	33317	35116	35175	34034	34093	33585	33612	34659	35406	35433	34740	34767	34314	33801	35568	34875	33891	35664	35697	34530	34563	34056	34089	35142	35175	35194	35210	34746	34222	34238	35994	34810	34826	36042	36058	35354	34890	34906	34382	34398	35434	35450	35466	35031	35064	34557	34590	34623	35196	36429	36462	36495	35820	35862	35424	34926	36708	36750	36072	35631	35664	35157	35190	35223	35256	37029	37062	37095	36405	36432	35979	35466	37233	37260	36567	36114	36141	35628	35655	36715	36272	37509	36826	36863	36420	35917	35954	37731	36564	37797	37110	36663	36696	36189	36222	37275	36281	38044	38067	37370	36913	36936	36419	37462	37485	38228	37531	37554	37097	36581	36604	38367	37190	36673	38436	38459	37762	37305	37328	36811	38574	38597	37905	37932	37479	36966	36993	38760	37587	38814	38841	38868	38175	37717	37736	37215	38254	37253	38292	38311	37850	37329	37348	37367	39126	39145	39164	39183	38527	38096	38145	37654	38723	37752	38837	38896	38475	38534	38053	38647	38156	39945	39994	40043	39372	39405	38952	38439	39486	39513	40260	39567	39114	39141	38628	38655	39221	40444	40467	40490	39793	39816	39359	38842	40605	38888	40651	39954	39497	39517	38996	39015	39574	40793	40092	40111	39650	39129	39148	40907	39726	40945	40244	39783	39840	39342	39384	40446	39468	41250	41292	40607	40156	40185	39674	41443	40752	41501	40810	40839	40388	39907	39956	41745	40594	40103	41892	41931	41244	40797	40830	40323	41376	42129	41442	41475	41035	40532	40569	42346	41183	41700	42457	42494	41820	41382	41424	40926	42708	42030	42072	41640	41142	41184	42966	41268	43050	43092	43147	42476	42045	42094	41603	41652	42711	42744	42777	42330	42363	41856	42909	42462	42495	43721	43744	43767	43070	42073	42636	42119	43882	43905	43208	42751	42774	43277	42307	44096	42405	44194	44243	43572	43677	43296	42855	42900	43962	44724	44046	43608	43650	43152	44997	43356	43455	43481	44524	44547	44090	43573	45336	45359	44182	44685	44228	44251	43734	43757	44815	43832	44409	45646	45683	45000	44557	44594	44107	45896	45945	44254	46043	45372	45477	45096	44655	45737	44776	46575	46634	45973	45557	45616	45135	46214	46273	47097	46476	46575	46131	45624	45657	47430	45723	47496	47529	46842	46395	46435	45932	46989	47746	46043	47100	47137	46694	46195	47972	46809	48046	48083	47400	46957	46994	46517	48316	48375	46694	47773	47827	47396	47445	46954	47003	47592	47095	48872	48909	48946	48263	48300	47857	48374	48399	47400	48441	48462	48003	48024	47505	47526	49287	49308	49329	48630	48651	48192	47757	49596	47955	47995	49772	49089	48646	48683	48180	48757	49994	49315	49352	48909	48406	48443	50220	48517	50294	49627	49196	49245	48754	48803	49392	48882	50646	50670	49974	49998	49542	49566	50070	50814	49098	50862	50166	50205	49752	49239	49266	49833	51060	51087	50394	50421	49968	49995	50515	49532	51309	50626	50663	50220	49717	49754	49791	50844	51597	51630	51663	50976	50529	50562	51795	50095	51152	51189	50746	50243	50280	52057	50894	52125	52152	52179	51486	51033	51060	50547	52314	51621	50628	51675	51727	51296	51345	50854	51443	50952	52722	52746	52770	52074	51618	51642	51126	52170	52194	52218	51762	51786	51295	51332	51369	51946	53183	53220	53257	52574	52605	52152	51639	53406	53433	52740	52287	52314	51801	51828	52395	51882	53646	53670	52974	52998	52542	52026	52050	53814	53838	53142	52686	52735	52232	52269	52846	52343	54120	54157	53474	53511	53064	53097	53610	54363	52656	54429	53742	53295	53357	52876	53955	53534	54793	54815	54112	53649	53666	53143	54180	54197	54934	54231	54248	53785	53262	53279	55036	53313	55070	55087	54437	54016	54075	53594	55393	55435	54752	54789	54346	53843	53880	55657	54974	54557	55816	55875	54734	54793	54291	54324	56097	55410	55443	55476	55029	55062	54555	56325	54612	55179	55686	56433	56460	55287	55314	54801	55848	55875	55952	55546	55620	55154	55185	56952	55239	55806	57033	57060	56367	56394	55941	55428	57195	57347	57496	57535	56852	56409	56446	55943	57720	57757	57794	57872	56206	57300	57374	56925	56412	57459	58206	58233	58260	57567	57114	57141	57648	58395	58697	58797	57156	57255	58311	58344	59097	59130	59163	59196	58029	57522	57555	59347	58676	58725	59494	59543	58392	58457	57976	58035	59114	59173
TRANSPORT_MODE
0	2	2	1	1	1	1	2	0	2	1	1	1	1	2	0	2	1	1	1	1	1	2	0	0	2	1	1	1	1	1	0	0	2	2	1	1	1	1	0	0	2	2	1	1	1	1	2	0	2	1	1	1	1	1	0	0	3	3	1	1	1	1	1	0	0	2	2	1	1	1	1	0	3	3	1	1	1	1	1	0	0	2	2	1	1	1	1	0	3	3	1	1	1	1	0	0	2	2	1	1	1	1	1	0	3	3	1	1	1	1	0	0	0	2	2	1	1	1	1	1	0	3	3	1	1	1	1	0	0	2	2	1	1	1	1	1	0	3	3	1	1	1	1	0	0	2	1	1	1	1	1	0	0	3	3	1	1	1	1	1	0	2	2	1	1	1	1	0	0	3	3	1	1	1	1	1	0	2	2	1	1	1	1	0	0	3	3	1	1	1	1	1	0	2	2	1	1	1	1	0	0	3	1	1	1	1	1	0	0	1	2	2	1	1	1	1	0	3	3	1	1	1	1	0	0	1	2	2	1	1	1	1	0	0	3	3	1	1	1	1	0	2	2	1	1	1	1	1	0	0	3	3	1	1	1	1	0	2	1	1	1	1	1	0	0	3	3	1	1	1	1	1	0	2	2	1	1	1	1	0	0	3	3	1	1	1	1	1	0	0	2	2	1	1	1	1	0	3	3	1	1	1	1	1	0	0	2	2	1	1	1	1	0	3	1	1	1	1	1	0	0	2	2	1	1	1	1	1	0	3	3	1	1	1	1	0	0	2	2	1	1	1	1	1	0	0	3	3	1	1	1	1	0	2	2	1	1	1	1	1	0	0	3	3	1	1	1	1	0	2	1	1	1	1	1	0	0	3	3	1	1	1	1	2	0	2	1	1	1	1	1	0	0	3	3	1	1	1	1	2	0	1	2	1	1	0	1	3	0	3	1	1	1	1	1	2	0	2	1	1	1	1	3	0	0	1	1	1	1	1	2	0	0	2	1	1	1	1	1	0	0	3	3	1	1	1	1	0	0	2	2	1	1	1	1	1	0	3	3	1	1	1	1	0	0	2	2	1	1	1	1	1	0	3	3	1	1	1	1	0	0	2	1	1	1	1	1	0	3	3	1	1	1	1	0	0	2	2	1	1	1	1	0	0	1	3	3	1	1	1	1	0	0	2	2	1	1	1	1	0	3	3	1	1	1	1	1	0	0	2	2	1	1	1	1	0	3	1	1	1	1	1	0	0	2	2	1	1	1	1	0	0	3	3	1	1	1	1	0	0	1	2	2	1	1	1	1	0	3	3	1	1	1	1	0	2	2	1	1	1	1	1	0	0	3	3	1	1	1	1	0	2	2	1	1	1	1	1	0	0	3	3	1	1	1	1	0	0	1	2	2	1	1	1	0	0	1	3	3	1	1	1	1	0	1	2	2	1	1	1	0	0	3	3	1	1	1	1	1	0	2	2	1	1	1	1	0	0	3	3	1	1	1	1	1	0	2	2	1	1	1	1	0	0	3	3	1	1	1	1	0	0	1	2	2	1	1	1	1	0	3	3	1	1	1	1	0	0	2	2	1	1	1	1	1	0	3	3	1	1	1	1	0	0	2	2	1	1	1	1	1	0	3	3	1	1	1	1	0	0	2	2	1	1	1	1	0	0	1	3	3	1	1	1	1	0	2	2	1	1	1	1	0	0	3	3	1	1	1	1	1	0	3	3	1	1	1	1	0	0	3	3	1	1	1	1	1	0	3	3	1	1	1	1	0	0	3	3	1	1	1	1	0	0	3	3	1	1	1	1	1	0	3	3	1	1	1	1	0	0
PATIENT_WEIGHT
56	79	138	126	122	143	100	126	49	61	37	103	122	88	149	39	36	32	42	75	123	146	74	60	54	142	107	124	137	130	132	84	75	46	147	60	144	123	113	145	82	140	50	99	99	117	85	87	140	129	137	88	73	144	113	116	115	84	147	127	109	45	149	46	140	107	48	135	56	69	62	50	37	149	97	109	104	149	74	39	41	36	39	101	133	35	67	37	109	94	78	97	68	63	127	116	136	141	42	136	72	42	114	140	33	40	138	83	67	119	66	127	120	40	55	112	141	38	113	110	65	41	126	112	67	103	35	51	116	53	107	67	118	32	37	142	108	87	80	79	125	92	58	72	60	149	120	129	79	112	39	68	124	42	84	66	142	122	87	74	79	55	102	93	39	146	70	94	100	75	66	46	72	133	61	127	53	147	79	114	67	110	66	62	61	84	129	117	56	138	48	88	126	72	75	90	123	30	84	40	93	75	34	87	126	102	118	81	32	132	100	37	121	36	33	36	75	33	132	84	140	112	117	147	56	59	63	95	74	98	46	82	76	126	111	67	43	47	80	133	41	64	105	125	55	42	128	131	70	63	75	143	136	104	89	116	129	143	47	49	48	95	86	139	72	50	86	74	50	122	100	129	133	81	124	77	146	100	57	142	95	104	110	98	87	74	44	81	143	102	116	39	119	122	128	134	41	47	125	33	131	132	59	82	98	72	124	132	133	97	119	91	123	93	143	55	58	133	48	36	131	126	113	45	52	82	148	146	64	57	35	90	147	79	89	93	95	133	125	80	100	105	60	93	84	47	90	94	148	54	129	145	138	120	110	150	79	143	110	45	150	127	112	108	102	74	36	35	71	116	131	94	75	71	147	103	30	90	120	61	128	74	52	71	88	141	113	117	69	140	82	104	109	84	40	96	107	94	36	115	120	86	38	99	115	146	31	67	51	48	108	37	53	50	63	50	145	135	51	126	91	75	98	150	77	52	130	78	73	129	108	115	69	135	135	129	141	114	92	39	37	54	137	105	113	142	143	131	55	148	147	39	95	68	90	127	91	96	85	124	86	56	133	54	140	90	84	132	98	85	31	134	120	31	149	94	94	143	72	82	112	98	71	130	84	78	107	143	119	87	48	96	120	58	128	125	63	58	118	148	86	146	90	125	141	118	63	98	47	46	109	103	89	51	121	108	42	55	53	102	84	136	37	126	134	146	33	75	148	141	50	113	90	100	89	70	102	82	35	83	131	40	44	44	57	32	81	41	123	129	109	125	87	38	36	55	86	121	90	71	79	61	53	44	35	128	145	143	95	33	67	33	71	130	74	30	56	91	47	59	54	30	64	39	39	34	59	73	62	141	67	138	32	118	49	118	113	129	60	123	130	125	121	82	57	59	120	97	96	65	60	122	131	145	74	49	126	144	58	99	73	71	53	140	60	98	30	41	52	136	136	98	43	77	34	104	101	109	68	33	126	54	114	106	94	63	95	105	52	91	47	54	54	146	85	114	58	107	120	146	117	132	69	60	46	121	91	144	74	148	111	76	134	81	114	134	134	110	125	50	126	125	83	59	69	103	86	76	144	134	118	145	52	106	101	113	150	67	103	54	136	57	86	54	116	39	109	139	147	52	84	49	138	144	112	87	123	90	132	109	140	80	72	140	146	126	81	131	33	126	94	73	137	116	57	134	95	60	149	89	93	77	127	36	115	141	30	81	122	49	114	60	90	87	121	80	30	135	127	43	132	42	59	94	116	109	54	57	92	92	97	107	33	38	104	137	43	120	119	64	112	116	144	116	56	99	118	63	31	50	77	100	130	81	111	145	104	113	146	77	140
DISTANCE_MATRIX
0	360	318	300	288	276	264	264	150	150	150	60	90	90	162	168	204	228	234	312	360	408	348	318	168	192	168	318
360	60	264	318	324	342	342	342	348	348	354	360	372	378	378	420	420	480	462	498	462	462	384	420	372	420	378	378
318	264	60	270	276	288	288	288	294	294	294	318	318	324	324	414	414	468	462	486	462	462	330	366	366	408	372	324
300	318	270	60	276	288	288	288	288	288	288	300	300	312	318	408	408	468	462	486	438	438	318	360	360	402	360	312
288	324	276	276	60	276	276	276	276	276	276	288	288	300	300	402	396	462	456	480	432	432	300	360	360	402	348	300
276	342	288	288	276	60	180	180	252	258	264	264	264	288	288	390	390	456	450	480	432	432	288	348	348	348	288	288
264	342	288	288	276	180	60	180	246	258	264	264	264	288	288	390	390	456	450	480	432	432	288	348	348	348	288	288
264	342	288	288	276	180	180	60	240	258	264	264	264	288	288	390	390	456	450	480	432	432	288	348	348	348	288	288
150	348	294	288	276	252	246	240	60	120	120	150	126	270	270	378	384	420	438	480	420	408	276	300	300	300	276	270
150	348	294	288	276	258	258	258	120	60	120	150	150	270	270	378	384	420	438	480	420	408	276	300	300	300	276	270
150	354	294	288	276	264	264	264	120	120	60	150	150	270	270	378	384	420	438	480	420	408	276	300	300	300	276	270
60	360	318	300	288	264	264	264	150	150	150	60	90	162	168	228	234	312	360	408	348	318	168	192	192	198	168	162
90	372	318	300	288	264	264	264	150	150	150	90	60	162	168	228	234	312	360	408	348	318	168	192	192	198	168	162
90	378	324	312	300	288	288	288	270	270	270	162	162	60	120	180	180	306	210	360	300	300	120	180	120	180	120	234
162	378	324	318	300	288	288	288	270	270	270	168	168	120	60	180	180	306	210	360	300	300	120	180	120	180	120	120
168	420	414	408	402	348	348	348	300	300	300	228	228	180	180	60	132	204	132	348	258	258	186	60	180	132	222	180
204	420	414	408	396	390	390	390	384	384	384	234	234	180	180	132	60	204	132	348	258	258	186	60	180	132	222	180
228	480	468	468	462	456	456	456	420	420	420	312	312	306	306	204	204	60	198	120	240	240	306	204	306	138	306	306
234	462	462	462	456	450	450	450	438	438	438	360	360	210	210	132	132	198	60	138	132	132	210	132	210	132	210	210
312	498	486	486	480	480	480	480	480	480	480	408	408	360	360	348	348	120	138	60	348	348	360	348	360	348	360	360
360	462	462	438	432	432	432	432	420	420	420	348	348	300	300	258	258	240	132	348	60	60	300	258	300	258	300	300
408	462	462	438	432	432	432	432	408	408	408	318	318	300	300	258	258	240	132	348	60	60	300	258	300	258	300	300
348	384	330	318	300	288	288	288	276	276	276	168	168	120	120	186	186	306	210	360	300	300	60	186	120	186	120	120
318	420	366	360	360	348	348	348	300	300	300	192	192	180	180	60	60	204	132	348	258	258	186	60	180	60	180	180
168	372	300	306	300	288	288	288	270	270	270	168	168	120	120	180	180	306	210	360	300	300	120	180	60	180	120	120
192	420	408	402	402	348	348	348	300	300	300	198	198	180	180	132	132	138	132	348	258	258	186	60	180	60	180	180
168	378	372	360	348	288	288	288	276	276	276	168	168	120	120	222	222	306	210	360	300	300	120	180	120	180	60	120
318	378	324	312	300	288	288	288	270	270	270	162	162	234	120	180	180	306	210	360	300	300	120	180	120	180	120	60
DEPOTS_DISTANCE
234	462	462	462	456	450	450	450	438	438	438	360	360	210	210	132	132	198	60	138	132	132	210	132	210	132	210	210	
348	384	330	318	300	288	288	288	276	276	276	168	168	120	120	186	186	306	210	360	300	300	60	186	120	186	120	120	
318	420	366	360	360	348	348	348	300	300	300	192	192	180	180	60	60	204	132	348	258	258	186	60	180	60	180	180	
LOCATION_TURN_MATRIX
100	130	122	113	112	199	136	122	129	152	173	146	151	136	158	140	176	113	122	167	194	134	110	172	114	184	100	147	
170	100	154	188	164	169	136	136	152	170	104	183	155	115	101	104	155	187	174	115	149	134	178	168	114	135	168	102	
178	146	100	161	178	114	104	165	117	139	126	169	192	109	120	179	160	152	154	134	113	140	154	179	196	196	192	181	
187	112	139	100	158	114	195	181	104	132	195	106	183	169	132	170	140	136	172	148	116	110	123	136	151	120	176	169	
188	136	122	142	100	175	164	159	112	100	167	164	135	191	132	181	104	123	142	156	108	117	193	182	116	147	156	185	
101	131	186	186	125	100	190	147	164	150	137	102	145	176	185	131	113	108	117	186	118	151	140	178	154	189	172	110	
164	164	196	105	136	110	100	186	153	151	183	193	111	157	144	123	188	142	110	163	105	190	166	187	170	171	186	126	
178	164	135	119	141	153	114	100	106	130	108	103	151	178	122	151	130	133	184	177	110	141	166	110	122	174	191	197	
171	148	183	196	188	136	147	194	100	167	100	146	168	129	128	142	172	118	174	147	105	158	156	160	120	106	119	136	
148	130	161	168	200	150	149	170	133	100	177	106	175	116	188	180	176	194	108	146	130	187	183	173	128	141	169	176	
127	196	174	105	133	163	117	192	200	123	100	171	175	140	183	115	104	186	128	153	151	175	100	146	191	117	132	197	
154	117	131	194	136	198	107	197	154	194	129	100	136	184	140	147	172	184	148	131	103	156	185	200	152	158	154	143	
149	145	108	117	165	155	189	149	132	125	125	164	100	140	199	142	101	144	163	185	117	191	200	143	113	165	102	154	
164	185	191	131	109	124	143	122	171	184	160	116	160	100	109	116	196	113	131	186	166	139	183	175	144	161	105	170	
142	199	180	168	168	115	156	178	172	112	117	160	101	191	100	147	177	177	199	158	172	188	164	175	180	168	154	195	
160	196	121	130	119	169	177	149	158	120	185	153	158	184	153	100	152	159	197	157	181	159	102	123	168	200	124	186	
124	145	140	160	196	187	112	170	128	124	196	128	199	104	123	148	100	149	114	112	117	135	105	132	138	180	198	156	
187	113	148	164	177	192	158	167	182	106	114	116	156	187	123	141	151	100	166	132	168	163	159	123	129	173	161	116	
178	126	146	128	158	183	190	116	126	192	172	152	137	169	101	103	186	134	100	184	199	137	130	160	148	113	140	150	
133	185	166	152	144	114	137	123	153	154	147	169	115	114	142	143	188	168	116	100	111	195	128	157	191	164	141	171	
106	151	187	184	192	182	195	190	195	170	149	197	183	134	128	119	183	132	101	189	100	129	151	163	147	166	104	177	
166	166	160	190	183	149	110	159	142	113	125	144	109	161	112	141	165	137	163	105	171	100	101	185	169	129	103	197	
190	122	146	177	107	160	134	134	144	117	200	115	100	117	136	198	195	141	170	172	149	199	100	106	150	116	118	145	
128	132	121	164	118	122	113	190	140	127	154	100	157	125	125	177	168	177	140	143	137	115	194	100	128	167	115	155	
186	186	104	149	184	146	130	178	180	172	109	148	187	156	120	132	162	171	152	109	153	131	150	172	100	155	124	184	
116	165	104	180	153	111	129	126	194	159	183	142	135	139	132	100	120	127	187	136	134	171	184	133	145	100	129	192	
200	132	108	124	144	128	114	109	181	131	168	146	198	195	146	176	102	139	160	159	196	197	182	185	176	171	100	146	
153	198	119	131	115	190	174	103	164	124	103	157	146	130	105	114	144	184	150	129	123	103	155	145	116	108	154	100	
DEPOTS_TO_LOCAL_TURN_MATRIX
178	126	146	128	158	183	190	116	126	192	172	152	137	169	101	103	186	134	100	184	199	137	130	160	148	113	140	150	
190	122	146	177	107	160	134	134	144	117	200	115	100	117	136	198	195	141	170	172	149	199	100	106	150	116	118	145	
128	132	121	164	118	122	113	190	140	127	154	100	157	125	125	177	168	177	140	143	137	115	194	100	128	167	115	155	
LOCAL_TO_DEPOT_TURN_MATRIX
122	174	154	172	142	117	110	184	174	108	128	148	163	131	199	197	114	166	100	116	101	163	170	140	152	187	160	150	
110	178	154	123	193	140	166	166	156	183	100	185	200	183	164	102	105	159	130	128	151	101	100	194	150	184	182	155	
172	168	179	136	182	178	187	110	160	173	146	200	143	175	175	123	132	123	160	157	163	185	106	100	172	133	185	145	

