INDEX_PROBLEM
1
PATIENTS
800
STRETCHERS
16
NUM_ROOM
28
NUM_DEPOT
3
NUM_PRIORITY
4
PRIORITY_LIST
0	1	2	3	4
PRIORITY_WEIGHT
0	1	10	18	30
PRIORITY_JOB
0	1	2	3	4	4	2	3	2	3	4	4	1	2	3	4	3	4	4	2	2	3	4	4	4	4	1	2	3	3	4	4	4	2	2	3	4	4	3	4	4	4	2	3	3	4	4	4	1	2	3	4	4	4	4	4	3	1	1	2	2	3	4	1	4	1	2	3	3	4	2	4	1	1	3	2	4	4	1	2	4	1	2	3	3	4	4	4	1	1	2	2	3	4	1	2	3	4	2	3	3	4	4	4	1	1	4	1	2	3	1	2	4	4	4	2	2	3	4	4	4	1	1	1	2	3	3	1	4	4	2	2	3	4	3	4	4	1	1	1	2	3	3	1	4	4	2	2	3	4	4	4	4	4	1	3	2	3	4	3	4	4	1	2	3	4	3	3	2	4	4	1	1	2	2	2	3	4	1	2	3	3	4	4	4	1	1	2	2	3	2	1	4	4	1	2	3	3	4	4	4	1	1	2	2	3	1	3	4	4	4	2	3	3	4	4	2	4	1	1	1	2	3	2	1	4	4	4	2	2	3	4	3	4	4	1	1	1	2	3	2	4	4	2	2	3	4	4	3	4	1	1	1	2	3	3	1	4	4	4	2	2	3	4	4	4	4	1	1	2	3	3	2	3	4	4	1	2	3	4	4	3	4	4	2	1	1	2	2	1	3	4	4	1	2	3	4	4	2	1	1	2	3	2	4	4	4	1	2	3	3	4	3	4	2	1	1	3	2	1	2	3	4	4	4	2	3	3	4	4	4	1	1	1	2	3	2	1	4	4	4	4	2	2	3	4	4	1	2	1	1	3	4	1	4	4	2	2	3	4	3	4	4	1	2	1	1	3	3	2	4	4	2	2	3	4	3	4	4	4	2	1	1	3	3	2	4	4	1	2	3	4	4	4	3	4	4	2	1	1	3	2	3	4	1	2	3	4	1	4	4	2	2	1	1	3	2	4	4	4	1	2	3	3	4	3	4	2	1	1	2	3	1	2	4	4	2	3	3	4	4	4	2	4	1	2	1	1	3	2	1	4	4	2	3	3	4	4	4	4	1	2	1	1	3	4	4	4	2	2	3	4	3	1	2	1	3	1	1	4	3	2	4	4	2	2	3	4	3	4	4	1	2	1	1	3	3	3	4	4	4	1	2	3	4	4	3	4	4	2	1	1	3	2	1	3	4	1	2	3	4	4	4	2	1	1	2	3	1	4	4	4	1	2	3	3	4	3	4	2	1	1	2	3	2	3	4	4	1	2	3	3	4	4	2	4	2	1	1	4	2	1	1	3	4	4	2	3	3	4	4	4	4	1	1	1	2	3	4	4	2	2	3	4	3	2	4	1	1	1	2	3	3	3	4	4	2	2	3	4	3	4	4	1	1	1	2	3	3	1	4	4	4	2	2	3	4	4	3	4	4	2	1	3	3	2	4	4	1	2	3	4	4	3	4	2	1	1	2	3	1	1	4	1	2	3	3	4	4	4	2	1	1	2	3	4	2	1	4	4	1	2	3	3	4	4	4	1	1	2	2	3	3	1	2	4	4	2	3	3	4	4	4	1	1	1	2	3	4	1	4	4	2	2	3	4	3	1	1	1	2	3	3	4	2	4	2	2	3	4	4	4	3	1	1	1	2	4	3	3	1	4	4	4	2	2	3	4	4	3	4	1	2	3	3	4	2	1	4	1	2	3	4	4	2	1	1	2	3	4	4	2	4	1	1	1	2	3	3	4	1	1	1	4	2	2	3	3	1	1	1	4	4	1	2	3	2	1	1	3	4	4	4	1	1	2	1	2	3	4	4	2	1	1	1	2	3	3	4	4	2
TIME_ASKED
0	28849	28898	28947	28996	29045	29094	29149	29198	29247	29296	29345	29394	29429	29458	29487	29516	29545	29574	29603	29632	29661	29690	29742	29784	29826	29868	29910	29952	29994	30029	30058	30087	30116	30145	30174	30203	30232	30261	30290	30329	30358	30387	30416	30445	30474	30503	30532	30561	30590	30621	30642	30663	30684	30705	30726	30747	30768	30789	30810	30831	30852	30873	30894	30949	30998	31047	31096	31145	31194	31227	31254	31281	31308	31335	31362	31389	31416	31443	31470	31497	31524	31548	31572	31596	31620	31644	31668	31692	31716	31740	31764	31788	31837	31874	31911	31948	31985	32022	32059	32096	32159	32218	32277	32336	32395	32419	32438	32457	32476	32495	32514	32533	32552	32571	32590	32609	32628	32647	32666	32685	32759	32818	32877	32936	32995	33027	33054	33081	33108	33135	33162	33189	33216	33243	33270	33297	33333	33366	33399	33432	33465	33498	33531	33564	33597	33616	33632	33648	33664	33680	33696	33712	33728	33744	33760	33776	33792	33808	33824	33840	33856	33872	33888	33933	33966	33999	34032	34065	34098	34131	34164	34197	34242	34284	34326	34368	34410	34452	34494	34533	34566	34599	34632	34665	34698	34731	34764	34797	34827	34854	34881	34908	34935	34962	34989	35016	35043	35070	35097	35137	35174	35211	35248	35285	35322	35359	35396	35433	35466	35499	35532	35565	35598	35631	35664	35697	35723	35746	35769	35792	35815	35838	35861	35884	35907	35930	35953	35976	35999	36023	36046	36069	36092	36115	36138	36161	36184	36207	36230	36253	36276	36299	36327	36354	36381	36408	36435	36462	36489	36516	36543	36570	36597	36619	36638	36657	36676	36695	36714	36733	36752	36771	36790	36809	36828	36847	36866	36885	36949	36998	37047	37096	37145	37194	37259	37318	37377	37436	37495	37549	37598	37647	37696	37745	37794	37827	37854	37881	37908	37935	37962	37989	38016	38043	38070	38097	38123	38146	38169	38192	38215	38238	38261	38284	38307	38330	38353	38376	38399	38419	38438	38457	38476	38495	38514	38533	38552	38571	38590	38609	38628	38647	38666	38685	38742	38784	38826	38868	38910	38952	38994	39029	39058	39087	39116	39145	39174	39203	39232	39261	39290	39349	39398	39447	39496	39545	39594	39633	39666	39699	39732	39765	39798	39831	39864	39897	39937	39974	40011	40048	40085	40122	40159	40196	40242	40284	40326	40368	40410	40452	40494	40542	40584	40626	40668	40710	40752	40794	40849	40898	40947	40996	41045	41094	41133	41166	41199	41232	41265	41298	41331	41364	41397	41423	41446	41469	41492	41515	41538	41561	41584	41607	41630	41653	41676	41699	41749	41798	41847	41896	41945	41994	42099	42198	42297	42342	42384	42426	42468	42510	42552	42594	42699	42798	42897	42923	42946	42969	42992	43015	43038	43061	43084	43107	43130	43153	43176	43199	43237	43274	43311	43348	43385	43422	43459	43496	43549	43598	43647	43696	43745	43794	43899	43998	44097	44159	44218	44277	44336	44395	44459	44518	44577	44636	44695	44799	44898	44997	45033	45066	45099	45132	45165	45198	45231	45264	45297	45337	45374	45411	45448	45485	45522	45559	45596	45637	45674	45711	45748	45785	45822	45859	45896	45959	46018	46077	46136	46195	46249	46298	46347	46396	46445	46494	46537	46574	46611	46648	46685	46722	46759	46796	46821	46842	46863	46884	46905	46926	46947	46968	46989	47010	47031	47052	47073	47094	47199	47298	47397	47437	47474	47511	47548	47585	47622	47659	47696	47737	47774	47811	47848	47885	47922	47959	47996	48049	48098	48147	48196	48245	48294	48324	48348	48372	48396	48420	48444	48468	48492	48516	48540	48564	48588	48627	48654	48681	48708	48735	48762	48789	48816	48843	48870	48897	48937	48974	49011	49048	49085	49122	49159	49196	49233	49266	49299	49332	49365	49398	49431	49464	49497	49537	49574	49611	49648	49685	49722	49759	49796	49827	49854	49881	49908	49935	49962	49989	50016	50043	50070	50097	50149	50198	50247	50296	50345	50394	50424	50448	50472	50496	50520	50544	50568	50592	50616	50640	50664	50688	50737	50774	50811	50848	50885	50922	50959	50996	51027	51054	51081	51108	51135	51162	51189	51216	51243	51270	51297	51324	51348	51372	51396	51420	51444	51468	51492	51516	51540	51564	51588	51637	51674	51711	51748	51785	51822	51859	51896	51933	51966	51999	52032	52065	52098	52131	52164	52197	52259	52318	52377	52436	52495	52517	52534	52551	52568	52585	52602	52619	52636	52653	52670	52687	52704	52721	52738	52755	52772	52789	52859	52918	52977	53036	53095	53137	53174	53211	53248	53285	53322	53359	53396	53459	53518	53577	53636	53695	53733	53766	53799	53832	53865	53898	53931	53964	53997	54027	54054	54081	54108	54135	54162	54189	54216	54243	54270	54297	54374	54448	54522	54596	54627	54654	54681	54708	54735	54762	54789	54816	54843	54870	54897	55049	55198	55237	55274	55311	55348	55385	55422	55459	55496	55574	55648	55722	55796	55827	55854	55881	55908	55935	55962	55989	56016	56043	56070	56097	56399	56499	56598	56697	56733	56766	56799	56832	56865	56898	56931	56964	56997	57049	57098	57147	57196	57245	57294	57359	57418	57477	57536	57595
ORIGIN
26	16	6	27	19	7	11	25	14	4	4	10	2	23	14	27	4	14	3	23	4	14	14	14	14	14	14	7	27	20	9	27	14	9	1	23	11	14	14	4	2	2	2	3	24	14	14	14	11	6	27	18	7	27	20	8	26	14	17	2	23	12	2	14	4	7	23	14	4	24	16	16	16	14	14	27	19	8	9	9	9	14	23	11	2	14	4	14	14	4	14	14	14	4	5	14	27	27	18	7	27	20	26	1	12	8	2	17	12	2	14	14	13	7	14	4	24	15	4	23	16	23	3	23	3	26	23	14	4	4	10	2	23	14	2	14	14	14	26	27	14	15	20	4	14	14	23	27	20	14	14	4	4	14	27	20	27	20	4	14	11	23	6	24	15	4	20	16	7	23	26	26	14	2	8	26	14	7	7	23	12	2	23	16	1	14	14	14	14	27	14	9	4	14	9	20	8	27	14	14	14	4	27	2	14	14	5	14	14	5	14	14	4	26	27	1	14	26	7	7	17	14	14	14	14	7	27	25	2	23	14	3	2	16	23	27	23	27	14	14	14	14	2	8	27	23	14	14	14	14	14	14	14	14	20	20	20	14	26	7	26	16	1	14	14	1	26	1	26	3	14	8	14	14	2	14	23	13	3	23	14	2	2	2	14	14	1	14	14	1	16	23	23	8	1	1	2	27	27	14	2	27	16	16	1	16	1	14	16	5	26	11	27	27	4	20	3	14	14	9	4	27	3	14	13	2	23	1	3	1	1	1	1	7	14	3	4	27	11	3	8	1	23	10	14	14	4	4	26	14	14	14	14	14	10	2	5	26	26	2	19	14	3	14	3	14	14	14	15	2	2	4	2	23	23	26	20	13	2	4	7	14	1	10	14	14	14	14	1	23	10	1	14	14	2	14	14	14	27	14	14	4	14	8	14	26	3	10	16	1	14	27	14	3	14	27	22	27	1	27	23	14	3	23	14	10	14	14	14	1	3	3	7	7	27	14	23	10	1	20	14	7	27	3	14	27	27	14	1	1	3	3	16	6	27	19	7	23	4	14	4	4	26	14	14	2	14	3	14	3	23	14	14	2	14	2	2	25	14	1	16	14	1	20	9	26	26	11	16	26	4	27	14	14	14	11	13	13	14	14	5	27	18	7	2	27	14	14	14	17	2	22	27	27	14	3	3	23	14	4	26	14	10	1	14	4	4	26	3	1	1	12	1	23	11	2	14	18	23	14	14	14	3	15	14	3	18	2	26	17	7	27	14	20	1	14	14	27	20	14	2	2	3	26	23	14	4	14	15	23	1	26	3	26	26	14	1	1	5	1	23	10	2	11	27	14	11	14	27	15	15	14	27	27	27	26	16	7	27	27	2	27	27	3	9	20	2	2	2	11	3	23	14	3	24	14	4	16	3	3	3	26	14	14	2	27	27	14	10	2	23	12	14	14	26	27	27	14	12	12	2	23	20	14	7	26	19	2	18	2	2	16	20	20	2	14	14	18	2	14	3	24	14	4	14	14	26	26	14	7	27	26	14	14	26	10	1	23	12	2	23	23	23	10	14	27	24	11	11	5	16	6	27	19	7	27	27	26	20	14	20	2	23	14	27	27	14	3	23	14	20	8	4	2	14	1	1	27	20	8	2	4	9	1	23	8	10	23	4	4	4	27	27	24	15	14	27	14	6	27	18	7	27	14	14	17	2	10	2	23	2	2	27	14	3	23	14	4	2	25	2	25	14	7	27	20	14	14	14	9	1	23	11	2	1	14	2	14	27	3	24	14	1	14	14	5	27	18	7	27	20	8	12	2	27	1	23	12	2	1	23
DESTINATION
3	14	17	2	22	23	12	14	3	23	23	14	14	27	16	2	14	25	14	4	14	9	9	9	1	1	1	20	2	14	14	2	4	14	14	27	15	5	5	14	27	27	27	14	2	26	8	8	12	17	2	27	20	2	14	14	14	16	6	14	27	11	14	25	14	23	3	26	14	2	14	14	14	4	4	2	22	14	14	14	14	26	27	15	14	20	14	4	9	14	9	1	26	14	14	4	2	2	27	20	2	14	14	14	11	14	27	6	11	14	20	8	7	23	26	14	2	14	14	26	14	7	23	7	23	14	27	16	14	14	14	14	27	8	14	9	4	9	14	23	2	11	14	14	4	4	27	2	14	4	5	14	14	5	18	7	18	7	14	1	12	7	17	2	14	14	14	14	13	7	14	14	4	24	14	23	16	23	23	27	11	14	1	14	14	4	10	2	2	23	2	14	14	26	14	14	14	2	20	20	20	14	23	27	20	8	14	4	4	14	1	26	14	3	2	14	4	14	23	23	6	15	16	20	16	23	2	14	14	1	25	14	27	14	7	23	7	23	2	16	16	16	27	14	2	27	9	16	1	16	9	9	20	8	14	14	14	4	3	20	3	14	14	9	4	14	3	14	14	26	1	14	1	26	27	1	1	7	14	3	4	27	27	27	2	2	23	3	3	14	14	27	26	14	14	14	14	2	2	8	27	23	14	14	14	14	14	3	14	14	3	15	2	2	14	7	26	16	1	14	14	2	26	4	7	14	1	14	14	14	14	14	23	13	3	23	14	2	12	14	14	14	27	14	10	4	14	14	23	8	1	1	1	1	14	27	14	3	14	27	22	16	14	16	14	16	5	2	11	27	27	14	14	1	3	3	7	7	27	14	13	2	23	14	1	1	1	3	14	27	14	14	1	3	27	8	1	8	23	10	10	14	4	14	4	3	26	14	14	14	10	2	5	26	26	2	19	2	14	2	1	25	14	1	16	14	4	2	2	23	23	26	20	13	2	4	27	14	14	11	2	13	2	14	1	23	23	10	14	14	14	14	14	17	2	22	23	27	14	8	14	14	3	10	10	27	1	26	25	14	4	26	3	27	1	27	27	14	3	23	14	10	23	7	14	14	3	15	14	3	14	23	10	10	1	20	7	7	1	1	14	2	27	20	14	2	3	16	16	6	27	19	23	23	4	26	14	3	26	14	3	1	14	14	3	23	23	14	14	14	14	11	14	27	15	14	16	27	1	26	9	26	26	11	16	26	27	27	3	9	20	2	2	11	14	5	5	18	7	2	27	27	14	3	3	26	14	4	14	27	23	3	23	14	14	4	14	14	14	14	27	14	14	12	2	1	12	1	23	11	11	2	18	18	2	3	16	20	2	2	14	18	2	26	17	7	27	14	14	20	26	1	26	14	2	26	14	14	26	23	23	14	4	15	27	23	23	10	14	14	27	11	1	5	3	23	23	10	11	11	27	1	7	20	20	14	22	14	27	27	27	16	7	7	27	2	2	27	27	26	14	1	26	14	2	2	3	14	3	20	2	14	4	16	3	14	14	27	11	14	1	27	27	14	2	23	2	12	12	14	14	17	2	22	23	2	2	14	7	26	14	14	27	2	2	2	25	14	5	26	14	14	14	14	3	24	24	2	14	14	14	14	14	14	27	14	14	1	14	14	14	23	23	2	14	2	23	4	17	2	27	23	2	16	4	6	27	14	14	27	27	27	23	25	14	4	26	14	14	14	27	14	3	20	2	14	20	8	4	14	14	27	15	14	23	9	27	1	23	14	1	26	23	4	4	14	2	27	20	2	14	14	11	27	18	14	27	11	14	14	27
DUE_DATE
0	31147	30476	30045	29554	29603	30672	30247	30776	30345	29854	29903	31692	31007	30556	30045	30614	30103	30132	31181	31210	30759	30248	30300	30342	30384	32166	31488	31050	31092	30587	30616	30645	31694	31723	31272	30761	30790	31359	30848	30887	30916	31965	31514	31543	31032	31061	31090	32859	32168	31719	31200	31221	31242	31263	31284	31845	33066	33087	32388	32409	31950	31431	33192	31507	33296	32625	32194	32243	31752	32805	31812	33579	33606	32433	32940	31947	31974	33741	33048	32055	33822	33126	32670	32694	32178	32202	32226	33990	34014	33318	33342	32886	32395	34172	33489	33046	32543	33600	33157	33194	32717	32776	32835	34634	34693	32977	34736	34035	33574	34793	34092	33091	33110	33129	34168	34187	33726	33205	33224	33243	35057	35116	35175	34514	34093	34125	35352	33639	33666	34713	34740	34287	33774	34341	33828	33855	35631	35664	35697	35010	34563	34596	35829	34122	34155	35194	35210	34746	34222	34238	34254	34270	34286	36042	34858	35354	34890	34366	34922	34398	34414	36170	35466	35031	34524	35097	35130	35643	34656	34689	36462	36495	35820	35862	35904	35466	34968	36750	36072	35631	35664	35157	35190	35223	36996	37029	36342	36375	35925	36432	37179	35466	35493	37260	36567	36114	36141	35628	35655	35695	37472	37509	36826	36863	36420	37657	36494	35991	36024	36057	37110	36663	36696	36189	36222	37275	36281	38044	38067	38090	37393	36936	37439	38182	36465	36488	36511	37554	37577	37121	36604	37167	36650	36673	38436	38459	38482	37785	37328	37831	36834	36857	37905	37932	37479	36966	36993	37560	37047	38814	38841	38868	38175	37717	37736	38955	37234	37253	37272	38311	38330	37869	37348	37367	37386	37405	39164	39183	38527	38096	38145	38674	38243	37752	37817	39616	38955	38534	38053	38107	38696	38205	38254	39323	40092	40125	39432	39459	40206	39033	38520	38547	40314	39621	39168	38655	38681	39724	40467	40490	39793	39336	39839	38842	38865	38888	40651	39954	39497	39517	38996	39555	39034	40073	40812	40831	39650	40149	40888	40187	39726	39205	39224	39243	40320	39882	39924	39426	39468	39510	41292	41327	41356	40665	40214	40723	41472	39761	39790	39819	39848	40927	40976	40545	40054	40103	41892	41211	41964	41997	40830	40323	42096	40389	40422	41475	41515	41072	40569	41146	40643	40680	42457	41774	42540	42582	41424	41466	41988	41010	41052	42120	42162	41724	41226	41808	41310	41352	41407	42476	43245	43294	42143	42192	42711	41724	41757	43530	42843	42396	41889	41922	41955	42521	42004	42027	43070	43813	43836	42659	43162	42705	42188	43951	43254	42797	42307	44096	42405	42454	43523	43572	44397	44496	43395	43920	42942	42984	43026	44808	44130	43692	43797	43356	43995	43481	44524	45267	45290	44593	44136	45359	44662	43665	43688	44731	44274	44297	43795	43832	43869	44926	43943	45720	45037	45794	45847	44696	45225	45994	44303	44352	45477	45096	45195	44717	44776	44835	44894	46693	46037	46816	46875	45734	45253	45357	45456	46575	46611	46164	45657	46230	47463	46776	47529	46362	47595	47635	45932	46509	47026	46043	46080	47137	47174	46735	46232	46809	46306	46343	48120	47437	48194	48257	47116	47175	47234	46753	46807	46856	48645	47974	47543	47052	47095	47672	47169	47206	48263	49020	49057	47894	48399	49140	47961	47442	49203	48504	48045	47526	47547	47568	48609	49350	49371	48672	48297	49596	47955	47995	48032	49809	49126	48683	48720	48217	48794	48295	49352	50109	50146	49463	49020	49537	49094	48607	48656	50445	49774	49343	49392	48882	48906	49950	48954	49998	50742	50766	49050	50094	50838	50862	49686	49185	49212	50259	49806	49833	49320	49347	49374	49401	51168	51195	51235	50552	50109	49606	49643	50700	50737	50294	49791	50364	50877	49890	51663	51696	51729	51042	50595	50635	50672	50169	50206	51263	51300	50857	50354	50925	50412	50439	52206	52233	52260	51567	51114	51141	52368	50655	50707	50756	51825	51874	51443	50952	50982	51546	51030	51054	52098	52842	51666	51690	52194	51198	51222	52986	52315	51872	51369	51406	51983	51480	52537	53294	53325	52632	52179	53406	53433	51720	53487	52794	52341	52368	51855	51882	51906	52950	53694	53718	53022	52566	52050	53094	53838	52122	52146	53935	53252	52809	52846	52343	52380	52417	54194	54231	53544	53577	53130	53163	54396	53709	52722	52755	53837	53416	53475	52994	53053	53075	54832	54849	54866	54163	53700	53177	54934	53211	53228	54265	54282	53819	53296	53853	55070	55087	55157	54496	54075	54134	53653	54715	53732	54789	54826	54383	53880	53917	53954	54557	55816	55875	55934	55273	54291	54864	54897	56130	54423	54456	54489	55542	55575	55125	54612	54639	55206	54693	56460	55767	55314	55341	54828	55875	56672	55006	56820	56174	55725	55212	55239	56286	57033	57060	56367	55914	55401	55428	56475	55607	57496	57535	57572	56889	56446	56483	55980	57757	57794	57872	56206	57300	57374	56925	56952	58179	58206	58233	56520	56547	58314	57621	57168	57675	58697	58797	57696	57255	57291	57324	59097	59130	58443	59196	58509	58062	57555	57607	58676	59445	59494	59543	58872	58457	58516	58035	58094	59173
TRANSPORT_MODE
0	2	2	1	1	1	1	0	2	2	1	1	1	1	2	0	2	1	1	1	1	2	0	0	2	1	1	1	1	1	2	0	2	1	1	1	1	1	0	0	0	2	1	1	1	1	2	0	2	1	1	1	1	1	0	0	0	3	3	1	1	1	1	0	1	2	2	1	1	1	1	0	3	3	1	1	1	1	0	0	2	2	1	1	1	1	1	0	3	3	1	1	1	1	0	0	0	1	2	1	1	1	1	0	3	3	1	1	1	1	0	0	0	1	2	2	1	1	1	0	1	3	3	1	1	1	1	0	1	2	2	1	1	1	0	0	1	3	3	1	1	1	1	0	1	2	2	1	1	1	0	0	0	1	3	1	1	1	1	0	1	2	2	1	1	1	0	0	0	1	1	3	3	1	1	0	1	1	2	2	1	1	1	0	1	3	3	1	1	1	0	0	1	1	2	2	1	1	1	0	1	3	3	1	1	1	0	0	1	1	2	2	1	1	1	0	0	1	1	3	3	1	1	0	0	1	1	1	2	2	1	0	0	1	1	1	3	3	1	1	0	1	1	2	2	1	1	0	0	1	1	3	3	1	1	1	0	1	1	2	2	1	1	0	0	1	1	3	3	1	1	1	0	0	1	1	2	2	1	1	0	0	1	1	1	3	3	1	0	0	1	1	1	2	2	1	1	1	1	3	3	1	1	0	0	1	1	1	2	2	1	1	0	1	1	3	3	1	1	0	0	0	1	1	1	2	2	1	1	0	1	1	3	3	1	1	0	0	0	1	1	1	2	2	1	0	1	1	1	3	3	1	1	0	1	1	1	2	2	1	0	0	1	1	1	3	3	1	1	0	1	1	2	2	1	1	0	0	1	1	1	3	3	1	1	0	1	1	1	2	2	1	0	0	0	1	1	1	3	3	1	0	1	1	1	1	2	2	0	1	1	1	1	3	3	1	0	0	1	1	1	2	2	1	1	0	1	1	3	3	1	1	0	0	1	1	1	2	2	1	1	0	0	1	1	1	3	3	1	0	0	1	1	1	2	2	1	0	0	1	1	1	3	3	1	1	1	1	1	2	2	1	0	0	1	1	1	3	3	1	1	0	1	1	2	2	1	1	0	0	1	1	1	3	3	1	1	0	0	1	1	1	2	2	1	0	0	1	1	1	3	3	1	0	0	1	1	1	2	2	1	1	1	1	3	3	1	1	0	0	1	1	1	2	2	1	1	0	1	1	3	3	1	1	0	0	1	1	1	2	2	1	1	0	0	1	1	3	3	1	1	0	0	1	1	1	2	1	1	0	0	1	1	1	3	3	1	1	1	1	2	2	1	1	0	0	1	1	3	3	1	1	1	0	1	1	2	2	1	1	0	0	1	1	3	3	1	1	1	0	1	1	2	2	1	1	0	0	0	1	1	1	3	1	1	0	1	1	1	2	2	1	1	0	1	1	3	3	1	1	0	0	1	1	2	2	1	1	1	0	1	3	3	1	1	1	0	0	1	1	2	2	1	1	1	0	1	3	3	1	1	1	0	0	0	1	1	2	1	1	1	0	1	1	3	3	1	1	1	0	1	2	2	1	1	1	0	1	3	3	1	1	1	1	0	1	2	2	1	1	1	0	0	1	3	3	1	1	1	1	0	0	1	2	2	1	1	1	0	0	1	3	1	1	1	1	0	0	1	2	2	1	1	1	1	3	3	1	1	1	1	0	0	1	3	3	1	1	1	1	0	3	3	1	1	1	1	0	0	3	3	1	1	1	1	1	0	3	3	1	1	1	1	0	0	1	3	1	1	1	1	0	0	3	3	1	1	1	1	1	0
PATIENT_WEIGHT
102	43	128	127	111	49	37	76	82	69	131	100	33	106	140	136	95	63	133	59	74	97	61	107	73	64	52	117	109	62	84	34	64	126	144	72	87	31	111	93	110	139	74	41	52	67	48	36	64	32	40	92	36	59	116	46	118	127	119	37	73	67	107	73	118	75	103	84	88	44	51	44	42	82	147	70	67	120	109	58	150	102	84	127	42	70	147	120	59	44	126	69	61	123	141	105	73	136	94	61	80	49	61	125	150	112	90	53	128	47	133	93	61	67	145	85	138	84	107	150	95	148	85	44	121	87	101	117	127	87	95	95	79	41	69	114	73	132	96	67	42	47	133	130	107	72	145	149	117	104	132	37	106	137	76	87	59	146	39	102	55	148	61	87	45	56	94	130	43	66	139	56	84	143	81	144	54	139	64	62	32	110	54	114	54	93	51	65	72	112	61	103	51	133	34	126	144	135	79	77	138	129	33	104	41	149	73	143	120	33	97	56	31	42	141	74	68	149	81	108	42	47	110	98	38	122	100	141	87	144	150	101	42	38	145	40	116	102	95	106	105	147	56	126	117	65	114	145	100	94	124	53	140	65	105	54	62	32	142	62	83	131	125	137	57	130	123	67	61	147	46	100	113	134	58	71	108	146	103	149	120	95	65	146	117	38	84	41	121	90	68	131	99	143	145	37	65	109	113	55	73	38	98	34	134	113	95	32	57	82	128	47	131	67	144	58	97	40	43	113	92	68	94	121	111	150	64	89	101	31	115	137	60	43	37	118	129	140	91	116	33	54	47	100	113	59	47	47	140	73	70	30	142	68	41	40	51	101	127	61	150	30	90	62	45	74	141	91	42	131	57	101	53	51	57	75	75	45	103	56	52	104	31	32	104	104	80	116	48	146	36	76	46	56	82	95	98	69	61	122	103	103	40	114	96	109	105	31	53	97	56	59	85	66	74	55	99	111	36	88	76	66	99	82	131	133	38	111	48	148	125	105	145	118	146	131	121	149	62	146	109	96	104	43	78	127	96	66	63	62	131	144	99	75	77	148	143	138	110	121	97	39	133	84	99	143	30	142	33	92	130	136	125	117	41	47	122	119	83	138	58	120	89	119	142	82	66	87	61	116	42	132	67	46	104	134	76	107	103	48	129	44	118	141	99	81	129	122	150	50	147	98	148	129	138	43	46	77	81	47	141	53	47	110	111	56	41	127	33	85	36	122	96	41	96	42	122	84	87	131	133	34	82	50	128	92	69	139	94	106	123	43	34	56	123	57	67	57	135	113	89	122	78	131	144	112	140	132	95	44	122	77	56	40	138	78	82	45	79	31	31	72	46	57	68	63	119	131	38	112	116	123	43	97	36	112	51	131	33	54	109	135	83	32	111	57	80	61	66	45	108	46	102	74	71	136	78	123	140	42	34	97	41	112	30	86	65	72	36	130	123	89	62	34	143	76	111	56	122	47	65	103	60	106	78	32	109	58	104	86	73	31	88	40	77	46	118	124	34	38	144	128	80	113	67	61	42	100	140	40	104	139	98	35	105	53	95	104	131	147	60	31	46	83	100	124	135	91	147	109	61	97	106	70	129	54	36	71	145	38	119	126	132	110	66	100	117	40	122	60	78	68	79	100	72	82	149	140	118	122	40	45	149	45	47	127	64	128	99	104	80	114	135	73	64	67	64	98	71	54	67	70	94	128	150	145	142	53	52	101	38	32	147	54	111	84	91	102	89	114	40	86	111	86	37	140	84	124	50	39	117	144	47	78	46	95	76	62	109	57	93	61	76	113	118	77	136	149	76	126	44	144	96	38	119	130	91	51	103	134	144
DISTANCE_MATRIX
0	360	318	300	288	276	264	264	150	150	150	60	90	90	162	168	204	228	234	312	360	408	348	318	168	192	168	318
360	60	264	318	324	342	342	342	348	348	354	360	372	378	378	420	420	480	462	498	462	462	384	420	372	420	378	378
318	264	60	270	276	288	288	288	294	294	294	318	318	324	324	414	414	468	462	486	462	462	330	366	366	408	372	324
300	318	270	60	276	288	288	288	288	288	288	300	300	312	318	408	408	468	462	486	438	438	318	360	360	402	360	312
288	324	276	276	60	276	276	276	276	276	276	288	288	300	300	402	396	462	456	480	432	432	300	360	360	402	348	300
276	342	288	288	276	60	180	180	252	258	264	264	264	288	288	390	390	456	450	480	432	432	288	348	348	348	288	288
264	342	288	288	276	180	60	180	246	258	264	264	264	288	288	390	390	456	450	480	432	432	288	348	348	348	288	288
264	342	288	288	276	180	180	60	240	258	264	264	264	288	288	390	390	456	450	480	432	432	288	348	348	348	288	288
150	348	294	288	276	252	246	240	60	120	120	150	126	270	270	378	384	420	438	480	420	408	276	300	300	300	276	270
150	348	294	288	276	258	258	258	120	60	120	150	150	270	270	378	384	420	438	480	420	408	276	300	300	300	276	270
150	354	294	288	276	264	264	264	120	120	60	150	150	270	270	378	384	420	438	480	420	408	276	300	300	300	276	270
60	360	318	300	288	264	264	264	150	150	150	60	90	162	168	228	234	312	360	408	348	318	168	192	192	198	168	162
90	372	318	300	288	264	264	264	150	150	150	90	60	162	168	228	234	312	360	408	348	318	168	192	192	198	168	162
90	378	324	312	300	288	288	288	270	270	270	162	162	60	120	180	180	306	210	360	300	300	120	180	120	180	120	234
162	378	324	318	300	288	288	288	270	270	270	168	168	120	60	180	180	306	210	360	300	300	120	180	120	180	120	120
168	420	414	408	402	348	348	348	300	300	300	228	228	180	180	60	132	204	132	348	258	258	186	60	180	132	222	180
204	420	414	408	396	390	390	390	384	384	384	234	234	180	180	132	60	204	132	348	258	258	186	60	180	132	222	180
228	480	468	468	462	456	456	456	420	420	420	312	312	306	306	204	204	60	198	120	240	240	306	204	306	138	306	306
234	462	462	462	456	450	450	450	438	438	438	360	360	210	210	132	132	198	60	138	132	132	210	132	210	132	210	210
312	498	486	486	480	480	480	480	480	480	480	408	408	360	360	348	348	120	138	60	348	348	360	348	360	348	360	360
360	462	462	438	432	432	432	432	420	420	420	348	348	300	300	258	258	240	132	348	60	60	300	258	300	258	300	300
408	462	462	438	432	432	432	432	408	408	408	318	318	300	300	258	258	240	132	348	60	60	300	258	300	258	300	300
348	384	330	318	300	288	288	288	276	276	276	168	168	120	120	186	186	306	210	360	300	300	60	186	120	186	120	120
318	420	366	360	360	348	348	348	300	300	300	192	192	180	180	60	60	204	132	348	258	258	186	60	180	60	180	180
168	372	300	306	300	288	288	288	270	270	270	168	168	120	120	180	180	306	210	360	300	300	120	180	60	180	120	120
192	420	408	402	402	348	348	348	300	300	300	198	198	180	180	132	132	138	132	348	258	258	186	60	180	60	180	180
168	378	372	360	348	288	288	288	276	276	276	168	168	120	120	222	222	306	210	360	300	300	120	180	120	180	60	120
318	378	324	312	300	288	288	288	270	270	270	162	162	234	120	180	180	306	210	360	300	300	120	180	120	180	120	60
DEPOTS_DISTANCE
234	462	462	462	456	450	450	450	438	438	438	360	360	210	210	132	132	198	60	138	132	132	210	132	210	132	210	210	
348	384	330	318	300	288	288	288	276	276	276	168	168	120	120	186	186	306	210	360	300	300	60	186	120	186	120	120	
318	420	366	360	360	348	348	348	300	300	300	192	192	180	180	60	60	204	132	348	258	258	186	60	180	60	180	180	
LOCATION_TURN_MATRIX
100	130	122	113	112	199	136	122	129	152	173	146	151	136	158	140	176	113	122	167	194	134	110	172	114	184	100	147	
170	100	154	188	164	169	136	136	152	170	104	183	155	115	101	104	155	187	174	115	149	134	178	168	114	135	168	102	
178	146	100	161	178	114	104	165	117	139	126	169	192	109	120	179	160	152	154	134	113	140	154	179	196	196	192	181	
187	112	139	100	158	114	195	181	104	132	195	106	183	169	132	170	140	136	172	148	116	110	123	136	151	120	176	169	
188	136	122	142	100	175	164	159	112	100	167	164	135	191	132	181	104	123	142	156	108	117	193	182	116	147	156	185	
101	131	186	186	125	100	190	147	164	150	137	102	145	176	185	131	113	108	117	186	118	151	140	178	154	189	172	110	
164	164	196	105	136	110	100	186	153	151	183	193	111	157	144	123	188	142	110	163	105	190	166	187	170	171	186	126	
178	164	135	119	141	153	114	100	106	130	108	103	151	178	122	151	130	133	184	177	110	141	166	110	122	174	191	197	
171	148	183	196	188	136	147	194	100	167	100	146	168	129	128	142	172	118	174	147	105	158	156	160	120	106	119	136	
148	130	161	168	200	150	149	170	133	100	177	106	175	116	188	180	176	194	108	146	130	187	183	173	128	141	169	176	
127	196	174	105	133	163	117	192	200	123	100	171	175	140	183	115	104	186	128	153	151	175	100	146	191	117	132	197	
154	117	131	194	136	198	107	197	154	194	129	100	136	184	140	147	172	184	148	131	103	156	185	200	152	158	154	143	
149	145	108	117	165	155	189	149	132	125	125	164	100	140	199	142	101	144	163	185	117	191	200	143	113	165	102	154	
164	185	191	131	109	124	143	122	171	184	160	116	160	100	109	116	196	113	131	186	166	139	183	175	144	161	105	170	
142	199	180	168	168	115	156	178	172	112	117	160	101	191	100	147	177	177	199	158	172	188	164	175	180	168	154	195	
160	196	121	130	119	169	177	149	158	120	185	153	158	184	153	100	152	159	197	157	181	159	102	123	168	200	124	186	
124	145	140	160	196	187	112	170	128	124	196	128	199	104	123	148	100	149	114	112	117	135	105	132	138	180	198	156	
187	113	148	164	177	192	158	167	182	106	114	116	156	187	123	141	151	100	166	132	168	163	159	123	129	173	161	116	
178	126	146	128	158	183	190	116	126	192	172	152	137	169	101	103	186	134	100	184	199	137	130	160	148	113	140	150	
133	185	166	152	144	114	137	123	153	154	147	169	115	114	142	143	188	168	116	100	111	195	128	157	191	164	141	171	
106	151	187	184	192	182	195	190	195	170	149	197	183	134	128	119	183	132	101	189	100	129	151	163	147	166	104	177	
166	166	160	190	183	149	110	159	142	113	125	144	109	161	112	141	165	137	163	105	171	100	101	185	169	129	103	197	
190	122	146	177	107	160	134	134	144	117	200	115	100	117	136	198	195	141	170	172	149	199	100	106	150	116	118	145	
128	132	121	164	118	122	113	190	140	127	154	100	157	125	125	177	168	177	140	143	137	115	194	100	128	167	115	155	
186	186	104	149	184	146	130	178	180	172	109	148	187	156	120	132	162	171	152	109	153	131	150	172	100	155	124	184	
116	165	104	180	153	111	129	126	194	159	183	142	135	139	132	100	120	127	187	136	134	171	184	133	145	100	129	192	
200	132	108	124	144	128	114	109	181	131	168	146	198	195	146	176	102	139	160	159	196	197	182	185	176	171	100	146	
153	198	119	131	115	190	174	103	164	124	103	157	146	130	105	114	144	184	150	129	123	103	155	145	116	108	154	100	
DEPOTS_TO_LOCAL_TURN_MATRIX
178	126	146	128	158	183	190	116	126	192	172	152	137	169	101	103	186	134	100	184	199	137	130	160	148	113	140	150	
190	122	146	177	107	160	134	134	144	117	200	115	100	117	136	198	195	141	170	172	149	199	100	106	150	116	118	145	
128	132	121	164	118	122	113	190	140	127	154	100	157	125	125	177	168	177	140	143	137	115	194	100	128	167	115	155	
LOCAL_TO_DEPOT_TURN_MATRIX
122	174	154	172	142	117	110	184	174	108	128	148	163	131	199	197	114	166	100	116	101	163	170	140	152	187	160	150	
110	178	154	123	193	140	166	166	156	183	100	185	200	183	164	102	105	159	130	128	151	101	100	194	150	184	182	155	
172	168	179	136	182	178	187	110	160	173	146	200	143	175	175	123	132	123	160	157	163	185	106	100	172	133	185	145	

