INDEX_PROBLEM
1
PATIENTS
800
STRETCHERS
16
NUM_ROOM
28
NUM_DEPOT
3
NUM_PRIORITY
4
PRIORITY_LIST
0	1	2	3	4
PRIORITY_WEIGHT
0	1	10	18	30
PRIORITY_JOB
0	1	2	3	3	4	2	2	3	3	4	4	1	2	3	3	4	3	4	2	2	3	3	3	4	4	1	2	3	3	4	4	4	2	2	3	3	4	1	3	3	2	2	3	4	4	4	1	4	2	3	3	4	2	2	3	4	1	1	3	4	4	1	2	1	2	3	3	4	2	2	4	4	1	1	3	4	1	2	1	3	3	3	4	4	2	2	3	3	1	1	3	4	4	1	1	2	2	2	3	4	4	1	2	4	3	1	1	3	3	4	2	1	2	2	3	4	4	1	2	3	4	1	1	3	4	4	2	2	2	2	3	4	1	2	3	4	3	3	1	1	4	4	2	2	1	3	3	4	3	1	2	4	3	1	1	2	4	4	4	1	2	2	3	3	4	1	2	3	4	2	1	1	3	4	4	1	1	4	2	3	3	4	2	2	3	4	3	1	1	4	4	1	2	2	3	3	4	4	2	2	3	1	1	3	3	4	1	2	2	2	2	3	4	4	4	1	3	1	1	2	3	3	4	1	2	1	1	2	2	3	4	1	2	4	3	1	1	3	4	4	2	2	2	2	3	4	4	1	4	3	2	1	1	3	3	4	4	1	2	2	3	3	4	1	3	4	2	1	1	2	3	4	4	2	1	2	3	3	4	4	3	4	1	1	1	2	2	3	4	1	1	2	3	3	4	4	4	3	2	1	2	3	4	4	1	2	1	2	3	3	4	2	3	3	1	1	2	4	3	4	2	1	1	2	2	3	4	4	1	4	1	1	2	3	3	4	2	1	1	2	2	3	4	4	1	3	4	2	1	1	3	3	4	2	2	2	3	4	4	1	4	1	2	1	1	3	3	4	4	2	2	2	3	3	4	1	3	3	1	1	2	2	3	4	4	1	1	2	3	3	4	4	3	4	1	1	1	2	2	3	4	2	1	2	3	3	4	1	4	4	1	2	2	3	4	1	2	3	2	3	3	4	4	2	2	3	1	1	3	3	4	1	1	2	2	2	3	4	4	1	2	4	1	1	3	3	4	4	2	1	1	2	2	3	4	1	2	3	1	1	3	3	4	4	1	2	2	2	3	4	2	1	4	1	1	4	3	3	4	2	1	2	3	3	4	1	2	3	3	1	1	2	3	4	4	4	2	1	2	3	3	4	1	4	3	1	1	1	2	2	3	4	1	2	2	3	3	4	4	1	4	2	2	3	4	4	1	1	4	2	3	3	4	2	2	3	4	1	1	3	3	4	1	2	1	2	2	3	4	4	2	1	3	1	2	4	3	3	4	2	1	1	2	2	3	4	1	2	4	1	1	3	3	4	4	2	1	2	2	3	4	1	2	4	3	1	1	3	3	4	4	1	2	2	3	3	4	1	4	2	1	1	2	2	3	4	4	2	2	2	3	3	4	4	3	4	1	1	1	2	2	3	4	1	1	1	2	3	3	4	2	4	1	2	3	4	4	1	2	3	2	3	3	4	4	2	4	3	1	1	2	3	3	4	1	2	1	2	2	3	4	4	2	4	1	1	2	3	3	4	1	2	1	2	2	3	4	4	1	3	1	1	2	3	3	4	1	2	2	3	4	4	1	2	4	1	1	1	3	3	4	4	2	2	2	2	3	3	3	1	3	3	1	1	2	4	3	4	4	1	2	2	3	3	4	1	4	3	1	1	2	2	3	4	1	1	2	3	3	4	4	2	4	4	1	1	2	3	4	1	2	1	1	1	3	3	4	4	2	2	1	1	2	2	3	3	1	1	1	1	4	1	2	3	1	2	1	3	4	4	2	2	1	2	1	1	3	3	4	1	2	1	1	1	2	3	4	4	1	2
TIME_ASKED
0	28849	28898	28947	28996	29045	29094	29149	29198	29247	29296	29345	29394	29429	29458	29487	29516	29545	29574	29603	29632	29661	29690	29742	29784	29826	29868	29910	29952	29994	30029	30058	30087	30116	30145	30174	30203	30232	30261	30290	30329	30358	30387	30416	30445	30474	30503	30532	30561	30590	30621	30642	30663	30684	30705	30726	30747	30768	30789	30810	30831	30852	30873	30894	30949	30998	31047	31096	31145	31194	31227	31254	31281	31308	31335	31362	31389	31416	31443	31470	31497	31524	31548	31572	31596	31620	31644	31668	31692	31716	31740	31764	31788	31837	31874	31911	31948	31985	32022	32059	32096	32159	32218	32277	32336	32395	32419	32438	32457	32476	32495	32514	32533	32552	32571	32590	32609	32628	32647	32666	32685	32759	32818	32877	32936	32995	33027	33054	33081	33108	33135	33162	33189	33216	33243	33270	33297	33333	33366	33399	33432	33465	33498	33531	33564	33597	33616	33632	33648	33664	33680	33696	33712	33728	33744	33760	33776	33792	33808	33824	33840	33856	33872	33888	33933	33966	33999	34032	34065	34098	34131	34164	34197	34242	34284	34326	34368	34410	34452	34494	34533	34566	34599	34632	34665	34698	34731	34764	34797	34827	34854	34881	34908	34935	34962	34989	35016	35043	35070	35097	35137	35174	35211	35248	35285	35322	35359	35396	35433	35466	35499	35532	35565	35598	35631	35664	35697	35723	35746	35769	35792	35815	35838	35861	35884	35907	35930	35953	35976	35999	36023	36046	36069	36092	36115	36138	36161	36184	36207	36230	36253	36276	36299	36327	36354	36381	36408	36435	36462	36489	36516	36543	36570	36597	36619	36638	36657	36676	36695	36714	36733	36752	36771	36790	36809	36828	36847	36866	36885	36949	36998	37047	37096	37145	37194	37259	37318	37377	37436	37495	37549	37598	37647	37696	37745	37794	37827	37854	37881	37908	37935	37962	37989	38016	38043	38070	38097	38123	38146	38169	38192	38215	38238	38261	38284	38307	38330	38353	38376	38399	38419	38438	38457	38476	38495	38514	38533	38552	38571	38590	38609	38628	38647	38666	38685	38742	38784	38826	38868	38910	38952	38994	39029	39058	39087	39116	39145	39174	39203	39232	39261	39290	39349	39398	39447	39496	39545	39594	39633	39666	39699	39732	39765	39798	39831	39864	39897	39937	39974	40011	40048	40085	40122	40159	40196	40242	40284	40326	40368	40410	40452	40494	40542	40584	40626	40668	40710	40752	40794	40849	40898	40947	40996	41045	41094	41133	41166	41199	41232	41265	41298	41331	41364	41397	41423	41446	41469	41492	41515	41538	41561	41584	41607	41630	41653	41676	41699	41749	41798	41847	41896	41945	41994	42099	42198	42297	42342	42384	42426	42468	42510	42552	42594	42699	42798	42897	42923	42946	42969	42992	43015	43038	43061	43084	43107	43130	43153	43176	43199	43237	43274	43311	43348	43385	43422	43459	43496	43549	43598	43647	43696	43745	43794	43899	43998	44097	44159	44218	44277	44336	44395	44459	44518	44577	44636	44695	44799	44898	44997	45033	45066	45099	45132	45165	45198	45231	45264	45297	45337	45374	45411	45448	45485	45522	45559	45596	45637	45674	45711	45748	45785	45822	45859	45896	45959	46018	46077	46136	46195	46249	46298	46347	46396	46445	46494	46537	46574	46611	46648	46685	46722	46759	46796	46821	46842	46863	46884	46905	46926	46947	46968	46989	47010	47031	47052	47073	47094	47199	47298	47397	47437	47474	47511	47548	47585	47622	47659	47696	47737	47774	47811	47848	47885	47922	47959	47996	48049	48098	48147	48196	48245	48294	48324	48348	48372	48396	48420	48444	48468	48492	48516	48540	48564	48588	48627	48654	48681	48708	48735	48762	48789	48816	48843	48870	48897	48937	48974	49011	49048	49085	49122	49159	49196	49233	49266	49299	49332	49365	49398	49431	49464	49497	49537	49574	49611	49648	49685	49722	49759	49796	49827	49854	49881	49908	49935	49962	49989	50016	50043	50070	50097	50149	50198	50247	50296	50345	50394	50424	50448	50472	50496	50520	50544	50568	50592	50616	50640	50664	50688	50737	50774	50811	50848	50885	50922	50959	50996	51027	51054	51081	51108	51135	51162	51189	51216	51243	51270	51297	51324	51348	51372	51396	51420	51444	51468	51492	51516	51540	51564	51588	51637	51674	51711	51748	51785	51822	51859	51896	51933	51966	51999	52032	52065	52098	52131	52164	52197	52259	52318	52377	52436	52495	52517	52534	52551	52568	52585	52602	52619	52636	52653	52670	52687	52704	52721	52738	52755	52772	52789	52859	52918	52977	53036	53095	53137	53174	53211	53248	53285	53322	53359	53396	53459	53518	53577	53636	53695	53733	53766	53799	53832	53865	53898	53931	53964	53997	54027	54054	54081	54108	54135	54162	54189	54216	54243	54270	54297	54374	54448	54522	54596	54627	54654	54681	54708	54735	54762	54789	54816	54843	54870	54897	55049	55198	55237	55274	55311	55348	55385	55422	55459	55496	55574	55648	55722	55796	55827	55854	55881	55908	55935	55962	55989	56016	56043	56070	56097	56399	56499	56598	56697	56733	56766	56799	56832	56865	56898	56931	56964	56997	57049	57098	57147	57196	57245	57294	57359	57418	57477	57536	57595
ORIGIN
26	16	6	27	19	7	11	25	25	14	14	10	2	23	14	26	14	14	3	23	4	4	23	14	14	14	14	7	27	20	14	14	9	9	1	23	11	14	14	4	2	14	2	3	24	14	14	11	11	6	27	18	7	27	20	8	2	14	17	2	23	12	2	14	14	9	23	14	4	24	16	16	1	25	14	27	19	8	27	9	9	1	23	11	2	23	14	4	4	4	14	14	14	4	5	14	27	27	18	7	27	20	8	1	27	27	12	17	12	2	14	14	14	27	14	4	24	15	4	23	16	8	3	26	3	26	23	14	23	14	10	2	23	14	2	14	14	14	14	14	27	15	20	14	20	14	23	27	20	14	1	8	4	2	2	27	27	20	4	14	14	2	6	24	15	4	26	16	8	2	26	14	2	2	8	26	14	14	14	23	12	2	23	1	1	16	14	14	14	27	14	14	9	9	1	20	8	27	11	14	14	27	27	2	14	14	14	14	14	27	3	14	4	26	14	1	1	1	17	2	17	2	1	14	14	27	1	12	2	23	14	3	2	14	16	11	11	14	11	14	16	14	10	8	27	23	14	16	8	14	14	14	14	14	2	8	8	1	2	7	26	16	1	26	13	2	27	26	26	14	14	14	10	14	14	14	23	13	3	23	10	26	8	11	14	1	14	14	14	3	14	2	23	8	1	22	22	14	14	14	2	27	9	27	14	9	1	27	16	5	26	26	14	23	23	20	3	3	14	3	14	27	18	14	13	2	23	5	3	14	1	1	1	7	14	3	14	14	14	3	8	1	23	10	14	14	26	16	26	26	14	14	19	14	8	8	5	26	26	7	19	14	16	14	14	14	3	14	20	16	1	4	2	23	23	3	20	26	27	7	14	14	1	14	1	10	14	2	1	23	10	1	14	16	26	26	14	14	27	14	14	14	3	14	14	16	23	10	14	5	1	14	14	3	20	20	20	1	14	16	23	14	3	1	14	18	14	14	14	1	14	3	14	3	18	14	23	10	1	20	14	14	16	14	14	27	14	14	3	14	14	12	16	6	27	19	7	23	20	20	14	4	17	14	26	14	1	3	14	3	23	14	7	27	1	25	1	25	14	26	16	16	14	27	9	26	23	11	2	3	4	27	4	14	14	11	2	14	10	8	5	27	18	7	2	27	4	11	14	14	2	22	22	23	14	27	3	23	14	4	26	14	14	26	26	25	26	26	2	2	14	12	1	23	11	2	23	23	14	26	14	14	27	15	14	14	1	2	26	17	7	27	14	24	14	14	14	2	27	20	24	2	14	26	23	14	4	24	15	27	23	14	14	3	26	14	20	27	17	1	23	10	2	11	27	20	14	4	14	15	15	2	7	14	14	26	16	7	27	27	27	14	27	27	20	20	2	2	2	10	16	23	14	3	24	14	4	4	3	3	26	26	14	2	2	2	14	23	10	2	23	12	14	6	14	14	27	14	27	2	2	14	14	14	7	27	19	2	23	26	1	3	20	20	2	2	14	2	2	14	3	24	14	4	14	14	14	26	14	7	27	26	14	11	26	10	1	23	12	2	23	15	27	27	14	14	24	15	15	1	16	6	27	19	7	27	27	20	25	20	20	2	23	14	7	26	14	3	23	14	20	8	4	27	27	26	7	27	20	14	8	2	9	1	23	11	2	23	14	12	3	14	14	24	15	1	1	27	6	27	18	7	27	14	14	14	14	10	2	23	2	2	2	14	3	23	14	4	2	3	25	3	25	7	27	20	14	14	14	9	1	23	11	2	14	14	14	14	14	3	24	14	1	1	4	5	27	18	7	27	20	8	12	23	17	1	23	12	2	16	1
DESTINATION
3	14	17	2	22	23	12	14	14	3	3	14	14	27	16	3	25	25	14	4	14	14	27	9	9	9	1	20	2	14	4	4	14	14	14	27	15	5	5	14	27	5	27	14	2	26	8	12	12	17	2	27	20	2	14	14	27	16	6	14	27	11	14	25	25	14	3	26	14	2	14	14	23	14	3	2	22	14	23	14	14	14	27	15	14	27	20	14	14	14	9	1	26	14	14	4	2	2	27	20	2	14	14	14	2	2	11	6	11	14	20	20	8	2	26	14	2	14	14	26	14	14	23	14	23	14	27	1	1	9	14	14	27	8	14	16	9	1	1	1	23	11	14	4	14	4	27	2	14	4	14	14	14	27	27	18	18	7	14	1	1	27	17	2	14	14	3	14	14	27	14	4	24	24	14	23	16	8	4	27	11	14	1	14	14	14	10	2	10	23	2	16	14	14	14	14	14	2	15	8	20	2	23	27	20	8	1	8	4	2	26	26	14	3	4	14	14	14	6	24	6	24	14	16	8	2	14	11	14	1	25	14	27	8	14	12	12	2	12	1	14	16	14	14	2	27	9	14	14	9	1	20	20	8	27	14	14	23	27	20	3	14	14	3	7	27	18	14	14	4	16	1	14	1	1	1	1	7	14	3	14	14	14	12	2	23	2	3	10	26	16	14	26	14	14	19	19	16	8	8	27	23	14	2	8	14	14	2	14	14	3	14	8	1	1	7	26	26	1	26	16	2	27	4	7	14	1	14	14	10	14	14	23	13	3	23	10	26	8	14	14	14	27	14	10	4	3	14	23	23	8	1	22	5	14	14	14	3	14	20	22	1	14	20	16	5	26	26	7	14	23	14	14	1	3	14	7	3	18	13	2	2	23	5	23	14	1	14	14	27	14	14	3	14	14	14	8	1	23	10	10	2	26	20	4	14	1	14	16	14	14	5	8	26	7	7	7	14	1	14	1	25	14	14	16	27	16	4	2	23	3	23	3	26	27	4	27	14	14	11	2	2	14	2	1	23	10	1	14	16	26	11	14	17	2	22	23	27	14	14	16	14	6	10	14	1	14	26	25	14	4	26	20	2	23	14	23	14	3	14	14	14	26	23	14	14	27	15	14	14	14	23	14	10	1	20	14	16	14	14	14	2	27	20	24	2	14	12	16	16	27	19	19	7	20	23	14	3	26	14	3	20	20	3	3	14	14	14	27	27	4	11	14	27	15	14	7	27	16	14	26	9	23	11	2	3	14	27	3	9	20	2	2	2	10	8	5	27	18	7	2	27	4	3	3	26	14	2	14	2	27	3	3	23	14	4	14	2	6	14	27	14	14	12	2	14	26	14	1	11	11	14	23	26	1	3	16	20	2	2	23	1	2	2	7	7	27	27	24	14	14	1	26	14	2	26	14	14	26	23	14	14	4	24	27	27	15	27	14	14	27	11	15	17	2	1	23	10	23	27	27	20	25	20	20	2	22	14	7	14	14	26	7	7	27	27	20	27	27	26	14	1	26	14	8	10	16	14	3	20	2	14	4	12	3	14	14	27	11	14	1	14	23	23	10	2	2	14	14	14	14	17	2	22	23	2	2	14	14	14	7	14	27	2	23	3	25	14	5	26	14	14	14	2	2	14	20	2	14	4	14	14	14	14	27	20	14	1	4	11	26	10	1	2	14	23	23	23	17	2	27	23	2	16	1	15	1	14	14	27	27	27	27	25	14	4	26	14	14	26	14	26	14	20	2	14	8	8	4	14	14	27	15	14	2	2	9	9	9	14	1	26	23	23	14	14	2	27	20	2	14	14	11	27	6	14	27	11	14	14	14
DUE_DATE
0	31147	30476	30045	30094	29603	30672	30727	30296	30345	29854	29903	31692	31007	30556	30585	30074	30643	30132	31181	31210	30759	30788	30840	30342	30384	32166	31488	31050	31092	30587	30616	30645	31694	31723	31272	31301	30790	32559	31388	31427	31936	31965	31514	31003	31032	31061	32830	31119	32168	31719	31740	31221	32262	32283	31824	31305	33066	33087	31908	31389	31410	33171	32472	33247	32576	32145	32194	31703	32772	32805	31812	31839	33606	33633	32460	31947	33714	33021	33768	32595	32622	32646	32130	32154	33198	33222	32766	32790	34014	34038	32862	32346	32395	34172	34209	33526	33563	33600	33157	32654	32717	34516	33855	32894	33493	34717	34736	33555	33574	33053	34092	34831	34130	34149	33688	33167	33186	34945	34244	33783	33317	35116	35175	34034	33553	33585	34632	34659	34686	34713	34260	33747	35514	34821	34368	33855	34431	34464	35697	35730	34023	34056	35109	35142	35895	34714	34730	34206	34762	35978	35274	34270	34826	36042	36058	35354	34350	34366	34382	36138	35434	35450	34986	35031	34524	36297	35610	35163	34656	35709	36462	36495	35340	34842	34884	36666	36708	35010	36072	35631	35664	35157	36210	36243	35796	35289	35862	37095	37125	35412	35439	37206	36513	36540	36087	36114	35601	35628	36675	36715	36272	37509	37546	36383	36420	35917	37694	37011	37044	37077	37110	36663	36156	36189	36222	37995	36821	38044	38067	37370	36913	36936	36419	38182	37485	38228	38251	37554	37577	37121	36604	38367	37670	36673	37236	38459	38482	37305	36788	36811	37854	37877	37905	37932	37479	36966	36993	38760	37047	37614	38121	38868	38895	37717	37736	37215	37234	38993	38292	38311	37850	37869	37348	39107	37926	37405	38444	39183	39247	38576	38145	37654	37703	38772	39557	38896	38475	38534	38053	38107	38696	38205	39994	40043	40092	39405	39432	38979	38466	40233	40260	39567	39114	39141	38628	38655	38681	39244	39747	40490	39793	39336	38819	38842	40605	39908	40651	39954	39497	39517	38996	40035	39574	39593	40812	40831	40130	39129	39688	39167	40206	40945	40964	40263	40320	39882	39384	39426	41208	39510	41292	41327	40636	40185	40214	39703	40752	41501	41530	40839	40868	40447	39956	40005	41794	40643	40152	41211	41964	41997	40830	40863	40356	41409	41442	41475	41035	40532	40569	42346	40643	42420	41737	42494	42540	41382	41424	40926	40968	42030	42072	42120	41682	41724	41226	43008	41850	41892	43147	43196	42525	42574	42143	41652	41691	43464	43497	42810	42363	42396	41889	41922	42495	41981	43744	43767	43790	43093	43116	42659	42142	43185	43928	43231	42774	42797	42307	44096	42405	42454	44243	43572	43677	43296	42855	44640	43962	43524	44046	43608	43650	43152	43257	44376	44475	44021	45244	45267	44090	44113	43596	45359	45382	44685	44708	44731	44274	43757	43795	45572	44889	43906	45683	45720	44557	44594	44107	44156	45225	45994	46043	45372	45477	45096	44655	46457	45796	45375	46634	46693	45557	45616	45135	45194	46993	46377	46476	46575	46131	45624	46677	47430	45723	47496	47529	45822	46395	46435	45932	46989	47746	47063	46620	46657	46154	47935	47252	46809	46846	48083	48120	47437	46994	46517	46576	46635	47714	48493	47827	47396	47445	46954	48743	47052	47635	48872	48909	48946	48263	48300	47857	47354	49119	48420	48441	47982	48003	47484	47505	49266	47547	48588	48609	48150	47631	47652	49497	49596	47955	49015	48572	48609	48106	49163	49200	48757	48254	50035	50072	48909	48946	48443	50220	49537	50294	49627	49676	49245	48754	48803	49872	50622	49446	50670	49974	48978	49542	49566	49050	50094	50838	50862	50166	50205	49752	49239	51006	50313	49320	51087	51114	49941	49968	49455	49495	50552	51309	50626	50663	50220	49717	51494	50811	49824	50397	51630	51663	50496	50529	50022	50055	51835	51152	51189	50746	50783	50280	52057	50354	51405	52152	52179	51486	51513	51060	50547	50574	51621	51648	51675	51247	51296	50805	50854	51443	50952	52722	52746	52770	52074	52098	51642	51126	52890	52914	52938	52242	51786	51835	51332	52389	51406	53183	52500	52057	51554	51585	53352	52659	52206	52713	52260	52287	51774	51801	52848	51855	52422	53646	53670	52974	52518	52542	52026	53790	53094	53838	53142	53166	52735	52232	52269	53326	52343	54120	54157	53474	53031	53064	52557	54330	53643	54396	53709	53742	53295	52817	52876	54675	53534	54793	54815	54112	53649	53666	53143	54900	54197	54214	53751	53228	53245	55002	54299	53296	55053	55070	55087	53957	54016	53535	53594	54673	54715	54752	54789	54346	54383	54420	55657	54494	54557	55816	55875	55214	54253	54831	54324	54357	56130	55443	55476	55029	55062	54555	56325	54612	55179	56406	56433	55740	55767	55314	54801	56568	56595	55952	55546	55620	55154	55185	56232	55239	55266	57033	57060	56367	55914	55401	57168	56475	57347	57496	57535	56372	56409	55906	55943	57000	57037	57794	57872	57226	57300	56894	56925	58152	58179	58206	58233	56520	58287	57594	57141	58368	57675	58697	57597	57156	57255	58311	58344	59097	58410	59163	59196	58029	58062	57555	59347	58676	59445	59494	59543	58872	58457	57976	58035	59834	59173
TRANSPORT_MODE
0	2	2	1	1	1	1	2	0	2	1	1	1	1	1	0	0	2	2	1	1	1	1	0	0	2	2	1	1	1	1	2	0	2	1	1	1	1	1	0	0	2	2	1	1	1	1	2	0	2	1	1	1	1	1	0	0	3	3	1	1	1	1	1	0	0	2	2	1	1	1	1	0	3	3	1	1	1	1	0	0	2	2	1	1	1	1	1	0	3	3	1	1	1	1	0	0	2	2	1	1	1	1	1	0	0	3	3	1	1	1	1	0	0	1	2	2	1	1	1	1	0	3	3	1	1	1	1	0	0	2	1	2	1	1	1	0	0	1	3	3	1	1	1	1	0	2	2	1	1	1	1	0	0	3	3	1	1	1	1	1	0	2	2	1	1	1	1	0	0	1	3	3	1	1	1	1	0	0	1	2	2	1	1	1	0	0	1	3	3	1	1	1	0	1	2	2	1	1	1	1	0	3	3	1	1	1	1	0	0	1	2	2	1	1	1	1	0	3	3	1	1	1	1	0	0	0	1	2	2	1	1	1	1	0	1	3	3	1	1	1	0	0	1	2	1	1	1	1	0	0	1	3	3	1	1	1	1	0	2	2	1	1	1	1	0	0	1	3	3	1	1	1	1	0	2	2	1	1	1	1	0	0	1	3	3	1	1	1	1	0	1	2	2	1	1	1	0	0	1	3	1	1	1	1	0	0	1	2	2	1	1	1	1	0	3	3	1	1	1	1	0	0	1	2	2	1	1	1	1	0	3	3	1	1	1	1	0	0	1	2	2	1	1	1	1	0	0	1	3	3	1	1	1	0	1	2	1	1	1	1	0	0	1	3	3	1	1	1	1	0	2	2	1	1	1	1	0	0	3	3	1	1	1	1	1	0	2	2	1	1	1	1	0	0	1	3	3	1	1	1	1	0	2	1	2	1	1	0	1	0	3	1	1	1	1	1	0	0	1	2	2	1	1	1	1	0	3	3	1	1	1	1	0	0	2	2	1	1	1	1	1	0	3	3	1	1	1	1	0	0	2	2	1	1	1	1	1	0	3	3	1	1	1	1	0	0	2	1	1	1	1	1	0	3	3	1	1	1	1	2	0	2	1	1	1	1	1	0	0	3	3	1	1	1	1	2	0	2	1	1	1	1	1	0	0	0	3	3	1	1	1	1	1	0	2	2	1	1	1	3	0	1	1	1	1	1	2	0	0	2	1	1	1	1	1	0	0	3	3	1	1	1	1	0	0	2	2	1	1	1	1	3	0	3	1	1	1	1	1	0	0	2	2	1	1	1	1	1	0	3	3	1	1	1	1	0	0	2	1	1	1	1	1	0	0	3	3	1	1	1	1	0	2	2	1	1	1	1	0	0	3	3	1	1	1	1	1	0	2	2	1	1	1	1	0	0	3	3	1	1	1	1	1	0	0	2	2	1	1	1	1	0	3	1	1	1	1	1	0	0	2	2	1	1	1	1	0	0	3	3	1	1	1	1	0	0	2	2	1	1	1	1	1	0	3	3	1	1	1	1	0	0	2	2	1	1	1	1	1	0	3	3	1	1	1	1	0	2	2	1	1	1	1	1	0	0	3	3	1	1	1	1	0	0	2	2	1	1	1	1	0	0	3	3	1	1	1	1	1	0	2	2	1	1	1	1	0	0	3	3	1	1	1	1	1	0	2	2	1	1	1	1	0	0	3	3	1	1	1	1	1	0	3	3	1	1	1	1	0	0	3	3	1	1	1	1	0	0	3	3	1	1	1	1	3	0	3	1	1	1	1	1	0	0	3	3	1	1	1	1	1	0	3	3	1	1	1	1	0	0
PATIENT_WEIGHT
132	39	92	130	110	128	93	91	135	111	81	43	106	94	113	75	143	69	136	143	101	126	53	73	36	82	146	81	47	80	49	141	89	32	37	102	67	55	149	102	45	109	143	117	139	42	56	126	101	113	79	128	110	38	45	142	51	64	82	85	108	42	52	133	114	125	123	109	78	113	57	111	81	142	106	117	101	74	116	79	85	44	50	128	139	139	145	56	90	118	113	84	53	101	101	42	74	60	98	47	119	134	66	106	100	59	145	50	122	134	80	108	118	99	53	127	68	101	35	39	141	126	59	134	73	150	54	50	36	65	125	65	96	91	96	89	103	89	81	130	42	135	54	120	148	53	85	136	42	148	86	135	120	52	47	78	44	126	110	39	127	49	123	53	138	147	102	55	142	95	64	104	48	83	80	46	79	42	44	130	109	58	73	112	95	51	82	106	98	108	143	120	59	38	100	42	101	123	58	132	82	79	69	80	48	108	58	51	122	38	67	63	122	107	74	89	122	135	107	87	87	93	58	87	91	40	50	42	131	148	84	75	38	128	93	130	91	39	110	136	58	34	85	31	91	83	84	76	98	122	136	139	64	122	94	57	46	118	113	62	126	121	126	112	71	130	139	127	58	110	91	30	94	133	130	139	113	126	122	99	96	122	135	58	110	115	129	37	60	70	123	44	91	121	103	64	63	139	120	106	136	50	46	135	70	124	44	41	66	83	72	64	109	105	90	76	56	62	130	73	103	116	69	64	114	40	30	78	142	131	66	57	104	55	73	130	140	81	39	69	74	136	72	51	49	64	54	107	59	50	138	95	59	143	82	78	35	96	137	79	101	142	60	64	49	129	135	78	110	144	85	74	111	32	83	96	139	147	49	37	109	98	56	42	86	149	103	39	102	135	138	55	87	108	131	73	117	37	145	60	103	125	127	147	139	138	106	55	65	79	52	85	149	73	144	75	82	135	39	125	30	87	125	146	101	150	126	142	148	83	49	115	61	136	109	68	41	47	97	116	99	114	135	57	123	54	30	46	76	148	82	109	37	52	100	70	140	90	48	52	98	76	64	133	70	111	75	129	146	102	142	75	39	138	68	86	121	109	61	72	43	102	74	108	78	70	91	65	114	130	37	63	82	128	133	101	96	81	133	82	76	75	117	31	47	148	71	117	121	114	130	36	65	46	99	92	79	42	39	55	89	100	60	69	47	47	66	120	30	38	118	36	135	141	133	142	45	139	50	114	64	80	117	47	79	121	46	103	41	147	127	95	131	139	124	94	86	36	132	128	141	91	106	38	90	112	103	130	114	129	95	83	60	92	142	39	84	88	64	134	49	75	86	104	110	106	38	132	93	98	123	110	121	97	84	142	79	87	69	112	53	53	70	45	62	98	43	132	144	133	134	79	94	47	53	76	73	123	84	137	39	140	77	71	71	130	104	99	60	123	31	41	100	70	46	144	95	138	56	40	38	83	76	137	103	47	149	82	75	104	121	114	80	64	61	114	116	122	81	49	118	86	127	138	65	69	100	52	80	73	139	119	46	128	64	60	30	106	125	98	134	31	143	110	106	58	120	87	120	82	42	129	112	53	70	114	116	52	145	77	133	124	53	47	88	116	132	143	140	64	130	51	123	130	95	68	86	83	107	72	112	140	84	104	137	89	62	84	124	121	97	94	78	66	65	127	149	46	139	32	61	108	80	133	51	60	38	74	53	95	71	103	83	82	135	122	79	117	143	98	30	104	93	108	101	45	30	102	69	112	123	75	42	116	44	73	115	118	125	69	52	81	48	138	83	115	140	30	83	97	128	75	148	73	62	130	116	102	48	78	75
DISTANCE_MATRIX
0	360	318	300	288	276	264	264	150	150	150	60	90	90	162	168	204	228	234	312	360	408	348	318	168	192	168	318
360	60	264	318	324	342	342	342	348	348	354	360	372	378	378	420	420	480	462	498	462	462	384	420	372	420	378	378
318	264	60	270	276	288	288	288	294	294	294	318	318	324	324	414	414	468	462	486	462	462	330	366	366	408	372	324
300	318	270	60	276	288	288	288	288	288	288	300	300	312	318	408	408	468	462	486	438	438	318	360	360	402	360	312
288	324	276	276	60	276	276	276	276	276	276	288	288	300	300	402	396	462	456	480	432	432	300	360	360	402	348	300
276	342	288	288	276	60	180	180	252	258	264	264	264	288	288	390	390	456	450	480	432	432	288	348	348	348	288	288
264	342	288	288	276	180	60	180	246	258	264	264	264	288	288	390	390	456	450	480	432	432	288	348	348	348	288	288
264	342	288	288	276	180	180	60	240	258	264	264	264	288	288	390	390	456	450	480	432	432	288	348	348	348	288	288
150	348	294	288	276	252	246	240	60	120	120	150	126	270	270	378	384	420	438	480	420	408	276	300	300	300	276	270
150	348	294	288	276	258	258	258	120	60	120	150	150	270	270	378	384	420	438	480	420	408	276	300	300	300	276	270
150	354	294	288	276	264	264	264	120	120	60	150	150	270	270	378	384	420	438	480	420	408	276	300	300	300	276	270
60	360	318	300	288	264	264	264	150	150	150	60	90	162	168	228	234	312	360	408	348	318	168	192	192	198	168	162
90	372	318	300	288	264	264	264	150	150	150	90	60	162	168	228	234	312	360	408	348	318	168	192	192	198	168	162
90	378	324	312	300	288	288	288	270	270	270	162	162	60	120	180	180	306	210	360	300	300	120	180	120	180	120	234
162	378	324	318	300	288	288	288	270	270	270	168	168	120	60	180	180	306	210	360	300	300	120	180	120	180	120	120
168	420	414	408	402	348	348	348	300	300	300	228	228	180	180	60	132	204	132	348	258	258	186	60	180	132	222	180
204	420	414	408	396	390	390	390	384	384	384	234	234	180	180	132	60	204	132	348	258	258	186	60	180	132	222	180
228	480	468	468	462	456	456	456	420	420	420	312	312	306	306	204	204	60	198	120	240	240	306	204	306	138	306	306
234	462	462	462	456	450	450	450	438	438	438	360	360	210	210	132	132	198	60	138	132	132	210	132	210	132	210	210
312	498	486	486	480	480	480	480	480	480	480	408	408	360	360	348	348	120	138	60	348	348	360	348	360	348	360	360
360	462	462	438	432	432	432	432	420	420	420	348	348	300	300	258	258	240	132	348	60	60	300	258	300	258	300	300
408	462	462	438	432	432	432	432	408	408	408	318	318	300	300	258	258	240	132	348	60	60	300	258	300	258	300	300
348	384	330	318	300	288	288	288	276	276	276	168	168	120	120	186	186	306	210	360	300	300	60	186	120	186	120	120
318	420	366	360	360	348	348	348	300	300	300	192	192	180	180	60	60	204	132	348	258	258	186	60	180	60	180	180
168	372	300	306	300	288	288	288	270	270	270	168	168	120	120	180	180	306	210	360	300	300	120	180	60	180	120	120
192	420	408	402	402	348	348	348	300	300	300	198	198	180	180	132	132	138	132	348	258	258	186	60	180	60	180	180
168	378	372	360	348	288	288	288	276	276	276	168	168	120	120	222	222	306	210	360	300	300	120	180	120	180	60	120
318	378	324	312	300	288	288	288	270	270	270	162	162	234	120	180	180	306	210	360	300	300	120	180	120	180	120	60
DEPOTS_DISTANCE
234	462	462	462	456	450	450	450	438	438	438	360	360	210	210	132	132	198	60	138	132	132	210	132	210	132	210	210	
348	384	330	318	300	288	288	288	276	276	276	168	168	120	120	186	186	306	210	360	300	300	60	186	120	186	120	120	
318	420	366	360	360	348	348	348	300	300	300	192	192	180	180	60	60	204	132	348	258	258	186	60	180	60	180	180	
LOCATION_TURN_MATRIX
100	130	122	113	112	199	136	122	129	152	173	146	151	136	158	140	176	113	122	167	194	134	110	172	114	184	100	147	
170	100	154	188	164	169	136	136	152	170	104	183	155	115	101	104	155	187	174	115	149	134	178	168	114	135	168	102	
178	146	100	161	178	114	104	165	117	139	126	169	192	109	120	179	160	152	154	134	113	140	154	179	196	196	192	181	
187	112	139	100	158	114	195	181	104	132	195	106	183	169	132	170	140	136	172	148	116	110	123	136	151	120	176	169	
188	136	122	142	100	175	164	159	112	100	167	164	135	191	132	181	104	123	142	156	108	117	193	182	116	147	156	185	
101	131	186	186	125	100	190	147	164	150	137	102	145	176	185	131	113	108	117	186	118	151	140	178	154	189	172	110	
164	164	196	105	136	110	100	186	153	151	183	193	111	157	144	123	188	142	110	163	105	190	166	187	170	171	186	126	
178	164	135	119	141	153	114	100	106	130	108	103	151	178	122	151	130	133	184	177	110	141	166	110	122	174	191	197	
171	148	183	196	188	136	147	194	100	167	100	146	168	129	128	142	172	118	174	147	105	158	156	160	120	106	119	136	
148	130	161	168	200	150	149	170	133	100	177	106	175	116	188	180	176	194	108	146	130	187	183	173	128	141	169	176	
127	196	174	105	133	163	117	192	200	123	100	171	175	140	183	115	104	186	128	153	151	175	100	146	191	117	132	197	
154	117	131	194	136	198	107	197	154	194	129	100	136	184	140	147	172	184	148	131	103	156	185	200	152	158	154	143	
149	145	108	117	165	155	189	149	132	125	125	164	100	140	199	142	101	144	163	185	117	191	200	143	113	165	102	154	
164	185	191	131	109	124	143	122	171	184	160	116	160	100	109	116	196	113	131	186	166	139	183	175	144	161	105	170	
142	199	180	168	168	115	156	178	172	112	117	160	101	191	100	147	177	177	199	158	172	188	164	175	180	168	154	195	
160	196	121	130	119	169	177	149	158	120	185	153	158	184	153	100	152	159	197	157	181	159	102	123	168	200	124	186	
124	145	140	160	196	187	112	170	128	124	196	128	199	104	123	148	100	149	114	112	117	135	105	132	138	180	198	156	
187	113	148	164	177	192	158	167	182	106	114	116	156	187	123	141	151	100	166	132	168	163	159	123	129	173	161	116	
178	126	146	128	158	183	190	116	126	192	172	152	137	169	101	103	186	134	100	184	199	137	130	160	148	113	140	150	
133	185	166	152	144	114	137	123	153	154	147	169	115	114	142	143	188	168	116	100	111	195	128	157	191	164	141	171	
106	151	187	184	192	182	195	190	195	170	149	197	183	134	128	119	183	132	101	189	100	129	151	163	147	166	104	177	
166	166	160	190	183	149	110	159	142	113	125	144	109	161	112	141	165	137	163	105	171	100	101	185	169	129	103	197	
190	122	146	177	107	160	134	134	144	117	200	115	100	117	136	198	195	141	170	172	149	199	100	106	150	116	118	145	
128	132	121	164	118	122	113	190	140	127	154	100	157	125	125	177	168	177	140	143	137	115	194	100	128	167	115	155	
186	186	104	149	184	146	130	178	180	172	109	148	187	156	120	132	162	171	152	109	153	131	150	172	100	155	124	184	
116	165	104	180	153	111	129	126	194	159	183	142	135	139	132	100	120	127	187	136	134	171	184	133	145	100	129	192	
200	132	108	124	144	128	114	109	181	131	168	146	198	195	146	176	102	139	160	159	196	197	182	185	176	171	100	146	
153	198	119	131	115	190	174	103	164	124	103	157	146	130	105	114	144	184	150	129	123	103	155	145	116	108	154	100	
DEPOTS_TO_LOCAL_TURN_MATRIX
178	126	146	128	158	183	190	116	126	192	172	152	137	169	101	103	186	134	100	184	199	137	130	160	148	113	140	150	
190	122	146	177	107	160	134	134	144	117	200	115	100	117	136	198	195	141	170	172	149	199	100	106	150	116	118	145	
128	132	121	164	118	122	113	190	140	127	154	100	157	125	125	177	168	177	140	143	137	115	194	100	128	167	115	155	
LOCAL_TO_DEPOT_TURN_MATRIX
122	174	154	172	142	117	110	184	174	108	128	148	163	131	199	197	114	166	100	116	101	163	170	140	152	187	160	150	
110	178	154	123	193	140	166	166	156	183	100	185	200	183	164	102	105	159	130	128	151	101	100	194	150	184	182	155	
172	168	179	136	182	178	187	110	160	173	146	200	143	175	175	123	132	123	160	157	163	185	106	100	172	133	185	145	

