INDEX_PROBLEM
1
PATIENTS
800
STRETCHERS
16
NUM_ROOM
28
NUM_DEPOT
3
NUM_PRIORITY
4
PRIORITY_LIST
0	1	2	3	4
PRIORITY_WEIGHT
0	1	10	18	30
PRIORITY_JOB
0	1	2	2	3	3	1	2	2	2	3	3	1	2	2	3	3	3	4	1	2	2	3	3	3	3	1	2	2	3	3	4	4	1	2	2	3	3	2	4	3	4	1	2	3	3	4	3	1	2	2	3	3	4	3	4	2	1	1	1	2	2	3	1	3	1	2	2	3	3	1	3	1	1	2	2	4	3	1	2	3	1	2	2	3	3	4	3	1	1	1	2	2	3	1	2	2	3	1	2	3	3	4	4	1	1	4	1	2	2	1	2	3	3	3	1	2	2	3	4	3	1	1	1	2	2	3	1	3	4	1	2	2	3	2	3	3	1	1	1	2	2	3	1	3	4	1	2	2	3	3	3	4	3	1	2	1	3	4	2	3	4	1	2	2	3	2	2	2	3	4	1	1	1	2	1	2	3	1	2	2	3	3	3	4	1	1	1	2	2	2	1	3	3	1	2	2	3	3	3	4	1	1	1	2	2	1	2	3	3	4	1	2	3	3	3	2	4	1	1	1	2	2	1	1	3	3	4	1	2	2	4	2	3	3	1	1	1	2	2	2	3	4	1	2	2	3	3	2	3	1	1	1	2	2	3	1	3	4	4	1	2	2	3	3	3	3	1	1	2	2	3	2	2	3	4	1	2	2	3	4	3	3	4	1	1	1	2	1	1	2	3	4	1	2	2	3	3	1	1	1	2	2	2	4	3	3	1	2	2	3	3	2	4	1	1	1	2	2	1	2	2	3	3	4	2	2	3	3	3	4	1	1	1	2	2	1	1	3	3	3	4	1	2	2	3	3	1	2	1	1	2	3	1	3	4	1	2	2	3	3	4	3	1	2	1	1	2	3	2	3	4	1	2	2	3	2	3	3	4	2	1	1	2	3	2	3	4	1	2	2	3	3	3	3	3	4	1	1	1	2	1	2	3	1	2	2	3	1	3	4	1	2	1	1	2	2	3	3	3	1	2	2	3	3	2	4	1	1	1	2	2	1	2	3	3	2	2	3	3	4	3	1	4	1	2	1	1	2	2	1	3	3	1	2	2	3	3	4	4	1	2	1	1	2	3	3	4	1	2	2	3	3	1	2	1	2	1	1	3	3	2	3	4	1	2	2	3	2	3	3	1	2	1	1	2	3	2	3	3	4	1	2	2	3	3	3	3	4	1	1	1	2	1	1	2	3	1	2	2	3	3	4	1	1	1	2	2	1	4	3	3	1	2	2	3	3	2	4	1	1	1	2	2	2	2	3	3	1	2	2	3	3	3	1	4	1	1	1	3	2	1	1	2	3	4	1	2	2	3	3	3	4	1	1	1	2	2	3	3	1	2	2	3	3	2	3	1	1	1	2	2	3	2	3	4	1	2	2	3	2	4	3	1	1	1	2	2	3	1	3	4	4	1	2	2	3	3	3	3	3	1	1	2	3	1	3	4	1	2	2	3	3	2	4	1	1	1	2	2	1	1	3	1	2	2	3	3	3	4	1	1	1	2	2	3	2	1	3	4	1	2	2	3	3	3	4	1	1	1	2	2	2	1	1	3	3	1	2	3	3	3	4	1	1	1	2	2	3	1	3	4	1	2	2	3	3	1	1	1	2	2	3	3	2	3	1	2	2	3	3	4	2	1	1	1	2	4	2	3	1	3	3	4	1	2	2	3	3	3	3	1	1	2	3	3	1	1	4	1	2	2	3	3	1	1	1	2	2	3	3	2	4	1	1	1	2	2	3	3	1	1	1	4	1	2	2	2	1	1	1	3	3	1	2	2	1	1	1	3	3	4	4	1	1	1	1	2	2	3	3	2	1	1	1	1	2	3	3	4	1
TIME_ASKED
0	28849	28898	28947	28996	29045	29094	29149	29198	29247	29296	29345	29394	29429	29458	29487	29516	29545	29574	29603	29632	29661	29690	29742	29784	29826	29868	29910	29952	29994	30029	30058	30087	30116	30145	30174	30203	30232	30261	30290	30329	30358	30387	30416	30445	30474	30503	30532	30561	30590	30621	30642	30663	30684	30705	30726	30747	30768	30789	30810	30831	30852	30873	30894	30949	30998	31047	31096	31145	31194	31227	31254	31281	31308	31335	31362	31389	31416	31443	31470	31497	31524	31548	31572	31596	31620	31644	31668	31692	31716	31740	31764	31788	31837	31874	31911	31948	31985	32022	32059	32096	32159	32218	32277	32336	32395	32419	32438	32457	32476	32495	32514	32533	32552	32571	32590	32609	32628	32647	32666	32685	32759	32818	32877	32936	32995	33027	33054	33081	33108	33135	33162	33189	33216	33243	33270	33297	33333	33366	33399	33432	33465	33498	33531	33564	33597	33616	33632	33648	33664	33680	33696	33712	33728	33744	33760	33776	33792	33808	33824	33840	33856	33872	33888	33933	33966	33999	34032	34065	34098	34131	34164	34197	34242	34284	34326	34368	34410	34452	34494	34533	34566	34599	34632	34665	34698	34731	34764	34797	34827	34854	34881	34908	34935	34962	34989	35016	35043	35070	35097	35137	35174	35211	35248	35285	35322	35359	35396	35433	35466	35499	35532	35565	35598	35631	35664	35697	35723	35746	35769	35792	35815	35838	35861	35884	35907	35930	35953	35976	35999	36023	36046	36069	36092	36115	36138	36161	36184	36207	36230	36253	36276	36299	36327	36354	36381	36408	36435	36462	36489	36516	36543	36570	36597	36619	36638	36657	36676	36695	36714	36733	36752	36771	36790	36809	36828	36847	36866	36885	36949	36998	37047	37096	37145	37194	37259	37318	37377	37436	37495	37549	37598	37647	37696	37745	37794	37827	37854	37881	37908	37935	37962	37989	38016	38043	38070	38097	38123	38146	38169	38192	38215	38238	38261	38284	38307	38330	38353	38376	38399	38419	38438	38457	38476	38495	38514	38533	38552	38571	38590	38609	38628	38647	38666	38685	38742	38784	38826	38868	38910	38952	38994	39029	39058	39087	39116	39145	39174	39203	39232	39261	39290	39349	39398	39447	39496	39545	39594	39633	39666	39699	39732	39765	39798	39831	39864	39897	39937	39974	40011	40048	40085	40122	40159	40196	40242	40284	40326	40368	40410	40452	40494	40542	40584	40626	40668	40710	40752	40794	40849	40898	40947	40996	41045	41094	41133	41166	41199	41232	41265	41298	41331	41364	41397	41423	41446	41469	41492	41515	41538	41561	41584	41607	41630	41653	41676	41699	41749	41798	41847	41896	41945	41994	42099	42198	42297	42342	42384	42426	42468	42510	42552	42594	42699	42798	42897	42923	42946	42969	42992	43015	43038	43061	43084	43107	43130	43153	43176	43199	43237	43274	43311	43348	43385	43422	43459	43496	43549	43598	43647	43696	43745	43794	43899	43998	44097	44159	44218	44277	44336	44395	44459	44518	44577	44636	44695	44799	44898	44997	45033	45066	45099	45132	45165	45198	45231	45264	45297	45337	45374	45411	45448	45485	45522	45559	45596	45637	45674	45711	45748	45785	45822	45859	45896	45959	46018	46077	46136	46195	46249	46298	46347	46396	46445	46494	46537	46574	46611	46648	46685	46722	46759	46796	46821	46842	46863	46884	46905	46926	46947	46968	46989	47010	47031	47052	47073	47094	47199	47298	47397	47437	47474	47511	47548	47585	47622	47659	47696	47737	47774	47811	47848	47885	47922	47959	47996	48049	48098	48147	48196	48245	48294	48324	48348	48372	48396	48420	48444	48468	48492	48516	48540	48564	48588	48627	48654	48681	48708	48735	48762	48789	48816	48843	48870	48897	48937	48974	49011	49048	49085	49122	49159	49196	49233	49266	49299	49332	49365	49398	49431	49464	49497	49537	49574	49611	49648	49685	49722	49759	49796	49827	49854	49881	49908	49935	49962	49989	50016	50043	50070	50097	50149	50198	50247	50296	50345	50394	50424	50448	50472	50496	50520	50544	50568	50592	50616	50640	50664	50688	50737	50774	50811	50848	50885	50922	50959	50996	51027	51054	51081	51108	51135	51162	51189	51216	51243	51270	51297	51324	51348	51372	51396	51420	51444	51468	51492	51516	51540	51564	51588	51637	51674	51711	51748	51785	51822	51859	51896	51933	51966	51999	52032	52065	52098	52131	52164	52197	52259	52318	52377	52436	52495	52517	52534	52551	52568	52585	52602	52619	52636	52653	52670	52687	52704	52721	52738	52755	52772	52789	52859	52918	52977	53036	53095	53137	53174	53211	53248	53285	53322	53359	53396	53459	53518	53577	53636	53695	53733	53766	53799	53832	53865	53898	53931	53964	53997	54027	54054	54081	54108	54135	54162	54189	54216	54243	54270	54297	54374	54448	54522	54596	54627	54654	54681	54708	54735	54762	54789	54816	54843	54870	54897	55049	55198	55237	55274	55311	55348	55385	55422	55459	55496	55574	55648	55722	55796	55827	55854	55881	55908	55935	55962	55989	56016	56043	56070	56097	56399	56499	56598	56697	56733	56766	56799	56832	56865	56898	56931	56964	56997	57049	57098	57147	57196	57245	57294	57359	57418	57477	57536	57595
ORIGIN
26	16	6	27	19	7	27	23	14	4	23	10	2	23	12	23	23	14	3	23	14	14	26	16	14	14	16	7	27	20	8	14	23	9	1	23	11	2	23	13	2	2	2	3	24	14	4	14	14	6	27	18	7	27	20	8	18	14	17	2	23	12	2	26	27	3	23	14	4	24	15	5	11	1	1	27	19	8	3	14	14	1	23	11	2	23	13	2	14	27	14	24	14	4	1	7	14	1	18	7	27	20	8	1	1	14	2	23	12	2	14	14	14	23	14	4	24	15	4	26	16	14	3	14	3	27	23	14	1	3	10	2	23	12	2	23	14	16	14	27	4	26	16	14	26	1	7	27	20	8	1	23	10	1	27	20	27	23	13	14	27	3	4	24	15	4	26	16	1	27	19	26	14	22	8	3	14	17	2	23	12	2	23	14	3	26	14	14	25	16	14	1	25	14	27	20	8	27	23	9	1	23	20	2	23	13	14	27	14	14	14	14	4	26	16	5	14	18	7	23	14	8	1	3	14	2	23	12	2	23	14	3	23	14	4	27	14	27	26	16	25	4	19	8	27	23	9	1	23	11	2	2	14	2	23	14	14	27	14	4	26	16	5	26	17	7	27	4	26	1	23	10	14	27	11	2	23	13	3	23	14	4	27	15	14	14	1	6	14	27	15	27	23	8	1	23	10	2	22	14	2	23	14	14	27	14	4	26	16	5	26	16	7	27	9	14	3	23	9	3	9	3	2	23	13	2	23	14	3	24	14	14	1	7	6	27	26	14	14	20	8	1	23	10	2	23	12	2	26	14	14	23	14	23	24	15	5	26	16	7	27	26	3	14	23	14	14	23	11	20	23	13	2	23	14	3	24	14	4	26	7	14	1	18	7	2	20	8	1	23	10	1	23	12	2	14	14	3	27	14	4	27	15	4	26	16	6	27	14	7	2	14	8	3	14	10	2	23	12	2	23	14	3	24	14	4	7	14	14	1	16	7	1	26	27	1	23	10	1	23	11	2	27	14	2	23	27	14	24	27	11	26	16	6	27	19	7	27	14	14	1	23	17	2	23	27	2	23	14	3	23	14	4	27	11	14	26	25	14	27	20	14	27	23	9	1	23	11	2	23	14	2	23	14	14	24	14	14	26	16	5	27	18	7	27	20	3	14	23	10	2	22	2	2	15	14	3	23	14	4	24	15	27	14	14	4	27	19	14	14	23	9	1	23	11	2	14	12	2	23	14	14	24	14	14	27	16	5	26	17	7	27	20	1	3	23	10	27	20	2	14	14	26	3	23	14	4	24	15	4	1	25	6	27	26	14	14	23	8	1	23	10	2	23	12	25	14	14	27	15	14	4	11	11	5	26	16	7	27	20	8	14	23	9	9	20	11	14	23	24	2	23	14	3	24	14	4	26	14	3	27	18	14	14	11	14	1	23	10	2	23	12	26	14	14	3	27	14	27	24	11	23	26	16	7	27	19	8	14	14	9	16	20	11	14	14	14	16	23	14	3	24	14	4	1	7	14	26	14	7	27	26	14	3	3	10	1	23	12	2	23	14	14	27	14	27	24	15	2	8	16	6	27	19	7	27	14	14	20	2	10	2	23	14	5	23	14	3	23	14	4	26	16	7	14	1	7	27	20	8	13	23	9	1	23	11	2	23	13	2	27	27	4	24	15	14	25	27	6	27	18	7	27	21	8	17	2	10	2	23	12	15	23	14	3	23	14	4	14	16	1	25	14	7	27	20	14	3	14	9	1	23	11	2	23	13	2	14	27	3	24	14	4	7	14	5	27	18	7	27	20	8	1	2	27	1	23	12	2	23	1
DESTINATION
3	14	17	2	22	23	2	26	3	23	27	14	14	27	11	1	1	25	14	4	26	9	3	14	1	1	16	20	2	14	14	2	27	14	14	27	15	14	1	7	14	27	27	14	2	26	14	8	1	17	2	27	20	2	14	14	27	16	6	14	27	11	14	23	23	14	3	26	14	2	14	14	12	23	23	2	22	14	26	16	16	14	27	15	14	27	7	14	8	23	9	1	26	14	23	13	2	23	27	20	2	14	14	14	14	4	27	27	11	14	20	8	1	3	26	14	2	14	14	3	14	3	23	3	23	2	27	5	14	26	14	14	27	11	14	1	25	14	1	23	14	3	14	2	3	23	20	2	14	14	14	27	14	14	18	7	18	1	7	1	23	23	14	2	14	14	3	14	14	2	22	14	4	2	14	26	16	6	14	27	11	14	1	25	14	3	10	2	14	14	2	23	14	3	2	14	14	2	27	14	14	1	7	27	1	7	1	23	10	1	4	26	14	3	14	14	10	27	20	3	4	14	14	26	16	27	27	11	14	1	25	14	3	26	14	23	2	23	3	14	14	23	22	14	2	27	14	14	27	15	14	27	20	14	1	26	9	23	26	14	3	14	14	3	9	20	2	14	14	14	27	14	5	18	20	14	1	7	14	3	26	14	23	14	2	2	23	17	3	23	11	2	26	14	14	27	14	14	19	8	27	1	25	1	23	26	14	3	14	14	3	16	20	2	17	4	26	27	14	26	17	23	27	1	7	14	1	26	14	2	26	2	23	13	17	2	14	4	1	14	14	14	27	14	14	27	11	14	23	8	1	3	26	27	2	14	14	3	14	20	2	14	26	16	27	16	5	27	15	7	27	7	14	1	26	14	1	26	14	3	13	2	23	27	20	24	14	14	14	27	14	14	27	11	27	8	1	14	23	10	14	23	14	14	3	14	17	2	26	23	24	15	14	26	16	14	27	27	11	14	1	25	14	1	26	14	13	2	2	23	16	20	24	14	23	14	27	14	14	27	20	14	2	8	14	3	23	10	2	23	12	3	14	17	2	22	23	2	15	4	14	27	6	27	27	23	14	1	25	14	4	26	14	23	12	2	3	14	3	2	14	4	2	27	14	14	27	15	14	27	1	14	1	10	1	1	2	2	3	14	14	2	27	20	2	14	26	16	27	14	27	19	27	27	14	25	14	3	26	14	2	14	23	2	3	23	2	22	4	25	27	14	14	27	15	14	20	11	27	1	9	1	1	26	2	23	14	14	3	9	20	2	14	24	26	27	14	18	7	27	20	20	3	14	3	26	14	2	14	14	23	14	17	2	14	4	15	26	14	14	27	14	14	27	11	14	9	25	23	11	26	14	12	12	14	3	16	20	2	14	14	16	27	14	17	7	15	20	1	1	14	1	26	14	2	26	14	3	3	23	2	27	4	15	12	4	14	27	14	14	27	11	23	8	25	14	23	10	23	2	12	1	3	14	20	2	22	14	16	5	14	16	7	15	20	8	8	14	1	26	14	1	26	14	23	13	2	14	3	20	2	14	4	26	14	14	14	27	11	14	1	25	1	23	2	23	2	14	24	14	14	17	2	22	23	2	15	5	7	27	14	14	27	8	14	1	25	14	5	26	14	3	14	13	3	24	20	2	14	14	7	27	14	14	27	20	14	1	7	14	23	23	14	2	14	2	14	23	17	2	27	23	2	7	14	6	27	14	14	27	11	14	1	25	14	4	26	14	2	14	23	14	3	20	2	14	4	26	16	14	14	27	15	14	27	7	14	1	23	14	1	26	14	13	2	14	2	27	20	2	14	14	14	27	18	14	27	11	14	1	23
DUE_DATE
0	31147	30476	30525	30094	30143	31392	30727	30776	30825	30394	30443	31692	31007	31036	30585	30614	30643	30132	31901	31210	31239	30788	30840	30882	30924	32166	31488	31530	31092	31127	30616	30645	32414	31723	31752	31301	31330	31839	30848	31427	30916	32685	31994	31543	31572	31061	31630	32859	32168	32199	31740	31761	31242	31803	31284	32325	33066	33087	33108	32409	32430	31971	33192	32047	33296	32625	32674	32243	32292	33525	32352	33579	33606	32913	32940	31947	32514	33741	33048	32595	33822	33126	33150	32694	32718	32202	32766	33990	34014	34038	33342	33366	32935	34172	33489	33526	33083	34320	33637	33194	33257	32776	32835	34634	34693	32977	34736	34035	34054	34793	34092	33631	33650	33669	34888	34187	34206	33745	33224	33783	35057	35116	35175	34514	34573	34125	35352	34179	33666	35433	34740	34767	34314	34821	34368	34395	35631	35664	35697	35010	35043	34596	35829	34662	34155	35914	35210	35226	34762	34778	34794	34270	34826	36042	35338	36074	34890	34366	35402	34938	34414	36170	35466	35511	35064	35577	35610	35643	35196	34689	36462	36495	36540	35862	36624	35946	35508	36750	36072	36111	35664	35697	35730	35223	36996	37029	37062	36375	36405	36432	37179	36006	36033	37260	36567	36594	36141	36168	36195	35695	37472	37509	37546	36863	36900	37657	36974	36531	36564	36057	37830	37143	36696	36729	36762	37275	36281	38044	38067	38090	37393	37416	38159	38182	37005	37028	36511	38274	37577	37601	36604	37647	37190	37213	38436	38459	38482	37785	37808	37831	37374	36857	38625	37932	37959	37506	37533	38040	37587	38814	38841	38868	38175	38197	37736	38955	37774	37253	37272	39031	38330	38349	37888	37907	37926	37945	39164	39183	38527	38576	38145	38674	38723	38292	37817	39616	38955	39014	38593	38107	38696	38745	38254	40043	40092	40125	39432	40179	40206	39513	39060	38547	40314	39621	39648	39195	39221	40444	40467	40490	39793	39816	39839	38842	39405	39428	40651	39954	39977	39517	39536	40035	39034	40793	40812	40831	40130	40149	40888	40187	40206	39745	39764	39243	40320	40362	39924	39966	40008	39510	41292	41327	41356	40665	40694	41443	41472	40301	40330	40359	39848	41647	40976	41025	40594	40643	41892	41211	41964	41997	41310	40863	42096	40929	40422	42195	41515	41552	41109	41146	40643	41220	42457	41774	42540	42582	41904	41466	41988	41550	41052	42840	42162	42204	41766	42288	41850	41892	41407	42476	43245	43294	42623	42192	42711	42264	41757	43530	42843	42876	42429	42462	42495	42521	42544	42027	43790	43813	43836	43139	43882	43185	42728	43951	43254	43277	42847	44096	42945	42454	44243	43572	44397	44496	43875	43920	43482	43524	43566	44808	44130	44172	43797	43896	44475	43481	45244	45267	45290	44593	44616	45359	44662	44205	44228	44731	44754	44297	44335	43832	44409	45646	43943	45720	45037	45794	45847	45176	45225	45994	44843	44892	46197	45576	45675	45257	45316	44835	44894	46693	46037	46816	46875	46214	45793	45897	45456	47295	46611	46644	46197	46230	47463	46776	47529	46842	47595	47635	46472	46509	47026	46583	46080	47857	47174	47215	46772	47289	46846	46883	48120	47437	48194	48257	47596	47175	47714	47293	47347	46856	48645	47974	48023	47592	47635	47672	47709	47206	48983	49020	49057	48374	49119	49140	48441	47982	49203	48504	48525	48066	48087	47568	49329	49350	49371	48672	48777	49596	47955	48535	48572	49809	49126	49163	48720	48757	49274	48295	50072	50109	50146	49463	49500	49537	49574	49147	49196	50445	49774	49823	49392	49422	49446	50670	48954	50718	50742	50766	49590	50094	50838	50862	50166	49725	49212	50979	50286	50313	49860	49887	49914	49401	51168	51195	51235	50552	50589	50146	50183	51420	50737	50774	50331	50364	50877	50430	51663	51696	51729	51042	51075	50635	51152	50709	50206	51983	51300	51337	50894	51405	50412	50979	52206	52233	52260	51567	51594	51141	52368	51195	50707	50756	52545	51874	51923	51492	51522	51546	51570	51594	52818	52842	52146	51690	52914	51738	51222	52986	52315	52352	51909	51946	52463	51480	53257	53294	53325	52632	52659	53406	53433	52260	53487	52794	52821	52368	52395	52422	51906	53670	53694	53718	53022	53046	52590	53094	53838	52662	52146	53935	53252	53289	52846	52883	52920	52417	54194	54231	54264	53577	53610	53643	54396	54429	53262	53295	54557	53896	53475	53534	53593	53075	54832	54849	54866	54163	54180	53717	54934	53751	53228	54985	54282	54299	53836	53853	55070	55087	55157	54496	54555	54134	54193	54715	54272	55509	54826	54863	54420	54457	53954	55037	55816	55875	55934	55273	54291	55344	54897	56130	54963	54996	54489	56262	55575	55605	55152	55179	55206	55233	56460	56487	55794	55341	55368	56595	56672	55006	56820	56174	56205	55752	55779	57006	57033	57060	56367	56394	55941	55968	56475	55607	57496	57535	57572	56889	56926	56483	56520	57757	57794	57872	56206	58020	57374	57405	57432	58179	58206	58233	57060	57087	58314	57621	57648	58395	58697	58797	57696	57795	57291	57324	59097	59130	59163	59196	58509	58542	58095	58147	58676	59445	59494	59543	59592	58937	58516	58575	58094	59893
TRANSPORT_MODE
0	2	2	1	1	1	1	0	2	2	1	1	1	1	2	0	2	1	1	1	1	2	0	0	2	1	1	1	1	1	2	0	2	1	1	1	1	1	0	0	0	2	1	1	1	1	2	0	2	1	1	1	1	1	0	0	0	3	3	1	1	1	1	0	1	2	2	1	1	1	1	0	3	3	1	1	1	1	0	0	2	2	1	1	1	1	1	0	3	3	1	1	1	1	0	0	0	1	2	1	1	1	1	0	3	3	1	1	1	1	0	0	0	1	2	2	1	1	1	0	1	3	3	1	1	1	1	0	1	2	2	1	1	1	0	0	1	3	3	1	1	1	1	0	1	2	2	1	1	1	0	0	0	1	3	1	1	1	1	0	1	2	2	1	1	1	0	0	0	1	1	3	3	1	1	0	1	1	2	2	1	1	1	0	1	3	3	1	1	1	0	0	1	1	2	2	1	1	1	0	1	3	3	1	1	1	0	0	1	1	2	2	1	1	1	0	0	1	1	3	3	1	1	0	0	1	1	1	2	2	1	0	0	1	1	1	3	3	1	1	0	1	1	2	2	1	1	0	0	1	1	3	3	1	1	1	0	1	1	2	2	1	1	0	0	1	1	3	3	1	1	1	0	0	1	1	2	2	1	1	0	0	1	1	1	3	3	1	0	0	1	1	1	2	2	1	1	1	1	3	3	1	1	0	0	1	1	1	2	2	1	1	0	1	1	3	3	1	1	0	0	0	1	1	1	2	2	1	1	0	1	1	3	3	1	1	0	0	0	1	1	1	2	2	1	0	1	1	1	3	3	1	1	0	1	1	1	2	2	1	0	0	1	1	1	3	3	1	1	0	1	1	2	2	1	1	0	0	1	1	1	3	3	1	1	0	1	1	1	2	2	1	0	0	0	1	1	1	3	3	1	0	1	1	1	1	2	2	0	1	1	1	1	3	3	1	0	0	1	1	1	2	2	1	1	0	1	1	3	3	1	1	0	0	1	1	1	2	2	1	1	0	0	1	1	1	3	3	1	0	0	1	1	1	2	2	1	0	0	1	1	1	3	3	1	1	1	1	1	2	2	1	0	0	1	1	1	3	3	1	1	0	1	1	2	2	1	1	0	0	1	1	1	3	3	1	1	0	0	1	1	1	2	2	1	0	0	1	1	1	3	3	1	0	0	1	1	1	2	2	1	1	1	1	3	3	1	1	0	0	1	1	1	2	2	1	1	0	1	1	3	3	1	1	0	0	1	1	1	2	2	1	1	0	0	1	1	3	3	1	1	0	0	1	1	1	2	1	1	0	0	1	1	1	3	3	1	1	1	1	2	2	1	1	0	0	1	1	3	3	1	1	1	0	1	1	2	2	1	1	0	0	1	1	3	3	1	1	1	0	1	1	2	2	1	1	0	0	0	1	1	1	3	1	1	0	1	1	1	2	2	1	1	0	1	1	3	3	1	1	0	0	1	1	2	2	1	1	1	0	1	3	3	1	1	1	0	0	1	1	2	2	1	1	1	0	1	3	3	1	1	1	0	0	0	1	1	2	1	1	1	0	1	1	3	3	1	1	1	0	1	2	2	1	1	1	0	1	3	3	1	1	1	1	0	1	2	2	1	1	1	0	0	1	3	3	1	1	1	1	0	0	1	2	2	1	1	1	0	0	1	3	1	1	1	1	0	0	1	2	2	1	1	1	1	3	3	1	1	1	1	0	0	1	3	3	1	1	1	1	0	3	3	1	1	1	1	0	0	3	3	1	1	1	1	1	0	3	3	1	1	1	1	0	0	1	3	1	1	1	1	0	0	3	3	1	1	1	1	1	0
PATIENT_WEIGHT
68	51	148	104	111	84	75	139	41	34	33	133	138	66	39	145	72	49	132	59	145	77	68	137	95	30	132	60	80	96	102	116	57	144	92	118	86	116	129	109	147	57	117	135	34	133	141	104	39	63	98	43	133	83	144	127	140	102	107	81	146	67	49	65	90	128	55	68	51	93	76	83	105	144	93	41	95	82	51	99	33	63	57	148	130	31	91	52	84	112	118	141	69	117	75	108	87	115	34	68	135	133	78	68	111	40	50	118	112	128	89	137	55	136	33	138	104	141	61	32	141	133	122	70	75	138	41	51	122	120	92	124	100	145	79	131	88	40	146	63	129	39	89	125	49	150	56	89	150	95	150	123	150	61	78	56	93	141	107	105	91	106	86	47	78	73	32	130	136	66	147	121	113	39	87	148	90	79	52	98	44	35	51	55	61	133	94	56	98	146	141	145	97	126	57	72	35	43	99	148	75	137	136	107	137	123	41	30	73	127	92	30	80	65	93	73	87	61	125	32	49	56	37	78	113	63	80	70	91	31	129	143	56	127	114	37	145	48	89	74	132	80	147	50	104	48	102	99	92	118	114	125	88	67	111	60	144	44	54	71	133	37	32	42	30	46	75	129	52	36	115	67	61	44	111	48	91	113	120	83	119	143	142	138	138	147	52	96	122	90	114	47	102	56	58	56	114	127	72	35	81	140	106	51	145	125	102	34	45	88	92	96	139	44	126	84	125	88	64	71	97	125	44	100	85	119	63	122	130	111	150	71	63	46	74	85	121	132	89	83	33	88	58	122	56	138	129	128	66	30	42	111	127	121	55	79	138	80	129	35	120	95	146	80	81	72	132	59	141	51	38	55	143	35	76	71	41	72	137	46	69	67	95	107	54	89	76	66	82	115	35	39	103	52	88	69	131	35	69	149	39	142	116	102	144	126	99	34	79	126	66	79	72	113	150	32	103	114	64	113	143	40	136	79	88	132	133	146	101	146	106	45	103	123	129	38	123	68	50	66	119	146	130	95	72	146	64	117	54	97	47	37	77	117	148	40	102	69	106	77	147	48	83	143	112	93	132	118	147	35	73	30	139	117	72	118	107	70	93	106	80	86	97	150	40	30	48	96	62	137	47	150	43	72	54	121	138	53	100	78	63	135	42	126	72	100	42	87	146	149	110	104	54	78	37	144	36	85	138	106	106	35	71	76	137	116	87	132	87	148	94	142	68	120	38	51	84	106	87	65	139	83	112	55	73	88	113	129	87	38	126	81	136	116	100	96	77	37	140	136	124	120	91	129	53	39	106	35	84	97	63	130	120	108	69	69	49	40	101	110	104	139	139	78	141	87	32	60	98	73	130	98	126	127	61	34	72	86	83	105	62	49	109	42	41	63	67	43	140	129	89	87	68	128	88	145	118	132	66	111	135	87	150	104	148	44	103	33	91	105	43	145	96	58	80	85	33	62	68	115	134	90	116	135	94	64	53	50	122	135	38	137	120	81	86	115	80	101	145	83	73	38	35	51	87	31	52	122	101	107	76	102	86	89	52	61	145	145	82	114	143	105	134	144	97	45	112	103	51	92	114	38	88	33	128	81	127	70	70	140	34	119	31	32	89	73	103	45	51	41	39	106	139	67	42	63	36	130	66	84	34	42	113	124	146	133	73	89	64	141	99	104	72	100	109	64	50	150	130	65	55	45	76	80	149	70	97	54	37	45	51	53	88	48	92	121	132	66	68	104	84	108	42	125	39	44	107	60	88	128	58	90	130	146	121	119	45	60	140	70	36	73	51	91	87	35	126	75	115	32	124	52	55	104	121	71	44	123	46	97	93
DISTANCE_MATRIX
0	360	318	300	288	276	264	264	150	150	150	60	90	90	162	168	204	228	234	312	360	408	348	318	168	192	168	318
360	60	264	318	324	342	342	342	348	348	354	360	372	378	378	420	420	480	462	498	462	462	384	420	372	420	378	378
318	264	60	270	276	288	288	288	294	294	294	318	318	324	324	414	414	468	462	486	462	462	330	366	366	408	372	324
300	318	270	60	276	288	288	288	288	288	288	300	300	312	318	408	408	468	462	486	438	438	318	360	360	402	360	312
288	324	276	276	60	276	276	276	276	276	276	288	288	300	300	402	396	462	456	480	432	432	300	360	360	402	348	300
276	342	288	288	276	60	180	180	252	258	264	264	264	288	288	390	390	456	450	480	432	432	288	348	348	348	288	288
264	342	288	288	276	180	60	180	246	258	264	264	264	288	288	390	390	456	450	480	432	432	288	348	348	348	288	288
264	342	288	288	276	180	180	60	240	258	264	264	264	288	288	390	390	456	450	480	432	432	288	348	348	348	288	288
150	348	294	288	276	252	246	240	60	120	120	150	126	270	270	378	384	420	438	480	420	408	276	300	300	300	276	270
150	348	294	288	276	258	258	258	120	60	120	150	150	270	270	378	384	420	438	480	420	408	276	300	300	300	276	270
150	354	294	288	276	264	264	264	120	120	60	150	150	270	270	378	384	420	438	480	420	408	276	300	300	300	276	270
60	360	318	300	288	264	264	264	150	150	150	60	90	162	168	228	234	312	360	408	348	318	168	192	192	198	168	162
90	372	318	300	288	264	264	264	150	150	150	90	60	162	168	228	234	312	360	408	348	318	168	192	192	198	168	162
90	378	324	312	300	288	288	288	270	270	270	162	162	60	120	180	180	306	210	360	300	300	120	180	120	180	120	234
162	378	324	318	300	288	288	288	270	270	270	168	168	120	60	180	180	306	210	360	300	300	120	180	120	180	120	120
168	420	414	408	402	348	348	348	300	300	300	228	228	180	180	60	132	204	132	348	258	258	186	60	180	132	222	180
204	420	414	408	396	390	390	390	384	384	384	234	234	180	180	132	60	204	132	348	258	258	186	60	180	132	222	180
228	480	468	468	462	456	456	456	420	420	420	312	312	306	306	204	204	60	198	120	240	240	306	204	306	138	306	306
234	462	462	462	456	450	450	450	438	438	438	360	360	210	210	132	132	198	60	138	132	132	210	132	210	132	210	210
312	498	486	486	480	480	480	480	480	480	480	408	408	360	360	348	348	120	138	60	348	348	360	348	360	348	360	360
360	462	462	438	432	432	432	432	420	420	420	348	348	300	300	258	258	240	132	348	60	60	300	258	300	258	300	300
408	462	462	438	432	432	432	432	408	408	408	318	318	300	300	258	258	240	132	348	60	60	300	258	300	258	300	300
348	384	330	318	300	288	288	288	276	276	276	168	168	120	120	186	186	306	210	360	300	300	60	186	120	186	120	120
318	420	366	360	360	348	348	348	300	300	300	192	192	180	180	60	60	204	132	348	258	258	186	60	180	60	180	180
168	372	300	306	300	288	288	288	270	270	270	168	168	120	120	180	180	306	210	360	300	300	120	180	60	180	120	120
192	420	408	402	402	348	348	348	300	300	300	198	198	180	180	132	132	138	132	348	258	258	186	60	180	60	180	180
168	378	372	360	348	288	288	288	276	276	276	168	168	120	120	222	222	306	210	360	300	300	120	180	120	180	60	120
318	378	324	312	300	288	288	288	270	270	270	162	162	234	120	180	180	306	210	360	300	300	120	180	120	180	120	60
DEPOTS_DISTANCE
234	462	462	462	456	450	450	450	438	438	438	360	360	210	210	132	132	198	60	138	132	132	210	132	210	132	210	210	
348	384	330	318	300	288	288	288	276	276	276	168	168	120	120	186	186	306	210	360	300	300	60	186	120	186	120	120	
318	420	366	360	360	348	348	348	300	300	300	192	192	180	180	60	60	204	132	348	258	258	186	60	180	60	180	180	
LOCATION_TURN_MATRIX
100	130	122	113	112	199	136	122	129	152	173	146	151	136	158	140	176	113	122	167	194	134	110	172	114	184	100	147	
170	100	154	188	164	169	136	136	152	170	104	183	155	115	101	104	155	187	174	115	149	134	178	168	114	135	168	102	
178	146	100	161	178	114	104	165	117	139	126	169	192	109	120	179	160	152	154	134	113	140	154	179	196	196	192	181	
187	112	139	100	158	114	195	181	104	132	195	106	183	169	132	170	140	136	172	148	116	110	123	136	151	120	176	169	
188	136	122	142	100	175	164	159	112	100	167	164	135	191	132	181	104	123	142	156	108	117	193	182	116	147	156	185	
101	131	186	186	125	100	190	147	164	150	137	102	145	176	185	131	113	108	117	186	118	151	140	178	154	189	172	110	
164	164	196	105	136	110	100	186	153	151	183	193	111	157	144	123	188	142	110	163	105	190	166	187	170	171	186	126	
178	164	135	119	141	153	114	100	106	130	108	103	151	178	122	151	130	133	184	177	110	141	166	110	122	174	191	197	
171	148	183	196	188	136	147	194	100	167	100	146	168	129	128	142	172	118	174	147	105	158	156	160	120	106	119	136	
148	130	161	168	200	150	149	170	133	100	177	106	175	116	188	180	176	194	108	146	130	187	183	173	128	141	169	176	
127	196	174	105	133	163	117	192	200	123	100	171	175	140	183	115	104	186	128	153	151	175	100	146	191	117	132	197	
154	117	131	194	136	198	107	197	154	194	129	100	136	184	140	147	172	184	148	131	103	156	185	200	152	158	154	143	
149	145	108	117	165	155	189	149	132	125	125	164	100	140	199	142	101	144	163	185	117	191	200	143	113	165	102	154	
164	185	191	131	109	124	143	122	171	184	160	116	160	100	109	116	196	113	131	186	166	139	183	175	144	161	105	170	
142	199	180	168	168	115	156	178	172	112	117	160	101	191	100	147	177	177	199	158	172	188	164	175	180	168	154	195	
160	196	121	130	119	169	177	149	158	120	185	153	158	184	153	100	152	159	197	157	181	159	102	123	168	200	124	186	
124	145	140	160	196	187	112	170	128	124	196	128	199	104	123	148	100	149	114	112	117	135	105	132	138	180	198	156	
187	113	148	164	177	192	158	167	182	106	114	116	156	187	123	141	151	100	166	132	168	163	159	123	129	173	161	116	
178	126	146	128	158	183	190	116	126	192	172	152	137	169	101	103	186	134	100	184	199	137	130	160	148	113	140	150	
133	185	166	152	144	114	137	123	153	154	147	169	115	114	142	143	188	168	116	100	111	195	128	157	191	164	141	171	
106	151	187	184	192	182	195	190	195	170	149	197	183	134	128	119	183	132	101	189	100	129	151	163	147	166	104	177	
166	166	160	190	183	149	110	159	142	113	125	144	109	161	112	141	165	137	163	105	171	100	101	185	169	129	103	197	
190	122	146	177	107	160	134	134	144	117	200	115	100	117	136	198	195	141	170	172	149	199	100	106	150	116	118	145	
128	132	121	164	118	122	113	190	140	127	154	100	157	125	125	177	168	177	140	143	137	115	194	100	128	167	115	155	
186	186	104	149	184	146	130	178	180	172	109	148	187	156	120	132	162	171	152	109	153	131	150	172	100	155	124	184	
116	165	104	180	153	111	129	126	194	159	183	142	135	139	132	100	120	127	187	136	134	171	184	133	145	100	129	192	
200	132	108	124	144	128	114	109	181	131	168	146	198	195	146	176	102	139	160	159	196	197	182	185	176	171	100	146	
153	198	119	131	115	190	174	103	164	124	103	157	146	130	105	114	144	184	150	129	123	103	155	145	116	108	154	100	
DEPOTS_TO_LOCAL_TURN_MATRIX
178	126	146	128	158	183	190	116	126	192	172	152	137	169	101	103	186	134	100	184	199	137	130	160	148	113	140	150	
190	122	146	177	107	160	134	134	144	117	200	115	100	117	136	198	195	141	170	172	149	199	100	106	150	116	118	145	
128	132	121	164	118	122	113	190	140	127	154	100	157	125	125	177	168	177	140	143	137	115	194	100	128	167	115	155	
LOCAL_TO_DEPOT_TURN_MATRIX
122	174	154	172	142	117	110	184	174	108	128	148	163	131	199	197	114	166	100	116	101	163	170	140	152	187	160	150	
110	178	154	123	193	140	166	166	156	183	100	185	200	183	164	102	105	159	130	128	151	101	100	194	150	184	182	155	
172	168	179	136	182	178	187	110	160	173	146	200	143	175	175	123	132	123	160	157	163	185	106	100	172	133	185	145	

