INDEX_PROBLEM
1
PATIENTS
800
STRETCHERS
16
NUM_ROOM
28
NUM_DEPOT
3
NUM_PRIORITY
4
PRIORITY_LIST
0	1	2	3	4
PRIORITY_WEIGHT
0	1	10	18	30
PRIORITY_JOB
0	1	2	2	3	3	1	2	2	2	3	3	1	2	2	3	3	3	4	1	2	2	3	4	3	3	2	2	3	3	4	3	3	4	1	2	2	3	3	2	3	1	2	2	3	4	4	3	4	1	2	2	3	3	1	2	3	1	1	2	3	3	1	1	2	2	2	3	3	4	1	2	3	1	1	2	3	3	2	1	2	2	3	3	4	4	1	2	2	1	1	2	3	3	1	1	2	3	2	2	3	4	4	1	3	1	1	2	2	3	3	1	1	4	2	2	3	3	1	2	3	3	2	1	1	3	3	4	1	1	2	2	3	3	1	2	2	4	1	1	2	3	3	4	4	2	1	2	2	3	3	1	3	3	2	1	1	2	3	4	2	1	4	1	2	2	3	3	1	3	2	1	1	2	3	3	1	2	1	2	2	3	3	4	1	3	1	1	2	2	3	3	1	2	1	2	2	3	3	4	1	2	1	1	2	3	2	3	1	2	3	4	1	2	2	3	4	3	1	1	1	2	2	3	3	1	4	4	1	2	2	3	3	3	1	1	1	2	2	3	3	1	4	1	2	2	3	3	4	2	1	1	1	2	2	3	3	2	4	1	2	2	3	3	3	3	4	4	1	1	2	3	3	1	4	1	2	2	3	3	4	3	1	1	1	1	2	2	3	2	1	1	2	2	3	3	3	1	1	1	2	2	3	3	2	4	1	2	2	3	3	4	4	2	1	1	1	1	2	2	3	2	1	3	1	2	3	3	4	3	4	1	1	1	2	2	3	1	3	3	1	2	2	3	3	3	4	1	1	1	2	2	3	3	4	1	2	2	3	3	2	1	1	1	1	2	2	3	3	2	4	4	1	2	2	3	3	3	3	1	1	2	3	3	4	1	4	1	2	2	3	3	2	3	2	1	1	1	2	4	3	1	1	2	2	3	3	3	1	1	1	1	2	2	3	3	2	4	1	2	2	3	3	4	1	2	1	1	2	2	3	3	1	1	2	4	1	2	3	3	4	3	1	1	1	2	2	3	3	1	1	4	1	2	2	3	1	3	1	1	2	2	3	3	3	2	1	2	2	3	3	1	3	4	1	1	2	2	3	3	4	1	1	2	2	3	3	4	2	3	1	1	2	3	3	4	1	3	1	2	2	3	3	4	3	4	1	1	1	2	2	3	2	1	1	2	2	3	3	3	1	2	1	1	2	2	3	3	1	1	1	2	2	3	3	4	1	3	1	1	2	2	3	3	1	2	4	1	2	3	3	4	3	1	1	1	2	2	3	1	2	2	3	4	1	2	2	3	3	1	1	1	2	2	3	3	1	3	1	2	2	3	3	4	2	1	1	1	2	2	3	3	1	4	1	2	2	3	3	3	3	1	1	2	3	3	4	2	3	4	1	2	2	3	3	4	2	1	1	1	2	2	3	1	2	4	1	2	2	3	3	4	1	1	1	2	2	3	1	2	3	1	2	2	3	3	4	3	1	1	1	2	2	3	2	1	3	1	2	3	3	4	4	3	1	1	1	1	2	2	3	2	2	3	1	2	2	3	4	3	4	1	1	1	2	2	3	3	1	1	2	2	3	3	1	2	1	1	2	2	3	3	4	1	1	2	2	3	3	4	2	3	3	1	1	2	2	3	3	4	2	1	2	2	3	3	4	3	3	1	1	1	2	2	3	1	2	1	2	2	3	3	4	1	3	1	1	2	2	3	3	1	1	1	1	2	2	3	1	1	1	3	4	1	2	2	2	1	2	1	1	3	3	2	2	3	1	1	1	3	4	1	2	1	2	1	1	2	3	3	4	1	2	1	1	1	2	2	3	4	1
TIME_ASKED
0	28849	28898	28947	28996	29045	29094	29149	29198	29247	29296	29345	29394	29429	29458	29487	29516	29545	29574	29603	29632	29661	29690	29742	29784	29826	29868	29910	29952	29994	30029	30058	30087	30116	30145	30174	30203	30232	30261	30290	30329	30358	30387	30416	30445	30474	30503	30532	30561	30590	30621	30642	30663	30684	30705	30726	30747	30768	30789	30810	30831	30852	30873	30894	30949	30998	31047	31096	31145	31194	31227	31254	31281	31308	31335	31362	31389	31416	31443	31470	31497	31524	31548	31572	31596	31620	31644	31668	31692	31716	31740	31764	31788	31837	31874	31911	31948	31985	32022	32059	32096	32159	32218	32277	32336	32395	32419	32438	32457	32476	32495	32514	32533	32552	32571	32590	32609	32628	32647	32666	32685	32759	32818	32877	32936	32995	33027	33054	33081	33108	33135	33162	33189	33216	33243	33270	33297	33333	33366	33399	33432	33465	33498	33531	33564	33597	33616	33632	33648	33664	33680	33696	33712	33728	33744	33760	33776	33792	33808	33824	33840	33856	33872	33888	33933	33966	33999	34032	34065	34098	34131	34164	34197	34242	34284	34326	34368	34410	34452	34494	34533	34566	34599	34632	34665	34698	34731	34764	34797	34827	34854	34881	34908	34935	34962	34989	35016	35043	35070	35097	35137	35174	35211	35248	35285	35322	35359	35396	35433	35466	35499	35532	35565	35598	35631	35664	35697	35723	35746	35769	35792	35815	35838	35861	35884	35907	35930	35953	35976	35999	36023	36046	36069	36092	36115	36138	36161	36184	36207	36230	36253	36276	36299	36327	36354	36381	36408	36435	36462	36489	36516	36543	36570	36597	36619	36638	36657	36676	36695	36714	36733	36752	36771	36790	36809	36828	36847	36866	36885	36949	36998	37047	37096	37145	37194	37259	37318	37377	37436	37495	37549	37598	37647	37696	37745	37794	37827	37854	37881	37908	37935	37962	37989	38016	38043	38070	38097	38123	38146	38169	38192	38215	38238	38261	38284	38307	38330	38353	38376	38399	38419	38438	38457	38476	38495	38514	38533	38552	38571	38590	38609	38628	38647	38666	38685	38742	38784	38826	38868	38910	38952	38994	39029	39058	39087	39116	39145	39174	39203	39232	39261	39290	39349	39398	39447	39496	39545	39594	39633	39666	39699	39732	39765	39798	39831	39864	39897	39937	39974	40011	40048	40085	40122	40159	40196	40242	40284	40326	40368	40410	40452	40494	40542	40584	40626	40668	40710	40752	40794	40849	40898	40947	40996	41045	41094	41133	41166	41199	41232	41265	41298	41331	41364	41397	41423	41446	41469	41492	41515	41538	41561	41584	41607	41630	41653	41676	41699	41749	41798	41847	41896	41945	41994	42099	42198	42297	42342	42384	42426	42468	42510	42552	42594	42699	42798	42897	42923	42946	42969	42992	43015	43038	43061	43084	43107	43130	43153	43176	43199	43237	43274	43311	43348	43385	43422	43459	43496	43549	43598	43647	43696	43745	43794	43899	43998	44097	44159	44218	44277	44336	44395	44459	44518	44577	44636	44695	44799	44898	44997	45033	45066	45099	45132	45165	45198	45231	45264	45297	45337	45374	45411	45448	45485	45522	45559	45596	45637	45674	45711	45748	45785	45822	45859	45896	45959	46018	46077	46136	46195	46249	46298	46347	46396	46445	46494	46537	46574	46611	46648	46685	46722	46759	46796	46821	46842	46863	46884	46905	46926	46947	46968	46989	47010	47031	47052	47073	47094	47199	47298	47397	47437	47474	47511	47548	47585	47622	47659	47696	47737	47774	47811	47848	47885	47922	47959	47996	48049	48098	48147	48196	48245	48294	48324	48348	48372	48396	48420	48444	48468	48492	48516	48540	48564	48588	48627	48654	48681	48708	48735	48762	48789	48816	48843	48870	48897	48937	48974	49011	49048	49085	49122	49159	49196	49233	49266	49299	49332	49365	49398	49431	49464	49497	49537	49574	49611	49648	49685	49722	49759	49796	49827	49854	49881	49908	49935	49962	49989	50016	50043	50070	50097	50149	50198	50247	50296	50345	50394	50424	50448	50472	50496	50520	50544	50568	50592	50616	50640	50664	50688	50737	50774	50811	50848	50885	50922	50959	50996	51027	51054	51081	51108	51135	51162	51189	51216	51243	51270	51297	51324	51348	51372	51396	51420	51444	51468	51492	51516	51540	51564	51588	51637	51674	51711	51748	51785	51822	51859	51896	51933	51966	51999	52032	52065	52098	52131	52164	52197	52259	52318	52377	52436	52495	52517	52534	52551	52568	52585	52602	52619	52636	52653	52670	52687	52704	52721	52738	52755	52772	52789	52859	52918	52977	53036	53095	53137	53174	53211	53248	53285	53322	53359	53396	53459	53518	53577	53636	53695	53733	53766	53799	53832	53865	53898	53931	53964	53997	54027	54054	54081	54108	54135	54162	54189	54216	54243	54270	54297	54374	54448	54522	54596	54627	54654	54681	54708	54735	54762	54789	54816	54843	54870	54897	55049	55198	55237	55274	55311	55348	55385	55422	55459	55496	55574	55648	55722	55796	55827	55854	55881	55908	55935	55962	55989	56016	56043	56070	56097	56399	56499	56598	56697	56733	56766	56799	56832	56865	56898	56931	56964	56997	57049	57098	57147	57196	57245	57294	57359	57418	57477	57536	57595
ORIGIN
26	16	6	27	19	7	27	23	1	25	23	10	2	23	12	14	23	14	3	23	14	4	26	16	14	14	16	7	27	20	8	14	23	9	1	23	11	2	23	13	2	14	2	3	24	14	4	14	14	6	27	18	7	27	20	8	1	14	17	2	23	12	2	26	27	3	23	14	4	24	15	5	26	11	1	27	19	8	27	3	14	1	23	11	2	23	13	2	23	14	14	24	14	4	26	7	14	1	18	7	27	20	8	1	23	17	2	23	12	2	23	14	14	23	14	4	24	15	4	26	16	6	27	14	3	27	23	8	1	3	10	2	23	12	2	23	14	3	14	27	4	26	16	5	26	1	7	27	20	8	1	23	10	1	23	20	27	23	13	2	27	3	4	24	15	4	26	16	6	27	19	26	14	22	8	1	14	17	2	23	12	2	23	14	3	23	14	14	25	16	5	26	25	14	27	20	8	27	23	9	1	23	20	2	23	13	2	23	14	14	14	14	4	26	16	5	27	18	7	2	14	8	1	23	10	2	23	12	2	23	14	3	23	14	4	27	11	5	26	16	6	4	19	8	27	23	9	1	23	11	2	14	14	2	23	14	3	27	14	4	26	16	5	26	17	7	27	20	14	1	23	10	1	27	11	2	23	13	3	23	14	4	27	15	14	1	16	6	27	26	15	27	23	8	1	23	10	2	22	14	2	23	14	3	27	14	4	26	16	5	26	16	7	27	9	26	14	23	9	1	23	20	2	23	13	2	23	14	3	24	14	14	1	16	6	27	18	14	27	20	8	1	23	10	2	23	12	2	26	14	3	23	14	4	24	15	5	26	16	7	27	26	3	14	23	9	1	23	11	2	23	13	2	23	14	3	24	14	4	26	7	5	27	18	7	2	20	8	1	23	10	1	23	12	2	14	14	3	23	14	4	27	15	4	26	16	6	27	11	7	2	14	8	1	23	10	2	23	12	2	23	14	3	24	14	4	7	14	5	26	16	7	26	14	27	1	23	10	1	23	11	2	14	14	2	23	14	4	24	11	4	26	16	6	27	19	7	27	14	14	1	23	10	2	23	27	2	23	14	3	23	14	4	25	11	14	26	16	7	27	20	14	27	23	9	1	23	11	2	23	14	2	23	14	3	24	14	4	26	16	5	27	18	7	27	20	3	14	23	10	2	23	2	14	23	14	3	23	14	4	24	15	27	14	16	6	27	19	14	14	23	9	1	23	11	2	14	12	2	23	14	3	24	14	14	27	16	5	26	17	7	27	20	1	3	23	10	1	23	2	14	23	13	3	23	14	4	24	15	4	1	25	6	27	19	7	14	23	8	1	23	10	2	23	12	27	14	14	3	23	14	4	11	16	5	26	16	7	27	20	8	14	23	9	1	23	11	14	23	13	2	23	14	3	24	14	4	26	14	3	27	18	7	14	11	8	1	23	10	2	23	12	26	14	14	3	23	14	27	24	15	5	26	16	7	27	19	8	14	14	9	1	23	11	14	14	13	2	23	14	3	24	14	4	1	7	14	27	18	7	27	26	14	1	23	10	1	23	12	2	23	14	14	27	14	4	24	15	2	26	16	6	27	19	7	27	14	14	1	23	10	2	23	14	2	23	14	3	23	14	4	26	16	7	14	16	7	27	20	8	14	23	9	1	23	11	2	23	13	2	27	14	4	24	15	14	1	16	6	27	18	7	27	21	8	3	14	10	2	23	12	2	23	14	3	23	14	4	14	16	1	26	16	7	27	20	14	3	14	9	1	23	11	2	23	13	2	27	14	3	24	14	4	1	7	5	27	18	7	27	20	8	1	17	2	1	23	12	2	23	14
DESTINATION
3	14	17	2	22	23	2	26	23	14	27	14	14	27	11	16	1	25	14	4	26	14	3	14	9	1	16	20	2	14	14	2	27	14	14	27	15	14	1	7	14	5	27	14	2	26	14	8	1	17	2	27	20	2	14	14	14	16	6	14	27	11	14	23	23	14	3	26	14	2	14	14	3	12	23	2	22	14	2	26	16	14	27	15	14	27	7	14	1	8	9	1	26	14	3	13	2	23	27	20	2	14	14	14	27	6	27	27	11	14	1	25	1	3	26	14	2	14	14	3	14	17	2	3	23	2	27	14	14	26	14	14	27	11	14	1	25	14	1	23	14	3	14	14	3	23	20	2	14	14	14	27	14	14	27	7	18	1	7	14	23	23	14	2	14	14	3	14	17	2	22	14	4	2	14	14	16	6	14	27	11	14	1	25	14	4	10	2	14	14	14	3	14	3	2	14	14	2	27	14	14	27	7	27	1	7	14	1	10	1	4	26	14	3	14	14	2	27	20	24	15	14	14	27	14	27	27	11	14	1	25	14	3	26	14	23	12	14	3	14	17	23	22	14	2	27	14	14	27	15	14	20	8	14	1	26	14	23	26	14	3	14	14	3	9	20	2	14	4	14	27	14	14	18	20	14	1	7	14	3	26	14	23	14	2	23	14	17	2	14	11	2	26	14	14	27	14	14	19	8	14	1	25	14	23	26	14	3	14	14	3	16	20	2	17	14	4	27	14	14	27	7	27	1	7	14	1	26	14	2	26	2	23	14	17	2	27	4	2	14	14	14	27	14	14	27	11	14	23	8	14	3	26	14	2	14	14	3	14	20	2	14	26	16	27	14	14	27	15	27	27	7	14	1	26	14	1	26	14	3	13	14	2	27	20	24	14	14	14	27	14	14	27	11	27	8	1	14	3	26	14	23	14	14	3	14	17	2	12	23	24	15	14	14	27	14	27	27	11	14	1	25	14	1	26	14	13	2	14	3	16	20	14	4	23	14	27	14	14	27	20	14	20	8	14	3	26	14	2	12	14	3	14	17	2	22	23	2	15	4	14	27	14	14	27	23	14	1	25	14	4	26	14	14	12	2	3	14	20	2	14	4	2	27	14	14	27	15	14	27	1	14	1	26	14	1	2	14	3	14	14	2	27	20	2	14	26	16	27	14	14	27	27	4	1	25	14	3	26	14	2	14	23	2	14	17	2	22	4	25	27	14	14	27	15	14	20	11	27	1	26	14	1	26	2	23	14	14	3	9	20	2	14	24	26	27	14	14	27	27	20	1	7	14	3	26	14	2	14	14	23	14	17	2	22	23	15	26	14	14	27	14	14	27	11	23	9	25	14	4	26	14	12	14	14	3	16	20	2	14	14	16	27	14	14	27	15	20	1	7	14	1	26	14	2	26	14	3	3	23	2	27	20	15	12	14	14	27	14	14	27	11	23	8	25	14	3	26	23	2	14	14	3	14	20	2	22	14	16	5	14	14	27	15	20	8	7	14	1	26	14	1	26	14	23	13	2	2	27	20	2	14	4	14	27	14	14	27	11	14	1	25	1	23	26	14	2	14	24	3	14	17	2	22	23	2	15	5	14	27	14	14	27	8	14	1	25	14	5	26	14	3	14	13	2	16	20	2	14	14	4	27	14	14	27	20	14	1	7	14	23	10	14	2	14	2	23	14	17	2	27	23	2	7	14	26	16	14	14	27	11	27	1	25	14	4	26	14	2	14	23	3	14	20	2	14	4	26	16	14	14	27	15	14	27	7	14	23	9	14	1	26	14	23	13	14	2	27	20	2	14	14	14	6	27	14	27	11	14	1	8
DUE_DATE
0	31147	30476	30525	30094	30143	31392	30727	30776	30825	30394	30443	31692	31007	31036	30585	30614	30643	30132	31901	31210	31239	30788	30300	30882	30924	31446	31488	31050	31092	30587	31156	31185	30674	32443	31752	31781	31330	31359	31868	31427	32656	31965	31994	31543	31032	31061	31630	31119	32888	32199	32220	31761	31782	33003	32304	31845	33066	33087	32388	31929	31950	33171	33192	32527	32576	32625	32194	32243	31752	33525	32832	32379	33606	33633	32940	32487	32514	33021	33768	33075	33102	32646	32670	32154	32178	33942	33246	33270	34014	34038	33342	32886	32935	34172	34209	33526	33083	33600	33637	33194	32717	32776	34575	33434	34693	34717	34016	34035	33574	33593	34812	34831	33110	34149	34168	33707	33726	34945	34244	33783	33857	34396	35175	35234	34093	34125	33612	35379	35406	34713	34740	34287	34314	35541	34848	34875	33891	35664	35697	35010	34563	34596	34089	34122	35175	35914	35210	35226	34762	34778	35994	34810	34826	35322	36058	36074	35370	34906	34382	35418	36154	34430	36186	35511	35544	35097	35130	36363	35196	35709	36462	36495	35820	35382	35424	36666	35988	36750	36072	36111	35664	35697	35190	36963	35796	37029	37062	36375	36405	35952	35979	37206	36513	37260	36567	36594	36141	36168	35655	37435	36752	37509	37546	36863	36420	36937	36494	37731	37044	36597	36090	37863	37176	37209	36762	36255	36821	38044	38067	38090	37393	37416	36959	36982	38205	36488	36511	38274	37577	37601	37144	37167	37190	38413	38436	38459	37762	37785	37328	37351	38574	36857	38625	37932	37959	37506	37533	37020	38067	38814	38841	38868	38175	38197	37736	37755	38254	37253	39012	38311	38330	37869	37888	37907	37926	37405	37424	39183	39247	38576	38145	38194	39443	37752	39557	38896	38955	38534	38593	38107	38696	39945	39994	40043	40092	39405	39432	38979	39486	40233	40260	39567	39594	39141	39168	39195	40421	40444	40467	39770	39793	39336	39359	39862	38865	40628	39931	39954	39497	39517	38996	39015	40054	40793	40812	40831	40850	40149	40168	39707	40206	40945	39764	40983	40320	39882	39924	39426	40008	39510	41292	41327	41356	40665	40694	40243	41472	40301	40330	41559	40868	40927	40496	40545	40594	40103	41892	41931	41964	41277	41310	40863	40896	40389	42162	41475	41515	41072	41109	41626	42383	42420	42457	42494	41820	41862	41424	41466	41988	41010	41052	42840	42162	42204	41766	41808	41850	41892	43147	43196	42525	42094	42143	41652	43431	41724	43497	42810	42843	42396	42429	42942	42495	43001	43744	43767	43790	43093	42096	42659	43882	43905	43208	43231	42774	42797	42847	44096	44145	44194	44243	43572	43677	43296	43395	43920	42942	44724	44046	44088	43650	43692	43257	45096	44475	45221	45244	44547	44570	44113	44136	45359	45382	44685	43688	45451	44754	44297	44335	43832	44409	45646	45683	45720	45037	45074	44647	44696	45945	45994	44303	46092	45477	45576	45195	46457	45316	46575	46634	45973	46037	45616	45675	45734	46273	47097	46476	46575	46131	46164	47397	46230	45723	47496	47529	46842	46875	46435	46472	45969	47746	47783	47100	47137	46694	46735	46232	47289	46846	48083	48120	47437	46994	47057	46576	48375	47234	48493	47827	47876	47445	47494	47003	47592	47095	48872	48909	48946	48263	48300	47857	48374	49119	49140	48441	48462	48003	48024	48045	49266	48567	49308	49329	48630	48651	48192	48297	49596	49695	49735	49052	49089	48646	48683	48180	49957	48794	50035	50072	49389	49426	48983	49020	50257	49574	48607	50396	49725	49294	49343	48852	49422	50646	50670	50694	49998	50022	49566	50790	50094	50118	49662	49146	50925	50232	50259	49806	49833	51060	51087	51114	50421	50448	49995	50035	51272	50109	51346	50663	50700	50257	50294	49791	50844	51597	51630	51663	50976	51009	50562	50595	51835	50132	51909	51226	51263	50820	50857	50894	50925	52152	52179	51486	51033	51060	50547	51594	51141	50628	52395	51727	51776	51345	51394	50903	51972	52722	52746	52770	52074	52098	51642	52866	52170	51174	52938	52242	52266	51835	51872	51369	53146	53183	53220	52537	52574	52125	53352	52659	52206	53433	52740	52767	52314	52341	51828	52395	53622	53646	53670	52974	52998	52542	53046	53790	52614	53838	53142	52686	52735	52232	52269	52846	54083	54120	54157	54194	53511	53544	53097	53610	53643	53196	54429	53742	53775	53357	52876	53475	52994	54793	54815	54832	54129	54146	53683	53700	54917	54934	54231	54248	53785	53802	55019	54316	55053	55070	54367	54437	54016	54075	53594	55393	55435	54752	54789	54346	54383	53880	54937	54494	54557	55816	55875	55214	55273	54831	54864	54357	55410	56163	55476	55509	55062	55095	54585	55152	55179	56406	56433	56460	55767	55794	55341	56568	55875	56672	56026	56100	55694	55725	55212	56979	55806	57033	57060	56367	56394	55941	55968	57195	57347	57496	57535	56852	56889	56446	57683	57720	57757	56594	56132	57946	57300	57374	57405	58152	57459	58206	58233	57060	57087	57594	57621	57168	58395	58697	58797	57696	57255	59031	58344	59097	58410	59163	59196	58509	58062	58095	57607	59396	58725	59494	59543	59592	58937	58996	58575	58094	59893
TRANSPORT_MODE
0	2	2	1	1	1	1	0	2	2	1	1	1	1	2	0	2	1	1	1	1	1	0	0	2	2	1	1	1	1	2	0	0	2	1	1	1	1	1	0	0	2	2	1	1	1	1	0	0	2	2	1	1	1	1	1	0	3	3	1	1	1	1	0	0	2	2	1	1	1	1	1	0	3	3	1	1	1	1	0	0	2	2	1	1	1	1	1	0	3	3	1	1	1	1	0	0	0	2	2	1	1	1	1	0	3	3	1	1	1	1	1	0	0	2	2	1	1	1	1	0	0	1	3	3	1	1	1	1	0	2	2	1	1	1	1	0	0	3	3	1	1	1	1	1	0	2	2	1	1	1	1	0	0	1	3	3	1	1	1	0	0	1	2	2	1	1	1	1	0	1	3	3	1	1	1	0	0	1	2	2	1	1	1	1	0	3	3	1	1	1	1	0	0	1	2	2	1	1	1	1	0	3	3	1	1	1	1	0	0	0	1	2	1	1	1	1	0	1	3	3	1	1	1	1	0	0	1	2	2	1	1	1	0	1	3	3	1	1	1	1	0	2	2	1	1	1	1	0	0	1	3	3	1	1	1	1	0	2	2	1	1	1	1	0	0	0	1	3	1	1	1	1	0	1	2	2	1	1	1	1	0	0	1	3	3	1	1	1	0	0	1	2	2	1	1	1	1	3	3	1	1	1	1	0	0	1	2	2	1	1	1	1	0	0	3	3	1	1	1	1	0	0	1	2	1	1	1	1	0	1	3	3	1	1	1	1	0	0	1	2	2	1	1	1	0	0	1	3	3	1	1	1	1	2	2	1	1	1	1	0	0	3	3	1	1	1	1	1	0	0	2	2	1	1	1	1	0	0	1	3	1	1	1	1	0	2	2	1	1	1	1	1	0	0	3	3	1	1	1	1	0	2	2	1	1	1	1	0	1	3	3	1	1	1	1	0	0	2	2	1	1	1	1	1	0	3	3	1	1	1	1	0	0	0	2	1	1	1	1	1	0	3	3	1	1	1	1	1	0	0	2	2	1	1	1	1	0	3	3	1	1	1	1	2	0	2	1	1	1	1	1	0	0	3	3	1	1	1	1	2	0	2	1	1	1	1	1	0	0	3	1	1	1	1	2	0	0	2	1	1	1	1	1	0	0	3	3	1	1	1	1	0	0	2	2	1	1	1	1	1	0	3	3	1	1	1	1	0	0	2	2	1	1	1	1	3	0	3	1	1	1	1	1	0	0	2	1	1	1	1	1	0	3	3	1	1	1	1	0	0	0	1	2	2	1	1	1	0	1	3	3	1	1	1	1	0	2	2	1	1	1	1	0	0	3	3	1	1	1	1	1	0	2	2	1	1	1	1	0	0	3	1	1	1	1	1	0	0	2	2	1	1	1	1	0	0	1	3	3	1	1	1	0	0	1	2	2	1	1	1	1	3	3	1	1	1	1	0	0	2	2	1	1	1	1	1	0	3	3	1	1	1	1	0	0	2	2	1	1	1	1	1	0	0	3	3	1	1	1	1	0	0	1	2	2	1	1	1	0	0	1	3	3	1	1	1	1	0	2	2	1	1	1	1	0	3	3	1	1	1	1	1	0	2	2	1	1	1	1	0	0	0	3	3	1	1	1	1	1	0	2	2	1	1	1	1	0	0	1	3	3	1	1	1	0	0	1	2	2	1	1	1	1	0	3	3	1	1	1	1	0	3	3	1	1	1	1	3	0	3	1	1	1	1	1	0	0	0	3	3	1	1	1	1	1	0	3	3	1	1	1	1	0	0	3	3	1	1	1	1	0	0	3	3	1	1	1	1	1	0
PATIENT_WEIGHT
90	81	97	57	82	96	139	61	103	85	120	142	114	33	101	44	97	44	33	39	114	133	133	73	111	53	65	85	134	113	105	104	128	69	69	45	48	30	129	34	105	128	97	128	66	86	75	145	146	133	141	53	93	49	34	134	92	64	143	84	43	130	63	54	71	112	117	33	67	82	58	137	39	113	52	59	79	93	37	126	120	89	77	91	31	130	110	32	87	141	40	71	119	67	44	135	53	146	56	40	113	99	132	52	71	77	81	120	39	131	50	135	105	95	39	82	70	76	77	90	135	73	76	93	132	96	33	128	44	32	141	74	69	73	39	82	33	150	93	68	131	118	85	150	43	109	38	79	137	43	32	80	108	102	51	137	67	136	76	124	71	105	55	92	79	133	143	67	103	97	75	90	78	126	127	31	58	88	57	99	109	69	117	62	77	96	58	101	41	49	45	78	50	96	115	96	84	147	78	96	119	57	101	115	145	140	75	89	90	63	107	106	122	104	126	42	73	35	126	135	124	92	73	72	125	110	86	113	144	119	67	33	121	98	57	89	69	91	105	71	115	142	121	65	89	31	140	74	59	74	135	143	122	81	36	122	37	48	46	86	54	126	108	118	80	145	71	39	44	82	86	118	41	36	93	105	87	59	57	33	58	128	38	32	82	110	62	142	129	108	116	80	129	52	100	110	38	104	64	87	82	40	65	136	31	83	145	99	79	79	92	87	110	62	86	142	32	127	30	34	120	134	85	39	90	60	77	76	30	145	97	90	83	111	56	143	88	150	52	30	115	147	119	46	56	58	135	150	143	74	129	63	125	124	45	144	63	81	144	66	74	45	35	111	141	92	48	59	33	110	124	121	94	107	123	45	134	135	142	100	43	55	46	43	133	57	55	86	65	55	55	48	112	101	43	120	65	130	133	85	80	143	113	135	107	48	144	113	119	122	70	41	41	108	81	58	107	128	92	133	119	73	135	98	150	52	84	142	144	79	63	104	47	111	129	73	82	141	62	134	134	69	96	33	99	49	71	81	150	47	103	68	54	141	142	103	108	149	81	78	138	112	40	105	41	59	81	42	33	108	99	103	86	116	47	59	69	137	112	129	133	76	71	141	75	116	67	122	113	71	41	117	92	136	124	126	141	139	145	108	33	124	69	88	125	81	58	146	141	61	71	62	119	33	109	67	120	34	52	52	76	74	73	102	149	109	95	78	45	59	113	97	60	128	123	50	46	38	47	41	38	109	72	60	34	135	43	80	102	75	96	115	42	124	78	117	109	103	117	97	59	66	118	76	86	95	48	36	94	30	115	106	43	132	40	100	104	60	88	133	108	125	82	49	36	123	136	105	99	49	69	150	50	107	106	115	75	118	78	66	37	64	107	56	88	119	84	128	104	58	81	148	81	65	50	141	60	77	150	141	99	123	132	128	69	50	108	83	31	91	79	125	38	85	111	76	35	94	144	85	111	49	80	67	137	110	61	58	101	139	141	117	66	64	59	126	45	64	120	105	45	145	72	89	55	46	104	58	95	114	107	138	127	115	133	135	100	97	83	75	125	77	124	30	56	32	74	30	80	73	33	125	147	143	126	107	144	79	47	103	68	132	137	107	34	122	64	127	116	112	64	132	142	141	89	122	50	118	72	133	132	141	67	112	117	106	126	53	87	144	110	97	120	99	100	131	58	137	62	57	118	111	125	46	126	146	114	103	123	63	148	66	137	133	53	46	42	106	112	79	87	70	67	59	40	125	102	58	112	121	83	122	56	111	115	126	116	138	44	82	122	81	49	42	54	121	101	74	113	144	125	55	32	96	128	113	118	75	73	112	132
DISTANCE_MATRIX
0	360	318	300	288	276	264	264	150	150	150	60	90	90	162	168	204	228	234	312	360	408	348	318	168	192	168	318
360	60	264	318	324	342	342	342	348	348	354	360	372	378	378	420	420	480	462	498	462	462	384	420	372	420	378	378
318	264	60	270	276	288	288	288	294	294	294	318	318	324	324	414	414	468	462	486	462	462	330	366	366	408	372	324
300	318	270	60	276	288	288	288	288	288	288	300	300	312	318	408	408	468	462	486	438	438	318	360	360	402	360	312
288	324	276	276	60	276	276	276	276	276	276	288	288	300	300	402	396	462	456	480	432	432	300	360	360	402	348	300
276	342	288	288	276	60	180	180	252	258	264	264	264	288	288	390	390	456	450	480	432	432	288	348	348	348	288	288
264	342	288	288	276	180	60	180	246	258	264	264	264	288	288	390	390	456	450	480	432	432	288	348	348	348	288	288
264	342	288	288	276	180	180	60	240	258	264	264	264	288	288	390	390	456	450	480	432	432	288	348	348	348	288	288
150	348	294	288	276	252	246	240	60	120	120	150	126	270	270	378	384	420	438	480	420	408	276	300	300	300	276	270
150	348	294	288	276	258	258	258	120	60	120	150	150	270	270	378	384	420	438	480	420	408	276	300	300	300	276	270
150	354	294	288	276	264	264	264	120	120	60	150	150	270	270	378	384	420	438	480	420	408	276	300	300	300	276	270
60	360	318	300	288	264	264	264	150	150	150	60	90	162	168	228	234	312	360	408	348	318	168	192	192	198	168	162
90	372	318	300	288	264	264	264	150	150	150	90	60	162	168	228	234	312	360	408	348	318	168	192	192	198	168	162
90	378	324	312	300	288	288	288	270	270	270	162	162	60	120	180	180	306	210	360	300	300	120	180	120	180	120	234
162	378	324	318	300	288	288	288	270	270	270	168	168	120	60	180	180	306	210	360	300	300	120	180	120	180	120	120
168	420	414	408	402	348	348	348	300	300	300	228	228	180	180	60	132	204	132	348	258	258	186	60	180	132	222	180
204	420	414	408	396	390	390	390	384	384	384	234	234	180	180	132	60	204	132	348	258	258	186	60	180	132	222	180
228	480	468	468	462	456	456	456	420	420	420	312	312	306	306	204	204	60	198	120	240	240	306	204	306	138	306	306
234	462	462	462	456	450	450	450	438	438	438	360	360	210	210	132	132	198	60	138	132	132	210	132	210	132	210	210
312	498	486	486	480	480	480	480	480	480	480	408	408	360	360	348	348	120	138	60	348	348	360	348	360	348	360	360
360	462	462	438	432	432	432	432	420	420	420	348	348	300	300	258	258	240	132	348	60	60	300	258	300	258	300	300
408	462	462	438	432	432	432	432	408	408	408	318	318	300	300	258	258	240	132	348	60	60	300	258	300	258	300	300
348	384	330	318	300	288	288	288	276	276	276	168	168	120	120	186	186	306	210	360	300	300	60	186	120	186	120	120
318	420	366	360	360	348	348	348	300	300	300	192	192	180	180	60	60	204	132	348	258	258	186	60	180	60	180	180
168	372	300	306	300	288	288	288	270	270	270	168	168	120	120	180	180	306	210	360	300	300	120	180	60	180	120	120
192	420	408	402	402	348	348	348	300	300	300	198	198	180	180	132	132	138	132	348	258	258	186	60	180	60	180	180
168	378	372	360	348	288	288	288	276	276	276	168	168	120	120	222	222	306	210	360	300	300	120	180	120	180	60	120
318	378	324	312	300	288	288	288	270	270	270	162	162	234	120	180	180	306	210	360	300	300	120	180	120	180	120	60
DEPOTS_DISTANCE
234	462	462	462	456	450	450	450	438	438	438	360	360	210	210	132	132	198	60	138	132	132	210	132	210	132	210	210	
348	384	330	318	300	288	288	288	276	276	276	168	168	120	120	186	186	306	210	360	300	300	60	186	120	186	120	120	
318	420	366	360	360	348	348	348	300	300	300	192	192	180	180	60	60	204	132	348	258	258	186	60	180	60	180	180	
LOCATION_TURN_MATRIX
100	130	122	113	112	199	136	122	129	152	173	146	151	136	158	140	176	113	122	167	194	134	110	172	114	184	100	147	
170	100	154	188	164	169	136	136	152	170	104	183	155	115	101	104	155	187	174	115	149	134	178	168	114	135	168	102	
178	146	100	161	178	114	104	165	117	139	126	169	192	109	120	179	160	152	154	134	113	140	154	179	196	196	192	181	
187	112	139	100	158	114	195	181	104	132	195	106	183	169	132	170	140	136	172	148	116	110	123	136	151	120	176	169	
188	136	122	142	100	175	164	159	112	100	167	164	135	191	132	181	104	123	142	156	108	117	193	182	116	147	156	185	
101	131	186	186	125	100	190	147	164	150	137	102	145	176	185	131	113	108	117	186	118	151	140	178	154	189	172	110	
164	164	196	105	136	110	100	186	153	151	183	193	111	157	144	123	188	142	110	163	105	190	166	187	170	171	186	126	
178	164	135	119	141	153	114	100	106	130	108	103	151	178	122	151	130	133	184	177	110	141	166	110	122	174	191	197	
171	148	183	196	188	136	147	194	100	167	100	146	168	129	128	142	172	118	174	147	105	158	156	160	120	106	119	136	
148	130	161	168	200	150	149	170	133	100	177	106	175	116	188	180	176	194	108	146	130	187	183	173	128	141	169	176	
127	196	174	105	133	163	117	192	200	123	100	171	175	140	183	115	104	186	128	153	151	175	100	146	191	117	132	197	
154	117	131	194	136	198	107	197	154	194	129	100	136	184	140	147	172	184	148	131	103	156	185	200	152	158	154	143	
149	145	108	117	165	155	189	149	132	125	125	164	100	140	199	142	101	144	163	185	117	191	200	143	113	165	102	154	
164	185	191	131	109	124	143	122	171	184	160	116	160	100	109	116	196	113	131	186	166	139	183	175	144	161	105	170	
142	199	180	168	168	115	156	178	172	112	117	160	101	191	100	147	177	177	199	158	172	188	164	175	180	168	154	195	
160	196	121	130	119	169	177	149	158	120	185	153	158	184	153	100	152	159	197	157	181	159	102	123	168	200	124	186	
124	145	140	160	196	187	112	170	128	124	196	128	199	104	123	148	100	149	114	112	117	135	105	132	138	180	198	156	
187	113	148	164	177	192	158	167	182	106	114	116	156	187	123	141	151	100	166	132	168	163	159	123	129	173	161	116	
178	126	146	128	158	183	190	116	126	192	172	152	137	169	101	103	186	134	100	184	199	137	130	160	148	113	140	150	
133	185	166	152	144	114	137	123	153	154	147	169	115	114	142	143	188	168	116	100	111	195	128	157	191	164	141	171	
106	151	187	184	192	182	195	190	195	170	149	197	183	134	128	119	183	132	101	189	100	129	151	163	147	166	104	177	
166	166	160	190	183	149	110	159	142	113	125	144	109	161	112	141	165	137	163	105	171	100	101	185	169	129	103	197	
190	122	146	177	107	160	134	134	144	117	200	115	100	117	136	198	195	141	170	172	149	199	100	106	150	116	118	145	
128	132	121	164	118	122	113	190	140	127	154	100	157	125	125	177	168	177	140	143	137	115	194	100	128	167	115	155	
186	186	104	149	184	146	130	178	180	172	109	148	187	156	120	132	162	171	152	109	153	131	150	172	100	155	124	184	
116	165	104	180	153	111	129	126	194	159	183	142	135	139	132	100	120	127	187	136	134	171	184	133	145	100	129	192	
200	132	108	124	144	128	114	109	181	131	168	146	198	195	146	176	102	139	160	159	196	197	182	185	176	171	100	146	
153	198	119	131	115	190	174	103	164	124	103	157	146	130	105	114	144	184	150	129	123	103	155	145	116	108	154	100	
DEPOTS_TO_LOCAL_TURN_MATRIX
178	126	146	128	158	183	190	116	126	192	172	152	137	169	101	103	186	134	100	184	199	137	130	160	148	113	140	150	
190	122	146	177	107	160	134	134	144	117	200	115	100	117	136	198	195	141	170	172	149	199	100	106	150	116	118	145	
128	132	121	164	118	122	113	190	140	127	154	100	157	125	125	177	168	177	140	143	137	115	194	100	128	167	115	155	
LOCAL_TO_DEPOT_TURN_MATRIX
122	174	154	172	142	117	110	184	174	108	128	148	163	131	199	197	114	166	100	116	101	163	170	140	152	187	160	150	
110	178	154	123	193	140	166	166	156	183	100	185	200	183	164	102	105	159	130	128	151	101	100	194	150	184	182	155	
172	168	179	136	182	178	187	110	160	173	146	200	143	175	175	123	132	123	160	157	163	185	106	100	172	133	185	145	

