INDEX_PROBLEM
1
PATIENTS
800
STRETCHERS
16
NUM_ROOM
28
NUM_DEPOT
3
NUM_PRIORITY
4
PRIORITY_LIST
0	1	2	3	4
PRIORITY_WEIGHT
0	1	10	18	30
PRIORITY_JOB
0	2	3	3	4	4	1	2	3	3	4	4	2	2	3	4	4	4	1	2	3	3	4	4	4	2	2	3	4	4	4	3	1	2	3	3	4	4	2	4	3	2	3	4	4	4	2	4	4	3	3	4	4	1	2	4	4	1	1	3	4	4	4	2	1	2	3	4	4	1	1	4	1	2	3	3	4	2	2	2	3	3	4	4	4	1	1	4	1	2	3	3	4	4	2	1	4	2	3	4	4	4	1	4	4	2	3	3	4	4	1	2	1	2	3	4	4	2	2	3	4	1	1	3	4	4	1	3	2	3	3	4	4	2	2	4	2	1	1	3	4	4	4	1	1	2	3	3	4	2	2	4	1	1	1	3	4	4	4	3	1	2	3	3	4	4	1	4	4	1	1	2	3	4	4	2	2	2	2	3	4	4	4	3	1	1	1	2	3	3	4	1	4	2	2	3	4	4	4	4	1	1	1	2	3	3	4	1	4	4	2	2	3	4	4	4	3	3	1	2	3	4	4	3	1	4	1	2	3	4	4	4	3	2	1	1	2	3	4	2	4	1	2	3	3	4	2	4	2	1	1	3	4	4	2	2	4	1	2	3	3	4	4	4	1	2	1	1	2	3	4	3	4	4	2	3	3	4	4	4	1	1	1	1	2	3	4	2	2	3	4	2	2	3	4	4	4	1	2	1	1	3	4	4	2	4	2	2	3	4	4	3	4	1	1	1	2	3	3	4	1	4	2	2	3	4	4	4	4	4	1	1	2	3	3	4	2	4	4	1	2	3	4	4	3	3	2	2	1	1	3	4	1	4	1	2	3	4	4	2	4	3	2	3	1	1	4	4	2	4	1	2	3	3	4	4	4	2	2	2	1	1	3	4	1	2	4	4	2	3	3	4	2	4	1	4	1	1	3	4	1	2	3	4	2	2	3	4	4	4	1	2	1	1	3	4	4	2	2	2	3	4	4	4	3	1	2	1	1	3	3	4	1	4	2	2	3	4	4	4	4	4	2	3	1	1	3	4	4	3	3	1	2	3	4	4	2	4	3	3	3	4	1	1	4	1	4	1	2	3	4	4	2	4	2	3	1	1	4	4	2	2	1	2	3	3	4	4	2	4	2	3	1	1	4	4	2	1	4	2	3	3	4	4	1	4	1	2	3	1	1	4	4	2	2	2	3	3	4	4	1	3	2	3	1	1	4	4	2	2	2	3	4	4	4	1	3	4	2	3	1	1	3	4	4	1	2	2	3	4	4	1	4	4	2	3	1	1	3	4	4	2	3	1	2	3	4	4	2	4	3	3	3	1	1	4	4	1	1	2	3	4	4	4	2	4	2	1	1	3	4	4	2	2	1	2	3	3	4	4	2	4	2	1	1	3	4	4	1	3	4	1	2	3	3	4	2	4	1	4	2	1	1	3	4	2	2	4	2	3	3	4	4	3	1	1	1	2	3	4	4	1	2	2	3	4	4	1	3	2	1	1	3	3	4	4	3	4	2	2	3	4	4	4	4	4	1	1	1	2	3	3	4	1	4	2	2	3	4	4	3	3	2	1	3	3	4	4	2	1	1	2	3	4	4	2	2	4	3	1	1	4	4	4	2	1	2	3	3	4	2	2	4	1	1	1	3	4	4	4	1	1	2	3	3	4	4	2	4	3	1	1	2	3	4	4	2	1	2	3	3	4	4	1	3	1	1	2	3	4	4	2	1	1	1	2	3	4	4	2	1	1	1	1	2	3	3	4	3	1	1	4	2	2	3	1	2	1	1	4	4	4	1	2	1	2	1	1	3	3	4	4	1	1	2	2	3	4	4	2	1
TIME_ASKED
0	28849	28898	28947	28996	29045	29094	29149	29198	29247	29296	29345	29394	29429	29458	29487	29516	29545	29574	29603	29632	29661	29690	29742	29784	29826	29868	29910	29952	29994	30029	30058	30087	30116	30145	30174	30203	30232	30261	30290	30329	30358	30387	30416	30445	30474	30503	30532	30561	30590	30621	30642	30663	30684	30705	30726	30747	30768	30789	30810	30831	30852	30873	30894	30949	30998	31047	31096	31145	31194	31227	31254	31281	31308	31335	31362	31389	31416	31443	31470	31497	31524	31548	31572	31596	31620	31644	31668	31692	31716	31740	31764	31788	31837	31874	31911	31948	31985	32022	32059	32096	32159	32218	32277	32336	32395	32419	32438	32457	32476	32495	32514	32533	32552	32571	32590	32609	32628	32647	32666	32685	32759	32818	32877	32936	32995	33027	33054	33081	33108	33135	33162	33189	33216	33243	33270	33297	33333	33366	33399	33432	33465	33498	33531	33564	33597	33616	33632	33648	33664	33680	33696	33712	33728	33744	33760	33776	33792	33808	33824	33840	33856	33872	33888	33933	33966	33999	34032	34065	34098	34131	34164	34197	34242	34284	34326	34368	34410	34452	34494	34533	34566	34599	34632	34665	34698	34731	34764	34797	34827	34854	34881	34908	34935	34962	34989	35016	35043	35070	35097	35137	35174	35211	35248	35285	35322	35359	35396	35433	35466	35499	35532	35565	35598	35631	35664	35697	35723	35746	35769	35792	35815	35838	35861	35884	35907	35930	35953	35976	35999	36023	36046	36069	36092	36115	36138	36161	36184	36207	36230	36253	36276	36299	36327	36354	36381	36408	36435	36462	36489	36516	36543	36570	36597	36619	36638	36657	36676	36695	36714	36733	36752	36771	36790	36809	36828	36847	36866	36885	36949	36998	37047	37096	37145	37194	37259	37318	37377	37436	37495	37549	37598	37647	37696	37745	37794	37827	37854	37881	37908	37935	37962	37989	38016	38043	38070	38097	38123	38146	38169	38192	38215	38238	38261	38284	38307	38330	38353	38376	38399	38419	38438	38457	38476	38495	38514	38533	38552	38571	38590	38609	38628	38647	38666	38685	38742	38784	38826	38868	38910	38952	38994	39029	39058	39087	39116	39145	39174	39203	39232	39261	39290	39349	39398	39447	39496	39545	39594	39633	39666	39699	39732	39765	39798	39831	39864	39897	39937	39974	40011	40048	40085	40122	40159	40196	40242	40284	40326	40368	40410	40452	40494	40542	40584	40626	40668	40710	40752	40794	40849	40898	40947	40996	41045	41094	41133	41166	41199	41232	41265	41298	41331	41364	41397	41423	41446	41469	41492	41515	41538	41561	41584	41607	41630	41653	41676	41699	41749	41798	41847	41896	41945	41994	42099	42198	42297	42342	42384	42426	42468	42510	42552	42594	42699	42798	42897	42923	42946	42969	42992	43015	43038	43061	43084	43107	43130	43153	43176	43199	43237	43274	43311	43348	43385	43422	43459	43496	43549	43598	43647	43696	43745	43794	43899	43998	44097	44159	44218	44277	44336	44395	44459	44518	44577	44636	44695	44799	44898	44997	45033	45066	45099	45132	45165	45198	45231	45264	45297	45337	45374	45411	45448	45485	45522	45559	45596	45637	45674	45711	45748	45785	45822	45859	45896	45959	46018	46077	46136	46195	46249	46298	46347	46396	46445	46494	46537	46574	46611	46648	46685	46722	46759	46796	46821	46842	46863	46884	46905	46926	46947	46968	46989	47010	47031	47052	47073	47094	47199	47298	47397	47437	47474	47511	47548	47585	47622	47659	47696	47737	47774	47811	47848	47885	47922	47959	47996	48049	48098	48147	48196	48245	48294	48324	48348	48372	48396	48420	48444	48468	48492	48516	48540	48564	48588	48627	48654	48681	48708	48735	48762	48789	48816	48843	48870	48897	48937	48974	49011	49048	49085	49122	49159	49196	49233	49266	49299	49332	49365	49398	49431	49464	49497	49537	49574	49611	49648	49685	49722	49759	49796	49827	49854	49881	49908	49935	49962	49989	50016	50043	50070	50097	50149	50198	50247	50296	50345	50394	50424	50448	50472	50496	50520	50544	50568	50592	50616	50640	50664	50688	50737	50774	50811	50848	50885	50922	50959	50996	51027	51054	51081	51108	51135	51162	51189	51216	51243	51270	51297	51324	51348	51372	51396	51420	51444	51468	51492	51516	51540	51564	51588	51637	51674	51711	51748	51785	51822	51859	51896	51933	51966	51999	52032	52065	52098	52131	52164	52197	52259	52318	52377	52436	52495	52517	52534	52551	52568	52585	52602	52619	52636	52653	52670	52687	52704	52721	52738	52755	52772	52789	52859	52918	52977	53036	53095	53137	53174	53211	53248	53285	53322	53359	53396	53459	53518	53577	53636	53695	53733	53766	53799	53832	53865	53898	53931	53964	53997	54027	54054	54081	54108	54135	54162	54189	54216	54243	54270	54297	54374	54448	54522	54596	54627	54654	54681	54708	54735	54762	54789	54816	54843	54870	54897	55049	55198	55237	55274	55311	55348	55385	55422	55459	55496	55574	55648	55722	55796	55827	55854	55881	55908	55935	55962	55989	56016	56043	56070	56097	56399	56499	56598	56697	56733	56766	56799	56832	56865	56898	56931	56964	56997	57049	57098	57147	57196	57245	57294	57359	57418	57477	57536	57595
ORIGIN
26	16	6	27	19	7	27	25	25	14	4	10	2	23	14	27	27	14	3	23	23	4	14	14	14	14	14	7	27	20	14	4	4	9	1	23	11	14	2	4	26	27	2	3	24	14	14	11	14	6	27	18	7	27	20	8	26	14	17	2	23	12	2	14	14	18	23	14	4	24	25	12	2	25	2	27	19	8	9	9	9	14	23	11	2	14	14	14	14	14	14	14	14	4	5	14	14	27	18	7	27	20	8	12	12	17	17	2	12	2	14	14	14	14	14	4	24	15	4	25	16	25	27	26	3	26	23	11	4	9	10	2	23	14	2	14	14	14	26	26	27	15	20	9	9	2	14	27	20	14	14	4	4	14	2	27	20	2	4	11	11	11	6	24	15	4	20	16	7	26	20	26	14	2	8	14	14	14	7	23	12	2	23	27	14	14	14	14	14	27	14	9	9	14	14	20	8	27	14	14	14	27	4	2	14	4	5	14	14	27	18	14	4	26	27	1	14	1	12	17	17	14	14	14	13	13	14	25	2	23	14	3	2	23	23	27	11	14	14	23	26	4	14	8	27	23	14	14	14	26	26	14	14	14	20	4	4	14	27	23	26	16	14	14	14	14	2	27	26	14	3	14	4	14	23	14	23	13	3	23	4	2	26	14	14	1	1	14	27	14	7	7	23	8	1	27	27	16	16	14	16	2	27	16	16	4	16	9	16	5	26	14	27	14	4	18	3	14	14	9	9	14	27	14	13	2	23	1	3	14	1	7	1	7	14	3	3	27	7	25	8	1	23	10	14	27	27	23	26	14	14	2	2	2	14	8	5	26	14	2	2	2	14	14	14	14	3	20	20	20	20	7	2	23	2	26	2	2	14	14	2	1	1	14	14	14	2	14	1	23	10	1	14	14	8	14	14	14	27	14	10	2	2	2	14	26	3	10	16	14	7	14	14	14	16	27	27	27	4	16	23	14	3	2	14	27	27	20	14	27	3	3	27	3	5	3	23	10	1	14	1	14	27	14	14	27	14	1	14	3	27	14	16	6	27	19	7	14	14	3	26	4	3	26	14	27	2	4	14	3	23	14	19	26	14	14	1	25	14	14	16	26	2	14	9	16	26	11	16	2	26	26	27	14	10	11	14	1	2	14	5	27	18	7	2	14	2	14	17	17	2	23	23	4	4	4	3	23	14	4	14	1	25	14	25	14	4	26	22	3	8	1	1	23	11	2	14	10	4	4	14	14	15	15	14	27	3	27	26	17	7	27	3	1	27	1	14	2	20	20	14	3	11	3	23	14	4	14	15	23	11	14	14	3	26	14	2	14	2	1	23	10	2	11	19	2	14	14	27	15	15	14	2	14	4	26	16	7	27	27	16	26	2	3	9	20	2	2	14	14	14	23	14	3	24	14	4	14	12	14	3	26	14	14	27	27	12	14	10	2	23	12	14	27	14	27	14	14	12	12	27	27	1	2	7	26	19	2	3	14	3	16	20	20	2	2	3	3	23	14	3	24	14	4	14	27	1	1	26	7	27	14	14	8	3	10	1	23	12	2	23	10	10	14	14	27	24	1	2	1	16	6	27	19	7	27	22	11	14	27	20	2	23	26	26	27	14	3	23	14	27	2	26	26	26	14	1	27	20	4	4	3	9	1	23	8	10	23	4	2	14	14	27	24	15	14	1	14	6	27	18	7	27	14	14	17	2	10	2	23	2	2	12	14	3	23	14	4	27	18	3	18	25	7	27	20	14	14	3	9	1	23	11	2	14	4	14	26	14	3	24	14	1	14	14	5	27	18	7	27	20	8	12	2	17	1	23	12	2	4	4
DESTINATION
3	14	17	2	22	23	2	14	14	3	23	14	14	27	25	18	2	25	14	4	27	14	9	9	1	9	1	20	2	14	4	14	14	14	14	27	15	5	27	14	3	18	27	14	2	26	8	12	4	17	2	27	20	2	14	14	14	16	6	14	27	11	14	25	25	27	3	26	14	2	14	11	27	14	27	2	22	14	14	14	14	26	27	15	14	20	20	9	4	9	4	1	26	14	14	4	4	2	27	20	2	14	14	11	11	6	6	27	11	14	20	8	26	26	26	14	2	14	14	14	14	14	18	14	23	14	27	12	14	14	14	14	27	8	14	9	9	9	14	14	23	11	14	14	14	27	4	2	14	4	5	14	14	5	27	18	7	27	14	12	12	12	17	2	14	14	14	14	13	14	14	14	4	24	14	25	16	4	23	27	11	14	1	23	4	9	10	2	2	23	2	14	14	26	26	14	14	2	20	20	9	2	14	27	20	14	14	4	4	2	27	26	14	3	2	14	4	14	11	6	6	15	16	16	7	7	26	14	14	1	25	14	27	26	7	23	12	2	2	27	14	14	16	14	2	27	9	16	4	14	14	20	8	8	14	14	14	4	18	27	3	14	5	9	9	5	27	18	14	4	26	1	14	1	7	1	1	7	14	3	14	27	14	25	2	23	23	3	2	5	23	23	26	14	14	2	2	14	14	4	14	27	23	14	14	14	14	14	14	14	3	20	2	20	14	27	26	16	16	14	14	1	2	1	7	14	1	14	14	8	14	23	23	13	3	23	23	2	23	14	14	14	27	14	10	2	2	7	23	8	8	27	27	27	16	14	14	3	16	27	27	27	4	9	16	9	26	14	14	14	14	20	14	1	27	3	27	27	5	16	27	14	23	1	1	3	27	1	14	27	14	14	1	3	14	25	8	1	23	10	14	27	27	27	4	3	26	14	14	1	23	8	8	5	14	2	2	2	14	14	1	25	14	14	16	2	2	7	2	2	26	26	2	26	14	26	27	14	14	10	14	1	2	1	1	23	10	14	1	14	2	26	14	17	2	22	23	4	4	26	3	14	26	3	16	2	27	14	25	14	4	26	22	3	1	16	23	14	3	2	14	3	14	4	14	14	3	15	14	27	3	3	23	10	14	20	1	14	27	3	14	2	27	20	14	3	27	16	6	6	27	7	7	14	14	14	14	3	26	14	4	14	14	4	14	3	23	14	19	26	14	14	14	27	15	14	2	14	14	14	9	16	11	11	16	2	26	2	3	9	20	2	14	14	2	14	5	27	7	7	2	14	12	14	3	26	14	4	14	27	12	4	3	23	14	4	27	1	27	14	27	14	14	12	22	27	1	1	23	11	11	2	14	10	14	3	16	20	2	2	14	3	27	26	17	7	27	27	3	1	1	1	26	14	2	26	14	8	11	3	23	14	4	15	23	23	11	10	14	14	27	11	1	2	1	23	10	10	11	11	2	2	14	27	20	14	22	14	26	4	26	16	7	7	27	27	26	26	27	26	14	1	26	14	4	2	23	23	14	20	2	4	4	14	14	14	14	27	11	14	1	14	14	2	10	23	2	14	27	14	14	17	2	22	23	2	19	12	1	2	7	14	27	3	3	18	25	14	5	26	2	14	3	3	14	3	24	2	14	14	14	26	14	14	27	14	14	1	14	27	10	1	23	2	14	2	23	10	17	2	27	23	2	16	4	6	27	14	14	27	27	27	11	25	14	4	26	14	23	27	26	27	14	20	2	14	20	2	26	14	14	27	15	14	20	14	4	3	9	14	1	26	23	4	4	14	2	27	20	2	14	14	11	27	6	14	27	11	14	14	14
DUE_DATE
0	30427	29996	30045	29554	29603	31392	30727	30296	30345	29854	29903	30972	31007	30556	30045	30074	30103	31872	31181	30730	30759	30248	30300	30342	31404	31446	31008	30510	30552	30587	31156	32385	31694	31243	31272	30761	30790	31839	30848	31427	31936	31485	30974	31003	31032	32081	31090	31119	31688	31719	31200	31221	32982	32283	31284	31305	33066	33087	31908	31389	31410	31431	32472	33247	32576	32145	31654	31703	33492	33525	31812	33579	32886	32433	32460	31947	32994	33021	33048	32595	32622	32106	32130	32154	33918	33942	32226	33990	33294	32838	32862	32346	32395	33452	34209	32506	33563	33120	32617	32654	32717	34516	32835	32894	33973	33517	33536	33015	33034	34793	34092	34831	34130	33669	33148	33167	34206	34225	33764	33243	35057	35116	33975	33494	33553	35325	34152	34659	34206	34233	33720	33747	34794	34821	33828	34875	35631	35664	34497	33990	34023	34056	35829	35862	35175	34714	34730	34206	35242	35258	34254	36010	36026	36042	34858	34334	34350	34366	34922	36138	35434	34970	34986	34491	34524	36297	34590	34623	36396	36429	35742	35295	34800	34842	35904	35946	35988	36030	35592	35091	35124	35157	35730	36963	36996	37029	36342	35895	35925	35412	37179	35466	36513	36540	36087	35574	35601	35628	35655	37435	37472	37509	36826	36383	36420	35917	37694	35991	36024	37077	37110	36663	36156	36189	36222	36795	36821	38044	37347	36890	36373	36396	36959	38182	36465	38228	37531	37074	36557	36581	36604	37167	37670	38413	38436	37739	37282	36765	37808	36811	38574	37877	37425	37452	36939	37986	36993	38040	38787	38814	37641	37128	37155	38197	38216	37215	38974	38273	37812	37831	37310	37329	37348	39107	38406	39145	39164	38463	38047	37556	38145	37654	37703	38772	38357	38416	37935	37994	38053	39847	39896	39945	39994	39323	38892	38385	39432	39459	39006	38493	39540	39567	39114	38601	38628	38655	40421	39724	40467	40490	39313	38796	38819	39862	38865	39908	39931	39474	38957	38977	39536	39015	40774	40793	40812	40111	39650	39669	39148	40907	39186	40225	40244	39783	39300	39342	39384	39426	39468	41250	41292	40607	40156	40185	39674	40723	39732	39761	41530	40839	40388	39907	39956	40545	40594	41123	41172	41931	41964	40797	40290	42063	40356	42129	41442	40995	40495	40532	41589	40606	41183	41700	41257	42494	42540	40842	40884	41946	40968	42750	42072	41640	41682	41184	41226	41268	42330	42372	42427	43196	43245	42094	41603	43392	42711	41724	41757	42810	42363	42396	41889	42942	41955	43721	42004	43767	43790	42613	42096	43859	43162	42705	42188	43231	43254	42797	42307	42356	42405	44194	43523	44292	44397	43296	42855	42900	43962	44004	44046	43608	43110	43152	43257	43896	45195	44501	45244	45267	44090	44113	43596	45359	43642	44685	44708	44251	43734	43757	43795	43832	43869	44926	44483	45720	45757	44594	44107	44156	44745	44794	46043	45372	44997	44556	44655	45737	44776	45375	45434	45493	45017	46816	46875	45194	46993	45357	47196	46575	46131	45624	45657	46710	45723	46776	46329	47562	47595	45895	45932	46989	47026	47783	47100	46657	46694	46195	46232	47289	46306	47363	46920	48157	48194	46517	46576	47655	48434	46753	47827	47396	47445	46954	47003	48792	47095	48872	48189	47746	48983	49020	47317	47354	48399	48420	48441	47982	48003	47484	47505	49266	48087	48588	48129	49350	49371	47652	47757	48876	48975	49015	48572	48069	48106	48143	49920	48757	48254	49315	48872	50109	50146	48983	48480	48517	50294	49627	49676	49245	48754	48803	50592	48882	48906	49950	49494	50718	50742	49566	49050	49074	50118	49662	50886	50205	49752	49239	49266	50313	49320	49887	49914	49941	51168	51195	49495	49532	51309	51346	50663	50220	49717	49754	49791	50844	49857	50910	51663	51696	50529	50022	50055	51115	51152	51909	51226	50783	50820	50317	50354	51405	50412	51459	52206	52233	51060	50547	50574	52341	51168	50655	52447	51776	51345	51394	50903	51972	50982	52746	51030	52074	52818	52842	51666	51150	52194	52218	51222	52266	51835	51872	51369	51406	51983	53220	53257	53294	52605	52152	51639	51666	53433	52740	52767	52314	51801	51828	53595	52422	52926	53670	53694	52518	52542	52026	52050	52614	52098	53142	53166	52735	52232	52269	52306	52343	52380	54157	54194	54231	53544	53097	53130	52623	54396	52689	53742	53775	53357	52876	52935	53534	53593	54095	54832	53649	53666	53143	53160	54197	54934	54951	54248	53785	53262	53279	54316	54333	53330	53887	55157	55216	53535	53594	53653	54715	55472	54789	54346	54383	53880	54937	54974	54017	55816	55875	55934	54793	54291	54324	54357	56130	56163	55476	55029	55062	54555	54585	55632	54639	55206	56433	56460	55767	55314	54801	54828	55875	56672	56026	55620	55694	55185	55212	56979	55806	57033	57060	56367	55914	55401	55428	56475	57347	57496	57535	56852	56409	55906	55943	57000	57757	57794	57872	57946	57300	56894	56925	56412	56979	58206	58233	56520	57567	57594	57141	58368	57675	58697	58797	57156	57255	57291	59064	58377	59130	58443	59196	59229	58062	58095	57607	57656	59445	59494	58823	58872	58457	57976	58035	59114	59893
TRANSPORT_MODE
0	2	2	1	1	1	1	2	0	2	1	1	1	1	2	0	2	1	1	1	1	1	2	0	2	1	1	1	1	2	0	0	2	1	1	1	1	1	2	0	0	2	1	1	1	1	2	0	0	1	1	1	1	1	1	0	0	3	3	1	1	1	1	2	0	2	1	1	1	1	3	0	3	1	1	1	1	1	2	0	0	2	1	1	1	1	3	0	3	1	1	1	1	1	2	0	0	2	1	1	1	1	3	0	0	1	1	1	1	1	2	0	0	2	1	1	1	1	1	0	0	3	3	1	1	1	1	0	2	2	1	1	1	1	1	0	0	3	3	1	1	1	1	0	2	2	1	1	1	1	1	0	0	3	3	1	1	1	1	0	0	2	1	1	1	1	1	0	0	3	3	1	1	1	1	0	0	1	2	2	1	1	1	0	3	3	1	1	1	1	1	0	0	2	2	1	1	1	1	0	3	3	1	1	1	1	1	0	0	2	2	1	1	1	1	0	0	1	3	1	1	1	1	0	0	1	2	2	1	1	1	0	0	1	3	3	1	1	1	0	1	2	2	1	1	1	1	0	1	3	3	1	1	1	0	0	1	2	2	1	1	1	1	0	0	1	3	3	1	1	1	0	1	2	2	1	1	1	1	0	0	1	3	3	1	1	1	0	0	0	1	1	2	2	1	1	0	1	1	3	3	1	1	1	0	1	2	2	1	1	1	0	0	1	3	3	1	1	1	1	0	1	2	2	1	1	1	0	0	1	3	3	1	1	1	1	0	0	1	1	2	2	1	1	0	0	1	1	3	3	1	1	0	1	1	2	2	1	1	1	0	0	1	1	3	3	1	1	0	1	1	2	2	1	1	1	0	0	1	1	3	3	1	1	0	0	1	1	2	2	1	1	1	0	1	1	3	3	1	1	0	0	0	1	1	2	2	1	1	0	1	1	3	3	1	1	1	0	1	1	2	2	1	1	0	1	1	3	3	1	1	1	0	0	1	1	2	2	1	1	0	0	1	1	3	3	1	1	1	0	0	1	1	2	2	1	1	0	0	1	1	1	3	3	1	0	1	1	2	2	1	1	1	0	1	1	3	3	1	1	0	0	1	1	2	2	1	1	1	0	1	1	3	3	1	1	0	0	1	1	2	2	1	1	1	0	0	1	1	3	3	1	1	0	0	1	1	2	2	1	1	0	1	1	3	3	1	1	1	0	1	1	2	2	1	1	0	0	1	1	3	3	1	1	1	0	1	1	2	2	1	1	0	0	1	1	3	3	1	1	1	0	0	1	1	2	2	1	1	0	0	1	1	3	3	1	1	0	1	1	2	2	1	1	1	0	1	3	3	1	1	1	0	0	1	2	2	1	1	1	1	0	1	3	3	1	1	1	0	0	1	2	2	1	1	1	1	0	0	1	1	3	3	1	1	0	0	1	1	2	1	1	1	0	1	3	3	1	1	1	1	0	1	2	2	1	1	1	0	1	3	3	1	1	1	1	0	0	1	2	2	1	1	1	0	0	1	3	3	1	1	1	1	0	1	2	2	1	1	1	0	0	1	3	1	1	1	1	0	0	1	2	2	1	1	1	1	0	1	3	3	1	1	1	0	2	2	1	1	1	1	1	0	0	3	3	1	1	1	1	0	2	2	1	1	1	1	1	0	0	3	3	1	1	1	1	0	0	1	2	1	1	1	1	0	3	3	1	1	1	1	1	0	3	3	1	1	1	1	0	0	3	3	1	1	1	1	1	0	3	3	1	1	1	1	0	0	3	3	1	1	1	1	1	0	0	3	3	1	1	1	1	0	3	1	1	1	1	1	0	0
PATIENT_WEIGHT
124	47	32	47	31	95	49	129	46	56	124	140	107	78	89	111	78	49	102	112	137	141	127	106	58	82	47	41	55	62	57	65	145	34	62	62	121	91	103	97	135	108	78	69	91	32	138	81	105	37	131	33	119	123	110	106	129	102	93	146	108	130	109	134	34	31	61	132	100	78	125	92	121	39	81	126	142	45	95	86	82	59	52	90	37	142	113	77	64	113	47	71	52	106	84	32	43	134	49	49	42	120	104	103	137	110	57	136	111	88	114	59	147	88	45	49	89	102	135	142	53	135	71	68	81	46	63	117	32	128	102	113	130	100	30	94	150	62	53	120	103	51	48	132	37	109	83	100	42	130	123	65	139	147	96	94	52	41	50	104	69	32	44	47	36	128	34	91	129	114	99	108	124	94	62	117	33	68	118	33	33	55	130	103	99	79	44	102	36	116	46	56	69	74	62	103	118	116	53	116	112	124	71	104	113	135	72	82	149	132	125	75	73	91	80	85	103	69	138	80	132	94	149	48	30	70	104	116	108	43	119	147	83	51	46	35	128	84	143	67	115	83	126	119	92	120	50	148	104	36	67	103	117	34	142	135	137	79	72	133	31	30	91	32	55	75	46	96	141	33	109	131	87	127	33	70	58	133	64	43	51	52	46	119	54	33	95	104	58	78	116	87	49	53	118	49	38	107	95	136	78	46	90	93	116	126	113	108	134	38	91	73	78	75	49	128	46	128	51	33	38	90	121	74	56	121	135	120	145	112	86	33	45	82	90	74	114	76	58	67	146	89	107	59	57	87	93	138	68	146	75	98	96	91	79	34	75	53	94	107	110	114	90	70	69	133	89	106	133	48	134	79	32	62	109	119	121	79	56	149	73	34	126	125	126	60	106	66	118	36	118	37	109	102	139	77	95	124	40	104	99	110	104	118	40	137	30	99	102	111	140	36	43	102	44	44	61	48	73	111	101	96	66	84	81	132	37	89	64	131	128	59	117	45	89	104	65	116	83	119	133	36	65	129	53	52	56	103	95	102	71	111	128	62	83	126	122	93	69	41	92	34	96	85	133	130	34	140	42	114	66	52	41	44	51	57	122	53	121	108	73	130	66	147	60	126	67	84	30	105	114	64	81	112	134	43	138	43	105	74	137	80	35	41	87	84	92	39	101	90	119	112	114	143	139	66	78	144	80	113	79	57	32	39	70	138	105	39	89	85	122	91	100	143	82	117	57	66	95	108	53	115	84	68	30	40	68	139	50	54	104	106	68	139	123	139	105	37	47	89	96	115	108	125	35	30	126	58	84	143	47	143	143	56	72	117	69	150	100	90	55	66	119	68	115	70	102	109	100	31	50	100	78	135	88	105	100	38	67	88	111	65	110	37	41	38	137	135	136	136	141	42	49	72	96	47	49	110	64	104	117	75	137	72	86	109	110	62	63	108	42	75	128	105	108	145	44	110	92	65	113	132	101	148	93	114	101	116	60	141	93	80	49	71	147	125	39	108	43	114	56	48	140	100	105	142	141	137	102	69	104	135	99	59	49	97	33	35	90	137	112	58	102	133	114	117	87	132	143	56	68	99	132	138	94	34	131	72	141	52	110	41	138	60	109	109	88	78	71	86	33	62	90	57	63	66	30	69	45	86	115	87	95	44	36	75	122	53	122	90	143	108	92	150	44	105	112	145	131	82	93	115	32	125	80	77	55	57	33	122	49	64	114	65	63	132	56	103	67	68	94	96	45	127	105	110	64	143	91	120	109	143	77	55	51	77	31	72	45	146	62	134	131	124	32	103	67	118	90	52	119	96	56	45	30	69	114	70	35	129	117
DISTANCE_MATRIX
0	360	318	300	288	276	264	264	150	150	150	60	90	90	162	168	204	228	234	312	360	408	348	318	168	192	168	318
360	60	264	318	324	342	342	342	348	348	354	360	372	378	378	420	420	480	462	498	462	462	384	420	372	420	378	378
318	264	60	270	276	288	288	288	294	294	294	318	318	324	324	414	414	468	462	486	462	462	330	366	366	408	372	324
300	318	270	60	276	288	288	288	288	288	288	300	300	312	318	408	408	468	462	486	438	438	318	360	360	402	360	312
288	324	276	276	60	276	276	276	276	276	276	288	288	300	300	402	396	462	456	480	432	432	300	360	360	402	348	300
276	342	288	288	276	60	180	180	252	258	264	264	264	288	288	390	390	456	450	480	432	432	288	348	348	348	288	288
264	342	288	288	276	180	60	180	246	258	264	264	264	288	288	390	390	456	450	480	432	432	288	348	348	348	288	288
264	342	288	288	276	180	180	60	240	258	264	264	264	288	288	390	390	456	450	480	432	432	288	348	348	348	288	288
150	348	294	288	276	252	246	240	60	120	120	150	126	270	270	378	384	420	438	480	420	408	276	300	300	300	276	270
150	348	294	288	276	258	258	258	120	60	120	150	150	270	270	378	384	420	438	480	420	408	276	300	300	300	276	270
150	354	294	288	276	264	264	264	120	120	60	150	150	270	270	378	384	420	438	480	420	408	276	300	300	300	276	270
60	360	318	300	288	264	264	264	150	150	150	60	90	162	168	228	234	312	360	408	348	318	168	192	192	198	168	162
90	372	318	300	288	264	264	264	150	150	150	90	60	162	168	228	234	312	360	408	348	318	168	192	192	198	168	162
90	378	324	312	300	288	288	288	270	270	270	162	162	60	120	180	180	306	210	360	300	300	120	180	120	180	120	234
162	378	324	318	300	288	288	288	270	270	270	168	168	120	60	180	180	306	210	360	300	300	120	180	120	180	120	120
168	420	414	408	402	348	348	348	300	300	300	228	228	180	180	60	132	204	132	348	258	258	186	60	180	132	222	180
204	420	414	408	396	390	390	390	384	384	384	234	234	180	180	132	60	204	132	348	258	258	186	60	180	132	222	180
228	480	468	468	462	456	456	456	420	420	420	312	312	306	306	204	204	60	198	120	240	240	306	204	306	138	306	306
234	462	462	462	456	450	450	450	438	438	438	360	360	210	210	132	132	198	60	138	132	132	210	132	210	132	210	210
312	498	486	486	480	480	480	480	480	480	480	408	408	360	360	348	348	120	138	60	348	348	360	348	360	348	360	360
360	462	462	438	432	432	432	432	420	420	420	348	348	300	300	258	258	240	132	348	60	60	300	258	300	258	300	300
408	462	462	438	432	432	432	432	408	408	408	318	318	300	300	258	258	240	132	348	60	60	300	258	300	258	300	300
348	384	330	318	300	288	288	288	276	276	276	168	168	120	120	186	186	306	210	360	300	300	60	186	120	186	120	120
318	420	366	360	360	348	348	348	300	300	300	192	192	180	180	60	60	204	132	348	258	258	186	60	180	60	180	180
168	372	300	306	300	288	288	288	270	270	270	168	168	120	120	180	180	306	210	360	300	300	120	180	60	180	120	120
192	420	408	402	402	348	348	348	300	300	300	198	198	180	180	132	132	138	132	348	258	258	186	60	180	60	180	180
168	378	372	360	348	288	288	288	276	276	276	168	168	120	120	222	222	306	210	360	300	300	120	180	120	180	60	120
318	378	324	312	300	288	288	288	270	270	270	162	162	234	120	180	180	306	210	360	300	300	120	180	120	180	120	60
DEPOTS_DISTANCE
234	462	462	462	456	450	450	450	438	438	438	360	360	210	210	132	132	198	60	138	132	132	210	132	210	132	210	210	
348	384	330	318	300	288	288	288	276	276	276	168	168	120	120	186	186	306	210	360	300	300	60	186	120	186	120	120	
318	420	366	360	360	348	348	348	300	300	300	192	192	180	180	60	60	204	132	348	258	258	186	60	180	60	180	180	
LOCATION_TURN_MATRIX
100	130	122	113	112	199	136	122	129	152	173	146	151	136	158	140	176	113	122	167	194	134	110	172	114	184	100	147	
170	100	154	188	164	169	136	136	152	170	104	183	155	115	101	104	155	187	174	115	149	134	178	168	114	135	168	102	
178	146	100	161	178	114	104	165	117	139	126	169	192	109	120	179	160	152	154	134	113	140	154	179	196	196	192	181	
187	112	139	100	158	114	195	181	104	132	195	106	183	169	132	170	140	136	172	148	116	110	123	136	151	120	176	169	
188	136	122	142	100	175	164	159	112	100	167	164	135	191	132	181	104	123	142	156	108	117	193	182	116	147	156	185	
101	131	186	186	125	100	190	147	164	150	137	102	145	176	185	131	113	108	117	186	118	151	140	178	154	189	172	110	
164	164	196	105	136	110	100	186	153	151	183	193	111	157	144	123	188	142	110	163	105	190	166	187	170	171	186	126	
178	164	135	119	141	153	114	100	106	130	108	103	151	178	122	151	130	133	184	177	110	141	166	110	122	174	191	197	
171	148	183	196	188	136	147	194	100	167	100	146	168	129	128	142	172	118	174	147	105	158	156	160	120	106	119	136	
148	130	161	168	200	150	149	170	133	100	177	106	175	116	188	180	176	194	108	146	130	187	183	173	128	141	169	176	
127	196	174	105	133	163	117	192	200	123	100	171	175	140	183	115	104	186	128	153	151	175	100	146	191	117	132	197	
154	117	131	194	136	198	107	197	154	194	129	100	136	184	140	147	172	184	148	131	103	156	185	200	152	158	154	143	
149	145	108	117	165	155	189	149	132	125	125	164	100	140	199	142	101	144	163	185	117	191	200	143	113	165	102	154	
164	185	191	131	109	124	143	122	171	184	160	116	160	100	109	116	196	113	131	186	166	139	183	175	144	161	105	170	
142	199	180	168	168	115	156	178	172	112	117	160	101	191	100	147	177	177	199	158	172	188	164	175	180	168	154	195	
160	196	121	130	119	169	177	149	158	120	185	153	158	184	153	100	152	159	197	157	181	159	102	123	168	200	124	186	
124	145	140	160	196	187	112	170	128	124	196	128	199	104	123	148	100	149	114	112	117	135	105	132	138	180	198	156	
187	113	148	164	177	192	158	167	182	106	114	116	156	187	123	141	151	100	166	132	168	163	159	123	129	173	161	116	
178	126	146	128	158	183	190	116	126	192	172	152	137	169	101	103	186	134	100	184	199	137	130	160	148	113	140	150	
133	185	166	152	144	114	137	123	153	154	147	169	115	114	142	143	188	168	116	100	111	195	128	157	191	164	141	171	
106	151	187	184	192	182	195	190	195	170	149	197	183	134	128	119	183	132	101	189	100	129	151	163	147	166	104	177	
166	166	160	190	183	149	110	159	142	113	125	144	109	161	112	141	165	137	163	105	171	100	101	185	169	129	103	197	
190	122	146	177	107	160	134	134	144	117	200	115	100	117	136	198	195	141	170	172	149	199	100	106	150	116	118	145	
128	132	121	164	118	122	113	190	140	127	154	100	157	125	125	177	168	177	140	143	137	115	194	100	128	167	115	155	
186	186	104	149	184	146	130	178	180	172	109	148	187	156	120	132	162	171	152	109	153	131	150	172	100	155	124	184	
116	165	104	180	153	111	129	126	194	159	183	142	135	139	132	100	120	127	187	136	134	171	184	133	145	100	129	192	
200	132	108	124	144	128	114	109	181	131	168	146	198	195	146	176	102	139	160	159	196	197	182	185	176	171	100	146	
153	198	119	131	115	190	174	103	164	124	103	157	146	130	105	114	144	184	150	129	123	103	155	145	116	108	154	100	
DEPOTS_TO_LOCAL_TURN_MATRIX
178	126	146	128	158	183	190	116	126	192	172	152	137	169	101	103	186	134	100	184	199	137	130	160	148	113	140	150	
190	122	146	177	107	160	134	134	144	117	200	115	100	117	136	198	195	141	170	172	149	199	100	106	150	116	118	145	
128	132	121	164	118	122	113	190	140	127	154	100	157	125	125	177	168	177	140	143	137	115	194	100	128	167	115	155	
LOCAL_TO_DEPOT_TURN_MATRIX
122	174	154	172	142	117	110	184	174	108	128	148	163	131	199	197	114	166	100	116	101	163	170	140	152	187	160	150	
110	178	154	123	193	140	166	166	156	183	100	185	200	183	164	102	105	159	130	128	151	101	100	194	150	184	182	155	
172	168	179	136	182	178	187	110	160	173	146	200	143	175	175	123	132	123	160	157	163	185	106	100	172	133	185	145	

