INDEX_PROBLEM
1
PATIENTS
800
STRETCHERS
16
NUM_ROOM
28
NUM_DEPOT
3
NUM_PRIORITY
4
PRIORITY_LIST
0	1	2	3	4
PRIORITY_WEIGHT
0	1	10	18	30
PRIORITY_JOB
0	1	2	2	3	3	1	2	3	2	3	3	1	4	2	3	2	2	3	3	1	2	2	3	3	4	1	2	2	3	3	3	4	1	2	2	3	3	4	3	1	2	2	3	3	4	1	3	4	2	2	3	3	4	1	2	3	1	1	2	2	3	3	1	1	2	2	3	3	4	1	1	4	1	2	3	3	4	1	2	3	2	2	3	3	4	1	1	3	1	2	2	3	3	1	1	1	2	2	3	3	4	1	1	2	1	2	2	3	3	4	2	1	1	2	2	3	3	1	2	4	3	1	1	2	3	3	4	2	1	2	3	3	4	1	4	1	1	1	2	2	3	3	4	1	1	2	2	3	3	1	3	3	1	1	2	2	3	3	4	1	1	2	2	3	3	1	2	4	3	1	1	2	2	3	3	4	2	1	2	2	3	3	1	3	3	1	2	3	3	4	1	1	2	2	3	3	4	1	1	4	1	2	2	3	3	1	2	1	2	2	3	3	4	1	1	2	1	2	2	3	3	4	1	2	1	1	2	2	3	3	1	2	3	1	1	2	3	3	4	2	1	1	2	3	3	4	1	4	1	1	2	2	3	3	4	1	1	2	2	3	3	1	3	3	1	1	2	2	3	3	4	2	1	2	2	3	3	1	2	4	3	1	1	2	2	3	3	4	1	1	2	2	3	3	1	3	3	1	2	3	3	4	1	1	2	2	3	3	4	1	4	2	1	1	2	2	3	3	2	1	1	2	2	3	3	4	1	3	1	1	2	2	3	3	1	2	1	2	2	3	3	4	1	4	1	1	1	2	2	3	3	1	1	2	3	3	4	1	3	2	1	1	2	2	3	3	1	1	4	1	2	2	3	3	3	2	1	1	1	2	2	3	3	2	4	1	2	2	3	3	3	4	4	1	1	1	2	2	3	2	3	1	2	2	3	3	1	3	1	1	3	2	4	3	2	3	1	2	2	3	3	4	2	1	1	1	2	2	3	1	4	4	1	2	2	3	3	4	2	1	1	1	2	2	3	1	2	2	3	1	2	2	3	3	4	3	1	1	1	2	2	3	1	3	1	2	3	3	4	1	3	1	2	1	1	2	3	3	2	1	4	1	2	2	3	4	3	2	1	1	1	2	2	3	3	2	4	1	2	2	3	3	3	2	1	1	1	2	2	3	3	1	4	1	2	2	3	3	4	3	2	1	1	2	3	3	4	2	1	2	2	3	3	4	3	3	1	1	1	2	2	3	1	1	4	1	2	2	3	3	4	3	1	1	1	2	2	3	2	2	3	1	2	2	3	3	1	2	3	2	1	1	2	3	3	1	4	2	2	3	3	1	2	3	1	2	1	1	3	3	4	2	1	2	2	3	4	1	4	1	2	1	1	2	3	3	4	2	1	2	2	3	3	1	3	2	2	1	1	2	3	3	4	1	2	1	2	2	3	3	2	3	2	1	1	3	3	4	1	1	3	2	2	3	3	4	1	3	2	1	1	2	3	4	1	3	1	2	2	3	3	4	1	3	1	1	2	2	3	3	2	1	1	2	2	3	3	1	2	2	4	2	1	1	3	3	4	2	2	2	3	3	1	2	2	3	1	1	1	3	3	4	1	1	2	2	3	4	1	2	3	2	2	1	1	3	3	4	1	1	2	2	3	3	1	2	3	2	2	1	1	3	3	1	2	2	2	3	3	4	1	2	3	3	1	1	2	3	3	1	2	1	1	1	2	3	3	4	1	2	1	1	1	2	2	3	1	2	1	1	4	1	2	2	3	1	1	1	3	4	1	2	1	2	1	1	2	3	3	1	2	1	1	1	2	3	3	4	1	2
TIME_ASKED
0	28849	28898	28947	28996	29045	29094	29149	29198	29247	29296	29345	29394	29429	29458	29487	29516	29545	29574	29603	29632	29661	29690	29742	29784	29826	29868	29910	29952	29994	30029	30058	30087	30116	30145	30174	30203	30232	30261	30290	30329	30358	30387	30416	30445	30474	30503	30532	30561	30590	30621	30642	30663	30684	30705	30726	30747	30768	30789	30810	30831	30852	30873	30894	30949	30998	31047	31096	31145	31194	31227	31254	31281	31308	31335	31362	31389	31416	31443	31470	31497	31524	31548	31572	31596	31620	31644	31668	31692	31716	31740	31764	31788	31837	31874	31911	31948	31985	32022	32059	32096	32159	32218	32277	32336	32395	32419	32438	32457	32476	32495	32514	32533	32552	32571	32590	32609	32628	32647	32666	32685	32759	32818	32877	32936	32995	33027	33054	33081	33108	33135	33162	33189	33216	33243	33270	33297	33333	33366	33399	33432	33465	33498	33531	33564	33597	33616	33632	33648	33664	33680	33696	33712	33728	33744	33760	33776	33792	33808	33824	33840	33856	33872	33888	33933	33966	33999	34032	34065	34098	34131	34164	34197	34242	34284	34326	34368	34410	34452	34494	34533	34566	34599	34632	34665	34698	34731	34764	34797	34827	34854	34881	34908	34935	34962	34989	35016	35043	35070	35097	35137	35174	35211	35248	35285	35322	35359	35396	35433	35466	35499	35532	35565	35598	35631	35664	35697	35723	35746	35769	35792	35815	35838	35861	35884	35907	35930	35953	35976	35999	36023	36046	36069	36092	36115	36138	36161	36184	36207	36230	36253	36276	36299	36327	36354	36381	36408	36435	36462	36489	36516	36543	36570	36597	36619	36638	36657	36676	36695	36714	36733	36752	36771	36790	36809	36828	36847	36866	36885	36949	36998	37047	37096	37145	37194	37259	37318	37377	37436	37495	37549	37598	37647	37696	37745	37794	37827	37854	37881	37908	37935	37962	37989	38016	38043	38070	38097	38123	38146	38169	38192	38215	38238	38261	38284	38307	38330	38353	38376	38399	38419	38438	38457	38476	38495	38514	38533	38552	38571	38590	38609	38628	38647	38666	38685	38742	38784	38826	38868	38910	38952	38994	39029	39058	39087	39116	39145	39174	39203	39232	39261	39290	39349	39398	39447	39496	39545	39594	39633	39666	39699	39732	39765	39798	39831	39864	39897	39937	39974	40011	40048	40085	40122	40159	40196	40242	40284	40326	40368	40410	40452	40494	40542	40584	40626	40668	40710	40752	40794	40849	40898	40947	40996	41045	41094	41133	41166	41199	41232	41265	41298	41331	41364	41397	41423	41446	41469	41492	41515	41538	41561	41584	41607	41630	41653	41676	41699	41749	41798	41847	41896	41945	41994	42099	42198	42297	42342	42384	42426	42468	42510	42552	42594	42699	42798	42897	42923	42946	42969	42992	43015	43038	43061	43084	43107	43130	43153	43176	43199	43237	43274	43311	43348	43385	43422	43459	43496	43549	43598	43647	43696	43745	43794	43899	43998	44097	44159	44218	44277	44336	44395	44459	44518	44577	44636	44695	44799	44898	44997	45033	45066	45099	45132	45165	45198	45231	45264	45297	45337	45374	45411	45448	45485	45522	45559	45596	45637	45674	45711	45748	45785	45822	45859	45896	45959	46018	46077	46136	46195	46249	46298	46347	46396	46445	46494	46537	46574	46611	46648	46685	46722	46759	46796	46821	46842	46863	46884	46905	46926	46947	46968	46989	47010	47031	47052	47073	47094	47199	47298	47397	47437	47474	47511	47548	47585	47622	47659	47696	47737	47774	47811	47848	47885	47922	47959	47996	48049	48098	48147	48196	48245	48294	48324	48348	48372	48396	48420	48444	48468	48492	48516	48540	48564	48588	48627	48654	48681	48708	48735	48762	48789	48816	48843	48870	48897	48937	48974	49011	49048	49085	49122	49159	49196	49233	49266	49299	49332	49365	49398	49431	49464	49497	49537	49574	49611	49648	49685	49722	49759	49796	49827	49854	49881	49908	49935	49962	49989	50016	50043	50070	50097	50149	50198	50247	50296	50345	50394	50424	50448	50472	50496	50520	50544	50568	50592	50616	50640	50664	50688	50737	50774	50811	50848	50885	50922	50959	50996	51027	51054	51081	51108	51135	51162	51189	51216	51243	51270	51297	51324	51348	51372	51396	51420	51444	51468	51492	51516	51540	51564	51588	51637	51674	51711	51748	51785	51822	51859	51896	51933	51966	51999	52032	52065	52098	52131	52164	52197	52259	52318	52377	52436	52495	52517	52534	52551	52568	52585	52602	52619	52636	52653	52670	52687	52704	52721	52738	52755	52772	52789	52859	52918	52977	53036	53095	53137	53174	53211	53248	53285	53322	53359	53396	53459	53518	53577	53636	53695	53733	53766	53799	53832	53865	53898	53931	53964	53997	54027	54054	54081	54108	54135	54162	54189	54216	54243	54270	54297	54374	54448	54522	54596	54627	54654	54681	54708	54735	54762	54789	54816	54843	54870	54897	55049	55198	55237	55274	55311	55348	55385	55422	55459	55496	55574	55648	55722	55796	55827	55854	55881	55908	55935	55962	55989	56016	56043	56070	56097	56399	56499	56598	56697	56733	56766	56799	56832	56865	56898	56931	56964	56997	57049	57098	57147	57196	57245	57294	57359	57418	57477	57536	57595
ORIGIN
26	16	6	27	19	7	11	25	25	14	23	10	2	23	14	14	23	14	3	23	14	16	26	16	14	14	16	7	27	20	8	23	23	9	1	23	11	14	23	13	2	2	2	3	24	14	4	14	14	6	27	18	7	27	20	8	18	14	17	2	23	12	2	26	14	3	23	14	4	24	15	1	1	16	1	27	19	8	3	14	14	1	23	11	2	23	14	14	14	27	14	24	14	4	1	1	7	1	18	7	27	20	8	14	1	17	2	23	12	2	14	14	27	14	14	4	24	15	4	27	16	14	14	3	3	27	23	14	23	3	10	2	23	12	2	23	16	14	27	27	4	26	16	14	8	1	7	27	20	8	1	23	10	23	27	27	27	23	13	14	14	3	4	24	15	4	26	16	1	27	15	26	26	22	8	3	14	14	2	23	12	2	23	14	3	5	26	14	14	16	14	1	1	14	27	20	8	27	23	2	1	23	20	2	23	13	14	27	14	14	14	14	4	26	16	1	14	23	1	14	2	8	1	14	14	3	23	12	2	23	14	3	23	14	14	27	11	14	26	16	14	14	19	8	27	23	9	1	14	3	2	2	14	14	23	14	14	14	14	4	26	16	1	26	17	4	1	4	26	14	23	10	10	10	11	2	23	13	3	23	14	4	27	11	14	1	1	6	3	26	14	27	23	8	1	22	22	2	14	14	2	2	27	14	25	25	4	26	16	5	26	26	7	26	1	14	3	14	9	3	9	20	2	23	13	2	23	5	3	14	14	14	1	7	6	3	26	14	14	20	8	1	23	10	2	14	23	20	26	14	14	23	19	14	8	15	5	26	26	7	14	14	1	14	23	14	14	14	20	20	27	13	2	23	23	3	24	27	7	27	7	7	14	18	14	2	7	8	1	23	10	1	23	12	4	3	14	3	27	14	14	27	15	27	26	16	6	1	14	2	26	14	8	3	14	20	2	4	12	2	23	14	3	27	14	7	23	14	14	1	14	14	1	2	14	1	23	10	1	27	24	20	27	14	2	27	14	27	2	11	14	26	16	6	27	19	7	23	23	23	1	23	14	26	27	27	26	23	14	3	23	14	27	27	14	11	26	14	23	23	3	14	13	23	9	26	23	11	2	14	27	4	23	14	14	24	18	14	2	16	5	27	18	7	27	12	1	3	23	2	22	23	23	2	14	14	3	23	14	4	23	14	23	14	14	14	26	19	26	23	4	9	1	23	11	2	2	4	7	27	14	27	15	15	14	26	27	5	26	17	7	27	2	3	27	14	2	27	20	20	2	11	26	3	23	14	4	24	15	27	14	10	25	3	26	14	14	2	23	1	23	10	2	23	12	27	25	14	14	15	14	14	14	27	5	26	16	7	27	20	27	23	23	14	20	20	11	2	14	26	2	23	14	3	24	14	4	26	3	14	26	14	14	14	14	2	15	23	10	2	23	12	26	26	27	14	27	14	27	27	11	23	26	14	7	27	19	8	12	12	14	3	20	11	2	14	14	27	23	14	3	24	14	4	14	14	1	26	14	7	27	26	14	3	3	10	1	23	12	2	23	4	14	27	14	27	24	11	23	1	16	6	27	19	7	27	14	1	20	20	10	2	23	14	11	23	14	3	23	14	4	8	2	26	1	26	7	27	20	14	4	23	9	1	23	11	2	23	13	14	14	14	4	24	15	14	1	27	6	27	18	7	27	14	8	23	14	10	2	23	12	15	15	14	3	23	14	4	14	16	1	1	25	7	27	20	14	14	14	9	1	23	11	2	7	4	27	27	14	3	24	14	1	1	7	5	27	18	7	27	20	8	1	23	17	1	23	12	2	16	14
DESTINATION
3	14	17	2	22	23	12	14	14	3	27	14	14	27	16	16	1	25	14	4	26	14	3	14	9	1	16	20	2	14	14	27	27	14	14	27	15	5	1	7	27	27	27	14	2	26	14	1	1	17	2	27	20	2	14	14	27	16	6	14	27	11	14	23	25	14	3	26	14	2	14	14	23	14	23	2	22	14	26	16	16	14	27	15	14	27	16	8	8	23	9	1	26	14	23	23	13	23	27	20	2	14	14	4	14	6	27	27	11	14	20	8	18	15	26	14	2	14	14	18	14	3	3	23	23	2	27	15	1	26	14	14	27	11	14	1	14	1	23	23	14	3	14	2	14	23	20	2	14	14	14	27	14	1	18	18	18	1	7	1	1	23	14	2	14	14	3	14	14	2	14	14	14	2	14	26	16	16	14	27	11	14	1	25	14	14	3	10	2	14	2	23	23	3	2	14	14	2	27	14	14	1	7	27	1	7	1	23	10	1	4	26	14	3	14	14	10	3	14	4	24	14	14	16	1	14	27	11	14	1	25	14	3	26	2	23	12	2	3	14	3	5	22	14	2	27	14	14	25	14	27	27	20	8	1	26	1	1	26	14	3	14	14	3	9	14	14	14	14	4	27	14	14	14	20	14	1	7	14	3	26	14	23	12	2	23	23	17	23	14	20	2	26	14	14	19	19	14	8	8	27	27	23	1	14	14	14	3	14	14	3	14	20	14	14	4	26	16	14	26	17	7	27	1	7	14	1	14	14	10	10	2	23	13	17	23	14	4	3	14	14	14	27	14	14	4	3	14	23	8	1	3	22	2	14	14	14	3	14	20	2	25	14	16	27	16	5	26	7	7	23	7	14	1	3	14	1	2	20	2	13	13	2	27	3	24	20	14	14	27	14	14	27	11	14	14	1	14	23	10	2	23	11	23	3	14	17	24	26	14	3	15	14	26	26	7	27	14	11	14	1	25	14	23	26	20	27	2	2	23	3	3	24	27	4	14	27	14	14	18	2	7	2	8	14	23	1	23	27	12	1	3	14	17	2	22	23	27	27	27	14	27	16	14	2	23	14	1	25	14	4	26	2	23	4	12	3	3	27	27	14	4	7	27	14	14	27	15	14	26	2	14	1	10	1	1	27	2	27	14	14	2	27	20	2	11	14	26	27	27	19	7	7	27	10	25	14	3	26	14	27	2	27	26	3	3	14	22	14	27	14	14	14	27	15	14	27	14	13	23	26	23	11	11	2	14	23	14	3	9	20	2	14	26	2	16	27	18	7	7	27	12	3	14	3	26	14	2	14	2	15	14	14	23	14	4	4	14	27	14	27	14	14	27	11	23	14	4	9	11	26	2	2	2	14	3	16	20	2	14	2	27	27	5	7	7	15	27	2	3	14	1	26	14	2	26	14	3	26	3	14	4	4	15	15	27	14	27	14	14	27	11	23	23	23	1	23	10	23	23	12	1	3	20	20	2	22	14	11	11	5	26	7	15	27	20	2	23	1	26	14	1	26	14	4	2	23	14	3	20	2	14	4	26	14	14	14	27	11	14	1	14	10	23	10	23	2	12	26	23	14	17	2	22	23	2	15	23	14	7	14	14	27	8	12	1	25	14	5	26	14	14	14	14	23	14	20	2	14	4	14	27	14	14	27	20	14	1	7	10	3	10	14	2	14	2	23	23	17	2	27	23	2	16	14	1	16	14	14	27	11	14	14	25	14	4	26	14	5	14	23	23	14	20	2	14	4	8	4	14	14	27	15	14	13	14	23	23	9	14	1	26	23	23	13	14	2	27	20	2	14	14	14	27	6	14	27	11	14	14	8
DUE_DATE
0	31147	30476	30525	30094	30143	31392	30727	30296	30825	30394	30443	31692	29987	31036	30585	31094	31123	30672	30701	31930	31239	31268	30840	30882	30384	32166	31488	31530	31092	31127	31156	30645	32414	31723	31752	31301	31330	30819	31388	32627	31936	31965	31514	31543	31032	32801	31630	31119	32168	32199	31740	31761	31242	33003	32304	31845	33066	33087	32388	32409	31950	31971	33192	33247	32576	32625	32194	32243	31752	33525	33552	31839	33606	32913	32460	32487	31974	33741	33048	32595	33102	33126	32670	32694	32178	33942	33966	32790	34014	33318	33342	32886	32935	34172	34209	34246	33563	33600	33157	33194	32717	34516	34575	33914	34693	33997	34016	33555	33574	33053	34092	34831	34850	34149	34168	33707	33726	34945	34244	33243	33857	35116	35175	34514	34093	34125	33612	34659	35406	34713	34260	34287	33774	35541	33828	35595	35631	35664	34977	35010	34563	34596	34089	35862	35895	35194	35210	34746	34762	35978	34794	34810	36026	36042	35338	35354	34890	34906	34382	36138	36154	35450	35466	35031	35064	36297	35610	34623	35196	36429	36462	35775	35820	35382	35424	34926	35988	36750	36072	36111	35664	35697	36930	35763	35796	37029	36342	35895	35925	35412	37179	37206	36513	36540	36087	36114	35601	37368	37395	35695	37472	36789	36826	36383	36420	37657	36974	37731	37044	37077	36630	36663	36156	37929	37962	37275	38021	37324	37347	36890	36913	36396	38159	37462	38205	38228	37531	37554	37097	37121	38344	37647	37190	38413	38436	37739	37282	37305	36788	37831	38574	38597	37905	37452	37479	36966	38733	37020	38787	38814	38121	38148	37695	37717	37196	38955	38974	38273	38292	37831	37850	39069	37888	37907	39126	39145	38444	38463	38047	38096	37605	38674	39443	38772	38837	38416	38475	39734	39073	38107	38696	39945	39994	39323	39372	38925	38952	38439	40206	40233	39540	39567	39114	39141	40368	39195	39221	40444	39747	39290	39313	38796	40559	40582	39885	39908	39451	39474	38957	40717	38996	40035	40774	40793	40092	40111	39650	39669	40168	40907	40926	40225	40244	39783	39840	39342	41124	39966	41208	41250	40572	40607	40156	40185	41414	40723	41472	40781	40810	40359	40388	39907	41696	40005	41794	41843	41892	41211	41244	40797	40830	42063	42096	41409	40962	40995	40495	42272	41109	41626	42383	42420	41737	41774	41340	41382	42624	42666	40968	42750	42072	42120	41682	41724	41766	42288	43050	43092	43147	42476	42525	42094	42143	42672	41691	43464	42777	42810	42363	42396	42429	41922	41955	43721	43744	43767	43070	43093	42636	43139	42682	43905	43208	43231	42774	42797	44047	42896	44145	44194	43043	43572	42657	43296	43875	43440	44682	44004	44046	43608	43650	43152	44277	45096	45195	45221	44524	44547	44090	45313	43596	43619	45382	44685	44708	44251	44274	43757	44815	45572	45609	45646	44963	45000	44557	45794	45127	45176	44745	45994	45323	45372	44997	45096	44655	45257	46516	46575	46634	45973	46037	45616	46875	45734	46993	46377	45996	46095	45591	47364	46197	47430	46743	47496	47529	46842	46395	46435	46952	47709	46006	47783	47100	47137	46694	46195	46772	47289	48046	48083	48120	47437	47474	47057	47116	47655	46694	48493	47827	47876	47445	47494	47543	48072	48835	48872	48909	48226	48263	47820	47857	49094	47379	49140	48441	48462	48003	48024	47505	48066	48567	49308	49329	48630	48171	48192	47757	48876	49695	49015	49052	48609	48646	48143	48720	48757	49994	50035	50072	49389	49426	48983	50220	50257	48554	50347	49676	49725	49294	49343	48852	49422	50646	50670	50694	49998	50022	49566	50070	50094	49638	50862	50166	50205	49752	49779	51006	50313	49860	50367	51114	51141	50448	49995	50035	51272	49569	50626	50663	50220	50257	51494	50811	50364	51597	50910	51663	51696	50529	50562	50055	51115	51872	51189	51226	50783	50280	52057	50354	52125	51432	52179	52206	51513	51060	51087	50574	51621	52368	51675	51727	51296	51345	52594	51443	51972	52002	52746	52770	52074	51618	51642	51126	52890	52194	52938	52242	52266	51835	51872	52389	51946	52463	53220	53257	52094	52125	51612	53379	53406	52233	52740	52767	52314	52341	51828	53595	52422	52926	53670	53694	52998	52542	52026	53790	52614	53838	53142	53166	52735	52772	52269	54046	52883	54120	54157	53474	53511	53064	53097	53610	54363	54396	53709	53742	53295	53357	54616	53955	54014	53053	54095	54832	54849	53666	53683	53160	54197	54214	54231	53768	53785	55002	54299	54316	53853	55070	55087	55157	54016	54075	53594	55393	55435	54752	54789	54346	53843	55620	54937	54494	55037	55096	55875	55934	54793	54831	54324	56097	56130	55443	55476	55029	55062	56295	55605	55152	55659	55686	56433	56460	55287	55314	56541	55848	55875	55952	55546	55620	55154	56925	56232	55779	55806	57033	57060	56367	55914	55941	57168	56475	57347	57496	57535	56852	56409	56446	55943	57720	57037	57794	57872	57946	57300	57374	56925	58152	57459	58206	58233	56520	58287	57594	57621	57168	58395	58697	58797	57696	57255	59031	58344	59097	58410	59163	59196	58509	58062	58095	59347	58676	59445	59494	59543	58872	58457	58516	58035	59834	59173
TRANSPORT_MODE
0	2	2	1	1	1	1	2	0	2	1	1	1	1	2	0	0	1	1	1	1	1	1	0	2	2	1	1	1	1	2	0	2	1	1	1	1	2	0	0	2	1	1	1	1	1	2	0	0	2	1	1	1	1	1	0	0	3	3	1	1	1	1	1	0	2	2	1	1	1	1	0	0	3	1	1	1	1	1	0	0	2	2	1	1	1	1	3	0	3	1	1	1	1	1	0	0	2	2	1	1	1	1	3	0	3	1	1	1	1	1	0	0	2	2	1	1	1	1	1	0	0	3	3	1	1	1	1	0	2	1	1	1	1	1	0	0	3	3	1	1	1	1	2	0	2	1	1	1	1	1	0	0	3	3	1	1	1	1	2	0	2	1	1	1	1	1	0	0	0	3	3	1	1	1	1	1	0	2	2	1	1	1	1	0	0	3	1	1	1	1	1	0	2	2	1	1	1	1	3	0	3	1	1	1	1	1	0	0	2	2	1	1	1	1	3	0	3	1	1	1	1	1	0	0	0	2	2	1	1	1	1	1	0	3	3	1	1	1	1	0	0	2	1	1	1	1	1	0	3	3	1	1	1	1	2	0	2	1	1	1	1	3	0	0	3	1	1	1	1	1	2	0	2	1	1	1	1	1	0	0	0	3	3	1	1	1	1	2	0	2	1	1	1	1	3	0	0	1	1	1	1	1	2	0	2	1	1	1	1	1	0	0	3	3	1	1	1	1	0	0	2	2	1	1	1	1	1	0	3	3	1	1	1	1	0	0	2	2	1	1	1	1	1	0	0	3	3	1	1	1	1	0	2	1	1	1	1	1	0	0	3	3	1	1	1	1	0	0	2	2	1	1	1	1	0	0	1	3	3	1	1	1	1	0	2	2	1	1	1	1	0	0	1	3	3	1	1	1	1	0	2	1	2	1	1	1	0	0	3	1	1	1	1	1	0	0	2	2	1	1	1	1	0	1	3	3	1	1	1	0	0	1	2	2	1	1	1	1	0	3	3	1	1	1	1	0	0	0	1	2	2	1	1	1	1	0	1	3	3	1	1	1	0	1	2	2	1	1	1	1	0	0	1	3	3	1	1	1	0	0	1	2	2	1	1	1	0	0	1	3	3	1	1	1	1	0	1	2	2	1	1	1	0	0	1	3	3	1	1	1	1	0	1	2	2	1	1	1	0	0	1	3	3	1	1	1	1	0	1	2	2	1	1	1	0	0	1	3	3	1	1	1	0	0	1	2	2	1	1	1	1	0	1	3	3	1	1	1	0	0	1	2	2	1	1	1	1	0	0	1	3	3	1	1	1	0	1	2	2	1	1	1	1	0	0	1	3	3	1	1	1	0	1	2	2	1	1	1	0	0	1	3	3	1	1	1	1	0	1	2	2	1	1	1	0	0	1	3	3	1	1	1	1	0	0	1	2	2	1	1	1	0	1	3	3	1	1	1	1	0	0	1	2	2	1	1	1	0	1	3	3	1	1	1	0	0	1	2	2	1	1	1	1	0	3	3	1	1	1	1	0	0	1	2	2	1	1	1	1	0	0	1	3	3	1	1	1	0	2	2	1	1	1	1	1	0	0	3	3	1	1	1	1	0	2	2	1	1	1	1	0	0	1	3	3	1	1	1	1	0	2	2	1	1	1	1	0	0	1	3	3	1	1	1	1	0	2	2	1	1	1	1	0	0	3	3	1	1	1	1	1	0	3	3	1	1	1	1	0	0	3	3	1	1	1	1	0	0	3	3	1	1	1	1	1	0	3	3	1	1	1	1	0	0	3	3	1	1	1	1	1	0	3	3	1	1	1	1	0	0
PATIENT_WEIGHT
61	144	52	137	89	139	138	116	122	126	45	97	72	150	32	148	124	32	120	93	71	78	90	67	122	132	48	126	149	105	90	63	37	104	47	108	53	39	35	64	129	59	74	39	97	95	40	146	39	149	88	37	92	145	143	105	141	56	146	37	62	102	79	145	84	93	132	45	139	51	67	72	131	116	130	117	44	91	76	108	145	84	36	86	140	149	64	45	101	59	31	138	61	84	124	38	89	127	99	66	108	131	95	68	55	91	38	46	42	143	61	62	73	120	110	88	80	133	138	74	32	68	133	110	149	86	55	139	126	144	33	148	115	126	122	98	131	48	34	36	124	32	47	45	106	85	120	66	110	144	141	122	54	98	115	102	80	127	33	48	104	50	95	110	51	125	33	124	145	73	124	88	105	57	120	45	120	47	109	117	81	73	145	42	63	112	54	96	79	118	44	37	147	150	64	143	143	38	103	97	43	109	59	143	34	111	125	77	61	103	83	61	109	35	76	97	150	104	129	90	97	125	97	31	41	55	148	55	101	71	143	132	118	100	62	113	38	37	120	73	90	120	139	117	33	99	77	109	33	70	105	44	89	125	76	94	41	99	150	93	45	37	91	93	68	51	42	53	76	139	46	64	76	46	51	114	49	122	59	107	136	136	68	69	87	108	73	128	97	49	60	139	87	40	33	118	135	97	133	138	102	92	119	131	69	105	48	77	44	53	79	55	142	112	107	41	65	130	146	71	67	85	63	39	79	146	135	145	130	33	109	86	73	47	87	115	74	94	56	75	128	139	98	132	49	108	32	134	98	140	130	49	44	140	133	49	149	70	49	84	39	34	95	34	37	134	94	83	67	56	95	56	60	144	149	61	124	99	147	116	144	94	79	92	136	91	58	61	115	109	62	83	41	75	81	148	128	76	115	61	49	47	39	106	31	132	90	135	140	111	66	140	95	122	133	129	62	148	110	126	87	50	115	31	116	83	89	38	45	71	40	35	102	71	100	148	129	111	113	87	37	135	137	64	76	32	113	143	83	61	44	75	101	88	100	36	83	149	43	95	125	42	96	125	128	41	84	134	124	49	31	50	100	81	143	131	72	112	48	147	65	38	114	122	95	95	116	42	33	65	51	87	80	115	79	89	55	128	138	143	75	84	54	40	38	105	30	93	88	149	126	41	107	62	91	73	49	40	139	102	101	111	130	30	145	61	70	85	46	78	115	44	57	144	83	49	107	84	87	102	104	83	103	85	129	102	76	40	42	71	130	76	130	115	147	38	37	129	128	140	134	76	61	30	106	45	37	120	41	52	96	43	117	129	90	149	145	84	130	64	115	93	67	140	78	78	92	124	95	55	54	96	101	149	81	126	138	113	149	124	33	114	97	139	53	70	126	61	89	72	32	80	93	58	41	132	54	124	105	56	60	59	94	93	81	92	73	54	87	149	56	60	134	114	119	121	87	138	58	47	135	123	125	114	125	76	67	64	103	149	148	145	91	124	42	81	115	115	80	108	128	80	130	137	68	150	60	90	114	31	134	36	122	62	56	125	103	59	47	110	77	101	93	122	147	78	55	39	135	83	121	112	63	139	105	115	63	99	132	139	104	95	37	100	86	63	56	137	150	141	90	39	37	93	78	132	99	36	51	134	79	87	87	52	84	150	143	95	142	119	104	100	43	82	100	30	123	83	48	66	75	49	118	87	143	102	141	127	137	104	122	45	41	121	130	92	54	66	142	47	138	108	122	128	30	91	132	71	72	122	96	85	111	66	120	113	134	99	112	127	30	37	135	58	81	148	50	50	34	84	82	42	70	101	74	117	32	123	141	144	133
DISTANCE_MATRIX
0	360	318	300	288	276	264	264	150	150	150	60	90	90	162	168	204	228	234	312	360	408	348	318	168	192	168	318
360	60	264	318	324	342	342	342	348	348	354	360	372	378	378	420	420	480	462	498	462	462	384	420	372	420	378	378
318	264	60	270	276	288	288	288	294	294	294	318	318	324	324	414	414	468	462	486	462	462	330	366	366	408	372	324
300	318	270	60	276	288	288	288	288	288	288	300	300	312	318	408	408	468	462	486	438	438	318	360	360	402	360	312
288	324	276	276	60	276	276	276	276	276	276	288	288	300	300	402	396	462	456	480	432	432	300	360	360	402	348	300
276	342	288	288	276	60	180	180	252	258	264	264	264	288	288	390	390	456	450	480	432	432	288	348	348	348	288	288
264	342	288	288	276	180	60	180	246	258	264	264	264	288	288	390	390	456	450	480	432	432	288	348	348	348	288	288
264	342	288	288	276	180	180	60	240	258	264	264	264	288	288	390	390	456	450	480	432	432	288	348	348	348	288	288
150	348	294	288	276	252	246	240	60	120	120	150	126	270	270	378	384	420	438	480	420	408	276	300	300	300	276	270
150	348	294	288	276	258	258	258	120	60	120	150	150	270	270	378	384	420	438	480	420	408	276	300	300	300	276	270
150	354	294	288	276	264	264	264	120	120	60	150	150	270	270	378	384	420	438	480	420	408	276	300	300	300	276	270
60	360	318	300	288	264	264	264	150	150	150	60	90	162	168	228	234	312	360	408	348	318	168	192	192	198	168	162
90	372	318	300	288	264	264	264	150	150	150	90	60	162	168	228	234	312	360	408	348	318	168	192	192	198	168	162
90	378	324	312	300	288	288	288	270	270	270	162	162	60	120	180	180	306	210	360	300	300	120	180	120	180	120	234
162	378	324	318	300	288	288	288	270	270	270	168	168	120	60	180	180	306	210	360	300	300	120	180	120	180	120	120
168	420	414	408	402	348	348	348	300	300	300	228	228	180	180	60	132	204	132	348	258	258	186	60	180	132	222	180
204	420	414	408	396	390	390	390	384	384	384	234	234	180	180	132	60	204	132	348	258	258	186	60	180	132	222	180
228	480	468	468	462	456	456	456	420	420	420	312	312	306	306	204	204	60	198	120	240	240	306	204	306	138	306	306
234	462	462	462	456	450	450	450	438	438	438	360	360	210	210	132	132	198	60	138	132	132	210	132	210	132	210	210
312	498	486	486	480	480	480	480	480	480	480	408	408	360	360	348	348	120	138	60	348	348	360	348	360	348	360	360
360	462	462	438	432	432	432	432	420	420	420	348	348	300	300	258	258	240	132	348	60	60	300	258	300	258	300	300
408	462	462	438	432	432	432	432	408	408	408	318	318	300	300	258	258	240	132	348	60	60	300	258	300	258	300	300
348	384	330	318	300	288	288	288	276	276	276	168	168	120	120	186	186	306	210	360	300	300	60	186	120	186	120	120
318	420	366	360	360	348	348	348	300	300	300	192	192	180	180	60	60	204	132	348	258	258	186	60	180	60	180	180
168	372	300	306	300	288	288	288	270	270	270	168	168	120	120	180	180	306	210	360	300	300	120	180	60	180	120	120
192	420	408	402	402	348	348	348	300	300	300	198	198	180	180	132	132	138	132	348	258	258	186	60	180	60	180	180
168	378	372	360	348	288	288	288	276	276	276	168	168	120	120	222	222	306	210	360	300	300	120	180	120	180	60	120
318	378	324	312	300	288	288	288	270	270	270	162	162	234	120	180	180	306	210	360	300	300	120	180	120	180	120	60
DEPOTS_DISTANCE
234	462	462	462	456	450	450	450	438	438	438	360	360	210	210	132	132	198	60	138	132	132	210	132	210	132	210	210	
348	384	330	318	300	288	288	288	276	276	276	168	168	120	120	186	186	306	210	360	300	300	60	186	120	186	120	120	
318	420	366	360	360	348	348	348	300	300	300	192	192	180	180	60	60	204	132	348	258	258	186	60	180	60	180	180	
LOCATION_TURN_MATRIX
100	130	122	113	112	199	136	122	129	152	173	146	151	136	158	140	176	113	122	167	194	134	110	172	114	184	100	147	
170	100	154	188	164	169	136	136	152	170	104	183	155	115	101	104	155	187	174	115	149	134	178	168	114	135	168	102	
178	146	100	161	178	114	104	165	117	139	126	169	192	109	120	179	160	152	154	134	113	140	154	179	196	196	192	181	
187	112	139	100	158	114	195	181	104	132	195	106	183	169	132	170	140	136	172	148	116	110	123	136	151	120	176	169	
188	136	122	142	100	175	164	159	112	100	167	164	135	191	132	181	104	123	142	156	108	117	193	182	116	147	156	185	
101	131	186	186	125	100	190	147	164	150	137	102	145	176	185	131	113	108	117	186	118	151	140	178	154	189	172	110	
164	164	196	105	136	110	100	186	153	151	183	193	111	157	144	123	188	142	110	163	105	190	166	187	170	171	186	126	
178	164	135	119	141	153	114	100	106	130	108	103	151	178	122	151	130	133	184	177	110	141	166	110	122	174	191	197	
171	148	183	196	188	136	147	194	100	167	100	146	168	129	128	142	172	118	174	147	105	158	156	160	120	106	119	136	
148	130	161	168	200	150	149	170	133	100	177	106	175	116	188	180	176	194	108	146	130	187	183	173	128	141	169	176	
127	196	174	105	133	163	117	192	200	123	100	171	175	140	183	115	104	186	128	153	151	175	100	146	191	117	132	197	
154	117	131	194	136	198	107	197	154	194	129	100	136	184	140	147	172	184	148	131	103	156	185	200	152	158	154	143	
149	145	108	117	165	155	189	149	132	125	125	164	100	140	199	142	101	144	163	185	117	191	200	143	113	165	102	154	
164	185	191	131	109	124	143	122	171	184	160	116	160	100	109	116	196	113	131	186	166	139	183	175	144	161	105	170	
142	199	180	168	168	115	156	178	172	112	117	160	101	191	100	147	177	177	199	158	172	188	164	175	180	168	154	195	
160	196	121	130	119	169	177	149	158	120	185	153	158	184	153	100	152	159	197	157	181	159	102	123	168	200	124	186	
124	145	140	160	196	187	112	170	128	124	196	128	199	104	123	148	100	149	114	112	117	135	105	132	138	180	198	156	
187	113	148	164	177	192	158	167	182	106	114	116	156	187	123	141	151	100	166	132	168	163	159	123	129	173	161	116	
178	126	146	128	158	183	190	116	126	192	172	152	137	169	101	103	186	134	100	184	199	137	130	160	148	113	140	150	
133	185	166	152	144	114	137	123	153	154	147	169	115	114	142	143	188	168	116	100	111	195	128	157	191	164	141	171	
106	151	187	184	192	182	195	190	195	170	149	197	183	134	128	119	183	132	101	189	100	129	151	163	147	166	104	177	
166	166	160	190	183	149	110	159	142	113	125	144	109	161	112	141	165	137	163	105	171	100	101	185	169	129	103	197	
190	122	146	177	107	160	134	134	144	117	200	115	100	117	136	198	195	141	170	172	149	199	100	106	150	116	118	145	
128	132	121	164	118	122	113	190	140	127	154	100	157	125	125	177	168	177	140	143	137	115	194	100	128	167	115	155	
186	186	104	149	184	146	130	178	180	172	109	148	187	156	120	132	162	171	152	109	153	131	150	172	100	155	124	184	
116	165	104	180	153	111	129	126	194	159	183	142	135	139	132	100	120	127	187	136	134	171	184	133	145	100	129	192	
200	132	108	124	144	128	114	109	181	131	168	146	198	195	146	176	102	139	160	159	196	197	182	185	176	171	100	146	
153	198	119	131	115	190	174	103	164	124	103	157	146	130	105	114	144	184	150	129	123	103	155	145	116	108	154	100	
DEPOTS_TO_LOCAL_TURN_MATRIX
178	126	146	128	158	183	190	116	126	192	172	152	137	169	101	103	186	134	100	184	199	137	130	160	148	113	140	150	
190	122	146	177	107	160	134	134	144	117	200	115	100	117	136	198	195	141	170	172	149	199	100	106	150	116	118	145	
128	132	121	164	118	122	113	190	140	127	154	100	157	125	125	177	168	177	140	143	137	115	194	100	128	167	115	155	
LOCAL_TO_DEPOT_TURN_MATRIX
122	174	154	172	142	117	110	184	174	108	128	148	163	131	199	197	114	166	100	116	101	163	170	140	152	187	160	150	
110	178	154	123	193	140	166	166	156	183	100	185	200	183	164	102	105	159	130	128	151	101	100	194	150	184	182	155	
172	168	179	136	182	178	187	110	160	173	146	200	143	175	175	123	132	123	160	157	163	185	106	100	172	133	185	145	

