INDEX_PROBLEM
1
PATIENTS
800
STRETCHERS
16
NUM_ROOM
28
NUM_DEPOT
3
NUM_PRIORITY
4
PRIORITY_LIST
0	1	2	3	4
PRIORITY_WEIGHT
0	1	10	18	30
PRIORITY_JOB
0	1	2	2	3	3	1	3	2	3	3	4	1	2	2	3	2	3	3	1	2	2	3	4	3	3	1	2	2	3	3	3	4	1	2	2	3	3	4	2	4	1	2	2	3	3	4	3	1	2	2	3	3	2	3	4	3	1	1	3	4	3	1	1	2	2	3	3	4	1	2	3	1	1	2	2	3	4	2	1	1	2	2	3	3	4	1	2	1	1	2	2	3	3	1	2	1	2	2	3	3	4	1	4	1	1	2	2	3	3	2	1	4	1	2	3	3	1	2	2	3	2	1	1	3	3	4	1	1	1	2	2	3	4	1	3	2	2	1	1	2	3	3	4	2	1	2	2	3	3	1	4	2	2	1	1	2	3	3	4	2	4	1	2	2	3	3	3	3	2	2	1	1	3	3	4	1	2	1	2	2	3	3	1	4	2	2	1	1	3	4	1	3	1	2	2	3	3	4	1	3	2	1	1	2	3	3	1	2	1	2	2	3	3	4	4	2	3	1	1	1	2	2	3	1	2	3	2	2	3	3	4	1	3	2	2	1	1	3	3	2	1	1	2	2	3	4	1	4	3	2	2	1	1	3	3	4	1	1	2	2	3	3	1	3	3	2	2	1	1	3	3	4	2	4	1	2	2	3	3	2	3	2	2	1	1	3	3	4	1	4	1	2	2	3	3	1	3	3	2	2	1	1	3	4	2	1	2	2	3	3	4	1	2	2	2	1	1	3	3	1	2	1	2	2	3	3	4	1	3	2	2	1	1	3	3	1	2	1	4	2	2	3	3	1	2	3	2	3	1	1	3	4	2	1	1	2	2	3	4	1	4	3	2	2	3	1	1	3	4	1	1	2	2	3	3	1	3	2	2	2	1	1	3	3	4	2	1	2	2	3	3	2	3	3	1	2	3	1	1	4	3	1	1	2	2	3	3	3	4	2	1	2	1	1	2	3	1	3	1	2	2	3	3	4	1	4	2	2	1	1	3	3	1	2	1	2	2	3	3	4	4	2	1	2	1	1	2	3	1	2	3	1	2	2	3	3	1	3	3	2	2	1	1	3	3	1	4	1	2	2	3	4	3	2	1	2	1	1	2	3	3	1	4	1	2	2	3	3	3	2	1	2	1	1	2	3	3	1	4	1	2	2	3	3	4	3	1	2	1	1	2	3	3	2	4	1	2	2	3	3	3	3	1	2	1	3	3	4	1	1	1	2	2	3	3	4	1	4	2	1	1	2	3	3	2	1	1	2	2	3	3	4	1	2	2	1	1	2	3	3	1	2	4	1	2	2	3	3	1	3	2	2	1	1	3	3	1	1	4	1	2	3	3	1	4	2	2	1	1	3	3	4	1	1	2	2	3	3	1	3	3	2	1	1	2	3	3	4	2	1	2	2	3	3	4	2	3	1	1	1	1	2	2	3	3	2	1	2	2	3	3	4	4	1	1	2	3	3	1	1	3	2	2	3	3	4	1	2	3	1	1	2	3	3	1	1	1	2	2	3	3	4	1	2	2	1	1	2	3	3	4	2	1	1	2	2	3	3	1	2	4	1	1	2	3	3	4	1	2	1	2	3	3	1	2	3	3	1	1	2	3	3	4	1	2	2	3	3	1	2	3	1	1	1	2	3	3	4	1	1	2	2	3	3	1	2	2	3	1	1	2	3	3	4	1	2	1	2	2	3	3	1	1	4	2	3	3	4	1	1	1	3	1	2	2	3	3	4	1	1	1	1	1	2	2	3	2	1	1	1	3	1	2	2	1	1	1	3	3	4	1	2	2	2	1	1	2	3	3	1	2	1	1	1	2	3	3	4	1	2
TIME_ASKED
0	28849	28898	28947	28996	29045	29094	29149	29198	29247	29296	29345	29394	29429	29458	29487	29516	29545	29574	29603	29632	29661	29690	29742	29784	29826	29868	29910	29952	29994	30029	30058	30087	30116	30145	30174	30203	30232	30261	30290	30329	30358	30387	30416	30445	30474	30503	30532	30561	30590	30621	30642	30663	30684	30705	30726	30747	30768	30789	30810	30831	30852	30873	30894	30949	30998	31047	31096	31145	31194	31227	31254	31281	31308	31335	31362	31389	31416	31443	31470	31497	31524	31548	31572	31596	31620	31644	31668	31692	31716	31740	31764	31788	31837	31874	31911	31948	31985	32022	32059	32096	32159	32218	32277	32336	32395	32419	32438	32457	32476	32495	32514	32533	32552	32571	32590	32609	32628	32647	32666	32685	32759	32818	32877	32936	32995	33027	33054	33081	33108	33135	33162	33189	33216	33243	33270	33297	33333	33366	33399	33432	33465	33498	33531	33564	33597	33616	33632	33648	33664	33680	33696	33712	33728	33744	33760	33776	33792	33808	33824	33840	33856	33872	33888	33933	33966	33999	34032	34065	34098	34131	34164	34197	34242	34284	34326	34368	34410	34452	34494	34533	34566	34599	34632	34665	34698	34731	34764	34797	34827	34854	34881	34908	34935	34962	34989	35016	35043	35070	35097	35137	35174	35211	35248	35285	35322	35359	35396	35433	35466	35499	35532	35565	35598	35631	35664	35697	35723	35746	35769	35792	35815	35838	35861	35884	35907	35930	35953	35976	35999	36023	36046	36069	36092	36115	36138	36161	36184	36207	36230	36253	36276	36299	36327	36354	36381	36408	36435	36462	36489	36516	36543	36570	36597	36619	36638	36657	36676	36695	36714	36733	36752	36771	36790	36809	36828	36847	36866	36885	36949	36998	37047	37096	37145	37194	37259	37318	37377	37436	37495	37549	37598	37647	37696	37745	37794	37827	37854	37881	37908	37935	37962	37989	38016	38043	38070	38097	38123	38146	38169	38192	38215	38238	38261	38284	38307	38330	38353	38376	38399	38419	38438	38457	38476	38495	38514	38533	38552	38571	38590	38609	38628	38647	38666	38685	38742	38784	38826	38868	38910	38952	38994	39029	39058	39087	39116	39145	39174	39203	39232	39261	39290	39349	39398	39447	39496	39545	39594	39633	39666	39699	39732	39765	39798	39831	39864	39897	39937	39974	40011	40048	40085	40122	40159	40196	40242	40284	40326	40368	40410	40452	40494	40542	40584	40626	40668	40710	40752	40794	40849	40898	40947	40996	41045	41094	41133	41166	41199	41232	41265	41298	41331	41364	41397	41423	41446	41469	41492	41515	41538	41561	41584	41607	41630	41653	41676	41699	41749	41798	41847	41896	41945	41994	42099	42198	42297	42342	42384	42426	42468	42510	42552	42594	42699	42798	42897	42923	42946	42969	42992	43015	43038	43061	43084	43107	43130	43153	43176	43199	43237	43274	43311	43348	43385	43422	43459	43496	43549	43598	43647	43696	43745	43794	43899	43998	44097	44159	44218	44277	44336	44395	44459	44518	44577	44636	44695	44799	44898	44997	45033	45066	45099	45132	45165	45198	45231	45264	45297	45337	45374	45411	45448	45485	45522	45559	45596	45637	45674	45711	45748	45785	45822	45859	45896	45959	46018	46077	46136	46195	46249	46298	46347	46396	46445	46494	46537	46574	46611	46648	46685	46722	46759	46796	46821	46842	46863	46884	46905	46926	46947	46968	46989	47010	47031	47052	47073	47094	47199	47298	47397	47437	47474	47511	47548	47585	47622	47659	47696	47737	47774	47811	47848	47885	47922	47959	47996	48049	48098	48147	48196	48245	48294	48324	48348	48372	48396	48420	48444	48468	48492	48516	48540	48564	48588	48627	48654	48681	48708	48735	48762	48789	48816	48843	48870	48897	48937	48974	49011	49048	49085	49122	49159	49196	49233	49266	49299	49332	49365	49398	49431	49464	49497	49537	49574	49611	49648	49685	49722	49759	49796	49827	49854	49881	49908	49935	49962	49989	50016	50043	50070	50097	50149	50198	50247	50296	50345	50394	50424	50448	50472	50496	50520	50544	50568	50592	50616	50640	50664	50688	50737	50774	50811	50848	50885	50922	50959	50996	51027	51054	51081	51108	51135	51162	51189	51216	51243	51270	51297	51324	51348	51372	51396	51420	51444	51468	51492	51516	51540	51564	51588	51637	51674	51711	51748	51785	51822	51859	51896	51933	51966	51999	52032	52065	52098	52131	52164	52197	52259	52318	52377	52436	52495	52517	52534	52551	52568	52585	52602	52619	52636	52653	52670	52687	52704	52721	52738	52755	52772	52789	52859	52918	52977	53036	53095	53137	53174	53211	53248	53285	53322	53359	53396	53459	53518	53577	53636	53695	53733	53766	53799	53832	53865	53898	53931	53964	53997	54027	54054	54081	54108	54135	54162	54189	54216	54243	54270	54297	54374	54448	54522	54596	54627	54654	54681	54708	54735	54762	54789	54816	54843	54870	54897	55049	55198	55237	55274	55311	55348	55385	55422	55459	55496	55574	55648	55722	55796	55827	55854	55881	55908	55935	55962	55989	56016	56043	56070	56097	56399	56499	56598	56697	56733	56766	56799	56832	56865	56898	56931	56964	56997	57049	57098	57147	57196	57245	57294	57359	57418	57477	57536	57595
ORIGIN
26	16	6	27	19	7	11	23	25	25	23	10	2	23	14	23	23	14	3	23	14	16	26	16	14	14	16	7	27	20	8	23	23	9	1	23	11	14	23	13	14	2	2	3	24	14	4	14	14	6	27	18	7	27	20	8	18	14	17	2	23	12	2	26	1	3	23	14	4	24	15	11	1	25	1	27	19	8	3	14	14	1	23	11	2	23	14	14	14	27	14	24	14	4	1	7	7	1	18	7	27	20	8	14	1	17	2	23	12	2	14	14	27	14	14	4	24	15	4	27	16	14	14	14	3	27	23	14	12	3	10	2	23	12	2	23	14	26	14	27	4	26	16	14	8	1	7	27	20	8	1	23	10	23	23	27	27	23	13	14	4	3	4	24	15	4	26	16	1	27	26	15	26	22	8	3	14	25	2	23	12	2	23	14	3	5	26	14	14	16	14	1	25	14	27	20	8	27	23	2	1	23	20	2	23	13	14	27	14	14	14	14	4	26	16	5	14	23	1	14	2	8	1	3	14	14	23	12	2	23	14	3	23	14	14	27	11	14	26	16	14	14	19	8	27	23	9	1	14	3	2	2	14	14	23	14	14	14	14	4	26	16	5	26	17	7	1	4	26	14	23	10	14	10	11	2	23	13	3	23	14	4	27	15	14	1	1	6	3	26	14	27	23	8	1	23	22	2	14	14	2	2	27	14	23	25	4	26	16	5	26	26	7	23	9	14	3	14	9	3	9	20	2	23	13	2	23	5	3	20	20	14	1	7	6	27	26	14	14	20	8	1	23	10	2	23	11	2	26	14	14	23	14	14	8	15	5	26	26	7	14	14	3	14	23	14	14	3	20	20	27	13	2	23	23	3	24	27	4	26	7	7	14	18	14	2	7	8	1	23	10	1	23	12	1	14	14	3	27	14	14	27	15	27	26	16	6	27	14	26	26	14	8	3	14	20	2	4	12	2	23	14	3	27	14	7	7	14	14	1	3	14	1	2	14	1	23	10	1	27	11	14	27	14	2	27	14	27	11	11	14	26	16	6	27	19	7	23	10	14	1	23	14	2	27	27	26	23	14	3	23	14	4	27	11	14	26	14	23	27	20	14	13	23	9	26	23	11	2	14	23	2	23	14	14	24	20	14	2	16	5	27	18	7	27	12	3	14	23	2	22	23	14	2	14	14	3	23	14	4	23	14	27	14	14	14	26	19	14	23	4	9	1	23	11	2	2	4	2	23	14	27	15	14	14	26	27	5	26	17	7	27	2	3	3	23	2	27	20	2	14	11	26	3	23	14	4	24	15	27	14	25	6	3	26	14	22	2	23	1	23	10	2	23	12	4	25	14	27	15	14	14	11	27	5	26	16	7	27	20	2	23	23	9	20	20	11	2	23	26	2	23	14	3	24	14	4	26	20	20	26	14	14	14	2	14	15	23	10	2	23	12	26	26	14	14	27	14	27	27	14	23	26	14	7	27	19	8	12	12	3	16	20	11	2	14	14	27	23	14	3	24	14	4	14	1	1	26	14	7	27	2	14	3	3	10	1	23	12	2	23	4	14	14	14	27	24	11	23	1	16	6	27	19	7	27	14	1	20	20	10	2	23	14	5	23	14	3	23	14	4	8	11	26	14	1	7	27	20	14	23	23	9	1	23	11	2	23	13	14	14	27	4	24	15	14	14	27	6	27	18	7	27	14	8	14	14	10	2	23	12	15	23	14	3	23	14	4	14	16	1	1	25	7	27	20	14	14	23	9	1	23	11	2	7	4	27	27	27	3	24	14	1	1	7	5	27	18	7	27	20	8	1	17	2	1	23	12	2	14	1
DESTINATION
3	14	17	2	22	23	12	26	14	14	27	14	14	27	16	1	1	25	14	4	26	14	3	14	9	1	16	20	2	14	14	27	27	14	14	27	15	5	1	7	5	27	27	14	2	26	14	1	1	17	2	27	20	2	14	14	27	16	6	14	27	11	14	23	14	14	3	26	14	2	14	12	23	14	23	2	22	14	26	16	16	14	27	15	14	27	16	8	8	23	9	1	26	14	23	13	13	23	27	20	2	14	14	4	14	6	27	27	11	14	20	8	18	15	26	14	2	14	14	18	14	3	1	3	23	2	27	15	11	26	14	14	27	11	14	1	25	3	1	23	14	3	14	2	14	23	20	2	14	14	14	27	14	1	1	18	18	1	7	1	14	23	14	2	14	14	3	14	14	2	14	14	14	2	14	26	16	14	14	27	11	14	1	25	14	14	3	10	2	14	2	23	14	3	2	14	14	2	27	14	14	1	7	27	1	7	1	23	10	1	4	26	14	3	14	14	10	27	14	4	24	14	14	26	16	1	27	11	14	1	25	14	3	26	2	23	12	2	3	14	3	25	22	14	2	27	14	14	25	14	27	27	20	8	1	26	1	1	26	14	3	14	14	3	9	20	14	14	14	4	27	14	5	14	20	14	1	7	14	3	26	14	23	14	2	23	23	17	23	14	20	2	26	14	14	27	19	14	8	8	27	27	23	1	4	14	14	3	14	14	3	14	20	27	17	4	26	16	14	26	17	7	27	1	7	14	1	14	14	7	11	2	23	13	17	2	14	4	3	14	14	14	27	14	14	27	15	27	23	8	1	3	26	2	14	14	14	3	14	20	2	4	26	16	27	16	5	26	7	7	23	7	14	1	3	14	1	2	14	3	13	13	2	27	3	24	20	14	14	27	14	14	27	11	14	8	1	14	23	10	2	23	11	23	3	14	17	2	26	14	3	15	14	26	26	7	27	14	11	14	1	25	14	23	26	20	13	2	2	23	23	3	24	27	4	14	27	14	14	18	20	20	2	8	14	23	10	23	12	12	1	3	14	17	2	22	23	27	14	4	14	27	16	27	2	23	14	1	25	14	4	26	14	23	12	2	3	3	27	2	14	4	7	27	14	14	27	15	14	26	27	14	1	10	1	1	11	2	27	14	14	2	27	20	2	11	26	16	27	27	19	7	4	27	10	25	14	3	26	14	27	2	23	2	3	3	14	22	4	27	14	14	14	27	15	14	27	14	27	1	26	23	11	2	2	14	23	14	3	9	20	2	14	26	26	27	27	18	7	27	20	12	3	14	3	26	14	2	14	2	15	14	17	23	14	4	19	14	27	14	27	14	14	27	11	14	14	25	23	11	26	2	12	2	14	3	16	20	2	14	14	27	27	17	7	7	15	27	1	3	14	1	26	14	2	26	14	3	14	14	14	4	4	15	24	4	14	27	14	14	27	11	23	23	8	10	23	10	23	23	4	1	3	20	20	2	22	14	11	11	26	16	7	15	27	8	2	23	1	26	14	1	26	14	4	23	23	14	3	20	2	24	4	26	14	14	14	27	11	14	1	14	10	2	2	23	2	12	26	23	14	17	2	22	23	2	15	23	14	7	14	14	27	8	14	1	25	14	5	26	14	14	12	14	3	24	20	2	14	4	1	27	14	14	27	20	14	1	7	10	1	23	14	2	14	2	4	23	17	2	27	23	2	16	14	8	16	14	14	27	11	14	1	25	14	4	26	14	5	14	23	23	14	20	2	14	4	8	1	14	14	27	15	14	13	14	23	23	23	14	1	26	23	23	13	14	2	27	20	2	14	14	14	6	27	14	27	11	14	8	23
DUE_DATE
0	31147	30476	30525	30094	30143	31392	30247	30776	30345	30394	29903	31692	31007	31036	30585	31094	30643	30672	31901	31210	31239	30788	30300	30882	30924	32166	31488	31530	31092	31127	31156	30645	32414	31723	31752	31301	31330	30819	31868	30887	32656	31965	31994	31543	31572	31061	31630	32859	32168	32199	31740	31761	32262	31803	31284	31845	33066	33087	31908	31389	31950	33171	33192	32527	32576	32145	32194	31703	33492	32805	32352	33579	33606	32913	32940	32487	31974	33021	33768	33795	33102	33126	32670	32694	32178	33942	33246	33990	34014	33318	33342	32886	32935	34172	33489	34246	33563	33600	33157	33194	32717	34516	32835	34634	34693	33997	34016	33555	33574	34073	34812	33091	34850	34149	33688	33707	34926	34225	34244	33783	34337	35116	35175	34034	34093	33585	35352	35379	35406	34713	34740	34287	33774	35541	34368	34875	34911	35664	35697	35010	34563	34596	34089	35142	35895	35194	35210	34746	34762	35978	34254	35290	35306	36042	36058	35354	34890	34906	34382	35418	34414	36170	35466	35511	35064	35097	35130	35163	35676	35709	36462	36495	35340	35382	34884	36666	35988	36750	36072	36111	35664	35697	36930	35223	36276	36309	37062	37095	35925	35412	37179	36006	37233	36540	36567	36114	36141	35628	37395	36235	36752	37509	37546	36863	36420	36457	37694	37011	37764	37077	37110	36663	36696	36189	36222	37275	36821	38044	38067	38090	37393	37416	36959	38182	37485	37028	37531	37554	37097	37121	36604	38367	37190	37693	37716	38459	38482	37305	37328	37831	38574	38597	37905	37932	37479	36966	38733	37020	37587	38094	38121	38868	38895	37717	37736	37215	38974	38993	38292	38311	37850	37869	39088	37907	37926	38425	38444	39183	39247	38096	38145	37654	38723	37752	39557	38896	38955	38534	38593	39127	38696	39225	39274	40043	40092	38925	38952	38439	40206	38493	40260	39567	39594	39141	39168	40395	39221	39244	39747	39770	40513	40536	39359	38842	39885	40628	39931	39954	39497	39517	38996	40755	40054	40073	40092	40831	40850	39669	39688	40907	40206	40945	40244	40263	39840	39882	39384	41166	40008	40530	40572	41327	41356	40185	40214	41443	40752	41501	39790	40839	40868	40447	40496	41745	41074	40643	41172	40731	41964	41997	40830	40323	41376	42129	42162	41475	41515	41072	40569	42346	40643	41220	41737	41774	41340	42582	42624	41466	40968	42750	42792	42120	42162	41724	41766	43008	41850	42372	42427	42476	43245	43294	42143	42192	41691	42744	43497	42810	42843	42396	42429	42942	42495	42521	43744	43047	42590	43813	43836	42119	42682	43905	43928	43231	43254	42797	42847	42896	42405	43474	44243	43572	44397	44496	43875	43440	44682	43524	44766	44088	44130	43692	43797	43356	45195	43481	44524	44547	45290	45313	44136	44159	45382	44685	45428	44731	44754	44297	44335	43832	43869	44926	45683	45000	45757	45794	45127	44696	45945	45274	44843	46092	45477	45576	45195	45257	46516	45375	45434	45973	46037	46816	46875	45734	45793	47097	45456	47295	46611	46644	46197	45690	46263	46776	47529	46842	47595	47635	46952	46509	46546	47783	46080	47857	47174	47215	46772	46809	46846	47363	48120	47437	48194	48257	47596	47175	47234	48493	46807	48596	47925	47974	47543	47592	47095	47672	48909	48226	48983	49020	48337	47894	47919	48420	47421	49182	48483	48504	48045	48066	48087	48108	49329	48630	49371	48192	48297	47856	49695	49735	49772	49089	49126	48683	48720	48217	49994	48295	49352	50109	50146	49463	49020	49057	49574	50347	50396	49725	49774	49343	49392	48882	50646	49950	49974	50718	50742	50046	49590	49614	50838	50142	49146	50925	50232	50259	49806	49833	51060	49887	50394	50421	51168	51195	50035	50072	51309	51346	49643	51420	50737	50294	50331	51564	49857	50910	50943	51696	51729	50562	50595	50095	51872	51909	51226	51263	50820	50857	52094	50925	50952	51459	52206	52233	51540	51087	51114	50601	51648	52395	51727	51776	51345	51394	50903	51972	51522	52746	52770	52794	52818	52122	52146	51690	51714	52218	52962	52266	52315	51872	51909	51406	51443	53220	53257	52574	52125	52152	53379	53406	52233	52740	52767	52314	52341	51828	53595	52902	52446	53670	53694	52998	52542	52566	53790	53814	53838	53142	53166	52735	52772	52269	54046	53363	53400	54157	54194	53511	53064	53097	52590	53643	54396	54429	53742	53775	53357	53416	54675	54014	53053	54815	54832	54129	53666	53683	53160	54917	54214	54951	54248	53785	53802	55019	54316	53853	53870	55087	55157	54496	54075	54134	53653	55435	54752	54789	54346	54383	55620	54937	54494	55757	55816	55875	55214	54793	54831	54324	56097	56130	55443	55476	55029	55062	56295	55605	55632	55179	56406	56433	55740	55287	55314	54801	56568	55875	56672	56026	56100	55694	55725	56952	56979	55266	56313	55860	55887	55374	57141	57168	57195	56147	57496	56815	56852	56409	56446	55943	57720	57757	57794	57872	57946	57300	57374	56925	57432	58179	58206	58233	57060	58287	57594	57621	58368	58395	58697	57597	57696	57255	59031	58344	58377	58410	59163	59196	58509	58062	58095	59347	58676	59445	59494	59543	58872	58457	58516	58035	59834	59173
TRANSPORT_MODE
0	2	1	1	1	1	2	0	2	1	1	1	1	1	0	0	2	2	1	1	1	1	0	0	2	2	1	1	1	1	2	0	2	1	1	1	1	1	0	0	2	2	1	1	1	1	1	0	2	2	1	1	1	1	0	0	0	3	1	1	1	1	1	0	2	2	1	1	1	1	0	0	3	3	1	1	1	1	0	0	1	2	2	1	1	1	1	0	3	3	1	1	1	1	0	0	1	2	2	1	1	1	1	0	3	3	1	1	1	1	0	0	1	2	2	1	1	1	1	0	0	1	3	3	1	1	1	0	0	1	2	2	1	1	1	0	0	1	3	3	1	1	1	1	0	1	2	2	1	1	1	0	0	1	3	3	1	1	1	1	0	1	2	2	1	1	1	0	0	1	1	3	3	1	1	1	0	0	1	1	2	2	1	1	0	1	1	3	3	1	1	0	0	1	1	2	2	1	1	1	0	1	3	3	1	1	1	0	0	1	1	2	2	1	1	1	0	0	1	3	3	1	1	1	0	0	1	1	2	2	1	1	1	0	1	1	3	3	1	1	0	0	1	1	2	2	1	1	0	0	1	1	3	3	1	1	1	0	1	1	2	2	1	1	0	0	1	1	3	3	1	1	1	0	1	1	2	2	1	1	0	0	1	1	3	3	1	1	1	0	0	1	1	2	2	1	1	0	0	1	1	3	3	1	1	0	1	1	1	2	2	1	1	0	1	1	3	3	1	1	0	0	1	1	2	2	1	1	1	0	1	1	3	3	1	1	0	0	0	1	1	1	2	2	1	1	0	1	1	3	3	1	1	0	0	1	1	2	2	1	1	0	0	1	1	1	3	3	1	1	0	1	1	2	2	1	1	0	0	1	1	3	3	1	1	1	0	1	1	2	2	1	1	0	0	1	1	1	3	3	1	1	0	1	1	2	1	2	0	1	0	1	1	3	3	1	1	0	0	1	1	1	2	2	1	1	0	1	1	3	3	1	1	0	0	1	1	2	2	1	1	1	0	1	1	3	3	1	1	0	0	1	1	1	2	2	1	1	0	0	1	1	3	3	1	1	0	1	1	2	1	1	1	0	0	1	1	3	3	1	1	1	0	1	1	2	2	1	1	0	0	1	1	3	3	1	1	1	0	1	1	2	2	1	1	0	0	1	1	3	3	1	1	1	0	1	1	2	2	1	1	0	0	1	1	3	1	1	1	0	0	1	1	2	2	1	1	1	0	1	3	3	1	1	1	0	0	1	1	2	2	1	1	1	0	1	3	3	1	1	1	0	0	1	1	2	2	1	1	1	0	1	1	3	3	1	1	0	0	1	1	2	1	1	1	0	1	1	3	3	1	1	1	0	1	2	2	1	1	1	0	0	1	3	3	1	1	1	1	0	1	2	2	1	1	1	0	0	0	1	3	3	1	1	1	1	0	1	2	2	1	1	1	0	1	3	1	1	1	1	0	0	1	2	2	1	1	1	1	0	3	3	1	1	1	1	0	0	1	2	2	1	1	1	1	0	3	3	1	1	1	1	0	0	1	2	2	1	1	1	1	0	3	3	1	1	1	1	0	0	2	1	1	1	1	1	0	0	3	3	1	1	1	1	1	2	2	1	1	1	1	0	0	3	3	1	1	1	1	2	0	2	1	1	1	1	1	0	0	3	3	1	1	1	1	1	0	0	2	2	1	1	1	3	0	1	1	1	1	1	3	0	0	3	1	1	1	1	1	0	0	3	3	1	1	1	1	0	0	3	3	1	1	1	1	3	0	3	1	1	1	1	1	0	0	3	3	1	1	1	1	1	0	3	3	1	1	1	1	0	0
PATIENT_WEIGHT
150	97	108	112	148	146	67	104	147	131	93	88	96	150	56	83	48	107	88	76	137	133	89	39	48	76	134	135	58	62	34	130	57	37	58	34	91	79	100	89	53	93	97	88	66	52	135	83	57	120	55	89	107	56	45	49	67	111	33	143	138	80	71	112	128	48	39	73	120	118	118	32	100	145	31	99	131	113	79	34	39	31	94	115	86	135	63	55	90	108	92	35	95	82	115	132	69	73	43	142	54	63	145	140	128	108	54	89	67	31	119	50	123	44	136	47	46	47	149	67	136	90	107	100	123	110	140	115	144	147	143	129	123	99	69	146	54	85	32	77	61	34	69	149	39	119	121	48	32	73	143	127	76	59	81	36	78	85	109	84	32	133	142	40	77	149	36	107	39	92	120	64	107	62	84	82	112	65	31	132	59	123	62	65	88	42	137	105	129	147	146	143	40	114	74	108	40	84	112	94	83	69	77	55	135	90	109	108	143	70	145	121	137	120	127	34	92	70	122	97	35	47	66	116	84	32	59	118	130	82	56	132	142	124	127	120	123	90	83	124	77	84	147	97	138	117	33	40	31	123	98	39	87	81	30	133	40	106	87	36	125	137	118	81	59	57	92	76	31	113	78	129	40	63	132	68	118	106	65	90	102	147	91	63	102	91	86	56	146	75	34	122	59	47	143	101	114	100	124	150	140	115	62	41	125	68	107	42	46	128	104	96	117	96	140	118	51	95	113	78	89	47	83	116	122	62	60	33	64	55	120	87	110	77	41	126	92	80	87	143	65	77	127	77	78	120	81	101	71	36	95	39	82	79	113	148	148	101	31	115	64	129	119	76	93	101	115	90	88	36	96	125	116	68	132	91	36	64	65	111	139	119	76	148	59	53	137	98	112	52	61	138	95	89	133	136	34	41	97	40	43	48	137	96	135	33	140	120	145	36	137	127	134	84	94	85	53	104	74	44	40	128	133	32	148	145	94	73	150	100	69	106	37	106	37	32	96	78	91	123	128	58	68	133	83	104	147	132	120	77	129	55	57	79	88	60	38	78	41	118	130	92	149	91	150	110	96	31	137	70	62	131	107	92	42	74	89	93	94	84	32	139	145	149	101	103	61	52	106	139	115	30	30	119	58	138	34	52	83	135	85	38	43	69	121	44	31	82	53	97	74	95	91	64	54	125	148	146	50	83	62	58	77	65	46	121	44	76	146	150	42	148	107	103	140	61	60	31	129	89	91	31	35	78	139	71	136	43	43	124	150	71	109	69	69	34	49	91	119	123	81	149	124	116	71	133	59	87	69	149	31	100	110	114	73	137	131	90	109	83	149	85	108	110	139	33	45	58	46	131	97	121	62	69	41	141	82	59	129	95	45	35	140	100	79	137	30	101	97	142	73	105	65	45	30	139	91	35	134	78	114	81	66	41	93	34	73	147	31	67	65	88	145	54	82	139	59	61	119	113	142	77	37	42	107	55	84	74	119	125	90	139	48	150	80	135	73	52	74	143	82	100	60	83	124	124	59	123	130	31	74	126	50	63	81	86	82	109	123	100	99	73	146	130	141	95	78	123	123	41	140	69	78	48	84	45	145	122	89	116	144	111	133	46	95	133	31	118	42	135	36	84	150	90	123	30	38	148	99	128	89	102	107	115	85	44	123	105	96	83	31	76	63	30	56	92	75	59	58	114	103	55	50	92	123	132	101	124	121	68	54	39	131	120	71	73	69	36	116	47	98	92	63	90	118	99	135	71	53	102	85	56	145	33	35	79	31	53	115	39	128	123	47	95	148	97	70	113	32	33	115	132	43	77	37	81	109	81	37	95	50
DISTANCE_MATRIX
0	360	318	300	288	276	264	264	150	150	150	60	90	90	162	168	204	228	234	312	360	408	348	318	168	192	168	318
360	60	264	318	324	342	342	342	348	348	354	360	372	378	378	420	420	480	462	498	462	462	384	420	372	420	378	378
318	264	60	270	276	288	288	288	294	294	294	318	318	324	324	414	414	468	462	486	462	462	330	366	366	408	372	324
300	318	270	60	276	288	288	288	288	288	288	300	300	312	318	408	408	468	462	486	438	438	318	360	360	402	360	312
288	324	276	276	60	276	276	276	276	276	276	288	288	300	300	402	396	462	456	480	432	432	300	360	360	402	348	300
276	342	288	288	276	60	180	180	252	258	264	264	264	288	288	390	390	456	450	480	432	432	288	348	348	348	288	288
264	342	288	288	276	180	60	180	246	258	264	264	264	288	288	390	390	456	450	480	432	432	288	348	348	348	288	288
264	342	288	288	276	180	180	60	240	258	264	264	264	288	288	390	390	456	450	480	432	432	288	348	348	348	288	288
150	348	294	288	276	252	246	240	60	120	120	150	126	270	270	378	384	420	438	480	420	408	276	300	300	300	276	270
150	348	294	288	276	258	258	258	120	60	120	150	150	270	270	378	384	420	438	480	420	408	276	300	300	300	276	270
150	354	294	288	276	264	264	264	120	120	60	150	150	270	270	378	384	420	438	480	420	408	276	300	300	300	276	270
60	360	318	300	288	264	264	264	150	150	150	60	90	162	168	228	234	312	360	408	348	318	168	192	192	198	168	162
90	372	318	300	288	264	264	264	150	150	150	90	60	162	168	228	234	312	360	408	348	318	168	192	192	198	168	162
90	378	324	312	300	288	288	288	270	270	270	162	162	60	120	180	180	306	210	360	300	300	120	180	120	180	120	234
162	378	324	318	300	288	288	288	270	270	270	168	168	120	60	180	180	306	210	360	300	300	120	180	120	180	120	120
168	420	414	408	402	348	348	348	300	300	300	228	228	180	180	60	132	204	132	348	258	258	186	60	180	132	222	180
204	420	414	408	396	390	390	390	384	384	384	234	234	180	180	132	60	204	132	348	258	258	186	60	180	132	222	180
228	480	468	468	462	456	456	456	420	420	420	312	312	306	306	204	204	60	198	120	240	240	306	204	306	138	306	306
234	462	462	462	456	450	450	450	438	438	438	360	360	210	210	132	132	198	60	138	132	132	210	132	210	132	210	210
312	498	486	486	480	480	480	480	480	480	480	408	408	360	360	348	348	120	138	60	348	348	360	348	360	348	360	360
360	462	462	438	432	432	432	432	420	420	420	348	348	300	300	258	258	240	132	348	60	60	300	258	300	258	300	300
408	462	462	438	432	432	432	432	408	408	408	318	318	300	300	258	258	240	132	348	60	60	300	258	300	258	300	300
348	384	330	318	300	288	288	288	276	276	276	168	168	120	120	186	186	306	210	360	300	300	60	186	120	186	120	120
318	420	366	360	360	348	348	348	300	300	300	192	192	180	180	60	60	204	132	348	258	258	186	60	180	60	180	180
168	372	300	306	300	288	288	288	270	270	270	168	168	120	120	180	180	306	210	360	300	300	120	180	60	180	120	120
192	420	408	402	402	348	348	348	300	300	300	198	198	180	180	132	132	138	132	348	258	258	186	60	180	60	180	180
168	378	372	360	348	288	288	288	276	276	276	168	168	120	120	222	222	306	210	360	300	300	120	180	120	180	60	120
318	378	324	312	300	288	288	288	270	270	270	162	162	234	120	180	180	306	210	360	300	300	120	180	120	180	120	60
DEPOTS_DISTANCE
234	462	462	462	456	450	450	450	438	438	438	360	360	210	210	132	132	198	60	138	132	132	210	132	210	132	210	210	
348	384	330	318	300	288	288	288	276	276	276	168	168	120	120	186	186	306	210	360	300	300	60	186	120	186	120	120	
318	420	366	360	360	348	348	348	300	300	300	192	192	180	180	60	60	204	132	348	258	258	186	60	180	60	180	180	
LOCATION_TURN_MATRIX
100	130	122	113	112	199	136	122	129	152	173	146	151	136	158	140	176	113	122	167	194	134	110	172	114	184	100	147	
170	100	154	188	164	169	136	136	152	170	104	183	155	115	101	104	155	187	174	115	149	134	178	168	114	135	168	102	
178	146	100	161	178	114	104	165	117	139	126	169	192	109	120	179	160	152	154	134	113	140	154	179	196	196	192	181	
187	112	139	100	158	114	195	181	104	132	195	106	183	169	132	170	140	136	172	148	116	110	123	136	151	120	176	169	
188	136	122	142	100	175	164	159	112	100	167	164	135	191	132	181	104	123	142	156	108	117	193	182	116	147	156	185	
101	131	186	186	125	100	190	147	164	150	137	102	145	176	185	131	113	108	117	186	118	151	140	178	154	189	172	110	
164	164	196	105	136	110	100	186	153	151	183	193	111	157	144	123	188	142	110	163	105	190	166	187	170	171	186	126	
178	164	135	119	141	153	114	100	106	130	108	103	151	178	122	151	130	133	184	177	110	141	166	110	122	174	191	197	
171	148	183	196	188	136	147	194	100	167	100	146	168	129	128	142	172	118	174	147	105	158	156	160	120	106	119	136	
148	130	161	168	200	150	149	170	133	100	177	106	175	116	188	180	176	194	108	146	130	187	183	173	128	141	169	176	
127	196	174	105	133	163	117	192	200	123	100	171	175	140	183	115	104	186	128	153	151	175	100	146	191	117	132	197	
154	117	131	194	136	198	107	197	154	194	129	100	136	184	140	147	172	184	148	131	103	156	185	200	152	158	154	143	
149	145	108	117	165	155	189	149	132	125	125	164	100	140	199	142	101	144	163	185	117	191	200	143	113	165	102	154	
164	185	191	131	109	124	143	122	171	184	160	116	160	100	109	116	196	113	131	186	166	139	183	175	144	161	105	170	
142	199	180	168	168	115	156	178	172	112	117	160	101	191	100	147	177	177	199	158	172	188	164	175	180	168	154	195	
160	196	121	130	119	169	177	149	158	120	185	153	158	184	153	100	152	159	197	157	181	159	102	123	168	200	124	186	
124	145	140	160	196	187	112	170	128	124	196	128	199	104	123	148	100	149	114	112	117	135	105	132	138	180	198	156	
187	113	148	164	177	192	158	167	182	106	114	116	156	187	123	141	151	100	166	132	168	163	159	123	129	173	161	116	
178	126	146	128	158	183	190	116	126	192	172	152	137	169	101	103	186	134	100	184	199	137	130	160	148	113	140	150	
133	185	166	152	144	114	137	123	153	154	147	169	115	114	142	143	188	168	116	100	111	195	128	157	191	164	141	171	
106	151	187	184	192	182	195	190	195	170	149	197	183	134	128	119	183	132	101	189	100	129	151	163	147	166	104	177	
166	166	160	190	183	149	110	159	142	113	125	144	109	161	112	141	165	137	163	105	171	100	101	185	169	129	103	197	
190	122	146	177	107	160	134	134	144	117	200	115	100	117	136	198	195	141	170	172	149	199	100	106	150	116	118	145	
128	132	121	164	118	122	113	190	140	127	154	100	157	125	125	177	168	177	140	143	137	115	194	100	128	167	115	155	
186	186	104	149	184	146	130	178	180	172	109	148	187	156	120	132	162	171	152	109	153	131	150	172	100	155	124	184	
116	165	104	180	153	111	129	126	194	159	183	142	135	139	132	100	120	127	187	136	134	171	184	133	145	100	129	192	
200	132	108	124	144	128	114	109	181	131	168	146	198	195	146	176	102	139	160	159	196	197	182	185	176	171	100	146	
153	198	119	131	115	190	174	103	164	124	103	157	146	130	105	114	144	184	150	129	123	103	155	145	116	108	154	100	
DEPOTS_TO_LOCAL_TURN_MATRIX
178	126	146	128	158	183	190	116	126	192	172	152	137	169	101	103	186	134	100	184	199	137	130	160	148	113	140	150	
190	122	146	177	107	160	134	134	144	117	200	115	100	117	136	198	195	141	170	172	149	199	100	106	150	116	118	145	
128	132	121	164	118	122	113	190	140	127	154	100	157	125	125	177	168	177	140	143	137	115	194	100	128	167	115	155	
LOCAL_TO_DEPOT_TURN_MATRIX
122	174	154	172	142	117	110	184	174	108	128	148	163	131	199	197	114	166	100	116	101	163	170	140	152	187	160	150	
110	178	154	123	193	140	166	166	156	183	100	185	200	183	164	102	105	159	130	128	151	101	100	194	150	184	182	155	
172	168	179	136	182	178	187	110	160	173	146	200	143	175	175	123	132	123	160	157	163	185	106	100	172	133	185	145	

