INDEX_PROBLEM
1
PATIENTS
800
STRETCHERS
16
NUM_ROOM
28
NUM_DEPOT
3
NUM_PRIORITY
4
PRIORITY_LIST
0	1	2	3	4
PRIORITY_WEIGHT
0	1	10	18	30
PRIORITY_JOB
0	2	2	3	4	4	2	4	3	3	4	4	1	2	3	4	3	4	4	2	2	3	4	4	4	4	1	2	3	3	4	4	4	2	2	3	4	4	4	3	4	1	2	3	3	4	4	4	2	2	3	4	4	3	4	4	4	1	2	3	4	4	1	1	2	3	4	4	4	2	3	4	1	1	2	3	4	4	2	2	1	2	3	3	4	4	2	3	1	1	2	3	4	4	1	2	1	2	3	3	4	4	2	4	1	1	2	3	4	4	3	1	4	2	3	3	4	1	2	2	4	3	1	1	4	4	4	2	1	2	2	3	4	4	1	4	3	2	1	1	3	4	4	4	2	2	2	3	4	4	1	4	3	2	1	1	3	3	4	4	3	4	2	2	3	4	4	4	4	2	3	1	1	3	4	4	1	2	1	2	3	4	4	2	4	2	3	1	1	4	4	2	4	1	2	3	4	4	4	2	3	2	1	1	3	4	4	1	2	1	2	3	3	4	4	4	3	4	2	1	1	2	3	4	1	3	4	2	3	3	4	4	1	4	2	3	1	1	4	4	2	2	2	2	3	4	4	1	4	4	2	3	1	1	4	4	4	1	2	2	3	4	4	1	3	4	2	3	1	1	3	4	4	2	4	2	2	3	4	4	3	4	2	3	1	1	3	4	4	1	4	1	2	3	4	4	2	4	3	3	3	1	1	4	4	2	1	2	3	4	4	4	2	3	2	3	1	1	4	4	2	3	1	2	3	3	4	4	2	4	2	3	1	1	4	4	1	2	1	4	2	3	3	4	1	2	4	3	4	1	1	4	4	2	2	2	3	3	4	4	1	4	4	2	3	4	1	1	4	4	1	2	2	3	4	4	1	3	3	2	3	1	1	3	4	4	2	2	2	3	4	4	3	4	4	1	2	3	1	1	4	4	1	1	2	3	4	4	4	4	2	2	3	1	1	3	4	2	3	1	2	3	4	4	4	2	4	2	3	1	1	4	4	1	3	1	2	3	3	4	4	4	3	2	2	1	1	3	4	1	3	4	1	2	3	3	4	2	4	4	3	2	1	1	4	4	2	4	2	3	3	4	4	4	2	1	2	1	1	3	4	4	1	4	2	2	3	4	4	3	3	1	2	1	1	3	3	4	1	4	2	2	3	4	4	4	4	1	2	1	1	3	3	4	3	4	2	2	3	4	4	4	3	2	3	1	3	4	4	1	2	1	2	3	4	4	4	2	4	2	1	1	3	4	4	2	1	1	2	3	3	4	4	2	3	2	1	1	3	4	4	1	3	4	1	2	3	3	4	2	4	2	3	1	1	4	4	1	2	4	2	3	3	4	1	4	2	3	1	1	4	4	4	1	2	2	3	4	4	1	4	3	2	1	1	3	3	4	4	2	2	2	3	4	4	4	3	4	1	1	1	1	2	3	3	4	2	2	2	3	4	4	4	4	2	1	3	3	4	1	1	4	2	3	4	4	4	2	2	3	1	1	3	4	4	1	2	1	2	3	3	4	4	2	2	3	1	1	3	4	4	4	3	1	1	2	3	3	4	2	2	4	1	1	3	4	4	4	1	2	2	3	3	4	1	2	4	4	1	1	3	4	4	4	2	2	3	4	4	1	2	4	2	1	1	3	3	4	4	2	1	2	3	4	4	1	2	3	4	1	1	3	3	4	4	2	3	1	2	3	4	4	2	1	4	3	3	4	4	1	1	1	4	1	2	3	4	4	4	2	1	1	1	2	2	3	4	2	1	1	1	4	1	2	3	1	1	1	3	4	4	2	2	2	2	1	1	3	4	4	1	2	1	1	1	3	3	4	4	1	2
TIME_ASKED
0	28849	28898	28947	28996	29045	29094	29149	29198	29247	29296	29345	29394	29429	29458	29487	29516	29545	29574	29603	29632	29661	29690	29742	29784	29826	29868	29910	29952	29994	30029	30058	30087	30116	30145	30174	30203	30232	30261	30290	30329	30358	30387	30416	30445	30474	30503	30532	30561	30590	30621	30642	30663	30684	30705	30726	30747	30768	30789	30810	30831	30852	30873	30894	30949	30998	31047	31096	31145	31194	31227	31254	31281	31308	31335	31362	31389	31416	31443	31470	31497	31524	31548	31572	31596	31620	31644	31668	31692	31716	31740	31764	31788	31837	31874	31911	31948	31985	32022	32059	32096	32159	32218	32277	32336	32395	32419	32438	32457	32476	32495	32514	32533	32552	32571	32590	32609	32628	32647	32666	32685	32759	32818	32877	32936	32995	33027	33054	33081	33108	33135	33162	33189	33216	33243	33270	33297	33333	33366	33399	33432	33465	33498	33531	33564	33597	33616	33632	33648	33664	33680	33696	33712	33728	33744	33760	33776	33792	33808	33824	33840	33856	33872	33888	33933	33966	33999	34032	34065	34098	34131	34164	34197	34242	34284	34326	34368	34410	34452	34494	34533	34566	34599	34632	34665	34698	34731	34764	34797	34827	34854	34881	34908	34935	34962	34989	35016	35043	35070	35097	35137	35174	35211	35248	35285	35322	35359	35396	35433	35466	35499	35532	35565	35598	35631	35664	35697	35723	35746	35769	35792	35815	35838	35861	35884	35907	35930	35953	35976	35999	36023	36046	36069	36092	36115	36138	36161	36184	36207	36230	36253	36276	36299	36327	36354	36381	36408	36435	36462	36489	36516	36543	36570	36597	36619	36638	36657	36676	36695	36714	36733	36752	36771	36790	36809	36828	36847	36866	36885	36949	36998	37047	37096	37145	37194	37259	37318	37377	37436	37495	37549	37598	37647	37696	37745	37794	37827	37854	37881	37908	37935	37962	37989	38016	38043	38070	38097	38123	38146	38169	38192	38215	38238	38261	38284	38307	38330	38353	38376	38399	38419	38438	38457	38476	38495	38514	38533	38552	38571	38590	38609	38628	38647	38666	38685	38742	38784	38826	38868	38910	38952	38994	39029	39058	39087	39116	39145	39174	39203	39232	39261	39290	39349	39398	39447	39496	39545	39594	39633	39666	39699	39732	39765	39798	39831	39864	39897	39937	39974	40011	40048	40085	40122	40159	40196	40242	40284	40326	40368	40410	40452	40494	40542	40584	40626	40668	40710	40752	40794	40849	40898	40947	40996	41045	41094	41133	41166	41199	41232	41265	41298	41331	41364	41397	41423	41446	41469	41492	41515	41538	41561	41584	41607	41630	41653	41676	41699	41749	41798	41847	41896	41945	41994	42099	42198	42297	42342	42384	42426	42468	42510	42552	42594	42699	42798	42897	42923	42946	42969	42992	43015	43038	43061	43084	43107	43130	43153	43176	43199	43237	43274	43311	43348	43385	43422	43459	43496	43549	43598	43647	43696	43745	43794	43899	43998	44097	44159	44218	44277	44336	44395	44459	44518	44577	44636	44695	44799	44898	44997	45033	45066	45099	45132	45165	45198	45231	45264	45297	45337	45374	45411	45448	45485	45522	45559	45596	45637	45674	45711	45748	45785	45822	45859	45896	45959	46018	46077	46136	46195	46249	46298	46347	46396	46445	46494	46537	46574	46611	46648	46685	46722	46759	46796	46821	46842	46863	46884	46905	46926	46947	46968	46989	47010	47031	47052	47073	47094	47199	47298	47397	47437	47474	47511	47548	47585	47622	47659	47696	47737	47774	47811	47848	47885	47922	47959	47996	48049	48098	48147	48196	48245	48294	48324	48348	48372	48396	48420	48444	48468	48492	48516	48540	48564	48588	48627	48654	48681	48708	48735	48762	48789	48816	48843	48870	48897	48937	48974	49011	49048	49085	49122	49159	49196	49233	49266	49299	49332	49365	49398	49431	49464	49497	49537	49574	49611	49648	49685	49722	49759	49796	49827	49854	49881	49908	49935	49962	49989	50016	50043	50070	50097	50149	50198	50247	50296	50345	50394	50424	50448	50472	50496	50520	50544	50568	50592	50616	50640	50664	50688	50737	50774	50811	50848	50885	50922	50959	50996	51027	51054	51081	51108	51135	51162	51189	51216	51243	51270	51297	51324	51348	51372	51396	51420	51444	51468	51492	51516	51540	51564	51588	51637	51674	51711	51748	51785	51822	51859	51896	51933	51966	51999	52032	52065	52098	52131	52164	52197	52259	52318	52377	52436	52495	52517	52534	52551	52568	52585	52602	52619	52636	52653	52670	52687	52704	52721	52738	52755	52772	52789	52859	52918	52977	53036	53095	53137	53174	53211	53248	53285	53322	53359	53396	53459	53518	53577	53636	53695	53733	53766	53799	53832	53865	53898	53931	53964	53997	54027	54054	54081	54108	54135	54162	54189	54216	54243	54270	54297	54374	54448	54522	54596	54627	54654	54681	54708	54735	54762	54789	54816	54843	54870	54897	55049	55198	55237	55274	55311	55348	55385	55422	55459	55496	55574	55648	55722	55796	55827	55854	55881	55908	55935	55962	55989	56016	56043	56070	56097	56399	56499	56598	56697	56733	56766	56799	56832	56865	56898	56931	56964	56997	57049	57098	57147	57196	57245	57294	57359	57418	57477	57536	57595
ORIGIN
26	16	6	27	19	7	27	25	25	25	4	10	2	23	14	27	4	14	3	23	4	4	14	14	14	14	14	7	27	20	9	4	14	9	1	23	11	14	14	4	14	2	2	3	24	14	14	11	11	6	27	18	7	27	20	8	26	14	17	2	23	12	2	14	12	7	23	14	4	24	16	16	14	25	14	27	19	8	9	9	9	14	23	11	2	14	9	14	14	4	14	14	14	4	5	14	14	27	18	7	27	20	26	8	12	17	2	17	12	2	14	14	14	14	14	4	24	15	4	14	16	23	11	23	3	26	23	14	14	4	10	2	23	14	2	14	14	14	26	27	14	15	20	4	9	14	23	27	20	14	14	4	4	2	2	27	27	20	4	14	14	23	6	24	15	4	20	16	7	23	26	15	26	2	8	26	14	4	7	23	12	2	23	16	1	16	14	14	14	27	14	9	4	14	9	20	8	27	14	14	14	4	27	2	14	14	5	14	14	5	14	14	4	26	27	1	14	4	1	17	2	14	14	14	14	13	27	25	2	23	14	3	2	16	23	27	11	14	14	14	14	14	2	8	27	23	14	14	14	26	14	14	14	14	20	20	20	20	26	7	26	16	1	14	14	1	14	1	26	14	14	8	14	4	2	14	23	13	3	23	14	2	2	2	14	1	1	14	27	14	2	23	23	8	1	1	27	27	14	14	2	2	27	16	16	4	1	14	16	5	26	14	27	4	4	20	3	14	14	9	4	14	3	14	13	2	23	1	3	14	27	1	1	7	14	3	4	27	14	3	8	1	23	10	14	14	14	27	26	14	14	14	14	2	8	2	5	26	14	2	2	14	3	14	3	14	14	3	2	2	14	4	2	23	2	26	20	26	2	4	7	7	14	10	14	14	1	14	1	23	10	1	14	14	12	14	14	14	27	14	10	4	16	4	14	26	3	10	16	1	14	27	14	3	16	27	22	1	1	27	23	14	3	2	14	27	14	14	14	1	27	3	7	3	27	14	23	10	1	14	14	1	27	3	14	27	14	1	3	3	11	3	16	6	27	19	7	14	10	14	4	4	3	14	19	2	14	3	14	3	23	14	14	2	14	2	2	14	14	1	16	14	4	20	9	16	26	11	16	13	2	27	14	14	14	11	2	13	2	14	5	27	18	7	2	14	14	14	14	2	22	23	3	27	14	3	3	23	14	4	27	1	10	1	14	14	26	26	3	27	8	12	1	23	11	2	23	10	23	14	14	3	15	14	14	7	27	2	26	17	7	27	7	1	1	14	2	27	20	14	2	3	3	26	23	14	4	14	15	23	4	26	3	3	26	14	14	14	14	1	23	10	2	11	27	14	14	14	27	15	15	14	27	1	27	26	16	7	27	27	16	26	27	9	20	20	2	2	2	14	3	23	14	3	24	14	4	16	27	27	26	14	14	14	4	27	14	14	10	2	23	12	14	14	14	14	27	14	12	12	3	23	20	2	7	26	19	2	18	18	3	16	20	20	2	14	14	3	2	14	3	24	14	4	14	14	1	26	14	7	27	2	14	14	26	10	1	23	12	2	23	23	14	14	14	27	24	11	1	1	16	6	27	19	7	27	27	1	27	20	20	2	23	14	27	27	14	3	23	14	20	2	27	26	14	1	1	27	20	14	2	4	9	1	23	8	10	23	4	14	14	27	27	24	15	14	27	14	6	27	18	7	27	14	14	14	14	10	2	23	2	2	27	14	3	23	14	4	2	25	2	2	25	7	27	20	14	14	23	9	1	23	11	2	14	4	14	14	27	3	24	14	1	1	14	5	27	18	7	27	20	8	12	17	2	1	23	12	2	4	23
DESTINATION
3	14	17	2	22	23	2	14	14	14	23	14	14	27	25	2	14	25	14	4	14	14	9	9	9	1	1	20	2	14	14	14	4	14	14	27	15	5	5	14	5	27	27	14	2	26	8	12	12	17	2	27	20	2	14	14	14	16	6	14	27	11	14	25	11	23	3	26	14	2	14	14	4	14	4	2	22	14	14	14	14	26	27	15	14	20	14	9	9	14	9	1	26	14	14	4	4	2	27	20	2	14	14	14	11	6	27	6	11	14	20	8	26	15	26	14	2	14	14	26	14	7	12	7	23	14	27	16	16	14	14	14	27	8	14	9	4	9	14	23	2	11	14	14	14	4	27	2	14	4	5	14	14	27	27	18	18	7	14	1	8	7	17	2	14	14	14	14	13	7	14	14	14	24	14	23	16	14	23	27	11	14	1	14	14	14	4	10	2	23	2	14	14	26	14	14	14	2	20	4	20	14	23	27	20	8	14	4	4	14	1	26	14	3	2	14	4	14	14	6	24	15	16	20	16	7	2	14	14	1	25	14	27	14	7	23	12	2	2	16	1	4	27	14	2	27	9	16	4	14	9	9	20	8	14	14	14	14	3	20	3	14	14	9	4	14	5	14	14	4	1	14	1	14	27	1	1	7	14	3	4	27	27	27	2	23	23	3	2	16	27	27	26	14	14	14	2	2	8	8	27	27	23	14	14	14	14	3	14	14	3	20	2	14	14	7	26	16	1	14	14	1	26	4	7	14	1	14	14	1	2	14	23	13	3	23	14	2	26	14	14	14	27	14	10	4	16	23	23	8	1	1	1	27	14	27	14	3	16	27	27	1	14	16	14	16	5	26	27	27	4	14	14	1	27	3	7	3	27	14	13	13	2	14	3	1	14	3	14	27	14	14	1	3	11	8	1	8	23	10	14	14	14	14	4	3	26	14	14	14	3	2	5	26	14	2	19	14	14	2	1	25	14	14	16	2	4	2	2	23	2	26	20	26	2	4	27	14	14	10	2	14	2	14	1	23	10	14	14	14	12	14	14	17	2	22	23	4	14	8	14	14	26	10	22	27	16	26	25	14	4	26	3	27	1	27	27	3	2	23	14	10	14	7	14	14	3	15	14	7	27	23	10	10	1	20	14	7	27	1	14	2	27	20	14	3	3	16	16	27	19	7	14	23	10	26	14	3	26	14	2	14	14	14	3	3	14	14	14	2	14	11	14	27	15	14	1	14	1	26	16	26	11	16	16	13	2	27	3	9	20	2	13	14	14	5	27	18	7	2	27	14	14	3	3	26	14	4	14	27	14	3	23	23	14	4	26	1	10	14	27	14	14	12	2	3	1	1	23	11	11	2	18	23	2	3	16	20	2	2	14	3	2	17	7	7	27	27	14	1	26	1	26	14	2	26	14	14	2	2	14	4	4	15	14	23	4	10	14	14	27	11	1	1	5	10	23	10	11	11	14	1	7	27	20	14	22	14	27	27	26	16	7	7	27	2	16	26	27	26	14	1	26	14	4	2	23	14	3	20	2	24	4	16	3	14	14	27	11	14	1	27	10	2	2	23	2	12	14	23	14	17	2	22	23	2	2	23	2	7	14	14	27	2	2	2	25	14	5	26	14	14	18	14	3	24	24	2	14	4	14	14	14	14	27	14	14	1	14	10	1	23	23	2	14	2	23	4	17	2	27	23	2	16	4	5	16	14	14	27	27	27	23	25	14	4	26	14	27	14	27	27	14	20	2	14	20	2	1	14	14	27	15	14	2	14	4	4	23	14	1	26	23	23	4	14	2	27	20	2	14	14	11	6	27	14	27	11	14	14	27
DUE_DATE
0	30427	30476	30045	29554	29603	30672	29707	30296	30345	29854	29903	31692	31007	30556	30045	30614	30103	30132	31181	31210	30759	30248	30300	30342	30384	32166	31488	31050	31092	30587	30616	30645	31694	31723	31272	30761	30790	30819	31388	30887	32656	31965	31514	31543	31032	31061	31090	32139	32168	31719	31200	31221	31782	31263	31284	31305	33066	32367	31908	31389	31410	33171	33192	32527	32096	31605	31654	31703	32772	32325	31812	33579	33606	32913	32460	31947	31974	33021	33048	33795	33102	32646	32670	32154	32178	33222	32766	33990	34014	33318	32862	32346	32395	34172	33489	34246	33563	33120	33157	32654	32717	33796	32835	34634	34693	33997	33536	33015	33034	33593	34812	33091	34130	33669	33688	33167	34926	34225	34244	33243	33857	35116	35175	33494	33553	33585	34632	35379	34686	34713	34260	33747	33774	35541	33828	34395	34911	35664	35697	34530	34023	34056	34089	35142	35175	35194	34730	34206	34222	35978	34254	34810	35306	36042	36058	34874	34890	34366	34382	34938	34414	35450	35466	35031	34524	34557	34590	34623	35676	35229	36462	36495	35340	34842	34884	36666	35988	36750	36072	35631	35124	35157	36210	35223	36276	35829	37062	37095	35385	35412	36459	35466	37233	36540	36087	35574	35601	35628	36675	36235	36752	37509	37546	36383	35880	35917	37694	37011	37764	37077	36630	36663	36156	36189	36222	36795	36281	37324	38067	38090	37393	36936	36419	38182	37005	36488	37531	37074	37097	36581	36604	38367	36650	37693	37236	38459	38482	36765	36788	37831	37854	37877	37905	37452	36939	36966	38733	37020	37047	38094	37641	38868	38895	37177	37196	37215	38974	38273	38292	37831	37310	37329	39088	37907	37386	38425	37964	39183	39247	38096	37605	37654	38723	37752	38837	38896	38475	37994	38053	38647	38156	39225	38794	40043	40092	38925	38412	38439	40206	38493	40260	39567	39114	38601	38628	39675	38681	39244	39267	39290	40513	40536	38819	38842	39885	40628	39931	39474	38957	38977	38996	40035	39574	40073	39612	40831	40850	39129	39148	40187	39726	40945	40244	39783	39840	39342	39384	40446	39468	40530	40092	41327	41356	39645	39674	41443	40752	41501	39790	40839	40388	40447	39956	41745	41074	40103	40692	40191	41964	41997	40290	40323	41376	41409	41442	40995	41035	40532	40569	42346	40643	40680	41737	41294	40800	42582	42624	40926	40968	42750	42072	42120	41682	41184	41226	43008	41850	41892	42427	41996	43245	43294	42143	41652	41691	42744	42777	42810	42363	41856	41889	42462	41955	41981	43744	43047	42590	43813	43836	42119	42142	43905	43928	43231	42774	42257	42307	42356	42405	43474	43523	43092	44397	44496	43395	42900	43962	43524	44766	44088	43650	43152	43257	43356	44475	43481	44524	44067	45290	45313	43596	43619	45382	44205	45428	44731	44274	44297	43795	43832	43869	44446	44963	45000	45757	45794	44647	44156	45945	44794	44303	46092	45477	45096	45195	44717	45796	44835	44894	45493	46037	46816	46875	45194	45253	46377	45456	46575	46131	46164	45657	45690	45723	46776	47529	46842	47595	47635	46472	45969	46006	47783	46080	47137	47174	46735	46232	46269	46846	46883	48120	47437	48194	48257	47116	47175	46694	48493	46807	47876	47925	47494	47003	47052	47095	47132	48909	48226	48983	49020	47857	47894	47379	47940	47421	48462	48483	48024	47505	47526	47547	48108	48609	48150	49371	48192	47757	47856	49695	49015	49772	49089	48646	48143	48180	48217	49274	48295	49352	50109	50146	48983	48480	48517	49574	50347	50396	49725	49294	49343	48852	48882	49926	49470	49974	50718	50742	49566	49050	49074	50838	49662	49146	50925	50232	49779	49806	49293	50340	49347	50394	49941	51168	51195	49495	49532	51309	50626	49643	50700	50257	50294	49791	51564	49857	50910	50463	51696	51729	50022	50055	50095	51872	51189	51226	50783	50280	50317	52094	50385	50952	51459	52206	52233	51060	51087	50574	50601	51648	51675	51727	51296	50805	50854	50903	51492	50982	52746	52770	52794	52818	52122	51666	51690	51174	52218	52242	52266	51835	51332	51369	51406	51443	52500	53257	52094	52125	51612	53379	53406	51693	52740	52287	51774	51801	51828	52875	52902	52446	53670	53694	52518	52002	52026	53790	53094	53838	53142	52686	52735	52232	52269	53326	53363	52920	54157	54194	53031	52524	52557	52590	53163	54396	54429	53742	53295	53357	52876	53955	54014	53053	54815	54832	53649	53126	53143	53160	54917	54214	54231	53768	53785	53262	55019	54316	53313	53330	55087	55157	54016	53535	53594	53653	54715	54752	54309	53806	53843	55620	54937	53954	55037	55816	55875	54734	54793	54291	54324	55377	56130	55443	54996	54489	54522	56295	55605	55152	54639	56406	56433	55260	55287	54774	54801	55848	55395	56672	56026	55620	55154	55185	56232	56979	55266	55833	55860	55347	55374	57141	57168	57195	55607	57496	56815	56372	55869	55906	55943	57000	57757	57794	57872	57226	57300	56894	56385	57432	58179	58206	58233	56520	58287	57594	57141	58368	58395	58697	57597	57156	57255	58311	58344	58377	58410	59163	59196	58029	57522	57555	59347	58676	59445	59494	59543	58392	58457	57976	58035	59834	59173
TRANSPORT_MODE
0	2	1	1	1	1	2	0	2	1	1	1	1	1	0	0	2	2	1	1	1	1	0	0	2	2	1	1	1	1	2	0	2	1	1	1	1	1	0	0	2	2	1	1	1	1	1	0	2	2	1	1	1	1	0	0	0	3	1	1	1	1	1	0	2	2	1	1	1	1	0	0	3	3	1	1	1	1	0	0	1	2	2	1	1	1	1	0	3	3	1	1	1	1	0	0	1	2	2	1	1	1	1	0	3	3	1	1	1	1	0	0	1	2	2	1	1	1	1	0	0	1	3	3	1	1	1	0	0	1	2	2	1	1	1	0	0	1	3	3	1	1	1	1	0	1	2	2	1	1	1	0	0	1	3	3	1	1	1	1	0	1	2	2	1	1	1	0	0	1	1	3	3	1	1	1	0	0	1	1	2	2	1	1	0	1	1	3	3	1	1	0	0	1	1	2	2	1	1	1	0	1	3	3	1	1	1	0	0	1	1	2	2	1	1	1	0	0	1	3	3	1	1	1	0	0	1	1	2	2	1	1	1	0	1	1	3	3	1	1	0	0	1	1	2	2	1	1	0	0	1	1	3	3	1	1	1	0	1	1	2	2	1	1	0	0	1	1	3	3	1	1	1	0	1	1	2	2	1	1	0	0	1	1	3	3	1	1	1	0	0	1	1	2	2	1	1	0	0	1	1	3	3	1	1	0	1	1	1	2	2	1	1	0	1	1	3	3	1	1	0	0	1	1	2	2	1	1	1	0	1	1	3	3	1	1	0	0	0	1	1	1	2	2	1	1	0	1	1	3	3	1	1	0	0	1	1	2	2	1	1	0	0	1	1	1	3	3	1	1	0	1	1	2	2	1	1	0	0	1	1	3	3	1	1	1	0	1	1	2	2	1	1	0	0	1	1	1	3	3	1	1	0	1	1	2	1	2	0	1	0	1	1	3	3	1	1	0	0	1	1	1	2	2	1	1	0	1	1	3	3	1	1	0	0	1	1	2	2	1	1	1	0	1	1	3	3	1	1	0	0	1	1	1	2	2	1	1	0	0	1	1	3	3	1	1	0	1	1	2	1	1	1	0	0	1	1	3	3	1	1	1	0	1	1	2	2	1	1	0	0	1	1	3	3	1	1	1	0	1	1	2	2	1	1	0	0	1	1	3	3	1	1	1	0	1	1	2	2	1	1	0	0	1	1	3	1	1	1	0	0	1	1	2	2	1	1	1	0	1	3	3	1	1	1	0	0	1	1	2	2	1	1	1	0	1	3	3	1	1	1	0	0	1	1	2	2	1	1	1	0	1	1	3	3	1	1	0	0	1	1	2	1	1	1	0	1	1	3	3	1	1	1	0	1	2	2	1	1	1	0	0	1	3	3	1	1	1	1	0	1	2	2	1	1	1	0	0	0	1	3	3	1	1	1	1	0	1	2	2	1	1	1	0	1	3	1	1	1	1	0	0	1	2	2	1	1	1	1	0	3	3	1	1	1	1	0	0	1	2	2	1	1	1	1	0	3	3	1	1	1	1	0	0	1	2	2	1	1	1	1	0	3	3	1	1	1	1	0	0	2	1	1	1	1	1	0	0	3	3	1	1	1	1	1	2	2	1	1	1	1	0	0	3	3	1	1	1	1	2	0	2	1	1	1	1	1	0	0	3	3	1	1	1	1	1	0	0	2	2	1	1	1	3	0	1	1	1	1	1	3	0	0	3	1	1	1	1	1	0	0	3	3	1	1	1	1	0	0	3	3	1	1	1	1	3	0	3	1	1	1	1	1	0	0	3	3	1	1	1	1	1	0	3	3	1	1	1	1	0	0
PATIENT_WEIGHT
37	85	85	120	148	56	48	127	36	98	82	81	145	148	49	115	36	91	91	64	88	79	105	31	51	33	48	82	96	96	59	59	89	128	123	120	72	30	66	102	115	32	105	94	37	86	127	134	119	131	116	99	55	60	96	144	100	79	90	148	131	71	36	145	112	128	125	66	60	62	36	110	140	110	145	116	76	51	67	142	145	50	54	147	86	109	49	136	58	103	31	110	125	126	66	142	95	90	52	129	79	131	131	120	69	71	64	145	82	64	73	61	90	62	110	145	118	32	44	126	80	50	138	97	53	32	62	89	101	30	67	116	102	131	117	41	68	87	130	104	129	52	53	103	77	44	106	119	75	149	60	33	32	111	109	99	57	138	120	50	147	35	31	137	61	146	65	60	136	128	92	60	63	112	97	107	68	35	30	94	103	132	118	83	79	35	47	38	149	88	63	40	92	113	130	105	140	104	36	53	36	89	116	51	83	57	89	59	84	60	145	45	122	134	141	54	48	144	59	150	40	109	72	141	32	97	72	33	119	89	40	62	132	84	88	108	66	134	31	146	108	98	91	53	103	102	73	125	55	117	143	65	98	72	141	110	72	57	88	77	68	142	56	55	42	58	41	48	146	83	101	124	135	122	112	109	149	108	92	93	86	93	55	69	111	134	83	145	149	112	86	94	40	67	108	109	78	105	34	49	117	94	129	130	51	34	59	108	110	122	89	90	67	61	97	103	90	95	94	113	57	120	106	117	101	147	129	79	136	75	37	103	50	138	98	142	121	83	96	112	31	147	44	123	92	104	53	79	83	31	149	88	92	61	50	134	40	116	122	145	55	65	56	141	130	94	87	139	45	120	70	103	137	71	48	46	62	145	31	60	102	85	128	119	79	102	122	143	109	134	75	86	86	59	130	50	116	145	62	109	101	91	148	44	136	38	131	112	128	38	32	36	101	149	106	83	139	30	68	150	109	111	140	81	114	140	38	36	45	94	103	86	32	148	33	49	130	87	70	133	141	119	61	78	145	115	107	94	85	42	51	53	115	120	65	104	129	73	113	111	139	95	96	40	128	74	95	31	72	91	148	53	71	138	97	70	146	63	89	47	98	91	37	105	114	149	93	85	126	113	125	43	93	136	134	59	148	57	128	101	71	31	34	66	136	117	98	83	136	113	136	143	149	35	57	64	135	79	121	144	120	108	36	95	79	138	150	93	82	91	96	31	58	58	114	96	136	104	64	104	66	110	102	119	82	91	82	59	137	74	100	93	120	133	137	49	126	30	39	91	97	148	109	109	134	61	71	129	45	136	101	75	65	122	125	64	49	132	55	32	94	146	67	81	36	126	42	128	59	31	45	102	95	83	47	72	45	107	119	119	57	107	132	136	139	43	80	145	99	81	95	139	141	61	91	62	66	72	74	135	43	117	33	136	57	148	91	32	38	103	39	45	98	101	63	112	33	80	95	105	94	76	122	45	149	126	72	103	34	150	111	113	77	90	113	141	84	86	90	122	101	87	139	109	92	36	87	82	117	75	60	106	137	107	54	85	85	78	97	117	100	95	113	107	86	111	70	71	117	67	85	136	121	32	40	63	141	88	68	50	99	54	71	126	68	56	63	112	84	40	118	74	37	65	76	66	89	118	67	112	72	70	117	33	95	105	122	56	141	124	32	145	47	73	65	36	110	79	101	55	75	31	67	136	40	64	63	47	85	79	140	76	143	67	32	115	92	90	58	77	88	142	130	131	36	145	41	119	107	66	107	34	55	43	58	93	146	150	107	129	38	141	48	118	83	31	98	100	115	74	77	93	55	83	122	56	45	139	147	63	136
DISTANCE_MATRIX
0	360	318	300	288	276	264	264	150	150	150	60	90	90	162	168	204	228	234	312	360	408	348	318	168	192	168	318
360	60	264	318	324	342	342	342	348	348	354	360	372	378	378	420	420	480	462	498	462	462	384	420	372	420	378	378
318	264	60	270	276	288	288	288	294	294	294	318	318	324	324	414	414	468	462	486	462	462	330	366	366	408	372	324
300	318	270	60	276	288	288	288	288	288	288	300	300	312	318	408	408	468	462	486	438	438	318	360	360	402	360	312
288	324	276	276	60	276	276	276	276	276	276	288	288	300	300	402	396	462	456	480	432	432	300	360	360	402	348	300
276	342	288	288	276	60	180	180	252	258	264	264	264	288	288	390	390	456	450	480	432	432	288	348	348	348	288	288
264	342	288	288	276	180	60	180	246	258	264	264	264	288	288	390	390	456	450	480	432	432	288	348	348	348	288	288
264	342	288	288	276	180	180	60	240	258	264	264	264	288	288	390	390	456	450	480	432	432	288	348	348	348	288	288
150	348	294	288	276	252	246	240	60	120	120	150	126	270	270	378	384	420	438	480	420	408	276	300	300	300	276	270
150	348	294	288	276	258	258	258	120	60	120	150	150	270	270	378	384	420	438	480	420	408	276	300	300	300	276	270
150	354	294	288	276	264	264	264	120	120	60	150	150	270	270	378	384	420	438	480	420	408	276	300	300	300	276	270
60	360	318	300	288	264	264	264	150	150	150	60	90	162	168	228	234	312	360	408	348	318	168	192	192	198	168	162
90	372	318	300	288	264	264	264	150	150	150	90	60	162	168	228	234	312	360	408	348	318	168	192	192	198	168	162
90	378	324	312	300	288	288	288	270	270	270	162	162	60	120	180	180	306	210	360	300	300	120	180	120	180	120	234
162	378	324	318	300	288	288	288	270	270	270	168	168	120	60	180	180	306	210	360	300	300	120	180	120	180	120	120
168	420	414	408	402	348	348	348	300	300	300	228	228	180	180	60	132	204	132	348	258	258	186	60	180	132	222	180
204	420	414	408	396	390	390	390	384	384	384	234	234	180	180	132	60	204	132	348	258	258	186	60	180	132	222	180
228	480	468	468	462	456	456	456	420	420	420	312	312	306	306	204	204	60	198	120	240	240	306	204	306	138	306	306
234	462	462	462	456	450	450	450	438	438	438	360	360	210	210	132	132	198	60	138	132	132	210	132	210	132	210	210
312	498	486	486	480	480	480	480	480	480	480	408	408	360	360	348	348	120	138	60	348	348	360	348	360	348	360	360
360	462	462	438	432	432	432	432	420	420	420	348	348	300	300	258	258	240	132	348	60	60	300	258	300	258	300	300
408	462	462	438	432	432	432	432	408	408	408	318	318	300	300	258	258	240	132	348	60	60	300	258	300	258	300	300
348	384	330	318	300	288	288	288	276	276	276	168	168	120	120	186	186	306	210	360	300	300	60	186	120	186	120	120
318	420	366	360	360	348	348	348	300	300	300	192	192	180	180	60	60	204	132	348	258	258	186	60	180	60	180	180
168	372	300	306	300	288	288	288	270	270	270	168	168	120	120	180	180	306	210	360	300	300	120	180	60	180	120	120
192	420	408	402	402	348	348	348	300	300	300	198	198	180	180	132	132	138	132	348	258	258	186	60	180	60	180	180
168	378	372	360	348	288	288	288	276	276	276	168	168	120	120	222	222	306	210	360	300	300	120	180	120	180	60	120
318	378	324	312	300	288	288	288	270	270	270	162	162	234	120	180	180	306	210	360	300	300	120	180	120	180	120	60
DEPOTS_DISTANCE
234	462	462	462	456	450	450	450	438	438	438	360	360	210	210	132	132	198	60	138	132	132	210	132	210	132	210	210	
348	384	330	318	300	288	288	288	276	276	276	168	168	120	120	186	186	306	210	360	300	300	60	186	120	186	120	120	
318	420	366	360	360	348	348	348	300	300	300	192	192	180	180	60	60	204	132	348	258	258	186	60	180	60	180	180	
LOCATION_TURN_MATRIX
100	130	122	113	112	199	136	122	129	152	173	146	151	136	158	140	176	113	122	167	194	134	110	172	114	184	100	147	
170	100	154	188	164	169	136	136	152	170	104	183	155	115	101	104	155	187	174	115	149	134	178	168	114	135	168	102	
178	146	100	161	178	114	104	165	117	139	126	169	192	109	120	179	160	152	154	134	113	140	154	179	196	196	192	181	
187	112	139	100	158	114	195	181	104	132	195	106	183	169	132	170	140	136	172	148	116	110	123	136	151	120	176	169	
188	136	122	142	100	175	164	159	112	100	167	164	135	191	132	181	104	123	142	156	108	117	193	182	116	147	156	185	
101	131	186	186	125	100	190	147	164	150	137	102	145	176	185	131	113	108	117	186	118	151	140	178	154	189	172	110	
164	164	196	105	136	110	100	186	153	151	183	193	111	157	144	123	188	142	110	163	105	190	166	187	170	171	186	126	
178	164	135	119	141	153	114	100	106	130	108	103	151	178	122	151	130	133	184	177	110	141	166	110	122	174	191	197	
171	148	183	196	188	136	147	194	100	167	100	146	168	129	128	142	172	118	174	147	105	158	156	160	120	106	119	136	
148	130	161	168	200	150	149	170	133	100	177	106	175	116	188	180	176	194	108	146	130	187	183	173	128	141	169	176	
127	196	174	105	133	163	117	192	200	123	100	171	175	140	183	115	104	186	128	153	151	175	100	146	191	117	132	197	
154	117	131	194	136	198	107	197	154	194	129	100	136	184	140	147	172	184	148	131	103	156	185	200	152	158	154	143	
149	145	108	117	165	155	189	149	132	125	125	164	100	140	199	142	101	144	163	185	117	191	200	143	113	165	102	154	
164	185	191	131	109	124	143	122	171	184	160	116	160	100	109	116	196	113	131	186	166	139	183	175	144	161	105	170	
142	199	180	168	168	115	156	178	172	112	117	160	101	191	100	147	177	177	199	158	172	188	164	175	180	168	154	195	
160	196	121	130	119	169	177	149	158	120	185	153	158	184	153	100	152	159	197	157	181	159	102	123	168	200	124	186	
124	145	140	160	196	187	112	170	128	124	196	128	199	104	123	148	100	149	114	112	117	135	105	132	138	180	198	156	
187	113	148	164	177	192	158	167	182	106	114	116	156	187	123	141	151	100	166	132	168	163	159	123	129	173	161	116	
178	126	146	128	158	183	190	116	126	192	172	152	137	169	101	103	186	134	100	184	199	137	130	160	148	113	140	150	
133	185	166	152	144	114	137	123	153	154	147	169	115	114	142	143	188	168	116	100	111	195	128	157	191	164	141	171	
106	151	187	184	192	182	195	190	195	170	149	197	183	134	128	119	183	132	101	189	100	129	151	163	147	166	104	177	
166	166	160	190	183	149	110	159	142	113	125	144	109	161	112	141	165	137	163	105	171	100	101	185	169	129	103	197	
190	122	146	177	107	160	134	134	144	117	200	115	100	117	136	198	195	141	170	172	149	199	100	106	150	116	118	145	
128	132	121	164	118	122	113	190	140	127	154	100	157	125	125	177	168	177	140	143	137	115	194	100	128	167	115	155	
186	186	104	149	184	146	130	178	180	172	109	148	187	156	120	132	162	171	152	109	153	131	150	172	100	155	124	184	
116	165	104	180	153	111	129	126	194	159	183	142	135	139	132	100	120	127	187	136	134	171	184	133	145	100	129	192	
200	132	108	124	144	128	114	109	181	131	168	146	198	195	146	176	102	139	160	159	196	197	182	185	176	171	100	146	
153	198	119	131	115	190	174	103	164	124	103	157	146	130	105	114	144	184	150	129	123	103	155	145	116	108	154	100	
DEPOTS_TO_LOCAL_TURN_MATRIX
178	126	146	128	158	183	190	116	126	192	172	152	137	169	101	103	186	134	100	184	199	137	130	160	148	113	140	150	
190	122	146	177	107	160	134	134	144	117	200	115	100	117	136	198	195	141	170	172	149	199	100	106	150	116	118	145	
128	132	121	164	118	122	113	190	140	127	154	100	157	125	125	177	168	177	140	143	137	115	194	100	128	167	115	155	
LOCAL_TO_DEPOT_TURN_MATRIX
122	174	154	172	142	117	110	184	174	108	128	148	163	131	199	197	114	166	100	116	101	163	170	140	152	187	160	150	
110	178	154	123	193	140	166	166	156	183	100	185	200	183	164	102	105	159	130	128	151	101	100	194	150	184	182	155	
172	168	179	136	182	178	187	110	160	173	146	200	143	175	175	123	132	123	160	157	163	185	106	100	172	133	185	145	

