INDEX_PROBLEM
1
PATIENTS
800
STRETCHERS
16
NUM_ROOM
28
NUM_DEPOT
3
NUM_PRIORITY
4
PRIORITY_LIST
0	1	2	3	4
PRIORITY_WEIGHT
0	1	10	18	30
PRIORITY_JOB
0	1	2	3	3	4	1	2	2	2	3	3	1	2	2	3	3	3	1	2	2	3	3	3	4	1	2	2	3	3	4	3	1	2	2	3	3	4	1	4	2	2	2	3	3	4	1	3	3	2	3	3	4	1	2	4	3	1	1	2	3	3	4	1	1	2	2	3	3	1	1	4	1	2	2	3	3	1	2	1	2	2	3	3	4	1	1	3	1	2	2	3	3	4	1	1	3	2	2	3	3	4	1	3	4	1	2	3	3	4	1	2	1	2	2	3	3	1	2	2	3	1	1	2	3	3	1	2	2	2	3	3	4	1	2	3	1	1	1	2	3	3	4	1	1	2	2	3	3	1	2	4	1	1	1	2	3	3	4	2	1	1	2	3	3	4	1	3	4	1	1	2	2	3	3	2	2	1	2	2	3	3	4	2	1	1	1	2	2	3	3	1	3	1	2	2	3	3	4	3	1	1	1	2	2	3	3	1	3	4	1	2	2	3	3	4	2	2	1	1	3	4	3	2	1	4	1	2	2	3	3	3	2	1	1	1	2	2	3	2	4	1	2	2	3	3	1	3	2	1	1	2	3	3	2	1	4	1	2	2	3	3	4	3	1	1	1	1	2	2	3	2	3	4	1	2	3	3	4	4	1	1	1	1	2	2	3	2	2	2	3	1	2	2	3	4	3	1	2	1	1	2	3	3	1	4	1	2	2	3	3	2	3	1	1	1	2	2	3	3	1	4	1	2	2	3	3	3	4	4	1	1	2	2	3	3	2	3	4	1	2	2	3	3	3	2	1	2	1	1	2	3	1	4	1	2	2	3	3	1	3	2	2	2	1	1	3	3	1	4	1	2	2	3	3	4	3	2	1	2	1	1	2	3	1	2	3	4	2	2	3	3	2	4	1	3	1	1	2	3	1	2	3	4	1	2	2	3	4	3	1	2	1	1	2	3	3	1	1	2	2	3	3	4	2	1	2	1	1	2	3	3	1	3	1	2	2	3	3	4	3	4	2	2	1	1	3	3	4	2	3	1	2	2	3	3	1	3	2	2	2	3	1	1	4	1	4	1	2	2	3	3	1	3	2	2	1	1	3	3	2	1	1	2	2	3	3	4	1	3	2	2	1	1	3	3	2	1	4	2	2	3	3	4	1	3	1	2	2	1	1	3	3	2	2	1	2	2	3	4	1	3	2	2	1	1	3	3	1	1	2	2	3	3	4	1	2	3	2	2	1	1	3	3	4	1	1	2	2	3	3	1	3	4	2	2	1	1	3	3	4	2	3	1	2	2	3	3	1	3	2	2	2	1	1	3	4	1	1	2	2	3	3	4	1	3	2	1	1	2	3	3	2	1	1	2	2	3	3	4	1	3	2	1	1	2	3	3	1	2	4	1	2	2	3	3	1	4	1	3	2	1	1	2	3	2	1	4	1	2	2	3	4	3	1	1	1	2	2	3	3	1	1	2	2	3	3	1	2	2	1	1	2	3	3	4	2	3	1	2	2	3	3	4	3	4	1	1	1	2	2	3	3	1	4	1	2	2	3	3	3	2	1	1	2	3	3	4	2	1	1	2	2	3	3	1	2	3	2	1	1	3	3	4	1	1	2	2	3	3	1	2	3	1	1	1	2	3	3	4	1	1	2	2	3	3	4	1	4	2	1	1	2	2	3	3	1	1	1	2	3	3	4	1	3	1	1	2	2	3	3	1	1	1	1	2	2	3	3	2	1	1	1	1	2	2	3	3	2	1	1	4	1	2	2	1	1	1	1	3	3	4	1	2	1	2	1	1	2	3	3	4	1	1	1	2	2	3	3	2	1
TIME_ASKED
0	28849	28898	28947	28996	29045	29094	29149	29198	29247	29296	29345	29394	29429	29458	29487	29516	29545	29574	29603	29632	29661	29690	29742	29784	29826	29868	29910	29952	29994	30029	30058	30087	30116	30145	30174	30203	30232	30261	30290	30329	30358	30387	30416	30445	30474	30503	30532	30561	30590	30621	30642	30663	30684	30705	30726	30747	30768	30789	30810	30831	30852	30873	30894	30949	30998	31047	31096	31145	31194	31227	31254	31281	31308	31335	31362	31389	31416	31443	31470	31497	31524	31548	31572	31596	31620	31644	31668	31692	31716	31740	31764	31788	31837	31874	31911	31948	31985	32022	32059	32096	32159	32218	32277	32336	32395	32419	32438	32457	32476	32495	32514	32533	32552	32571	32590	32609	32628	32647	32666	32685	32759	32818	32877	32936	32995	33027	33054	33081	33108	33135	33162	33189	33216	33243	33270	33297	33333	33366	33399	33432	33465	33498	33531	33564	33597	33616	33632	33648	33664	33680	33696	33712	33728	33744	33760	33776	33792	33808	33824	33840	33856	33872	33888	33933	33966	33999	34032	34065	34098	34131	34164	34197	34242	34284	34326	34368	34410	34452	34494	34533	34566	34599	34632	34665	34698	34731	34764	34797	34827	34854	34881	34908	34935	34962	34989	35016	35043	35070	35097	35137	35174	35211	35248	35285	35322	35359	35396	35433	35466	35499	35532	35565	35598	35631	35664	35697	35723	35746	35769	35792	35815	35838	35861	35884	35907	35930	35953	35976	35999	36023	36046	36069	36092	36115	36138	36161	36184	36207	36230	36253	36276	36299	36327	36354	36381	36408	36435	36462	36489	36516	36543	36570	36597	36619	36638	36657	36676	36695	36714	36733	36752	36771	36790	36809	36828	36847	36866	36885	36949	36998	37047	37096	37145	37194	37259	37318	37377	37436	37495	37549	37598	37647	37696	37745	37794	37827	37854	37881	37908	37935	37962	37989	38016	38043	38070	38097	38123	38146	38169	38192	38215	38238	38261	38284	38307	38330	38353	38376	38399	38419	38438	38457	38476	38495	38514	38533	38552	38571	38590	38609	38628	38647	38666	38685	38742	38784	38826	38868	38910	38952	38994	39029	39058	39087	39116	39145	39174	39203	39232	39261	39290	39349	39398	39447	39496	39545	39594	39633	39666	39699	39732	39765	39798	39831	39864	39897	39937	39974	40011	40048	40085	40122	40159	40196	40242	40284	40326	40368	40410	40452	40494	40542	40584	40626	40668	40710	40752	40794	40849	40898	40947	40996	41045	41094	41133	41166	41199	41232	41265	41298	41331	41364	41397	41423	41446	41469	41492	41515	41538	41561	41584	41607	41630	41653	41676	41699	41749	41798	41847	41896	41945	41994	42099	42198	42297	42342	42384	42426	42468	42510	42552	42594	42699	42798	42897	42923	42946	42969	42992	43015	43038	43061	43084	43107	43130	43153	43176	43199	43237	43274	43311	43348	43385	43422	43459	43496	43549	43598	43647	43696	43745	43794	43899	43998	44097	44159	44218	44277	44336	44395	44459	44518	44577	44636	44695	44799	44898	44997	45033	45066	45099	45132	45165	45198	45231	45264	45297	45337	45374	45411	45448	45485	45522	45559	45596	45637	45674	45711	45748	45785	45822	45859	45896	45959	46018	46077	46136	46195	46249	46298	46347	46396	46445	46494	46537	46574	46611	46648	46685	46722	46759	46796	46821	46842	46863	46884	46905	46926	46947	46968	46989	47010	47031	47052	47073	47094	47199	47298	47397	47437	47474	47511	47548	47585	47622	47659	47696	47737	47774	47811	47848	47885	47922	47959	47996	48049	48098	48147	48196	48245	48294	48324	48348	48372	48396	48420	48444	48468	48492	48516	48540	48564	48588	48627	48654	48681	48708	48735	48762	48789	48816	48843	48870	48897	48937	48974	49011	49048	49085	49122	49159	49196	49233	49266	49299	49332	49365	49398	49431	49464	49497	49537	49574	49611	49648	49685	49722	49759	49796	49827	49854	49881	49908	49935	49962	49989	50016	50043	50070	50097	50149	50198	50247	50296	50345	50394	50424	50448	50472	50496	50520	50544	50568	50592	50616	50640	50664	50688	50737	50774	50811	50848	50885	50922	50959	50996	51027	51054	51081	51108	51135	51162	51189	51216	51243	51270	51297	51324	51348	51372	51396	51420	51444	51468	51492	51516	51540	51564	51588	51637	51674	51711	51748	51785	51822	51859	51896	51933	51966	51999	52032	52065	52098	52131	52164	52197	52259	52318	52377	52436	52495	52517	52534	52551	52568	52585	52602	52619	52636	52653	52670	52687	52704	52721	52738	52755	52772	52789	52859	52918	52977	53036	53095	53137	53174	53211	53248	53285	53322	53359	53396	53459	53518	53577	53636	53695	53733	53766	53799	53832	53865	53898	53931	53964	53997	54027	54054	54081	54108	54135	54162	54189	54216	54243	54270	54297	54374	54448	54522	54596	54627	54654	54681	54708	54735	54762	54789	54816	54843	54870	54897	55049	55198	55237	55274	55311	55348	55385	55422	55459	55496	55574	55648	55722	55796	55827	55854	55881	55908	55935	55962	55989	56016	56043	56070	56097	56399	56499	56598	56697	56733	56766	56799	56832	56865	56898	56931	56964	56997	57049	57098	57147	57196	57245	57294	57359	57418	57477	57536	57595
ORIGIN
26	16	6	27	19	7	11	25	25	14	23	10	2	23	14	11	23	14	3	23	4	16	14	14	14	14	16	7	27	20	14	23	23	9	1	23	11	14	2	13	26	27	2	3	24	14	4	14	8	6	27	18	7	27	20	8	18	14	17	2	23	12	2	26	14	18	23	14	4	24	16	1	1	16	1	27	19	8	3	9	9	1	23	11	2	23	14	14	27	14	27	14	14	4	1	7	7	27	18	7	27	20	14	1	1	17	17	2	12	2	14	14	27	27	14	4	24	15	4	23	16	23	27	26	3	26	23	14	23	8	10	2	23	12	2	16	14	26	14	14	27	15	16	8	8	2	23	27	20	8	1	23	13	23	2	27	20	2	13	14	14	14	6	24	15	4	26	16	1	18	20	26	14	2	8	26	14	14	3	23	12	2	23	27	1	14	14	14	14	27	14	14	14	1	1	20	8	27	23	14	14	27	27	2	14	14	14	27	14	27	18	14	4	26	16	1	14	1	1	14	17	14	1	14	14	14	14	12	2	23	14	3	23	26	14	27	11	14	14	23	3	23	14	8	27	23	9	1	14	14	14	14	14	14	16	10	10	1	27	7	26	16	1	26	16	1	2	27	26	14	3	14	10	14	3	14	23	13	3	23	10	4	26	11	14	1	1	14	3	14	3	2	23	8	1	22	22	5	5	1	5	2	27	14	14	25	14	27	16	5	26	26	7	1	23	18	3	14	14	3	3	20	1	14	13	2	23	5	3	14	1	23	1	7	14	3	3	14	2	12	8	1	23	10	2	14	20	14	26	14	14	19	19	14	14	8	5	26	26	7	19	4	14	2	1	2	3	14	14	14	14	4	2	23	23	3	20	20	1	14	23	4	1	14	14	14	11	2	1	23	10	1	23	12	10	11	14	14	27	14	14	4	14	14	26	16	6	10	14	26	2	14	14	14	14	20	20	22	25	16	23	14	3	27	14	7	7	14	14	3	14	14	7	2	14	2	23	10	1	27	24	20	27	14	14	27	14	27	14	11	14	14	16	6	27	19	7	23	23	14	17	3	14	17	26	20	4	3	14	3	23	14	27	27	14	14	1	25	14	23	26	27	2	27	9	26	23	11	2	20	27	27	27	14	18	24	2	7	2	8	5	27	18	7	27	12	4	14	17	17	2	23	23	27	27	27	3	23	14	4	26	14	25	26	25	14	4	19	2	2	4	12	1	23	11	2	14	4	23	23	14	14	15	15	14	7	2	14	26	17	7	27	14	3	27	14	14	2	20	20	2	11	14	26	23	14	4	24	15	27	14	23	14	3	26	14	27	2	27	1	23	10	2	23	27	27	11	14	27	15	14	14	2	14	13	26	16	7	27	20	2	23	4	3	9	20	11	2	8	26	16	23	14	3	24	14	4	14	1	3	3	26	14	14	2	2	1	23	10	2	23	12	14	23	14	27	14	14	27	27	23	23	14	14	7	27	19	2	3	7	3	16	20	11	2	14	27	27	23	14	3	24	14	4	14	27	1	1	26	7	27	14	14	4	26	10	1	23	12	2	23	10	27	14	14	27	24	1	27	23	16	6	27	19	7	27	22	23	25	20	20	2	23	26	26	11	14	3	23	14	20	8	23	23	26	14	7	27	20	4	4	2	9	1	23	11	2	23	4	2	14	14	27	24	15	14	1	14	6	27	18	7	27	14	8	17	2	10	2	23	12	15	27	14	3	23	14	4	27	12	3	12	25	7	27	20	14	14	27	9	1	23	11	2	14	4	27	14	14	3	24	14	1	7	14	5	27	18	7	27	20	8	1	2	17	1	23	12	2	14	14
DESTINATION
3	14	17	2	22	23	12	14	14	3	27	14	14	27	16	12	1	25	14	4	14	14	9	9	1	9	16	20	2	14	4	27	27	14	14	27	15	5	27	7	3	18	27	14	2	26	14	1	14	17	2	27	20	2	14	14	27	16	6	14	27	11	14	23	25	27	3	26	14	2	14	14	23	14	23	2	22	14	26	14	14	14	27	15	14	27	20	8	23	8	23	1	26	14	23	13	13	2	27	20	2	14	4	14	14	6	6	27	11	14	20	8	18	18	26	14	2	14	14	26	14	26	18	14	23	14	27	1	1	14	14	14	27	11	14	14	9	3	1	1	23	11	14	14	14	27	27	2	14	14	14	27	7	1	27	18	7	27	7	1	1	1	17	2	14	14	3	14	14	27	14	14	4	24	14	23	16	10	14	27	11	14	1	23	23	8	10	2	2	23	2	16	16	14	14	14	14	2	27	16	8	2	23	27	20	8	1	23	10	2	27	26	14	3	14	14	10	14	14	4	6	15	14	16	1	1	26	11	14	1	25	14	3	3	3	23	12	2	2	27	14	1	5	14	2	27	14	14	25	1	1	20	8	8	14	14	14	23	18	20	3	14	14	3	14	14	27	18	14	4	26	1	14	1	23	1	1	7	14	3	14	14	14	12	2	23	23	3	23	5	14	14	26	14	14	19	19	14	14	23	14	27	23	1	1	14	1	2	14	14	3	14	20	14	1	27	26	16	16	26	26	7	23	4	7	14	1	14	14	10	14	3	23	13	3	23	23	4	27	11	14	14	27	14	14	4	14	2	23	8	8	22	22	2	5	14	14	3	14	20	22	14	25	27	14	27	26	26	26	1	1	14	14	1	3	14	7	7	14	5	1	14	23	5	5	3	20	14	14	27	14	14	27	11	14	12	8	1	23	10	2	14	20	20	3	14	17	14	26	23	14	8	8	5	26	7	7	19	14	14	1	25	14	23	26	20	20	4	2	23	3	3	20	27	1	27	27	14	14	18	2	7	2	1	1	23	10	23	1	12	4	3	14	17	2	22	23	27	27	16	6	26	16	6	14	14	14	26	25	14	4	26	2	2	4	16	23	14	3	27	14	2	14	23	14	14	27	15	14	7	2	2	23	10	27	1	24	20	27	14	14	2	27	20	2	11	14	16	6	6	27	7	7	23	23	23	14	3	26	14	3	2	14	3	14	3	23	22	27	27	14	11	14	27	15	14	2	14	27	27	9	26	11	11	2	20	27	4	3	9	20	2	8	26	2	16	5	27	7	7	27	12	1	3	3	26	14	2	14	2	1	27	3	23	14	4	23	14	23	14	27	14	14	27	2	23	12	1	23	11	26	2	14	4	7	3	16	20	2	14	14	27	14	26	17	7	15	27	14	3	14	1	26	14	2	26	14	4	14	26	23	14	4	15	27	27	14	27	14	14	27	11	1	27	1	23	10	10	23	23	27	27	25	20	20	2	22	14	26	13	26	16	7	15	27	20	23	23	27	26	14	1	26	14	4	2	23	23	14	20	2	4	4	14	3	14	14	27	11	14	1	14	23	2	10	23	2	14	23	26	14	17	2	22	23	2	19	27	14	14	7	14	27	3	3	12	25	14	5	26	14	14	27	27	14	3	20	2	14	14	14	14	14	14	27	20	14	1	14	27	10	1	23	2	14	2	23	10	17	2	27	23	2	16	14	6	27	14	14	27	11	14	23	25	14	4	26	14	23	11	26	11	14	20	2	14	4	8	23	14	14	27	15	14	20	14	23	2	9	14	1	26	23	13	4	14	2	27	20	2	14	14	14	27	6	14	27	11	14	8	8
DUE_DATE
0	31147	30476	30045	30094	29603	31392	30727	30776	30825	30394	30443	31692	31007	31036	30585	30614	30643	31872	31181	31210	30759	30788	30840	30342	32124	31446	31488	31050	31092	30587	31156	32385	31694	31723	31272	31301	30790	32559	30848	31907	31936	31965	31514	31543	31032	32801	31630	31659	32168	31719	31740	31221	32982	32283	31284	31845	33066	33087	32388	31929	31950	31431	33192	33247	32576	32625	32194	32243	33492	33525	31812	33579	32886	32913	32460	32487	33714	33021	33768	33075	33102	32646	32670	32154	33918	33942	32766	33990	33294	33318	32862	32886	32395	34172	34209	33046	33563	33600	33157	33194	32717	34516	33375	32894	34693	33997	33536	33555	33034	34793	34092	34831	34130	34149	33688	33707	34926	34225	34244	33783	35057	35116	34455	34034	34093	35325	34632	34659	34686	34233	34260	33747	35514	34821	34368	35595	35631	35664	34977	34530	34563	34056	35829	35862	35175	35194	34730	34746	35962	35258	34254	36010	36026	36042	35338	34874	34890	34366	35402	36138	36154	35450	34986	35031	34524	36297	35130	34623	36396	36429	35742	35775	35340	35382	35904	35946	36708	36030	36072	35631	35664	35157	36210	36963	36996	37029	36342	36375	35925	35952	37179	36006	37233	36540	36567	36114	36141	35628	36195	37435	37472	37509	36826	36863	36420	36457	37694	36531	36024	37797	37110	37143	36696	36729	36222	37275	37301	38044	38067	36890	36373	36936	37439	38182	36465	38228	37531	37554	37097	37121	37144	37647	38390	38413	38436	37739	37762	37305	37808	36811	38574	37877	37905	37452	37479	38706	37533	38040	38787	38814	38121	37668	37695	38197	38936	37215	38974	38273	38292	37831	37850	37329	37888	39107	39126	39145	39164	38463	38527	38096	38625	38194	37703	39492	38837	38416	38475	37994	38053	39847	39896	39945	39994	39323	39372	38925	39432	39459	39486	39033	40260	39567	39594	39141	38628	39195	40421	39724	40467	40490	39793	39336	39359	40582	38865	40628	39931	39954	39497	39517	40016	39555	40774	40793	40812	40111	40130	39669	39688	40907	39186	40945	40244	40263	39840	39882	39924	39426	39468	41250	41292	40607	40636	40185	40214	40723	40272	39761	41530	40839	40868	40447	40496	40545	41074	41843	41172	41931	41964	41277	40830	42063	40356	42129	41442	41475	41035	41072	42309	41146	41663	41700	41737	42494	42540	41382	41424	42666	40968	42750	42072	42120	41682	41724	41226	41808	42330	43092	42427	43196	43245	42574	42143	43392	42711	42264	41757	42810	42843	42396	42429	42942	41955	43721	42544	43767	43790	43093	42636	43859	43162	42705	42188	43951	43254	43277	42847	42356	42945	44194	43523	44292	44397	43776	43395	43440	44682	44724	44046	44088	43650	43692	43257	44376	45195	44501	45244	45267	44570	44113	44136	45359	44182	45405	44708	44731	44274	44297	43795	44372	43869	44926	44963	45720	45757	44594	44647	44156	45225	44794	46043	45372	45477	45096	45195	46457	45316	45855	45914	45973	45557	46816	46875	45194	46993	45357	47196	46575	46611	46164	46197	47430	46263	46776	46809	47562	47595	46435	46472	46989	47746	47783	47100	47137	46694	46735	46232	48009	46846	47363	47400	48157	48194	47057	47116	47655	48434	46753	47827	47876	47445	47494	47003	48792	47635	48872	48189	48226	48983	49020	47857	47894	48399	48420	49161	48462	48483	48024	47505	49266	48087	48588	48609	49350	49371	48192	48297	49596	49695	49015	49052	48609	48646	48143	49920	49237	48794	49315	49352	50109	50146	48983	49020	48517	50294	50347	49676	49725	49294	49343	50592	49422	48906	49950	49974	50718	50742	49566	49590	49074	50118	49662	50886	50205	50232	49779	49806	51033	49860	50367	50394	50421	51168	51195	50035	49532	51309	51346	50663	50700	50257	50294	49791	51564	50397	50910	51663	51696	51009	50562	50595	51115	51872	51909	51226	51263	50820	50857	50354	52125	50952	51459	52206	52233	51540	51087	51114	52341	51648	50655	52447	51776	51825	51394	51443	52692	50982	52746	51570	52074	52818	52842	52146	51690	52194	52938	51222	52986	52315	52352	51909	51406	51983	53220	53257	53294	52605	52632	52179	52206	53433	53460	52767	52794	52341	52368	53595	52902	52926	53670	53694	52998	52542	52566	52050	53094	52638	53862	53166	53215	52772	52809	52306	52883	52380	54157	54194	54231	53544	53577	53130	53163	54396	52689	54462	53775	53837	53416	53475	53534	54073	54815	54832	54129	53666	53683	53160	54197	54934	54951	54248	54265	53802	53819	55036	54333	53870	54367	55157	55216	54075	54134	53653	55435	55472	54789	54826	54383	54420	55657	54974	54557	55816	55875	55934	55273	54831	54864	54357	56130	56163	55476	55509	55062	55095	54585	56352	54639	55686	56433	56460	55767	55794	55341	55368	56595	56672	56746	56100	55694	55725	55212	56979	55806	57033	57060	56367	56394	55941	55968	57195	57347	57496	57535	56852	56889	56446	56483	57000	57757	57794	57872	57946	57300	57374	56925	56952	57459	58206	58233	56520	58287	57594	57621	58368	58395	58697	58797	57696	57795	57291	59064	58377	59130	58443	59196	59229	58542	58095	58147	57656	59445	59494	59543	58872	58937	58516	58575	59114	59893
TRANSPORT_MODE
0	2	2	1	1	1	1	2	0	2	1	1	1	1	2	0	2	1	1	1	1	1	2	0	2	1	1	1	1	2	0	0	2	1	1	1	1	1	2	0	0	2	1	1	1	1	2	0	0	1	1	1	1	1	1	0	0	3	3	1	1	1	1	2	0	2	1	1	1	1	3	0	3	1	1	1	1	1	2	0	0	2	1	1	1	1	3	0	3	1	1	1	1	1	2	0	0	2	1	1	1	1	3	0	0	1	1	1	1	1	2	0	0	2	1	1	1	1	1	0	0	3	3	1	1	1	1	0	2	2	1	1	1	1	1	0	0	3	3	1	1	1	1	0	2	2	1	1	1	1	1	0	0	3	3	1	1	1	1	0	0	2	1	1	1	1	1	0	0	3	3	1	1	1	1	0	0	1	2	2	1	1	1	0	3	3	1	1	1	1	1	0	0	2	2	1	1	1	1	0	3	3	1	1	1	1	1	0	0	2	2	1	1	1	1	0	0	1	3	1	1	1	1	0	0	1	2	2	1	1	1	0	0	1	3	3	1	1	1	0	1	2	2	1	1	1	1	0	1	3	3	1	1	1	0	0	1	2	2	1	1	1	1	0	0	1	3	3	1	1	1	0	1	2	2	1	1	1	1	0	0	1	3	3	1	1	1	0	0	0	1	1	2	2	1	1	0	1	1	3	3	1	1	1	0	1	2	2	1	1	1	0	0	1	3	3	1	1	1	1	0	1	2	2	1	1	1	0	0	1	3	3	1	1	1	1	0	0	1	1	2	2	1	1	0	0	1	1	3	3	1	1	0	1	1	2	2	1	1	1	0	0	1	1	3	3	1	1	0	1	1	2	2	1	1	1	0	0	1	1	3	3	1	1	0	0	1	1	2	2	1	1	1	0	1	1	3	3	1	1	0	0	0	1	1	2	2	1	1	0	1	1	3	3	1	1	1	0	1	1	2	2	1	1	0	1	1	3	3	1	1	1	0	0	1	1	2	2	1	1	0	0	1	1	3	3	1	1	1	0	0	1	1	2	2	1	1	0	0	1	1	1	3	3	1	0	1	1	2	2	1	1	1	0	1	1	3	3	1	1	0	0	1	1	2	2	1	1	1	0	1	1	3	3	1	1	0	0	1	1	2	2	1	1	1	0	0	1	1	3	3	1	1	0	0	1	1	2	2	1	1	0	1	1	3	3	1	1	1	0	1	1	2	2	1	1	0	0	1	1	3	3	1	1	1	0	1	1	2	2	1	1	0	0	1	1	3	3	1	1	1	0	0	1	1	2	2	1	1	0	0	1	1	3	3	1	1	0	1	1	2	2	1	1	1	0	1	3	3	1	1	1	0	0	1	2	2	1	1	1	1	0	1	3	3	1	1	1	0	0	1	2	2	1	1	1	1	0	0	1	1	3	3	1	1	0	0	1	1	2	1	1	1	0	1	3	3	1	1	1	1	0	1	2	2	1	1	1	0	1	3	3	1	1	1	1	0	0	1	2	2	1	1	1	0	0	1	3	3	1	1	1	1	0	1	2	2	1	1	1	0	0	1	3	1	1	1	1	0	0	1	2	2	1	1	1	1	0	1	3	3	1	1	1	0	2	2	1	1	1	1	1	0	0	3	3	1	1	1	1	0	2	2	1	1	1	1	1	0	0	3	3	1	1	1	1	0	0	1	2	1	1	1	1	0	3	3	1	1	1	1	1	0	3	3	1	1	1	1	0	0	3	3	1	1	1	1	1	0	3	3	1	1	1	1	0	0	3	3	1	1	1	1	1	0	0	3	3	1	1	1	1	0	3	1	1	1	1	1	0	0
PATIENT_WEIGHT
53	108	134	135	117	67	92	126	58	145	60	66	78	56	117	89	90	102	39	74	33	82	150	38	48	80	123	97	120	51	134	86	116	126	124	92	138	101	94	100	146	129	144	41	131	89	67	84	38	139	92	136	113	111	80	32	106	47	91	81	99	76	32	67	50	35	30	31	49	98	126	138	41	117	126	46	74	117	149	80	94	143	95	57	113	78	106	110	46	40	97	114	92	37	71	146	102	92	127	141	79	73	77	77	84	45	139	116	75	127	41	84	46	68	80	46	63	79	39	115	52	61	76	50	99	32	74	149	56	69	145	94	39	146	71	115	121	113	103	134	115	149	105	102	140	107	111	104	132	68	52	84	100	105	72	122	41	68	42	98	94	82	133	109	99	132	72	110	125	105	60	65	50	133	89	150	109	146	101	134	46	90	90	150	58	116	56	107	117	117	81	69	42	113	51	122	83	102	50	112	121	76	65	143	58	47	35	74	61	60	107	129	80	101	63	108	91	83	51	102	106	101	130	145	64	40	46	71	65	51	141	68	139	41	31	124	39	64	67	80	55	78	132	150	138	110	101	63	149	144	75	130	136	101	84	100	46	139	88	35	52	45	43	67	99	110	69	121	115	93	30	114	96	83	35	53	110	116	36	97	129	100	92	70	89	71	66	78	68	89	45	93	56	137	148	138	89	88	127	39	33	38	60	105	132	59	97	34	42	82	150	135	67	47	127	125	38	49	133	130	102	48	102	140	70	85	58	42	144	44	52	110	39	59	109	102	148	98	107	138	119	120	103	95	136	58	63	33	43	75	70	34	32	123	133	88	119	64	117	72	57	70	105	55	33	94	110	99	104	46	81	73	106	69	100	86	40	62	82	111	48	36	40	129	114	96	31	130	144	40	41	85	65	79	78	124	150	34	97	113	86	137	84	46	77	57	106	88	101	73	54	82	127	105	58	91	98	42	101	66	31	54	99	98	120	92	129	140	144	89	136	50	118	79	30	94	111	149	32	144	121	58	143	31	82	136	34	75	99	133	106	124	86	60	149	50	64	41	90	139	74	39	31	114	121	133	136	144	143	82	42	115	37	81	136	147	101	146	30	64	98	147	58	84	52	38	114	108	98	109	66	70	121	85	130	131	103	140	130	109	150	127	74	72	109	79	72	127	37	126	66	88	68	40	71	79	123	101	141	104	150	47	72	79	100	83	142	136	145	110	110	84	95	78	69	108	74	142	37	70	114	98	103	34	30	119	95	144	67	68	127	58	55	60	80	136	67	54	37	115	54	113	91	89	98	147	100	116	47	144	64	101	105	63	91	121	38	40	63	57	103	72	102	136	149	107	63	122	145	93	126	47	39	63	127	136	80	42	102	133	136	63	145	78	111	74	84	134	131	144	83	45	132	44	43	145	35	41	98	57	98	42	112	65	61	137	80	125	78	61	83	148	147	54	145	62	76	67	35	131	144	59	121	43	91	72	42	58	70	50	99	67	86	53	103	72	145	74	37	65	147	54	71	41	143	67	45	44	120	54	83	50	59	141	39	35	97	104	68	99	97	56	77	75	135	66	132	137	82	135	113	100	47	67	71	129	79	49	73	110	96	121	54	65	124	111	77	103	122	64	59	132	38	114	116	107	56	127	84	126	101	87	140	138	146	112	42	46	93	49	128	93	83	114	83	95	84	72	99	33	56	144	109	46	107	95	119	86	136	99	120	74	30	126	96	75	111	107	87	91	74	30	100	119	141	101	35	39	30	66	127	55	35	138	139	34	42	130	133	62	139	48	107	105	99	68	44	83	38	115	68	145	92	75	122	147	56	112	132	37	124
DISTANCE_MATRIX
0	360	318	300	288	276	264	264	150	150	150	60	90	90	162	168	204	228	234	312	360	408	348	318	168	192	168	318
360	60	264	318	324	342	342	342	348	348	354	360	372	378	378	420	420	480	462	498	462	462	384	420	372	420	378	378
318	264	60	270	276	288	288	288	294	294	294	318	318	324	324	414	414	468	462	486	462	462	330	366	366	408	372	324
300	318	270	60	276	288	288	288	288	288	288	300	300	312	318	408	408	468	462	486	438	438	318	360	360	402	360	312
288	324	276	276	60	276	276	276	276	276	276	288	288	300	300	402	396	462	456	480	432	432	300	360	360	402	348	300
276	342	288	288	276	60	180	180	252	258	264	264	264	288	288	390	390	456	450	480	432	432	288	348	348	348	288	288
264	342	288	288	276	180	60	180	246	258	264	264	264	288	288	390	390	456	450	480	432	432	288	348	348	348	288	288
264	342	288	288	276	180	180	60	240	258	264	264	264	288	288	390	390	456	450	480	432	432	288	348	348	348	288	288
150	348	294	288	276	252	246	240	60	120	120	150	126	270	270	378	384	420	438	480	420	408	276	300	300	300	276	270
150	348	294	288	276	258	258	258	120	60	120	150	150	270	270	378	384	420	438	480	420	408	276	300	300	300	276	270
150	354	294	288	276	264	264	264	120	120	60	150	150	270	270	378	384	420	438	480	420	408	276	300	300	300	276	270
60	360	318	300	288	264	264	264	150	150	150	60	90	162	168	228	234	312	360	408	348	318	168	192	192	198	168	162
90	372	318	300	288	264	264	264	150	150	150	90	60	162	168	228	234	312	360	408	348	318	168	192	192	198	168	162
90	378	324	312	300	288	288	288	270	270	270	162	162	60	120	180	180	306	210	360	300	300	120	180	120	180	120	234
162	378	324	318	300	288	288	288	270	270	270	168	168	120	60	180	180	306	210	360	300	300	120	180	120	180	120	120
168	420	414	408	402	348	348	348	300	300	300	228	228	180	180	60	132	204	132	348	258	258	186	60	180	132	222	180
204	420	414	408	396	390	390	390	384	384	384	234	234	180	180	132	60	204	132	348	258	258	186	60	180	132	222	180
228	480	468	468	462	456	456	456	420	420	420	312	312	306	306	204	204	60	198	120	240	240	306	204	306	138	306	306
234	462	462	462	456	450	450	450	438	438	438	360	360	210	210	132	132	198	60	138	132	132	210	132	210	132	210	210
312	498	486	486	480	480	480	480	480	480	480	408	408	360	360	348	348	120	138	60	348	348	360	348	360	348	360	360
360	462	462	438	432	432	432	432	420	420	420	348	348	300	300	258	258	240	132	348	60	60	300	258	300	258	300	300
408	462	462	438	432	432	432	432	408	408	408	318	318	300	300	258	258	240	132	348	60	60	300	258	300	258	300	300
348	384	330	318	300	288	288	288	276	276	276	168	168	120	120	186	186	306	210	360	300	300	60	186	120	186	120	120
318	420	366	360	360	348	348	348	300	300	300	192	192	180	180	60	60	204	132	348	258	258	186	60	180	60	180	180
168	372	300	306	300	288	288	288	270	270	270	168	168	120	120	180	180	306	210	360	300	300	120	180	60	180	120	120
192	420	408	402	402	348	348	348	300	300	300	198	198	180	180	132	132	138	132	348	258	258	186	60	180	60	180	180
168	378	372	360	348	288	288	288	276	276	276	168	168	120	120	222	222	306	210	360	300	300	120	180	120	180	60	120
318	378	324	312	300	288	288	288	270	270	270	162	162	234	120	180	180	306	210	360	300	300	120	180	120	180	120	60
DEPOTS_DISTANCE
234	462	462	462	456	450	450	450	438	438	438	360	360	210	210	132	132	198	60	138	132	132	210	132	210	132	210	210	
348	384	330	318	300	288	288	288	276	276	276	168	168	120	120	186	186	306	210	360	300	300	60	186	120	186	120	120	
318	420	366	360	360	348	348	348	300	300	300	192	192	180	180	60	60	204	132	348	258	258	186	60	180	60	180	180	
LOCATION_TURN_MATRIX
100	130	122	113	112	199	136	122	129	152	173	146	151	136	158	140	176	113	122	167	194	134	110	172	114	184	100	147	
170	100	154	188	164	169	136	136	152	170	104	183	155	115	101	104	155	187	174	115	149	134	178	168	114	135	168	102	
178	146	100	161	178	114	104	165	117	139	126	169	192	109	120	179	160	152	154	134	113	140	154	179	196	196	192	181	
187	112	139	100	158	114	195	181	104	132	195	106	183	169	132	170	140	136	172	148	116	110	123	136	151	120	176	169	
188	136	122	142	100	175	164	159	112	100	167	164	135	191	132	181	104	123	142	156	108	117	193	182	116	147	156	185	
101	131	186	186	125	100	190	147	164	150	137	102	145	176	185	131	113	108	117	186	118	151	140	178	154	189	172	110	
164	164	196	105	136	110	100	186	153	151	183	193	111	157	144	123	188	142	110	163	105	190	166	187	170	171	186	126	
178	164	135	119	141	153	114	100	106	130	108	103	151	178	122	151	130	133	184	177	110	141	166	110	122	174	191	197	
171	148	183	196	188	136	147	194	100	167	100	146	168	129	128	142	172	118	174	147	105	158	156	160	120	106	119	136	
148	130	161	168	200	150	149	170	133	100	177	106	175	116	188	180	176	194	108	146	130	187	183	173	128	141	169	176	
127	196	174	105	133	163	117	192	200	123	100	171	175	140	183	115	104	186	128	153	151	175	100	146	191	117	132	197	
154	117	131	194	136	198	107	197	154	194	129	100	136	184	140	147	172	184	148	131	103	156	185	200	152	158	154	143	
149	145	108	117	165	155	189	149	132	125	125	164	100	140	199	142	101	144	163	185	117	191	200	143	113	165	102	154	
164	185	191	131	109	124	143	122	171	184	160	116	160	100	109	116	196	113	131	186	166	139	183	175	144	161	105	170	
142	199	180	168	168	115	156	178	172	112	117	160	101	191	100	147	177	177	199	158	172	188	164	175	180	168	154	195	
160	196	121	130	119	169	177	149	158	120	185	153	158	184	153	100	152	159	197	157	181	159	102	123	168	200	124	186	
124	145	140	160	196	187	112	170	128	124	196	128	199	104	123	148	100	149	114	112	117	135	105	132	138	180	198	156	
187	113	148	164	177	192	158	167	182	106	114	116	156	187	123	141	151	100	166	132	168	163	159	123	129	173	161	116	
178	126	146	128	158	183	190	116	126	192	172	152	137	169	101	103	186	134	100	184	199	137	130	160	148	113	140	150	
133	185	166	152	144	114	137	123	153	154	147	169	115	114	142	143	188	168	116	100	111	195	128	157	191	164	141	171	
106	151	187	184	192	182	195	190	195	170	149	197	183	134	128	119	183	132	101	189	100	129	151	163	147	166	104	177	
166	166	160	190	183	149	110	159	142	113	125	144	109	161	112	141	165	137	163	105	171	100	101	185	169	129	103	197	
190	122	146	177	107	160	134	134	144	117	200	115	100	117	136	198	195	141	170	172	149	199	100	106	150	116	118	145	
128	132	121	164	118	122	113	190	140	127	154	100	157	125	125	177	168	177	140	143	137	115	194	100	128	167	115	155	
186	186	104	149	184	146	130	178	180	172	109	148	187	156	120	132	162	171	152	109	153	131	150	172	100	155	124	184	
116	165	104	180	153	111	129	126	194	159	183	142	135	139	132	100	120	127	187	136	134	171	184	133	145	100	129	192	
200	132	108	124	144	128	114	109	181	131	168	146	198	195	146	176	102	139	160	159	196	197	182	185	176	171	100	146	
153	198	119	131	115	190	174	103	164	124	103	157	146	130	105	114	144	184	150	129	123	103	155	145	116	108	154	100	
DEPOTS_TO_LOCAL_TURN_MATRIX
178	126	146	128	158	183	190	116	126	192	172	152	137	169	101	103	186	134	100	184	199	137	130	160	148	113	140	150	
190	122	146	177	107	160	134	134	144	117	200	115	100	117	136	198	195	141	170	172	149	199	100	106	150	116	118	145	
128	132	121	164	118	122	113	190	140	127	154	100	157	125	125	177	168	177	140	143	137	115	194	100	128	167	115	155	
LOCAL_TO_DEPOT_TURN_MATRIX
122	174	154	172	142	117	110	184	174	108	128	148	163	131	199	197	114	166	100	116	101	163	170	140	152	187	160	150	
110	178	154	123	193	140	166	166	156	183	100	185	200	183	164	102	105	159	130	128	151	101	100	194	150	184	182	155	
172	168	179	136	182	178	187	110	160	173	146	200	143	175	175	123	132	123	160	157	163	185	106	100	172	133	185	145	

