INDEX_PROBLEM
1
PATIENTS
800
STRETCHERS
16
NUM_ROOM
28
NUM_DEPOT
3
NUM_PRIORITY
4
PRIORITY_LIST
0	1	2	3	4
PRIORITY_WEIGHT
0	1	10	18	30
PRIORITY_JOB
0	1	2	2	3	3	2	3	2	3	3	1	2	2	3	3	3	4	1	2	3	3	2	4	4	1	2	2	3	3	4	3	3	1	2	2	3	3	2	3	4	2	3	3	4	1	2	2	4	2	3	3	4	2	2	3	3	1	1	3	1	2	2	1	1	3	3	4	1	2	3	3	3	1	1	1	2	2	3	1	2	3	4	1	2	2	3	3	3	1	1	1	2	2	3	1	2	4	3	4	4	1	2	2	2	1	1	1	3	3	2	2	1	3	3	3	4	1	2	2	4	3	3	1	1	1	3	1	2	1	3	3	4	1	2	2	3	2	1	1	1	3	3	4	1	2	2	2	3	3	2	2	4	3	3	1	1	3	4	1	2	1	2	2	3	3	2	2	3	3	3	1	1	4	1	2	2	1	2	3	3	2	1	3	4	3	1	1	3	1	2	2	1	2	3	3	4	1	2	2	3	4	1	1	1	4	2	2	2	1	2	3	3	4	1	2	2	3	3	1	1	1	3	4	2	2	2	2	3	3	1	2	2	3	3	1	1	1	3	4	1	1	2	3	3	1	2	2	3	4	3	1	1	1	3	4	1	1	2	2	3	4	2	2	2	3	2	3	1	1	3	4	1	2	2	2	3	3	4	2	2	4	2	3	1	1	3	1	2	1	2	2	3	3	4	2	2	3	1	1	3	1	2	2	1	3	3	3	4	1	2	2	3	3	1	1	1	1	4	2	2	2	2	3	3	4	1	2	2	3	3	1	1	1	3	4	2	1	3	2	3	3	1	2	2	2	4	3	1	1	1	3	4	2	2	3	3	1	2	2	3	1	1	1	1	3	3	4	1	2	3	2	2	3	4	2	2	3	3	3	1	1	3	4	1	1	2	2	3	3	2	4	2	2	2	1	1	3	3	1	2	1	2	3	3	2	2	3	2	3	1	1	4	1	2	2	1	4	3	3	4	1	2	2	3	3	1	1	1	4	2	2	1	2	2	3	3	4	1	2	2	3	1	1	1	3	3	2	2	1	1	3	3	4	1	2	2	3	1	1	1	3	3	2	2	2	3	3	4	1	2	2	3	2	1	1	1	3	3	1	2	1	2	3	4	2	2	3	3	3	1	1	3	4	1	2	2	3	2	3	3	4	2	2	4	2	1	1	3	3	1	2	1	2	2	3	3	4	2	2	3	3	1	1	3	1	2	2	1	1	3	3	4	1	2	2	1	3	1	1	3	4	2	2	2	1	3	3	4	1	2	2	3	1	1	1	3	3	2	2	1	1	2	3	3	1	2	2	3	3	1	1	1	3	4	2	2	2	3	3	1	3	2	3	2	1	1	1	2	3	4	1	1	2	2	3	4	2	2	3	3	1	1	3	3	4	1	2	3	2	2	3	3	2	2	4	2	3	1	1	3	4	1	1	1	2	2	3	3	2	2	3	1	1	3	4	1	2	2	4	2	3	3	1	2	3	3	3	1	1	4	2	2	3	1	1	3	4	1	2	2	3	3	3	2	1	1	1	2	2	3	1	1	3	4	1	2	2	3	3	2	3	1	1	1	2	2	3	1	3	4	1	2	2	3	4	1	1	1	3	1	2	3	2	3	4	1	2	2	3	3	3	3	1	1	1	3	4	1	2	1	2	3	3	2	2	3	2	4	3	1	1	4	1	2	1	2	2	3	3	2	2	3	3	3	1	1	4	1	2	2	1	1	1	1	3	3	1	1	1	1	2	3	3	4	1	2	1	1	1	1	1	2	2	3	3	1	1	1	1	4	1	2	2	1	1	1	2	3	3	2	1	2	1	1	1	2	3	3	4	1
TIME_ASKED
0	28849	28898	28947	28996	29045	29094	29149	29198	29247	29296	29345	29394	29429	29458	29487	29516	29545	29574	29603	29632	29661	29690	29742	29784	29826	29868	29910	29952	29994	30029	30058	30087	30116	30145	30174	30203	30232	30261	30290	30329	30358	30387	30416	30445	30474	30503	30532	30561	30590	30621	30642	30663	30684	30705	30726	30747	30768	30789	30810	30831	30852	30873	30894	30949	30998	31047	31096	31145	31194	31227	31254	31281	31308	31335	31362	31389	31416	31443	31470	31497	31524	31548	31572	31596	31620	31644	31668	31692	31716	31740	31764	31788	31837	31874	31911	31948	31985	32022	32059	32096	32159	32218	32277	32336	32395	32419	32438	32457	32476	32495	32514	32533	32552	32571	32590	32609	32628	32647	32666	32685	32759	32818	32877	32936	32995	33027	33054	33081	33108	33135	33162	33189	33216	33243	33270	33297	33333	33366	33399	33432	33465	33498	33531	33564	33597	33616	33632	33648	33664	33680	33696	33712	33728	33744	33760	33776	33792	33808	33824	33840	33856	33872	33888	33933	33966	33999	34032	34065	34098	34131	34164	34197	34242	34284	34326	34368	34410	34452	34494	34533	34566	34599	34632	34665	34698	34731	34764	34797	34827	34854	34881	34908	34935	34962	34989	35016	35043	35070	35097	35137	35174	35211	35248	35285	35322	35359	35396	35433	35466	35499	35532	35565	35598	35631	35664	35697	35723	35746	35769	35792	35815	35838	35861	35884	35907	35930	35953	35976	35999	36023	36046	36069	36092	36115	36138	36161	36184	36207	36230	36253	36276	36299	36327	36354	36381	36408	36435	36462	36489	36516	36543	36570	36597	36619	36638	36657	36676	36695	36714	36733	36752	36771	36790	36809	36828	36847	36866	36885	36949	36998	37047	37096	37145	37194	37259	37318	37377	37436	37495	37549	37598	37647	37696	37745	37794	37827	37854	37881	37908	37935	37962	37989	38016	38043	38070	38097	38123	38146	38169	38192	38215	38238	38261	38284	38307	38330	38353	38376	38399	38419	38438	38457	38476	38495	38514	38533	38552	38571	38590	38609	38628	38647	38666	38685	38742	38784	38826	38868	38910	38952	38994	39029	39058	39087	39116	39145	39174	39203	39232	39261	39290	39349	39398	39447	39496	39545	39594	39633	39666	39699	39732	39765	39798	39831	39864	39897	39937	39974	40011	40048	40085	40122	40159	40196	40242	40284	40326	40368	40410	40452	40494	40542	40584	40626	40668	40710	40752	40794	40849	40898	40947	40996	41045	41094	41133	41166	41199	41232	41265	41298	41331	41364	41397	41423	41446	41469	41492	41515	41538	41561	41584	41607	41630	41653	41676	41699	41749	41798	41847	41896	41945	41994	42099	42198	42297	42342	42384	42426	42468	42510	42552	42594	42699	42798	42897	42923	42946	42969	42992	43015	43038	43061	43084	43107	43130	43153	43176	43199	43237	43274	43311	43348	43385	43422	43459	43496	43549	43598	43647	43696	43745	43794	43899	43998	44097	44159	44218	44277	44336	44395	44459	44518	44577	44636	44695	44799	44898	44997	45033	45066	45099	45132	45165	45198	45231	45264	45297	45337	45374	45411	45448	45485	45522	45559	45596	45637	45674	45711	45748	45785	45822	45859	45896	45959	46018	46077	46136	46195	46249	46298	46347	46396	46445	46494	46537	46574	46611	46648	46685	46722	46759	46796	46821	46842	46863	46884	46905	46926	46947	46968	46989	47010	47031	47052	47073	47094	47199	47298	47397	47437	47474	47511	47548	47585	47622	47659	47696	47737	47774	47811	47848	47885	47922	47959	47996	48049	48098	48147	48196	48245	48294	48324	48348	48372	48396	48420	48444	48468	48492	48516	48540	48564	48588	48627	48654	48681	48708	48735	48762	48789	48816	48843	48870	48897	48937	48974	49011	49048	49085	49122	49159	49196	49233	49266	49299	49332	49365	49398	49431	49464	49497	49537	49574	49611	49648	49685	49722	49759	49796	49827	49854	49881	49908	49935	49962	49989	50016	50043	50070	50097	50149	50198	50247	50296	50345	50394	50424	50448	50472	50496	50520	50544	50568	50592	50616	50640	50664	50688	50737	50774	50811	50848	50885	50922	50959	50996	51027	51054	51081	51108	51135	51162	51189	51216	51243	51270	51297	51324	51348	51372	51396	51420	51444	51468	51492	51516	51540	51564	51588	51637	51674	51711	51748	51785	51822	51859	51896	51933	51966	51999	52032	52065	52098	52131	52164	52197	52259	52318	52377	52436	52495	52517	52534	52551	52568	52585	52602	52619	52636	52653	52670	52687	52704	52721	52738	52755	52772	52789	52859	52918	52977	53036	53095	53137	53174	53211	53248	53285	53322	53359	53396	53459	53518	53577	53636	53695	53733	53766	53799	53832	53865	53898	53931	53964	53997	54027	54054	54081	54108	54135	54162	54189	54216	54243	54270	54297	54374	54448	54522	54596	54627	54654	54681	54708	54735	54762	54789	54816	54843	54870	54897	55049	55198	55237	55274	55311	55348	55385	55422	55459	55496	55574	55648	55722	55796	55827	55854	55881	55908	55935	55962	55989	56016	56043	56070	56097	56399	56499	56598	56697	56733	56766	56799	56832	56865	56898	56931	56964	56997	57049	57098	57147	57196	57245	57294	57359	57418	57477	57536	57595
ORIGIN
26	16	6	27	19	7	27	23	1	25	14	10	2	23	12	14	23	14	3	23	14	4	26	16	14	14	27	7	27	20	8	14	23	9	1	23	11	2	23	13	2	14	2	3	24	14	4	14	14	6	27	18	7	27	20	8	1	14	17	2	23	12	2	26	27	3	23	14	4	24	15	5	26	11	1	27	19	8	27	3	14	1	23	11	2	23	13	2	23	14	14	14	14	4	26	7	14	1	18	7	27	20	8	1	23	17	2	27	12	2	23	14	14	23	14	4	24	15	4	26	16	6	27	14	3	26	23	8	1	3	10	2	23	12	2	23	14	3	14	27	15	26	16	5	26	1	7	27	20	8	1	23	10	1	23	20	27	23	13	2	27	3	4	24	15	4	26	16	6	27	19	26	14	22	8	1	14	17	2	23	12	2	23	14	3	23	14	14	25	16	5	26	25	14	27	20	8	27	23	9	1	23	20	2	14	13	2	23	14	14	14	14	4	26	16	5	27	18	7	2	14	14	1	23	10	2	23	12	2	23	14	3	23	14	4	27	11	14	26	16	6	4	19	8	27	23	9	1	23	11	2	14	14	2	23	14	3	27	14	4	26	16	5	26	17	7	27	20	14	3	23	10	1	27	11	2	23	13	3	23	14	4	27	15	14	1	16	6	27	26	15	27	23	8	1	23	10	2	22	14	2	23	14	3	27	14	4	26	16	5	26	16	7	27	9	26	14	3	9	1	23	20	2	23	13	2	23	14	3	24	14	14	1	7	6	27	18	14	27	20	8	1	23	10	2	23	12	2	26	14	14	23	14	4	24	15	5	26	16	7	27	26	3	14	14	9	1	23	11	2	23	13	2	23	14	3	24	14	4	26	7	14	27	18	7	2	20	8	1	23	10	1	23	12	2	14	14	3	23	14	4	27	15	4	26	16	6	27	11	7	2	14	8	1	23	10	2	23	12	2	23	14	3	24	14	4	7	14	1	26	16	7	26	14	27	1	23	10	1	23	11	2	14	14	14	23	14	4	24	11	4	26	16	6	27	19	7	27	14	14	14	23	10	2	23	27	2	23	14	3	23	14	4	25	11	14	1	16	7	27	20	14	27	23	9	1	23	11	2	23	14	27	23	14	3	24	14	4	26	16	5	27	18	7	27	20	3	14	23	10	2	23	2	14	23	14	3	23	14	4	24	15	27	14	16	6	27	19	14	14	23	9	1	23	11	2	14	12	2	27	14	3	24	14	14	27	16	5	26	17	7	27	20	1	3	14	10	1	23	2	14	23	13	3	23	14	4	24	15	4	1	25	14	27	19	7	14	23	8	1	23	10	2	23	12	27	14	14	3	23	14	4	11	16	5	26	16	7	27	20	8	14	14	9	1	23	11	14	23	13	2	23	14	3	24	14	4	26	14	3	27	18	7	14	11	8	1	23	10	2	23	12	26	14	14	3	23	14	27	24	15	5	26	16	7	27	19	8	14	14	9	1	23	11	14	14	13	2	23	14	3	24	14	4	1	7	14	1	18	7	27	26	14	1	23	10	1	23	12	2	23	14	14	27	14	4	24	15	2	26	16	6	27	19	7	27	14	14	3	23	10	2	23	14	2	23	14	3	23	14	4	26	16	7	14	1	7	27	20	8	14	23	9	1	23	11	2	23	13	2	27	14	4	24	15	14	1	16	6	27	18	7	27	21	8	3	14	10	2	23	12	2	23	14	3	23	14	4	14	16	1	26	16	7	27	20	14	3	14	9	1	23	11	2	23	13	2	27	14	14	24	14	4	1	7	5	27	18	7	27	20	8	1	17	2	27	23	12	2	23	14
DESTINATION
3	14	17	2	22	23	2	26	23	14	3	14	14	27	11	16	1	25	14	4	26	14	3	14	9	1	23	20	2	14	14	2	27	14	14	27	15	14	1	7	14	5	27	14	2	26	14	8	1	17	2	27	20	2	14	14	14	16	6	14	27	11	14	23	23	14	3	26	14	2	14	14	3	12	23	2	22	14	2	26	16	14	27	15	14	27	7	14	1	8	9	1	26	14	3	13	2	23	27	20	2	14	14	14	27	6	27	18	11	14	1	25	1	3	26	14	2	14	14	3	14	17	2	3	23	14	27	14	14	26	14	14	27	11	14	1	25	14	1	23	11	3	14	14	3	23	20	2	14	14	14	27	14	14	27	7	18	1	7	14	23	23	14	2	14	14	3	14	17	2	22	14	4	2	14	14	16	6	14	27	11	14	1	25	14	4	10	2	14	14	14	3	14	3	2	14	14	2	27	14	14	27	7	27	20	7	14	1	10	1	4	26	14	3	14	14	2	27	20	24	15	4	14	27	14	27	27	11	14	1	25	14	3	26	14	23	12	2	3	14	17	23	22	14	2	27	14	14	27	15	14	20	8	27	1	26	14	23	26	14	3	14	14	3	9	20	2	14	4	26	27	14	14	18	20	14	1	7	14	3	26	14	23	14	2	23	14	17	2	14	11	2	26	14	14	27	14	14	19	8	14	1	25	14	23	26	14	3	14	14	3	16	20	2	17	14	4	26	14	14	27	7	27	1	7	14	1	26	14	2	26	2	23	13	17	2	27	4	2	14	14	14	27	14	14	27	11	14	23	8	1	3	26	14	2	14	14	3	14	20	2	14	26	16	5	14	14	27	15	27	27	7	14	1	26	14	1	26	14	3	13	2	2	27	20	24	14	14	14	27	14	14	27	11	27	8	1	14	3	26	14	23	14	14	3	14	17	2	12	23	24	15	14	14	27	14	27	27	11	14	1	25	14	1	26	14	13	2	23	3	16	20	14	4	23	14	27	14	14	27	20	14	20	8	1	3	26	14	2	12	14	3	14	17	2	22	23	2	15	4	16	27	14	14	27	23	14	1	25	14	4	26	14	14	12	2	23	14	20	2	14	4	2	27	14	14	27	15	14	27	1	23	1	26	14	1	2	14	3	14	14	2	27	20	2	14	26	16	27	14	14	27	27	4	1	25	14	3	26	14	2	14	23	2	14	17	2	22	4	25	27	14	14	27	15	14	20	11	27	23	26	14	1	26	2	23	14	14	3	9	20	2	14	24	26	5	14	14	27	27	20	1	7	14	3	26	14	2	14	14	23	14	3	2	22	23	15	26	14	14	27	14	14	27	11	23	9	1	14	4	26	14	12	14	14	3	16	20	2	14	14	16	5	14	14	27	15	20	1	7	14	1	26	14	2	26	14	3	3	23	2	27	20	15	12	14	14	27	14	14	27	11	23	8	25	14	3	26	23	2	14	14	3	14	20	2	22	14	16	5	14	14	27	15	20	8	7	14	1	26	14	1	26	14	23	13	2	23	27	20	2	14	4	14	27	14	14	27	11	14	1	25	1	23	10	14	2	14	24	3	14	17	2	22	23	2	15	5	26	27	14	14	27	8	14	1	25	14	5	26	14	3	14	13	2	23	20	2	14	14	4	27	14	14	27	20	14	1	7	14	23	10	14	2	14	2	23	14	17	2	27	23	2	7	14	26	16	14	14	27	11	27	1	25	14	4	26	14	2	14	23	3	14	20	2	14	4	26	16	14	14	27	15	14	27	7	14	23	9	1	1	26	14	23	13	14	2	27	20	2	14	14	14	6	27	18	27	11	14	1	8
DUE_DATE
0	31147	30476	30525	30094	30143	30672	30247	30776	30345	30394	31643	30972	31007	30556	30585	30614	30103	31872	31181	30730	30759	31268	30300	30342	32124	31446	31488	31050	31092	30587	31156	31185	32414	31723	31752	31301	31330	31839	31388	30887	31936	31485	31514	31003	32772	32081	32110	31119	32168	31719	31740	31221	32262	32283	31824	31845	33066	33087	31908	33129	32430	32451	33192	33247	32096	32145	31654	33443	32772	32325	32352	32379	33606	33633	33660	32967	32994	32541	33768	33075	32622	32106	33870	33174	33198	32742	32766	32790	34014	34038	34062	33366	33415	32972	34209	33526	32543	33120	32617	32654	34457	33796	33855	33914	34693	34717	34736	33555	33574	34073	34092	34831	33650	33669	33688	33167	34926	34225	34244	33243	33857	33916	35175	35234	35293	34125	35352	34659	35406	34233	34260	33747	35514	34821	34848	34395	34911	35664	35697	35730	34563	34596	34089	35862	35175	35194	35210	34746	34762	35258	35274	34270	34826	34842	36058	36074	34890	34366	36122	35418	36154	35450	35466	35031	35064	35577	35610	35163	35196	35229	36462	36495	34800	36582	35904	35946	36708	36030	35592	35631	36144	36897	35730	35223	35796	37029	37062	35895	37125	36432	36459	37206	36513	36060	36087	35574	37341	36648	36675	36235	35732	37509	37546	37583	35880	36937	36974	37011	37764	37077	36630	36663	36156	37929	37242	37275	36821	36844	38067	38090	38113	36936	36419	37462	37485	37508	37531	37074	37097	38321	37624	37647	37190	37213	38436	38459	38482	37305	36788	38551	38574	37877	37425	37452	38679	37986	38013	37560	37047	37614	38841	38868	38895	37717	37196	38955	38974	38273	38292	37831	37310	38349	38368	38387	37926	38425	37964	39183	39247	38096	37605	39394	38723	38772	38837	38416	38475	37994	39073	39127	38156	39225	38794	40043	40092	38925	40152	39459	40206	39513	39540	39087	39114	38601	39648	39675	39221	40444	40467	39290	40513	39816	39839	40582	39405	39428	39451	38934	40697	39997	40016	39555	39574	40793	40812	40831	40850	39129	40168	40187	40206	40225	39764	39783	39300	41082	40404	40446	40008	40050	41292	41327	41356	40185	39674	40723	41472	40301	40810	40359	40388	41647	40976	41025	41074	40103	40692	41931	41964	41997	40830	40323	41376	41409	40962	40995	42235	41552	41589	41146	42383	42420	42457	42494	41340	41382	40884	42666	41988	41550	42072	42120	41682	41184	42246	42288	41850	41892	41947	43196	43245	42094	41603	43392	43431	42744	42777	42330	42363	42876	41889	42942	42975	43001	43744	43767	42590	42613	43836	43139	43882	43185	42728	42751	43254	43277	42847	43376	42945	44194	44243	42552	44397	43776	43875	44640	42942	43524	43566	43068	44850	44172	44277	43896	43995	45221	45244	45267	43550	44593	44616	45359	44662	44685	44228	44251	43734	45497	44815	44852	44409	45646	45683	45720	44557	44594	45127	45176	45945	45994	44843	44892	44457	46296	45675	45737	45316	46575	46634	46693	45557	45616	46155	46214	46273	45897	45996	45555	47331	46644	46677	46230	46743	47496	47529	47562	46395	46435	47672	46989	47746	47063	46620	46117	47174	47215	46772	46809	46846	48083	48120	46957	46454	48257	47596	47655	47234	47773	47347	47396	46905	47974	48023	47052	48115	48872	48909	47746	47783	49020	48337	49094	48399	48420	47961	47982	47463	48504	48525	48066	48087	49308	49329	48150	49371	48672	48777	49596	49695	48535	48572	48069	49846	49163	49200	49957	48794	50035	50072	48909	48406	49463	49500	49537	50294	49147	49196	48705	50494	49823	49872	49422	50646	50670	50694	49518	49542	50046	50070	50814	50838	50142	49686	49725	50952	50259	50286	49833	49860	51087	51114	51141	49968	49455	50515	50552	50589	50146	50183	51420	50257	50774	50331	50844	51597	51630	51663	50976	50529	50022	51795	51835	51152	51189	50746	50243	51300	51337	50894	50925	52152	52179	51006	51033	50520	52287	51594	51141	51648	51675	51247	51296	51825	51874	50903	51972	51522	52746	52770	51594	51078	52842	52866	52890	52194	52218	51762	51786	52315	52352	51909	53146	53183	52020	51517	53294	52605	52632	51639	52686	52233	52260	53487	52794	52341	52368	52395	53622	53646	51930	52974	52998	52542	53766	53790	52614	52098	53862	53166	53215	52772	52809	52846	53363	54120	54157	54194	53511	53544	53097	54330	54363	53196	52689	54462	53775	53837	53416	53475	54014	53593	54815	54832	54849	54146	54163	53700	54917	53734	53211	54968	54265	54282	53819	53296	55053	55070	55087	53957	55216	54555	54134	54673	54235	53732	55509	54826	54863	54420	54457	54494	54557	55816	55875	55934	54793	54291	56064	55377	56130	55443	54996	55029	55542	55575	55125	55632	54639	55206	56433	56460	54747	56514	55821	56568	55875	55952	55546	55620	56174	56205	55752	55779	55806	57033	57060	55347	57114	56421	56448	57195	57347	57496	57535	56372	56409	57646	57683	57720	57757	57074	56672	56746	56280	58094	57405	58152	58179	58206	58233	58260	57567	57594	57141	57168	58395	58697	58797	58896	57255	59031	58344	58377	59130	59163	59196	58509	58062	58095	58627	59396	58725	59494	59543	59592	58937	58516	58575	58094	59893
TRANSPORT_MODE
0	2	2	1	1	1	1	0	2	2	2	1	1	1	2	0	2	1	1	1	1	1	0	0	2	2	2	1	1	1	2	0	0	2	2	1	1	1	1	0	0	2	2	1	1	1	1	0	0	2	2	2	1	1	1	1	0	3	3	1	1	1	1	0	0	2	2	2	1	1	1	1	0	3	3	1	1	1	1	0	0	2	2	2	1	1	1	1	0	3	3	3	1	1	1	0	0	0	2	2	1	1	1	1	0	3	3	3	1	1	1	1	0	0	2	2	1	1	1	1	0	0	1	3	3	3	1	1	1	0	2	2	1	1	1	1	0	0	3	3	3	1	1	1	1	0	2	2	2	1	1	1	0	0	1	3	3	1	1	1	0	0	1	2	2	2	1	1	1	0	1	3	3	1	1	1	0	0	1	2	2	2	1	1	1	0	3	3	1	1	1	1	0	0	1	2	2	2	1	1	1	0	3	3	3	1	1	1	0	0	0	1	2	2	1	1	1	0	1	3	3	3	1	1	1	0	0	1	2	2	1	1	1	0	1	3	3	3	1	1	1	0	2	2	1	1	1	1	0	0	1	3	3	3	1	1	1	0	2	2	2	1	1	1	0	0	0	1	3	3	1	1	1	0	1	2	2	2	1	1	1	0	0	1	3	3	1	1	1	0	0	1	2	2	2	1	1	1	3	3	1	1	1	1	0	0	1	2	2	2	1	1	1	0	0	3	3	3	1	1	1	0	0	1	2	2	1	1	1	0	1	3	3	3	1	1	1	0	0	1	2	2	1	1	1	0	0	1	3	3	3	1	1	1	2	2	1	1	1	1	0	0	3	3	3	1	1	1	1	0	0	2	2	2	1	1	1	0	0	1	3	3	1	1	1	0	2	2	2	1	1	1	1	0	0	3	3	1	1	1	1	0	2	2	1	2	1	1	0	1	3	3	1	1	1	1	0	0	2	2	2	1	1	1	1	0	3	3	3	1	1	1	0	0	0	2	2	1	1	1	1	0	3	3	3	1	1	1	1	0	0	2	2	1	1	1	1	0	3	3	3	1	1	1	2	0	2	1	1	1	1	1	0	0	3	3	3	1	1	1	2	0	2	2	1	1	1	1	0	0	3	3	1	1	1	2	0	0	2	1	2	1	1	1	0	0	3	3	1	1	1	1	0	0	2	2	2	1	1	1	1	0	3	3	1	1	1	1	0	0	2	2	2	1	1	1	3	0	3	3	1	1	1	1	0	0	2	2	1	1	1	1	0	3	3	3	1	1	1	0	0	0	1	2	2	1	1	1	0	1	3	3	3	1	1	1	0	2	2	1	1	1	1	0	0	3	3	3	1	1	1	1	0	2	2	1	1	1	1	0	0	3	3	1	1	1	1	0	0	2	2	2	1	1	1	0	0	1	3	3	1	1	1	0	0	1	2	2	2	1	1	1	3	3	1	1	1	1	0	0	2	2	2	1	1	1	1	0	3	3	1	1	1	1	0	0	2	2	2	1	1	1	1	0	0	3	3	3	1	1	1	0	0	1	2	2	1	1	1	0	0	1	3	3	3	1	1	1	0	2	2	1	1	1	1	0	3	3	3	1	1	1	1	0	2	2	1	1	1	1	0	0	0	3	3	3	1	1	1	1	0	2	2	2	1	1	1	0	0	1	3	3	1	1	1	0	0	1	2	2	2	1	1	1	0	3	3	1	1	1	1	0	3	3	3	1	1	1	3	0	3	1	1	1	1	1	0	0	0	3	3	3	1	1	1	1	0	3	3	3	1	1	1	0	0	3	3	1	1	1	1	0	0	3	3	3	1	1	1	1	0
PATIENT_WEIGHT
144	115	89	70	32	134	46	127	53	94	40	80	111	75	122	100	86	73	127	41	75	45	112	48	127	88	57	41	65	128	112	97	94	132	32	50	38	140	38	40	79	120	149	57	120	150	114	130	78	58	65	107	73	125	124	128	63	68	68	50	132	115	142	67	87	67	62	104	74	59	143	56	94	66	136	61	98	86	150	32	30	99	72	118	61	101	113	127	119	101	144	57	140	96	64	69	140	30	65	63	104	54	148	70	72	128	96	148	77	30	145	133	34	95	36	126	90	52	117	67	125	104	34	40	105	55	116	134	80	49	126	111	33	34	55	106	85	92	59	59	80	72	47	141	63	46	121	61	115	66	64	62	111	68	143	42	110	76	40	140	105	111	147	99	134	83	58	51	90	77	140	133	92	53	108	49	52	128	76	97	110	146	140	102	59	85	67	51	43	41	110	108	105	35	78	109	51	83	140	67	40	32	39	110	105	86	131	89	47	44	50	59	103	117	142	123	78	73	118	138	105	83	84	62	134	41	81	109	145	150	63	104	106	50	80	51	64	66	66	75	37	104	87	35	140	119	77	54	114	127	61	106	32	141	69	87	65	150	66	90	59	95	137	64	38	44	126	109	34	67	34	68	64	134	93	145	30	104	123	140	103	133	118	35	90	37	32	88	98	109	144	121	148	86	105	72	120	109	45	44	145	89	86	99	127	66	132	119	137	73	145	144	141	56	128	148	147	136	63	56	63	51	53	125	88	56	118	127	38	74	107	122	140	61	78	105	40	62	150	114	142	128	114	68	121	105	131	118	63	109	50	94	134	108	94	48	111	71	129	102	81	55	98	149	120	33	72	86	109	94	147	125	116	92	126	46	118	34	80	110	75	147	80	88	77	63	61	100	132	70	126	106	36	40	80	84	137	65	53	130	127	77	35	56	137	41	118	83	100	61	86	48	94	116	69	129	32	60	105	38	93	50	135	92	141	122	45	107	132	123	33	77	57	75	136	58	80	139	141	146	83	37	101	38	37	56	141	103	127	149	125	46	129	107	86	144	124	111	106	87	122	66	82	33	31	129	40	145	96	96	121	93	140	50	107	43	104	105	51	34	51	31	111	71	80	148	41	95	49	142	34	107	98	36	46	138	71	147	51	147	123	130	39	102	145	42	33	73	149	97	61	117	79	97	81	52	131	141	97	78	38	84	92	109	61	36	109	97	63	103	81	98	145	138	87	34	101	79	141	76	111	132	115	94	115	135	38	94	59	148	71	96	33	58	59	48	105	38	72	124	82	96	98	43	119	64	137	116	115	46	105	76	81	92	33	127	146	84	136	141	43	32	124	75	87	44	57	57	73	94	76	146	66	76	91	132	69	76	39	65	94	77	64	94	66	112	30	149	137	54	83	88	77	34	113	53	58	144	112	115	44	68	46	80	49	116	83	138	85	87	57	150	50	88	81	69	64	143	69	140	149	140	45	88	53	52	141	150	84	94	125	104	55	44	134	83	98	100	58	65	67	110	87	125	61	83	144	140	60	88	79	112	45	125	105	78	109	42	107	68	95	145	48	45	76	145	106	81	106	83	68	53	79	149	135	42	58	67	98	130	69	62	115	107	117	46	54	48	65	127	95	98	107	46	144	36	103	85	40	69	86	87	92	65	119	133	63	90	66	140	148	34	111	143	99	146	60	148	55	133	87	31	36	141	145	90	55	81	30	41	35	43	133	119	88	47	106	64	121	120	89	116	93	147	125	114	72	74	83	93	116	126	44	110	59	150	51	74	109	84	127	40	137	126	143	74	75	87	50	40	41	38	100	85	104	130	133	138	37	72	101
DISTANCE_MATRIX
0	360	318	300	288	276	264	264	150	150	150	60	90	90	162	168	204	228	234	312	360	408	348	318	168	192	168	318
360	60	264	318	324	342	342	342	348	348	354	360	372	378	378	420	420	480	462	498	462	462	384	420	372	420	378	378
318	264	60	270	276	288	288	288	294	294	294	318	318	324	324	414	414	468	462	486	462	462	330	366	366	408	372	324
300	318	270	60	276	288	288	288	288	288	288	300	300	312	318	408	408	468	462	486	438	438	318	360	360	402	360	312
288	324	276	276	60	276	276	276	276	276	276	288	288	300	300	402	396	462	456	480	432	432	300	360	360	402	348	300
276	342	288	288	276	60	180	180	252	258	264	264	264	288	288	390	390	456	450	480	432	432	288	348	348	348	288	288
264	342	288	288	276	180	60	180	246	258	264	264	264	288	288	390	390	456	450	480	432	432	288	348	348	348	288	288
264	342	288	288	276	180	180	60	240	258	264	264	264	288	288	390	390	456	450	480	432	432	288	348	348	348	288	288
150	348	294	288	276	252	246	240	60	120	120	150	126	270	270	378	384	420	438	480	420	408	276	300	300	300	276	270
150	348	294	288	276	258	258	258	120	60	120	150	150	270	270	378	384	420	438	480	420	408	276	300	300	300	276	270
150	354	294	288	276	264	264	264	120	120	60	150	150	270	270	378	384	420	438	480	420	408	276	300	300	300	276	270
60	360	318	300	288	264	264	264	150	150	150	60	90	162	168	228	234	312	360	408	348	318	168	192	192	198	168	162
90	372	318	300	288	264	264	264	150	150	150	90	60	162	168	228	234	312	360	408	348	318	168	192	192	198	168	162
90	378	324	312	300	288	288	288	270	270	270	162	162	60	120	180	180	306	210	360	300	300	120	180	120	180	120	234
162	378	324	318	300	288	288	288	270	270	270	168	168	120	60	180	180	306	210	360	300	300	120	180	120	180	120	120
168	420	414	408	402	348	348	348	300	300	300	228	228	180	180	60	132	204	132	348	258	258	186	60	180	132	222	180
204	420	414	408	396	390	390	390	384	384	384	234	234	180	180	132	60	204	132	348	258	258	186	60	180	132	222	180
228	480	468	468	462	456	456	456	420	420	420	312	312	306	306	204	204	60	198	120	240	240	306	204	306	138	306	306
234	462	462	462	456	450	450	450	438	438	438	360	360	210	210	132	132	198	60	138	132	132	210	132	210	132	210	210
312	498	486	486	480	480	480	480	480	480	480	408	408	360	360	348	348	120	138	60	348	348	360	348	360	348	360	360
360	462	462	438	432	432	432	432	420	420	420	348	348	300	300	258	258	240	132	348	60	60	300	258	300	258	300	300
408	462	462	438	432	432	432	432	408	408	408	318	318	300	300	258	258	240	132	348	60	60	300	258	300	258	300	300
348	384	330	318	300	288	288	288	276	276	276	168	168	120	120	186	186	306	210	360	300	300	60	186	120	186	120	120
318	420	366	360	360	348	348	348	300	300	300	192	192	180	180	60	60	204	132	348	258	258	186	60	180	60	180	180
168	372	300	306	300	288	288	288	270	270	270	168	168	120	120	180	180	306	210	360	300	300	120	180	60	180	120	120
192	420	408	402	402	348	348	348	300	300	300	198	198	180	180	132	132	138	132	348	258	258	186	60	180	60	180	180
168	378	372	360	348	288	288	288	276	276	276	168	168	120	120	222	222	306	210	360	300	300	120	180	120	180	60	120
318	378	324	312	300	288	288	288	270	270	270	162	162	234	120	180	180	306	210	360	300	300	120	180	120	180	120	60
DEPOTS_DISTANCE
234	462	462	462	456	450	450	450	438	438	438	360	360	210	210	132	132	198	60	138	132	132	210	132	210	132	210	210	
348	384	330	318	300	288	288	288	276	276	276	168	168	120	120	186	186	306	210	360	300	300	60	186	120	186	120	120	
318	420	366	360	360	348	348	348	300	300	300	192	192	180	180	60	60	204	132	348	258	258	186	60	180	60	180	180	
LOCATION_TURN_MATRIX
100	130	122	113	112	199	136	122	129	152	173	146	151	136	158	140	176	113	122	167	194	134	110	172	114	184	100	147	
170	100	154	188	164	169	136	136	152	170	104	183	155	115	101	104	155	187	174	115	149	134	178	168	114	135	168	102	
178	146	100	161	178	114	104	165	117	139	126	169	192	109	120	179	160	152	154	134	113	140	154	179	196	196	192	181	
187	112	139	100	158	114	195	181	104	132	195	106	183	169	132	170	140	136	172	148	116	110	123	136	151	120	176	169	
188	136	122	142	100	175	164	159	112	100	167	164	135	191	132	181	104	123	142	156	108	117	193	182	116	147	156	185	
101	131	186	186	125	100	190	147	164	150	137	102	145	176	185	131	113	108	117	186	118	151	140	178	154	189	172	110	
164	164	196	105	136	110	100	186	153	151	183	193	111	157	144	123	188	142	110	163	105	190	166	187	170	171	186	126	
178	164	135	119	141	153	114	100	106	130	108	103	151	178	122	151	130	133	184	177	110	141	166	110	122	174	191	197	
171	148	183	196	188	136	147	194	100	167	100	146	168	129	128	142	172	118	174	147	105	158	156	160	120	106	119	136	
148	130	161	168	200	150	149	170	133	100	177	106	175	116	188	180	176	194	108	146	130	187	183	173	128	141	169	176	
127	196	174	105	133	163	117	192	200	123	100	171	175	140	183	115	104	186	128	153	151	175	100	146	191	117	132	197	
154	117	131	194	136	198	107	197	154	194	129	100	136	184	140	147	172	184	148	131	103	156	185	200	152	158	154	143	
149	145	108	117	165	155	189	149	132	125	125	164	100	140	199	142	101	144	163	185	117	191	200	143	113	165	102	154	
164	185	191	131	109	124	143	122	171	184	160	116	160	100	109	116	196	113	131	186	166	139	183	175	144	161	105	170	
142	199	180	168	168	115	156	178	172	112	117	160	101	191	100	147	177	177	199	158	172	188	164	175	180	168	154	195	
160	196	121	130	119	169	177	149	158	120	185	153	158	184	153	100	152	159	197	157	181	159	102	123	168	200	124	186	
124	145	140	160	196	187	112	170	128	124	196	128	199	104	123	148	100	149	114	112	117	135	105	132	138	180	198	156	
187	113	148	164	177	192	158	167	182	106	114	116	156	187	123	141	151	100	166	132	168	163	159	123	129	173	161	116	
178	126	146	128	158	183	190	116	126	192	172	152	137	169	101	103	186	134	100	184	199	137	130	160	148	113	140	150	
133	185	166	152	144	114	137	123	153	154	147	169	115	114	142	143	188	168	116	100	111	195	128	157	191	164	141	171	
106	151	187	184	192	182	195	190	195	170	149	197	183	134	128	119	183	132	101	189	100	129	151	163	147	166	104	177	
166	166	160	190	183	149	110	159	142	113	125	144	109	161	112	141	165	137	163	105	171	100	101	185	169	129	103	197	
190	122	146	177	107	160	134	134	144	117	200	115	100	117	136	198	195	141	170	172	149	199	100	106	150	116	118	145	
128	132	121	164	118	122	113	190	140	127	154	100	157	125	125	177	168	177	140	143	137	115	194	100	128	167	115	155	
186	186	104	149	184	146	130	178	180	172	109	148	187	156	120	132	162	171	152	109	153	131	150	172	100	155	124	184	
116	165	104	180	153	111	129	126	194	159	183	142	135	139	132	100	120	127	187	136	134	171	184	133	145	100	129	192	
200	132	108	124	144	128	114	109	181	131	168	146	198	195	146	176	102	139	160	159	196	197	182	185	176	171	100	146	
153	198	119	131	115	190	174	103	164	124	103	157	146	130	105	114	144	184	150	129	123	103	155	145	116	108	154	100	
DEPOTS_TO_LOCAL_TURN_MATRIX
178	126	146	128	158	183	190	116	126	192	172	152	137	169	101	103	186	134	100	184	199	137	130	160	148	113	140	150	
190	122	146	177	107	160	134	134	144	117	200	115	100	117	136	198	195	141	170	172	149	199	100	106	150	116	118	145	
128	132	121	164	118	122	113	190	140	127	154	100	157	125	125	177	168	177	140	143	137	115	194	100	128	167	115	155	
LOCAL_TO_DEPOT_TURN_MATRIX
122	174	154	172	142	117	110	184	174	108	128	148	163	131	199	197	114	166	100	116	101	163	170	140	152	187	160	150	
110	178	154	123	193	140	166	166	156	183	100	185	200	183	164	102	105	159	130	128	151	101	100	194	150	184	182	155	
172	168	179	136	182	178	187	110	160	173	146	200	143	175	175	123	132	123	160	157	163	185	106	100	172	133	185	145	

