INDEX_PROBLEM
1
PATIENTS
800
STRETCHERS
16
NUM_ROOM
28
NUM_DEPOT
3
NUM_PRIORITY
4
PRIORITY_LIST
0	1	2	3	4
PRIORITY_WEIGHT
0	1	10	18	30
PRIORITY_JOB
0	2	3	4	2	3	4	3	3	4	4	2	3	4	4	3	4	2	3	4	4	4	4	3	4	2	3	4	4	4	3	4	1	2	3	4	4	4	3	4	2	3	4	4	2	4	3	4	3	4	2	3	4	4	4	3	4	1	4	2	3	1	2	1	4	4	2	3	4	3	4	4	1	1	4	2	2	1	2	2	3	4	4	1	2	3	4	4	1	1	3	4	2	1	2	1	3	4	4	2	3	3	4	4	1	1	4	4	2	3	1	2	3	4	2	3	4	3	4	1	4	4	1	1	2	3	3	2	1	4	4	2	3	3	4	3	4	4	1	1	4	1	2	2	1	2	3	4	2	3	4	3	4	4	1	1	4	4	2	1	3	2	3	4	2	3	4	4	3	4	1	1	4	2	1	2	1	2	3	4	2	3	4	4	4	4	1	1	2	1	2	2	4	3	4	4	1	2	4	3	4	3	1	1	4	2	3	1	1	3	4	4	4	2	4	3	4	4	3	1	1	4	2	2	1	2	3	4	4	2	3	3	4	4	4	2	1	1	3	1	2	3	4	4	2	3	4	4	3	4	4	4	1	1	2	1	2	2	2	3	4	2	3	4	3	4	4	1	1	4	4	1	2	1	2	3	4	2	3	4	3	4	4	1	1	4	2	3	1	2	4	3	4	2	3	4	4	4	3	4	1	1	2	1	2	1	3	4	4	2	2	4	4	3	3	1	1	4	2	2	2	1	3	4	4	2	3	4	4	4	4	1	1	4	2	2	1	3	1	3	4	2	3	4	3	4	4	4	2	1	1	3	2	1	2	4	4	2	3	4	3	4	4	4	4	1	1	2	1	3	2	2	3	4	2	3	3	4	4	4	1	1	4	2	1	2	1	3	4	2	3	4	3	4	4	4	1	1	2	3	3	1	2	4	4	2	3	4	4	4	1	2	1	1	3	2	1	2	3	4	4	2	2	3	4	4	3	4	1	1	2	3	3	1	2	4	4	4	2	3	4	4	3	4	1	1	2	3	2	3	1	4	2	3	4	4	4	4	4	4	2	1	1	3	4	1	2	4	2	3	4	3	4	4	2	4	1	1	2	2	1	2	3	3	4	2	3	4	3	4	4	1	1	4	2	3	1	2	2	4	2	3	4	4	3	4	4	1	1	2	3	4	1	2	1	2	3	4	4	2	4	3	4	1	3	4	4	1	2	3	1	2	3	3	4	2	4	3	4	1	1	3	4	4	2	1	2	1	2	3	4	4	4	3	4	1	1	2	3	4	2	3	1	2	3	4	4	2	4	4	3	1	1	3	4	2	2	1	1	3	4	4	2	4	3	4	1	1	3	3	4	2	1	2	2	3	4	4	4	3	4	4	1	1	1	2	3	3	1	2	4	4	2	3	4	3	4	4	2	1	1	2	3	4	1	2	1	4	2	3	4	2	4	3	1	3	4	4	1	2	1	3	2	3	3	4	2	4	4	3	1	1	3	4	3	2	1	2	4	1	2	3	4	4	4	3	1	1	4	2	3	2	3	1	4	2	3	4	4	4	4	4	1	1	2	3	4	1	2	1	2	3	4	4	3	3	4	4	1	1	2	3	3	2	1	4	2	3	4	3	4	4	2	1	1	4	1	2	1	2	2	3	4	2	3	4	3	4	4	1	1	4	2	3	3	1	2	1	4	2	3	4	4	4	3	1	2	3	4	1	2	1	4	1	1	4	2	3	2	3	1	1	1	3	4	2	2	1	2	1	1	2	3	4	1	1	2	1	1	4	1	2	1	2	1	1	1	3	4	2	2	2	3	1	1	3	4	4	1	2	1
TIME_ASKED
0	28849	28898	28947	28996	29045	29094	29149	29198	29247	29296	29345	29394	29429	29458	29487	29516	29545	29574	29603	29632	29661	29690	29742	29784	29826	29868	29910	29952	29994	30029	30058	30087	30116	30145	30174	30203	30232	30261	30290	30329	30358	30387	30416	30445	30474	30503	30532	30561	30590	30621	30642	30663	30684	30705	30726	30747	30768	30789	30810	30831	30852	30873	30894	30949	30998	31047	31096	31145	31194	31227	31254	31281	31308	31335	31362	31389	31416	31443	31470	31497	31524	31548	31572	31596	31620	31644	31668	31692	31716	31740	31764	31788	31837	31874	31911	31948	31985	32022	32059	32096	32159	32218	32277	32336	32395	32419	32438	32457	32476	32495	32514	32533	32552	32571	32590	32609	32628	32647	32666	32685	32759	32818	32877	32936	32995	33027	33054	33081	33108	33135	33162	33189	33216	33243	33270	33297	33333	33366	33399	33432	33465	33498	33531	33564	33597	33616	33632	33648	33664	33680	33696	33712	33728	33744	33760	33776	33792	33808	33824	33840	33856	33872	33888	33933	33966	33999	34032	34065	34098	34131	34164	34197	34242	34284	34326	34368	34410	34452	34494	34533	34566	34599	34632	34665	34698	34731	34764	34797	34827	34854	34881	34908	34935	34962	34989	35016	35043	35070	35097	35137	35174	35211	35248	35285	35322	35359	35396	35433	35466	35499	35532	35565	35598	35631	35664	35697	35723	35746	35769	35792	35815	35838	35861	35884	35907	35930	35953	35976	35999	36023	36046	36069	36092	36115	36138	36161	36184	36207	36230	36253	36276	36299	36327	36354	36381	36408	36435	36462	36489	36516	36543	36570	36597	36619	36638	36657	36676	36695	36714	36733	36752	36771	36790	36809	36828	36847	36866	36885	36949	36998	37047	37096	37145	37194	37259	37318	37377	37436	37495	37549	37598	37647	37696	37745	37794	37827	37854	37881	37908	37935	37962	37989	38016	38043	38070	38097	38123	38146	38169	38192	38215	38238	38261	38284	38307	38330	38353	38376	38399	38419	38438	38457	38476	38495	38514	38533	38552	38571	38590	38609	38628	38647	38666	38685	38742	38784	38826	38868	38910	38952	38994	39029	39058	39087	39116	39145	39174	39203	39232	39261	39290	39349	39398	39447	39496	39545	39594	39633	39666	39699	39732	39765	39798	39831	39864	39897	39937	39974	40011	40048	40085	40122	40159	40196	40242	40284	40326	40368	40410	40452	40494	40542	40584	40626	40668	40710	40752	40794	40849	40898	40947	40996	41045	41094	41133	41166	41199	41232	41265	41298	41331	41364	41397	41423	41446	41469	41492	41515	41538	41561	41584	41607	41630	41653	41676	41699	41749	41798	41847	41896	41945	41994	42099	42198	42297	42342	42384	42426	42468	42510	42552	42594	42699	42798	42897	42923	42946	42969	42992	43015	43038	43061	43084	43107	43130	43153	43176	43199	43237	43274	43311	43348	43385	43422	43459	43496	43549	43598	43647	43696	43745	43794	43899	43998	44097	44159	44218	44277	44336	44395	44459	44518	44577	44636	44695	44799	44898	44997	45033	45066	45099	45132	45165	45198	45231	45264	45297	45337	45374	45411	45448	45485	45522	45559	45596	45637	45674	45711	45748	45785	45822	45859	45896	45959	46018	46077	46136	46195	46249	46298	46347	46396	46445	46494	46537	46574	46611	46648	46685	46722	46759	46796	46821	46842	46863	46884	46905	46926	46947	46968	46989	47010	47031	47052	47073	47094	47199	47298	47397	47437	47474	47511	47548	47585	47622	47659	47696	47737	47774	47811	47848	47885	47922	47959	47996	48049	48098	48147	48196	48245	48294	48324	48348	48372	48396	48420	48444	48468	48492	48516	48540	48564	48588	48627	48654	48681	48708	48735	48762	48789	48816	48843	48870	48897	48937	48974	49011	49048	49085	49122	49159	49196	49233	49266	49299	49332	49365	49398	49431	49464	49497	49537	49574	49611	49648	49685	49722	49759	49796	49827	49854	49881	49908	49935	49962	49989	50016	50043	50070	50097	50149	50198	50247	50296	50345	50394	50424	50448	50472	50496	50520	50544	50568	50592	50616	50640	50664	50688	50737	50774	50811	50848	50885	50922	50959	50996	51027	51054	51081	51108	51135	51162	51189	51216	51243	51270	51297	51324	51348	51372	51396	51420	51444	51468	51492	51516	51540	51564	51588	51637	51674	51711	51748	51785	51822	51859	51896	51933	51966	51999	52032	52065	52098	52131	52164	52197	52259	52318	52377	52436	52495	52517	52534	52551	52568	52585	52602	52619	52636	52653	52670	52687	52704	52721	52738	52755	52772	52789	52859	52918	52977	53036	53095	53137	53174	53211	53248	53285	53322	53359	53396	53459	53518	53577	53636	53695	53733	53766	53799	53832	53865	53898	53931	53964	53997	54027	54054	54081	54108	54135	54162	54189	54216	54243	54270	54297	54374	54448	54522	54596	54627	54654	54681	54708	54735	54762	54789	54816	54843	54870	54897	55049	55198	55237	55274	55311	55348	55385	55422	55459	55496	55574	55648	55722	55796	55827	55854	55881	55908	55935	55962	55989	56016	56043	56070	56097	56399	56499	56598	56697	56733	56766	56799	56832	56865	56898	56931	56964	56997	57049	57098	57147	57196	57245	57294	57359	57418	57477	57536	57595
ORIGIN
26	16	6	27	19	3	27	23	25	14	14	10	2	22	14	23	4	14	3	23	4	14	26	16	14	14	14	7	14	26	7	3	14	9	1	23	14	14	23	4	14	2	2	3	2	14	14	14	14	6	27	18	7	27	20	8	2	14	17	2	23	23	2	26	2	7	23	14	14	14	25	1	14	14	25	27	14	9	3	14	14	7	23	11	4	4	14	14	4	14	14	14	4	5	1	14	14	14	18	7	27	20	20	1	2	17	17	17	20	2	14	14	24	14	14	4	24	15	1	24	16	23	23	3	3	2	2	14	14	4	10	2	23	14	14	14	27	14	23	27	27	14	14	16	4	14	23	27	20	14	14	4	4	26	4	26	20	14	14	14	14	23	6	24	15	4	20	16	11	27	15	26	14	14	23	14	14	23	14	23	12	2	25	14	14	14	14	14	14	9	9	1	23	14	14	20	8	4	23	14	5	4	27	2	14	5	5	14	14	25	27	14	4	7	20	5	14	3	17	17	2	14	14	14	14	12	2	25	2	23	14	3	26	14	25	27	27	11	14	25	16	27	14	8	27	23	14	23	27	14	4	4	14	4	27	27	16	14	14	7	26	23	5	14	14	14	14	23	26	14	14	14	14	4	27	3	23	13	3	23	4	1	27	14	14	14	25	14	14	26	23	23	23	8	26	25	10	2	2	14	14	2	8	8	1	23	27	14	16	5	2	1	14	5	27	20	3	1	14	4	4	5	8	14	13	2	5	14	5	5	2	23	1	7	7	3	14	14	9	3	8	1	23	10	14	14	12	27	26	14	3	14	14	14	14	2	5	26	23	2	14	14	23	3	3	14	14	14	14	26	14	4	2	23	14	5	20	12	26	4	4	7	14	26	26	14	14	14	1	23	10	1	16	14	14	14	14	14	27	14	10	4	11	4	14	26	11	3	9	14	27	27	14	3	1	27	2	9	27	16	23	14	3	14	14	10	8	14	14	1	26	14	7	11	14	14	23	10	1	14	14	20	3	14	14	27	14	14	14	5	9	3	16	6	27	19	7	27	22	4	3	4	12	14	14	4	14	3	14	3	23	14	14	2	2	14	1	25	14	4	26	14	14	20	9	26	2	11	26	13	14	27	14	14	14	2	2	11	14	1	5	27	18	7	2	14	27	14	17	2	22	23	23	2	2	2	3	23	14	25	24	27	26	25	14	4	26	26	5	27	14	2	1	23	11	7	23	4	10	14	14	27	15	14	14	7	8	23	26	17	7	14	20	23	14	14	14	27	20	14	14	26	23	26	23	14	4	20	15	4	22	14	3	26	26	14	2	2	3	1	23	10	2	14	14	14	14	27	14	27	15	7	14	14	1	26	16	7	27	1	2	13	1	3	9	9	20	11	3	1	3	23	14	3	24	14	4	7	27	3	3	14	14	3	14	14	2	23	10	2	1	12	14	26	25	14	27	14	2	26	26	2	2	23	7	26	19	23	4	4	23	3	16	20	2	23	14	7	27	14	3	24	14	14	14	3	26	1	26	14	14	26	14	23	26	10	1	23	12	2	23	3	3	14	14	14	23	15	3	22	16	6	27	19	10	27	14	14	14	1	20	14	22	7	14	23	14	3	23	14	20	1	14	23	26	14	1	1	1	4	26	3	9	1	23	26	16	23	3	3	14	14	14	27	14	1	23	26	6	27	18	20	27	21	20	14	17	10	22	14	2	26	23	14	3	23	23	27	19	16	27	27	25	7	27	26	14	23	2	9	1	23	26	26	14	13	26	26	14	3	24	14	14	1	26	5	27	18	7	27	20	8	2	17	2	1	23	2	7	11	3
DESTINATION
3	14	17	2	22	23	2	26	14	3	3	14	14	19	16	27	14	25	14	4	14	9	3	14	9	1	1	20	4	14	13	26	4	14	14	27	5	5	1	14	5	27	27	14	27	20	8	2	2	17	2	27	20	2	14	14	24	16	6	14	27	3	27	23	14	23	3	26	2	2	14	14	2	4	14	2	4	14	26	16	16	23	27	15	14	14	16	4	14	9	9	9	14	14	23	4	4	26	27	20	2	14	14	14	14	6	6	6	7	27	20	8	2	15	26	14	2	14	23	2	14	7	7	23	23	14	14	25	1	14	14	14	27	9	9	1	23	9	7	23	23	4	4	14	14	4	27	2	14	5	5	14	14	14	14	14	7	20	20	20	1	7	17	2	14	14	14	14	12	2	14	14	4	15	1	15	16	27	25	27	11	14	14	25	16	4	10	2	2	14	14	14	27	4	4	14	14	14	27	16	14	14	23	27	20	14	14	4	4	14	23	26	14	23	14	14	4	26	6	6	24	4	4	20	16	11	27	14	14	1	25	14	14	26	14	23	23	12	2	14	14	23	25	14	2	27	8	1	23	9	14	14	20	14	23	23	14	5	8	20	3	1	14	4	4	5	5	27	14	20	20	20	5	14	2	23	1	7	14	3	14	14	2	25	2	2	14	3	26	14	27	27	26	14	3	14	14	14	14	8	8	27	14	14	23	27	23	3	14	14	14	14	26	14	2	7	26	23	5	14	14	14	14	4	7	14	14	26	14	14	27	3	23	13	13	23	4	1	14	14	14	14	27	14	10	4	11	23	23	8	26	25	10	2	2	27	14	3	1	27	2	9	27	14	14	16	5	1	1	14	5	14	14	1	26	14	7	11	14	14	14	13	2	14	14	5	5	3	14	27	14	14	14	5	9	3	8	1	23	10	14	14	12	14	4	3	12	14	14	4	23	2	5	26	23	2	14	14	2	14	1	25	14	4	26	14	14	4	2	23	14	5	20	12	26	4	27	14	14	2	2	11	14	1	1	23	1	16	16	14	14	14	14	17	2	22	23	2	2	14	26	14	11	9	10	14	9	26	25	14	4	26	5	27	27	16	23	14	3	14	14	10	8	7	14	14	27	15	14	7	8	23	10	10	1	14	14	20	3	14	14	2	27	20	14	26	23	16	6	27	19	7	7	27	22	22	14	3	26	14	2	2	3	14	3	23	14	14	14	2	4	14	14	27	15	13	7	14	14	9	26	2	11	26	26	13	14	1	3	9	20	1	11	3	1	1	5	18	7	2	2	14	27	3	3	26	14	11	14	14	2	3	23	14	14	25	24	27	26	14	27	14	14	2	26	26	1	23	1	23	11	23	4	10	23	3	16	20	2	23	14	7	23	26	17	17	7	20	23	14	26	1	26	14	2	26	14	23	23	26	23	4	4	23	15	4	22	3	14	14	23	11	15	3	14	1	23	10	14	14	14	22	14	1	20	14	22	7	14	14	1	26	16	7	27	1	2	13	23	26	14	1	26	1	4	26	3	23	14	3	3	14	4	7	3	14	14	27	11	14	1	23	23	10	10	2	1	14	26	2	14	17	2	22	14	2	26	2	2	23	7	26	19	23	4	27	25	14	5	26	14	23	4	27	14	3	24	24	14	14	3	26	14	14	27	3	14	1	26	26	10	10	1	23	2	23	3	3	17	2	27	11	2	7	11	16	6	14	19	10	27	14	3	25	14	4	1	23	22	14	23	23	14	20	2	14	20	1	14	14	14	27	3	3	26	7	3	3	9	14	1	16	16	23	3	14	2	27	20	2	14	14	14	6	27	14	27	27	21	20	23
DUE_DATE
0	30427	29996	29505	30574	30143	29652	30247	30296	29805	29854	30923	30492	29987	30016	30585	30074	31123	30672	30161	30190	30219	30248	30840	30342	31404	30966	30468	30510	30552	31127	30616	32385	31694	31243	30732	30761	30790	31359	30848	31907	31456	30945	30974	32023	31032	31601	31090	31659	31148	32199	31740	31221	31242	31263	31824	31305	33066	31347	32388	31929	33150	32451	33192	31507	31556	32625	32194	31703	32292	31785	31812	33579	33606	31893	32940	32967	33714	33021	33048	32595	32082	32106	33870	33174	32718	32202	32226	33990	34014	32838	32322	33366	34135	33452	34209	33046	32543	32580	33637	33194	33257	32776	32835	34634	34693	32977	32996	34035	33574	34793	34092	33631	33110	34149	33688	33167	33726	33205	34964	33243	33317	35116	35175	34514	34093	34125	34632	35379	33666	33693	34740	34287	34314	33801	34368	33855	33891	35664	35697	33990	35763	35076	35109	35862	35175	34714	34190	35226	34762	34238	34794	34270	34286	36042	36058	34334	34350	35386	36122	34938	35434	34970	34446	35511	35064	34557	34590	35163	34656	36429	36462	34755	35820	36582	35904	36666	35988	35550	35052	36111	35664	35157	35190	35223	35256	37029	37062	36375	37125	36432	36459	35466	36033	35520	35547	37314	36621	35628	36195	35695	36272	37509	37546	35843	36900	36457	37694	37731	36564	36057	36090	36123	37176	36189	36762	36255	36281	36844	38067	38090	36373	37416	37439	38182	37485	37028	36511	36534	37577	37121	37144	36627	36650	36673	37716	38459	38482	37305	38528	37831	37374	36857	36885	37932	37479	36966	36993	37560	37047	37074	37101	38868	38895	38197	38936	38235	38254	38273	37812	37291	38330	37869	37348	37907	37386	37405	39164	39183	37507	37556	39345	38674	39443	38772	38357	37876	38955	38534	38053	38647	38156	38205	39994	40043	38352	39405	38952	40179	39486	38493	39060	38547	39594	39141	38628	38655	38681	39244	38727	40490	40513	39816	40559	39862	40605	39428	38911	38934	39977	39997	38996	39015	39574	39593	40812	40831	39110	40149	40168	40187	40926	39745	39224	39243	40320	39882	39384	39426	39468	39510	41292	41327	39616	40665	40694	41443	40272	41501	40330	39819	40868	40447	39956	40545	40054	40103	40152	41211	41964	41997	40830	41343	42096	41409	40422	40455	41515	41072	40569	41146	40643	40680	40717	40754	42540	42582	41904	42666	41508	42030	42072	41640	41142	42204	41766	41808	41310	41352	41407	43196	43245	41554	42623	43392	42711	43464	42297	41790	42843	42396	41889	42462	41955	41981	42004	43767	43790	43093	42636	42659	43882	43185	42188	42211	43254	42797	42307	42356	42405	44194	43523	44292	44397	43296	43875	44640	43962	43524	43026	43068	44130	44172	43797	43356	43455	44021	43504	45267	45290	44593	44136	44159	45382	44685	43688	43711	43734	44777	44335	43832	43869	44446	43943	45720	45757	45074	44647	45176	44745	45994	44303	45372	44997	44556	44655	44717	44776	44835	44894	45973	46757	46816	45675	45194	46993	46377	45456	46575	46131	45624	46197	45690	45723	46776	45789	47562	47595	46915	46952	47709	47026	46583	46620	46117	47174	46735	46232	46809	46306	46343	48120	48157	46454	47537	47116	48375	47714	47773	46807	47876	47445	46954	47003	47592	47095	47132	48909	48946	48263	47820	47317	49094	48399	49140	48441	47982	47463	47484	48525	47526	48087	47568	49329	48150	47631	47652	49497	48876	48495	49735	49052	48609	48646	48143	49200	48217	48794	48295	50072	50109	48946	48443	48480	49537	50294	49627	50396	49725	49294	48803	48852	48882	49446	48930	50694	50718	50022	49566	49050	50094	49638	50862	50166	49725	49212	49239	50286	49293	49320	49887	51114	51141	49968	49455	50515	50552	51309	51346	50183	49680	49717	50774	49791	50364	49857	51630	51663	50496	50529	50022	51075	51835	51152	51189	50746	50243	50280	50317	50894	50385	50412	52179	52206	52233	51540	51087	51114	52341	51648	50655	50707	51776	51345	50854	51443	50952	50982	52026	52770	52794	52098	51642	51126	52890	52194	52938	51222	52266	51835	51332	52389	51406	51983	53220	52057	51554	51585	53352	52659	53406	52233	52740	52287	52314	51801	52848	51855	51882	52446	53670	53694	52518	52002	52566	53070	53814	53118	52122	53886	53215	52772	52269	52306	52343	52920	54157	54194	52491	53544	53097	53610	53163	54396	52689	53742	53295	52817	52876	52935	52994	53053	54815	54832	54129	53666	53143	54900	54197	54934	54231	53768	53245	53262	53819	53836	53313	53330	55087	55157	54496	54075	54134	54673	55435	53732	54789	54346	53843	54420	53917	53954	55037	55816	55875	54194	55993	55311	56064	55377	55410	54963	54456	55509	55062	54555	55125	54612	54639	56406	56433	54720	55767	55314	55341	56568	55875	56672	55006	56100	55694	55185	55212	55239	55806	57033	56340	55887	55374	57141	56448	57195	55607	57496	57535	55832	56889	56446	56963	56520	57757	57794	57872	56746	56280	57374	57405	58152	57459	58206	58233	57540	57087	56574	58341	58368	57675	58697	58797	57156	58995	58311	59064	58377	59130	59163	59196	58029	57522	58575	58627	58676	58245	59494	59543	58392	57917	57976	59775	59114	59893
TRANSPORT_MODE
0	2	1	1	1	0	0	0	2	2	1	1	2	0	0	0	2	1	1	1	0	0	0	0	2	2	1	1	1	0	0	0	2	2	1	1	1	0	0	0	2	2	1	1	1	0	0	0	2	2	1	1	1	0	0	0	0	3	1	1	1	0	0	0	1	2	2	1	1	0	0	0	3	3	1	1	0	0	0	0	1	2	2	1	1	0	0	0	3	3	1	1	1	0	0	0	2	2	1	1	1	0	0	0	3	3	1	1	1	0	0	0	1	2	2	1	1	0	0	0	0	1	3	3	1	1	0	0	0	1	2	2	1	0	0	0	0	1	3	3	1	1	0	0	0	1	2	2	1	1	0	0	0	1	3	3	1	1	0	0	0	1	2	2	1	1	0	0	0	1	3	3	1	1	0	0	0	0	1	2	2	1	1	0	0	1	3	3	1	0	0	0	0	1	2	2	1	1	0	0	0	1	3	3	1	1	0	0	0	1	2	2	1	1	0	0	0	0	1	3	3	1	1	0	0	0	1	2	2	1	1	0	0	0	1	1	3	3	1	0	0	0	1	2	2	1	0	0	0	0	1	1	3	3	1	0	0	0	1	2	2	1	1	0	0	0	1	3	3	1	1	0	0	0	1	2	2	1	1	0	0	0	1	3	3	1	1	0	0	0	0	1	1	2	2	1	0	0	0	1	3	3	1	0	0	0	1	1	2	2	1	0	0	0	1	3	3	1	1	0	0	0	1	2	2	1	1	0	0	0	1	3	3	1	1	0	0	0	0	1	2	2	1	1	0	0	0	1	1	3	3	1	0	0	0	1	2	2	1	0	0	0	0	1	1	3	3	1	0	0	0	1	2	2	1	1	0	0	0	1	3	3	1	1	0	0	0	1	2	2	1	1	0	0	0	1	3	3	1	1	0	0	0	1	2	1	2	1	0	0	0	1	3	3	1	0	0	0	0	1	2	2	1	1	0	0	0	1	3	3	1	1	0	0	0	1	2	2	1	1	0	0	0	1	3	3	1	1	0	0	0	1	2	2	1	1	0	0	0	0	1	3	3	1	1	0	0	1	2	1	1	0	0	0	0	1	3	3	1	1	0	0	0	1	2	2	1	1	0	0	0	3	3	1	1	1	0	0	0	2	2	1	1	1	0	0	0	3	3	1	1	1	0	0	0	1	2	2	1	1	0	0	0	3	1	1	1	0	0	0	0	1	2	2	1	1	0	0	0	3	3	1	1	1	0	0	0	2	2	1	1	1	0	0	0	3	3	1	1	1	0	0	0	2	2	1	1	1	0	0	0	3	3	1	1	2	0	0	0	1	1	1	1	0	0	0	3	3	1	1	1	0	0	0	2	2	1	1	0	0	0	0	3	3	1	1	1	0	0	0	2	2	1	1	1	0	0	0	0	3	3	1	1	1	0	0	0	2	2	1	1	1	0	0	3	1	1	1	0	0	0	0	2	2	1	1	1	0	0	0	3	3	1	1	0	0	0	0	2	2	1	1	1	0	0	0	3	3	1	1	1	0	0	0	2	2	1	1	1	0	0	0	3	3	1	1	1	0	0	0	2	1	1	1	0	0	0	0	3	3	1	1	1	0	0	2	2	1	1	0	0	0	0	3	3	1	1	1	0	0	0	2	2	1	1	1	0	0	0	3	3	1	1	1	0	0	0	0	2	2	1	1	1	0	0	3	1	1	1	0	0	0	0	3	3	1	1	1	0	0	0	3	3	1	1	0	0	0	0	3	3	1	1	1	0	0	0	3	3	1	1	1	0	0	0	3	3	1	1	1	0	0	0	3	3	1	1	1	0	0	0
PATIENT_WEIGHT
138	80	88	136	66	80	147	102	79	45	135	85	72	41	56	32	123	59	88	74	104	65	86	148	129	143	138	126	132	85	128	44	109	109	36	81	71	35	120	141	44	128	39	105	76	57	101	77	62	30	73	61	35	44	59	37	117	67	36	129	128	142	62	139	33	74	104	129	71	35	83	122	135	38	104	103	30	85	57	85	106	135	44	37	66	41	97	138	61	48	37	40	99	94	62	114	34	42	57	136	61	52	141	49	81	121	138	97	113	51	142	132	117	90	57	134	49	83	126	69	103	108	70	129	146	66	98	148	63	47	53	55	91	37	91	42	42	137	66	109	123	42	70	98	70	90	45	131	81	119	138	108	35	76	114	35	120	75	106	93	104	60	150	104	41	37	57	104	127	68	123	60	105	50	32	37	139	87	116	132	43	32	117	127	111	78	46	38	64	49	60	40	119	136	150	98	90	101	133	90	142	62	111	43	79	81	127	111	79	83	114	55	119	99	57	39	144	35	121	100	109	71	43	107	136	113	73	115	33	49	63	130	137	61	141	48	142	149	115	148	115	147	87	66	140	63	35	46	41	139	101	94	53	104	99	65	70	63	71	82	111	87	33	109	55	126	150	73	65	113	50	148	109	38	120	103	52	71	135	108	102	136	34	70	139	146	128	45	122	51	30	111	30	129	105	47	142	136	104	133	150	144	43	150	105	103	32	92	66	113	81	132	76	81	121	150	111	147	65	84	49	95	91	66	119	145	130	143	34	85	131	142	146	33	119	117	119	59	112	89	134	112	143	137	119	146	101	89	36	70	90	75	134	89	39	139	125	62	91	107	112	40	146	142	48	64	129	94	128	127	96	80	148	61	148	65	134	109	94	49	64	78	72	35	63	39	149	102	40	101	147	87	78	104	37	47	65	66	57	71	81	47	86	57	113	79	57	110	135	142	79	135	70	142	110	81	66	127	108	108	93	59	131	86	140	87	74	97	103	94	130	127	72	131	92	125	87	136	119	119	124	67	33	107	51	92	65	109	94	96	78	110	53	48	79	102	135	114	107	84	121	95	61	43	104	139	122	66	94	30	76	65	45	66	126	104	60	38	138	146	121	84	103	73	85	40	104	98	89	107	135	127	43	35	60	113	37	119	36	55	37	59	55	30	111	148	54	92	111	117	80	104	111	119	91	85	34	96	31	116	50	131	128	141	80	68	144	139	129	76	74	144	83	139	87	82	87	54	85	98	89	136	106	118	107	88	54	108	34	79	95	115	56	84	108	133	50	81	45	140	103	140	119	119	115	97	60	108	132	43	123	45	46	58	91	98	115	31	123	102	115	112	61	82	70	53	88	47	53	57	100	40	139	86	109	150	61	83	96	45	90	150	138	145	50	118	122	65	80	66	136	134	108	89	100	127	88	43	147	63	138	70	114	148	33	60	73	73	37	150	80	38	79	63	32	105	148	69	47	80	106	126	95	85	80	146	115	84	136	109	97	120	130	56	137	143	37	106	108	48	36	38	56	147	40	134	59	141	74	80	87	65	66	66	65	57	94	120	146	119	50	139	46	130	94	135	122	65	146	141	101	70	90	111	64	139	60	113	55	35	105	44	35	137	79	47	131	107	138	45	92	42	93	47	145	80	122	78	142	39	37	56	72	76	104	124	91	70	119	40	62	105	131	135	90	84	128	129	45	48	75	133	72	90	84	89	128	132	117	94	96	85	43	76	150	102	98	73	141	47	123	122	147	94	43	89	97	94	46	119	96	47	54	103	71	129	106	97	80	66	146	63	79	125	111	83	40	33	43	46	97	41	70	32	74	78	64	79	49	100	71
DISTANCE_MATRIX
0	360	318	300	288	276	264	264	150	150	150	60	90	90	162	168	204	228	234	312	360	408	348	318	168	192	168	318
360	60	264	318	324	342	342	342	348	348	354	360	372	378	378	420	420	480	462	498	462	462	384	420	372	420	378	378
318	264	60	270	276	288	288	288	294	294	294	318	318	324	324	414	414	468	462	486	462	462	330	366	366	408	372	324
300	318	270	60	276	288	288	288	288	288	288	300	300	312	318	408	408	468	462	486	438	438	318	360	360	402	360	312
288	324	276	276	60	276	276	276	276	276	276	288	288	300	300	402	396	462	456	480	432	432	300	360	360	402	348	300
276	342	288	288	276	60	180	180	252	258	264	264	264	288	288	390	390	456	450	480	432	432	288	348	348	348	288	288
264	342	288	288	276	180	60	180	246	258	264	264	264	288	288	390	390	456	450	480	432	432	288	348	348	348	288	288
264	342	288	288	276	180	180	60	240	258	264	264	264	288	288	390	390	456	450	480	432	432	288	348	348	348	288	288
150	348	294	288	276	252	246	240	60	120	120	150	126	270	270	378	384	420	438	480	420	408	276	300	300	300	276	270
150	348	294	288	276	258	258	258	120	60	120	150	150	270	270	378	384	420	438	480	420	408	276	300	300	300	276	270
150	354	294	288	276	264	264	264	120	120	60	150	150	270	270	378	384	420	438	480	420	408	276	300	300	300	276	270
60	360	318	300	288	264	264	264	150	150	150	60	90	162	168	228	234	312	360	408	348	318	168	192	192	198	168	162
90	372	318	300	288	264	264	264	150	150	150	90	60	162	168	228	234	312	360	408	348	318	168	192	192	198	168	162
90	378	324	312	300	288	288	288	270	270	270	162	162	60	120	180	180	306	210	360	300	300	120	180	120	180	120	234
162	378	324	318	300	288	288	288	270	270	270	168	168	120	60	180	180	306	210	360	300	300	120	180	120	180	120	120
168	420	414	408	402	348	348	348	300	300	300	228	228	180	180	60	132	204	132	348	258	258	186	60	180	132	222	180
204	420	414	408	396	390	390	390	384	384	384	234	234	180	180	132	60	204	132	348	258	258	186	60	180	132	222	180
228	480	468	468	462	456	456	456	420	420	420	312	312	306	306	204	204	60	198	120	240	240	306	204	306	138	306	306
234	462	462	462	456	450	450	450	438	438	438	360	360	210	210	132	132	198	60	138	132	132	210	132	210	132	210	210
312	498	486	486	480	480	480	480	480	480	480	408	408	360	360	348	348	120	138	60	348	348	360	348	360	348	360	360
360	462	462	438	432	432	432	432	420	420	420	348	348	300	300	258	258	240	132	348	60	60	300	258	300	258	300	300
408	462	462	438	432	432	432	432	408	408	408	318	318	300	300	258	258	240	132	348	60	60	300	258	300	258	300	300
348	384	330	318	300	288	288	288	276	276	276	168	168	120	120	186	186	306	210	360	300	300	60	186	120	186	120	120
318	420	366	360	360	348	348	348	300	300	300	192	192	180	180	60	60	204	132	348	258	258	186	60	180	60	180	180
168	372	300	306	300	288	288	288	270	270	270	168	168	120	120	180	180	306	210	360	300	300	120	180	60	180	120	120
192	420	408	402	402	348	348	348	300	300	300	198	198	180	180	132	132	138	132	348	258	258	186	60	180	60	180	180
168	378	372	360	348	288	288	288	276	276	276	168	168	120	120	222	222	306	210	360	300	300	120	180	120	180	60	120
318	378	324	312	300	288	288	288	270	270	270	162	162	234	120	180	180	306	210	360	300	300	120	180	120	180	120	60
DEPOTS_DISTANCE
234	462	462	462	456	450	450	450	438	438	438	360	360	210	210	132	132	198	60	138	132	132	210	132	210	132	210	210	
348	384	330	318	300	288	288	288	276	276	276	168	168	120	120	186	186	306	210	360	300	300	60	186	120	186	120	120	
318	420	366	360	360	348	348	348	300	300	300	192	192	180	180	60	60	204	132	348	258	258	186	60	180	60	180	180	
LOCATION_TURN_MATRIX
100	130	122	113	112	199	136	122	129	152	173	146	151	136	158	140	176	113	122	167	194	134	110	172	114	184	100	147	
170	100	154	188	164	169	136	136	152	170	104	183	155	115	101	104	155	187	174	115	149	134	178	168	114	135	168	102	
178	146	100	161	178	114	104	165	117	139	126	169	192	109	120	179	160	152	154	134	113	140	154	179	196	196	192	181	
187	112	139	100	158	114	195	181	104	132	195	106	183	169	132	170	140	136	172	148	116	110	123	136	151	120	176	169	
188	136	122	142	100	175	164	159	112	100	167	164	135	191	132	181	104	123	142	156	108	117	193	182	116	147	156	185	
101	131	186	186	125	100	190	147	164	150	137	102	145	176	185	131	113	108	117	186	118	151	140	178	154	189	172	110	
164	164	196	105	136	110	100	186	153	151	183	193	111	157	144	123	188	142	110	163	105	190	166	187	170	171	186	126	
178	164	135	119	141	153	114	100	106	130	108	103	151	178	122	151	130	133	184	177	110	141	166	110	122	174	191	197	
171	148	183	196	188	136	147	194	100	167	100	146	168	129	128	142	172	118	174	147	105	158	156	160	120	106	119	136	
148	130	161	168	200	150	149	170	133	100	177	106	175	116	188	180	176	194	108	146	130	187	183	173	128	141	169	176	
127	196	174	105	133	163	117	192	200	123	100	171	175	140	183	115	104	186	128	153	151	175	100	146	191	117	132	197	
154	117	131	194	136	198	107	197	154	194	129	100	136	184	140	147	172	184	148	131	103	156	185	200	152	158	154	143	
149	145	108	117	165	155	189	149	132	125	125	164	100	140	199	142	101	144	163	185	117	191	200	143	113	165	102	154	
164	185	191	131	109	124	143	122	171	184	160	116	160	100	109	116	196	113	131	186	166	139	183	175	144	161	105	170	
142	199	180	168	168	115	156	178	172	112	117	160	101	191	100	147	177	177	199	158	172	188	164	175	180	168	154	195	
160	196	121	130	119	169	177	149	158	120	185	153	158	184	153	100	152	159	197	157	181	159	102	123	168	200	124	186	
124	145	140	160	196	187	112	170	128	124	196	128	199	104	123	148	100	149	114	112	117	135	105	132	138	180	198	156	
187	113	148	164	177	192	158	167	182	106	114	116	156	187	123	141	151	100	166	132	168	163	159	123	129	173	161	116	
178	126	146	128	158	183	190	116	126	192	172	152	137	169	101	103	186	134	100	184	199	137	130	160	148	113	140	150	
133	185	166	152	144	114	137	123	153	154	147	169	115	114	142	143	188	168	116	100	111	195	128	157	191	164	141	171	
106	151	187	184	192	182	195	190	195	170	149	197	183	134	128	119	183	132	101	189	100	129	151	163	147	166	104	177	
166	166	160	190	183	149	110	159	142	113	125	144	109	161	112	141	165	137	163	105	171	100	101	185	169	129	103	197	
190	122	146	177	107	160	134	134	144	117	200	115	100	117	136	198	195	141	170	172	149	199	100	106	150	116	118	145	
128	132	121	164	118	122	113	190	140	127	154	100	157	125	125	177	168	177	140	143	137	115	194	100	128	167	115	155	
186	186	104	149	184	146	130	178	180	172	109	148	187	156	120	132	162	171	152	109	153	131	150	172	100	155	124	184	
116	165	104	180	153	111	129	126	194	159	183	142	135	139	132	100	120	127	187	136	134	171	184	133	145	100	129	192	
200	132	108	124	144	128	114	109	181	131	168	146	198	195	146	176	102	139	160	159	196	197	182	185	176	171	100	146	
153	198	119	131	115	190	174	103	164	124	103	157	146	130	105	114	144	184	150	129	123	103	155	145	116	108	154	100	
DEPOTS_TO_LOCAL_TURN_MATRIX
178	126	146	128	158	183	190	116	126	192	172	152	137	169	101	103	186	134	100	184	199	137	130	160	148	113	140	150	
190	122	146	177	107	160	134	134	144	117	200	115	100	117	136	198	195	141	170	172	149	199	100	106	150	116	118	145	
128	132	121	164	118	122	113	190	140	127	154	100	157	125	125	177	168	177	140	143	137	115	194	100	128	167	115	155	
LOCAL_TO_DEPOT_TURN_MATRIX
122	174	154	172	142	117	110	184	174	108	128	148	163	131	199	197	114	166	100	116	101	163	170	140	152	187	160	150	
110	178	154	123	193	140	166	166	156	183	100	185	200	183	164	102	105	159	130	128	151	101	100	194	150	184	182	155	
172	168	179	136	182	178	187	110	160	173	146	200	143	175	175	123	132	123	160	157	163	185	106	100	172	133	185	145	

