INDEX_PROBLEM
1
PATIENTS
800
STRETCHERS
16
NUM_ROOM
28
NUM_DEPOT
3
NUM_PRIORITY
4
PRIORITY_LIST
0	1	2	3	4
PRIORITY_WEIGHT
0	1	10	18	30
PRIORITY_JOB
0	2	3	4	2	3	4	3	3	3	4	2	3	4	4	4	4	4	1	2	3	3	4	3	4	2	3	4	4	4	4	4	2	3	4	4	2	3	4	3	4	3	4	4	2	4	4	3	3	4	4	2	3	4	3	4	4	1	1	3	4	2	1	2	2	3	4	2	1	3	4	4	1	1	4	3	4	2	1	1	2	3	4	4	2	3	4	4	1	1	3	4	2	2	1	2	1	3	4	4	4	4	3	4	2	1	1	3	4	3	2	3	3	2	3	4	4	4	4	3	2	1	1	3	4	1	2	1	4	1	2	3	4	4	4	3	2	1	1	3	4	2	1	2	4	2	3	4	2	4	4	3	4	3	1	4	4	1	2	1	4	2	3	4	4	4	3	4	3	2	1	1	3	2	1	2	4	2	3	4	4	4	3	4	1	2	1	1	3	2	1	2	4	2	3	4	4	4	3	4	2	1	1	3	4	1	3	1	4	2	3	4	4	4	3	4	1	2	1	1	3	4	2	3	2	4	2	3	4	3	4	4	3	4	2	1	1	3	1	2	2	4	1	2	3	4	4	4	3	2	3	1	1	4	1	1	2	4	4	2	3	4	4	4	3	2	3	1	1	4	1	2	1	3	4	2	3	4	4	4	4	4	2	3	1	1	2	1	2	2	4	4	2	3	4	4	4	1	2	1	1	3	1	2	3	4	2	3	4	4	4	3	4	2	3	1	1	4	1	1	2	1	4	2	3	4	4	4	3	4	2	3	1	1	4	3	2	1	4	4	2	3	4	4	4	4	2	3	4	1	1	2	2	1	4	2	2	3	4	3	4	3	2	3	1	1	4	2	1	2	4	2	3	4	4	4	4	4	2	3	1	1	4	1	1	3	4	2	3	4	4	3	4	4	4	2	3	1	1	2	3	1	4	2	3	4	4	4	2	3	2	2	1	1	3	1	2	4	4	2	3	4	4	3	4	4	2	3	1	1	4	1	2	1	2	3	4	4	4	4	3	4	1	2	3	1	1	4	2	2	1	2	3	4	4	4	4	4	3	2	3	1	1	4	3	2	4	2	2	3	2	4	3	1	4	1	1	3	4	2	1	1	4	2	3	4	2	4	4	3	3	1	1	4	4	2	1	3	4	2	3	4	4	2	4	4	4	3	4	1	1	2	1	3	2	2	3	4	4	2	4	3	2	1	1	3	4	1	2	4	2	3	4	4	2	3	4	4	3	1	1	4	2	2	1	2	3	4	4	3	2	3	4	4	1	4	1	1	4	2	3	2	1	3	4	4	2	4	4	3	4	3	1	1	4	2	2	3	2	3	4	2	3	4	3	1	4	1	1	4	2	2	2	1	3	4	2	3	4	4	4	3	1	1	4	4	2	2	1	2	3	4	2	3	4	4	4	4	4	1	4	2	3	1	3	1	4	4	2	3	3	3	4	3	1	1	2	3	4	2	1	2	4	1	2	3	4	4	4	3	1	1	4	2	3	2	1	2	4	4	2	3	4	4	4	4	1	1	2	3	4	1	3	1	2	4	2	3	4	3	4	3	1	1	4	2	3	1	2	3	3	2	3	4	4	3	4	1	1	4	1	2	1	2	2	3	4	4	2	3	4	3	4	1	1	4	4	2	1	1	2	4	3	4	2	3	4	4	3	4	1	4	2	3	1	2	1	2	4	2	3	3	4	3	4	1	1	2	3	3	1	2	4	1	1	4	4	1	2	1	1	1	1	2	3	4	2	1	2	1	1	2	3	4	1	3	2	1	1	4	4	2	1	2	2	1	3	4	2	1	2	1	1	1	1	3	4	4	2	1	3
TIME_ASKED
0	28849	28898	28947	28996	29045	29094	29149	29198	29247	29296	29345	29394	29429	29458	29487	29516	29545	29574	29603	29632	29661	29690	29742	29784	29826	29868	29910	29952	29994	30029	30058	30087	30116	30145	30174	30203	30232	30261	30290	30329	30358	30387	30416	30445	30474	30503	30532	30561	30590	30621	30642	30663	30684	30705	30726	30747	30768	30789	30810	30831	30852	30873	30894	30949	30998	31047	31096	31145	31194	31227	31254	31281	31308	31335	31362	31389	31416	31443	31470	31497	31524	31548	31572	31596	31620	31644	31668	31692	31716	31740	31764	31788	31837	31874	31911	31948	31985	32022	32059	32096	32159	32218	32277	32336	32395	32419	32438	32457	32476	32495	32514	32533	32552	32571	32590	32609	32628	32647	32666	32685	32759	32818	32877	32936	32995	33027	33054	33081	33108	33135	33162	33189	33216	33243	33270	33297	33333	33366	33399	33432	33465	33498	33531	33564	33597	33616	33632	33648	33664	33680	33696	33712	33728	33744	33760	33776	33792	33808	33824	33840	33856	33872	33888	33933	33966	33999	34032	34065	34098	34131	34164	34197	34242	34284	34326	34368	34410	34452	34494	34533	34566	34599	34632	34665	34698	34731	34764	34797	34827	34854	34881	34908	34935	34962	34989	35016	35043	35070	35097	35137	35174	35211	35248	35285	35322	35359	35396	35433	35466	35499	35532	35565	35598	35631	35664	35697	35723	35746	35769	35792	35815	35838	35861	35884	35907	35930	35953	35976	35999	36023	36046	36069	36092	36115	36138	36161	36184	36207	36230	36253	36276	36299	36327	36354	36381	36408	36435	36462	36489	36516	36543	36570	36597	36619	36638	36657	36676	36695	36714	36733	36752	36771	36790	36809	36828	36847	36866	36885	36949	36998	37047	37096	37145	37194	37259	37318	37377	37436	37495	37549	37598	37647	37696	37745	37794	37827	37854	37881	37908	37935	37962	37989	38016	38043	38070	38097	38123	38146	38169	38192	38215	38238	38261	38284	38307	38330	38353	38376	38399	38419	38438	38457	38476	38495	38514	38533	38552	38571	38590	38609	38628	38647	38666	38685	38742	38784	38826	38868	38910	38952	38994	39029	39058	39087	39116	39145	39174	39203	39232	39261	39290	39349	39398	39447	39496	39545	39594	39633	39666	39699	39732	39765	39798	39831	39864	39897	39937	39974	40011	40048	40085	40122	40159	40196	40242	40284	40326	40368	40410	40452	40494	40542	40584	40626	40668	40710	40752	40794	40849	40898	40947	40996	41045	41094	41133	41166	41199	41232	41265	41298	41331	41364	41397	41423	41446	41469	41492	41515	41538	41561	41584	41607	41630	41653	41676	41699	41749	41798	41847	41896	41945	41994	42099	42198	42297	42342	42384	42426	42468	42510	42552	42594	42699	42798	42897	42923	42946	42969	42992	43015	43038	43061	43084	43107	43130	43153	43176	43199	43237	43274	43311	43348	43385	43422	43459	43496	43549	43598	43647	43696	43745	43794	43899	43998	44097	44159	44218	44277	44336	44395	44459	44518	44577	44636	44695	44799	44898	44997	45033	45066	45099	45132	45165	45198	45231	45264	45297	45337	45374	45411	45448	45485	45522	45559	45596	45637	45674	45711	45748	45785	45822	45859	45896	45959	46018	46077	46136	46195	46249	46298	46347	46396	46445	46494	46537	46574	46611	46648	46685	46722	46759	46796	46821	46842	46863	46884	46905	46926	46947	46968	46989	47010	47031	47052	47073	47094	47199	47298	47397	47437	47474	47511	47548	47585	47622	47659	47696	47737	47774	47811	47848	47885	47922	47959	47996	48049	48098	48147	48196	48245	48294	48324	48348	48372	48396	48420	48444	48468	48492	48516	48540	48564	48588	48627	48654	48681	48708	48735	48762	48789	48816	48843	48870	48897	48937	48974	49011	49048	49085	49122	49159	49196	49233	49266	49299	49332	49365	49398	49431	49464	49497	49537	49574	49611	49648	49685	49722	49759	49796	49827	49854	49881	49908	49935	49962	49989	50016	50043	50070	50097	50149	50198	50247	50296	50345	50394	50424	50448	50472	50496	50520	50544	50568	50592	50616	50640	50664	50688	50737	50774	50811	50848	50885	50922	50959	50996	51027	51054	51081	51108	51135	51162	51189	51216	51243	51270	51297	51324	51348	51372	51396	51420	51444	51468	51492	51516	51540	51564	51588	51637	51674	51711	51748	51785	51822	51859	51896	51933	51966	51999	52032	52065	52098	52131	52164	52197	52259	52318	52377	52436	52495	52517	52534	52551	52568	52585	52602	52619	52636	52653	52670	52687	52704	52721	52738	52755	52772	52789	52859	52918	52977	53036	53095	53137	53174	53211	53248	53285	53322	53359	53396	53459	53518	53577	53636	53695	53733	53766	53799	53832	53865	53898	53931	53964	53997	54027	54054	54081	54108	54135	54162	54189	54216	54243	54270	54297	54374	54448	54522	54596	54627	54654	54681	54708	54735	54762	54789	54816	54843	54870	54897	55049	55198	55237	55274	55311	55348	55385	55422	55459	55496	55574	55648	55722	55796	55827	55854	55881	55908	55935	55962	55989	56016	56043	56070	56097	56399	56499	56598	56697	56733	56766	56799	56832	56865	56898	56931	56964	56997	57049	57098	57147	57196	57245	57294	57359	57418	57477	57536	57595
ORIGIN
26	16	6	27	19	3	27	23	25	14	14	10	2	22	14	23	4	14	3	23	2	14	26	16	14	14	14	7	14	26	7	23	14	9	1	23	14	14	23	4	2	14	2	3	2	2	14	14	14	6	27	18	7	27	20	8	2	14	17	2	23	23	2	26	4	7	23	14	14	14	25	1	14	25	14	27	14	9	3	14	14	7	23	11	4	4	23	14	4	14	14	14	4	5	1	14	27	14	18	7	27	20	20	1	27	2	17	17	20	2	14	14	12	7	14	4	24	15	1	27	16	23	3	23	3	2	14	14	14	4	10	2	23	14	14	14	27	16	23	15	27	14	27	4	4	14	23	27	20	14	14	4	4	14	26	27	20	14	14	14	2	23	6	24	15	4	20	16	11	27	26	14	14	14	23	18	14	14	14	23	12	2	25	14	14	25	14	14	14	9	9	1	23	14	14	20	8	2	23	14	5	4	27	2	14	5	5	14	14	25	27	14	4	23	20	5	14	2	7	17	2	14	14	14	14	2	2	25	2	23	14	3	26	14	25	25	27	14	14	14	25	14	14	8	27	23	14	23	16	14	4	4	4	27	27	27	16	2	14	7	26	23	5	14	14	14	14	14	23	14	14	3	14	24	27	3	23	13	3	23	4	1	27	14	14	14	1	25	14	14	9	23	23	8	26	25	10	2	25	14	2	1	8	1	14	9	27	14	16	5	2	1	14	5	4	20	3	1	14	4	4	14	8	14	13	2	5	14	5	14	2	2	1	7	7	3	14	14	14	3	8	1	23	10	14	14	12	3	27	14	3	14	14	16	8	2	5	26	23	2	14	14	23	23	3	14	14	14	14	26	14	4	2	23	14	5	20	12	4	4	7	14	14	26	14	16	6	14	1	23	10	1	16	14	14	13	14	14	27	14	10	4	11	2	14	26	11	3	9	14	14	27	14	3	14	27	10	27	27	16	23	14	3	14	14	10	5	14	14	1	26	14	7	11	8	14	23	10	1	14	14	20	9	3	27	14	27	14	14	14	5	3	16	6	27	19	7	27	22	12	14	3	4	14	14	4	2	3	14	3	23	14	14	2	2	1	25	1	14	4	26	14	14	20	9	26	2	11	26	13	4	27	14	14	2	2	2	11	3	1	5	27	18	7	2	14	27	14	14	17	2	22	23	2	2	2	3	23	14	25	24	11	26	25	14	14	4	26	5	26	14	2	1	23	11	7	23	4	8	7	14	14	27	15	14	7	14	23	26	17	7	14	20	23	23	14	14	2	20	14	14	26	23	26	23	14	4	20	15	4	22	14	3	26	14	2	2	12	3	1	23	10	2	14	14	14	14	14	14	14	13	13	7	14	1	26	16	7	27	1	2	4	1	3	9	20	1	1	11	3	3	23	14	3	24	14	4	7	3	3	3	14	11	11	14	14	26	23	10	2	1	12	14	26	14	27	27	14	2	2	26	2	2	14	7	26	19	23	4	23	23	3	16	2	23	23	14	14	27	14	3	24	14	14	20	3	26	1	26	14	2	26	14	23	26	10	1	23	12	2	23	3	3	14	14	14	23	11	15	3	16	6	27	19	10	27	14	14	20	14	20	14	7	14	1	23	14	3	23	14	20	20	4	23	26	14	1	26	1	11	26	3	9	1	23	26	16	23	3	3	14	14	14	27	14	1	23	26	6	27	18	20	27	21	20	14	17	10	22	14	2	26	23	14	3	23	23	27	19	16	27	27	25	7	27	26	14	14	14	9	1	23	26	26	14	13	27	14	14	3	24	3	1	26	26	5	27	18	7	27	20	8	2	17	2	1	23	2	7	11	3
DESTINATION
3	14	17	2	22	23	2	26	14	3	3	14	14	19	16	27	14	25	14	4	27	9	3	14	9	1	1	20	4	14	13	27	4	14	14	27	5	5	1	14	27	5	27	14	27	27	20	8	2	17	2	27	20	2	14	14	24	16	6	14	27	3	27	23	14	23	3	26	2	2	14	14	4	14	4	2	4	14	26	16	16	23	27	15	14	14	27	4	14	9	9	9	14	14	23	4	2	26	27	20	2	14	14	14	2	14	6	6	7	27	20	8	11	23	26	14	2	14	23	18	14	7	23	7	23	14	25	1	1	14	14	14	27	9	9	1	23	14	7	11	23	4	23	14	14	4	27	2	14	5	5	14	14	25	14	18	7	20	20	1	27	7	17	2	14	14	14	14	12	2	14	4	4	15	1	27	16	25	25	27	11	14	14	25	16	14	4	10	2	14	14	14	27	4	4	14	14	27	27	16	14	14	23	27	20	14	14	4	4	14	23	26	14	3	14	14	4	24	23	6	24	4	4	20	16	27	27	14	14	1	25	14	14	26	14	14	23	2	2	25	14	25	25	14	2	27	8	1	14	9	14	14	14	2	2	23	14	27	8	20	3	1	14	4	4	5	8	25	27	20	20	23	5	2	2	23	1	7	14	3	14	14	2	25	25	2	23	14	3	16	14	27	26	14	3	14	14	14	14	8	27	14	14	23	16	14	23	3	14	14	14	14	26	14	14	7	26	23	5	14	14	26	14	4	7	14	14	26	14	16	27	27	23	13	13	23	4	1	2	14	14	14	27	14	10	4	11	14	23	8	26	25	10	14	14	27	14	3	1	27	10	9	27	27	14	16	5	2	1	14	8	14	14	1	26	14	7	11	14	14	13	2	2	14	5	14	17	3	14	27	14	14	14	5	9	7	3	1	23	10	14	14	12	14	4	3	12	14	14	4	8	2	5	26	25	2	14	2	2	14	1	25	14	4	26	14	14	4	2	23	14	5	20	12	14	4	27	14	14	2	2	11	14	14	23	1	23	1	1	16	14	14	14	17	2	22	23	2	2	11	2	26	14	3	3	14	27	26	25	14	4	26	5	27	27	23	14	23	3	14	14	10	8	7	14	14	27	15	14	7	14	23	10	10	14	14	14	20	23	14	14	2	27	20	14	26	23	3	16	6	27	19	7	27	22	22	14	3	26	14	2	12	3	14	3	3	23	14	14	14	4	14	14	27	15	13	7	14	14	20	9	26	2	11	26	13	4	1	3	9	20	1	11	3	3	5	5	27	7	2	2	14	27	3	3	26	14	11	14	14	2	3	23	14	25	24	24	11	26	14	27	14	14	2	26	26	2	2	1	1	7	7	23	4	23	3	16	20	2	23	14	14	23	26	17	7	14	14	20	23	26	1	26	14	2	26	14	23	26	23	23	4	20	20	15	4	3	3	14	14	23	11	15	3	1	23	23	2	14	14	14	22	14	20	20	14	22	7	14	1	1	26	16	27	1	1	2	4	23	26	14	1	26	1	11	26	3	23	14	3	24	14	4	7	3	14	14	27	11	14	1	23	23	10	10	2	1	12	14	26	14	17	2	22	14	2	26	2	14	2	7	26	23	4	23	27	25	14	5	26	14	14	14	27	14	3	24	14	14	20	3	26	14	14	27	3	14	1	26	26	10	1	1	23	2	23	3	3	17	2	27	11	2	7	11	16	6	14	19	10	27	14	3	25	14	4	1	23	22	14	23	23	14	20	2	14	20	20	4	14	14	27	3	3	26	7	23	9	1	14	1	26	23	3	3	14	2	27	20	2	14	14	14	6	27	14	27	27	21	20	23
DUE_DATE
0	30427	29996	29505	30574	30143	29652	30247	30296	30345	29854	30923	30492	29987	30016	30045	30074	30103	31872	31181	30730	30759	30248	30840	30342	31404	30966	30468	30510	30552	30587	30616	31665	31214	30703	30732	31781	31330	30819	31388	30887	31456	30945	30974	32023	31032	31061	31630	31659	31148	31179	32220	31761	31242	31803	31284	31305	33066	33087	31908	31389	32430	33171	32472	32527	32096	31605	32674	33443	32292	31785	31812	33579	33606	31893	32460	31947	32994	33741	33768	33075	32622	32106	32130	33174	32718	32202	32226	33990	34014	32838	32322	33366	33415	34172	33489	34246	33083	32580	32617	32654	32717	33316	32835	33914	34693	34717	33536	33015	33574	34073	33612	33631	34130	33669	33148	33167	33186	33205	33764	34263	35057	35116	33975	33494	35293	34605	35352	33639	35406	34713	34260	33747	33774	33801	34368	34875	35631	35664	34497	33990	35043	35796	35109	34122	35175	34714	34190	35226	34222	34238	34794	34270	34826	36042	34318	34334	36090	35386	36122	34398	35434	34970	34446	34491	34524	35097	34590	35163	35676	36429	36462	35295	35820	36582	35904	34926	35988	35550	35052	35091	35124	35697	35190	36963	36276	37029	37062	35895	36405	37152	36459	35466	36513	36060	35547	35574	35601	36168	35655	36715	37472	37509	36346	35843	37620	36457	37694	35991	37044	36597	36090	36123	36156	36729	36222	37995	37301	38044	38067	36890	36373	37416	36959	37462	36465	37508	37051	36534	37097	36581	36604	37167	36650	37693	38436	38459	37282	38505	37808	37831	36834	38597	37905	37452	36939	36966	36993	37560	38067	37614	38841	38868	37155	38917	38936	38235	37234	37253	38292	37831	37310	37329	37348	37907	38406	37945	39164	39183	37507	39296	38625	39394	38243	37752	38837	38416	37935	37994	38053	38107	38156	39225	38794	40043	40092	39405	40152	39459	39486	38493	38520	39567	39114	38601	38628	38655	40421	39724	40467	40490	39313	40536	39839	39382	38865	39908	39451	38934	38957	38977	39536	39015	40054	39593	40812	40831	39110	40869	40888	40187	40926	39205	40244	39783	39300	39342	39384	39966	39468	40530	40092	41327	41356	39645	40214	40723	41472	39761	39790	40839	40388	39907	39956	40005	40054	41123	40692	40191	41964	41997	41310	41343	42096	40389	41442	41475	41035	40532	41109	40606	41183	41700	41257	42494	42540	40842	41904	42666	41988	41010	42072	41640	41142	41184	41226	41268	41310	42372	41947	43196	43245	41554	43343	43392	42231	41724	42777	42330	41823	41856	42429	41922	41955	41981	43024	42567	43790	43813	43116	42659	43882	42165	43208	42751	42234	42257	42307	43376	42945	43474	43523	44292	44397	43296	44595	43920	42942	42984	44046	43608	43110	43152	43797	43356	43455	44501	44044	45267	45290	43573	45336	44639	45382	44685	44228	43711	43734	43757	43795	44372	43869	45646	44963	44520	45757	45794	44107	45176	45225	45994	45323	44892	44457	44556	44655	44717	44776	45375	45914	45493	46757	46816	45135	45734	46273	45357	46476	46575	46131	46644	45657	46230	47463	45756	47529	47562	46395	45895	46952	47709	47746	46043	47100	46657	46154	47215	46232	46269	46846	46883	48120	48157	46454	46517	47596	48375	47234	46753	47827	47396	46905	46954	48023	47052	47095	47132	47709	47206	48983	49020	48337	49094	47919	48420	48441	47982	47463	47484	48525	47526	48087	48588	49329	49350	48171	47652	49497	48876	47955	49015	48572	48069	48106	49163	48720	48217	48254	48835	50072	50109	48406	49463	49500	50257	49574	49147	48656	48705	49294	49823	49392	48882	48906	50670	48954	50718	50742	49026	50070	49614	50118	50862	49686	49185	49212	50259	49266	49293	49860	49347	49914	51141	51168	49455	50515	50552	50109	50626	50183	49680	50737	50294	49791	50364	51597	49890	51663	51696	49989	51042	51075	51115	51872	50709	50206	51263	50820	50317	50354	50385	50952	52179	52206	50493	50520	51567	51594	52341	51648	51195	50707	51776	51345	50854	50903	50952	50982	51006	52770	51054	52098	51642	52866	51690	52914	51198	51222	52266	51835	51872	51909	51406	51983	53220	53257	52574	52125	51612	52659	53406	52713	51720	53487	52794	52341	51828	51855	51882	52446	53670	53694	51978	53022	52566	53070	53814	53118	52122	52146	53215	52772	52269	52306	52343	52380	54157	54194	53511	53064	52557	54330	53163	54396	53709	52722	53775	53357	52876	53475	52994	53593	54815	54832	53109	54146	53683	54900	54197	53734	53751	54248	53785	53262	53279	53836	53313	55070	55087	53417	55216	54555	55334	54673	54715	54272	53769	53806	54863	54420	53917	54494	54017	55816	55875	54194	54253	55311	56064	56097	55410	54423	54996	54489	55542	55095	54585	54612	55179	54666	56433	54720	55767	55314	56541	55848	56595	55952	55006	56100	55694	55725	55212	55779	55266	57033	57060	56367	55914	55941	57168	56475	55607	57496	57535	55832	55869	57646	56963	57720	57757	57794	57872	57226	56820	56354	57405	58152	57459	58206	58233	57540	57087	56574	58341	57168	57675	58697	58797	57156	57255	58311	59064	58377	58410	59163	57996	57489	58542	59295	58627	59396	59445	59494	59543	58392	57917	57976	59055	59834	58693
TRANSPORT_MODE
0	2	2	1	1	0	0	0	2	2	1	1	1	0	0	0	2	2	1	1	1	0	0	0	2	2	1	1	1	0	0	0	2	2	1	1	1	0	0	0	0	2	1	1	1	0	0	0	2	2	1	1	1	0	0	0	0	3	3	1	1	0	0	0	1	2	2	1	1	0	0	0	3	3	1	1	1	0	0	0	2	2	1	1	1	0	0	0	3	3	1	1	1	0	0	0	0	2	1	1	1	0	0	0	1	3	3	1	1	0	0	0	0	1	2	2	1	0	0	0	1	3	3	1	1	0	0	0	1	2	2	1	1	0	0	0	1	3	3	1	1	0	0	0	1	2	2	1	1	0	0	0	0	1	3	1	1	0	0	0	1	2	2	1	1	0	0	0	0	1	3	3	1	0	0	0	1	1	2	2	1	0	0	0	1	1	3	3	1	0	0	0	1	2	2	1	1	0	0	0	1	3	3	1	1	0	0	0	1	2	2	1	1	0	0	0	0	1	3	3	1	1	0	0	0	1	1	2	2	0	0	0	0	1	1	3	3	1	0	0	0	1	1	2	2	1	0	0	0	1	1	3	3	1	0	0	0	1	1	2	2	1	0	0	0	1	1	3	3	1	0	0	0	0	1	1	2	2	1	0	0	0	1	1	3	3	0	0	0	0	1	1	1	2	2	0	0	1	1	3	3	1	0	0	0	1	1	2	2	1	0	0	0	1	1	3	3	1	0	0	0	0	1	1	2	2	1	0	0	0	1	1	3	3	1	0	0	0	0	1	1	2	2	0	0	0	1	1	1	3	3	0	0	0	1	1	2	2	1	0	0	0	1	1	3	3	1	0	0	0	1	1	2	2	1	0	0	0	1	1	3	3	1	0	0	0	1	1	2	2	1	0	0	0	0	1	1	3	3	0	0	0	1	1	2	2	1	0	0	0	1	1	3	3	1	0	0	0	1	1	2	2	1	0	0	0	1	1	3	3	1	0	0	0	1	1	2	2	1	0	0	0	0	1	1	3	3	1	0	0	0	1	1	2	2	0	0	0	0	1	1	3	3	1	0	0	1	1	2	2	1	0	0	0	1	3	3	1	1	0	0	0	1	2	2	1	1	0	0	0	1	3	3	1	1	0	0	0	0	1	2	2	1	1	0	0	0	1	1	3	3	0	0	0	0	1	1	2	2	1	0	0	1	3	3	1	1	0	0	0	1	2	2	1	1	0	0	0	1	3	3	1	1	0	0	0	1	2	2	1	1	0	0	0	0	1	3	3	1	1	0	0	0	1	2	1	1	0	0	0	0	1	3	3	1	1	0	0	1	2	2	1	1	0	0	0	1	3	3	1	1	0	0	0	2	2	1	1	1	0	0	0	3	3	1	1	1	0	0	0	2	2	1	1	1	0	0	0	0	3	1	1	1	0	0	0	1	2	2	1	1	0	0	0	3	3	1	1	1	0	0	0	2	2	1	1	1	0	0	0	3	3	1	1	1	0	0	0	2	2	1	1	1	0	0	0	3	3	1	1	1	0	0	0	0	2	1	1	1	0	0	0	3	3	1	1	1	0	0	0	2	2	1	1	0	0	0	3	3	1	1	1	0	0	0	2	2	1	1	1	0	0	0	3	3	1	1	1	0	0	0	0	2	2	1	1	1	0	0	0	3	1	1	1	0	0	0	0	2	2	1	1	1	0	0	3	3	1	1	0	0	0	0	3	3	1	1	1	0	0	0	3	3	1	1	1	0	0	0	3	3	1	1	1	0	0	0	3	3	1	1	1	0	0	0	3	1	1	1	0	0	0	0	3	3	1	1	1	0	0	0
PATIENT_WEIGHT
130	143	87	42	89	129	121	97	100	38	51	33	67	98	130	145	40	59	41	108	53	105	70	147	46	44	34	127	45	34	141	122	82	123	119	127	77	102	69	121	45	148	53	47	70	63	134	60	32	49	105	50	106	140	132	31	99	102	93	90	91	61	48	70	42	39	118	49	120	131	146	33	120	103	120	141	57	119	105	142	108	91	83	86	68	91	70	128	68	101	102	106	72	87	99	95	63	44	80	32	53	35	140	34	84	101	142	114	40	97	101	141	50	30	69	52	42	88	73	71	124	123	31	106	79	49	33	47	43	48	31	141	89	59	60	121	55	47	102	32	138	89	138	71	53	30	150	116	124	130	33	74	73	93	77	79	42	36	102	49	62	73	34	68	95	83	149	127	97	142	34	39	50	82	115	134	73	39	43	70	50	108	133	117	53	114	122	73	35	80	47	58	147	44	93	70	72	98	40	110	149	36	31	145	52	129	69	103	76	102	89	120	81	70	68	95	33	31	92	54	74	146	122	35	54	112	81	46	131	125	118	122	106	69	68	129	129	138	108	123	100	107	41	42	98	49	110	96	141	141	86	97	81	111	71	136	84	146	110	69	105	90	90	117	141	126	61	53	148	67	69	113	121	127	122	139	137	134	43	107	115	35	92	86	58	60	48	97	55	70	120	93	55	136	130	33	82	101	75	48	45	120	109	66	133	54	39	118	43	106	120	77	44	75	30	84	49	88	35	41	40	142	80	108	73	148	113	115	82	50	63	84	116	101	52	93	75	60	58	55	141	87	106	100	104	132	86	79	39	87	127	132	77	140	53	128	116	103	86	111	87	124	84	81	81	112	66	59	116	31	143	83	122	139	132	30	67	126	76	61	52	48	54	44	77	124	124	96	114	131	82	44	76	40	46	129	108	63	112	103	71	47	122	86	124	48	105	111	39	67	123	98	85	72	71	31	143	115	104	32	35	44	122	113	35	58	80	31	142	127	124	40	49	76	48	90	123	109	84	97	56	142	74	148	70	126	76	139	114	46	64	49	110	99	111	50	148	100	97	69	62	110	68	44	117	86	75	70	115	142	81	33	150	96	78	111	99	148	140	97	83	51	106	44	146	31	37	73	64	49	115	140	144	121	136	147	30	144	109	30	54	125	85	82	99	75	99	96	81	77	95	123	125	35	111	109	88	52	121	132	116	46	126	65	62	31	60	66	127	102	41	134	78	51	32	112	126	130	138	123	105	38	120	145	33	46	103	41	93	56	41	68	110	45	62	127	106	117	63	91	128	62	93	127	94	39	65	104	73	92	143	113	99	133	40	109	52	105	62	148	140	47	53	126	36	150	53	94	95	86	146	149	117	40	53	50	33	66	98	61	127	137	85	41	100	148	142	87	33	113	45	128	55	67	96	107	111	144	147	42	145	35	65	32	140	64	102	41	131	64	51	137	100	137	79	97	60	45	93	74	139	99	68	40	96	122	72	80	63	58	102	118	42	129	49	31	31	37	55	116	75	106	41	46	106	136	89	127	66	112	145	48	32	126	107	74	32	31	76	118	90	45	114	118	108	58	132	77	37	144	125	111	97	105	144	120	136	111	49	64	87	71	33	116	35	116	83	74	56	85	95	117	79	30	129	55	117	40	125	133	40	138	108	128	117	124	140	100	39	60	42	99	147	110	130	95	37	135	48	50	97	38	62	46	72	85	141	115	92	33	54	90	61	135	69	45	142	87	48	44	124	107	143	148	122	150	96	73	35	67	45	59	40	85	37	69	45	84	35	74	50	69	69	144	102	50	130	125	106	123	129	75	126	124	102	52	107	96	124	120	48
DISTANCE_MATRIX
0	360	318	300	288	276	264	264	150	150	150	60	90	90	162	168	204	228	234	312	360	408	348	318	168	192	168	318
360	60	264	318	324	342	342	342	348	348	354	360	372	378	378	420	420	480	462	498	462	462	384	420	372	420	378	378
318	264	60	270	276	288	288	288	294	294	294	318	318	324	324	414	414	468	462	486	462	462	330	366	366	408	372	324
300	318	270	60	276	288	288	288	288	288	288	300	300	312	318	408	408	468	462	486	438	438	318	360	360	402	360	312
288	324	276	276	60	276	276	276	276	276	276	288	288	300	300	402	396	462	456	480	432	432	300	360	360	402	348	300
276	342	288	288	276	60	180	180	252	258	264	264	264	288	288	390	390	456	450	480	432	432	288	348	348	348	288	288
264	342	288	288	276	180	60	180	246	258	264	264	264	288	288	390	390	456	450	480	432	432	288	348	348	348	288	288
264	342	288	288	276	180	180	60	240	258	264	264	264	288	288	390	390	456	450	480	432	432	288	348	348	348	288	288
150	348	294	288	276	252	246	240	60	120	120	150	126	270	270	378	384	420	438	480	420	408	276	300	300	300	276	270
150	348	294	288	276	258	258	258	120	60	120	150	150	270	270	378	384	420	438	480	420	408	276	300	300	300	276	270
150	354	294	288	276	264	264	264	120	120	60	150	150	270	270	378	384	420	438	480	420	408	276	300	300	300	276	270
60	360	318	300	288	264	264	264	150	150	150	60	90	162	168	228	234	312	360	408	348	318	168	192	192	198	168	162
90	372	318	300	288	264	264	264	150	150	150	90	60	162	168	228	234	312	360	408	348	318	168	192	192	198	168	162
90	378	324	312	300	288	288	288	270	270	270	162	162	60	120	180	180	306	210	360	300	300	120	180	120	180	120	234
162	378	324	318	300	288	288	288	270	270	270	168	168	120	60	180	180	306	210	360	300	300	120	180	120	180	120	120
168	420	414	408	402	348	348	348	300	300	300	228	228	180	180	60	132	204	132	348	258	258	186	60	180	132	222	180
204	420	414	408	396	390	390	390	384	384	384	234	234	180	180	132	60	204	132	348	258	258	186	60	180	132	222	180
228	480	468	468	462	456	456	456	420	420	420	312	312	306	306	204	204	60	198	120	240	240	306	204	306	138	306	306
234	462	462	462	456	450	450	450	438	438	438	360	360	210	210	132	132	198	60	138	132	132	210	132	210	132	210	210
312	498	486	486	480	480	480	480	480	480	480	408	408	360	360	348	348	120	138	60	348	348	360	348	360	348	360	360
360	462	462	438	432	432	432	432	420	420	420	348	348	300	300	258	258	240	132	348	60	60	300	258	300	258	300	300
408	462	462	438	432	432	432	432	408	408	408	318	318	300	300	258	258	240	132	348	60	60	300	258	300	258	300	300
348	384	330	318	300	288	288	288	276	276	276	168	168	120	120	186	186	306	210	360	300	300	60	186	120	186	120	120
318	420	366	360	360	348	348	348	300	300	300	192	192	180	180	60	60	204	132	348	258	258	186	60	180	60	180	180
168	372	300	306	300	288	288	288	270	270	270	168	168	120	120	180	180	306	210	360	300	300	120	180	60	180	120	120
192	420	408	402	402	348	348	348	300	300	300	198	198	180	180	132	132	138	132	348	258	258	186	60	180	60	180	180
168	378	372	360	348	288	288	288	276	276	276	168	168	120	120	222	222	306	210	360	300	300	120	180	120	180	60	120
318	378	324	312	300	288	288	288	270	270	270	162	162	234	120	180	180	306	210	360	300	300	120	180	120	180	120	60
DEPOTS_DISTANCE
234	462	462	462	456	450	450	450	438	438	438	360	360	210	210	132	132	198	60	138	132	132	210	132	210	132	210	210	
348	384	330	318	300	288	288	288	276	276	276	168	168	120	120	186	186	306	210	360	300	300	60	186	120	186	120	120	
318	420	366	360	360	348	348	348	300	300	300	192	192	180	180	60	60	204	132	348	258	258	186	60	180	60	180	180	
LOCATION_TURN_MATRIX
100	130	122	113	112	199	136	122	129	152	173	146	151	136	158	140	176	113	122	167	194	134	110	172	114	184	100	147	
170	100	154	188	164	169	136	136	152	170	104	183	155	115	101	104	155	187	174	115	149	134	178	168	114	135	168	102	
178	146	100	161	178	114	104	165	117	139	126	169	192	109	120	179	160	152	154	134	113	140	154	179	196	196	192	181	
187	112	139	100	158	114	195	181	104	132	195	106	183	169	132	170	140	136	172	148	116	110	123	136	151	120	176	169	
188	136	122	142	100	175	164	159	112	100	167	164	135	191	132	181	104	123	142	156	108	117	193	182	116	147	156	185	
101	131	186	186	125	100	190	147	164	150	137	102	145	176	185	131	113	108	117	186	118	151	140	178	154	189	172	110	
164	164	196	105	136	110	100	186	153	151	183	193	111	157	144	123	188	142	110	163	105	190	166	187	170	171	186	126	
178	164	135	119	141	153	114	100	106	130	108	103	151	178	122	151	130	133	184	177	110	141	166	110	122	174	191	197	
171	148	183	196	188	136	147	194	100	167	100	146	168	129	128	142	172	118	174	147	105	158	156	160	120	106	119	136	
148	130	161	168	200	150	149	170	133	100	177	106	175	116	188	180	176	194	108	146	130	187	183	173	128	141	169	176	
127	196	174	105	133	163	117	192	200	123	100	171	175	140	183	115	104	186	128	153	151	175	100	146	191	117	132	197	
154	117	131	194	136	198	107	197	154	194	129	100	136	184	140	147	172	184	148	131	103	156	185	200	152	158	154	143	
149	145	108	117	165	155	189	149	132	125	125	164	100	140	199	142	101	144	163	185	117	191	200	143	113	165	102	154	
164	185	191	131	109	124	143	122	171	184	160	116	160	100	109	116	196	113	131	186	166	139	183	175	144	161	105	170	
142	199	180	168	168	115	156	178	172	112	117	160	101	191	100	147	177	177	199	158	172	188	164	175	180	168	154	195	
160	196	121	130	119	169	177	149	158	120	185	153	158	184	153	100	152	159	197	157	181	159	102	123	168	200	124	186	
124	145	140	160	196	187	112	170	128	124	196	128	199	104	123	148	100	149	114	112	117	135	105	132	138	180	198	156	
187	113	148	164	177	192	158	167	182	106	114	116	156	187	123	141	151	100	166	132	168	163	159	123	129	173	161	116	
178	126	146	128	158	183	190	116	126	192	172	152	137	169	101	103	186	134	100	184	199	137	130	160	148	113	140	150	
133	185	166	152	144	114	137	123	153	154	147	169	115	114	142	143	188	168	116	100	111	195	128	157	191	164	141	171	
106	151	187	184	192	182	195	190	195	170	149	197	183	134	128	119	183	132	101	189	100	129	151	163	147	166	104	177	
166	166	160	190	183	149	110	159	142	113	125	144	109	161	112	141	165	137	163	105	171	100	101	185	169	129	103	197	
190	122	146	177	107	160	134	134	144	117	200	115	100	117	136	198	195	141	170	172	149	199	100	106	150	116	118	145	
128	132	121	164	118	122	113	190	140	127	154	100	157	125	125	177	168	177	140	143	137	115	194	100	128	167	115	155	
186	186	104	149	184	146	130	178	180	172	109	148	187	156	120	132	162	171	152	109	153	131	150	172	100	155	124	184	
116	165	104	180	153	111	129	126	194	159	183	142	135	139	132	100	120	127	187	136	134	171	184	133	145	100	129	192	
200	132	108	124	144	128	114	109	181	131	168	146	198	195	146	176	102	139	160	159	196	197	182	185	176	171	100	146	
153	198	119	131	115	190	174	103	164	124	103	157	146	130	105	114	144	184	150	129	123	103	155	145	116	108	154	100	
DEPOTS_TO_LOCAL_TURN_MATRIX
178	126	146	128	158	183	190	116	126	192	172	152	137	169	101	103	186	134	100	184	199	137	130	160	148	113	140	150	
190	122	146	177	107	160	134	134	144	117	200	115	100	117	136	198	195	141	170	172	149	199	100	106	150	116	118	145	
128	132	121	164	118	122	113	190	140	127	154	100	157	125	125	177	168	177	140	143	137	115	194	100	128	167	115	155	
LOCAL_TO_DEPOT_TURN_MATRIX
122	174	154	172	142	117	110	184	174	108	128	148	163	131	199	197	114	166	100	116	101	163	170	140	152	187	160	150	
110	178	154	123	193	140	166	166	156	183	100	185	200	183	164	102	105	159	130	128	151	101	100	194	150	184	182	155	
172	168	179	136	182	178	187	110	160	173	146	200	143	175	175	123	132	123	160	157	163	185	106	100	172	133	185	145	

