INDEX_PROBLEM
1
PATIENTS
800
STRETCHERS
16
NUM_ROOM
28
NUM_DEPOT
3
NUM_PRIORITY
4
PRIORITY_LIST
0	1	2	3	4
PRIORITY_WEIGHT
0	1	10	18	30
PRIORITY_JOB
0	1	2	3	4	2	4	3	4	3	4	2	3	4	3	4	4	2	3	4	4	4	3	4	4	2	3	4	4	2	3	4	4	3	4	4	2	4	3	3	4	3	4	4	1	2	4	3	4	3	4	2	3	4	4	4	3	1	1	4	2	3	1	1	2	4	4	2	3	4	4	4	3	1	1	2	3	4	1	2	1	4	4	2	3	4	4	4	4	4	1	1	2	3	2	3	1	2	4	4	1	2	3	3	4	4	1	1	4	2	3	2	1	2	4	4	2	3	4	3	4	4	1	2	1	1	3	4	1	2	4	2	3	4	4	4	3	4	1	1	1	2	3	4	3	2	1	4	2	3	4	4	4	3	4	4	1	1	2	2	2	2	3	3	4	4	2	3	4	3	4	4	1	1	2	3	1	1	2	4	4	2	3	4	4	4	3	1	1	2	3	4	1	2	1	4	2	3	4	4	4	4	4	1	1	2	3	2	1	2	2	4	4	2	2	3	4	3	4	4	1	1	2	3	3	1	2	4	4	2	3	4	4	3	4	4	2	1	1	3	4	1	1	4	2	3	4	4	4	3	4	2	2	1	1	3	4	1	2	3	4	2	3	4	4	4	3	4	4	1	1	2	2	1	2	3	3	4	2	3	4	4	3	4	4	1	1	2	3	1	2	1	4	2	3	4	4	4	4	3	1	1	2	3	4	1	2	1	4	2	3	4	4	4	4	4	1	1	2	3	2	3	1	2	4	4	2	2	3	3	4	4	4	1	1	2	3	3	1	2	4	2	3	4	4	3	4	4	2	1	1	3	4	2	1	2	2	3	4	4	2	4	3	4	1	1	3	4	4	1	2	3	2	3	4	4	4	4	3	4	2	1	1	2	3	1	2	3	4	2	3	4	4	4	3	4	1	1	2	3	4	1	2	2	4	2	3	4	4	2	3	4	1	1	3	4	4	1	2	1	2	3	4	4	4	2	4	3	1	3	4	4	1	2	1	3	2	3	3	4	2	4	4	3	1	1	3	4	1	2	3	1	2	3	4	4	2	4	4	4	1	1	3	4	2	2	1	2	3	4	4	2	3	3	4	4	1	1	4	4	2	2	1	1	3	4	4	2	3	4	3	4	1	1	3	3	4	2	1	3	2	3	4	1	4	3	4	4	1	1	2	3	4	2	1	2	4	2	3	4	2	3	4	4	1	1	3	4	4	2	1	2	2	3	4	4	1	4	3	3	2	3	4	4	1	1	2	3	2	3	3	4	2	4	4	3	1	1	3	4	1	2	3	1	4	1	2	3	4	4	4	4	2	1	1	3	4	2	1	4	2	3	4	2	3	4	4	2	1	1	3	4	4	1	2	2	3	4	4	3	4	3	1	1	1	2	3	3	2	1	2	4	2	3	4	4	4	3	4	1	1	1	2	3	3	1	2	4	4	2	3	4	4	3	4	1	1	2	3	4	2	1	2	4	2	3	4	4	4	3	4	1	2	3	4	1	1	2	1	4	2	3	3	4	3	4	4	1	1	2	3	3	2	1	2	4	1	2	3	4	3	4	4	4	1	1	2	3	2	1	4	2	3	4	4	3	4	4	2	1	1	2	3	4	1	1	4	2	3	4	3	4	3	2	1	1	4	2	3	1	3	2	4	4	2	3	4	4	3	4	4	1	1	1	2	1	2	2	3	4	2	3	4	4	3	1	1	4	2	3	1	2	1	4	1	1	4	2	1	1	2	3	4	4	2	1	3	2	1	1	1	3	4	4	2	2	1	1	1	2	3	2	1	1	2	1	1	4	4	2	1	2	3	1	1	3	4	4	1	2	2
TIME_ASKED
0	28849	28898	28947	28996	29045	29094	29149	29198	29247	29296	29345	29394	29429	29458	29487	29516	29545	29574	29603	29632	29661	29690	29742	29784	29826	29868	29910	29952	29994	30029	30058	30087	30116	30145	30174	30203	30232	30261	30290	30329	30358	30387	30416	30445	30474	30503	30532	30561	30590	30621	30642	30663	30684	30705	30726	30747	30768	30789	30810	30831	30852	30873	30894	30949	30998	31047	31096	31145	31194	31227	31254	31281	31308	31335	31362	31389	31416	31443	31470	31497	31524	31548	31572	31596	31620	31644	31668	31692	31716	31740	31764	31788	31837	31874	31911	31948	31985	32022	32059	32096	32159	32218	32277	32336	32395	32419	32438	32457	32476	32495	32514	32533	32552	32571	32590	32609	32628	32647	32666	32685	32759	32818	32877	32936	32995	33027	33054	33081	33108	33135	33162	33189	33216	33243	33270	33297	33333	33366	33399	33432	33465	33498	33531	33564	33597	33616	33632	33648	33664	33680	33696	33712	33728	33744	33760	33776	33792	33808	33824	33840	33856	33872	33888	33933	33966	33999	34032	34065	34098	34131	34164	34197	34242	34284	34326	34368	34410	34452	34494	34533	34566	34599	34632	34665	34698	34731	34764	34797	34827	34854	34881	34908	34935	34962	34989	35016	35043	35070	35097	35137	35174	35211	35248	35285	35322	35359	35396	35433	35466	35499	35532	35565	35598	35631	35664	35697	35723	35746	35769	35792	35815	35838	35861	35884	35907	35930	35953	35976	35999	36023	36046	36069	36092	36115	36138	36161	36184	36207	36230	36253	36276	36299	36327	36354	36381	36408	36435	36462	36489	36516	36543	36570	36597	36619	36638	36657	36676	36695	36714	36733	36752	36771	36790	36809	36828	36847	36866	36885	36949	36998	37047	37096	37145	37194	37259	37318	37377	37436	37495	37549	37598	37647	37696	37745	37794	37827	37854	37881	37908	37935	37962	37989	38016	38043	38070	38097	38123	38146	38169	38192	38215	38238	38261	38284	38307	38330	38353	38376	38399	38419	38438	38457	38476	38495	38514	38533	38552	38571	38590	38609	38628	38647	38666	38685	38742	38784	38826	38868	38910	38952	38994	39029	39058	39087	39116	39145	39174	39203	39232	39261	39290	39349	39398	39447	39496	39545	39594	39633	39666	39699	39732	39765	39798	39831	39864	39897	39937	39974	40011	40048	40085	40122	40159	40196	40242	40284	40326	40368	40410	40452	40494	40542	40584	40626	40668	40710	40752	40794	40849	40898	40947	40996	41045	41094	41133	41166	41199	41232	41265	41298	41331	41364	41397	41423	41446	41469	41492	41515	41538	41561	41584	41607	41630	41653	41676	41699	41749	41798	41847	41896	41945	41994	42099	42198	42297	42342	42384	42426	42468	42510	42552	42594	42699	42798	42897	42923	42946	42969	42992	43015	43038	43061	43084	43107	43130	43153	43176	43199	43237	43274	43311	43348	43385	43422	43459	43496	43549	43598	43647	43696	43745	43794	43899	43998	44097	44159	44218	44277	44336	44395	44459	44518	44577	44636	44695	44799	44898	44997	45033	45066	45099	45132	45165	45198	45231	45264	45297	45337	45374	45411	45448	45485	45522	45559	45596	45637	45674	45711	45748	45785	45822	45859	45896	45959	46018	46077	46136	46195	46249	46298	46347	46396	46445	46494	46537	46574	46611	46648	46685	46722	46759	46796	46821	46842	46863	46884	46905	46926	46947	46968	46989	47010	47031	47052	47073	47094	47199	47298	47397	47437	47474	47511	47548	47585	47622	47659	47696	47737	47774	47811	47848	47885	47922	47959	47996	48049	48098	48147	48196	48245	48294	48324	48348	48372	48396	48420	48444	48468	48492	48516	48540	48564	48588	48627	48654	48681	48708	48735	48762	48789	48816	48843	48870	48897	48937	48974	49011	49048	49085	49122	49159	49196	49233	49266	49299	49332	49365	49398	49431	49464	49497	49537	49574	49611	49648	49685	49722	49759	49796	49827	49854	49881	49908	49935	49962	49989	50016	50043	50070	50097	50149	50198	50247	50296	50345	50394	50424	50448	50472	50496	50520	50544	50568	50592	50616	50640	50664	50688	50737	50774	50811	50848	50885	50922	50959	50996	51027	51054	51081	51108	51135	51162	51189	51216	51243	51270	51297	51324	51348	51372	51396	51420	51444	51468	51492	51516	51540	51564	51588	51637	51674	51711	51748	51785	51822	51859	51896	51933	51966	51999	52032	52065	52098	52131	52164	52197	52259	52318	52377	52436	52495	52517	52534	52551	52568	52585	52602	52619	52636	52653	52670	52687	52704	52721	52738	52755	52772	52789	52859	52918	52977	53036	53095	53137	53174	53211	53248	53285	53322	53359	53396	53459	53518	53577	53636	53695	53733	53766	53799	53832	53865	53898	53931	53964	53997	54027	54054	54081	54108	54135	54162	54189	54216	54243	54270	54297	54374	54448	54522	54596	54627	54654	54681	54708	54735	54762	54789	54816	54843	54870	54897	55049	55198	55237	55274	55311	55348	55385	55422	55459	55496	55574	55648	55722	55796	55827	55854	55881	55908	55935	55962	55989	56016	56043	56070	56097	56399	56499	56598	56697	56733	56766	56799	56832	56865	56898	56931	56964	56997	57049	57098	57147	57196	57245	57294	57359	57418	57477	57536	57595
ORIGIN
26	16	6	27	19	3	27	23	25	14	4	10	2	22	14	23	23	14	3	23	3	14	26	16	14	14	14	7	14	26	26	7	3	9	1	23	14	14	23	4	2	14	2	3	2	14	14	14	14	6	27	18	7	27	20	8	2	14	17	2	23	23	2	26	14	7	23	14	14	19	25	2	14	19	27	27	14	9	3	14	1	7	23	11	4	4	14	14	4	4	14	14	4	5	5	1	14	27	18	7	27	27	20	1	2	17	17	2	20	2	14	14	14	24	14	4	24	15	1	24	16	23	23	3	3	26	2	14	14	2	10	2	23	14	14	14	16	23	23	27	15	14	16	4	4	14	14	27	20	14	14	4	4	14	26	26	27	20	14	14	14	14	6	24	15	4	20	16	11	27	15	26	26	14	23	23	2	14	7	23	12	2	25	14	14	14	14	14	14	9	9	9	1	14	7	20	8	4	23	14	5	4	27	2	14	5	5	14	14	5	14	14	4	7	20	5	14	3	7	17	14	14	14	14	12	2	14	25	2	23	14	3	26	14	25	27	11	11	14	25	16	16	4	8	27	23	14	23	27	14	4	2	14	14	14	16	14	14	14	23	26	23	5	14	14	14	14	23	26	14	23	14	4	4	26	23	23	13	3	23	4	1	27	14	14	14	1	14	14	14	26	14	23	8	26	25	10	2	2	14	14	2	8	1	23	23	9	14	16	5	2	1	14	5	8	20	3	1	14	4	4	5	5	27	13	2	5	14	5	5	2	23	1	7	14	3	14	14	2	25	8	1	23	10	14	14	12	27	26	14	3	14	14	14	14	8	5	26	23	2	14	14	23	3	14	14	14	14	26	14	14	7	2	23	14	5	20	12	26	4	7	14	14	26	14	14	27	3	1	23	10	1	16	14	14	14	14	27	27	14	10	1	11	23	14	26	11	7	9	14	27	27	14	3	1	27	2	9	27	14	23	14	3	14	14	10	14	14	14	26	14	14	7	11	14	14	23	10	1	14	14	20	3	14	14	27	14	14	2	5	9	3	16	6	27	19	7	27	22	4	12	3	12	14	14	23	2	4	14	3	23	14	14	2	2	14	1	25	14	4	5	26	2	4	9	26	2	11	26	13	14	27	27	14	14	14	2	11	14	1	5	27	18	7	2	14	27	14	14	17	2	22	23	2	2	14	3	23	14	25	24	27	26	9	10	25	25	4	26	27	27	16	1	23	11	7	14	4	10	7	14	14	27	15	14	7	8	23	26	17	7	14	20	23	14	14	14	2	27	20	14	26	23	3	23	14	4	20	15	4	22	14	14	14	3	26	14	2	3	1	23	10	2	14	14	2	14	14	14	27	15	15	13	14	14	26	16	7	27	1	7	13	20	3	9	9	20	1	3	1	1	23	14	3	24	14	4	7	27	3	26	14	14	11	14	2	3	23	10	2	1	12	14	26	14	14	27	14	14	2	26	24	1	23	7	26	19	23	4	4	3	3	16	20	2	23	23	7	23	14	3	24	14	14	14	3	26	1	26	14	2	26	14	23	23	10	1	23	12	2	23	3	3	14	14	14	23	11	15	3	16	6	27	19	10	27	14	22	1	1	20	14	22	7	14	14	14	3	23	14	20	1	2	26	26	14	1	1	26	4	26	3	9	1	23	26	16	23	3	3	14	14	27	27	11	1	23	23	6	27	18	20	27	21	20	14	17	10	22	14	2	26	2	14	3	23	23	27	25	16	27	25	14	7	27	14	23	14	23	9	1	23	26	26	14	13	26	14	14	3	24	14	1	26	26	5	27	18	7	27	20	8	2	2	27	1	23	2	7	11	25
DESTINATION
3	14	17	2	22	23	2	26	14	3	23	14	14	19	16	27	27	25	14	4	23	9	3	14	1	9	1	20	4	14	14	13	26	14	14	27	5	5	1	14	27	5	27	14	27	20	20	8	2	17	2	27	20	2	14	14	24	16	6	14	27	3	27	23	25	23	3	26	2	22	14	14	2	22	23	2	4	14	26	16	14	23	27	15	14	14	16	4	14	14	26	9	14	14	14	23	4	2	27	20	2	2	14	14	14	6	6	27	7	27	20	20	8	2	26	14	2	14	23	2	14	7	7	23	23	14	14	25	2	14	14	14	27	9	9	1	14	7	7	23	11	4	14	14	14	4	4	2	14	5	5	14	14	5	14	14	18	7	20	1	1	2	17	2	14	14	14	14	12	2	14	14	14	4	1	1	24	16	23	27	11	14	14	25	16	4	2	10	2	14	14	14	14	16	23	14	14	14	27	16	14	14	23	27	20	14	14	4	4	14	26	26	14	23	14	14	4	26	23	6	15	4	20	16	11	27	15	14	14	1	25	14	14	26	14	23	12	12	2	14	14	14	14	14	2	27	8	1	23	9	14	14	20	8	4	14	5	5	4	27	3	1	14	4	4	5	5	27	14	4	7	5	14	14	3	7	1	7	14	3	14	14	2	25	25	2	23	3	26	26	14	25	26	14	3	14	14	14	14	8	8	27	14	23	27	27	14	4	14	14	14	14	26	14	14	7	26	23	5	14	14	14	14	23	7	14	14	26	14	14	27	3	23	13	3	23	4	1	27	14	14	14	27	14	10	1	11	23	23	8	26	25	10	2	2	14	14	3	1	27	2	9	27	14	5	2	2	1	14	5	8	20	14	1	26	14	7	11	14	14	13	2	5	14	5	5	2	23	14	27	14	14	14	5	9	3	1	23	23	10	14	14	12	27	4	3	12	20	14	4	23	2	5	26	23	2	14	14	23	3	1	25	14	4	26	14	4	2	2	14	5	5	20	12	26	4	27	14	14	2	2	11	14	1	1	23	1	16	27	14	14	14	14	17	2	22	23	2	2	14	11	26	11	9	10	27	27	14	25	14	4	26	2	27	27	16	23	14	3	14	14	14	14	14	14	14	27	15	14	7	8	23	23	10	10	1	14	20	3	14	14	2	27	20	14	26	23	3	16	6	27	19	7	27	22	4	14	3	26	14	2	2	3	14	14	14	14	23	14	2	2	14	14	27	15	13	5	14	14	20	9	26	2	11	26	13	14	27	3	9	20	1	11	3	1	1	5	27	18	7	2	14	27	14	3	26	14	11	14	14	2	3	3	3	23	14	25	27	26	14	27	14	14	2	26	24	1	9	1	23	11	11	7	4	10	3	16	20	2	23	23	7	7	26	17	17	7	14	23	14	14	1	26	14	2	26	14	23	23	26	14	4	4	20	4	22	14	3	14	14	23	11	15	3	1	1	23	10	2	14	14	2	14	1	20	14	22	7	14	14	26	26	16	7	27	1	7	13	27	26	14	1	26	1	4	26	3	23	14	3	24	14	4	7	27	14	14	27	11	14	1	23	23	10	10	2	1	12	14	26	14	17	2	22	14	2	26	2	14	23	7	26	19	23	4	4	25	14	5	26	14	23	14	3	14	3	24	24	14	14	3	26	14	14	27	3	14	1	26	26	10	1	23	23	12	23	3	3	17	2	27	11	2	7	11	16	6	14	19	10	27	14	22	25	14	4	1	23	14	14	23	14	3	20	2	20	1	2	3	14	14	27	3	3	26	7	3	9	1	14	1	16	23	3	3	14	2	27	20	2	14	14	14	27	18	14	27	27	21	20	14
DUE_DATE
0	31147	30476	30045	29554	30623	29652	30247	29756	30345	29854	30923	30492	29987	30556	30045	30074	31123	30672	30161	30190	30219	30788	30300	30342	31404	30966	30468	30510	31572	31127	30616	30645	31214	30703	30732	31781	30790	31359	31388	30887	31456	30945	30974	32743	32052	31061	31630	31119	31688	31179	32220	31761	31242	31263	31284	31845	33066	33087	31368	32409	31950	33171	33192	32527	31556	31605	32674	32243	31752	31785	31812	32379	33606	33633	32940	32487	31974	33741	33048	33795	32082	32106	33150	32694	32178	32202	32226	32250	32274	34038	34062	33366	32935	33452	33009	34246	33563	32580	32617	34394	33737	33316	33375	32894	32953	34717	34736	33015	34054	33593	34092	34831	34130	33129	33148	34187	33726	33205	33764	33243	33317	35116	34455	35234	35293	34125	33612	35379	34686	33693	34740	34287	33774	33801	33828	34395	33891	35664	35697	35730	35043	34596	34089	34662	35175	35914	34190	35226	34762	34238	34254	34270	34826	34302	34318	36074	36090	35386	35402	35418	35434	34970	34986	34491	34524	35577	35130	34623	35196	34689	34722	36495	36540	35862	35424	36666	36708	36030	35052	35091	36144	35697	35190	35223	35256	35829	37062	37095	36405	35952	35439	37206	36513	37260	35547	36594	36141	35628	35655	35695	35732	35769	37546	37583	36900	36457	36974	37731	37044	37077	36090	36123	37176	37209	36762	36255	36821	36304	36327	38090	38113	37416	36959	36982	38205	37508	36511	36534	37577	37121	36604	36627	37190	36673	36696	37739	38482	38505	37328	36811	38574	38597	36885	37932	37479	36966	36993	37020	37587	37074	38121	38148	38895	38917	37736	37215	38974	38273	37812	37291	38330	37869	37348	37367	37386	37945	37424	37443	39247	39296	38625	38674	39443	38772	38357	38416	37935	39014	38593	38107	38156	38745	38254	38303	40092	40125	39432	38979	40206	39513	40260	38547	39594	39141	38628	38655	38681	38704	39267	40490	40513	39816	39359	38842	40605	39908	40651	38934	39977	39517	38996	39015	39034	39053	39072	40831	40850	40149	39688	40187	39726	40945	40244	39243	39300	40362	40404	39966	40008	39510	39552	39587	41356	41385	40694	40243	40272	41501	40810	39819	40868	40447	39956	40005	40594	40103	40152	41211	41964	41997	40830	40323	41376	42129	41442	41475	41035	40532	40569	41626	40643	41220	40717	42494	42540	41382	40884	40926	42708	42030	41592	42120	41682	41184	41226	41268	41310	41892	41407	42476	43245	43294	42623	42192	43431	42744	42297	41790	42843	42396	41889	41922	41955	42521	42004	43767	43790	43093	42636	42119	43882	43185	43208	42211	43254	42797	42307	42356	43425	42994	42503	44292	44397	43296	42855	42900	44682	44004	44766	44088	43650	43152	43257	43356	44475	43481	44044	45267	44090	43573	43596	45359	44662	45405	44228	44731	44274	44297	43795	44852	43869	43906	44483	45720	45757	44594	44107	45896	45225	44794	46043	45372	44997	44556	44655	45737	44776	44835	44894	46693	46757	45616	45135	46214	46273	47097	46476	46095	45591	45624	46677	46230	46263	45756	45789	47562	47595	45895	45932	46989	47026	47783	47820	46657	46154	46195	47252	46809	46306	46883	46380	48157	48194	47057	47116	46635	47714	48493	47347	47876	47445	46954	48743	47052	47635	47132	47169	48946	48983	48300	47857	47354	48399	49140	48441	47442	48483	48024	47505	48546	48087	47568	47589	49350	49371	48192	47757	47856	48975	49735	49052	49089	48646	48143	48180	49957	48254	48835	48872	49389	48946	48443	48480	50257	50294	49627	49196	49725	49294	49343	48852	49902	48906	48930	49494	50718	50742	49566	49050	50814	50118	49662	50886	49185	50952	50259	49806	49293	49320	49347	49374	50421	51168	51195	50035	49532	50589	51346	49643	50700	50257	49754	50811	50364	49857	49890	50943	51696	51729	50562	50055	50095	51872	51189	51226	50783	50280	50317	50894	50385	50952	52179	52206	52233	51540	51087	51114	51621	52368	51675	50707	51776	51345	50854	50903	50952	51522	51006	52770	52794	52818	52122	51666	51690	52914	52218	51222	51246	52315	51872	51369	51406	51983	51480	53257	53294	52605	52152	51639	52686	53433	52740	51747	52794	52341	51828	51855	51882	52446	51930	53694	52998	52542	52026	53790	53814	53118	53862	52146	53215	52772	52809	52306	52883	52380	52417	54194	54231	53544	53097	53130	53643	54396	53709	52722	54495	53837	53416	52935	53534	53053	53075	53092	54849	54866	54163	53700	54197	54934	53211	54248	53785	53262	53279	53836	53313	53330	54367	55157	55216	54555	54134	53653	55435	55472	53769	54826	54383	53880	54457	53954	54557	55096	55875	55934	54253	55311	54864	56097	54930	55443	54456	54489	55542	55095	54585	54612	55179	54666	54693	56460	56487	56514	55821	56568	55875	55952	55546	55080	56174	55725	55212	55239	55806	57033	57060	55347	56394	55941	57168	56475	57347	55756	57535	57572	55869	56926	57683	57720	57037	56594	56132	56206	57300	58094	56925	57432	58179	58206	58233	57060	56547	56574	57621	57648	58395	58697	58797	58176	57795	58311	59064	59097	58410	59163	59196	57489	57522	58575	59347	58676	58245	59494	59543	58392	57917	57976	59775	59114	59173
TRANSPORT_MODE
0	2	2	1	1	1	0	0	0	2	2	1	1	2	0	0	2	1	1	1	0	1	0	0	0	2	2	1	1	2	0	0	0	2	1	1	1	0	0	0	0	2	2	1	1	1	0	0	0	2	2	1	1	1	0	0	0	3	3	1	1	1	0	0	0	0	2	2	1	1	1	0	0	3	3	1	1	1	0	0	0	0	2	2	1	1	1	0	0	0	3	3	1	1	0	0	0	0	2	2	1	1	1	0	0	0	3	3	1	1	1	0	0	0	2	2	1	1	1	0	0	0	0	1	3	3	1	1	0	0	2	2	1	1	1	0	0	0	0	3	3	1	1	1	0	0	0	2	2	1	1	0	0	0	0	1	3	3	1	1	0	0	0	1	2	2	1	1	0	0	0	1	3	3	1	1	0	0	0	1	2	2	1	1	0	0	0	3	3	1	1	1	0	0	0	1	2	2	1	1	0	0	0	3	3	1	1	0	0	0	0	1	2	2	1	1	0	0	0	1	3	3	1	1	0	0	0	1	2	2	1	1	0	0	0	0	1	3	3	1	1	0	0	2	2	1	1	1	0	0	0	0	1	3	3	1	1	0	0	0	2	2	1	1	0	0	0	0	1	3	3	1	1	0	0	0	1	2	2	1	1	0	0	0	1	3	3	1	1	0	0	0	1	2	2	1	1	0	0	0	3	3	1	1	1	0	0	0	1	2	2	1	1	0	0	0	3	3	1	1	0	0	0	0	1	2	2	1	1	0	0	0	1	3	3	1	1	0	0	0	1	2	2	1	1	0	0	0	1	3	3	1	1	0	0	0	2	2	1	1	1	0	0	0	3	3	1	1	1	0	0	0	2	1	1	1	0	0	0	0	1	3	3	1	1	0	0	0	2	2	1	1	1	0	0	0	3	3	1	1	1	0	0	0	0	2	2	1	1	1	0	0	3	3	1	1	1	0	0	0	2	2	1	1	0	1	0	0	3	1	1	1	0	0	0	0	2	2	1	1	1	0	0	0	3	3	1	1	1	0	0	0	2	2	1	1	1	0	0	0	3	3	1	1	2	0	0	0	2	1	1	1	1	0	0	0	3	3	1	1	2	0	0	0	1	1	1	1	0	0	0	0	3	3	1	1	1	0	0	0	2	2	1	1	0	0	0	0	3	3	1	1	1	0	0	0	2	2	1	1	1	0	0	0	3	3	1	1	1	0	0	0	2	2	1	1	3	0	0	0	1	1	1	1	0	0	0	0	2	2	1	1	1	0	0	0	3	3	1	1	0	0	0	0	1	2	2	1	1	0	0	0	1	3	3	1	1	0	0	2	2	1	1	1	0	0	0	0	3	3	1	1	1	0	0	2	1	1	1	0	0	0	0	3	3	1	1	1	0	0	0	2	2	1	1	0	0	0	0	1	3	3	1	1	0	0	0	1	2	2	1	1	0	0	0	3	3	1	1	1	0	0	0	2	2	1	1	1	0	0	0	3	1	1	1	0	0	0	0	2	2	1	1	1	0	0	0	3	3	1	1	0	0	0	0	1	2	2	1	1	0	0	0	1	3	3	1	1	0	0	2	2	1	1	1	0	0	0	0	3	3	1	1	1	0	0	2	1	1	1	0	0	0	0	3	3	1	1	1	0	0	0	2	2	1	1	0	0	0	0	1	3	3	1	1	0	0	0	1	2	2	1	1	0	0	3	3	1	1	1	0	0	0	0	3	3	1	1	3	0	0	1	1	1	1	0	0	0	0	3	3	1	1	1	0	0	0	3	3	1	1	0	0	0	0	3	3	1	1	1	0	0	0	3	3	1	1	1	0	0	0
PATIENT_WEIGHT
109	104	33	78	65	123	53	119	71	126	74	71	150	64	90	48	136	119	116	100	71	106	61	104	49	50	51	30	133	48	31	97	38	104	95	127	103	72	116	88	105	130	66	67	39	108	67	92	61	135	97	69	108	77	119	46	91	78	137	69	64	44	105	61	95	64	144	96	92	116	102	92	35	87	71	42	100	37	66	148	115	47	76	150	141	43	138	118	104	72	145	140	60	110	104	141	33	148	39	95	87	68	65	53	65	126	85	128	51	74	40	150	83	140	35	128	138	137	63	145	63	47	67	71	109	117	147	30	70	77	75	88	40	37	112	150	88	48	132	91	125	86	109	53	83	32	94	82	68	66	36	52	111	114	61	69	63	114	119	137	137	120	72	48	98	104	48	113	98	69	85	118	145	98	45	44	69	108	117	35	60	87	136	67	98	33	103	132	133	31	104	77	110	115	147	124	129	85	46	95	34	142	108	98	49	39	104	61	102	101	73	97	60	91	104	35	110	84	59	51	91	60	90	73	43	58	86	119	132	79	128	48	52	96	133	132	128	105	36	135	74	143	146	30	138	131	124	126	103	83	94	44	117	120	70	76	124	131	55	49	84	78	46	145	43	131	54	82	43	84	47	126	122	150	77	67	142	128	62	42	94	121	72	139	70	129	57	51	120	35	113	56	110	46	148	147	150	85	88	64	85	63	97	81	46	72	91	80	46	37	47	54	116	115	112	125	136	46	136	68	69	119	142	44	52	140	49	126	84	41	90	130	56	80	69	74	47	50	90	146	91	86	108	73	74	44	86	56	32	30	56	74	71	94	143	121	56	133	138	148	70	72	124	82	63	107	89	79	125	125	33	63	126	33	127	116	100	103	149	43	117	99	135	74	148	94	94	147	77	110	62	35	43	128	78	88	113	68	98	42	105	44	107	123	113	125	33	65	57	72	57	105	58	30	68	82	48	87	132	89	106	37	138	120	93	144	49	122	59	110	146	135	51	68	86	36	141	33	44	114	40	84	92	144	118	102	107	90	142	134	50	115	100	138	148	64	127	114	74	34	42	150	110	119	101	51	132	68	147	142	133	69	125	44	41	47	112	79	129	59	32	136	100	56	95	73	120	110	59	128	120	93	68	71	122	71	137	84	80	129	71	59	135	137	150	99	32	96	45	35	39	65	117	139	68	140	55	144	136	54	32	98	72	124	58	106	141	91	46	121	67	90	148	65	73	114	149	67	122	54	39	137	124	102	139	116	140	45	60	125	144	87	31	149	56	136	137	77	68	134	62	120	88	138	64	146	53	34	30	40	98	123	143	113	54	135	134	138	69	112	109	131	54	41	123	39	119	77	88	58	41	93	44	149	75	150	104	36	144	48	89	85	119	59	105	132	131	105	110	31	109	110	80	79	134	65	59	113	137	59	146	111	34	101	103	103	72	66	92	53	118	56	94	60	112	98	72	96	96	141	116	124	92	134	144	37	45	99	134	108	129	79	107	101	137	129	142	121	105	111	69	47	45	100	43	47	136	79	38	128	33	66	41	46	123	59	47	32	110	103	115	118	64	59	36	126	51	126	127	33	148	105	61	81	145	72	112	88	52	59	70	117	102	125	141	43	106	96	42	100	30	32	32	100	108	50	135	43	49	111	120	68	79	138	135	119	138	134	75	54	128	42	47	149	114	38	103	65	100	53	113	74	124	137	56	105	109	99	38	101	52	34	100	110	103	36	88	82	57	36	103	131	108	138	89	105	96	81	150	105	84	124	142	108	45	58	44	52	89	137	143	129	146	61	60	103	110	105	136	51	144	30	112	41	97	119	144	130	125	147	51
DISTANCE_MATRIX
0	360	318	300	288	276	264	264	150	150	150	60	90	90	162	168	204	228	234	312	360	408	348	318	168	192	168	318
360	60	264	318	324	342	342	342	348	348	354	360	372	378	378	420	420	480	462	498	462	462	384	420	372	420	378	378
318	264	60	270	276	288	288	288	294	294	294	318	318	324	324	414	414	468	462	486	462	462	330	366	366	408	372	324
300	318	270	60	276	288	288	288	288	288	288	300	300	312	318	408	408	468	462	486	438	438	318	360	360	402	360	312
288	324	276	276	60	276	276	276	276	276	276	288	288	300	300	402	396	462	456	480	432	432	300	360	360	402	348	300
276	342	288	288	276	60	180	180	252	258	264	264	264	288	288	390	390	456	450	480	432	432	288	348	348	348	288	288
264	342	288	288	276	180	60	180	246	258	264	264	264	288	288	390	390	456	450	480	432	432	288	348	348	348	288	288
264	342	288	288	276	180	180	60	240	258	264	264	264	288	288	390	390	456	450	480	432	432	288	348	348	348	288	288
150	348	294	288	276	252	246	240	60	120	120	150	126	270	270	378	384	420	438	480	420	408	276	300	300	300	276	270
150	348	294	288	276	258	258	258	120	60	120	150	150	270	270	378	384	420	438	480	420	408	276	300	300	300	276	270
150	354	294	288	276	264	264	264	120	120	60	150	150	270	270	378	384	420	438	480	420	408	276	300	300	300	276	270
60	360	318	300	288	264	264	264	150	150	150	60	90	162	168	228	234	312	360	408	348	318	168	192	192	198	168	162
90	372	318	300	288	264	264	264	150	150	150	90	60	162	168	228	234	312	360	408	348	318	168	192	192	198	168	162
90	378	324	312	300	288	288	288	270	270	270	162	162	60	120	180	180	306	210	360	300	300	120	180	120	180	120	234
162	378	324	318	300	288	288	288	270	270	270	168	168	120	60	180	180	306	210	360	300	300	120	180	120	180	120	120
168	420	414	408	402	348	348	348	300	300	300	228	228	180	180	60	132	204	132	348	258	258	186	60	180	132	222	180
204	420	414	408	396	390	390	390	384	384	384	234	234	180	180	132	60	204	132	348	258	258	186	60	180	132	222	180
228	480	468	468	462	456	456	456	420	420	420	312	312	306	306	204	204	60	198	120	240	240	306	204	306	138	306	306
234	462	462	462	456	450	450	450	438	438	438	360	360	210	210	132	132	198	60	138	132	132	210	132	210	132	210	210
312	498	486	486	480	480	480	480	480	480	480	408	408	360	360	348	348	120	138	60	348	348	360	348	360	348	360	360
360	462	462	438	432	432	432	432	420	420	420	348	348	300	300	258	258	240	132	348	60	60	300	258	300	258	300	300
408	462	462	438	432	432	432	432	408	408	408	318	318	300	300	258	258	240	132	348	60	60	300	258	300	258	300	300
348	384	330	318	300	288	288	288	276	276	276	168	168	120	120	186	186	306	210	360	300	300	60	186	120	186	120	120
318	420	366	360	360	348	348	348	300	300	300	192	192	180	180	60	60	204	132	348	258	258	186	60	180	60	180	180
168	372	300	306	300	288	288	288	270	270	270	168	168	120	120	180	180	306	210	360	300	300	120	180	60	180	120	120
192	420	408	402	402	348	348	348	300	300	300	198	198	180	180	132	132	138	132	348	258	258	186	60	180	60	180	180
168	378	372	360	348	288	288	288	276	276	276	168	168	120	120	222	222	306	210	360	300	300	120	180	120	180	60	120
318	378	324	312	300	288	288	288	270	270	270	162	162	234	120	180	180	306	210	360	300	300	120	180	120	180	120	60
DEPOTS_DISTANCE
234	462	462	462	456	450	450	450	438	438	438	360	360	210	210	132	132	198	60	138	132	132	210	132	210	132	210	210	
348	384	330	318	300	288	288	288	276	276	276	168	168	120	120	186	186	306	210	360	300	300	60	186	120	186	120	120	
318	420	366	360	360	348	348	348	300	300	300	192	192	180	180	60	60	204	132	348	258	258	186	60	180	60	180	180	
LOCATION_TURN_MATRIX
100	130	122	113	112	199	136	122	129	152	173	146	151	136	158	140	176	113	122	167	194	134	110	172	114	184	100	147	
170	100	154	188	164	169	136	136	152	170	104	183	155	115	101	104	155	187	174	115	149	134	178	168	114	135	168	102	
178	146	100	161	178	114	104	165	117	139	126	169	192	109	120	179	160	152	154	134	113	140	154	179	196	196	192	181	
187	112	139	100	158	114	195	181	104	132	195	106	183	169	132	170	140	136	172	148	116	110	123	136	151	120	176	169	
188	136	122	142	100	175	164	159	112	100	167	164	135	191	132	181	104	123	142	156	108	117	193	182	116	147	156	185	
101	131	186	186	125	100	190	147	164	150	137	102	145	176	185	131	113	108	117	186	118	151	140	178	154	189	172	110	
164	164	196	105	136	110	100	186	153	151	183	193	111	157	144	123	188	142	110	163	105	190	166	187	170	171	186	126	
178	164	135	119	141	153	114	100	106	130	108	103	151	178	122	151	130	133	184	177	110	141	166	110	122	174	191	197	
171	148	183	196	188	136	147	194	100	167	100	146	168	129	128	142	172	118	174	147	105	158	156	160	120	106	119	136	
148	130	161	168	200	150	149	170	133	100	177	106	175	116	188	180	176	194	108	146	130	187	183	173	128	141	169	176	
127	196	174	105	133	163	117	192	200	123	100	171	175	140	183	115	104	186	128	153	151	175	100	146	191	117	132	197	
154	117	131	194	136	198	107	197	154	194	129	100	136	184	140	147	172	184	148	131	103	156	185	200	152	158	154	143	
149	145	108	117	165	155	189	149	132	125	125	164	100	140	199	142	101	144	163	185	117	191	200	143	113	165	102	154	
164	185	191	131	109	124	143	122	171	184	160	116	160	100	109	116	196	113	131	186	166	139	183	175	144	161	105	170	
142	199	180	168	168	115	156	178	172	112	117	160	101	191	100	147	177	177	199	158	172	188	164	175	180	168	154	195	
160	196	121	130	119	169	177	149	158	120	185	153	158	184	153	100	152	159	197	157	181	159	102	123	168	200	124	186	
124	145	140	160	196	187	112	170	128	124	196	128	199	104	123	148	100	149	114	112	117	135	105	132	138	180	198	156	
187	113	148	164	177	192	158	167	182	106	114	116	156	187	123	141	151	100	166	132	168	163	159	123	129	173	161	116	
178	126	146	128	158	183	190	116	126	192	172	152	137	169	101	103	186	134	100	184	199	137	130	160	148	113	140	150	
133	185	166	152	144	114	137	123	153	154	147	169	115	114	142	143	188	168	116	100	111	195	128	157	191	164	141	171	
106	151	187	184	192	182	195	190	195	170	149	197	183	134	128	119	183	132	101	189	100	129	151	163	147	166	104	177	
166	166	160	190	183	149	110	159	142	113	125	144	109	161	112	141	165	137	163	105	171	100	101	185	169	129	103	197	
190	122	146	177	107	160	134	134	144	117	200	115	100	117	136	198	195	141	170	172	149	199	100	106	150	116	118	145	
128	132	121	164	118	122	113	190	140	127	154	100	157	125	125	177	168	177	140	143	137	115	194	100	128	167	115	155	
186	186	104	149	184	146	130	178	180	172	109	148	187	156	120	132	162	171	152	109	153	131	150	172	100	155	124	184	
116	165	104	180	153	111	129	126	194	159	183	142	135	139	132	100	120	127	187	136	134	171	184	133	145	100	129	192	
200	132	108	124	144	128	114	109	181	131	168	146	198	195	146	176	102	139	160	159	196	197	182	185	176	171	100	146	
153	198	119	131	115	190	174	103	164	124	103	157	146	130	105	114	144	184	150	129	123	103	155	145	116	108	154	100	
DEPOTS_TO_LOCAL_TURN_MATRIX
178	126	146	128	158	183	190	116	126	192	172	152	137	169	101	103	186	134	100	184	199	137	130	160	148	113	140	150	
190	122	146	177	107	160	134	134	144	117	200	115	100	117	136	198	195	141	170	172	149	199	100	106	150	116	118	145	
128	132	121	164	118	122	113	190	140	127	154	100	157	125	125	177	168	177	140	143	137	115	194	100	128	167	115	155	
LOCAL_TO_DEPOT_TURN_MATRIX
122	174	154	172	142	117	110	184	174	108	128	148	163	131	199	197	114	166	100	116	101	163	170	140	152	187	160	150	
110	178	154	123	193	140	166	166	156	183	100	185	200	183	164	102	105	159	130	128	151	101	100	194	150	184	182	155	
172	168	179	136	182	178	187	110	160	173	146	200	143	175	175	123	132	123	160	157	163	185	106	100	172	133	185	145	

