INDEX_PROBLEM
1
PATIENTS
800
STRETCHERS
16
NUM_ROOM
28
NUM_DEPOT
3
NUM_PRIORITY
4
PRIORITY_LIST
0	1	2	3	4
PRIORITY_WEIGHT
0	1	10	18	30
PRIORITY_JOB
0	1	2	3	3	2	3	2	3	2	3	1	2	3	3	3	3	4	1	2	3	3	4	3	2	2	2	3	4	1	4	4	3	2	3	3	2	2	3	3	2	2	3	4	1	2	4	3	3	3	3	4	2	3	4	2	4	1	1	2	3	1	1	1	1	2	3	3	1	3	3	2	3	1	1	2	4	2	2	2	1	2	3	4	1	2	3	4	2	1	3	3	2	1	2	1	2	2	3	4	1	2	3	3	3	1	1	3	3	1	2	1	1	2	2	3	4	1	4	2	4	2	1	1	3	3	1	2	2	1	2	3	4	2	3	2	3	2	1	1	3	4	1	1	2	1	2	3	2	3	2	3	3	2	1	1	3	3	1	2	1	4	1	2	3	4	3	2	4	3	2	1	1	2	1	2	1	1	3	1	2	3	3	4	3	4	1	1	1	2	2	1	2	2	3	2	2	3	4	3	3	1	1	2	3	1	2	1	2	3	2	2	3	4	3	3	4	1	2	1	1	1	2	1	2	3	3	2	2	3	3	3	4	1	3	2	1	1	1	1	2	3	4	1	2	3	3	4	2	4	2	1	1	2	1	1	2	3	1	2	3	3	3	2	3	3	2	1	1	2	2	1	1	3	4	1	2	3	3	4	3	3	3	2	1	1	2	1	2	2	3	4	1	2	4	3	2	3	3	1	1	2	1	1	2	2	3	4	2	2	3	3	2	3	2	1	1	1	1	2	1	3	3	2	2	3	3	3	4	4	1	1	1	2	1	1	2	2	3	3	4	2	3	3	4	2	3	1	1	1	1	1	2	3	3	2	2	3	3	2	2	3	4	2	1	1	1	1	3	3	4	1	2	3	4	2	2	3	2	2	1	1	1	2	1	3	3	1	2	3	3	3	3	3	3	3	1	1	2	1	1	2	2	4	1	2	4	3	4	3	3	2	1	1	1	2	1	2	3	4	2	3	2	3	3	3	1	1	1	2	1	2	2	2	3	4	2	2	3	3	3	3	4	1	2	1	1	1	2	1	1	3	3	2	2	3	4	4	3	4	1	1	1	1	1	2	3	3	2	2	3	2	3	2	3	2	3	1	1	1	2	4	3	1	2	3	3	2	3	1	4	2	2	1	1	2	1	1	3	4	1	2	3	3	3	4	3	3	2	1	1	2	1	2	2	3	1	2	3	4	3	3	4	1	1	2	1	1	1	2	2	3	2	3	3	3	3	4	1	1	1	2	2	1	2	2	3	4	2	2	3	3	3	3	3	1	1	1	1	2	2	1	2	3	4	2	2	3	4	3	3	1	2	1	1	1	1	2	3	3	2	2	3	4	2	3	4	2	1	1	3	1	1	2	3	1	2	3	4	2	3	3	2	2	1	1	3	2	1	2	4	1	2	3	3	3	3	4	3	2	2	1	1	2	1	1	3	1	2	3	3	3	2	2	4	1	1	2	1	2	1	3	3	2	3	3	4	3	2	1	1	1	2	3	1	2	1	3	2	2	3	4	1	3	4	3	2	1	1	3	2	2	1	2	3	2	2	3	1	3	4	3	2	3	1	1	3	1	1	4	2	2	3	2	2	3	3	2	3	1	1	3	4	1	1	1	2	3	2	2	2	3	3	2	3	1	1	4	1	1	2	2	2	3	3	2	3	3	4	1	2	1	1	3	4	1	1	2	1	2	3	3	2	3	2	1	1	2	3	2	1	1	2	3	1	1	3	4	1	2	1	1	1	1	2	3	2	1	2	1	1	4	2	2	1	1	1	1	3	1	2	1	2	1	3	3	1	1	3	2	2	1	2	1	1	2	3	4	1	2	1
TIME_ASKED
0	28849	28898	28947	28996	29045	29094	29149	29198	29247	29296	29345	29394	29429	29458	29487	29516	29545	29574	29603	29632	29661	29690	29742	29784	29826	29868	29910	29952	29994	30029	30058	30087	30116	30145	30174	30203	30232	30261	30290	30329	30358	30387	30416	30445	30474	30503	30532	30561	30590	30621	30642	30663	30684	30705	30726	30747	30768	30789	30810	30831	30852	30873	30894	30949	30998	31047	31096	31145	31194	31227	31254	31281	31308	31335	31362	31389	31416	31443	31470	31497	31524	31548	31572	31596	31620	31644	31668	31692	31716	31740	31764	31788	31837	31874	31911	31948	31985	32022	32059	32096	32159	32218	32277	32336	32395	32419	32438	32457	32476	32495	32514	32533	32552	32571	32590	32609	32628	32647	32666	32685	32759	32818	32877	32936	32995	33027	33054	33081	33108	33135	33162	33189	33216	33243	33270	33297	33333	33366	33399	33432	33465	33498	33531	33564	33597	33616	33632	33648	33664	33680	33696	33712	33728	33744	33760	33776	33792	33808	33824	33840	33856	33872	33888	33933	33966	33999	34032	34065	34098	34131	34164	34197	34242	34284	34326	34368	34410	34452	34494	34533	34566	34599	34632	34665	34698	34731	34764	34797	34827	34854	34881	34908	34935	34962	34989	35016	35043	35070	35097	35137	35174	35211	35248	35285	35322	35359	35396	35433	35466	35499	35532	35565	35598	35631	35664	35697	35723	35746	35769	35792	35815	35838	35861	35884	35907	35930	35953	35976	35999	36023	36046	36069	36092	36115	36138	36161	36184	36207	36230	36253	36276	36299	36327	36354	36381	36408	36435	36462	36489	36516	36543	36570	36597	36619	36638	36657	36676	36695	36714	36733	36752	36771	36790	36809	36828	36847	36866	36885	36949	36998	37047	37096	37145	37194	37259	37318	37377	37436	37495	37549	37598	37647	37696	37745	37794	37827	37854	37881	37908	37935	37962	37989	38016	38043	38070	38097	38123	38146	38169	38192	38215	38238	38261	38284	38307	38330	38353	38376	38399	38419	38438	38457	38476	38495	38514	38533	38552	38571	38590	38609	38628	38647	38666	38685	38742	38784	38826	38868	38910	38952	38994	39029	39058	39087	39116	39145	39174	39203	39232	39261	39290	39349	39398	39447	39496	39545	39594	39633	39666	39699	39732	39765	39798	39831	39864	39897	39937	39974	40011	40048	40085	40122	40159	40196	40242	40284	40326	40368	40410	40452	40494	40542	40584	40626	40668	40710	40752	40794	40849	40898	40947	40996	41045	41094	41133	41166	41199	41232	41265	41298	41331	41364	41397	41423	41446	41469	41492	41515	41538	41561	41584	41607	41630	41653	41676	41699	41749	41798	41847	41896	41945	41994	42099	42198	42297	42342	42384	42426	42468	42510	42552	42594	42699	42798	42897	42923	42946	42969	42992	43015	43038	43061	43084	43107	43130	43153	43176	43199	43237	43274	43311	43348	43385	43422	43459	43496	43549	43598	43647	43696	43745	43794	43899	43998	44097	44159	44218	44277	44336	44395	44459	44518	44577	44636	44695	44799	44898	44997	45033	45066	45099	45132	45165	45198	45231	45264	45297	45337	45374	45411	45448	45485	45522	45559	45596	45637	45674	45711	45748	45785	45822	45859	45896	45959	46018	46077	46136	46195	46249	46298	46347	46396	46445	46494	46537	46574	46611	46648	46685	46722	46759	46796	46821	46842	46863	46884	46905	46926	46947	46968	46989	47010	47031	47052	47073	47094	47199	47298	47397	47437	47474	47511	47548	47585	47622	47659	47696	47737	47774	47811	47848	47885	47922	47959	47996	48049	48098	48147	48196	48245	48294	48324	48348	48372	48396	48420	48444	48468	48492	48516	48540	48564	48588	48627	48654	48681	48708	48735	48762	48789	48816	48843	48870	48897	48937	48974	49011	49048	49085	49122	49159	49196	49233	49266	49299	49332	49365	49398	49431	49464	49497	49537	49574	49611	49648	49685	49722	49759	49796	49827	49854	49881	49908	49935	49962	49989	50016	50043	50070	50097	50149	50198	50247	50296	50345	50394	50424	50448	50472	50496	50520	50544	50568	50592	50616	50640	50664	50688	50737	50774	50811	50848	50885	50922	50959	50996	51027	51054	51081	51108	51135	51162	51189	51216	51243	51270	51297	51324	51348	51372	51396	51420	51444	51468	51492	51516	51540	51564	51588	51637	51674	51711	51748	51785	51822	51859	51896	51933	51966	51999	52032	52065	52098	52131	52164	52197	52259	52318	52377	52436	52495	52517	52534	52551	52568	52585	52602	52619	52636	52653	52670	52687	52704	52721	52738	52755	52772	52789	52859	52918	52977	53036	53095	53137	53174	53211	53248	53285	53322	53359	53396	53459	53518	53577	53636	53695	53733	53766	53799	53832	53865	53898	53931	53964	53997	54027	54054	54081	54108	54135	54162	54189	54216	54243	54270	54297	54374	54448	54522	54596	54627	54654	54681	54708	54735	54762	54789	54816	54843	54870	54897	55049	55198	55237	55274	55311	55348	55385	55422	55459	55496	55574	55648	55722	55796	55827	55854	55881	55908	55935	55962	55989	56016	56043	56070	56097	56399	56499	56598	56697	56733	56766	56799	56832	56865	56898	56931	56964	56997	57049	57098	57147	57196	57245	57294	57359	57418	57477	57536	57595
ORIGIN
26	16	6	27	19	1	27	23	25	14	4	10	2	14	14	14	23	14	3	23	14	4	26	16	23	14	14	7	27	27	27	7	23	9	1	23	14	14	23	13	2	2	27	3	24	14	14	14	14	6	27	18	7	27	20	8	18	14	17	2	23	23	2	26	14	3	23	14	4	25	15	1	14	25	1	27	14	14	14	3	14	1	23	11	2	2	14	2	27	23	23	14	14	5	1	7	27	27	18	7	27	2	8	1	1	20	17	2	12	2	14	14	27	27	14	4	24	15	4	27	16	14	3	26	3	26	14	14	2	2	10	2	23	12	14	23	16	14	14	27	15	27	16	14	23	23	23	27	20	14	14	23	10	14	27	20	27	20	14	14	14	14	6	24	15	4	26	16	1	27	15	26	14	14	14	18	14	14	3	23	12	2	27	14	3	26	14	14	14	11	8	1	14	14	1	20	8	2	14	9	1	2	27	2	14	5	4	27	14	5	1	14	4	23	16	5	14	23	23	17	2	14	3	14	14	2	14	12	2	23	14	3	23	14	14	27	11	14	25	14	16	14	3	8	27	23	14	1	14	12	2	14	27	14	14	14	10	14	27	7	26	16	5	14	17	7	8	26	14	14	14	14	10	10	27	3	23	13	3	23	14	4	27	11	14	1	25	14	3	3	26	2	23	8	1	3	10	2	2	14	2	2	5	14	25	25	11	27	16	5	1	16	7	27	26	20	3	14	14	2	9	20	14	14	13	2	27	14	3	20	20	23	1	7	14	3	26	14	23	12	8	1	23	10	2	14	12	2	26	14	14	26	14	14	14	8	5	26	25	7	14	26	14	3	14	14	23	16	20	2	14	4	2	23	14	14	20	14	23	1	7	14	23	26	14	7	11	2	1	23	10	1	23	12	2	14	14	14	27	14	14	4	11	27	26	16	6	3	14	7	4	14	14	14	3	14	20	14	4	26	23	14	3	24	14	4	7	26	14	26	1	26	1	26	3	23	23	10	1	23	11	2	14	14	14	14	27	14	14	27	11	20	16	6	27	19	7	27	22	3	17	14	23	17	26	14	15	3	14	3	23	14	14	14	11	14	1	1	25	14	1	26	2	13	9	26	23	11	2	26	23	27	27	14	14	27	20	14	8	1	5	27	18	7	27	20	8	3	14	17	2	22	23	2	2	26	3	23	14	4	24	14	1	25	14	25	4	26	2	23	12	2	1	23	11	2	1	12	4	7	14	14	27	15	14	27	27	23	26	17	7	27	20	3	14	14	2	14	27	20	2	14	14	26	23	14	4	24	15	4	25	14	14	3	26	14	2	27	23	1	23	10	2	23	12	2	14	26	27	15	15	14	14	23	14	26	16	7	27	20	27	23	23	3	9	20	20	2	14	26	16	23	14	3	24	14	4	26	8	14	26	26	14	2	14	14	3	23	10	2	23	12	2	14	14	27	14	14	27	11	24	24	1	14	7	27	19	8	14	12	16	20	23	20	14	23	27	27	23	14	3	24	14	4	14	7	14	26	14	7	2	26	14	3	14	10	1	23	12	2	23	14	27	14	14	27	27	11	14	8	16	6	27	19	7	27	14	2	1	20	2	2	22	14	16	11	14	3	23	14	4	20	8	23	26	14	1	1	26	14	4	13	9	1	23	11	2	23	13	14	14	14	27	27	11	14	1	25	6	27	18	7	27	21	8	14	17	10	2	23	23	2	15	14	3	23	14	4	25	16	1	25	14	7	27	14	14	14	14	9	1	23	11	27	23	13	27	14	14	3	24	14	1	7	3	5	27	18	7	27	20	8	1	2	27	1	23	12	7	14	14
DESTINATION
3	14	17	2	22	23	2	26	14	3	23	14	14	25	25	16	1	25	14	4	9	14	3	14	1	1	1	20	2	23	23	13	27	14	14	27	5	5	1	7	27	27	18	14	2	20	20	8	1	17	2	27	20	2	14	14	27	16	6	14	27	1	27	23	25	14	3	26	14	14	14	14	2	14	23	2	16	4	4	26	16	14	27	15	14	27	16	14	23	27	27	9	26	14	23	13	2	2	27	20	2	24	14	14	14	14	6	27	11	27	20	8	18	18	26	14	2	14	14	18	14	3	23	14	23	14	15	1	14	14	14	14	27	11	8	1	14	1	1	23	11	2	14	2	27	27	27	2	14	5	4	27	14	5	18	7	18	7	8	1	1	1	17	2	14	14	3	14	14	2	14	14	4	4	4	27	16	10	14	27	11	14	23	25	14	3	10	2	2	12	14	23	16	16	14	14	14	27	16	14	14	27	23	27	20	14	14	23	10	14	23	26	14	3	14	14	10	27	3	6	24	4	26	16	1	27	15	11	14	1	25	14	3	26	2	23	12	2	14	3	14	3	26	14	2	27	5	14	25	11	27	8	2	8	9	1	14	1	2	20	3	14	14	2	9	20	14	14	4	4	16	5	14	14	23	23	1	7	14	3	26	14	23	12	2	23	14	3	23	23	14	14	26	14	14	26	14	14	14	8	27	27	14	1	14	14	12	2	14	14	23	16	20	2	14	7	26	16	5	14	17	7	8	4	7	14	23	26	14	7	11	3	23	13	3	23	14	4	27	11	14	14	27	14	14	4	11	27	23	8	1	3	10	2	2	14	14	3	14	20	10	14	4	26	16	5	1	16	7	27	26	14	14	1	26	1	7	26	3	23	13	2	27	14	3	20	20	14	14	27	14	14	27	11	27	20	8	1	23	10	2	14	12	2	3	14	17	14	26	23	14	15	8	5	26	25	7	26	14	3	1	25	14	1	26	14	13	14	4	14	23	14	14	14	23	1	27	14	14	27	20	14	8	1	1	1	23	10	1	23	12	14	14	17	2	22	23	2	2	26	6	16	7	6	14	4	14	26	25	14	4	26	2	26	12	2	23	23	14	3	24	14	14	7	14	14	27	15	14	14	27	23	23	10	1	23	11	2	14	14	14	2	27	20	2	14	14	26	16	6	22	19	7	27	22	3	14	3	26	14	2	2	23	14	3	14	23	14	14	27	11	14	14	27	15	14	14	11	14	13	9	26	23	11	2	23	23	27	3	9	20	2	14	26	16	16	27	8	18	7	27	20	8	3	3	26	14	2	14	14	14	3	3	23	14	4	24	23	1	14	27	14	14	27	11	24	1	14	23	11	11	2	1	27	4	3	16	20	2	14	23	27	27	26	17	7	7	27	20	3	14	1	26	14	2	26	14	3	14	3	14	14	4	24	15	4	14	27	14	14	27	11	14	8	1	23	10	10	23	12	2	2	14	20	20	2	22	14	16	11	16	7	27	7	20	27	23	23	27	26	14	1	26	14	4	13	2	14	3	20	24	14	4	26	8	14	14	27	11	14	1	25	23	10	2	23	23	12	2	14	14	17	2	22	23	2	15	24	14	7	27	27	19	8	14	12	25	14	5	26	14	14	14	27	14	3	24	24	14	4	14	7	14	14	27	20	14	1	7	3	10	1	23	23	12	2	23	14	17	2	27	23	2	7	14	16	6	14	14	7	7	27	14	25	14	4	2	14	14	14	23	14	3	20	2	4	4	20	8	14	14	27	15	23	27	7	23	1	1	14	1	2	23	13	14	14	2	27	20	2	14	14	14	27	18	14	27	11	21	8	3
DUE_DATE
0	31147	30476	30045	30094	30623	30192	30727	30296	30825	30394	31643	30972	30527	30556	30585	30614	30103	31872	31181	30730	30759	30248	30840	31362	31404	31446	31008	30510	32292	30587	30616	31185	31694	31243	31272	31781	31810	31359	31388	31907	31936	31485	30974	32743	32052	31061	31630	31659	31688	31719	31200	32241	31782	31263	32304	31305	33066	33087	32388	31929	33150	33171	33192	33247	32576	32145	32194	33443	32292	32325	32832	32379	33606	33633	32940	31947	32994	33021	33048	33795	33102	32646	32130	33894	33198	32742	32226	33270	34014	32838	32862	33366	34135	33452	34209	33526	33563	33120	32617	34394	33737	33316	33375	33434	34693	34717	33536	33555	34774	34073	34812	34831	34130	34149	33688	33167	34926	33205	34244	33243	34337	35116	35175	34034	34093	35325	34632	34659	35406	34713	34260	33747	34794	34341	34848	34395	34911	35664	35697	34530	34023	35796	35829	35142	35895	35194	34730	35226	34762	35258	34794	34810	35306	36042	36058	34874	34890	36106	35402	36138	34414	36170	35466	35031	34524	35097	35610	34623	35196	35709	36462	36495	35820	36582	35904	36666	36708	35550	36792	36111	35664	35697	35190	35763	35256	37029	37062	37095	36405	36432	37179	36486	36513	36060	36567	36594	36141	35628	36195	36235	37472	37509	36826	36383	37620	36937	37694	37011	36564	37077	37110	36663	36156	36729	36762	36255	38021	37324	38067	38090	38113	37416	38159	37462	37005	37028	37531	37554	37097	37121	37144	36627	38390	37213	37716	38459	38482	38505	38528	37831	37374	36857	38625	37932	37479	37506	36993	38040	37047	38094	38841	38868	38175	38917	38936	38235	37774	38993	38292	37831	37850	37869	38368	37907	37926	38425	39164	39183	38527	38576	39345	39394	38243	37752	39557	38896	38475	38534	38053	38647	38696	38745	39274	40043	40092	39405	40152	39459	39486	39033	38520	40287	39594	38601	39168	39675	39221	39244	40467	40490	39793	40536	40559	39862	39885	39428	38911	39954	39977	39517	39536	40035	39574	40073	40812	40831	40850	40869	40168	40907	39726	39745	40244	40263	39840	39882	39924	39426	39468	41250	41292	41327	40636	41385	41414	40723	40752	40301	40330	39819	40868	40447	40496	40005	41074	40643	41892	41931	41964	41997	42030	41343	40896	40929	41442	41475	41035	41072	41589	41626	41183	40680	41737	42494	42540	42582	42624	41466	41508	41010	42792	42120	41682	41184	42246	42288	41850	42372	42427	43196	43245	43294	42623	43392	42231	42264	43497	42810	42363	42396	42429	42462	42495	42521	42544	43767	43790	43093	43836	43859	43162	43185	42188	43951	43254	42257	42847	42356	42945	42994	43523	44292	44397	44496	43875	44640	43962	43524	43026	44088	43650	44172	43797	43896	43995	45221	45244	45267	44570	45313	44616	44639	44662	44205	43688	44731	44754	44297	44335	44372	44409	43906	45683	45000	45757	45794	45847	45176	45945	45994	44843	44892	45477	45576	45195	44717	44776	45375	44894	46693	46757	46816	46875	46934	46273	45897	45996	46575	46611	46164	46677	46230	46743	46296	46809	46362	47595	47635	47672	46989	46006	46583	47820	47137	46694	46735	47252	46809	48046	46343	47400	47437	48194	48257	47596	48375	48434	47293	46807	48596	47925	47494	47543	47592	47095	47672	47709	48226	48983	49020	48337	49094	48399	48420	47961	49182	48483	48024	47505	48066	48087	47568	49329	49350	48651	49392	49497	49596	48975	49015	48572	49089	48646	48683	48720	48757	48254	50035	50072	50109	49426	49463	50220	49537	49574	49147	48656	49725	49774	49343	49392	49422	49446	49470	50694	50718	50742	50766	50070	50094	50838	50142	49686	49185	50232	50259	49806	49293	49860	49887	51114	50421	51168	51195	51235	51272	50589	50146	50183	50700	50737	50294	49791	50844	50397	49890	50943	51696	51729	50562	51795	51835	51152	50709	51946	51263	50820	50317	51374	50925	50952	51459	51486	52233	52260	51087	51594	52341	51648	50655	52447	51776	51345	51394	51443	51492	50982	51546	52050	52074	52818	52842	52146	52890	52914	51738	52962	52266	51835	51872	51909	52426	52463	51480	53257	53294	52605	53352	52659	53406	52233	52260	52767	52314	52341	51828	52395	52902	53646	53670	53694	52998	52542	53766	53070	53814	52638	53142	53166	52735	52232	54009	52846	52343	52920	53437	54194	54231	53064	53577	53610	54363	53676	53229	53742	53775	53357	54616	53475	52994	53593	54095	53632	54849	54866	53683	54900	54917	53194	54231	54248	53785	54282	54299	53836	53853	54350	53887	55157	55216	54075	53594	55393	55435	55472	54789	54346	54863	54900	54937	54494	54557	55096	54675	55934	55993	54291	56064	56097	55410	55443	55476	55029	55062	55575	55125	55152	54639	56406	55713	56460	56487	55314	54801	56568	56595	55952	56746	56100	55694	55725	56232	55779	56286	57033	57060	56367	55914	56421	57168	57195	56627	56296	57535	57572	56409	55906	57683	57000	57757	57794	57872	57946	57300	56894	57405	58152	57459	58206	58233	56520	57567	57594	58341	58368	58395	58697	57597	58896	58275	59031	58344	59097	57930	57963	59196	59229	58062	58575	58627	59396	58725	59494	59543	58872	58457	57976	59775	59114	59893
TRANSPORT_MODE
0	2	2	1	1	1	0	0	0	2	2	1	1	2	0	0	2	1	1	1	2	0	0	0	0	2	1	1	1	2	0	0	0	1	1	1	1	0	0	0	0	2	2	1	1	2	0	0	0	2	1	1	1	0	0	0	0	3	3	1	1	1	0	0	0	1	2	2	1	1	0	0	0	3	3	1	1	1	0	0	0	2	2	1	1	1	0	0	0	3	1	1	1	0	0	0	0	1	2	2	1	1	0	0	0	3	3	1	1	0	0	0	0	1	2	2	1	1	0	0	0	1	3	3	1	1	0	0	0	1	2	2	1	1	0	0	0	1	3	3	1	1	0	0	0	1	2	1	1	0	0	0	0	1	3	3	1	1	0	0	0	1	2	2	1	0	0	0	0	1	1	3	3	1	0	0	0	0	1	1	2	2	1	0	0	1	3	3	1	1	0	0	0	0	1	1	2	2	1	0	0	1	3	1	1	0	0	0	0	1	1	2	2	1	0	0	0	1	1	3	3	0	0	0	0	1	1	1	2	2	0	0	0	1	1	1	3	3	0	0	0	1	1	2	2	1	0	0	0	1	1	3	3	1	0	0	0	1	1	2	1	0	0	0	0	1	1	3	3	1	0	0	0	1	1	2	2	0	0	0	0	1	1	1	3	3	0	0	0	1	1	1	2	2	0	0	0	1	1	3	3	1	0	0	0	1	1	1	2	2	0	0	0	1	1	3	1	0	0	0	0	1	1	1	2	2	0	0	0	1	1	3	3	0	0	0	0	1	1	1	2	2	0	0	0	1	1	1	3	3	0	0	1	1	1	2	2	0	0	0	0	1	1	1	3	3	0	0	1	1	2	2	1	0	0	0	0	1	1	1	3	3	0	0	0	1	1	1	2	0	0	0	0	2	1	1	3	3	0	0	0	1	1	1	1	2	0	0	0	2	1	1	3	3	0	0	0	1	1	1	2	2	0	0	0	1	1	3	3	1	0	0	0	0	1	1	1	2	2	0	0	0	1	1	1	3	0	0	0	0	3	1	1	2	1	0	0	0	2	1	1	3	3	0	0	1	1	1	2	2	0	0	0	0	1	1	1	3	3	0	0	1	1	2	2	1	0	0	0	0	1	1	1	3	3	0	0	0	1	1	1	2	0	0	0	0	2	1	1	3	3	0	0	0	1	1	1	2	2	0	0	1	1	3	3	1	0	0	0	0	1	1	1	2	2	0	0	1	1	3	3	1	0	0	0	0	1	1	1	2	2	0	0	0	1	1	3	3	0	0	0	0	1	1	1	2	2	0	0	0	1	1	1	3	3	0	0	0	1	1	2	2	1	0	0	0	1	1	3	3	1	0	0	0	1	1	2	2	1	0	0	0	1	1	3	3	1	0	0	0	1	1	2	2	0	0	0	0	1	1	1	3	3	0	0	0	1	1	1	2	2	0	0	1	1	3	3	1	0	0	0	0	1	1	2	2	1	0	0	1	3	3	1	1	0	0	0	0	1	1	2	2	1	0	0	0	1	3	3	1	0	0	0	0	1	1	2	2	1	0	0	0	1	1	3	3	1	0	0	1	2	2	1	1	0	0	0	0	1	3	3	1	1	0	0	1	2	2	1	1	0	0	0	0	1	3	3	1	1	0	0	0	1	2	1	1	0	0	0	0	1	3	3	1	1	0	0	0	1	2	2	1	1	0	0	3	3	1	1	1	0	0	0	1	3	3	1	1	0	0	0	3	3	1	1	1	0	0	0	3	3	1	1	1	0	0	0	3	1	1	1	0	0	0	0	1	3	3	1	1	0	0	0	3	3	1	1	1	0	0	0
PATIENT_WEIGHT
113	125	66	78	149	64	54	67	92	136	149	84	73	96	85	30	104	55	35	98	39	79	111	119	71	144	95	121	79	93	83	81	100	37	82	41	133	31	134	75	118	47	65	82	129	131	43	118	129	85	96	54	88	146	85	146	138	67	74	63	45	92	112	143	55	50	43	108	43	74	40	67	119	145	63	85	69	121	123	33	131	93	123	135	82	31	55	68	81	137	109	121	99	39	85	79	38	85	146	42	40	141	129	44	91	76	55	54	112	109	84	84	110	47	38	94	56	110	32	86	117	39	66	92	37	129	134	63	111	91	119	83	44	148	83	39	40	80	39	108	128	84	38	52	102	134	103	38	103	31	118	85	89	150	125	139	96	66	129	81	40	61	70	143	108	108	49	113	114	64	59	130	116	37	89	117	58	131	95	103	52	32	98	91	31	38	145	43	146	56	136	61	125	140	148	107	150	147	124	125	114	42	43	145	58	128	111	68	30	118	71	73	47	50	41	64	90	77	96	148	51	133	42	39	46	135	94	114	78	74	79	76	52	114	109	134	39	136	118	31	109	44	72	119	46	144	115	97	52	60	30	138	103	130	140	138	66	114	112	97	75	38	42	149	149	140	57	116	83	76	144	117	138	64	35	71	149	70	60	67	92	118	77	100	39	38	148	149	75	118	92	105	145	141	71	49	142	85	66	119	144	135	30	69	68	35	68	120	144	72	90	89	98	54	71	101	135	47	114	80	77	49	39	90	87	33	119	147	92	149	42	105	91	42	50	30	40	86	125	125	69	94	34	51	36	73	135	30	143	126	146	31	36	141	111	139	70	109	85	50	62	34	111	37	52	116	107	133	83	89	56	127	100	54	113	101	91	115	57	89	34	147	42	138	149	64	34	33	113	116	68	75	131	97	43	120	62	146	75	71	67	76	115	142	117	45	58	46	117	131	57	72	85	105	117	109	149	46	55	86	111	128	87	45	142	54	44	92	92	77	116	89	117	75	81	125	141	48	44	82	100	143	118	40	103	92	147	92	140	148	150	72	148	37	104	139	35	105	145	120	112	135	141	124	122	111	123	132	30	137	146	102	143	131	142	41	38	124	149	66	83	112	96	101	40	138	139	36	43	84	111	100	102	61	105	140	48	94	33	123	127	118	107	139	99	57	62	77	93	113	100	60	90	61	104	126	108	138	111	59	93	51	53	85	42	84	104	110	110	108	59	118	93	32	76	57	93	58	119	104	38	78	99	142	127	40	41	146	122	133	55	125	106	61	138	104	142	127	55	46	34	52	102	144	140	71	105	30	60	94	73	120	66	52	79	79	116	47	113	45	104	56	45	30	148	52	114	132	128	73	90	95	44	111	85	107	50	125	149	102	101	95	51	79	146	58	99	140	93	62	76	121	84	66	96	94	109	120	143	51	91	54	84	38	137	43	68	118	74	148	61	105	86	133	107	71	82	125	67	53	116	79	83	30	89	32	89	34	30	37	106	58	134	69	138	76	103	59	146	68	127	75	92	58	124	97	75	146	118	83	132	146	124	84	88	129	52	54	127	131	114	55	86	67	35	127	109	39	74	86	103	35	112	106	99	53	111	150	90	99	112	117	84	69	42	49	77	123	133	48	101	82	58	81	41	121	79	52	144	51	50	114	116	130	62	132	49	50	49	77	70	131	38	117	96	101	134	94	36	93	100	67	144	118	101	136	126	85	104	88	120	127	84	55	133	101	49	58	82	117	117	53	145	120	86	53	108	75	83	80	88	47	110	77	115	62	117	122	53	113	74	114	52	91	110	136	47	42	61	60	59	87	52	118	97	38	72	91	117	147	63
DISTANCE_MATRIX
0	360	318	300	288	276	264	264	150	150	150	60	90	90	162	168	204	228	234	312	360	408	348	318	168	192	168	318
360	60	264	318	324	342	342	342	348	348	354	360	372	378	378	420	420	480	462	498	462	462	384	420	372	420	378	378
318	264	60	270	276	288	288	288	294	294	294	318	318	324	324	414	414	468	462	486	462	462	330	366	366	408	372	324
300	318	270	60	276	288	288	288	288	288	288	300	300	312	318	408	408	468	462	486	438	438	318	360	360	402	360	312
288	324	276	276	60	276	276	276	276	276	276	288	288	300	300	402	396	462	456	480	432	432	300	360	360	402	348	300
276	342	288	288	276	60	180	180	252	258	264	264	264	288	288	390	390	456	450	480	432	432	288	348	348	348	288	288
264	342	288	288	276	180	60	180	246	258	264	264	264	288	288	390	390	456	450	480	432	432	288	348	348	348	288	288
264	342	288	288	276	180	180	60	240	258	264	264	264	288	288	390	390	456	450	480	432	432	288	348	348	348	288	288
150	348	294	288	276	252	246	240	60	120	120	150	126	270	270	378	384	420	438	480	420	408	276	300	300	300	276	270
150	348	294	288	276	258	258	258	120	60	120	150	150	270	270	378	384	420	438	480	420	408	276	300	300	300	276	270
150	354	294	288	276	264	264	264	120	120	60	150	150	270	270	378	384	420	438	480	420	408	276	300	300	300	276	270
60	360	318	300	288	264	264	264	150	150	150	60	90	162	168	228	234	312	360	408	348	318	168	192	192	198	168	162
90	372	318	300	288	264	264	264	150	150	150	90	60	162	168	228	234	312	360	408	348	318	168	192	192	198	168	162
90	378	324	312	300	288	288	288	270	270	270	162	162	60	120	180	180	306	210	360	300	300	120	180	120	180	120	234
162	378	324	318	300	288	288	288	270	270	270	168	168	120	60	180	180	306	210	360	300	300	120	180	120	180	120	120
168	420	414	408	402	348	348	348	300	300	300	228	228	180	180	60	132	204	132	348	258	258	186	60	180	132	222	180
204	420	414	408	396	390	390	390	384	384	384	234	234	180	180	132	60	204	132	348	258	258	186	60	180	132	222	180
228	480	468	468	462	456	456	456	420	420	420	312	312	306	306	204	204	60	198	120	240	240	306	204	306	138	306	306
234	462	462	462	456	450	450	450	438	438	438	360	360	210	210	132	132	198	60	138	132	132	210	132	210	132	210	210
312	498	486	486	480	480	480	480	480	480	480	408	408	360	360	348	348	120	138	60	348	348	360	348	360	348	360	360
360	462	462	438	432	432	432	432	420	420	420	348	348	300	300	258	258	240	132	348	60	60	300	258	300	258	300	300
408	462	462	438	432	432	432	432	408	408	408	318	318	300	300	258	258	240	132	348	60	60	300	258	300	258	300	300
348	384	330	318	300	288	288	288	276	276	276	168	168	120	120	186	186	306	210	360	300	300	60	186	120	186	120	120
318	420	366	360	360	348	348	348	300	300	300	192	192	180	180	60	60	204	132	348	258	258	186	60	180	60	180	180
168	372	300	306	300	288	288	288	270	270	270	168	168	120	120	180	180	306	210	360	300	300	120	180	60	180	120	120
192	420	408	402	402	348	348	348	300	300	300	198	198	180	180	132	132	138	132	348	258	258	186	60	180	60	180	180
168	378	372	360	348	288	288	288	276	276	276	168	168	120	120	222	222	306	210	360	300	300	120	180	120	180	60	120
318	378	324	312	300	288	288	288	270	270	270	162	162	234	120	180	180	306	210	360	300	300	120	180	120	180	120	60
DEPOTS_DISTANCE
234	462	462	462	456	450	450	450	438	438	438	360	360	210	210	132	132	198	60	138	132	132	210	132	210	132	210	210	
348	384	330	318	300	288	288	288	276	276	276	168	168	120	120	186	186	306	210	360	300	300	60	186	120	186	120	120	
318	420	366	360	360	348	348	348	300	300	300	192	192	180	180	60	60	204	132	348	258	258	186	60	180	60	180	180	
LOCATION_TURN_MATRIX
100	130	122	113	112	199	136	122	129	152	173	146	151	136	158	140	176	113	122	167	194	134	110	172	114	184	100	147	
170	100	154	188	164	169	136	136	152	170	104	183	155	115	101	104	155	187	174	115	149	134	178	168	114	135	168	102	
178	146	100	161	178	114	104	165	117	139	126	169	192	109	120	179	160	152	154	134	113	140	154	179	196	196	192	181	
187	112	139	100	158	114	195	181	104	132	195	106	183	169	132	170	140	136	172	148	116	110	123	136	151	120	176	169	
188	136	122	142	100	175	164	159	112	100	167	164	135	191	132	181	104	123	142	156	108	117	193	182	116	147	156	185	
101	131	186	186	125	100	190	147	164	150	137	102	145	176	185	131	113	108	117	186	118	151	140	178	154	189	172	110	
164	164	196	105	136	110	100	186	153	151	183	193	111	157	144	123	188	142	110	163	105	190	166	187	170	171	186	126	
178	164	135	119	141	153	114	100	106	130	108	103	151	178	122	151	130	133	184	177	110	141	166	110	122	174	191	197	
171	148	183	196	188	136	147	194	100	167	100	146	168	129	128	142	172	118	174	147	105	158	156	160	120	106	119	136	
148	130	161	168	200	150	149	170	133	100	177	106	175	116	188	180	176	194	108	146	130	187	183	173	128	141	169	176	
127	196	174	105	133	163	117	192	200	123	100	171	175	140	183	115	104	186	128	153	151	175	100	146	191	117	132	197	
154	117	131	194	136	198	107	197	154	194	129	100	136	184	140	147	172	184	148	131	103	156	185	200	152	158	154	143	
149	145	108	117	165	155	189	149	132	125	125	164	100	140	199	142	101	144	163	185	117	191	200	143	113	165	102	154	
164	185	191	131	109	124	143	122	171	184	160	116	160	100	109	116	196	113	131	186	166	139	183	175	144	161	105	170	
142	199	180	168	168	115	156	178	172	112	117	160	101	191	100	147	177	177	199	158	172	188	164	175	180	168	154	195	
160	196	121	130	119	169	177	149	158	120	185	153	158	184	153	100	152	159	197	157	181	159	102	123	168	200	124	186	
124	145	140	160	196	187	112	170	128	124	196	128	199	104	123	148	100	149	114	112	117	135	105	132	138	180	198	156	
187	113	148	164	177	192	158	167	182	106	114	116	156	187	123	141	151	100	166	132	168	163	159	123	129	173	161	116	
178	126	146	128	158	183	190	116	126	192	172	152	137	169	101	103	186	134	100	184	199	137	130	160	148	113	140	150	
133	185	166	152	144	114	137	123	153	154	147	169	115	114	142	143	188	168	116	100	111	195	128	157	191	164	141	171	
106	151	187	184	192	182	195	190	195	170	149	197	183	134	128	119	183	132	101	189	100	129	151	163	147	166	104	177	
166	166	160	190	183	149	110	159	142	113	125	144	109	161	112	141	165	137	163	105	171	100	101	185	169	129	103	197	
190	122	146	177	107	160	134	134	144	117	200	115	100	117	136	198	195	141	170	172	149	199	100	106	150	116	118	145	
128	132	121	164	118	122	113	190	140	127	154	100	157	125	125	177	168	177	140	143	137	115	194	100	128	167	115	155	
186	186	104	149	184	146	130	178	180	172	109	148	187	156	120	132	162	171	152	109	153	131	150	172	100	155	124	184	
116	165	104	180	153	111	129	126	194	159	183	142	135	139	132	100	120	127	187	136	134	171	184	133	145	100	129	192	
200	132	108	124	144	128	114	109	181	131	168	146	198	195	146	176	102	139	160	159	196	197	182	185	176	171	100	146	
153	198	119	131	115	190	174	103	164	124	103	157	146	130	105	114	144	184	150	129	123	103	155	145	116	108	154	100	
DEPOTS_TO_LOCAL_TURN_MATRIX
178	126	146	128	158	183	190	116	126	192	172	152	137	169	101	103	186	134	100	184	199	137	130	160	148	113	140	150	
190	122	146	177	107	160	134	134	144	117	200	115	100	117	136	198	195	141	170	172	149	199	100	106	150	116	118	145	
128	132	121	164	118	122	113	190	140	127	154	100	157	125	125	177	168	177	140	143	137	115	194	100	128	167	115	155	
LOCAL_TO_DEPOT_TURN_MATRIX
122	174	154	172	142	117	110	184	174	108	128	148	163	131	199	197	114	166	100	116	101	163	170	140	152	187	160	150	
110	178	154	123	193	140	166	166	156	183	100	185	200	183	164	102	105	159	130	128	151	101	100	194	150	184	182	155	
172	168	179	136	182	178	187	110	160	173	146	200	143	175	175	123	132	123	160	157	163	185	106	100	172	133	185	145	

