INDEX_PROBLEM
1
PATIENTS
800
STRETCHERS
16
NUM_ROOM
28
NUM_DEPOT
3
NUM_PRIORITY
4
PRIORITY_LIST
0	1	2	3	4
PRIORITY_WEIGHT
0	1	10	18	30
PRIORITY_JOB
0	2	3	4	1	2	3	4	3	4	2	3	4	4	3	4	4	2	3	4	4	3	4	4	3	2	3	4	4	4	4	4	2	3	4	4	2	3	4	4	3	3	4	2	3	4	3	4	3	4	4	1	2	4	3	4	4	1	1	3	4	2	2	1	2	3	4	4	2	3	4	3	4	1	1	4	2	3	1	1	2	4	4	4	2	4	3	4	1	1	3	4	2	1	3	2	3	3	3	4	4	4	4	3	2	1	1	3	4	1	2	2	4	4	1	2	3	4	4	4	3	2	1	1	3	4	3	1	1	4	2	3	4	2	4	4	3	3	1	4	4	2	1	2	2	3	4	4	2	4	3	4	1	3	1	1	3	3	2	1	4	2	3	4	4	4	3	4	2	1	2	1	1	3	2	3	1	4	2	3	4	4	4	3	4	2	1	1	3	4	1	2	1	2	3	4	4	4	3	4	4	1	1	2	3	2	1	3	4	4	2	3	4	3	4	3	4	4	1	1	2	2	1	2	4	3	4	1	2	3	4	4	3	4	2	1	1	3	2	1	2	4	4	2	3	4	4	4	3	3	2	1	4	1	1	2	4	4	2	3	4	4	3	4	2	3	1	1	1	3	2	1	4	4	4	2	3	4	3	4	2	4	4	1	1	1	2	3	2	3	2	3	4	4	3	4	4	2	1	1	3	1	1	2	4	4	2	3	4	4	3	4	1	4	2	1	1	3	2	1	3	4	2	3	4	3	4	4	3	4	4	1	1	2	2	1	2	3	4	4	1	2	4	4	4	3	2	1	1	3	2	1	2	4	4	2	3	4	3	4	4	4	2	1	1	3	1	1	2	4	4	2	3	4	3	4	4	1	2	3	1	1	3	2	1	4	4	4	2	3	4	3	4	2	4	1	2	1	1	2	1	4	3	2	3	4	4	4	3	4	2	1	1	3	2	1	1	4	2	3	4	4	4	4	3	2	4	2	1	1	3	1	3	2	4	2	3	4	4	4	4	4	4	1	1	2	1	2	2	4	3	4	2	2	3	3	4	4	4	2	1	1	3	2	1	1	4	4	2	3	4	3	4	4	2	3	1	1	4	2	1	1	4	2	3	4	4	3	4	4	2	3	1	1	3	2	1	2	4	4	2	3	4	4	3	4	4	2	2	1	1	2	1	2	3	4	2	3	4	4	4	3	4	2	1	1	3	1	1	2	4	2	3	4	4	4	3	4	2	3	1	1	4	1	3	2	2	3	4	4	4	4	4	3	4	2	1	1	3	1	3	2	4	2	2	3	4	4	4	3	2	3	1	1	4	1	2	1	4	2	3	4	2	4	4	3	3	1	1	4	4	1	2	1	2	3	4	4	2	4	4	4	3	1	1	4	3	2	1	3	4	2	3	4	4	4	3	4	2	2	1	1	3	2	1	2	2	3	4	4	2	4	3	4	3	1	1	4	2	2	1	1	3	4	4	3	2	4	3	4	4	1	1	4	2	2	2	1	3	4	4	2	4	4	3	3	1	1	4	4	3	2	1	4	2	2	3	4	2	4	4	3	3	1	1	4	2	2	2	3	4	2	3	4	4	3	1	1	1	4	4	2	2	1	3	3	4	2	3	4	4	4	4	4	1	4	2	3	1	2	1	4	4	2	3	3	3	4	4	3	1	1	4	2	3	2	1	4	1	2	3	1	3	4	4	1	4	2	3	1	2	2	1	1	4	4	4	1	1	2	1	1	2	3	4	1	2	1	3	2	3	4	1	2	1	2	2	1	4	2	3	4	1	1	2	1	1	4	2	1	2	1	3	1	1	3	3	4	2	1	2
TIME_ASKED
0	28849	28898	28947	28996	29045	29094	29149	29198	29247	29296	29345	29394	29429	29458	29487	29516	29545	29574	29603	29632	29661	29690	29742	29784	29826	29868	29910	29952	29994	30029	30058	30087	30116	30145	30174	30203	30232	30261	30290	30329	30358	30387	30416	30445	30474	30503	30532	30561	30590	30621	30642	30663	30684	30705	30726	30747	30768	30789	30810	30831	30852	30873	30894	30949	30998	31047	31096	31145	31194	31227	31254	31281	31308	31335	31362	31389	31416	31443	31470	31497	31524	31548	31572	31596	31620	31644	31668	31692	31716	31740	31764	31788	31837	31874	31911	31948	31985	32022	32059	32096	32159	32218	32277	32336	32395	32419	32438	32457	32476	32495	32514	32533	32552	32571	32590	32609	32628	32647	32666	32685	32759	32818	32877	32936	32995	33027	33054	33081	33108	33135	33162	33189	33216	33243	33270	33297	33333	33366	33399	33432	33465	33498	33531	33564	33597	33616	33632	33648	33664	33680	33696	33712	33728	33744	33760	33776	33792	33808	33824	33840	33856	33872	33888	33933	33966	33999	34032	34065	34098	34131	34164	34197	34242	34284	34326	34368	34410	34452	34494	34533	34566	34599	34632	34665	34698	34731	34764	34797	34827	34854	34881	34908	34935	34962	34989	35016	35043	35070	35097	35137	35174	35211	35248	35285	35322	35359	35396	35433	35466	35499	35532	35565	35598	35631	35664	35697	35723	35746	35769	35792	35815	35838	35861	35884	35907	35930	35953	35976	35999	36023	36046	36069	36092	36115	36138	36161	36184	36207	36230	36253	36276	36299	36327	36354	36381	36408	36435	36462	36489	36516	36543	36570	36597	36619	36638	36657	36676	36695	36714	36733	36752	36771	36790	36809	36828	36847	36866	36885	36949	36998	37047	37096	37145	37194	37259	37318	37377	37436	37495	37549	37598	37647	37696	37745	37794	37827	37854	37881	37908	37935	37962	37989	38016	38043	38070	38097	38123	38146	38169	38192	38215	38238	38261	38284	38307	38330	38353	38376	38399	38419	38438	38457	38476	38495	38514	38533	38552	38571	38590	38609	38628	38647	38666	38685	38742	38784	38826	38868	38910	38952	38994	39029	39058	39087	39116	39145	39174	39203	39232	39261	39290	39349	39398	39447	39496	39545	39594	39633	39666	39699	39732	39765	39798	39831	39864	39897	39937	39974	40011	40048	40085	40122	40159	40196	40242	40284	40326	40368	40410	40452	40494	40542	40584	40626	40668	40710	40752	40794	40849	40898	40947	40996	41045	41094	41133	41166	41199	41232	41265	41298	41331	41364	41397	41423	41446	41469	41492	41515	41538	41561	41584	41607	41630	41653	41676	41699	41749	41798	41847	41896	41945	41994	42099	42198	42297	42342	42384	42426	42468	42510	42552	42594	42699	42798	42897	42923	42946	42969	42992	43015	43038	43061	43084	43107	43130	43153	43176	43199	43237	43274	43311	43348	43385	43422	43459	43496	43549	43598	43647	43696	43745	43794	43899	43998	44097	44159	44218	44277	44336	44395	44459	44518	44577	44636	44695	44799	44898	44997	45033	45066	45099	45132	45165	45198	45231	45264	45297	45337	45374	45411	45448	45485	45522	45559	45596	45637	45674	45711	45748	45785	45822	45859	45896	45959	46018	46077	46136	46195	46249	46298	46347	46396	46445	46494	46537	46574	46611	46648	46685	46722	46759	46796	46821	46842	46863	46884	46905	46926	46947	46968	46989	47010	47031	47052	47073	47094	47199	47298	47397	47437	47474	47511	47548	47585	47622	47659	47696	47737	47774	47811	47848	47885	47922	47959	47996	48049	48098	48147	48196	48245	48294	48324	48348	48372	48396	48420	48444	48468	48492	48516	48540	48564	48588	48627	48654	48681	48708	48735	48762	48789	48816	48843	48870	48897	48937	48974	49011	49048	49085	49122	49159	49196	49233	49266	49299	49332	49365	49398	49431	49464	49497	49537	49574	49611	49648	49685	49722	49759	49796	49827	49854	49881	49908	49935	49962	49989	50016	50043	50070	50097	50149	50198	50247	50296	50345	50394	50424	50448	50472	50496	50520	50544	50568	50592	50616	50640	50664	50688	50737	50774	50811	50848	50885	50922	50959	50996	51027	51054	51081	51108	51135	51162	51189	51216	51243	51270	51297	51324	51348	51372	51396	51420	51444	51468	51492	51516	51540	51564	51588	51637	51674	51711	51748	51785	51822	51859	51896	51933	51966	51999	52032	52065	52098	52131	52164	52197	52259	52318	52377	52436	52495	52517	52534	52551	52568	52585	52602	52619	52636	52653	52670	52687	52704	52721	52738	52755	52772	52789	52859	52918	52977	53036	53095	53137	53174	53211	53248	53285	53322	53359	53396	53459	53518	53577	53636	53695	53733	53766	53799	53832	53865	53898	53931	53964	53997	54027	54054	54081	54108	54135	54162	54189	54216	54243	54270	54297	54374	54448	54522	54596	54627	54654	54681	54708	54735	54762	54789	54816	54843	54870	54897	55049	55198	55237	55274	55311	55348	55385	55422	55459	55496	55574	55648	55722	55796	55827	55854	55881	55908	55935	55962	55989	56016	56043	56070	56097	56399	56499	56598	56697	56733	56766	56799	56832	56865	56898	56931	56964	56997	57049	57098	57147	57196	57245	57294	57359	57418	57477	57536	57595
ORIGIN
26	16	6	27	19	10	27	23	25	4	14	10	2	22	14	2	4	14	3	23	20	14	26	16	14	14	14	7	14	9	26	7	14	9	1	23	14	14	23	4	2	14	2	3	2	14	14	14	14	6	27	18	7	27	20	8	11	14	17	2	23	14	2	26	9	7	23	14	14	25	25	1	14	14	14	27	14	9	9	3	14	7	23	11	4	4	23	14	4	4	14	14	4	5	1	14	14	27	18	7	27	20	20	1	27	2	17	17	20	2	14	14	27	7	14	4	24	15	1	27	16	25	23	3	3	14	14	14	4	4	10	2	23	14	14	14	27	4	23	15	27	14	27	4	14	2	23	27	20	14	14	4	4	14	2	27	20	14	14	14	2	23	6	24	15	4	20	16	23	27	23	26	14	2	23	18	14	14	14	23	12	2	25	14	14	25	14	14	14	14	8	1	23	23	14	20	8	2	2	14	5	27	27	2	14	5	4	14	14	25	8	14	4	23	20	5	1	2	7	17	2	14	14	14	14	2	2	25	2	23	14	3	26	14	1	25	27	14	14	25	16	14	14	8	27	23	14	23	16	14	23	4	14	27	14	16	14	14	14	7	26	23	5	14	14	14	14	26	3	14	14	8	14	24	27	3	23	13	3	23	4	1	14	14	14	14	25	14	14	26	23	23	23	8	26	26	10	2	14	2	2	1	1	14	14	9	27	14	16	5	1	1	14	5	8	8	20	1	1	14	2	5	8	14	13	2	27	14	5	14	17	2	23	7	7	14	3	14	9	3	8	1	23	10	14	14	12	1	27	14	14	3	3	14	8	2	5	26	25	2	14	4	2	23	3	23	14	23	14	14	14	4	2	23	14	4	20	12	4	4	4	7	14	23	26	16	6	14	1	23	10	1	16	14	27	14	14	14	14	27	14	4	11	2	14	26	11	3	27	14	27	27	14	14	14	27	10	27	27	16	23	14	3	14	14	10	8	14	14	14	26	26	14	7	14	14	23	10	1	14	14	20	23	3	27	27	14	14	14	14	23	3	16	6	27	19	7	27	22	14	4	3	3	14	12	2	2	3	14	3	23	14	14	14	4	25	14	1	14	14	4	26	14	20	9	26	2	11	26	13	4	4	27	14	14	2	2	16	3	1	5	27	18	7	2	14	27	11	14	17	2	22	23	2	8	2	3	23	14	25	24	11	26	26	25	14	4	26	5	26	14	2	1	23	11	7	23	4	7	14	14	14	27	15	14	7	14	23	26	17	7	14	20	3	14	14	14	2	27	20	14	26	12	26	23	14	4	20	15	4	3	22	14	3	26	14	2	12	3	1	23	10	2	14	14	14	14	14	27	14	27	13	7	14	1	26	16	7	27	1	2	4	1	3	9	9	20	1	11	26	3	23	14	3	24	14	4	7	3	3	3	26	14	11	14	14	26	23	10	2	1	12	14	14	14	14	27	14	14	2	26	2	2	14	7	26	19	23	14	23	3	3	16	20	23	23	14	14	27	14	3	24	14	14	3	1	1	26	26	14	26	14	23	26	26	10	1	23	12	2	23	3	14	3	14	14	11	11	15	11	16	6	27	19	10	27	1	20	20	14	20	22	7	16	1	23	14	3	23	14	20	20	4	23	26	14	1	26	26	1	26	3	9	1	23	26	16	23	3	3	14	14	14	11	14	14	1	23	6	27	18	20	27	21	20	14	17	10	22	14	14	2	23	14	3	23	27	27	19	16	14	25	25	7	27	14	14	14	14	9	1	23	26	14	14	13	27	14	14	3	24	3	14	1	26	5	27	18	7	27	20	8	2	27	17	1	23	2	2	7	11
DESTINATION
3	14	17	2	22	14	2	26	14	23	3	14	14	19	16	14	14	25	14	4	14	9	3	14	9	1	1	20	4	14	14	13	4	14	14	27	5	5	1	14	27	5	27	14	27	20	8	2	2	17	2	27	20	2	14	14	12	16	6	14	27	25	27	23	14	23	3	26	2	14	14	14	4	2	4	2	4	14	14	26	16	23	27	15	14	14	27	4	14	14	9	9	14	14	23	4	4	2	27	20	2	14	14	14	2	14	6	6	7	27	20	8	23	23	26	14	2	14	23	18	14	14	7	23	23	25	25	1	14	14	14	14	27	9	8	1	23	14	7	11	23	4	23	14	4	27	27	2	14	5	4	14	14	25	27	18	7	20	20	1	27	7	17	2	14	14	14	14	27	2	7	14	4	24	1	27	16	16	25	27	11	14	14	25	16	14	10	2	2	4	14	14	27	27	4	14	14	27	14	16	14	2	23	27	20	14	14	4	4	14	14	26	14	3	14	14	14	24	23	6	24	4	20	16	8	27	27	14	14	1	25	14	14	26	23	14	23	2	25	14	14	25	25	14	2	27	1	1	14	9	27	14	8	2	2	14	5	4	8	20	3	1	14	2	4	5	8	14	23	20	5	14	1	2	2	23	1	7	14	3	14	14	9	2	25	2	14	3	26	14	1	27	26	14	3	3	14	14	8	27	27	14	23	16	16	14	23	3	14	14	23	14	26	14	14	14	7	23	23	5	14	14	14	4	7	14	23	26	14	16	6	27	3	13	13	3	23	1	14	14	14	14	27	14	10	4	11	23	23	8	8	26	26	2	14	27	14	3	14	27	10	14	27	27	14	1	5	1	1	5	8	14	14	1	26	14	7	11	14	14	14	13	2	27	14	14	17	3	14	27	14	14	14	5	23	3	8	8	1	23	10	14	12	14	4	3	12	14	2	4	23	2	5	25	25	2	14	2	2	14	1	25	14	4	26	14	14	2	4	2	14	14	4	20	4	4	27	14	14	2	2	11	3	14	23	23	10	1	16	16	27	14	14	17	2	22	23	2	2	2	14	26	26	3	11	27	27	26	25	14	4	26	5	26	14	14	16	23	3	3	14	14	8	7	14	14	27	15	14	7	14	14	23	10	1	14	14	14	23	14	14	2	27	20	14	26	23	12	16	6	27	19	7	27	14	22	14	3	26	14	2	12	3	3	14	3	23	14	14	14	4	14	14	27	15	13	7	14	20	9	9	26	2	11	26	13	4	1	3	9	20	1	11	26	1	5	5	27	18	7	2	14	11	3	3	26	14	11	14	14	26	2	3	23	14	25	24	11	26	14	27	14	14	2	26	2	2	1	23	1	23	7	23	4	23	3	16	20	2	23	14	14	23	26	17	17	7	14	20	3	26	1	26	14	2	26	14	23	26	23	23	14	4	20	15	4	3	3	14	14	23	11	15	1	1	1	23	2	2	14	14	14	14	20	20	14	22	7	16	1	26	26	16	7	1	1	2	4	23	26	14	1	26	1	26	23	23	14	14	3	14	4	7	3	3	14	14	27	11	14	1	23	10	23	10	2	12	12	14	20	14	17	2	22	14	2	14	14	7	2	7	19	23	14	23	27	25	14	5	26	14	14	14	27	14	3	24	14	14	14	3	26	14	14	27	3	14	1	26	26	10	1	1	12	2	2	23	27	17	2	27	11	2	7	11	16	6	14	19	10	10	27	3	25	14	4	2	23	22	14	2	14	14	20	2	20	20	20	4	14	14	27	3	9	26	7	23	9	9	14	1	26	16	23	3	14	2	27	20	2	14	14	14	23	6	14	27	27	27	21	20
DUE_DATE
0	30427	29996	29505	31294	30623	30192	29707	30296	29805	30874	30443	29952	29987	30556	30045	30074	31123	30672	30161	30190	30759	30248	30300	30882	31404	30966	30468	30510	30552	30587	30616	31665	31214	30703	30732	31781	31330	30819	30848	31427	31456	30945	31994	31543	31032	31601	31090	31659	31148	31179	32940	32241	31242	31803	31284	31305	33066	33087	31908	31389	32430	32451	33192	32527	32096	31605	31654	32723	32292	31785	32352	31839	33606	33633	31920	32967	32514	33741	33768	33075	32082	32106	32130	33174	32178	32742	32226	33990	34014	32838	32322	33366	34135	32972	33489	33046	33083	33120	32617	32654	32717	32776	33375	33914	34693	34717	33536	33015	34774	34073	34092	33091	33110	34869	34168	33707	33186	33205	33224	33783	34337	35116	35175	34034	33553	34125	35352	35379	33666	34713	34260	33747	34794	33801	33828	34395	34431	35664	33957	33990	35043	35796	35109	35142	34695	34174	34190	35226	34222	34778	34254	36010	34826	36042	36058	34874	34890	35386	36122	34398	35434	34970	34446	34491	34524	35097	34590	35643	36396	35709	36462	36495	35340	35862	35424	36666	34968	36030	35592	35091	35124	35157	35730	35223	36276	37029	37062	35895	35385	37152	36459	37206	36513	36060	35547	35574	35601	36168	35655	35695	37472	37509	36826	36383	36900	37657	36494	35991	36024	37077	36630	36123	36696	36189	36762	36255	36281	38044	38067	37370	37393	38136	37439	36442	37005	36488	38251	37554	37097	36581	36604	37167	36650	37693	38436	38459	37282	37785	38528	37831	36834	36857	37905	37452	36939	36966	36993	37560	37587	38094	38841	37128	38895	38917	38216	37215	37234	38273	37812	37291	37310	37869	37348	38387	37926	39145	39164	39183	38047	38576	39345	37654	37703	37752	38837	38416	37935	38534	38053	39127	38156	38205	39994	40043	40092	39405	38952	39459	39006	39513	39060	38547	38574	39141	38628	38655	39701	40444	40467	39290	40513	40536	39839	38842	38865	39908	39451	38934	38957	39517	38996	40755	39034	40073	40812	40831	39650	40149	40888	39707	39186	40225	39764	39243	39840	39342	39384	39966	39468	39510	41292	41327	40636	40665	41414	40723	40272	39761	39790	41559	40868	39907	39956	40005	40594	41123	41892	41931	40764	41277	42030	41343	40356	40389	41442	40995	40495	41072	40569	40606	40643	41700	42457	42494	41340	42582	42624	41946	40968	41010	42072	41640	41142	41724	41226	41268	43050	42372	41947	43196	43245	42094	42623	43392	41691	41724	41757	42810	42363	41856	42429	41922	42975	41981	43744	43047	43790	43813	43116	43859	42142	42705	43208	42751	42234	42257	42307	42896	42405	43474	44243	44292	43197	43776	44595	44640	42942	44004	43566	43068	43110	43152	43257	43896	44475	43481	44524	45267	45290	44113	45336	44159	44662	43665	44708	44251	43734	43757	43795	43832	43869	43906	45683	45720	45037	45794	45127	45176	44205	44794	44303	45372	45477	45096	45195	44717	44776	44835	45914	46693	46757	45616	46155	46934	46993	45357	45456	46575	46131	45624	46197	45690	45723	46776	46329	47562	47595	45895	46952	47709	47746	46043	47100	46657	46154	46195	46772	46269	46306	47363	46920	48157	48194	47057	47596	48375	47714	46753	46807	47876	47445	46954	47003	47592	47095	47132	48189	48226	48983	49020	48337	49094	48399	47940	47421	48462	48003	47484	47505	47526	48087	47568	48609	49350	49371	48192	49497	49596	48975	47995	49052	48609	48106	48143	48180	48757	48254	49315	48872	50109	50146	48443	50220	49057	49574	49627	49196	48705	48754	48803	48852	48882	49446	48930	49974	50718	50742	49566	50790	49614	50118	49122	50166	50205	49752	49239	49266	49293	49860	50367	49914	51141	51168	49455	51235	50552	51309	49606	50663	50220	49717	50774	49791	49824	50397	50430	51663	51696	49989	50022	51795	51115	51872	51189	50746	50243	50280	51337	50354	50385	50412	50979	52206	52233	50520	51087	51594	52341	51168	50655	51727	51296	50805	50854	50903	51492	50982	52026	52050	52794	52818	51642	52146	52890	52194	52218	51762	51246	51295	52352	51369	51946	51443	52020	53257	53294	51585	52632	52659	53406	53433	52260	51747	51774	52341	52848	51855	52422	51906	51930	53694	53718	52002	53046	53070	53094	53838	52662	52146	52195	53252	52269	52306	52883	52920	54157	54194	52491	52524	53097	53610	54363	52656	53709	53742	53295	52817	53896	52935	52994	53593	53615	54832	54849	53126	54163	54180	54197	53734	53211	54248	53785	53262	53279	53836	55053	55070	55087	53417	53476	54555	54614	55393	54235	54272	53769	54826	54383	53880	53917	53954	54017	54076	55875	54194	55273	54831	56064	55377	56130	54423	54456	55509	55062	55095	55125	54612	54639	55206	56433	56460	54747	55794	55341	55848	56595	54932	56746	56100	55694	56925	55752	55239	55266	57033	55320	56367	55914	57141	56448	56475	57347	57496	55795	55832	55869	57646	57683	57000	57757	57794	57152	56746	56280	58094	57405	58152	56979	57486	57033	56520	58287	57594	58341	57648	57675	58697	57057	58176	57795	57291	59064	59097	58410	59163	59196	57489	58542	59295	58627	59396	58245	59494	59543	58392	58457	57976	59055	59834	59173
TRANSPORT_MODE
0	2	2	1	1	2	0	0	2	1	1	1	2	0	0	0	2	1	1	1	2	0	0	0	0	1	1	1	2	0	0	0	2	1	1	1	2	0	0	0	2	1	1	1	0	0	0	0	2	2	1	1	1	0	0	0	0	3	3	1	1	1	0	0	0	2	2	1	1	1	0	0	0	3	3	1	1	1	0	0	0	2	1	1	1	0	0	0	3	3	1	1	1	0	0	0	0	2	2	1	1	0	0	0	1	3	3	1	1	0	0	0	0	1	2	2	1	1	0	0	0	1	3	3	1	1	0	0	0	1	2	2	1	1	0	0	0	1	3	1	1	0	0	0	1	2	2	1	1	0	0	0	0	1	3	3	1	0	0	0	1	2	2	1	1	0	0	0	0	1	1	3	3	1	0	0	0	1	2	2	1	1	0	0	0	1	3	3	1	1	0	0	0	1	2	1	1	0	0	0	1	3	3	1	1	0	0	0	0	1	2	2	1	0	0	0	1	1	3	3	1	0	0	0	0	1	1	2	2	1	0	0	0	1	1	3	3	1	0	0	0	1	1	2	2	1	0	0	0	1	1	3	1	0	0	0	1	1	2	2	1	0	0	0	1	1	3	3	0	0	0	0	1	1	2	2	1	0	0	0	0	1	1	1	3	3	0	0	1	1	2	2	1	0	0	0	1	1	3	3	1	0	0	0	1	1	2	2	1	0	0	0	0	1	1	3	3	1	0	0	0	1	1	2	2	0	0	0	0	1	1	3	3	1	0	0	0	1	1	1	2	2	0	0	0	1	1	3	3	1	0	0	0	1	1	2	2	1	0	0	0	1	1	3	3	1	0	0	0	1	1	2	2	1	0	0	0	0	1	1	3	3	0	0	0	1	1	2	1	2	0	0	0	0	1	1	1	3	3	0	0	1	1	1	2	2	0	0	0	1	1	3	3	1	0	0	0	1	1	2	2	1	0	0	0	0	1	1	3	3	1	0	0	0	1	1	2	2	0	0	0	1	1	3	3	1	0	0	0	0	1	1	1	2	2	0	0	0	1	1	3	3	1	0	0	0	1	1	2	2	1	0	0	0	1	1	3	3	1	0	0	0	1	1	2	2	1	0	0	0	1	1	3	3	0	0	0	0	1	1	2	2	1	0	0	0	1	1	1	3	3	0	0	0	1	1	2	2	1	0	0	0	1	1	3	3	1	0	0	0	1	1	2	2	1	0	0	0	1	1	3	3	1	0	0	0	1	1	2	2	0	0	0	0	1	1	3	3	1	0	0	0	1	1	2	2	1	0	0	0	1	1	3	3	1	0	0	0	1	2	2	1	1	0	0	0	1	3	3	1	1	0	0	0	1	2	2	1	1	0	0	0	1	3	3	1	0	0	0	0	1	2	2	1	1	0	0	0	1	1	3	3	1	0	0	0	1	2	2	1	1	0	0	0	1	3	3	1	1	0	0	0	1	2	2	1	1	0	0	0	1	3	3	1	1	0	0	0	1	2	1	1	0	0	0	1	3	3	1	1	0	0	0	0	1	2	2	1	1	0	0	0	1	3	3	1	1	0	0	2	2	1	1	1	0	0	0	3	3	1	1	1	0	0	0	2	2	1	1	1	0	0	0	0	3	1	1	1	0	0	0	2	2	1	1	1	0	0	0	0	3	3	1	1	1	0	0	2	2	1	1	3	0	0	0	3	1	1	1	3	0	0	0	3	1	1	1	3	0	0	0	3	1	1	1	3	0	0	0	1	1	1	3	0	0	0	0	3	1	1	1	1	0	0	0	3	3	1	1	0	0	0	0	3	3	1	1	1	0	0	0
PATIENT_WEIGHT
66	102	98	130	134	59	59	73	106	136	115	44	138	43	101	49	80	86	31	78	138	33	138	148	90	72	126	36	105	135	59	104	98	121	32	57	68	108	34	113	114	150	127	45	114	146	133	76	72	80	119	95	131	45	56	80	32	142	56	132	118	35	150	45	50	85	81	64	35	76	63	131	71	49	102	105	133	118	80	64	117	46	55	52	150	43	96	71	129	150	44	114	46	95	128	149	101	123	96	146	38	99	56	139	71	62	142	142	131	91	36	40	107	122	105	62	73	89	129	46	33	80	126	135	112	87	79	49	113	48	145	45	117	95	129	71	146	105	30	109	59	143	90	125	86	92	117	102	133	96	111	109	85	144	122	78	144	140	135	127	44	129	92	53	147	69	102	52	86	60	100	31	58	145	104	121	76	83	144	76	145	145	124	136	95	129	52	106	98	115	44	107	99	87	56	35	82	80	46	79	119	42	116	140	77	149	136	90	30	77	96	106	108	131	138	39	66	37	102	104	136	125	125	110	80	42	121	92	100	90	144	88	83	133	67	105	147	144	117	148	95	66	97	146	33	112	126	101	127	140	104	113	75	138	54	139	40	44	111	121	54	31	100	70	97	61	97	95	114	58	61	135	141	107	41	38	90	101	93	107	75	107	59	53	133	139	146	150	99	145	106	81	67	124	138	33	140	76	60	46	86	125	143	149	130	88	141	96	32	46	131	116	72	141	90	125	124	76	148	101	137	133	100	42	130	146	146	60	87	97	125	147	72	64	104	74	89	46	109	56	33	48	145	44	108	146	40	62	126	90	67	139	142	94	82	61	81	56	150	109	61	75	93	125	117	52	34	145	105	43	40	30	30	49	133	108	142	81	124	128	45	123	48	37	99	124	85	95	68	71	59	39	102	106	40	99	132	55	81	60	36	30	71	87	115	42	52	121	101	50	114	140	116	31	148	51	132	74	87	123	54	100	71	118	90	132	147	52	82	99	114	46	139	62	37	132	120	145	145	65	56	112	33	142	49	65	85	77	35	92	36	118	115	121	131	100	81	120	99	42	149	49	79	145	51	58	30	132	50	108	121	124	93	68	127	36	86	72	89	114	135	101	33	130	85	47	99	134	144	142	104	73	142	80	141	146	67	52	96	115	115	45	70	138	137	147	132	39	118	95	143	83	123	42	40	55	137	30	141	56	115	85	107	68	117	33	46	127	93	137	78	47	97	130	146	44	122	119	134	101	48	40	65	108	31	71	47	116	71	84	119	66	90	63	78	65	106	33	138	130	123	133	119	70	70	112	65	94	48	37	112	97	144	52	95	112	43	56	144	117	90	104	50	76	120	99	58	47	47	46	95	144	102	140	92	129	142	72	122	116	138	74	94	69	129	74	53	132	38	55	96	131	96	42	55	147	147	33	105	92	131	60	93	108	121	117	55	134	37	117	87	105	44	141	81	110	142	116	66	40	57	125	99	42	43	129	133	91	97	30	113	145	110	64	36	31	78	40	44	111	133	50	143	77	43	91	66	35	98	110	113	56	119	88	89	95	142	41	129	134	135	118	126	87	140	102	142	106	119	38	45	53	114	149	30	67	88	53	89	139	145	115	143	150	138	57	114	129	122	128	142	82	61	134	123	48	90	44	55	91	128	127	90	83	106	78	43	43	130	68	140	74	70	34	76	99	99	125	89	107	56	43	126	69	84	83	112	95	53	64	80	34	82	147	127	97	113	74	38	80	46	86	36	46	141	121	122	81	110	35	121	137	69	128	129	73	138	34	74	120	43	70	140	138	125	50	131	57	61	110	128	126	80	76	126	71	94	122	94	144	49
DISTANCE_MATRIX
0	360	318	300	288	276	264	264	150	150	150	60	90	90	162	168	204	228	234	312	360	408	348	318	168	192	168	318
360	60	264	318	324	342	342	342	348	348	354	360	372	378	378	420	420	480	462	498	462	462	384	420	372	420	378	378
318	264	60	270	276	288	288	288	294	294	294	318	318	324	324	414	414	468	462	486	462	462	330	366	366	408	372	324
300	318	270	60	276	288	288	288	288	288	288	300	300	312	318	408	408	468	462	486	438	438	318	360	360	402	360	312
288	324	276	276	60	276	276	276	276	276	276	288	288	300	300	402	396	462	456	480	432	432	300	360	360	402	348	300
276	342	288	288	276	60	180	180	252	258	264	264	264	288	288	390	390	456	450	480	432	432	288	348	348	348	288	288
264	342	288	288	276	180	60	180	246	258	264	264	264	288	288	390	390	456	450	480	432	432	288	348	348	348	288	288
264	342	288	288	276	180	180	60	240	258	264	264	264	288	288	390	390	456	450	480	432	432	288	348	348	348	288	288
150	348	294	288	276	252	246	240	60	120	120	150	126	270	270	378	384	420	438	480	420	408	276	300	300	300	276	270
150	348	294	288	276	258	258	258	120	60	120	150	150	270	270	378	384	420	438	480	420	408	276	300	300	300	276	270
150	354	294	288	276	264	264	264	120	120	60	150	150	270	270	378	384	420	438	480	420	408	276	300	300	300	276	270
60	360	318	300	288	264	264	264	150	150	150	60	90	162	168	228	234	312	360	408	348	318	168	192	192	198	168	162
90	372	318	300	288	264	264	264	150	150	150	90	60	162	168	228	234	312	360	408	348	318	168	192	192	198	168	162
90	378	324	312	300	288	288	288	270	270	270	162	162	60	120	180	180	306	210	360	300	300	120	180	120	180	120	234
162	378	324	318	300	288	288	288	270	270	270	168	168	120	60	180	180	306	210	360	300	300	120	180	120	180	120	120
168	420	414	408	402	348	348	348	300	300	300	228	228	180	180	60	132	204	132	348	258	258	186	60	180	132	222	180
204	420	414	408	396	390	390	390	384	384	384	234	234	180	180	132	60	204	132	348	258	258	186	60	180	132	222	180
228	480	468	468	462	456	456	456	420	420	420	312	312	306	306	204	204	60	198	120	240	240	306	204	306	138	306	306
234	462	462	462	456	450	450	450	438	438	438	360	360	210	210	132	132	198	60	138	132	132	210	132	210	132	210	210
312	498	486	486	480	480	480	480	480	480	480	408	408	360	360	348	348	120	138	60	348	348	360	348	360	348	360	360
360	462	462	438	432	432	432	432	420	420	420	348	348	300	300	258	258	240	132	348	60	60	300	258	300	258	300	300
408	462	462	438	432	432	432	432	408	408	408	318	318	300	300	258	258	240	132	348	60	60	300	258	300	258	300	300
348	384	330	318	300	288	288	288	276	276	276	168	168	120	120	186	186	306	210	360	300	300	60	186	120	186	120	120
318	420	366	360	360	348	348	348	300	300	300	192	192	180	180	60	60	204	132	348	258	258	186	60	180	60	180	180
168	372	300	306	300	288	288	288	270	270	270	168	168	120	120	180	180	306	210	360	300	300	120	180	60	180	120	120
192	420	408	402	402	348	348	348	300	300	300	198	198	180	180	132	132	138	132	348	258	258	186	60	180	60	180	180
168	378	372	360	348	288	288	288	276	276	276	168	168	120	120	222	222	306	210	360	300	300	120	180	120	180	60	120
318	378	324	312	300	288	288	288	270	270	270	162	162	234	120	180	180	306	210	360	300	300	120	180	120	180	120	60
DEPOTS_DISTANCE
234	462	462	462	456	450	450	450	438	438	438	360	360	210	210	132	132	198	60	138	132	132	210	132	210	132	210	210	
348	384	330	318	300	288	288	288	276	276	276	168	168	120	120	186	186	306	210	360	300	300	60	186	120	186	120	120	
318	420	366	360	360	348	348	348	300	300	300	192	192	180	180	60	60	204	132	348	258	258	186	60	180	60	180	180	
LOCATION_TURN_MATRIX
100	130	122	113	112	199	136	122	129	152	173	146	151	136	158	140	176	113	122	167	194	134	110	172	114	184	100	147	
170	100	154	188	164	169	136	136	152	170	104	183	155	115	101	104	155	187	174	115	149	134	178	168	114	135	168	102	
178	146	100	161	178	114	104	165	117	139	126	169	192	109	120	179	160	152	154	134	113	140	154	179	196	196	192	181	
187	112	139	100	158	114	195	181	104	132	195	106	183	169	132	170	140	136	172	148	116	110	123	136	151	120	176	169	
188	136	122	142	100	175	164	159	112	100	167	164	135	191	132	181	104	123	142	156	108	117	193	182	116	147	156	185	
101	131	186	186	125	100	190	147	164	150	137	102	145	176	185	131	113	108	117	186	118	151	140	178	154	189	172	110	
164	164	196	105	136	110	100	186	153	151	183	193	111	157	144	123	188	142	110	163	105	190	166	187	170	171	186	126	
178	164	135	119	141	153	114	100	106	130	108	103	151	178	122	151	130	133	184	177	110	141	166	110	122	174	191	197	
171	148	183	196	188	136	147	194	100	167	100	146	168	129	128	142	172	118	174	147	105	158	156	160	120	106	119	136	
148	130	161	168	200	150	149	170	133	100	177	106	175	116	188	180	176	194	108	146	130	187	183	173	128	141	169	176	
127	196	174	105	133	163	117	192	200	123	100	171	175	140	183	115	104	186	128	153	151	175	100	146	191	117	132	197	
154	117	131	194	136	198	107	197	154	194	129	100	136	184	140	147	172	184	148	131	103	156	185	200	152	158	154	143	
149	145	108	117	165	155	189	149	132	125	125	164	100	140	199	142	101	144	163	185	117	191	200	143	113	165	102	154	
164	185	191	131	109	124	143	122	171	184	160	116	160	100	109	116	196	113	131	186	166	139	183	175	144	161	105	170	
142	199	180	168	168	115	156	178	172	112	117	160	101	191	100	147	177	177	199	158	172	188	164	175	180	168	154	195	
160	196	121	130	119	169	177	149	158	120	185	153	158	184	153	100	152	159	197	157	181	159	102	123	168	200	124	186	
124	145	140	160	196	187	112	170	128	124	196	128	199	104	123	148	100	149	114	112	117	135	105	132	138	180	198	156	
187	113	148	164	177	192	158	167	182	106	114	116	156	187	123	141	151	100	166	132	168	163	159	123	129	173	161	116	
178	126	146	128	158	183	190	116	126	192	172	152	137	169	101	103	186	134	100	184	199	137	130	160	148	113	140	150	
133	185	166	152	144	114	137	123	153	154	147	169	115	114	142	143	188	168	116	100	111	195	128	157	191	164	141	171	
106	151	187	184	192	182	195	190	195	170	149	197	183	134	128	119	183	132	101	189	100	129	151	163	147	166	104	177	
166	166	160	190	183	149	110	159	142	113	125	144	109	161	112	141	165	137	163	105	171	100	101	185	169	129	103	197	
190	122	146	177	107	160	134	134	144	117	200	115	100	117	136	198	195	141	170	172	149	199	100	106	150	116	118	145	
128	132	121	164	118	122	113	190	140	127	154	100	157	125	125	177	168	177	140	143	137	115	194	100	128	167	115	155	
186	186	104	149	184	146	130	178	180	172	109	148	187	156	120	132	162	171	152	109	153	131	150	172	100	155	124	184	
116	165	104	180	153	111	129	126	194	159	183	142	135	139	132	100	120	127	187	136	134	171	184	133	145	100	129	192	
200	132	108	124	144	128	114	109	181	131	168	146	198	195	146	176	102	139	160	159	196	197	182	185	176	171	100	146	
153	198	119	131	115	190	174	103	164	124	103	157	146	130	105	114	144	184	150	129	123	103	155	145	116	108	154	100	
DEPOTS_TO_LOCAL_TURN_MATRIX
178	126	146	128	158	183	190	116	126	192	172	152	137	169	101	103	186	134	100	184	199	137	130	160	148	113	140	150	
190	122	146	177	107	160	134	134	144	117	200	115	100	117	136	198	195	141	170	172	149	199	100	106	150	116	118	145	
128	132	121	164	118	122	113	190	140	127	154	100	157	125	125	177	168	177	140	143	137	115	194	100	128	167	115	155	
LOCAL_TO_DEPOT_TURN_MATRIX
122	174	154	172	142	117	110	184	174	108	128	148	163	131	199	197	114	166	100	116	101	163	170	140	152	187	160	150	
110	178	154	123	193	140	166	166	156	183	100	185	200	183	164	102	105	159	130	128	151	101	100	194	150	184	182	155	
172	168	179	136	182	178	187	110	160	173	146	200	143	175	175	123	132	123	160	157	163	185	106	100	172	133	185	145	

