INDEX_PROBLEM
1
PATIENTS
800
STRETCHERS
16
NUM_ROOM
28
NUM_DEPOT
3
NUM_PRIORITY
4
PRIORITY_LIST
0	1	2	3	4
PRIORITY_WEIGHT
0	1	10	18	30
PRIORITY_JOB
0	2	2	3	2	3	4	3	4	4	4	2	2	3	4	3	3	4	2	3	4	4	3	4	1	2	3	4	4	3	4	4	2	3	3	4	1	3	4	4	2	3	4	2	2	3	3	4	3	4	2	3	4	3	4	3	4	1	1	2	2	3	1	1	2	4	4	2	1	3	4	3	1	3	4	1	2	1	2	2	3	4	4	2	4	4	3	3	1	1	3	3	1	1	2	1	4	2	3	4	4	2	3	4	1	1	3	3	4	1	2	2	3	2	3	4	2	2	4	3	4	1	3	4	2	1	1	2	3	4	4	1	2	3	4	4	1	1	1	3	4	2	2	1	2	3	3	4	1	3	3	4	2	2	1	1	3	4	1	1	4	2	3	3	3	4	2	4	3	2	1	1	3	4	2	1	1	2	2	3	4	4	3	4	3	2	1	1	3	4	2	1	2	1	2	3	4	4	3	4	4	1	1	2	3	2	1	2	3	3	1	2	3	4	4	3	3	4	1	1	2	3	1	1	2	3	4	2	3	4	4	3	4	2	2	1	3	1	2	1	4	2	1	3	4	4	4	3	4	1	2	1	1	2	2	1	3	4	2	3	3	3	4	3	2	4	1	1	1	2	1	2	3	4	2	3	3	3	4	3	1	4	2	1	1	3	2	1	1	4	2	2	3	4	3	4	4	4	1	1	2	2	1	2	3	3	4	1	2	4	4	3	3	4	1	1	2	2	1	2	3	3	4	1	2	3	4	3	3	4	1	1	4	1	1	2	4	2	3	3	2	3	3	3	4	4	2	1	2	1	2	1	4	3	4	2	3	3	4	4	4	1	1	1	2	1	2	1	2	3	4	2	3	3	3	4	3	4	1	1	1	2	1	1	2	3	4	4	2	3	4	3	2	3	3	2	1	1	2	1	4	3	2	2	3	4	3	4	1	4	4	1	1	2	2	1	2	3	4	1	2	3	4	3	3	4	2	1	1	2	1	2	4	3	4	4	1	2	3	3	3	4	1	1	4	1	1	2	4	2	3	3	2	3	3	4	3	4	2	2	1	1	1	1	2	3	4	2	3	4	4	3	4	4	1	1	1	1	2	2	2	3	4	1	2	3	3	4	3	4	4	1	1	1	2	2	1	2	3	4	2	3	3	4	3	3	4	2	1	1	2	1	2	3	4	2	2	3	4	3	4	4	2	1	1	3	1	1	2	4	1	2	3	3	4	3	4	4	4	1	1	2	2	1	2	3	4	1	2	3	4	3	4	4	4	1	1	2	2	1	2	3	3	4	2	3	3	4	3	4	2	1	1	2	1	1	2	3	4	2	3	4	4	3	4	3	2	2	1	1	1	2	2	3	4	2	3	4	4	4	3	4	1	1	1	2	1	2	2	3	4	2	3	3	4	3	3	1	4	2	1	1	3	2	1	4	2	2	3	4	4	3	4	2	3	1	1	4	1	2	1	2	2	3	4	2	4	3	4	4	2	1	1	3	1	2	2	4	1	2	3	4	4	3	3	4	1	1	2	3	1	2	2	3	2	3	4	2	4	3	4	2	1	1	3	4	1	1	1	2	3	4	4	2	3	4	3	2	1	1	3	2	2	1	2	4	2	3	4	1	4	4	3	2	1	1	3	4	2	1	4	2	3	3	4	2	4	3	4	2	1	1	3	2	1	1	2	2	3	4	3	2	3	3	4	1	1	4	4	2	1	2	1	1	2	3	4	2	2	1	1	1	2	3	4	2	1	2	1	1	1	1	2	3	1	2	1	1	4	4	2	1	2	1	2	1	1	3	3	4	2	1	2	1	1	2	3	4	1	1	2
TIME_ASKED
0	28849	28898	28947	28996	29045	29094	29149	29198	29247	29296	29345	29394	29429	29458	29487	29516	29545	29574	29603	29632	29661	29690	29742	29784	29826	29868	29910	29952	29994	30029	30058	30087	30116	30145	30174	30203	30232	30261	30290	30329	30358	30387	30416	30445	30474	30503	30532	30561	30590	30621	30642	30663	30684	30705	30726	30747	30768	30789	30810	30831	30852	30873	30894	30949	30998	31047	31096	31145	31194	31227	31254	31281	31308	31335	31362	31389	31416	31443	31470	31497	31524	31548	31572	31596	31620	31644	31668	31692	31716	31740	31764	31788	31837	31874	31911	31948	31985	32022	32059	32096	32159	32218	32277	32336	32395	32419	32438	32457	32476	32495	32514	32533	32552	32571	32590	32609	32628	32647	32666	32685	32759	32818	32877	32936	32995	33027	33054	33081	33108	33135	33162	33189	33216	33243	33270	33297	33333	33366	33399	33432	33465	33498	33531	33564	33597	33616	33632	33648	33664	33680	33696	33712	33728	33744	33760	33776	33792	33808	33824	33840	33856	33872	33888	33933	33966	33999	34032	34065	34098	34131	34164	34197	34242	34284	34326	34368	34410	34452	34494	34533	34566	34599	34632	34665	34698	34731	34764	34797	34827	34854	34881	34908	34935	34962	34989	35016	35043	35070	35097	35137	35174	35211	35248	35285	35322	35359	35396	35433	35466	35499	35532	35565	35598	35631	35664	35697	35723	35746	35769	35792	35815	35838	35861	35884	35907	35930	35953	35976	35999	36023	36046	36069	36092	36115	36138	36161	36184	36207	36230	36253	36276	36299	36327	36354	36381	36408	36435	36462	36489	36516	36543	36570	36597	36619	36638	36657	36676	36695	36714	36733	36752	36771	36790	36809	36828	36847	36866	36885	36949	36998	37047	37096	37145	37194	37259	37318	37377	37436	37495	37549	37598	37647	37696	37745	37794	37827	37854	37881	37908	37935	37962	37989	38016	38043	38070	38097	38123	38146	38169	38192	38215	38238	38261	38284	38307	38330	38353	38376	38399	38419	38438	38457	38476	38495	38514	38533	38552	38571	38590	38609	38628	38647	38666	38685	38742	38784	38826	38868	38910	38952	38994	39029	39058	39087	39116	39145	39174	39203	39232	39261	39290	39349	39398	39447	39496	39545	39594	39633	39666	39699	39732	39765	39798	39831	39864	39897	39937	39974	40011	40048	40085	40122	40159	40196	40242	40284	40326	40368	40410	40452	40494	40542	40584	40626	40668	40710	40752	40794	40849	40898	40947	40996	41045	41094	41133	41166	41199	41232	41265	41298	41331	41364	41397	41423	41446	41469	41492	41515	41538	41561	41584	41607	41630	41653	41676	41699	41749	41798	41847	41896	41945	41994	42099	42198	42297	42342	42384	42426	42468	42510	42552	42594	42699	42798	42897	42923	42946	42969	42992	43015	43038	43061	43084	43107	43130	43153	43176	43199	43237	43274	43311	43348	43385	43422	43459	43496	43549	43598	43647	43696	43745	43794	43899	43998	44097	44159	44218	44277	44336	44395	44459	44518	44577	44636	44695	44799	44898	44997	45033	45066	45099	45132	45165	45198	45231	45264	45297	45337	45374	45411	45448	45485	45522	45559	45596	45637	45674	45711	45748	45785	45822	45859	45896	45959	46018	46077	46136	46195	46249	46298	46347	46396	46445	46494	46537	46574	46611	46648	46685	46722	46759	46796	46821	46842	46863	46884	46905	46926	46947	46968	46989	47010	47031	47052	47073	47094	47199	47298	47397	47437	47474	47511	47548	47585	47622	47659	47696	47737	47774	47811	47848	47885	47922	47959	47996	48049	48098	48147	48196	48245	48294	48324	48348	48372	48396	48420	48444	48468	48492	48516	48540	48564	48588	48627	48654	48681	48708	48735	48762	48789	48816	48843	48870	48897	48937	48974	49011	49048	49085	49122	49159	49196	49233	49266	49299	49332	49365	49398	49431	49464	49497	49537	49574	49611	49648	49685	49722	49759	49796	49827	49854	49881	49908	49935	49962	49989	50016	50043	50070	50097	50149	50198	50247	50296	50345	50394	50424	50448	50472	50496	50520	50544	50568	50592	50616	50640	50664	50688	50737	50774	50811	50848	50885	50922	50959	50996	51027	51054	51081	51108	51135	51162	51189	51216	51243	51270	51297	51324	51348	51372	51396	51420	51444	51468	51492	51516	51540	51564	51588	51637	51674	51711	51748	51785	51822	51859	51896	51933	51966	51999	52032	52065	52098	52131	52164	52197	52259	52318	52377	52436	52495	52517	52534	52551	52568	52585	52602	52619	52636	52653	52670	52687	52704	52721	52738	52755	52772	52789	52859	52918	52977	53036	53095	53137	53174	53211	53248	53285	53322	53359	53396	53459	53518	53577	53636	53695	53733	53766	53799	53832	53865	53898	53931	53964	53997	54027	54054	54081	54108	54135	54162	54189	54216	54243	54270	54297	54374	54448	54522	54596	54627	54654	54681	54708	54735	54762	54789	54816	54843	54870	54897	55049	55198	55237	55274	55311	55348	55385	55422	55459	55496	55574	55648	55722	55796	55827	55854	55881	55908	55935	55962	55989	56016	56043	56070	56097	56399	56499	56598	56697	56733	56766	56799	56832	56865	56898	56931	56964	56997	57049	57098	57147	57196	57245	57294	57359	57418	57477	57536	57595
ORIGIN
26	16	6	27	19	25	27	23	14	4	14	10	2	23	22	14	4	14	3	23	14	14	26	16	14	14	14	7	14	26	7	11	14	9	1	23	14	14	23	4	2	2	27	3	2	14	14	14	14	6	27	18	7	27	20	8	23	14	17	2	23	14	2	26	3	7	23	14	14	25	25	1	14	14	25	27	14	9	3	14	14	1	23	11	4	4	23	14	4	4	4	14	4	5	1	14	14	27	18	7	27	20	20	1	27	2	2	17	20	2	14	14	14	7	14	4	24	15	1	27	16	25	3	26	3	14	14	14	14	2	10	2	23	14	14	14	27	4	14	14	27	14	14	4	4	14	23	27	20	14	14	4	4	14	2	27	20	14	14	14	2	23	6	24	15	4	20	16	8	27	23	26	14	2	23	18	14	14	23	23	12	2	25	14	14	25	25	27	14	14	9	8	1	1	1	20	8	2	2	14	5	4	27	2	14	5	4	14	4	25	8	14	4	23	20	5	1	2	27	17	2	1	2	14	14	14	2	25	2	23	14	3	26	14	1	1	27	14	14	25	25	16	16	8	27	23	14	23	16	14	23	14	14	27	14	16	14	14	14	7	26	23	5	14	14	14	14	26	14	3	14	14	14	24	6	3	23	13	3	23	14	1	14	14	14	1	25	14	14	26	23	23	23	8	26	26	10	2	14	2	2	1	1	14	14	9	27	27	16	5	1	1	7	5	8	20	3	1	14	2	14	5	8	14	13	2	27	14	5	14	17	23	1	7	14	3	14	14	9	3	8	1	23	10	14	14	12	27	26	14	3	3	14	14	14	2	5	26	25	2	14	4	2	14	14	23	14	14	14	14	2	4	2	23	14	4	20	12	4	14	4	23	26	10	14	16	3	14	1	23	10	1	16	16	27	14	14	14	27	14	4	4	11	2	14	26	11	3	10	11	27	9	27	14	3	14	27	14	27	16	23	14	3	14	14	4	8	27	14	1	26	14	7	11	14	14	23	10	1	14	14	20	23	3	14	27	14	14	5	14	23	3	16	6	27	19	7	27	22	12	14	12	3	12	14	23	16	3	14	3	23	14	14	14	4	14	1	25	14	4	26	14	14	20	9	26	2	11	26	13	4	4	27	14	14	2	14	11	3	1	5	27	18	7	2	14	27	11	14	17	2	22	23	23	11	2	3	23	14	25	24	11	26	26	25	25	4	26	5	14	26	2	1	23	11	7	23	4	27	8	14	14	27	15	14	7	14	23	26	17	7	14	20	3	20	14	14	2	27	20	14	23	12	26	23	14	4	20	15	4	3	22	14	14	26	14	2	12	3	1	23	10	2	14	14	14	14	14	14	14	27	15	13	2	1	26	16	7	27	1	2	4	4	3	9	9	20	1	11	11	3	23	14	3	24	14	4	7	3	14	3	3	14	11	14	14	26	23	10	2	1	12	14	14	20	14	27	14	14	2	26	26	2	14	7	26	19	23	14	14	3	3	16	20	2	23	14	14	27	14	3	24	14	14	3	14	1	26	26	14	2	26	14	26	26	10	1	23	12	2	23	12	3	14	14	14	23	11	15	11	16	6	27	19	10	27	12	14	20	14	20	22	7	16	2	23	14	3	23	14	20	20	4	23	26	14	1	1	26	1	2	3	9	1	23	26	16	23	14	11	14	14	14	11	11	14	1	23	6	27	18	14	27	21	1	14	17	10	22	22	14	2	11	14	3	23	27	27	19	16	25	14	14	7	27	14	14	14	27	9	1	23	24	14	14	13	26	14	14	3	24	14	1	4	12	5	27	18	7	27	20	8	2	17	2	1	23	2	2	7	23
DESTINATION
3	14	17	2	22	14	2	26	3	23	3	14	14	27	19	16	14	25	14	4	9	9	3	14	9	1	1	20	4	14	13	12	4	14	14	27	5	5	1	14	27	27	18	14	27	20	8	2	2	17	2	27	20	2	14	14	27	16	6	14	27	25	27	23	14	23	3	26	2	14	14	14	4	4	14	2	4	14	26	16	16	14	27	15	14	14	27	4	14	14	14	9	14	14	23	4	4	2	27	20	2	14	14	14	2	14	14	6	7	27	20	8	20	23	26	14	2	14	23	18	14	14	23	14	23	25	25	1	25	27	14	14	27	9	8	1	23	14	1	1	23	4	4	14	14	4	27	2	14	5	4	14	14	25	27	18	7	20	20	1	27	7	17	2	14	14	14	14	14	2	7	14	4	24	1	27	16	16	1	27	11	14	14	25	16	14	14	2	10	4	14	14	14	14	14	14	14	27	14	16	14	14	23	27	20	14	14	4	14	14	14	26	14	3	14	14	14	24	2	6	24	14	24	16	8	8	27	14	14	1	25	14	14	26	23	23	23	2	25	14	14	14	14	14	2	27	1	1	14	9	27	1	20	2	2	14	5	4	8	20	3	1	14	2	4	5	8	14	4	23	20	5	1	2	17	23	1	7	14	3	1	14	9	25	2	23	14	3	26	14	1	27	26	14	3	3	14	14	8	27	27	14	23	16	16	14	23	2	14	14	23	14	20	14	14	7	26	23	5	14	16	14	14	4	7	14	23	26	14	16	6	3	23	13	3	23	10	1	14	14	14	14	27	14	10	4	11	23	23	8	26	26	10	2	9	27	14	3	14	27	10	14	27	16	5	1	1	2	5	5	27	14	14	1	26	14	7	11	14	8	14	27	14	14	5	14	23	3	14	27	14	14	14	14	23	3	8	1	23	10	14	14	12	14	4	3	12	14	14	12	23	14	2	25	26	25	2	4	2	14	1	25	14	4	26	14	14	2	4	23	14	4	20	12	4	4	27	14	14	2	2	11	3	14	1	23	10	1	14	16	27	14	14	17	2	22	23	2	2	11	2	11	26	11	3	27	14	26	25	14	4	26	5	26	14	16	23	14	3	14	14	4	8	7	14	14	27	15	14	7	14	14	23	10	1	14	5	20	23	14	14	2	27	20	14	26	23	12	16	6	27	19	7	7	12	22	14	3	26	14	2	12	3	3	14	14	23	14	14	4	3	14	14	27	15	13	7	14	2	14	26	26	2	11	26	13	4	1	3	9	20	1	11	26	11	1	5	27	18	7	2	27	11	3	3	26	14	11	14	14	26	2	3	3	14	25	24	11	26	14	27	14	14	2	26	2	2	1	2	1	23	11	7	27	23	3	16	20	2	23	14	14	14	26	17	17	7	14	20	20	26	1	26	14	2	26	14	23	26	2	23	26	4	20	15	4	3	3	14	14	23	11	15	1	11	1	23	2	2	14	14	3	14	20	20	14	22	7	16	2	26	26	16	7	27	1	2	4	23	26	14	1	26	1	26	2	23	14	14	3	24	14	4	3	3	14	14	27	11	14	1	11	23	10	10	2	1	12	14	20	14	17	2	22	14	2	11	1	14	2	7	19	23	14	14	27	25	14	5	26	14	14	14	27	14	3	24	24	14	14	14	26	14	14	27	3	14	1	4	12	10	1	1	12	12	2	23	27	17	2	27	16	2	7	23	16	6	14	19	19	10	27	12	25	14	4	2	23	22	14	14	3	3	20	2	20	20	4	23	14	14	27	1	9	26	7	3	9	9	14	1	16	23	14	11	14	2	27	20	2	14	14	14	6	27	14	27	27	27	21	1
DUE_DATE
0	30427	30476	30045	30574	30143	29652	30247	29756	29805	29854	30923	30972	30527	30016	30585	30614	30103	31152	30701	30190	30219	30788	30300	32082	31404	30966	30468	30510	31092	30587	30616	31665	31214	31243	30732	32501	31330	30819	30848	31907	31456	30945	31994	32023	31572	31601	31090	31659	31148	32199	31740	31221	31782	31263	31824	31305	33066	33087	32388	32409	31950	33171	33192	32527	31556	31605	32674	33443	32292	31785	32352	33579	32406	31893	33660	32967	33714	33021	33048	32595	32082	32106	33150	32154	32178	32742	32766	33990	34014	32838	32862	34086	34135	33452	34209	32506	33563	33120	32617	32654	33737	33316	32835	34634	34693	33517	33536	33015	34774	34073	34092	33631	34130	33669	33148	34187	34206	33205	33764	33243	35057	33916	33435	34514	35293	35325	34632	34179	33666	33693	35460	34767	34314	33801	33828	35595	35631	35664	34497	33990	35043	35076	35829	35142	34695	34714	34190	35946	34762	34778	34254	35290	35306	36042	36058	34874	34350	36106	36122	34398	35434	34970	34986	35031	34524	35577	34590	35163	35676	36429	36462	35295	34800	35862	36624	36666	35988	36030	35592	35091	35124	35697	35190	35763	36276	37029	37062	35895	35385	36432	37179	36486	37233	36540	36087	35574	35601	36168	35655	35695	37472	37509	36826	36383	36900	37657	36974	36531	36564	37797	37110	36663	36156	36189	36762	36795	36281	38044	38067	37370	36913	38136	38159	37462	37005	36488	37531	37074	36557	36581	37144	36627	37670	37693	38436	37259	38482	37785	38528	36811	37854	38597	37425	36912	36939	36966	37533	37020	38787	38094	38841	38868	38175	38197	38936	37755	37234	38273	37812	37831	37850	37329	37888	38387	37386	39145	39164	39183	38527	39296	38625	38194	37703	38772	38357	38416	38475	37994	38593	39847	38156	39225	39994	40043	38892	39405	40152	40179	38466	39513	39540	39087	38574	39141	38628	38655	38681	40444	40467	39770	39793	40536	39839	39382	39405	38888	40651	39954	38957	38977	39536	39555	39034	40793	40812	40111	40130	40869	40168	39707	39726	39205	40964	40263	39840	39342	39924	39966	39468	41250	41292	39587	41356	41385	40694	39703	40752	40301	40330	40839	40388	40447	40496	40005	40054	41123	41892	41211	41964	41277	42030	40323	40896	40389	41442	40995	41035	40532	40569	40606	42383	42420	42457	41774	42540	41862	42624	41946	41508	41010	42072	41640	41682	41724	41226	41808	41310	43092	43147	43196	42525	43294	43343	42672	42231	41724	41757	42810	42363	41856	42429	42942	42495	42521	43024	43767	43790	43093	43836	42119	42682	43185	43208	42751	42234	42797	42307	44096	42405	42454	44243	44292	43677	43776	44595	43920	43482	42984	44766	44088	43650	43152	43797	43896	43455	44501	45244	45267	44570	45313	44616	43619	44182	43665	43688	45451	44754	44297	44335	44372	43869	45646	45683	43980	45757	45794	45127	44156	45225	44794	44843	45372	44997	45096	44655	45257	44776	45855	45914	46693	46757	46816	46875	46214	45793	45357	46476	46095	45591	45624	46197	45690	45723	47496	47529	47562	47595	46915	46952	46989	46546	46043	47820	47137	46694	46735	46232	46809	46306	46343	48120	48157	48194	47537	47596	48375	47714	47293	46807	47876	47445	47494	47003	47592	47635	47132	48189	48946	48983	48300	49057	48374	47919	47400	48441	48462	48003	47484	48045	47526	47547	48588	49329	49350	48171	49392	49497	48876	47955	49735	49052	48609	48646	48143	48720	48217	48254	48295	50072	50109	49426	49463	50220	49537	49094	48607	50396	49725	49294	48803	49392	48882	48906	48930	50694	50718	50022	50046	50790	50094	49638	49662	49146	50205	49752	49779	49266	49833	49320	50367	51114	51141	50448	51195	51235	50552	50109	49606	50663	50220	49717	49754	50331	49824	50397	50910	50943	51696	51729	51762	51075	51115	50672	50169	51226	50783	50280	50317	50354	50925	50412	52179	52206	52233	51540	52287	51594	51621	51168	50655	51727	51296	51345	50854	51443	51492	52722	51006	52050	52794	52818	51642	52146	52890	51174	52218	52242	51786	51295	51332	51909	51406	52463	52020	53257	53294	51585	53352	52659	53406	52713	52740	52287	51774	52821	51828	52395	51882	51906	52950	53694	53718	52542	53766	53070	53094	52098	53862	53166	52735	52232	52269	52846	52883	52380	54157	54194	53511	53064	54297	53610	53643	53196	53709	53262	52755	53837	52876	53475	52994	54073	54815	54832	53649	53126	54883	54900	54917	54214	53751	53228	53245	54282	53819	53296	53853	54350	55087	55157	54016	54555	54614	55393	54715	53732	54789	54346	53843	55620	53917	53954	54557	55096	55875	55934	54793	54291	55344	56097	54390	55443	54996	55029	54522	55575	54585	55152	54639	55686	56433	56460	55287	55794	56541	56568	55875	55952	55546	55080	55694	56205	55752	55779	55266	57033	57060	55347	55374	56421	57168	56475	57347	57496	56815	56372	55869	56926	56963	57720	57757	57794	57152	56746	56280	57374	58125	57432	58179	58206	58233	58260	57567	57114	58341	57648	58395	58697	57057	57156	58275	59031	58344	59097	58410	59163	59196	58029	58062	57555	58627	59396	58725	59494	59543	58872	58457	57976	59775	59834	59173
TRANSPORT_MODE
0	2	2	1	1	2	0	0	0	1	1	1	2	0	0	0	2	1	1	1	1	0	0	0	2	2	1	1	2	0	0	0	2	1	1	1	2	0	0	0	2	1	1	1	2	0	0	0	2	1	1	1	1	0	0	0	0	3	3	1	1	2	0	0	0	1	1	1	3	0	0	0	3	1	1	1	2	0	0	0	1	2	1	1	0	0	0	0	3	3	1	1	1	0	0	0	0	2	2	1	1	1	0	0	3	3	1	1	1	0	0	0	0	2	2	1	1	1	0	0	0	3	1	1	1	0	0	0	2	2	1	1	1	0	0	0	0	3	3	1	1	0	0	0	1	2	2	1	1	0	0	0	0	1	3	3	1	1	0	0	2	1	2	0	1	1	0	0	0	1	3	3	1	1	0	0	0	1	2	1	1	0	0	0	0	1	3	3	1	1	0	0	0	1	2	2	1	0	0	0	1	3	3	1	1	0	0	0	0	1	1	2	2	1	0	0	0	1	3	3	1	1	0	0	0	1	1	2	2	1	0	0	0	1	1	3	1	0	0	0	1	1	0	2	2	1	0	0	0	1	1	3	3	0	0	0	1	1	2	2	1	0	0	0	0	1	1	3	3	1	0	0	1	1	2	2	1	0	0	0	0	1	1	3	3	1	0	0	0	1	1	2	1	0	0	0	1	1	3	3	1	0	0	0	0	1	1	2	2	0	0	0	1	1	3	3	1	0	0	0	1	1	2	2	1	0	0	0	1	1	3	3	1	0	0	0	0	1	1	1	2	2	0	0	0	1	1	3	1	0	0	0	1	1	2	2	1	0	0	0	1	1	3	3	0	0	0	0	1	1	2	2	1	0	0	0	1	1	1	3	3	0	0	0	1	1	2	2	1	0	0	0	0	1	1	1	3	3	0	0	1	1	2	2	1	0	0	0	0	1	1	3	3	1	0	0	0	1	1	2	2	0	0	0	1	1	1	3	3	0	0	0	0	1	1	1	2	2	0	0	1	1	3	3	1	0	0	0	0	1	1	1	2	2	0	0	0	1	1	1	3	3	0	0	0	1	1	2	2	1	0	0	0	1	1	3	3	0	0	0	1	1	2	0	1	2	0	0	0	1	1	1	3	3	0	0	0	1	1	2	2	1	0	0	0	1	1	1	3	3	0	0	0	1	1	2	2	1	0	0	0	1	1	3	3	1	0	0	0	1	1	2	2	0	0	0	0	1	1	3	3	1	0	0	0	1	1	1	2	2	0	0	0	1	1	3	3	1	0	0	0	1	1	2	2	0	1	0	0	1	1	3	3	1	0	0	0	1	1	2	2	1	0	0	0	0	1	1	3	3	0	0	0	1	1	2	2	1	0	0	0	1	1	3	3	1	0	0	0	1	1	2	2	1	0	0	0	0	1	1	3	3	1	0	0	1	1	2	2	1	0	0	0	1	1	3	3	1	0	0	0	1	2	2	1	0	0	0	0	1	1	3	3	1	0	0	0	1	1	2	2	1	0	0	0	1	3	3	1	1	0	0	0	1	1	2	2	1	0	0	0	1	3	3	1	1	0	0	0	1	2	2	1	1	0	0	0	1	3	3	1	0	0	0	0	1	2	2	1	1	0	0	0	1	3	3	1	1	0	0	1	2	2	1	1	0	0	0	0	1	3	3	1	1	0	0	0	1	2	2	1	1	0	0	0	3	3	1	1	1	0	0	0	3	1	1	1	0	0	0	3	3	1	1	1	0	0	0	0	3	3	1	1	1	0	0	3	3	1	1	1	0	0	0	0	3	3	1	1	1	0	0	0	3	3	1	1	1	0	0	0
PATIENT_WEIGHT
31	68	81	109	59	44	113	100	85	127	37	52	50	38	116	54	65	68	91	104	30	65	135	148	139	66	131	34	40	113	105	148	124	71	52	88	144	138	42	110	96	35	72	143	77	116	59	40	123	46	133	55	134	126	34	75	115	56	104	34	140	121	39	139	41	126	146	135	67	77	100	44	117	136	130	48	110	79	124	77	127	69	114	95	76	94	134	71	116	77	105	30	105	71	101	79	69	120	84	39	49	129	68	117	135	33	125	129	88	118	127	123	88	84	136	39	142	32	142	89	37	38	93	81	78	108	52	32	123	133	60	104	117	105	46	31	80	114	56	130	95	124	42	74	43	121	108	108	78	135	78	116	82	128	146	73	58	51	54	46	107	70	72	122	53	86	108	137	57	134	87	44	68	125	66	42	141	80	102	100	84	70	42	47	99	68	114	130	111	62	87	62	82	113	86	87	50	67	114	110	121	38	119	91	124	146	143	39	44	113	80	64	78	53	80	141	117	64	129	119	77	50	45	148	65	134	34	133	84	148	114	119	113	80	102	58	54	73	62	82	129	48	62	105	43	147	103	70	123	74	41	89	33	70	90	52	95	141	102	45	63	34	102	43	106	79	90	86	136	61	95	79	90	101	35	91	108	148	45	95	53	119	56	44	95	97	140	35	100	143	37	75	79	55	59	130	118	149	60	148	31	97	144	38	69	83	143	127	98	140	45	89	132	88	30	148	127	123	149	150	82	31	104	95	61	132	55	116	109	57	143	58	87	49	49	131	46	51	134	66	74	149	75	94	100	130	71	66	89	107	90	125	136	134	95	78	96	65	56	39	38	94	58	97	57	36	36	133	75	129	48	132	131	62	53	90	58	67	122	116	47	114	37	131	52	86	89	130	112	132	108	108	86	83	118	76	66	92	46	108	128	72	75	95	47	71	30	91	103	84	39	131	30	86	93	127	72	84	112	144	49	55	142	75	41	118	118	81	51	37	141	94	122	101	39	110	64	75	36	38	108	134	128	61	150	56	39	52	56	80	133	92	102	54	113	142	135	98	109	149	90	62	97	108	67	77	46	42	122	98	36	86	124	65	141	72	145	90	98	146	41	84	70	130	43	126	108	109	114	131	129	57	66	34	48	71	65	79	62	129	61	95	146	59	108	48	94	136	129	88	93	92	37	104	73	37	35	91	70	124	147	73	38	123	43	49	89	101	41	83	125	136	60	104	91	150	83	116	138	69	79	110	126	94	75	92	142	140	39	60	143	92	131	92	40	123	101	137	145	107	105	135	30	65	81	143	78	41	97	150	47	76	41	65	143	82	95	66	41	114	105	34	65	97	40	140	51	60	107	129	110	65	73	50	121	111	99	101	140	107	130	98	74	96	31	134	63	106	126	68	93	70	79	130	104	82	117	39	52	100	55	75	107	89	132	149	33	148	148	55	109	93	88	112	77	109	100	49	85	71	92	117	109	99	77	65	117	35	113	74	44	146	84	38	45	66	145	101	89	142	66	85	65	43	73	63	41	66	126	78	119	73	60	150	95	100	71	128	58	38	48	87	53	32	73	104	147	145	76	124	112	110	31	91	66	148	141	90	32	141	91	140	90	134	141	136	38	68	149	150	113	44	93	58	80	130	119	88	77	124	63	51	55	127	34	131	102	96	144	122	86	146	145	70	87	137	112	77	52	51	149	121	65	142	69	52	130	91	93	30	148	85	102	106	120	60	35	109	95	149	39	41	80	141	55	79	64	51	121	108	107	90	32	39	85	120	122	102	48	56	34	60	78	124	52	77	140	150	38	150	77	58	62	114	49	100	30	52	52	148	62
DISTANCE_MATRIX
0	360	318	300	288	276	264	264	150	150	150	60	90	90	162	168	204	228	234	312	360	408	348	318	168	192	168	318
360	60	264	318	324	342	342	342	348	348	354	360	372	378	378	420	420	480	462	498	462	462	384	420	372	420	378	378
318	264	60	270	276	288	288	288	294	294	294	318	318	324	324	414	414	468	462	486	462	462	330	366	366	408	372	324
300	318	270	60	276	288	288	288	288	288	288	300	300	312	318	408	408	468	462	486	438	438	318	360	360	402	360	312
288	324	276	276	60	276	276	276	276	276	276	288	288	300	300	402	396	462	456	480	432	432	300	360	360	402	348	300
276	342	288	288	276	60	180	180	252	258	264	264	264	288	288	390	390	456	450	480	432	432	288	348	348	348	288	288
264	342	288	288	276	180	60	180	246	258	264	264	264	288	288	390	390	456	450	480	432	432	288	348	348	348	288	288
264	342	288	288	276	180	180	60	240	258	264	264	264	288	288	390	390	456	450	480	432	432	288	348	348	348	288	288
150	348	294	288	276	252	246	240	60	120	120	150	126	270	270	378	384	420	438	480	420	408	276	300	300	300	276	270
150	348	294	288	276	258	258	258	120	60	120	150	150	270	270	378	384	420	438	480	420	408	276	300	300	300	276	270
150	354	294	288	276	264	264	264	120	120	60	150	150	270	270	378	384	420	438	480	420	408	276	300	300	300	276	270
60	360	318	300	288	264	264	264	150	150	150	60	90	162	168	228	234	312	360	408	348	318	168	192	192	198	168	162
90	372	318	300	288	264	264	264	150	150	150	90	60	162	168	228	234	312	360	408	348	318	168	192	192	198	168	162
90	378	324	312	300	288	288	288	270	270	270	162	162	60	120	180	180	306	210	360	300	300	120	180	120	180	120	234
162	378	324	318	300	288	288	288	270	270	270	168	168	120	60	180	180	306	210	360	300	300	120	180	120	180	120	120
168	420	414	408	402	348	348	348	300	300	300	228	228	180	180	60	132	204	132	348	258	258	186	60	180	132	222	180
204	420	414	408	396	390	390	390	384	384	384	234	234	180	180	132	60	204	132	348	258	258	186	60	180	132	222	180
228	480	468	468	462	456	456	456	420	420	420	312	312	306	306	204	204	60	198	120	240	240	306	204	306	138	306	306
234	462	462	462	456	450	450	450	438	438	438	360	360	210	210	132	132	198	60	138	132	132	210	132	210	132	210	210
312	498	486	486	480	480	480	480	480	480	480	408	408	360	360	348	348	120	138	60	348	348	360	348	360	348	360	360
360	462	462	438	432	432	432	432	420	420	420	348	348	300	300	258	258	240	132	348	60	60	300	258	300	258	300	300
408	462	462	438	432	432	432	432	408	408	408	318	318	300	300	258	258	240	132	348	60	60	300	258	300	258	300	300
348	384	330	318	300	288	288	288	276	276	276	168	168	120	120	186	186	306	210	360	300	300	60	186	120	186	120	120
318	420	366	360	360	348	348	348	300	300	300	192	192	180	180	60	60	204	132	348	258	258	186	60	180	60	180	180
168	372	300	306	300	288	288	288	270	270	270	168	168	120	120	180	180	306	210	360	300	300	120	180	60	180	120	120
192	420	408	402	402	348	348	348	300	300	300	198	198	180	180	132	132	138	132	348	258	258	186	60	180	60	180	180
168	378	372	360	348	288	288	288	276	276	276	168	168	120	120	222	222	306	210	360	300	300	120	180	120	180	60	120
318	378	324	312	300	288	288	288	270	270	270	162	162	234	120	180	180	306	210	360	300	300	120	180	120	180	120	60
DEPOTS_DISTANCE
234	462	462	462	456	450	450	450	438	438	438	360	360	210	210	132	132	198	60	138	132	132	210	132	210	132	210	210	
348	384	330	318	300	288	288	288	276	276	276	168	168	120	120	186	186	306	210	360	300	300	60	186	120	186	120	120	
318	420	366	360	360	348	348	348	300	300	300	192	192	180	180	60	60	204	132	348	258	258	186	60	180	60	180	180	
LOCATION_TURN_MATRIX
100	130	122	113	112	199	136	122	129	152	173	146	151	136	158	140	176	113	122	167	194	134	110	172	114	184	100	147	
170	100	154	188	164	169	136	136	152	170	104	183	155	115	101	104	155	187	174	115	149	134	178	168	114	135	168	102	
178	146	100	161	178	114	104	165	117	139	126	169	192	109	120	179	160	152	154	134	113	140	154	179	196	196	192	181	
187	112	139	100	158	114	195	181	104	132	195	106	183	169	132	170	140	136	172	148	116	110	123	136	151	120	176	169	
188	136	122	142	100	175	164	159	112	100	167	164	135	191	132	181	104	123	142	156	108	117	193	182	116	147	156	185	
101	131	186	186	125	100	190	147	164	150	137	102	145	176	185	131	113	108	117	186	118	151	140	178	154	189	172	110	
164	164	196	105	136	110	100	186	153	151	183	193	111	157	144	123	188	142	110	163	105	190	166	187	170	171	186	126	
178	164	135	119	141	153	114	100	106	130	108	103	151	178	122	151	130	133	184	177	110	141	166	110	122	174	191	197	
171	148	183	196	188	136	147	194	100	167	100	146	168	129	128	142	172	118	174	147	105	158	156	160	120	106	119	136	
148	130	161	168	200	150	149	170	133	100	177	106	175	116	188	180	176	194	108	146	130	187	183	173	128	141	169	176	
127	196	174	105	133	163	117	192	200	123	100	171	175	140	183	115	104	186	128	153	151	175	100	146	191	117	132	197	
154	117	131	194	136	198	107	197	154	194	129	100	136	184	140	147	172	184	148	131	103	156	185	200	152	158	154	143	
149	145	108	117	165	155	189	149	132	125	125	164	100	140	199	142	101	144	163	185	117	191	200	143	113	165	102	154	
164	185	191	131	109	124	143	122	171	184	160	116	160	100	109	116	196	113	131	186	166	139	183	175	144	161	105	170	
142	199	180	168	168	115	156	178	172	112	117	160	101	191	100	147	177	177	199	158	172	188	164	175	180	168	154	195	
160	196	121	130	119	169	177	149	158	120	185	153	158	184	153	100	152	159	197	157	181	159	102	123	168	200	124	186	
124	145	140	160	196	187	112	170	128	124	196	128	199	104	123	148	100	149	114	112	117	135	105	132	138	180	198	156	
187	113	148	164	177	192	158	167	182	106	114	116	156	187	123	141	151	100	166	132	168	163	159	123	129	173	161	116	
178	126	146	128	158	183	190	116	126	192	172	152	137	169	101	103	186	134	100	184	199	137	130	160	148	113	140	150	
133	185	166	152	144	114	137	123	153	154	147	169	115	114	142	143	188	168	116	100	111	195	128	157	191	164	141	171	
106	151	187	184	192	182	195	190	195	170	149	197	183	134	128	119	183	132	101	189	100	129	151	163	147	166	104	177	
166	166	160	190	183	149	110	159	142	113	125	144	109	161	112	141	165	137	163	105	171	100	101	185	169	129	103	197	
190	122	146	177	107	160	134	134	144	117	200	115	100	117	136	198	195	141	170	172	149	199	100	106	150	116	118	145	
128	132	121	164	118	122	113	190	140	127	154	100	157	125	125	177	168	177	140	143	137	115	194	100	128	167	115	155	
186	186	104	149	184	146	130	178	180	172	109	148	187	156	120	132	162	171	152	109	153	131	150	172	100	155	124	184	
116	165	104	180	153	111	129	126	194	159	183	142	135	139	132	100	120	127	187	136	134	171	184	133	145	100	129	192	
200	132	108	124	144	128	114	109	181	131	168	146	198	195	146	176	102	139	160	159	196	197	182	185	176	171	100	146	
153	198	119	131	115	190	174	103	164	124	103	157	146	130	105	114	144	184	150	129	123	103	155	145	116	108	154	100	
DEPOTS_TO_LOCAL_TURN_MATRIX
178	126	146	128	158	183	190	116	126	192	172	152	137	169	101	103	186	134	100	184	199	137	130	160	148	113	140	150	
190	122	146	177	107	160	134	134	144	117	200	115	100	117	136	198	195	141	170	172	149	199	100	106	150	116	118	145	
128	132	121	164	118	122	113	190	140	127	154	100	157	125	125	177	168	177	140	143	137	115	194	100	128	167	115	155	
LOCAL_TO_DEPOT_TURN_MATRIX
122	174	154	172	142	117	110	184	174	108	128	148	163	131	199	197	114	166	100	116	101	163	170	140	152	187	160	150	
110	178	154	123	193	140	166	166	156	183	100	185	200	183	164	102	105	159	130	128	151	101	100	194	150	184	182	155	
172	168	179	136	182	178	187	110	160	173	146	200	143	175	175	123	132	123	160	157	163	185	106	100	172	133	185	145	

