INDEX_PROBLEM
1
PATIENTS
800
STRETCHERS
16
NUM_ROOM
28
NUM_DEPOT
3
NUM_PRIORITY
4
PRIORITY_LIST
0	1	2	3	4
PRIORITY_WEIGHT
0	1	10	18	30
PRIORITY_JOB
0	2	2	3	4	2	4	3	3	3	4	1	2	4	3	3	3	4	2	3	3	4	3	4	4	1	2	3	4	3	4	4	2	3	3	4	2	4	3	3	3	3	4	4	2	2	4	3	3	4	2	3	4	4	3	4	3	1	1	1	2	3	1	2	1	4	4	2	3	4	4	3	4	1	1	4	1	2	2	1	1	3	4	4	2	3	3	3	4	1	1	3	2	3	2	1	2	3	4	4	2	2	3	4	3	1	1	4	2	3	1	2	1	3	4	1	2	3	4	4	4	4	1	1	4	2	2	2	1	2	3	4	1	2	3	3	3	4	4	1	1	4	2	2	1	2	3	3	2	4	3	3	3	4	1	1	4	2	2	1	1	2	3	4	2	3	4	3	4	3	2	4	1	1	1	2	1	2	1	3	4	2	3	4	4	3	4	1	1	1	2	2	2	1	4	3	4	4	2	3	4	3	1	1	3	4	2	2	1	2	4	3	4	2	2	3	3	3	4	1	1	4	2	3	1	2	1	3	4	4	2	2	3	4	4	3	4	1	1	2	2	1	2	3	4	1	2	3	4	4	3	4	1	1	4	2	2	1	2	3	3	2	3	4	4	3	4	4	1	1	2	2	1	2	1	3	4	2	3	4	3	3	4	2	2	1	1	2	3	1	2	1	4	4	2	3	4	4	3	4	1	1	1	2	2	2	1	4	3	4	2	4	3	3	4	1	1	3	2	3	2	2	1	3	4	4	2	2	3	4	3	1	1	4	2	3	1	2	1	3	4	2	2	3	4	4	4	3	2	1	1	3	2	2	1	2	4	4	1	2	3	4	4	3	4	1	1	2	3	1	2	3	4	2	3	4	4	3	3	1	1	1	4	2	2	2	1	2	3	2	3	4	4	4	3	4	2	1	1	2	3	1	2	1	4	4	2	3	4	3	4	4	1	1	1	2	3	2	2	1	4	4	2	3	3	3	4	1	1	2	3	4	2	1	2	3	4	2	2	3	4	3	4	3	1	1	2	3	4	1	2	1	2	2	3	4	4	2	4	3	1	3	4	4	2	1	1	2	1	2	3	4	2	4	4	3	1	1	3	3	4	2	1	1	2	3	4	2	3	4	3	2	1	1	2	3	4	1	1	2	2	3	4	2	2	4	3	4	1	1	3	4	2	2	1	1	3	4	4	1	3	4	3	1	1	2	3	4	2	1	2	4	2	3	3	4	3	4	3	1	1	1	2	3	2	1	2	3	4	4	2	3	1	4	3	1	3	2	3	4	1	1	2	4	2	2	3	4	4	3	4	3	1	2	3	4	1	2	1	1	2	3	4	2	4	4	3	1	1	3	3	1	2	2	1	4	1	2	3	4	3	4	3	1	1	4	2	3	2	1	1	3	2	3	4	2	3	4	3	2	1	1	2	3	4	1	2	1	4	2	3	4	4	3	4	1	1	1	2	3	2	1	2	4	2	3	3	4	3	3	1	1	4	1	2	1	2	1	4	3	4	2	3	3	3	3	1	1	4	2	3	1	2	2	4	4	2	2	3	4	3	4	3	1	2	3	4	1	1	2	4	1	2	3	4	4	4	3	1	1	2	3	1	2	1	2	3	1	4	2	3	3	4	3	1	1	4	2	3	1	2	1	3	4	2	3	4	4	3	3	1	1	2	2	3	2	1	1	4	2	3	4	4	3	4	1	1	1	2	3	2	1	2	1	1	1	4	4	2	1	2	1	1	2	3	3	1	2	1	1	1	1	2	1	1	2	1	1	3	4	4	2	2	1	2	1	1	1	3	3	4	1	2	1	2	3	4	2	1	1	2
TIME_ASKED
0	28849	28898	28947	28996	29045	29094	29149	29198	29247	29296	29345	29394	29429	29458	29487	29516	29545	29574	29603	29632	29661	29690	29742	29784	29826	29868	29910	29952	29994	30029	30058	30087	30116	30145	30174	30203	30232	30261	30290	30329	30358	30387	30416	30445	30474	30503	30532	30561	30590	30621	30642	30663	30684	30705	30726	30747	30768	30789	30810	30831	30852	30873	30894	30949	30998	31047	31096	31145	31194	31227	31254	31281	31308	31335	31362	31389	31416	31443	31470	31497	31524	31548	31572	31596	31620	31644	31668	31692	31716	31740	31764	31788	31837	31874	31911	31948	31985	32022	32059	32096	32159	32218	32277	32336	32395	32419	32438	32457	32476	32495	32514	32533	32552	32571	32590	32609	32628	32647	32666	32685	32759	32818	32877	32936	32995	33027	33054	33081	33108	33135	33162	33189	33216	33243	33270	33297	33333	33366	33399	33432	33465	33498	33531	33564	33597	33616	33632	33648	33664	33680	33696	33712	33728	33744	33760	33776	33792	33808	33824	33840	33856	33872	33888	33933	33966	33999	34032	34065	34098	34131	34164	34197	34242	34284	34326	34368	34410	34452	34494	34533	34566	34599	34632	34665	34698	34731	34764	34797	34827	34854	34881	34908	34935	34962	34989	35016	35043	35070	35097	35137	35174	35211	35248	35285	35322	35359	35396	35433	35466	35499	35532	35565	35598	35631	35664	35697	35723	35746	35769	35792	35815	35838	35861	35884	35907	35930	35953	35976	35999	36023	36046	36069	36092	36115	36138	36161	36184	36207	36230	36253	36276	36299	36327	36354	36381	36408	36435	36462	36489	36516	36543	36570	36597	36619	36638	36657	36676	36695	36714	36733	36752	36771	36790	36809	36828	36847	36866	36885	36949	36998	37047	37096	37145	37194	37259	37318	37377	37436	37495	37549	37598	37647	37696	37745	37794	37827	37854	37881	37908	37935	37962	37989	38016	38043	38070	38097	38123	38146	38169	38192	38215	38238	38261	38284	38307	38330	38353	38376	38399	38419	38438	38457	38476	38495	38514	38533	38552	38571	38590	38609	38628	38647	38666	38685	38742	38784	38826	38868	38910	38952	38994	39029	39058	39087	39116	39145	39174	39203	39232	39261	39290	39349	39398	39447	39496	39545	39594	39633	39666	39699	39732	39765	39798	39831	39864	39897	39937	39974	40011	40048	40085	40122	40159	40196	40242	40284	40326	40368	40410	40452	40494	40542	40584	40626	40668	40710	40752	40794	40849	40898	40947	40996	41045	41094	41133	41166	41199	41232	41265	41298	41331	41364	41397	41423	41446	41469	41492	41515	41538	41561	41584	41607	41630	41653	41676	41699	41749	41798	41847	41896	41945	41994	42099	42198	42297	42342	42384	42426	42468	42510	42552	42594	42699	42798	42897	42923	42946	42969	42992	43015	43038	43061	43084	43107	43130	43153	43176	43199	43237	43274	43311	43348	43385	43422	43459	43496	43549	43598	43647	43696	43745	43794	43899	43998	44097	44159	44218	44277	44336	44395	44459	44518	44577	44636	44695	44799	44898	44997	45033	45066	45099	45132	45165	45198	45231	45264	45297	45337	45374	45411	45448	45485	45522	45559	45596	45637	45674	45711	45748	45785	45822	45859	45896	45959	46018	46077	46136	46195	46249	46298	46347	46396	46445	46494	46537	46574	46611	46648	46685	46722	46759	46796	46821	46842	46863	46884	46905	46926	46947	46968	46989	47010	47031	47052	47073	47094	47199	47298	47397	47437	47474	47511	47548	47585	47622	47659	47696	47737	47774	47811	47848	47885	47922	47959	47996	48049	48098	48147	48196	48245	48294	48324	48348	48372	48396	48420	48444	48468	48492	48516	48540	48564	48588	48627	48654	48681	48708	48735	48762	48789	48816	48843	48870	48897	48937	48974	49011	49048	49085	49122	49159	49196	49233	49266	49299	49332	49365	49398	49431	49464	49497	49537	49574	49611	49648	49685	49722	49759	49796	49827	49854	49881	49908	49935	49962	49989	50016	50043	50070	50097	50149	50198	50247	50296	50345	50394	50424	50448	50472	50496	50520	50544	50568	50592	50616	50640	50664	50688	50737	50774	50811	50848	50885	50922	50959	50996	51027	51054	51081	51108	51135	51162	51189	51216	51243	51270	51297	51324	51348	51372	51396	51420	51444	51468	51492	51516	51540	51564	51588	51637	51674	51711	51748	51785	51822	51859	51896	51933	51966	51999	52032	52065	52098	52131	52164	52197	52259	52318	52377	52436	52495	52517	52534	52551	52568	52585	52602	52619	52636	52653	52670	52687	52704	52721	52738	52755	52772	52789	52859	52918	52977	53036	53095	53137	53174	53211	53248	53285	53322	53359	53396	53459	53518	53577	53636	53695	53733	53766	53799	53832	53865	53898	53931	53964	53997	54027	54054	54081	54108	54135	54162	54189	54216	54243	54270	54297	54374	54448	54522	54596	54627	54654	54681	54708	54735	54762	54789	54816	54843	54870	54897	55049	55198	55237	55274	55311	55348	55385	55422	55459	55496	55574	55648	55722	55796	55827	55854	55881	55908	55935	55962	55989	56016	56043	56070	56097	56399	56499	56598	56697	56733	56766	56799	56832	56865	56898	56931	56964	56997	57049	57098	57147	57196	57245	57294	57359	57418	57477	57536	57595
ORIGIN
26	16	6	27	19	14	27	23	14	4	14	10	2	22	14	14	4	14	3	23	14	14	26	16	14	14	14	7	14	26	7	9	14	9	1	23	14	14	23	4	14	2	27	3	2	14	14	14	14	6	27	18	7	27	20	8	14	14	17	2	23	14	2	26	3	7	23	14	4	25	25	1	25	14	25	27	14	9	9	3	14	1	23	11	4	4	23	14	4	4	4	14	4	5	5	1	14	27	18	7	27	20	20	1	27	20	2	17	20	2	2	14	14	7	14	4	24	15	1	27	16	1	3	26	3	14	14	14	14	2	10	2	23	14	14	14	16	14	27	14	27	14	27	27	4	14	23	27	20	14	14	4	14	14	27	20	20	14	14	14	2	23	6	24	15	4	26	16	8	27	23	26	14	2	23	23	18	14	23	23	12	2	25	14	14	25	1	14	14	14	8	1	14	1	1	20	8	2	2	14	5	4	27	2	14	5	4	14	4	25	8	14	4	23	20	5	1	2	17	17	2	1	3	14	14	14	2	25	2	23	14	3	26	14	1	27	27	11	14	25	25	16	14	8	27	23	14	23	16	14	23	14	14	27	27	16	14	14	14	7	26	23	5	14	16	14	14	26	14	3	3	14	14	24	6	3	23	13	3	23	10	1	14	14	11	1	25	14	14	26	23	23	23	8	26	26	10	2	9	14	2	27	1	1	14	9	27	27	16	5	1	1	7	5	27	20	3	3	14	2	14	5	8	14	13	2	27	14	5	14	23	23	1	7	14	3	14	14	9	3	8	1	23	10	14	14	12	14	26	14	3	3	14	14	14	2	5	26	25	2	14	4	2	14	14	14	23	20	14	14	2	4	2	23	14	4	20	12	4	4	14	23	23	26	14	16	3	14	1	23	10	1	16	16	27	14	14	14	27	10	4	4	11	2	14	26	11	3	23	11	27	14	3	14	14	27	10	14	27	16	23	14	3	14	14	4	8	14	14	1	26	14	7	11	14	14	23	10	1	14	14	20	23	14	14	27	14	14	5	14	23	3	16	6	27	19	7	27	22	12	12	4	12	14	12	23	16	3	14	3	23	14	14	14	4	3	25	14	14	4	26	14	14	13	9	26	2	11	26	13	4	4	27	14	14	2	11	11	3	1	5	27	18	7	2	14	27	11	14	17	2	22	23	23	11	2	3	23	14	25	24	11	26	14	26	25	14	4	26	14	26	2	1	23	11	7	23	4	27	14	7	14	27	15	14	7	14	23	26	17	7	14	20	3	20	14	14	2	27	14	26	23	12	26	23	14	4	20	15	4	3	3	14	14	3	26	2	12	3	1	23	10	2	14	14	3	14	14	27	15	15	7	14	2	1	26	16	7	27	1	2	4	4	3	9	9	20	1	26	11	3	23	14	3	24	14	4	2	3	14	3	26	14	11	14	14	26	23	10	2	1	12	14	14	20	14	27	14	14	2	26	26	2	14	7	4	19	23	14	14	3	16	16	20	2	14	14	14	27	14	3	24	14	14	3	14	1	26	26	14	2	14	24	26	26	10	1	23	12	2	23	12	27	14	14	14	23	15	1	11	16	6	27	19	10	27	12	14	20	20	20	2	7	16	2	23	14	3	23	14	20	20	4	23	26	14	1	1	26	26	2	3	9	1	23	11	16	23	14	11	14	14	14	11	11	1	11	23	6	27	18	14	27	21	1	14	17	10	22	22	2	11	1	14	3	23	27	27	19	16	25	25	14	7	27	14	14	14	27	9	1	23	24	14	14	13	14	14	14	3	24	14	1	4	12	5	27	18	7	27	20	8	2	17	2	1	23	2	7	23	25
DESTINATION
3	14	17	2	22	3	2	26	3	23	3	14	14	19	16	25	14	25	14	4	9	9	3	14	9	1	1	20	4	14	13	14	4	14	14	27	5	5	1	14	5	27	18	14	27	20	8	2	2	17	2	27	20	2	14	14	25	16	6	14	27	25	27	23	14	23	3	26	14	14	14	14	14	4	14	2	4	14	14	26	16	14	27	15	14	14	27	4	14	14	14	9	14	14	14	23	4	2	27	20	2	14	14	14	2	14	14	6	7	27	27	8	20	23	26	14	2	14	23	18	14	23	23	14	23	25	25	1	25	27	14	14	27	9	8	1	14	1	23	1	23	4	23	23	14	4	27	2	14	5	4	14	4	25	18	7	7	20	20	1	27	7	17	2	14	14	3	14	14	2	7	14	4	24	1	1	27	16	1	27	11	14	14	25	16	14	14	2	10	4	14	14	16	14	14	14	14	27	14	16	14	14	23	27	20	14	14	4	14	14	14	26	14	3	14	14	14	24	6	6	24	14	26	16	16	8	27	14	14	1	25	14	14	26	23	23	23	12	2	14	14	14	25	14	2	27	1	1	14	9	27	1	8	2	2	14	5	4	8	20	3	1	14	2	14	5	8	14	4	23	23	5	1	2	17	23	1	7	14	3	14	14	9	1	12	23	14	3	26	14	1	27	26	14	3	3	14	14	14	2	27	23	14	23	16	14	23	2	14	14	23	14	20	14	2	7	26	26	5	14	16	14	14	4	7	14	23	26	14	16	3	3	23	13	3	23	10	1	14	14	14	14	27	14	10	4	11	2	23	8	26	26	10	2	9	27	14	3	14	27	10	14	27	16	16	5	1	7	5	5	27	14	14	1	26	14	7	11	14	14	2	27	27	14	5	14	23	3	14	27	14	14	14	14	23	3	8	1	23	14	14	14	12	14	4	3	12	14	1	12	23	16	26	25	25	2	14	4	2	14	1	25	14	4	26	14	14	4	2	23	14	4	20	12	4	4	27	14	14	2	2	11	3	1	1	23	10	1	14	16	27	14	14	17	2	22	23	2	2	11	11	14	11	3	11	27	14	26	25	14	4	26	5	26	14	26	14	3	3	14	14	4	8	7	14	14	27	15	14	7	14	14	23	10	1	14	20	20	23	14	14	2	27	20	14	26	23	12	16	6	27	19	7	7	12	22	14	3	26	14	2	12	3	3	3	14	3	23	14	4	3	14	14	27	15	13	7	14	2	26	13	26	2	11	26	13	4	1	3	9	20	1	11	26	11	5	5	27	18	5	14	27	11	3	3	26	14	11	14	14	26	23	3	3	23	14	24	11	26	14	27	14	14	2	26	26	2	1	23	11	11	23	4	27	23	3	16	20	2	23	14	14	14	26	17	17	7	14	3	20	26	1	26	14	2	26	14	24	26	2	23	14	4	20	15	4	3	3	14	14	23	11	15	1	11	1	23	2	2	14	14	3	14	20	20	14	22	7	16	2	26	16	16	7	27	2	4	4	23	26	14	1	26	1	26	2	23	14	14	3	24	4	2	3	3	14	14	27	11	14	1	11	23	10	10	2	1	14	14	20	14	17	2	22	14	2	11	1	14	7	7	27	23	14	14	27	25	14	5	26	14	14	14	27	14	3	24	24	14	3	14	26	14	14	27	20	14	1	4	12	10	1	1	12	12	23	12	27	17	2	27	16	2	7	23	16	6	14	19	19	27	12	14	25	14	4	2	23	22	14	14	14	3	20	2	20	20	4	23	14	14	27	1	9	26	7	9	1	9	14	1	16	23	14	11	14	2	27	20	2	14	14	14	6	27	14	27	27	21	1	14
DUE_DATE
0	30427	30476	30045	29554	30623	29652	30247	30296	30345	29854	31643	30972	29987	30556	30585	30614	30103	31152	30701	30730	30219	30788	30300	30342	32124	31446	31008	30510	31092	30587	30616	31665	31214	31243	30732	31781	30790	31359	31388	31427	31456	30945	30974	32023	32052	31061	31630	31659	31148	32199	31740	31221	31242	31803	31284	31845	33066	33087	33108	32409	31950	33171	32472	33247	31556	31605	32674	32243	31752	31785	32352	31839	33606	33633	31920	33687	32994	33021	33768	33795	32622	32106	32130	33174	32718	32742	32766	32250	34014	34038	32862	33366	32935	33452	34209	33526	33083	32580	32617	33674	33737	33316	32835	33434	34693	34717	32996	34035	33574	34793	34092	34831	33650	33129	34888	34187	33726	33205	33224	33243	33317	35116	35175	33494	34573	34605	34632	35379	34686	34233	33720	35487	34794	34341	34368	34395	33891	33924	35697	35730	34023	35076	35109	35862	35175	34714	34730	35226	34222	34778	34794	34810	34286	36042	36058	34334	35370	35386	36122	36138	35434	34970	34446	35511	35064	34557	35130	34623	35196	35709	34722	36495	36540	36582	35904	36666	35988	36750	35592	35091	36144	35697	35190	35223	35796	35289	37062	37095	37125	36432	36459	36486	37233	35520	36087	35574	35601	36648	36195	35695	36272	37509	37546	36383	35880	36937	36974	37731	37044	36057	36630	36123	37176	37209	36762	36795	36821	36304	38067	38090	36373	37416	36959	38182	37485	38228	37051	36534	36557	37601	37624	37167	36650	36673	37236	36719	38482	38505	37808	37831	38574	37877	37425	36912	38679	37986	37533	37020	37047	37614	37101	38868	38895	37177	38216	38235	38974	38273	37812	37831	38330	37869	37348	37367	37926	37405	37424	39183	39247	38576	38625	39394	38723	39492	38357	37876	38955	38534	38053	38647	38696	38205	39274	39323	40092	40125	39432	38979	40206	39513	40260	38547	38574	39621	39168	38655	38681	39244	38727	40490	40513	40536	39839	39862	39885	40628	38911	39474	38957	39997	38996	39555	39574	39053	40812	40831	39650	40149	39688	40187	40206	40945	39764	39243	39300	40362	40404	39966	39468	40050	41292	41327	39616	40665	40214	41443	40752	41501	40330	39819	40868	40927	40496	40005	40054	40103	40692	41211	41964	41997	40830	41343	41376	42129	41442	40455	40495	42272	41589	41146	40643	40680	41257	40754	42540	42582	41904	41466	42708	42030	41592	41100	42162	41724	41226	41268	41850	41892	43147	43196	43245	41554	42623	42672	42711	43464	42777	42330	42843	42396	41889	41922	41955	42521	42004	43047	43790	43813	43116	42659	43882	43185	43928	42211	42234	43277	42847	42356	42945	42454	42503	44292	44397	44496	43875	43440	43962	44004	44766	43068	43110	44172	43797	43896	43995	43481	45244	45267	44570	44113	43596	44639	45382	44685	44228	43711	44754	44777	44335	43832	44409	43906	44483	45720	45757	45074	44647	44156	45945	45274	46043	45372	45477	45096	44655	44717	45796	44835	45434	46693	45557	45076	45135	46214	46993	47097	46476	47295	46611	46164	45657	46710	45723	45756	46329	47562	47595	46435	46472	45969	47026	47783	47820	47137	46694	46195	47252	46809	46306	46883	47400	48157	48194	47537	47116	46635	48434	48493	47827	47876	47445	46954	48023	48072	47095	47672	47169	48946	48983	47820	47317	48374	48399	49140	49161	47982	47463	47484	49245	48066	47547	48108	49329	49350	48651	48192	47757	48876	49695	49015	48032	49089	48646	48683	48180	48757	48254	48835	50072	50109	50146	49463	49020	49537	50294	49627	49196	48705	48754	49823	49392	50622	48906	49470	50694	49518	50022	49566	49050	50814	50838	50142	49146	50205	50232	49779	49266	49293	49860	49347	49914	51141	50448	49995	49495	51272	50589	51346	51383	50700	50257	49754	50811	49824	49857	50430	51663	51696	50529	50562	51795	51115	51152	51909	50206	51983	51300	50857	50354	50925	50412	50979	52206	52233	50520	51567	51114	51621	52368	52395	51247	51776	51345	50854	51923	51492	50982	51546	52050	52794	52818	52122	51666	51150	52914	52218	52962	51246	52315	51872	51369	51406	51983	51480	53257	53294	53325	52632	52179	52686	53433	52740	51747	52794	52341	52368	51855	52422	52446	53670	53694	51978	53742	53046	53790	53094	53838	52122	52686	52195	53252	52809	52846	52883	52920	54157	54194	52491	53544	53097	54330	53643	53676	52689	52722	53775	53837	53416	52935	53534	53053	53615	54832	54129	53666	53143	54900	54917	54214	53211	54968	54265	53802	53279	53296	53313	53870	55087	55157	54496	54075	55334	54673	55435	54752	54309	55546	53843	54900	54457	54494	54017	54616	55875	55934	54253	55311	54864	56097	55410	56163	54996	54489	55542	55095	54585	54612	55179	55206	56433	56460	55767	55794	55341	55848	56595	56672	55006	56100	55694	55185	55212	55779	55266	57033	57060	57087	56394	55941	56448	57195	56627	57496	57535	57572	55869	55906	56963	57720	57037	57794	57872	57226	56820	56894	58125	57432	58179	58206	58233	58260	57567	58314	58341	57648	58395	58697	57597	57156	57255	58311	58344	59097	58410	59163	59196	59229	58062	58095	57607	59396	58725	59494	58823	58392	57917	58996	59775	59834	59173
TRANSPORT_MODE
0	2	2	1	1	2	0	0	0	2	1	1	1	0	0	0	2	2	1	1	1	0	0	0	2	2	1	1	2	0	0	0	2	1	1	1	1	0	0	0	0	2	2	1	1	2	0	0	2	1	1	1	1	0	0	0	0	3	3	1	1	1	0	0	0	0	2	2	1	1	0	0	0	3	3	1	1	1	0	0	0	2	2	1	1	1	0	0	0	3	3	1	1	1	0	0	0	0	2	2	1	1	1	0	0	3	3	1	1	1	0	0	0	0	1	2	2	1	1	0	0	0	3	3	1	1	0	0	0	0	2	2	1	1	1	0	0	0	1	3	3	1	1	0	0	0	2	2	1	1	1	0	0	0	3	3	1	1	1	0	0	0	2	2	1	1	1	0	0	0	0	1	3	3	1	1	0	0	0	1	2	2	1	0	0	0	1	3	3	1	1	0	0	0	0	1	2	2	1	1	0	0	3	3	1	1	1	0	0	0	0	1	2	2	1	1	0	0	0	3	3	1	1	1	0	0	0	0	1	2	2	1	1	0	0	0	1	3	3	1	0	0	0	1	2	2	1	1	0	0	0	1	3	3	1	1	0	0	0	2	2	1	1	1	0	0	0	1	3	3	1	1	0	0	0	2	2	1	1	1	0	0	0	0	1	3	3	1	1	0	0	0	1	2	2	1	0	0	0	1	3	3	1	1	0	0	0	0	1	2	2	1	1	0	0	3	3	1	1	1	0	0	0	0	1	2	2	1	1	0	0	3	3	1	1	1	0	0	0	0	1	2	2	1	1	0	0	0	1	3	3	1	0	0	0	0	1	2	2	1	1	0	0	0	1	3	3	1	1	0	0	2	2	1	1	1	0	0	0	0	3	3	1	1	1	0	0	0	2	2	1	1	1	0	0	0	1	3	3	1	1	0	0	0	1	0	2	1	1	0	0	0	3	3	1	1	1	0	0	0	1	2	2	1	1	0	0	3	3	1	1	1	0	0	0	0	2	2	1	1	1	0	0	0	3	3	1	1	1	0	0	0	2	2	1	1	0	1	0	0	3	1	1	1	0	0	0	0	2	2	1	1	1	0	0	0	3	3	1	1	2	0	0	2	1	1	1	1	0	0	0	0	3	3	1	1	2	0	0	0	2	1	1	1	1	0	0	0	3	3	1	1	1	0	0	0	2	1	1	3	0	0	0	3	1	1	1	1	0	0	0	0	2	2	1	1	0	0	0	3	3	1	1	1	0	0	0	0	2	2	1	1	3	0	0	3	1	1	1	1	0	0	0	0	2	2	1	1	1	0	0	0	3	1	1	1	0	0	0	2	2	1	1	1	0	0	0	3	3	1	1	0	0	0	0	2	2	1	1	1	0	0	0	3	3	1	1	1	0	0	0	2	2	1	1	1	0	0	0	0	3	3	1	1	1	0	0	0	2	1	1	1	0	0	0	3	3	1	1	1	0	0	0	2	2	1	1	0	0	0	3	3	1	1	1	0	0	0	0	2	2	1	1	1	0	0	3	3	1	1	1	0	0	0	0	2	2	1	1	1	0	0	0	3	1	1	1	0	0	0	2	2	1	1	1	0	0	0	3	3	1	1	0	0	0	0	2	2	1	1	1	0	0	0	3	3	1	1	1	0	0	0	2	2	1	1	1	0	0	0	3	3	1	1	1	0	0	0	2	1	1	1	0	0	0	3	3	1	1	1	0	0	0	0	3	3	1	1	0	0	0	3	3	1	1	1	0	0	0	3	3	1	1	3	0	0	0	3	1	1	1	1	0	0	0	0	3	3	1	1	1	0	0	3	1	1	1	0	0	0	0
PATIENT_WEIGHT
88	96	86	148	119	93	88	148	79	119	86	70	102	140	71	132	68	86	118	66	73	70	87	129	113	45	96	51	105	133	134	88	46	126	109	109	113	56	51	69	97	71	131	85	126	142	140	74	40	106	95	121	144	93	136	121	132	118	148	90	140	75	121	60	113	107	60	103	126	115	45	30	95	145	74	60	36	81	112	126	54	89	80	145	32	150	63	88	53	129	79	128	118	58	34	88	93	88	124	65	39	146	120	43	142	99	115	40	30	137	136	78	63	119	120	96	76	39	123	145	125	134	85	143	93	35	100	117	56	75	123	37	74	90	88	62	122	38	95	86	69	128	58	77	64	49	78	141	49	113	84	92	68	62	90	128	108	82	94	44	52	129	147	127	54	88	73	138	148	121	70	86	67	80	143	98	75	48	138	89	123	136	39	118	54	80	51	68	120	93	110	107	66	107	124	52	48	65	116	81	137	115	123	49	125	100	46	51	53	119	102	99	85	96	67	138	33	116	42	88	30	92	30	43	90	91	109	96	30	51	61	64	54	32	100	99	95	49	115	73	126	116	75	77	118	149	42	117	67	36	143	129	123	30	59	116	67	77	41	102	42	113	149	83	76	110	103	74	109	61	127	91	138	145	108	121	149	59	110	109	108	66	32	102	51	51	52	64	40	37	104	134	104	131	92	104	36	95	105	35	99	44	30	92	42	60	139	110	42	115	132	48	112	144	106	43	82	66	96	99	129	100	32	110	53	67	86	130	73	137	132	125	73	88	105	31	132	90	95	94	62	92	113	126	73	142	80	82	56	58	123	40	119	125	49	61	83	136	47	65	61	53	119	105	65	30	81	44	103	45	37	30	143	89	129	141	75	97	65	96	116	95	50	38	93	109	130	36	95	100	31	118	30	98	100	75	64	118	65	71	140	77	75	135	47	140	81	123	142	60	104	128	143	143	135	114	46	80	37	138	76	42	141	92	121	112	89	110	102	80	136	114	109	58	146	90	107	124	119	149	131	31	64	52	74	132	34	114	120	80	82	60	98	56	131	53	67	68	61	81	30	51	117	132	147	89	95	85	34	41	136	140	83	74	32	131	114	89	94	76	49	105	45	54	47	96	58	62	67	78	112	142	80	59	79	60	129	57	126	33	144	110	141	134	52	32	69	143	56	114	95	41	102	66	133	109	40	130	104	58	86	117	64	105	50	83	86	34	73	141	75	96	135	111	36	50	47	67	149	39	41	41	85	96	30	130	83	32	95	67	70	37	76	48	150	92	91	116	115	87	82	87	115	118	62	61	86	99	123	44	48	87	104	129	52	64	128	59	129	135	144	124	94	75	87	89	58	121	136	69	136	135	38	127	51	123	86	147	86	41	59	92	38	48	37	67	109	127	83	46	121	106	137	59	150	142	57	143	48	109	57	97	61	42	135	66	135	62	63	150	76	65	47	82	58	64	121	30	87	79	59	78	52	103	107	92	86	142	45	127	147	146	142	119	101	108	74	39	124	141	111	70	58	42	149	89	48	134	60	113	107	96	132	36	115	104	105	37	110	150	115	74	141	83	53	129	135	52	87	31	49	115	128	103	56	124	102	50	99	94	125	58	97	52	46	101	66	61	63	112	73	53	97	147	31	119	60	123	119	109	145	123	120	45	77	98	50	57	139	49	123	117	73	135	96	127	35	32	89	71	94	111	122	69	90	57	100	136	31	132	41	77	30	30	93	122	98	108	100	140	58	47	45	100	59	103	48	42	121	119	118	43	69	146	91	46	75	64	144	109	34	143	110	91	132	129	119	127	61	149	150	118	66	93	102	67	141	82	139	124	96
DISTANCE_MATRIX
0	360	318	300	288	276	264	264	150	150	150	60	90	90	162	168	204	228	234	312	360	408	348	318	168	192	168	318
360	60	264	318	324	342	342	342	348	348	354	360	372	378	378	420	420	480	462	498	462	462	384	420	372	420	378	378
318	264	60	270	276	288	288	288	294	294	294	318	318	324	324	414	414	468	462	486	462	462	330	366	366	408	372	324
300	318	270	60	276	288	288	288	288	288	288	300	300	312	318	408	408	468	462	486	438	438	318	360	360	402	360	312
288	324	276	276	60	276	276	276	276	276	276	288	288	300	300	402	396	462	456	480	432	432	300	360	360	402	348	300
276	342	288	288	276	60	180	180	252	258	264	264	264	288	288	390	390	456	450	480	432	432	288	348	348	348	288	288
264	342	288	288	276	180	60	180	246	258	264	264	264	288	288	390	390	456	450	480	432	432	288	348	348	348	288	288
264	342	288	288	276	180	180	60	240	258	264	264	264	288	288	390	390	456	450	480	432	432	288	348	348	348	288	288
150	348	294	288	276	252	246	240	60	120	120	150	126	270	270	378	384	420	438	480	420	408	276	300	300	300	276	270
150	348	294	288	276	258	258	258	120	60	120	150	150	270	270	378	384	420	438	480	420	408	276	300	300	300	276	270
150	354	294	288	276	264	264	264	120	120	60	150	150	270	270	378	384	420	438	480	420	408	276	300	300	300	276	270
60	360	318	300	288	264	264	264	150	150	150	60	90	162	168	228	234	312	360	408	348	318	168	192	192	198	168	162
90	372	318	300	288	264	264	264	150	150	150	90	60	162	168	228	234	312	360	408	348	318	168	192	192	198	168	162
90	378	324	312	300	288	288	288	270	270	270	162	162	60	120	180	180	306	210	360	300	300	120	180	120	180	120	234
162	378	324	318	300	288	288	288	270	270	270	168	168	120	60	180	180	306	210	360	300	300	120	180	120	180	120	120
168	420	414	408	402	348	348	348	300	300	300	228	228	180	180	60	132	204	132	348	258	258	186	60	180	132	222	180
204	420	414	408	396	390	390	390	384	384	384	234	234	180	180	132	60	204	132	348	258	258	186	60	180	132	222	180
228	480	468	468	462	456	456	456	420	420	420	312	312	306	306	204	204	60	198	120	240	240	306	204	306	138	306	306
234	462	462	462	456	450	450	450	438	438	438	360	360	210	210	132	132	198	60	138	132	132	210	132	210	132	210	210
312	498	486	486	480	480	480	480	480	480	480	408	408	360	360	348	348	120	138	60	348	348	360	348	360	348	360	360
360	462	462	438	432	432	432	432	420	420	420	348	348	300	300	258	258	240	132	348	60	60	300	258	300	258	300	300
408	462	462	438	432	432	432	432	408	408	408	318	318	300	300	258	258	240	132	348	60	60	300	258	300	258	300	300
348	384	330	318	300	288	288	288	276	276	276	168	168	120	120	186	186	306	210	360	300	300	60	186	120	186	120	120
318	420	366	360	360	348	348	348	300	300	300	192	192	180	180	60	60	204	132	348	258	258	186	60	180	60	180	180
168	372	300	306	300	288	288	288	270	270	270	168	168	120	120	180	180	306	210	360	300	300	120	180	60	180	120	120
192	420	408	402	402	348	348	348	300	300	300	198	198	180	180	132	132	138	132	348	258	258	186	60	180	60	180	180
168	378	372	360	348	288	288	288	276	276	276	168	168	120	120	222	222	306	210	360	300	300	120	180	120	180	60	120
318	378	324	312	300	288	288	288	270	270	270	162	162	234	120	180	180	306	210	360	300	300	120	180	120	180	120	60
DEPOTS_DISTANCE
234	462	462	462	456	450	450	450	438	438	438	360	360	210	210	132	132	198	60	138	132	132	210	132	210	132	210	210	
348	384	330	318	300	288	288	288	276	276	276	168	168	120	120	186	186	306	210	360	300	300	60	186	120	186	120	120	
318	420	366	360	360	348	348	348	300	300	300	192	192	180	180	60	60	204	132	348	258	258	186	60	180	60	180	180	
LOCATION_TURN_MATRIX
100	130	122	113	112	199	136	122	129	152	173	146	151	136	158	140	176	113	122	167	194	134	110	172	114	184	100	147	
170	100	154	188	164	169	136	136	152	170	104	183	155	115	101	104	155	187	174	115	149	134	178	168	114	135	168	102	
178	146	100	161	178	114	104	165	117	139	126	169	192	109	120	179	160	152	154	134	113	140	154	179	196	196	192	181	
187	112	139	100	158	114	195	181	104	132	195	106	183	169	132	170	140	136	172	148	116	110	123	136	151	120	176	169	
188	136	122	142	100	175	164	159	112	100	167	164	135	191	132	181	104	123	142	156	108	117	193	182	116	147	156	185	
101	131	186	186	125	100	190	147	164	150	137	102	145	176	185	131	113	108	117	186	118	151	140	178	154	189	172	110	
164	164	196	105	136	110	100	186	153	151	183	193	111	157	144	123	188	142	110	163	105	190	166	187	170	171	186	126	
178	164	135	119	141	153	114	100	106	130	108	103	151	178	122	151	130	133	184	177	110	141	166	110	122	174	191	197	
171	148	183	196	188	136	147	194	100	167	100	146	168	129	128	142	172	118	174	147	105	158	156	160	120	106	119	136	
148	130	161	168	200	150	149	170	133	100	177	106	175	116	188	180	176	194	108	146	130	187	183	173	128	141	169	176	
127	196	174	105	133	163	117	192	200	123	100	171	175	140	183	115	104	186	128	153	151	175	100	146	191	117	132	197	
154	117	131	194	136	198	107	197	154	194	129	100	136	184	140	147	172	184	148	131	103	156	185	200	152	158	154	143	
149	145	108	117	165	155	189	149	132	125	125	164	100	140	199	142	101	144	163	185	117	191	200	143	113	165	102	154	
164	185	191	131	109	124	143	122	171	184	160	116	160	100	109	116	196	113	131	186	166	139	183	175	144	161	105	170	
142	199	180	168	168	115	156	178	172	112	117	160	101	191	100	147	177	177	199	158	172	188	164	175	180	168	154	195	
160	196	121	130	119	169	177	149	158	120	185	153	158	184	153	100	152	159	197	157	181	159	102	123	168	200	124	186	
124	145	140	160	196	187	112	170	128	124	196	128	199	104	123	148	100	149	114	112	117	135	105	132	138	180	198	156	
187	113	148	164	177	192	158	167	182	106	114	116	156	187	123	141	151	100	166	132	168	163	159	123	129	173	161	116	
178	126	146	128	158	183	190	116	126	192	172	152	137	169	101	103	186	134	100	184	199	137	130	160	148	113	140	150	
133	185	166	152	144	114	137	123	153	154	147	169	115	114	142	143	188	168	116	100	111	195	128	157	191	164	141	171	
106	151	187	184	192	182	195	190	195	170	149	197	183	134	128	119	183	132	101	189	100	129	151	163	147	166	104	177	
166	166	160	190	183	149	110	159	142	113	125	144	109	161	112	141	165	137	163	105	171	100	101	185	169	129	103	197	
190	122	146	177	107	160	134	134	144	117	200	115	100	117	136	198	195	141	170	172	149	199	100	106	150	116	118	145	
128	132	121	164	118	122	113	190	140	127	154	100	157	125	125	177	168	177	140	143	137	115	194	100	128	167	115	155	
186	186	104	149	184	146	130	178	180	172	109	148	187	156	120	132	162	171	152	109	153	131	150	172	100	155	124	184	
116	165	104	180	153	111	129	126	194	159	183	142	135	139	132	100	120	127	187	136	134	171	184	133	145	100	129	192	
200	132	108	124	144	128	114	109	181	131	168	146	198	195	146	176	102	139	160	159	196	197	182	185	176	171	100	146	
153	198	119	131	115	190	174	103	164	124	103	157	146	130	105	114	144	184	150	129	123	103	155	145	116	108	154	100	
DEPOTS_TO_LOCAL_TURN_MATRIX
178	126	146	128	158	183	190	116	126	192	172	152	137	169	101	103	186	134	100	184	199	137	130	160	148	113	140	150	
190	122	146	177	107	160	134	134	144	117	200	115	100	117	136	198	195	141	170	172	149	199	100	106	150	116	118	145	
128	132	121	164	118	122	113	190	140	127	154	100	157	125	125	177	168	177	140	143	137	115	194	100	128	167	115	155	
LOCAL_TO_DEPOT_TURN_MATRIX
122	174	154	172	142	117	110	184	174	108	128	148	163	131	199	197	114	166	100	116	101	163	170	140	152	187	160	150	
110	178	154	123	193	140	166	166	156	183	100	185	200	183	164	102	105	159	130	128	151	101	100	194	150	184	182	155	
172	168	179	136	182	178	187	110	160	173	146	200	143	175	175	123	132	123	160	157	163	185	106	100	172	133	185	145	

