INDEX_PROBLEM
1
PATIENTS
800
STRETCHERS
16
NUM_ROOM
28
NUM_DEPOT
3
NUM_PRIORITY
4
PRIORITY_LIST
0	1	2	3	4
PRIORITY_WEIGHT
0	1	10	18	30
PRIORITY_JOB
0	1	2	3	3	2	3	2	3	2	3	1	2	4	2	3	3	3	2	2	3	3	2	3	4	1	2	3	3	3	4	4	1	2	3	4	2	3	2	3	4	2	3	4	1	2	2	3	3	3	3	2	2	2	3	3	4	1	1	3	4	1	1	1	1	2	3	3	2	4	3	2	1	1	2	3	1	2	1	1	3	2	3	3	4	1	4	2	1	1	2	3	4	2	1	2	3	2	2	3	4	1	3	2	3	1	2	3	3	1	2	1	2	2	2	3	1	2	3	4	3	3	1	1	3	1	1	2	2	2	3	4	1	4	3	3	1	2	1	1	3	3	1	2	4	1	2	3	2	4	2	3	1	2	1	1	3	4	2	1	2	1	2	3	3	3	2	3	3	2	2	1	1	3	1	2	1	1	2	3	3	4	3	3	4	2	1	1	2	1	2	1	4	3	1	2	3	3	3	2	4	1	1	2	2	1	2	1	3	3	4	2	2	3	3	4	2	1	1	2	4	1	2	2	1	3	3	2	2	3	3	3	4	1	2	1	1	1	1	2	3	3	2	2	3	3	3	3	1	2	1	1	3	1	1	2	3	4	2	2	3	4	2	3	1	4	2	1	1	3	2	1	3	4	1	2	3	3	2	3	2	3	2	1	1	2	1	2	1	3	3	1	2	3	4	3	3	3	2	1	1	2	1	2	1	3	4	1	2	3	4	3	2	3	2	1	1	2	1	2	1	3	4	2	3	3	3	3	2	4	1	1	1	2	1	2	2	3	3	4	2	2	3	3	4	3	1	2	1	1	1	1	1	3	3	2	2	3	4	3	3	2	1	2	3	1	1	1	1	3	4	2	2	3	2	3	3	2	4	2	1	1	3	1	1	2	3	4	1	2	3	4	2	3	3	2	2	1	1	2	1	1	3	4	1	2	3	3	4	3	3	2	1	1	2	1	2	1	3	1	2	3	3	3	2	4	2	1	1	2	1	2	1	3	3	2	3	3	4	3	4	2	1	2	1	1	3	2	1	2	3	4	2	2	3	1	3	3	4	2	3	1	1	1	2	1	3	4	2	2	3	3	3	2	1	2	1	1	3	2	1	1	3	2	2	3	4	3	3	2	2	3	1	1	3	2	1	1	4	1	2	3	4	3	3	4	2	2	2	1	1	3	2	1	2	1	2	3	3	3	3	4	2	2	1	1	3	1	2	1	1	2	3	3	4	3	2	3	2	1	1	2	3	1	2	1	4	2	3	3	1	3	2	3	2	1	1	3	4	1	2	2	3	2	2	3	1	2	4	3	3	3	3	1	1	1	2	1	2	2	3	4	1	3	4	2	2	3	1	1	3	2	1	1	2	2	3	4	2	3	3	2	3	1	1	3	4	2	1	1	1	2	3	2	2	3	3	4	2	3	1	1	4	1	1	2	1	2	3	3	2	3	3	3	2	1	1	3	1	2	1	1	2	3	3	2	2	2	3	1	1	3	4	2	2	1	1	3	3	3	4	1	2	2	3	3	1	1	3	4	2	2	2	1	2	3	1	2	3	4	3	3	1	3	2	2	1	2	1	2	3	1	2	3	3	3	4	2	1	1	4	2	2	1	1	3	1	2	3	3	3	4	2	2	1	1	4	1	2	1	1	3	4	2	2	3	3	3	2	2	1	1	1	2	3	1	2	1	3	2	2	1	3	3	4	1	3	1	2	3	1	2	1	1	1	3	2	1	2	1	1	1	1	2	3	4	2	1	2	1	1	1	2	1	1	1	2	1	3	3	4	1	1	1	2	1	1	1	2	3	4	1	2	1	2	2	3	1	2	1	2
TIME_ASKED
0	28849	28898	28947	28996	29045	29094	29149	29198	29247	29296	29345	29394	29429	29458	29487	29516	29545	29574	29603	29632	29661	29690	29742	29784	29826	29868	29910	29952	29994	30029	30058	30087	30116	30145	30174	30203	30232	30261	30290	30329	30358	30387	30416	30445	30474	30503	30532	30561	30590	30621	30642	30663	30684	30705	30726	30747	30768	30789	30810	30831	30852	30873	30894	30949	30998	31047	31096	31145	31194	31227	31254	31281	31308	31335	31362	31389	31416	31443	31470	31497	31524	31548	31572	31596	31620	31644	31668	31692	31716	31740	31764	31788	31837	31874	31911	31948	31985	32022	32059	32096	32159	32218	32277	32336	32395	32419	32438	32457	32476	32495	32514	32533	32552	32571	32590	32609	32628	32647	32666	32685	32759	32818	32877	32936	32995	33027	33054	33081	33108	33135	33162	33189	33216	33243	33270	33297	33333	33366	33399	33432	33465	33498	33531	33564	33597	33616	33632	33648	33664	33680	33696	33712	33728	33744	33760	33776	33792	33808	33824	33840	33856	33872	33888	33933	33966	33999	34032	34065	34098	34131	34164	34197	34242	34284	34326	34368	34410	34452	34494	34533	34566	34599	34632	34665	34698	34731	34764	34797	34827	34854	34881	34908	34935	34962	34989	35016	35043	35070	35097	35137	35174	35211	35248	35285	35322	35359	35396	35433	35466	35499	35532	35565	35598	35631	35664	35697	35723	35746	35769	35792	35815	35838	35861	35884	35907	35930	35953	35976	35999	36023	36046	36069	36092	36115	36138	36161	36184	36207	36230	36253	36276	36299	36327	36354	36381	36408	36435	36462	36489	36516	36543	36570	36597	36619	36638	36657	36676	36695	36714	36733	36752	36771	36790	36809	36828	36847	36866	36885	36949	36998	37047	37096	37145	37194	37259	37318	37377	37436	37495	37549	37598	37647	37696	37745	37794	37827	37854	37881	37908	37935	37962	37989	38016	38043	38070	38097	38123	38146	38169	38192	38215	38238	38261	38284	38307	38330	38353	38376	38399	38419	38438	38457	38476	38495	38514	38533	38552	38571	38590	38609	38628	38647	38666	38685	38742	38784	38826	38868	38910	38952	38994	39029	39058	39087	39116	39145	39174	39203	39232	39261	39290	39349	39398	39447	39496	39545	39594	39633	39666	39699	39732	39765	39798	39831	39864	39897	39937	39974	40011	40048	40085	40122	40159	40196	40242	40284	40326	40368	40410	40452	40494	40542	40584	40626	40668	40710	40752	40794	40849	40898	40947	40996	41045	41094	41133	41166	41199	41232	41265	41298	41331	41364	41397	41423	41446	41469	41492	41515	41538	41561	41584	41607	41630	41653	41676	41699	41749	41798	41847	41896	41945	41994	42099	42198	42297	42342	42384	42426	42468	42510	42552	42594	42699	42798	42897	42923	42946	42969	42992	43015	43038	43061	43084	43107	43130	43153	43176	43199	43237	43274	43311	43348	43385	43422	43459	43496	43549	43598	43647	43696	43745	43794	43899	43998	44097	44159	44218	44277	44336	44395	44459	44518	44577	44636	44695	44799	44898	44997	45033	45066	45099	45132	45165	45198	45231	45264	45297	45337	45374	45411	45448	45485	45522	45559	45596	45637	45674	45711	45748	45785	45822	45859	45896	45959	46018	46077	46136	46195	46249	46298	46347	46396	46445	46494	46537	46574	46611	46648	46685	46722	46759	46796	46821	46842	46863	46884	46905	46926	46947	46968	46989	47010	47031	47052	47073	47094	47199	47298	47397	47437	47474	47511	47548	47585	47622	47659	47696	47737	47774	47811	47848	47885	47922	47959	47996	48049	48098	48147	48196	48245	48294	48324	48348	48372	48396	48420	48444	48468	48492	48516	48540	48564	48588	48627	48654	48681	48708	48735	48762	48789	48816	48843	48870	48897	48937	48974	49011	49048	49085	49122	49159	49196	49233	49266	49299	49332	49365	49398	49431	49464	49497	49537	49574	49611	49648	49685	49722	49759	49796	49827	49854	49881	49908	49935	49962	49989	50016	50043	50070	50097	50149	50198	50247	50296	50345	50394	50424	50448	50472	50496	50520	50544	50568	50592	50616	50640	50664	50688	50737	50774	50811	50848	50885	50922	50959	50996	51027	51054	51081	51108	51135	51162	51189	51216	51243	51270	51297	51324	51348	51372	51396	51420	51444	51468	51492	51516	51540	51564	51588	51637	51674	51711	51748	51785	51822	51859	51896	51933	51966	51999	52032	52065	52098	52131	52164	52197	52259	52318	52377	52436	52495	52517	52534	52551	52568	52585	52602	52619	52636	52653	52670	52687	52704	52721	52738	52755	52772	52789	52859	52918	52977	53036	53095	53137	53174	53211	53248	53285	53322	53359	53396	53459	53518	53577	53636	53695	53733	53766	53799	53832	53865	53898	53931	53964	53997	54027	54054	54081	54108	54135	54162	54189	54216	54243	54270	54297	54374	54448	54522	54596	54627	54654	54681	54708	54735	54762	54789	54816	54843	54870	54897	55049	55198	55237	55274	55311	55348	55385	55422	55459	55496	55574	55648	55722	55796	55827	55854	55881	55908	55935	55962	55989	56016	56043	56070	56097	56399	56499	56598	56697	56733	56766	56799	56832	56865	56898	56931	56964	56997	57049	57098	57147	57196	57245	57294	57359	57418	57477	57536	57595
ORIGIN
26	16	6	27	19	25	27	23	25	14	14	10	2	16	14	14	23	14	3	23	14	4	26	16	14	14	14	7	27	27	7	23	23	9	1	23	14	14	23	13	11	2	27	3	24	14	14	14	8	6	27	18	7	27	20	8	18	14	17	2	23	23	2	26	14	18	23	14	4	25	25	1	1	25	1	27	14	14	3	14	14	1	23	11	2	23	14	2	2	27	23	14	14	5	1	7	7	27	18	7	27	2	20	1	1	17	17	2	12	2	14	14	27	27	14	4	24	15	4	27	16	14	27	3	3	14	14	14	2	23	10	2	23	12	14	23	16	14	27	15	15	27	16	14	16	2	23	27	20	14	14	23	13	14	27	20	20	20	14	14	14	14	6	24	15	4	26	16	1	14	15	26	14	14	14	18	14	14	3	23	12	2	27	14	3	26	27	14	14	11	8	1	14	1	1	20	8	2	14	14	1	27	27	2	14	5	4	27	14	5	1	14	4	23	16	5	14	23	17	17	1	14	3	14	14	14	14	12	2	23	14	3	23	14	14	27	11	14	23	25	14	3	3	8	27	23	14	1	14	12	14	14	14	16	16	10	14	27	23	7	26	16	5	14	16	7	8	26	14	14	14	14	10	27	3	3	23	13	3	23	10	4	27	11	14	1	25	14	3	14	2	2	23	8	1	26	10	2	2	26	14	2	27	5	14	11	14	27	16	5	1	1	7	27	26	1	20	14	14	14	2	20	14	14	13	2	27	14	5	20	20	23	23	7	7	14	3	14	23	12	8	1	23	10	2	14	12	2	26	14	14	3	14	14	14	8	5	26	25	2	14	4	14	14	14	14	14	23	14	2	14	4	2	23	14	4	20	20	23	14	4	7	23	23	26	14	11	2	1	23	10	1	23	12	7	11	14	14	27	14	14	4	11	27	26	16	6	3	14	14	27	10	14	3	3	14	27	10	4	26	23	14	3	16	14	4	7	14	14	26	26	14	7	26	3	23	23	10	1	3	11	2	14	14	14	27	27	14	27	11	11	20	16	6	27	19	7	27	22	10	3	17	14	14	26	12	12	3	14	3	23	14	14	14	11	3	25	14	25	16	26	14	2	13	9	26	23	11	2	13	23	1	27	14	14	14	20	14	8	1	5	27	18	7	27	20	12	14	14	2	22	22	23	2	2	26	3	23	14	4	24	14	26	25	25	14	4	26	2	26	12	2	1	23	11	2	1	12	14	14	14	14	27	15	14	7	27	23	26	17	7	27	20	3	14	14	2	14	27	20	2	14	14	26	23	14	4	24	15	4	14	3	14	3	26	14	2	2	23	1	23	10	2	23	12	2	14	14	14	27	15	14	14	11	14	26	16	7	27	20	27	23	27	3	9	20	20	2	14	26	16	23	14	3	24	14	4	11	8	3	26	14	14	14	14	14	8	23	10	2	23	12	2	1	14	27	14	14	27	27	11	24	1	14	7	27	19	8	14	3	16	20	23	20	14	23	27	27	23	14	3	24	14	4	14	14	1	26	14	2	26	26	14	12	14	10	1	23	12	2	23	14	14	14	14	27	11	14	23	8	16	6	27	19	7	27	22	2	20	20	2	2	14	14	16	11	14	3	23	14	4	20	23	23	26	14	1	1	14	14	4	13	9	1	23	11	2	23	4	16	14	14	27	27	11	14	1	3	6	27	18	14	27	21	8	17	14	10	2	23	2	19	24	14	3	23	14	14	25	16	12	12	25	7	27	26	14	14	27	9	1	23	11	4	23	13	27	7	14	3	24	14	14	1	14	5	27	18	7	27	20	8	1	17	17	1	23	2	7	14	14
DESTINATION
3	14	17	2	22	14	2	26	14	3	3	14	14	14	25	16	1	25	14	4	9	14	3	14	9	1	1	20	2	23	13	27	27	14	14	27	5	5	1	7	12	27	18	14	2	20	8	1	14	17	2	27	20	2	14	14	27	16	6	14	27	1	27	23	25	27	3	26	14	14	14	14	23	14	23	2	16	4	26	16	16	14	27	15	14	27	16	14	27	23	27	9	26	14	23	13	13	2	27	20	2	24	14	14	14	6	6	27	11	27	20	8	18	18	26	14	2	14	14	18	14	3	18	23	23	25	25	1	14	27	14	14	27	11	8	1	14	1	23	11	11	2	14	2	14	27	27	2	14	5	4	27	7	5	18	7	7	7	20	1	1	1	17	2	14	14	3	14	14	20	14	14	4	4	4	27	16	16	14	27	11	14	23	25	14	3	23	10	2	12	14	23	16	14	14	14	14	27	16	16	14	2	23	27	20	14	14	23	10	14	23	26	14	3	14	14	10	27	6	6	14	4	26	16	1	1	15	11	14	1	25	14	3	26	2	23	12	2	27	14	3	26	26	14	2	27	5	14	25	11	20	8	8	14	14	14	1	2	1	20	3	14	14	2	14	20	14	14	4	4	16	5	14	23	23	23	1	7	14	3	14	14	23	12	2	23	14	3	23	5	14	14	26	14	14	3	14	14	14	3	8	27	23	14	1	12	1	2	14	14	23	14	20	2	14	23	7	16	16	5	14	7	8	4	7	14	23	26	14	7	11	3	3	13	13	3	23	4	27	11	14	14	27	14	14	4	11	27	23	8	1	26	10	10	2	14	14	3	14	27	10	14	4	16	16	16	5	1	1	27	26	14	14	1	26	14	7	7	3	2	14	13	27	27	14	5	20	14	14	27	14	14	27	11	20	12	8	1	23	10	2	14	12	2	3	14	17	14	26	8	2	14	8	26	26	25	2	14	14	3	1	25	14	16	26	14	13	4	2	14	14	4	20	14	23	1	27	14	14	14	20	14	8	1	1	23	23	1	23	12	12	14	14	17	2	22	23	2	2	14	26	6	16	3	14	11	11	26	25	14	4	26	2	26	12	26	14	3	14	16	14	26	14	7	14	14	27	15	14	7	27	23	23	10	1	3	11	2	14	14	14	2	27	20	2	14	11	20	16	27	19	19	7	27	22	3	14	3	26	14	2	2	3	14	14	3	23	14	14	14	11	14	14	27	15	14	14	11	2	9	26	26	23	11	2	13	23	27	3	9	20	2	14	26	16	5	27	8	18	7	27	20	8	3	3	26	14	2	14	14	8	26	3	23	14	4	24	14	1	14	27	14	14	27	11	24	1	2	1	23	11	2	1	12	4	3	16	20	2	14	23	27	23	26	17	7	7	27	20	3	14	1	26	14	2	26	14	12	14	26	14	4	4	15	15	4	14	27	14	14	27	11	14	23	1	23	10	10	23	23	12	2	14	20	20	2	22	14	16	26	16	7	27	7	20	27	23	23	27	26	14	1	26	14	4	16	23	14	3	24	14	14	4	11	8	14	14	27	11	14	1	3	10	10	2	23	12	2	1	14	14	17	2	22	23	2	19	24	14	7	27	27	8	8	14	12	25	14	5	26	14	14	27	27	14	3	24	24	4	4	14	7	14	14	27	20	14	1	14	14	10	1	23	23	12	2	23	14	17	2	27	16	2	7	14	6	8	14	14	7	27	22	2	25	14	4	2	16	14	14	11	11	14	20	2	14	4	20	23	14	14	27	15	14	27	7	23	13	1	14	1	2	2	23	4	14	2	27	20	2	14	14	14	6	6	14	27	27	21	8	8
DUE_DATE
0	31147	30476	30045	30094	30623	30192	30727	30296	30825	30394	31643	30972	29987	31036	30585	30614	30643	31152	31181	30730	30759	31268	30840	30342	32124	31446	31008	31050	31092	30587	30616	32385	31694	31243	30732	31781	31330	31839	31388	30887	31936	31485	30974	32743	32052	32081	31630	31659	31688	31719	32220	32241	32262	31803	31824	31305	33066	33087	31908	31389	33150	33171	33192	33247	32576	32145	32194	32723	31752	32325	32832	33579	33606	32913	32460	33687	32994	33741	33768	32595	33102	32646	32670	32154	33918	32202	33246	33990	34014	33318	32862	32346	33415	34172	33489	33046	33563	33600	33157	32654	34457	33316	33855	33434	34693	33997	33536	33555	34774	34073	34812	34111	34130	34149	33688	34907	34206	33745	33224	33783	33857	35116	35175	34034	35293	35325	34632	34659	34686	34233	33720	35487	33774	34341	34368	35595	34911	35664	35697	34530	34563	35796	35109	34122	35895	35194	34730	35226	34222	35258	34794	36010	35306	36042	36058	34874	34350	35386	36122	35418	36154	35450	34986	35031	35064	35577	35130	35163	35676	35709	36462	36495	35340	36582	35904	36666	36708	36030	35592	35631	35124	35697	35730	35223	36276	37029	37062	36375	37125	36432	37179	35466	36033	37260	36567	36114	36141	36168	36675	35695	37472	37509	36826	36863	37620	36937	37694	36531	36564	36057	37110	37143	36696	36729	36222	37275	38021	38044	37347	36350	38113	37416	37439	38182	37005	37028	37531	37554	37097	37121	37144	36627	38390	37693	38436	38459	38482	38505	37808	37351	37374	37877	37905	37452	37479	37506	37533	38760	38067	38814	38841	37668	38895	38917	38216	37755	37234	38273	38292	37831	37310	38349	37888	39107	37386	38425	39164	39183	38047	38576	39345	38194	37703	39492	38837	38416	38475	39014	38593	39127	38696	39225	39994	40043	39372	40125	39432	40179	39006	39033	40260	39567	39114	38601	39168	39195	39221	39724	40467	40490	39793	40536	39839	40582	39405	38888	40651	39954	39497	38977	39536	40035	39574	40073	40812	40831	40130	40869	40168	40907	39726	39205	40244	39783	39840	39882	39924	40446	39468	41250	41292	41327	40636	41385	40694	40723	40272	40301	39790	40839	40868	40447	40496	40005	40594	41843	41172	41931	41964	41997	42030	42063	40896	40929	41442	41475	41035	40532	41109	41146	41663	42420	41737	41294	42540	42582	42624	42666	41508	41010	42072	42120	41682	42204	41766	41808	42330	41352	42427	43196	43245	42094	43343	43392	42711	42264	41757	43530	42843	42396	41889	42942	42495	42521	43024	43047	43790	43813	43116	43859	43882	42705	42188	43951	43254	42797	42847	42356	42945	42994	43523	44292	44397	43776	44595	43920	44682	43524	44766	44088	43650	43692	43797	44376	43455	44501	45244	45267	44570	45313	44616	45359	44182	44205	44708	44251	44274	43757	44335	43832	44889	45646	44963	45720	45757	44594	45127	45896	45225	44794	44303	45372	45477	45096	46395	45257	45316	44835	45914	45493	46757	46816	46875	46214	46993	45897	45456	46575	46611	46164	46197	46230	46743	47496	46809	47562	47595	46435	46952	47709	47746	46583	47100	47137	46694	46195	46772	46809	47326	47363	46920	48157	48194	47057	47596	48375	48434	46753	48547	47876	47445	46954	47543	47592	47095	48152	48189	48226	48983	49020	47857	48374	49119	48420	49161	48462	48003	48024	48045	48066	47547	48588	48609	49350	49371	48192	49497	48876	49695	49735	49052	48609	48646	48143	48720	49237	48794	49315	50072	50109	49426	48983	50220	49537	50294	48607	49676	49245	49294	50543	49392	49902	49446	49950	50694	50718	49542	49026	50790	50094	50118	49662	50166	50205	49752	50979	50286	49293	49860	49887	49914	49941	51168	51195	51235	50552	51309	50626	50663	50220	49717	51494	50331	49824	50877	50910	50463	51696	51729	50562	51075	51835	51872	51189	51226	50783	50280	51337	50894	50925	51432	50979	52206	52233	51060	50547	51594	52341	52368	52395	51727	51296	51825	51874	51443	51492	50982	52026	51570	52794	52818	51102	52866	52890	52194	52938	52242	51786	51835	52352	51909	51946	51983	52500	53257	53294	52125	53352	52659	53406	53433	52740	52287	52314	52821	52848	52875	52422	53646	53670	52494	51978	53022	53046	53790	53814	52638	52662	52686	52195	53972	53289	53326	52883	52920	54157	54194	53031	52524	53577	53610	53643	54396	53709	53262	54495	53837	53416	52935	53534	53593	54815	53632	54129	54146	54883	54180	54917	54214	53751	54968	54265	53802	53819	53836	53313	54350	55087	55157	53476	54555	54614	55393	55435	54272	55509	54826	54383	54420	54457	53954	55037	55096	55875	55934	54253	56031	55344	56097	56130	54963	54456	55509	55542	55095	55125	55152	55659	55686	56433	56460	56487	55794	55341	56568	55875	56672	55546	56100	56174	56925	55752	55779	55266	57033	55860	57087	56394	55941	57168	56475	57347	57496	57535	56372	56889	57646	56963	57720	57757	57794	57872	57226	56820	56354	57405	58152	57459	58206	58233	58260	57567	58314	58341	58368	57675	58697	57597	57696	57255	59031	59064	59097	58410	59163	59196	59229	58542	58095	57607	59396	58725	59494	58823	58872	58457	59716	59055	59834	59173
TRANSPORT_MODE
0	2	2	1	1	2	0	0	0	2	1	1	1	0	0	0	2	2	1	1	1	0	0	0	2	2	1	1	2	0	0	0	2	1	1	1	1	0	0	0	0	2	2	1	1	1	0	0	0	2	1	1	1	0	0	0	0	3	3	1	1	1	0	0	0	2	2	1	1	0	0	0	3	3	1	1	1	0	0	0	0	1	2	2	1	1	0	0	3	3	1	1	1	0	0	0	0	1	2	2	1	1	0	0	0	3	1	1	1	0	0	0	0	1	2	2	1	1	0	0	0	1	3	3	1	0	0	0	1	2	2	1	1	0	0	0	0	1	3	3	1	1	0	0	1	2	2	1	1	0	0	0	0	1	3	3	1	1	0	0	0	1	2	1	1	0	0	0	0	1	1	3	3	1	0	0	0	1	1	2	2	0	0	0	1	1	3	3	1	0	0	0	0	1	1	2	2	1	0	0	1	3	3	1	1	0	0	0	0	1	1	2	2	1	0	0	0	1	3	1	1	0	0	0	0	1	1	2	2	1	0	0	0	1	1	3	3	0	0	0	1	1	2	2	1	0	0	0	1	1	3	3	1	0	0	0	1	1	2	2	1	0	0	0	0	1	1	3	3	1	0	0	1	1	2	2	1	0	0	0	0	1	1	3	3	1	0	0	0	0	1	1	2	2	0	0	0	1	1	3	3	1	0	0	0	1	1	1	2	2	0	0	0	1	1	3	3	1	0	0	0	1	1	2	2	1	0	0	0	1	1	3	3	1	0	0	0	0	1	1	1	2	2	0	0	0	1	1	3	3	0	0	0	1	1	2	1	2	0	0	0	0	1	1	1	3	3	0	0	1	1	2	2	1	0	0	0	0	1	1	3	3	1	0	0	0	1	1	2	2	1	0	0	0	1	1	1	3	3	0	0	0	0	1	1	2	2	0	0	0	1	1	3	3	1	0	0	0	1	1	1	2	2	0	0	1	1	3	3	1	0	0	0	0	1	1	2	2	1	0	0	0	1	1	3	3	1	0	0	0	0	1	1	1	2	2	0	0	0	1	1	3	3	0	0	0	1	1	2	2	1	0	0	0	1	1	3	3	1	0	0	0	1	1	2	2	1	0	0	0	1	1	3	3	1	0	0	0	1	1	2	2	1	0	0	0	0	1	1	3	3	1	0	0	0	1	1	2	2	0	0	0	1	1	3	3	1	0	0	0	1	1	2	2	1	0	0	0	1	3	3	1	1	0	0	0	1	1	2	2	1	0	0	0	1	3	3	1	1	0	0	0	0	1	1	2	2	1	0	0	0	1	1	3	3	0	0	0	1	1	2	2	1	0	0	0	1	1	3	3	1	0	0	0	1	2	2	1	1	0	0	0	1	3	3	1	1	0	0	0	1	2	2	1	1	0	0	0	0	1	3	3	1	1	0	0	0	1	2	1	1	0	0	0	1	3	3	1	1	0	0	0	1	2	2	1	1	0	0	3	3	1	1	1	0	0	0	0	1	2	2	1	1	0	0	0	3	3	1	1	1	0	0	0	1	2	2	1	1	0	0	0	3	1	1	1	0	0	0	0	2	2	1	1	1	0	0	0	3	3	1	1	1	0	0	2	2	1	1	1	0	0	0	0	3	3	1	1	2	0	0	2	1	1	1	1	0	0	0	0	3	3	1	1	1	0	0	0	2	1	1	3	0	0	0	3	1	1	1	1	0	0	0	3	3	1	1	0	0	0	0	3	3	1	1	1	0	0	0	3	3	1	1	3	0	0	0	3	1	1	1	1	0	0	0	0	3	3	1	1	1	0	0	3	1	1	1	0	0	0	0
PATIENT_WEIGHT
131	130	147	44	30	118	86	35	127	76	32	105	96	96	139	33	133	104	96	69	67	74	110	50	55	106	127	137	104	145	41	66	77	93	63	150	135	33	64	47	99	71	54	44	131	67	135	71	86	122	145	42	52	139	104	109	52	135	133	92	107	115	33	113	72	132	142	71	91	135	131	121	64	46	44	120	124	51	52	86	52	55	138	33	62	43	107	30	94	121	65	98	104	140	88	54	130	78	125	120	147	143	89	46	95	108	96	113	58	41	143	118	79	108	93	70	49	115	36	53	149	82	38	66	38	50	119	84	91	52	65	96	121	52	73	113	127	96	138	127	48	118	102	112	115	87	62	70	138	91	144	33	100	139	37	137	139	106	33	144	127	53	99	57	39	70	135	59	107	132	58	73	73	87	89	88	100	45	86	81	125	66	80	72	103	63	146	62	37	83	137	92	88	38	58	68	149	93	118	122	113	98	89	124	87	134	79	64	42	142	112	95	123	80	48	117	113	31	92	31	125	98	128	36	75	124	82	101	144	143	88	96	70	48	36	110	84	124	142	41	143	52	50	80	61	134	138	44	75	42	111	62	38	121	148	101	42	39	95	125	46	33	57	35	57	102	119	54	72	123	119	72	83	74	143	43	115	68	86	78	81	35	38	127	71	36	134	106	81	107	50	51	132	66	104	50	114	91	64	124	114	105	144	149	127	146	108	53	76	94	63	45	136	106	41	95	111	137	86	80	83	35	45	149	100	66	101	69	95	104	133	77	37	38	86	113	146	66	31	142	30	56	131	43	97	87	43	122	119	90	84	127	75	45	101	47	150	126	115	51	69	88	92	62	67	121	150	72	99	73	53	135	128	36	48	131	42	110	144	125	111	143	81	42	127	87	143	32	134	99	107	32	100	30	99	31	79	121	59	125	138	100	62	87	69	123	87	99	33	126	38	146	99	99	109	141	33	150	146	144	117	94	81	58	80	149	77	127	91	127	73	54	46	47	38	89	32	88	61	99	90	47	39	85	128	60	37	85	143	150	118	136	90	100	55	124	46	65	150	34	123	97	64	97	65	42	62	86	133	65	124	82	67	64	112	92	93	78	139	140	116	69	53	72	46	146	88	85	73	79	105	47	79	99	97	150	105	96	77	70	103	49	135	47	72	67	44	139	148	74	79	90	60	36	148	149	82	123	85	88	118	92	79	32	47	47	38	150	32	149	137	110	117	131	96	147	112	121	31	136	78	68	118	99	148	136	121	36	109	60	84	135	87	47	98	64	85	74	133	49	75	146	85	122	48	135	49	81	80	92	122	145	52	123	106	60	83	125	143	116	43	64	70	113	127	61	74	108	60	77	43	114	139	68	138	30	60	118	40	57	49	114	115	75	74	147	80	95	134	121	47	85	39	82	140	91	82	70	37	85	104	65	118	132	108	137	111	43	42	144	74	105	47	104	66	150	80	72	105	83	87	97	99	82	75	146	147	60	84	49	50	126	106	145	139	130	40	59	38	142	118	125	110	88	97	97	102	37	46	150	95	49	106	145	97	84	142	99	73	106	84	95	132	32	78	104	106	108	44	126	123	93	58	126	109	60	145	109	132	39	65	53	70	125	114	32	148	141	118	51	106	118	127	104	140	42	85	142	40	36	47	65	33	81	34	42	112	129	126	68	148	134	83	131	94	102	88	87	46	116	61	77	116	60	86	31	81	134	96	133	110	106	38	37	127	124	149	32	86	91	130	72	49	97	148	149	111	138	138	99	50	79	62	127	129	135	89	125	44	52	39	92	128	37	99	120	101	68	34	148	76	58	100	114	90	77	139	76	72	59	76
DISTANCE_MATRIX
0	360	318	300	288	276	264	264	150	150	150	60	90	90	162	168	204	228	234	312	360	408	348	318	168	192	168	318
360	60	264	318	324	342	342	342	348	348	354	360	372	378	378	420	420	480	462	498	462	462	384	420	372	420	378	378
318	264	60	270	276	288	288	288	294	294	294	318	318	324	324	414	414	468	462	486	462	462	330	366	366	408	372	324
300	318	270	60	276	288	288	288	288	288	288	300	300	312	318	408	408	468	462	486	438	438	318	360	360	402	360	312
288	324	276	276	60	276	276	276	276	276	276	288	288	300	300	402	396	462	456	480	432	432	300	360	360	402	348	300
276	342	288	288	276	60	180	180	252	258	264	264	264	288	288	390	390	456	450	480	432	432	288	348	348	348	288	288
264	342	288	288	276	180	60	180	246	258	264	264	264	288	288	390	390	456	450	480	432	432	288	348	348	348	288	288
264	342	288	288	276	180	180	60	240	258	264	264	264	288	288	390	390	456	450	480	432	432	288	348	348	348	288	288
150	348	294	288	276	252	246	240	60	120	120	150	126	270	270	378	384	420	438	480	420	408	276	300	300	300	276	270
150	348	294	288	276	258	258	258	120	60	120	150	150	270	270	378	384	420	438	480	420	408	276	300	300	300	276	270
150	354	294	288	276	264	264	264	120	120	60	150	150	270	270	378	384	420	438	480	420	408	276	300	300	300	276	270
60	360	318	300	288	264	264	264	150	150	150	60	90	162	168	228	234	312	360	408	348	318	168	192	192	198	168	162
90	372	318	300	288	264	264	264	150	150	150	90	60	162	168	228	234	312	360	408	348	318	168	192	192	198	168	162
90	378	324	312	300	288	288	288	270	270	270	162	162	60	120	180	180	306	210	360	300	300	120	180	120	180	120	234
162	378	324	318	300	288	288	288	270	270	270	168	168	120	60	180	180	306	210	360	300	300	120	180	120	180	120	120
168	420	414	408	402	348	348	348	300	300	300	228	228	180	180	60	132	204	132	348	258	258	186	60	180	132	222	180
204	420	414	408	396	390	390	390	384	384	384	234	234	180	180	132	60	204	132	348	258	258	186	60	180	132	222	180
228	480	468	468	462	456	456	456	420	420	420	312	312	306	306	204	204	60	198	120	240	240	306	204	306	138	306	306
234	462	462	462	456	450	450	450	438	438	438	360	360	210	210	132	132	198	60	138	132	132	210	132	210	132	210	210
312	498	486	486	480	480	480	480	480	480	480	408	408	360	360	348	348	120	138	60	348	348	360	348	360	348	360	360
360	462	462	438	432	432	432	432	420	420	420	348	348	300	300	258	258	240	132	348	60	60	300	258	300	258	300	300
408	462	462	438	432	432	432	432	408	408	408	318	318	300	300	258	258	240	132	348	60	60	300	258	300	258	300	300
348	384	330	318	300	288	288	288	276	276	276	168	168	120	120	186	186	306	210	360	300	300	60	186	120	186	120	120
318	420	366	360	360	348	348	348	300	300	300	192	192	180	180	60	60	204	132	348	258	258	186	60	180	60	180	180
168	372	300	306	300	288	288	288	270	270	270	168	168	120	120	180	180	306	210	360	300	300	120	180	60	180	120	120
192	420	408	402	402	348	348	348	300	300	300	198	198	180	180	132	132	138	132	348	258	258	186	60	180	60	180	180
168	378	372	360	348	288	288	288	276	276	276	168	168	120	120	222	222	306	210	360	300	300	120	180	120	180	60	120
318	378	324	312	300	288	288	288	270	270	270	162	162	234	120	180	180	306	210	360	300	300	120	180	120	180	120	60
DEPOTS_DISTANCE
234	462	462	462	456	450	450	450	438	438	438	360	360	210	210	132	132	198	60	138	132	132	210	132	210	132	210	210	
348	384	330	318	300	288	288	288	276	276	276	168	168	120	120	186	186	306	210	360	300	300	60	186	120	186	120	120	
318	420	366	360	360	348	348	348	300	300	300	192	192	180	180	60	60	204	132	348	258	258	186	60	180	60	180	180	
LOCATION_TURN_MATRIX
100	130	122	113	112	199	136	122	129	152	173	146	151	136	158	140	176	113	122	167	194	134	110	172	114	184	100	147	
170	100	154	188	164	169	136	136	152	170	104	183	155	115	101	104	155	187	174	115	149	134	178	168	114	135	168	102	
178	146	100	161	178	114	104	165	117	139	126	169	192	109	120	179	160	152	154	134	113	140	154	179	196	196	192	181	
187	112	139	100	158	114	195	181	104	132	195	106	183	169	132	170	140	136	172	148	116	110	123	136	151	120	176	169	
188	136	122	142	100	175	164	159	112	100	167	164	135	191	132	181	104	123	142	156	108	117	193	182	116	147	156	185	
101	131	186	186	125	100	190	147	164	150	137	102	145	176	185	131	113	108	117	186	118	151	140	178	154	189	172	110	
164	164	196	105	136	110	100	186	153	151	183	193	111	157	144	123	188	142	110	163	105	190	166	187	170	171	186	126	
178	164	135	119	141	153	114	100	106	130	108	103	151	178	122	151	130	133	184	177	110	141	166	110	122	174	191	197	
171	148	183	196	188	136	147	194	100	167	100	146	168	129	128	142	172	118	174	147	105	158	156	160	120	106	119	136	
148	130	161	168	200	150	149	170	133	100	177	106	175	116	188	180	176	194	108	146	130	187	183	173	128	141	169	176	
127	196	174	105	133	163	117	192	200	123	100	171	175	140	183	115	104	186	128	153	151	175	100	146	191	117	132	197	
154	117	131	194	136	198	107	197	154	194	129	100	136	184	140	147	172	184	148	131	103	156	185	200	152	158	154	143	
149	145	108	117	165	155	189	149	132	125	125	164	100	140	199	142	101	144	163	185	117	191	200	143	113	165	102	154	
164	185	191	131	109	124	143	122	171	184	160	116	160	100	109	116	196	113	131	186	166	139	183	175	144	161	105	170	
142	199	180	168	168	115	156	178	172	112	117	160	101	191	100	147	177	177	199	158	172	188	164	175	180	168	154	195	
160	196	121	130	119	169	177	149	158	120	185	153	158	184	153	100	152	159	197	157	181	159	102	123	168	200	124	186	
124	145	140	160	196	187	112	170	128	124	196	128	199	104	123	148	100	149	114	112	117	135	105	132	138	180	198	156	
187	113	148	164	177	192	158	167	182	106	114	116	156	187	123	141	151	100	166	132	168	163	159	123	129	173	161	116	
178	126	146	128	158	183	190	116	126	192	172	152	137	169	101	103	186	134	100	184	199	137	130	160	148	113	140	150	
133	185	166	152	144	114	137	123	153	154	147	169	115	114	142	143	188	168	116	100	111	195	128	157	191	164	141	171	
106	151	187	184	192	182	195	190	195	170	149	197	183	134	128	119	183	132	101	189	100	129	151	163	147	166	104	177	
166	166	160	190	183	149	110	159	142	113	125	144	109	161	112	141	165	137	163	105	171	100	101	185	169	129	103	197	
190	122	146	177	107	160	134	134	144	117	200	115	100	117	136	198	195	141	170	172	149	199	100	106	150	116	118	145	
128	132	121	164	118	122	113	190	140	127	154	100	157	125	125	177	168	177	140	143	137	115	194	100	128	167	115	155	
186	186	104	149	184	146	130	178	180	172	109	148	187	156	120	132	162	171	152	109	153	131	150	172	100	155	124	184	
116	165	104	180	153	111	129	126	194	159	183	142	135	139	132	100	120	127	187	136	134	171	184	133	145	100	129	192	
200	132	108	124	144	128	114	109	181	131	168	146	198	195	146	176	102	139	160	159	196	197	182	185	176	171	100	146	
153	198	119	131	115	190	174	103	164	124	103	157	146	130	105	114	144	184	150	129	123	103	155	145	116	108	154	100	
DEPOTS_TO_LOCAL_TURN_MATRIX
178	126	146	128	158	183	190	116	126	192	172	152	137	169	101	103	186	134	100	184	199	137	130	160	148	113	140	150	
190	122	146	177	107	160	134	134	144	117	200	115	100	117	136	198	195	141	170	172	149	199	100	106	150	116	118	145	
128	132	121	164	118	122	113	190	140	127	154	100	157	125	125	177	168	177	140	143	137	115	194	100	128	167	115	155	
LOCAL_TO_DEPOT_TURN_MATRIX
122	174	154	172	142	117	110	184	174	108	128	148	163	131	199	197	114	166	100	116	101	163	170	140	152	187	160	150	
110	178	154	123	193	140	166	166	156	183	100	185	200	183	164	102	105	159	130	128	151	101	100	194	150	184	182	155	
172	168	179	136	182	178	187	110	160	173	146	200	143	175	175	123	132	123	160	157	163	185	106	100	172	133	185	145	

