INDEX_PROBLEM
1
PATIENTS
800
STRETCHERS
16
NUM_ROOM
28
NUM_DEPOT
3
NUM_PRIORITY
4
PRIORITY_LIST
0	1	2	3	4
PRIORITY_WEIGHT
0	1	10	18	30
PRIORITY_JOB
0	2	3	4	4	2	4	3	4	3	4	1	2	3	4	3	4	2	3	4	4	4	4	4	4	2	3	4	4	2	3	4	3	4	4	2	3	4	4	3	4	4	4	2	3	4	4	3	4	4	2	3	4	4	4	3	4	1	1	2	2	3	1	2	1	4	4	4	2	3	1	4	3	1	4	2	3	4	2	1	2	4	2	3	4	1	4	4	3	1	4	2	3	4	1	2	1	4	4	2	3	4	1	4	4	4	1	4	2	3	2	3	1	2	4	2	2	3	4	3	4	4	1	1	4	2	3	2	1	2	4	2	3	4	4	3	4	4	1	1	2	3	4	1	1	2	4	2	3	4	4	4	3	4	1	1	1	2	3	4	3	2	4	2	3	4	4	4	3	1	4	1	1	2	2	3	3	2	1	4	4	2	3	4	4	4	1	1	2	3	4	2	1	1	3	4	2	3	4	1	4	4	1	4	2	3	4	2	1	3	3	4	2	3	4	4	4	4	4	1	1	2	3	2	1	3	2	4	2	2	3	4	3	4	4	1	1	2	3	4	1	2	4	2	3	4	4	4	3	4	2	1	1	2	3	4	1	2	3	2	3	4	4	2	4	3	4	1	1	3	4	4	1	2	3	4	2	3	4	4	4	3	4	1	1	2	2	3	1	2	1	4	2	3	4	1	4	4	3	1	4	2	3	4	2	2	1	2	3	4	4	1	4	4	3	1	2	3	4	4	2	1	3	2	3	4	4	4	1	4	4	2	3	4	2	1	2	1	3	3	3	4	4	2	3	4	4	4	1	1	3	4	1	2	1	2	3	4	4	1	3	4	3	1	2	3	4	4	2	2	1	2	3	4	2	1	4	4	4	2	1	3	4	4	4	1	3	2	3	4	2	3	4	3	1	1	1	3	3	4	2	1	3	4	2	3	4	1	4	3	2	1	1	2	3	4	1	2	2	4	2	3	4	1	4	4	3	1	4	2	3	4	1	2	1	4	2	3	4	1	4	4	3	4	2	3	4	1	2	3	4	2	3	3	4	2	3	4	4	1	1	3	4	1	2	1	2	4	1	2	3	4	4	3	4	1	1	2	3	4	2	1	4	2	3	4	4	4	3	2	4	1	1	2	3	4	1	3	1	4	2	3	4	4	3	4	3	1	1	2	3	3	2	1	3	4	2	3	4	4	4	3	1	1	4	1	2	2	1	2	4	3	4	2	3	4	4	3	1	1	4	2	3	2	1	2	4	4	4	2	3	4	4	3	4	1	4	2	3	1	1	2	3	4	2	3	3	4	4	4	3	1	1	2	3	1	2	1	4	4	1	2	3	3	4	4	4	1	1	2	3	2	2	1	4	4	2	3	4	3	4	4	1	1	4	2	3	2	1	1	4	4	2	3	3	4	3	2	4	1	1	2	3	3	1	2	4	4	2	3	4	4	3	1	1	4	1	2	1	2	2	3	4	4	2	3	4	4	3	1	1	4	4	2	1	2	1	4	3	4	2	3	4	4	3	1	4	2	3	3	1	2	4	4	4	2	3	4	3	4	4	1	1	4	2	1	2	1	3	4	1	2	3	3	4	4	2	1	1	4	4	2	2	1	3	4	2	3	4	3	4	4	2	1	1	4	2	3	1	1	4	4	2	3	3	4	4	3	2	1	1	2	3	4	3	1	2	4	2	3	4	4	4	3	4	1	1	4	1	2	1	2	2	1	1	3	4	1	1	2	1	2	3	4	4	1	1	2	3	1	1	2	3	1	1	2	1	1	4	4	2	3	2	2	1	1	1	4	2	3	2	1	1	1	1	4	4	2	1	3	2
TIME_ASKED
0	28849	28898	28947	28996	29045	29094	29149	29198	29247	29296	29345	29394	29429	29458	29487	29516	29545	29574	29603	29632	29661	29690	29742	29784	29826	29868	29910	29952	29994	30029	30058	30087	30116	30145	30174	30203	30232	30261	30290	30329	30358	30387	30416	30445	30474	30503	30532	30561	30590	30621	30642	30663	30684	30705	30726	30747	30768	30789	30810	30831	30852	30873	30894	30949	30998	31047	31096	31145	31194	31227	31254	31281	31308	31335	31362	31389	31416	31443	31470	31497	31524	31548	31572	31596	31620	31644	31668	31692	31716	31740	31764	31788	31837	31874	31911	31948	31985	32022	32059	32096	32159	32218	32277	32336	32395	32419	32438	32457	32476	32495	32514	32533	32552	32571	32590	32609	32628	32647	32666	32685	32759	32818	32877	32936	32995	33027	33054	33081	33108	33135	33162	33189	33216	33243	33270	33297	33333	33366	33399	33432	33465	33498	33531	33564	33597	33616	33632	33648	33664	33680	33696	33712	33728	33744	33760	33776	33792	33808	33824	33840	33856	33872	33888	33933	33966	33999	34032	34065	34098	34131	34164	34197	34242	34284	34326	34368	34410	34452	34494	34533	34566	34599	34632	34665	34698	34731	34764	34797	34827	34854	34881	34908	34935	34962	34989	35016	35043	35070	35097	35137	35174	35211	35248	35285	35322	35359	35396	35433	35466	35499	35532	35565	35598	35631	35664	35697	35723	35746	35769	35792	35815	35838	35861	35884	35907	35930	35953	35976	35999	36023	36046	36069	36092	36115	36138	36161	36184	36207	36230	36253	36276	36299	36327	36354	36381	36408	36435	36462	36489	36516	36543	36570	36597	36619	36638	36657	36676	36695	36714	36733	36752	36771	36790	36809	36828	36847	36866	36885	36949	36998	37047	37096	37145	37194	37259	37318	37377	37436	37495	37549	37598	37647	37696	37745	37794	37827	37854	37881	37908	37935	37962	37989	38016	38043	38070	38097	38123	38146	38169	38192	38215	38238	38261	38284	38307	38330	38353	38376	38399	38419	38438	38457	38476	38495	38514	38533	38552	38571	38590	38609	38628	38647	38666	38685	38742	38784	38826	38868	38910	38952	38994	39029	39058	39087	39116	39145	39174	39203	39232	39261	39290	39349	39398	39447	39496	39545	39594	39633	39666	39699	39732	39765	39798	39831	39864	39897	39937	39974	40011	40048	40085	40122	40159	40196	40242	40284	40326	40368	40410	40452	40494	40542	40584	40626	40668	40710	40752	40794	40849	40898	40947	40996	41045	41094	41133	41166	41199	41232	41265	41298	41331	41364	41397	41423	41446	41469	41492	41515	41538	41561	41584	41607	41630	41653	41676	41699	41749	41798	41847	41896	41945	41994	42099	42198	42297	42342	42384	42426	42468	42510	42552	42594	42699	42798	42897	42923	42946	42969	42992	43015	43038	43061	43084	43107	43130	43153	43176	43199	43237	43274	43311	43348	43385	43422	43459	43496	43549	43598	43647	43696	43745	43794	43899	43998	44097	44159	44218	44277	44336	44395	44459	44518	44577	44636	44695	44799	44898	44997	45033	45066	45099	45132	45165	45198	45231	45264	45297	45337	45374	45411	45448	45485	45522	45559	45596	45637	45674	45711	45748	45785	45822	45859	45896	45959	46018	46077	46136	46195	46249	46298	46347	46396	46445	46494	46537	46574	46611	46648	46685	46722	46759	46796	46821	46842	46863	46884	46905	46926	46947	46968	46989	47010	47031	47052	47073	47094	47199	47298	47397	47437	47474	47511	47548	47585	47622	47659	47696	47737	47774	47811	47848	47885	47922	47959	47996	48049	48098	48147	48196	48245	48294	48324	48348	48372	48396	48420	48444	48468	48492	48516	48540	48564	48588	48627	48654	48681	48708	48735	48762	48789	48816	48843	48870	48897	48937	48974	49011	49048	49085	49122	49159	49196	49233	49266	49299	49332	49365	49398	49431	49464	49497	49537	49574	49611	49648	49685	49722	49759	49796	49827	49854	49881	49908	49935	49962	49989	50016	50043	50070	50097	50149	50198	50247	50296	50345	50394	50424	50448	50472	50496	50520	50544	50568	50592	50616	50640	50664	50688	50737	50774	50811	50848	50885	50922	50959	50996	51027	51054	51081	51108	51135	51162	51189	51216	51243	51270	51297	51324	51348	51372	51396	51420	51444	51468	51492	51516	51540	51564	51588	51637	51674	51711	51748	51785	51822	51859	51896	51933	51966	51999	52032	52065	52098	52131	52164	52197	52259	52318	52377	52436	52495	52517	52534	52551	52568	52585	52602	52619	52636	52653	52670	52687	52704	52721	52738	52755	52772	52789	52859	52918	52977	53036	53095	53137	53174	53211	53248	53285	53322	53359	53396	53459	53518	53577	53636	53695	53733	53766	53799	53832	53865	53898	53931	53964	53997	54027	54054	54081	54108	54135	54162	54189	54216	54243	54270	54297	54374	54448	54522	54596	54627	54654	54681	54708	54735	54762	54789	54816	54843	54870	54897	55049	55198	55237	55274	55311	55348	55385	55422	55459	55496	55574	55648	55722	55796	55827	55854	55881	55908	55935	55962	55989	56016	56043	56070	56097	56399	56499	56598	56697	56733	56766	56799	56832	56865	56898	56931	56964	56997	57049	57098	57147	57196	57245	57294	57359	57418	57477	57536	57595
ORIGIN
26	16	6	27	19	3	27	23	25	25	14	10	2	22	14	14	23	14	3	23	14	14	26	16	2	14	14	7	14	26	26	7	3	9	1	23	14	14	23	4	3	2	27	3	2	14	14	14	14	6	27	18	7	27	20	8	2	14	17	2	23	23	2	26	14	18	23	14	14	19	19	2	14	27	27	27	14	9	9	3	14	7	23	11	4	14	14	14	4	26	14	14	4	5	5	1	14	27	18	7	27	27	20	1	2	20	17	2	20	2	2	14	14	24	14	4	24	15	1	24	16	23	3	26	3	26	14	14	2	14	10	2	23	14	14	14	16	23	14	23	15	14	16	4	16	2	14	27	20	14	14	4	4	14	27	27	20	20	14	14	14	14	6	24	15	4	20	16	11	14	15	26	14	14	23	2	2	14	7	23	12	2	25	14	14	14	25	14	14	9	9	1	14	7	7	20	8	4	23	14	5	4	4	2	14	5	5	14	14	5	14	14	4	7	20	5	14	3	7	17	1	14	14	14	14	12	14	25	2	23	14	3	26	14	25	27	11	14	25	16	16	4	4	8	27	23	14	23	27	14	23	14	14	14	16	14	14	14	26	23	26	23	5	14	14	14	14	26	14	14	14	14	4	26	23	23	23	13	3	23	4	1	27	14	14	1	25	14	14	26	14	14	23	8	26	14	10	2	2	14	2	2	8	1	23	9	1	14	16	5	2	5	14	5	8	27	3	1	14	4	4	5	5	27	13	2	5	14	5	5	2	7	1	7	14	3	14	14	2	25	8	1	23	10	14	14	12	27	25	26	3	14	14	14	14	8	5	26	23	4	14	14	23	14	14	14	14	14	26	14	14	7	2	23	14	23	26	12	26	14	14	14	14	26	14	26	27	3	1	23	10	1	16	14	14	14	14	14	27	14	10	1	11	23	14	26	11	26	9	14	23	10	14	14	3	1	10	9	27	14	23	14	3	1	14	10	14	20	20	26	1	26	14	11	14	14	23	10	1	5	14	20	3	14	14	14	27	14	14	5	5	3	16	6	27	19	7	27	22	10	4	3	4	14	4	27	14	4	14	3	23	14	14	12	2	3	1	1	25	14	26	14	2	4	9	26	2	11	26	4	14	4	27	14	14	2	2	11	14	1	5	27	18	7	2	14	27	14	14	17	2	22	23	2	2	14	3	23	14	25	24	27	14	25	14	25	4	2	11	27	27	16	1	23	11	7	14	4	14	14	14	14	27	27	14	8	8	23	26	17	7	14	20	23	14	14	2	23	27	20	14	26	23	3	23	14	4	20	15	4	23	4	14	3	26	14	2	2	3	1	23	10	2	14	14	2	14	14	14	15	15	5	14	14	14	26	16	7	27	1	7	13	27	3	9	20	20	11	3	1	1	23	14	3	24	14	4	2	27	14	26	26	14	14	14	27	3	23	10	2	1	12	14	26	14	27	14	14	2	26	24	24	1	23	7	26	19	23	4	10	3	20	16	20	23	23	7	7	23	14	3	24	14	14	14	14	26	26	14	2	26	14	14	23	23	10	1	23	12	2	23	14	3	14	14	23	11	15	15	3	16	6	27	19	10	27	22	2	1	20	14	14	7	14	14	14	14	3	23	14	20	1	13	27	26	14	1	1	1	4	4	26	9	1	23	26	16	23	4	7	27	14	27	27	11	14	1	23	6	27	18	20	27	21	20	14	26	10	22	14	22	14	2	14	3	23	23	4	25	16	4	25	14	7	27	26	14	23	14	9	1	23	26	14	14	13	26	24	14	3	24	14	14	27	1	5	27	18	7	27	20	8	2	3	17	1	23	11	2	7	11
DESTINATION
3	14	17	2	22	23	2	26	14	14	3	14	14	19	25	16	27	25	14	4	9	9	3	14	14	1	1	20	4	14	14	13	26	14	14	27	5	5	1	14	26	27	18	14	27	20	20	8	2	17	2	27	20	2	14	14	24	16	6	14	27	3	27	23	25	27	3	26	2	22	22	14	2	23	23	2	4	14	14	26	16	23	27	15	14	26	16	4	14	3	26	9	14	14	14	23	4	2	27	20	2	2	14	14	14	14	6	27	7	27	27	20	8	2	26	14	2	14	23	2	14	7	23	14	23	14	25	2	14	4	14	14	27	9	9	1	14	7	9	7	11	4	14	14	14	27	4	2	14	5	5	14	14	5	18	18	7	7	20	1	1	2	17	2	14	14	14	14	12	20	14	14	4	4	1	24	24	16	23	27	11	14	14	25	16	4	14	10	2	14	14	14	16	23	23	14	14	14	27	16	14	14	14	27	20	14	14	4	4	14	26	26	14	23	14	14	4	26	23	6	14	4	20	20	16	11	15	14	14	1	25	14	14	26	14	23	12	2	14	14	14	14	14	14	2	27	8	1	23	9	7	20	8	8	14	5	5	4	14	27	3	1	14	4	4	5	5	14	4	4	20	5	14	3	7	7	1	7	14	3	14	14	2	25	2	23	14	3	26	14	25	25	26	14	3	4	14	14	14	8	27	27	14	23	27	14	23	4	14	14	14	14	26	14	14	23	26	23	5	14	14	14	14	23	7	14	14	26	14	14	27	23	23	13	3	23	4	1	27	14	14	14	27	14	10	1	11	23	14	23	26	25	10	10	2	14	14	3	1	14	10	9	27	16	16	5	2	1	14	5	8	20	14	1	26	27	14	11	14	2	4	2	5	14	5	14	2	23	14	27	14	14	14	5	5	25	8	1	23	10	14	14	12	27	4	3	12	3	14	4	27	14	8	5	26	23	14	14	23	3	1	25	14	14	26	14	4	7	7	14	23	14	26	12	26	4	27	14	14	14	2	11	14	1	1	1	23	1	16	14	14	14	14	17	2	22	23	2	2	14	14	26	14	9	14	23	5	14	25	14	4	26	2	11	27	14	23	23	14	3	14	10	14	14	14	14	27	15	14	14	8	14	23	10	1	14	14	20	3	14	14	2	27	20	14	26	23	3	16	6	22	19	7	27	22	4	14	3	26	14	2	2	4	14	3	14	23	14	12	2	2	14	14	27	15	13	5	14	2	4	9	26	2	2	26	14	14	27	3	9	20	1	11	3	1	1	27	27	18	7	2	14	27	14	3	26	14	11	14	14	27	14	3	23	14	25	24	27	26	14	27	14	14	2	26	24	1	16	1	11	11	14	4	8	10	3	16	20	2	23	23	7	23	26	17	7	7	20	23	14	14	1	26	14	2	26	14	27	23	3	14	14	4	15	4	23	14	3	14	14	23	11	15	3	1	23	10	10	14	14	2	2	14	1	20	14	22	7	14	14	26	7	16	7	1	7	13	13	27	26	14	1	26	1	4	1	3	14	3	24	14	4	4	7	27	14	14	27	11	14	1	3	23	10	2	1	12	14	14	26	14	17	2	22	14	2	19	24	23	7	26	26	23	4	4	4	25	14	5	26	14	23	7	23	14	3	24	24	14	14	14	3	14	14	27	3	14	1	14	23	23	1	23	23	12	2	23	3	17	2	27	11	2	7	11	15	3	14	19	10	19	10	27	25	14	4	1	14	14	14	14	14	3	20	2	14	20	1	2	14	14	27	3	4	26	7	3	1	1	14	1	16	16	23	23	14	2	27	20	2	14	14	14	23	6	14	27	20	27	21	20
DUE_DATE
0	30427	29996	29505	29554	30623	29652	30247	29756	30345	29854	31643	30972	30527	30016	30585	30074	31123	30672	30161	30190	30219	30248	30300	30342	31404	30966	30468	30510	31572	31127	30616	31185	30674	30703	31752	31301	30790	30819	31388	30887	30916	30945	31994	31543	31032	31061	31630	31119	31148	32199	31740	31221	31242	31263	31824	31305	33066	33087	32388	32409	31950	33171	32472	33247	31556	31605	31654	32723	32292	33525	31812	32379	33606	31893	32940	32487	31974	33021	33768	33075	32082	33126	32670	32154	33918	32202	32226	32790	34014	32298	33342	32886	32395	34172	33489	34246	32543	32580	33637	33194	32717	34516	32835	32894	32953	34717	32996	34035	33574	34073	33612	34831	34130	33129	34168	34187	33726	33205	33764	33243	33317	35116	35175	33494	34573	34125	34632	35379	34686	33693	34740	34287	33774	33801	34368	33855	33891	35664	35697	35010	34563	34056	35829	35862	35175	34174	35210	34746	34222	34238	34254	34810	34286	36042	36058	36074	35370	34906	34382	34938	35434	34430	35466	35031	34524	34557	34590	35163	36396	34689	36462	36495	35820	35862	35424	35466	35988	36750	35052	35091	36144	35697	35190	35223	35256	37029	37062	36375	35925	35412	36459	37206	37233	36060	35547	36594	36141	35628	37395	35695	35732	37509	35806	36863	36420	35917	36974	37731	36564	36597	36090	37143	36696	36189	36222	36255	36281	36304	38067	38090	37393	36936	37439	38182	37005	37508	36511	37554	37577	37121	36604	37167	36650	36673	38436	38459	37762	37305	36788	38551	37854	36857	37905	37452	36939	36966	36993	37560	37047	38094	38841	38868	38175	37717	37196	38955	38254	37793	38292	37831	37310	37329	38368	37367	37926	37405	39164	39183	38047	37556	37605	39394	38723	38292	37817	38896	38475	37994	38053	38107	38696	38205	39994	40043	39372	39405	38952	40179	39486	40233	38520	39567	39114	38601	40368	38655	38681	39244	40467	38750	39793	39336	38819	39862	39885	40628	39931	39474	38957	38977	40736	39015	39034	39593	40812	40111	39650	39129	39148	40187	40926	39745	40244	39783	39300	39342	39384	41166	39468	39510	40572	40127	39616	40665	41414	40723	41472	40301	40330	40359	39848	39907	40976	40545	40054	40103	40152	41931	41964	40797	40290	42063	41376	42129	41442	40995	40495	40532	42309	41146	40643	41220	42457	41774	41340	40842	40884	41946	41988	42750	42072	41640	41142	42204	42966	41268	41310	41352	42427	43196	42045	41554	41603	41652	43431	42264	42777	42330	41823	42876	42429	41922	42495	43721	43744	43767	42590	42613	42096	43139	43882	42705	42188	43231	42774	42257	44047	42356	42945	43474	44243	44292	43677	43296	42855	44640	43962	44004	43026	44088	43650	43152	44997	43356	43455	44021	45244	43527	44570	44113	43596	45359	44662	45405	43688	44731	44274	43757	45535	43832	43869	44446	43943	45000	44557	44054	45847	45176	44745	44254	45323	44892	44997	44556	45675	45257	44776	44835	46634	46693	45557	45076	46875	46214	46993	46377	45456	47295	46611	46164	45657	45690	46263	45756	47529	47562	46875	46435	45932	46989	47746	46043	47100	46657	46154	46195	46232	46809	47326	46343	48120	48157	47474	47057	46576	48375	47234	48493	46807	47876	47445	46954	47003	47592	47095	47672	48909	48946	48263	47820	47857	48374	49119	47940	47421	48462	48003	47484	47505	47526	48087	49308	49329	47610	49371	48672	48777	49596	48975	47995	48572	48069	49126	48683	48180	48217	48794	50035	50072	48369	49426	48983	49500	50257	49574	48607	48656	48705	49774	49343	48852	48882	49446	48930	50694	48978	50022	49566	50790	50814	50118	49662	49146	50205	49752	49779	49266	49293	49320	49887	51114	51141	50448	49995	51235	50552	51309	49606	49643	51420	50737	50294	50331	49824	49857	49890	51663	51696	51009	50562	51075	51115	51872	50169	50206	51263	50820	50317	50894	50385	50412	52179	52206	50493	51540	51087	51594	52341	52368	50655	50707	51776	51345	51394	50903	51492	52002	51006	52770	52794	52098	51642	51666	52890	52194	51198	51222	52266	51835	51332	51369	51946	53183	53220	51517	53294	52605	53352	52659	52686	52233	51720	51747	52794	52341	51828	51855	52422	53646	53670	51954	51978	53022	53766	53070	53814	52098	52662	52146	53215	52772	52269	52306	52883	54120	52417	53474	53031	53064	54297	53610	52623	52656	52689	53742	53295	52817	53416	52935	52994	54793	54815	53092	54129	54866	54163	54900	53717	53194	54951	54248	53785	53802	53279	53296	54333	55070	55087	53417	53476	54555	54614	55393	54235	53732	54789	54346	53843	54420	53917	53954	55037	55816	55875	54194	55273	54831	56064	56097	54390	54423	55476	55029	55062	54555	54585	55152	55659	56406	56433	55740	55287	54774	55341	56568	55875	54932	56026	55620	55154	55185	55212	55779	55266	57033	57060	55347	57114	56421	57168	56475	56627	57496	57535	56372	55869	57646	57683	57000	57757	57074	56672	56206	56280	58094	58125	57432	56979	58206	58233	57540	57087	58314	58341	57648	58395	58697	57057	57156	58275	57831	58344	58377	59130	59163	59196	57489	58542	58095	58627	59396	59445	59494	59543	57852	57917	58996	59775	58634	59173
TRANSPORT_MODE
0	2	2	1	1	1	0	0	0	2	2	1	1	2	0	0	2	1	1	1	2	0	0	0	0	2	1	1	1	2	0	0	2	1	1	1	2	0	0	0	0	2	1	1	1	2	0	0	0	2	1	1	1	0	0	0	0	3	3	1	1	1	0	0	0	0	2	2	1	1	3	0	0	3	1	1	1	2	0	0	0	2	1	1	1	3	0	0	0	3	1	1	1	1	0	0	0	0	2	2	1	1	3	0	0	0	3	1	1	1	0	0	0	0	2	2	1	1	1	0	0	0	3	3	1	1	2	0	0	0	2	1	1	1	1	0	0	0	3	3	1	1	2	0	0	0	2	1	1	1	1	0	0	0	0	3	3	1	1	2	0	0	2	1	1	1	0	0	0	0	0	3	3	1	1	1	0	0	0	2	2	1	1	1	0	0	3	3	1	1	1	0	0	0	0	2	2	1	1	3	0	0	3	1	1	1	1	0	0	0	0	2	2	1	1	1	0	0	0	3	3	1	1	0	0	0	0	2	2	1	1	1	0	0	0	3	3	1	1	1	0	0	2	2	1	1	1	0	0	0	0	3	3	1	1	2	0	0	0	2	1	1	1	1	0	0	0	3	3	1	1	2	0	0	0	1	1	1	1	0	0	0	0	3	3	1	1	1	0	0	0	2	2	1	1	3	0	0	0	3	1	1	1	1	0	0	0	2	2	1	1	3	0	0	0	3	1	1	1	2	0	0	0	2	1	1	1	0	3	0	0	1	1	1	1	0	0	0	0	2	2	1	1	1	0	0	0	0	3	3	1	1	2	0	0	2	1	1	1	3	0	0	0	3	1	1	1	2	0	0	0	2	1	1	1	3	0	0	0	0	3	1	1	1	2	0	0	1	1	1	1	0	0	0	0	3	3	1	1	2	0	0	0	0	2	1	1	1	0	0	0	3	3	1	1	1	0	0	0	2	2	1	1	3	0	0	0	3	1	1	1	1	0	0	0	2	2	1	1	3	0	0	0	1	1	1	1	0	0	0	0	2	2	1	1	1	0	0	0	3	3	1	1	0	0	0	0	2	2	1	1	1	0	0	0	3	3	1	1	1	0	0	2	2	1	1	0	1	0	0	0	3	3	1	1	1	0	0	0	2	1	1	1	0	0	0	0	3	3	1	1	1	0	0	0	2	2	1	1	0	0	0	3	3	1	1	1	0	0	0	0	2	2	1	1	1	0	0	3	3	1	1	1	0	0	0	0	2	2	1	1	1	0	0	0	3	1	1	1	0	0	0	0	2	1	2	1	1	0	0	0	3	3	1	1	0	0	0	2	2	1	1	1	0	0	0	1	3	3	1	1	0	0	0	2	2	1	1	1	0	0	0	3	3	1	1	1	0	0	0	2	1	1	1	0	0	0	0	1	3	3	1	1	0	0	0	2	2	1	1	0	0	0	3	3	1	1	1	0	0	0	2	1	2	1	1	0	0	0	3	3	1	1	1	0	0	0	0	2	2	1	1	1	0	0	3	1	1	1	0	0	0	0	2	2	1	1	1	0	0	0	3	3	1	1	0	0	0	2	2	1	1	1	0	0	0	0	3	3	1	1	1	0	0	2	2	1	1	1	0	0	0	0	3	3	1	1	2	0	0	2	1	1	1	0	1	0	0	0	3	3	1	1	1	0	0	0	2	2	1	1	0	0	0	0	3	3	1	1	1	0	0	0	3	3	1	1	3	0	0	3	1	1	1	1	0	0	0	0	3	3	1	1	3	0	0	0	3	1	1	1	1	0	0	0	3	3	1	1	1	0	0	0	3	3	1	1	0	0	0	0
PATIENT_WEIGHT
66	131	122	62	144	33	83	124	91	56	52	86	143	101	33	33	150	78	78	60	109	54	45	114	118	30	82	105	64	52	83	146	72	111	142	114	78	142	134	65	146	143	78	110	104	120	107	143	143	148	98	60	51	102	62	38	116	74	144	113	112	96	148	35	147	66	59	75	87	113	41	106	55	79	38	50	77	50	92	139	41	145	142	59	114	109	82	41	104	141	59	30	37	87	86	83	100	95	42	150	45	102	48	110	101	60	90	123	81	125	121	63	82	35	72	68	85	143	144	119	43	113	76	65	41	81	71	52	79	78	36	46	82	36	32	89	33	51	117	72	62	145	40	89	59	67	113	81	99	94	109	45	101	49	64	93	104	44	67	102	32	95	94	95	70	109	86	149	67	64	67	143	127	49	130	45	82	48	122	48	56	74	44	93	94	120	143	69	127	39	96	74	149	84	135	54	55	114	124	53	103	98	137	81	67	90	52	76	122	135	50	60	115	31	111	85	147	100	37	77	94	87	148	104	149	115	106	119	109	134	133	92	126	147	91	39	134	132	43	115	33	86	135	82	69	62	105	41	39	124	127	134	105	129	70	145	30	113	55	90	119	95	42	127	101	78	145	37	134	104	54	92	134	120	87	79	80	150	83	62	97	146	117	98	76	94	142	70	58	30	70	132	129	37	35	75	90	66	126	61	33	82	100	125	74	34	83	40	122	117	142	150	99	70	147	45	118	30	39	149	44	106	91	69	58	35	113	94	141	83	46	124	49	47	58	55	97	133	101	94	95	145	77	31	66	108	76	122	144	113	72	136	122	83	127	112	146	126	61	139	54	95	114	55	45	32	114	98	146	46	146	147	111	32	54	135	53	88	35	122	42	35	55	41	96	127	80	144	90	123	93	140	135	86	109	48	76	91	91	79	39	49	97	40	60	144	143	87	95	43	67	46	87	33	45	35	148	126	114	129	147	58	148	30	127	76	86	141	108	97	54	68	81	41	76	32	50	65	35	69	66	119	133	139	94	51	33	149	63	133	79	48	35	81	51	106	72	72	80	60	74	110	66	61	83	135	50	47	77	71	115	48	109	108	105	116	88	103	144	132	35	40	32	71	87	128	91	69	133	84	141	78	146	42	106	150	144	129	128	99	35	88	97	60	137	146	32	60	90	132	119	74	100	58	93	37	139	45	81	146	64	133	142	98	52	55	97	112	99	117	53	124	44	76	147	104	51	90	77	121	102	143	123	144	95	55	92	95	78	58	129	94	75	70	126	129	37	130	33	61	147	42	102	144	75	105	95	128	95	62	116	34	52	118	50	132	101	119	56	109	78	94	81	37	39	85	67	48	130	81	107	93	80	89	55	146	134	77	110	38	118	31	94	146	95	141	148	129	53	56	150	143	78	106	77	81	57	82	135	138	127	149	64	131	70	129	32	120	78	133	55	130	92	67	67	133	110	132	79	132	34	37	42	57	76	32	144	143	113	42	67	90	38	58	80	95	127	82	92	120	104	59	59	132	128	120	39	31	132	81	149	82	65	112	64	84	123	64	113	32	93	47	33	121	97	45	128	65	41	54	116	127	101	120	87	73	40	121	129	130	115	111	54	134	38	93	102	83	102	123	38	42	119	94	135	94	72	46	111	44	87	88	53	68	120	142	124	144	106	136	81	62	120	146	113	64	72	51	37	111	99	74	78	31	134	86	46	39	97	83	47	36	101	150	126	65	131	104	144	75	59	90	147	144	43	76	88	104	93	147	67	62	90	129	55	115	110	148	83	71	145	142	116	135	96	62	120	32	52	147	42	106	74	146	150	62	130	108	95	48	57
DISTANCE_MATRIX
0	360	318	300	288	276	264	264	150	150	150	60	90	90	162	168	204	228	234	312	360	408	348	318	168	192	168	318
360	60	264	318	324	342	342	342	348	348	354	360	372	378	378	420	420	480	462	498	462	462	384	420	372	420	378	378
318	264	60	270	276	288	288	288	294	294	294	318	318	324	324	414	414	468	462	486	462	462	330	366	366	408	372	324
300	318	270	60	276	288	288	288	288	288	288	300	300	312	318	408	408	468	462	486	438	438	318	360	360	402	360	312
288	324	276	276	60	276	276	276	276	276	276	288	288	300	300	402	396	462	456	480	432	432	300	360	360	402	348	300
276	342	288	288	276	60	180	180	252	258	264	264	264	288	288	390	390	456	450	480	432	432	288	348	348	348	288	288
264	342	288	288	276	180	60	180	246	258	264	264	264	288	288	390	390	456	450	480	432	432	288	348	348	348	288	288
264	342	288	288	276	180	180	60	240	258	264	264	264	288	288	390	390	456	450	480	432	432	288	348	348	348	288	288
150	348	294	288	276	252	246	240	60	120	120	150	126	270	270	378	384	420	438	480	420	408	276	300	300	300	276	270
150	348	294	288	276	258	258	258	120	60	120	150	150	270	270	378	384	420	438	480	420	408	276	300	300	300	276	270
150	354	294	288	276	264	264	264	120	120	60	150	150	270	270	378	384	420	438	480	420	408	276	300	300	300	276	270
60	360	318	300	288	264	264	264	150	150	150	60	90	162	168	228	234	312	360	408	348	318	168	192	192	198	168	162
90	372	318	300	288	264	264	264	150	150	150	90	60	162	168	228	234	312	360	408	348	318	168	192	192	198	168	162
90	378	324	312	300	288	288	288	270	270	270	162	162	60	120	180	180	306	210	360	300	300	120	180	120	180	120	234
162	378	324	318	300	288	288	288	270	270	270	168	168	120	60	180	180	306	210	360	300	300	120	180	120	180	120	120
168	420	414	408	402	348	348	348	300	300	300	228	228	180	180	60	132	204	132	348	258	258	186	60	180	132	222	180
204	420	414	408	396	390	390	390	384	384	384	234	234	180	180	132	60	204	132	348	258	258	186	60	180	132	222	180
228	480	468	468	462	456	456	456	420	420	420	312	312	306	306	204	204	60	198	120	240	240	306	204	306	138	306	306
234	462	462	462	456	450	450	450	438	438	438	360	360	210	210	132	132	198	60	138	132	132	210	132	210	132	210	210
312	498	486	486	480	480	480	480	480	480	480	408	408	360	360	348	348	120	138	60	348	348	360	348	360	348	360	360
360	462	462	438	432	432	432	432	420	420	420	348	348	300	300	258	258	240	132	348	60	60	300	258	300	258	300	300
408	462	462	438	432	432	432	432	408	408	408	318	318	300	300	258	258	240	132	348	60	60	300	258	300	258	300	300
348	384	330	318	300	288	288	288	276	276	276	168	168	120	120	186	186	306	210	360	300	300	60	186	120	186	120	120
318	420	366	360	360	348	348	348	300	300	300	192	192	180	180	60	60	204	132	348	258	258	186	60	180	60	180	180
168	372	300	306	300	288	288	288	270	270	270	168	168	120	120	180	180	306	210	360	300	300	120	180	60	180	120	120
192	420	408	402	402	348	348	348	300	300	300	198	198	180	180	132	132	138	132	348	258	258	186	60	180	60	180	180
168	378	372	360	348	288	288	288	276	276	276	168	168	120	120	222	222	306	210	360	300	300	120	180	120	180	60	120
318	378	324	312	300	288	288	288	270	270	270	162	162	234	120	180	180	306	210	360	300	300	120	180	120	180	120	60
DEPOTS_DISTANCE
234	462	462	462	456	450	450	450	438	438	438	360	360	210	210	132	132	198	60	138	132	132	210	132	210	132	210	210	
348	384	330	318	300	288	288	288	276	276	276	168	168	120	120	186	186	306	210	360	300	300	60	186	120	186	120	120	
318	420	366	360	360	348	348	348	300	300	300	192	192	180	180	60	60	204	132	348	258	258	186	60	180	60	180	180	
LOCATION_TURN_MATRIX
100	130	122	113	112	199	136	122	129	152	173	146	151	136	158	140	176	113	122	167	194	134	110	172	114	184	100	147	
170	100	154	188	164	169	136	136	152	170	104	183	155	115	101	104	155	187	174	115	149	134	178	168	114	135	168	102	
178	146	100	161	178	114	104	165	117	139	126	169	192	109	120	179	160	152	154	134	113	140	154	179	196	196	192	181	
187	112	139	100	158	114	195	181	104	132	195	106	183	169	132	170	140	136	172	148	116	110	123	136	151	120	176	169	
188	136	122	142	100	175	164	159	112	100	167	164	135	191	132	181	104	123	142	156	108	117	193	182	116	147	156	185	
101	131	186	186	125	100	190	147	164	150	137	102	145	176	185	131	113	108	117	186	118	151	140	178	154	189	172	110	
164	164	196	105	136	110	100	186	153	151	183	193	111	157	144	123	188	142	110	163	105	190	166	187	170	171	186	126	
178	164	135	119	141	153	114	100	106	130	108	103	151	178	122	151	130	133	184	177	110	141	166	110	122	174	191	197	
171	148	183	196	188	136	147	194	100	167	100	146	168	129	128	142	172	118	174	147	105	158	156	160	120	106	119	136	
148	130	161	168	200	150	149	170	133	100	177	106	175	116	188	180	176	194	108	146	130	187	183	173	128	141	169	176	
127	196	174	105	133	163	117	192	200	123	100	171	175	140	183	115	104	186	128	153	151	175	100	146	191	117	132	197	
154	117	131	194	136	198	107	197	154	194	129	100	136	184	140	147	172	184	148	131	103	156	185	200	152	158	154	143	
149	145	108	117	165	155	189	149	132	125	125	164	100	140	199	142	101	144	163	185	117	191	200	143	113	165	102	154	
164	185	191	131	109	124	143	122	171	184	160	116	160	100	109	116	196	113	131	186	166	139	183	175	144	161	105	170	
142	199	180	168	168	115	156	178	172	112	117	160	101	191	100	147	177	177	199	158	172	188	164	175	180	168	154	195	
160	196	121	130	119	169	177	149	158	120	185	153	158	184	153	100	152	159	197	157	181	159	102	123	168	200	124	186	
124	145	140	160	196	187	112	170	128	124	196	128	199	104	123	148	100	149	114	112	117	135	105	132	138	180	198	156	
187	113	148	164	177	192	158	167	182	106	114	116	156	187	123	141	151	100	166	132	168	163	159	123	129	173	161	116	
178	126	146	128	158	183	190	116	126	192	172	152	137	169	101	103	186	134	100	184	199	137	130	160	148	113	140	150	
133	185	166	152	144	114	137	123	153	154	147	169	115	114	142	143	188	168	116	100	111	195	128	157	191	164	141	171	
106	151	187	184	192	182	195	190	195	170	149	197	183	134	128	119	183	132	101	189	100	129	151	163	147	166	104	177	
166	166	160	190	183	149	110	159	142	113	125	144	109	161	112	141	165	137	163	105	171	100	101	185	169	129	103	197	
190	122	146	177	107	160	134	134	144	117	200	115	100	117	136	198	195	141	170	172	149	199	100	106	150	116	118	145	
128	132	121	164	118	122	113	190	140	127	154	100	157	125	125	177	168	177	140	143	137	115	194	100	128	167	115	155	
186	186	104	149	184	146	130	178	180	172	109	148	187	156	120	132	162	171	152	109	153	131	150	172	100	155	124	184	
116	165	104	180	153	111	129	126	194	159	183	142	135	139	132	100	120	127	187	136	134	171	184	133	145	100	129	192	
200	132	108	124	144	128	114	109	181	131	168	146	198	195	146	176	102	139	160	159	196	197	182	185	176	171	100	146	
153	198	119	131	115	190	174	103	164	124	103	157	146	130	105	114	144	184	150	129	123	103	155	145	116	108	154	100	
DEPOTS_TO_LOCAL_TURN_MATRIX
178	126	146	128	158	183	190	116	126	192	172	152	137	169	101	103	186	134	100	184	199	137	130	160	148	113	140	150	
190	122	146	177	107	160	134	134	144	117	200	115	100	117	136	198	195	141	170	172	149	199	100	106	150	116	118	145	
128	132	121	164	118	122	113	190	140	127	154	100	157	125	125	177	168	177	140	143	137	115	194	100	128	167	115	155	
LOCAL_TO_DEPOT_TURN_MATRIX
122	174	154	172	142	117	110	184	174	108	128	148	163	131	199	197	114	166	100	116	101	163	170	140	152	187	160	150	
110	178	154	123	193	140	166	166	156	183	100	185	200	183	164	102	105	159	130	128	151	101	100	194	150	184	182	155	
172	168	179	136	182	178	187	110	160	173	146	200	143	175	175	123	132	123	160	157	163	185	106	100	172	133	185	145	

