INDEX_PROBLEM
1
PATIENTS
800
STRETCHERS
16
NUM_ROOM
28
NUM_DEPOT
3
NUM_PRIORITY
4
PRIORITY_LIST
0	1	2	3	4
PRIORITY_WEIGHT
0	1	10	18	30
PRIORITY_JOB
0	2	3	3	1	2	3	3	3	4	2	3	3	4	3	4	4	2	3	4	2	3	4	4	3	2	4	3	4	4	3	3	2	3	4	1	2	4	3	3	3	4	4	2	4	4	3	4	3	3	4	1	2	4	3	3	4	1	1	3	4	2	1	1	3	3	4	2	3	3	4	3	1	1	4	2	2	1	2	1	3	4	2	3	4	3	4	2	3	1	1	4	1	2	1	2	2	3	4	2	3	4	4	3	4	1	1	4	4	1	1	2	1	2	3	4	2	3	3	4	3	1	1	3	4	2	2	1	1	3	4	2	2	3	4	3	3	1	1	4	2	3	2	1	1	2	4	4	1	2	3	4	3	4	1	1	4	2	2	1	2	3	4	4	1	4	2	3	3	2	3	1	1	4	2	2	1	2	3	3	4	2	3	4	3	4	1	1	4	2	2	1	1	2	3	4	4	2	3	3	3	4	1	1	4	1	2	1	2	2	3	3	4	4	2	4	4	3	3	1	1	4	1	1	2	2	4	2	3	4	2	3	4	3	4	3	1	1	4	2	1	2	3	4	3	2	2	3	1	3	4	1	1	4	2	3	2	1	1	4	4	2	2	3	4	3	4	4	1	1	2	2	2	1	2	3	4	4	1	2	3	4	4	3	1	1	4	2	2	2	1	3	3	4	2	3	4	3	3	4	1	1	2	2	1	2	1	3	4	2	3	4	4	3	4	1	1	4	2	2	1	2	2	3	4	2	3	3	4	3	4	4	1	1	4	1	1	2	2	4	2	3	4	2	3	4	3	3	1	1	4	2	2	1	1	3	4	2	2	3	4	3	3	1	1	4	2	3	2	1	1	4	2	2	3	4	4	3	4	3	1	1	4	2	2	2	1	3	4	3	1	2	4	4	4	2	4	1	1	2	3	2	2	3	4	2	3	4	3	3	3	1	1	2	2	3	1	1	2	4	2	3	4	4	4	3	4	1	1	1	2	2	3	1	2	2	4	2	3	4	4	3	4	1	1	4	1	2	1	2	2	4	3	4	2	3	3	3	4	3	1	1	4	2	3	2	1	4	2	2	3	4	3	4	1	1	1	2	3	4	1	2	1	2	2	3	4	3	4	4	4	3	1	2	3	4	2	1	2	1	2	3	4	2	4	4	3	1	1	1	3	3	4	2	2	1	2	3	4	1	4	3	3	1	2	2	3	4	1	2	1	2	3	4	2	1	4	3	3	1	2	3	4	4	1	2	1	1	2	3	4	1	4	3	4	1	1	2	3	4	2	1	2	4	2	3	3	4	3	4	3	1	1	1	2	3	2	2	1	4	2	3	3	1	3	4	3	1	4	2	3	4	1	2	1	4	2	2	3	1	3	4	4	4	2	3	4	1	2	1	2	4	1	2	3	2	3	4	4	1	1	3	3	1	2	2	1	4	1	2	3	4	3	3	3	1	1	2	3	3	1	2	4	2	3	4	4	1	3	1	4	1	2	2	3	4	1	2	1	4	2	3	4	3	4	3	1	1	1	2	3	2	1	2	2	4	2	3	3	4	4	3	1	1	4	1	2	1	2	1	3	4	2	3	3	4	3	3	1	1	4	2	3	1	2	1	4	2	2	3	1	3	4	3	4	4	2	3	1	2	1	4	4	1	2	3	4	3	4	4	1	1	2	3	2	2	1	2	3	4	1	2	3	3	4	1	1	4	2	1	1	1	3	1	3	3	4	1	2	1	1	1	2	3	4	1	2	1	2	2	2	3	1	2	1	2	1	1	4	2	3	4	1	2	1	1	1	4	1	1	2	1	2	1	1	2	3	4	2	1	2
TIME_ASKED
0	28849	28898	28947	28996	29045	29094	29149	29198	29247	29296	29345	29394	29429	29458	29487	29516	29545	29574	29603	29632	29661	29690	29742	29784	29826	29868	29910	29952	29994	30029	30058	30087	30116	30145	30174	30203	30232	30261	30290	30329	30358	30387	30416	30445	30474	30503	30532	30561	30590	30621	30642	30663	30684	30705	30726	30747	30768	30789	30810	30831	30852	30873	30894	30949	30998	31047	31096	31145	31194	31227	31254	31281	31308	31335	31362	31389	31416	31443	31470	31497	31524	31548	31572	31596	31620	31644	31668	31692	31716	31740	31764	31788	31837	31874	31911	31948	31985	32022	32059	32096	32159	32218	32277	32336	32395	32419	32438	32457	32476	32495	32514	32533	32552	32571	32590	32609	32628	32647	32666	32685	32759	32818	32877	32936	32995	33027	33054	33081	33108	33135	33162	33189	33216	33243	33270	33297	33333	33366	33399	33432	33465	33498	33531	33564	33597	33616	33632	33648	33664	33680	33696	33712	33728	33744	33760	33776	33792	33808	33824	33840	33856	33872	33888	33933	33966	33999	34032	34065	34098	34131	34164	34197	34242	34284	34326	34368	34410	34452	34494	34533	34566	34599	34632	34665	34698	34731	34764	34797	34827	34854	34881	34908	34935	34962	34989	35016	35043	35070	35097	35137	35174	35211	35248	35285	35322	35359	35396	35433	35466	35499	35532	35565	35598	35631	35664	35697	35723	35746	35769	35792	35815	35838	35861	35884	35907	35930	35953	35976	35999	36023	36046	36069	36092	36115	36138	36161	36184	36207	36230	36253	36276	36299	36327	36354	36381	36408	36435	36462	36489	36516	36543	36570	36597	36619	36638	36657	36676	36695	36714	36733	36752	36771	36790	36809	36828	36847	36866	36885	36949	36998	37047	37096	37145	37194	37259	37318	37377	37436	37495	37549	37598	37647	37696	37745	37794	37827	37854	37881	37908	37935	37962	37989	38016	38043	38070	38097	38123	38146	38169	38192	38215	38238	38261	38284	38307	38330	38353	38376	38399	38419	38438	38457	38476	38495	38514	38533	38552	38571	38590	38609	38628	38647	38666	38685	38742	38784	38826	38868	38910	38952	38994	39029	39058	39087	39116	39145	39174	39203	39232	39261	39290	39349	39398	39447	39496	39545	39594	39633	39666	39699	39732	39765	39798	39831	39864	39897	39937	39974	40011	40048	40085	40122	40159	40196	40242	40284	40326	40368	40410	40452	40494	40542	40584	40626	40668	40710	40752	40794	40849	40898	40947	40996	41045	41094	41133	41166	41199	41232	41265	41298	41331	41364	41397	41423	41446	41469	41492	41515	41538	41561	41584	41607	41630	41653	41676	41699	41749	41798	41847	41896	41945	41994	42099	42198	42297	42342	42384	42426	42468	42510	42552	42594	42699	42798	42897	42923	42946	42969	42992	43015	43038	43061	43084	43107	43130	43153	43176	43199	43237	43274	43311	43348	43385	43422	43459	43496	43549	43598	43647	43696	43745	43794	43899	43998	44097	44159	44218	44277	44336	44395	44459	44518	44577	44636	44695	44799	44898	44997	45033	45066	45099	45132	45165	45198	45231	45264	45297	45337	45374	45411	45448	45485	45522	45559	45596	45637	45674	45711	45748	45785	45822	45859	45896	45959	46018	46077	46136	46195	46249	46298	46347	46396	46445	46494	46537	46574	46611	46648	46685	46722	46759	46796	46821	46842	46863	46884	46905	46926	46947	46968	46989	47010	47031	47052	47073	47094	47199	47298	47397	47437	47474	47511	47548	47585	47622	47659	47696	47737	47774	47811	47848	47885	47922	47959	47996	48049	48098	48147	48196	48245	48294	48324	48348	48372	48396	48420	48444	48468	48492	48516	48540	48564	48588	48627	48654	48681	48708	48735	48762	48789	48816	48843	48870	48897	48937	48974	49011	49048	49085	49122	49159	49196	49233	49266	49299	49332	49365	49398	49431	49464	49497	49537	49574	49611	49648	49685	49722	49759	49796	49827	49854	49881	49908	49935	49962	49989	50016	50043	50070	50097	50149	50198	50247	50296	50345	50394	50424	50448	50472	50496	50520	50544	50568	50592	50616	50640	50664	50688	50737	50774	50811	50848	50885	50922	50959	50996	51027	51054	51081	51108	51135	51162	51189	51216	51243	51270	51297	51324	51348	51372	51396	51420	51444	51468	51492	51516	51540	51564	51588	51637	51674	51711	51748	51785	51822	51859	51896	51933	51966	51999	52032	52065	52098	52131	52164	52197	52259	52318	52377	52436	52495	52517	52534	52551	52568	52585	52602	52619	52636	52653	52670	52687	52704	52721	52738	52755	52772	52789	52859	52918	52977	53036	53095	53137	53174	53211	53248	53285	53322	53359	53396	53459	53518	53577	53636	53695	53733	53766	53799	53832	53865	53898	53931	53964	53997	54027	54054	54081	54108	54135	54162	54189	54216	54243	54270	54297	54374	54448	54522	54596	54627	54654	54681	54708	54735	54762	54789	54816	54843	54870	54897	55049	55198	55237	55274	55311	55348	55385	55422	55459	55496	55574	55648	55722	55796	55827	55854	55881	55908	55935	55962	55989	56016	56043	56070	56097	56399	56499	56598	56697	56733	56766	56799	56832	56865	56898	56931	56964	56997	57049	57098	57147	57196	57245	57294	57359	57418	57477	57536	57595
ORIGIN
26	16	6	27	19	7	27	23	25	14	14	10	2	14	14	11	23	14	3	23	4	14	26	16	14	14	14	7	14	14	27	7	23	9	1	23	14	14	23	4	2	14	2	3	2	14	14	14	8	6	27	18	7	27	20	8	27	14	17	2	23	23	2	26	1	18	23	14	4	14	25	1	14	1	1	27	14	9	3	14	1	1	23	11	4	2	14	1	13	4	27	14	14	5	5	1	14	27	18	7	27	20	20	1	14	14	17	2	12	2	2	14	14	14	14	4	24	15	1	27	16	23	27	3	3	14	2	14	14	23	10	2	23	4	14	23	16	16	14	15	14	27	16	27	7	2	23	27	20	14	14	14	13	2	2	27	20	24	14	14	14	14	6	24	15	4	26	16	8	8	26	26	14	14	14	23	18	14	3	23	12	2	25	14	14	27	27	14	14	11	11	8	1	14	1	20	8	2	2	14	1	27	27	2	14	14	4	2	7	27	8	14	4	23	20	5	14	2	1	17	1	14	3	14	14	14	14	12	2	23	14	3	26	14	4	14	27	11	23	25	25	16	3	8	27	23	14	1	23	12	12	14	14	16	27	16	16	14	2	7	26	23	5	14	16	14	20	26	26	14	14	14	10	24	15	3	23	13	3	23	10	1	14	15	14	1	25	14	14	26	14	2	23	8	26	26	10	2	26	14	14	27	27	14	2	11	11	27	16	5	1	1	7	2	1	20	3	14	14	2	14	5	14	14	13	2	27	14	5	20	14	23	1	7	14	3	14	14	1	12	8	1	23	10	2	14	12	14	26	14	14	3	14	14	3	8	5	26	25	2	14	4	23	2	14	14	23	14	20	27	23	4	2	23	14	4	20	2	4	7	7	4	26	14	26	7	14	2	1	23	10	1	23	16	27	11	14	14	27	14	14	4	11	27	14	16	6	3	14	11	14	14	14	14	27	10	10	14	27	26	23	14	3	16	14	4	26	13	14	14	26	14	7	7	27	14	23	10	1	3	11	20	14	14	27	27	14	14	27	14	23	20	16	6	27	19	7	27	22	2	4	14	14	26	2	12	8	3	14	3	23	14	14	14	26	3	1	14	16	26	26	14	14	13	9	26	23	11	2	13	23	1	27	14	14	14	20	11	2	1	5	27	18	7	20	14	11	14	17	2	2	22	2	2	2	26	3	23	14	26	24	11	26	25	25	4	26	26	2	26	27	2	1	23	11	14	23	14	4	7	14	27	14	27	15	3	7	23	26	17	7	14	20	3	14	14	2	2	27	20	11	26	20	26	23	14	4	24	15	4	3	3	14	26	26	14	2	12	3	1	23	10	2	14	12	12	14	14	27	15	15	14	7	2	14	26	16	7	27	23	27	23	23	27	9	9	20	14	26	8	16	23	14	3	24	14	4	11	3	3	26	14	14	3	14	26	14	23	10	2	1	12	14	1	1	14	27	14	14	27	11	11	1	14	7	4	19	1	14	26	4	3	23	20	2	14	23	27	27	14	3	24	14	4	3	14	7	1	14	14	2	14	12	23	14	10	1	23	12	2	23	14	27	14	14	27	23	15	23	23	16	6	27	19	10	27	22	14	14	20	2	2	22	22	16	14	14	3	23	14	20	20	4	27	26	27	1	1	14	26	16	13	9	1	23	11	2	23	14	23	14	14	27	27	14	1	3	1	6	27	18	14	27	21	8	14	17	10	2	23	2	19	19	14	3	23	27	19	25	16	12	25	25	7	27	14	14	14	23	9	1	23	24	4	23	13	27	14	14	3	24	14	1	4	7	5	27	18	7	27	20	8	1	17	2	1	23	2	7	14	22
DESTINATION
3	14	17	2	22	23	2	26	14	3	3	14	14	25	16	12	1	25	14	4	14	9	3	14	1	1	1	20	4	4	23	13	27	14	14	27	5	5	1	14	27	5	27	14	27	20	8	1	14	17	2	27	20	2	14	14	2	16	6	14	27	1	27	23	23	27	3	26	14	2	14	14	2	23	23	2	16	14	26	16	14	14	27	15	14	27	16	14	7	14	23	9	26	14	14	23	4	2	27	20	2	14	14	14	8	8	6	27	11	27	27	20	8	2	26	14	2	14	23	18	14	1	18	23	23	25	14	25	1	27	14	14	27	14	8	1	14	14	1	11	2	2	14	2	13	27	27	2	14	5	4	2	7	27	27	18	7	2	20	20	1	1	17	2	14	14	3	14	14	14	14	14	4	4	4	1	27	16	14	27	11	14	14	25	16	23	23	10	2	12	12	14	23	16	14	14	14	27	27	16	14	2	23	27	20	20	14	14	13	2	14	26	14	3	14	14	10	24	14	6	14	4	26	4	16	8	15	11	14	1	25	14	14	26	14	3	23	12	27	14	14	14	26	14	2	27	5	14	27	11	11	1	20	14	2	14	14	1	27	20	3	1	14	2	14	5	14	14	14	4	20	5	14	2	14	23	1	7	14	3	14	14	1	14	2	23	14	3	26	14	4	14	26	14	3	3	14	14	3	8	8	23	23	1	27	12	12	2	14	14	23	14	20	27	23	7	26	16	5	14	16	14	20	4	7	14	23	26	14	7	16	3	23	13	3	23	10	1	14	11	14	14	27	14	14	4	11	2	23	8	1	26	10	2	26	14	14	3	14	27	10	14	27	27	16	16	1	1	7	2	1	14	14	1	26	14	7	27	14	13	13	14	14	5	14	20	5	14	14	27	14	14	27	14	23	12	8	1	23	10	2	14	12	2	4	14	17	14	26	12	8	8	5	5	2	14	14	4	23	3	1	25	14	16	26	14	14	7	4	2	14	4	20	20	2	4	27	14	14	14	20	11	2	1	23	23	10	1	23	16	27	14	14	17	2	22	23	2	2	27	14	16	3	14	27	11	14	26	25	14	4	26	2	26	14	26	23	3	16	14	14	4	26	7	14	14	27	15	14	7	3	23	23	10	1	3	11	20	14	14	14	2	27	20	11	26	20	20	6	27	27	19	14	27	22	3	14	3	26	3	2	12	3	14	14	23	14	14	14	14	2	14	14	27	15	26	7	2	14	13	9	23	26	23	11	23	13	1	3	9	20	1	14	26	8	5	27	27	18	7	20	14	11	3	3	26	14	2	14	14	26	26	3	14	14	4	24	11	26	14	27	14	14	26	11	11	26	2	23	11	11	1	23	14	4	3	16	20	2	27	23	27	27	23	17	17	7	20	3	14	14	1	26	14	2	26	14	12	23	23	14	4	4	26	4	3	15	27	14	14	23	11	15	23	23	1	23	10	2	23	12	12	14	20	20	14	22	14	16	14	14	26	27	7	27	20	27	23	23	26	14	1	26	14	26	16	20	23	3	3	24	4	11	3	8	14	14	27	11	14	1	3	23	10	2	23	1	14	1	1	14	17	2	22	14	2	19	1	1	14	27	27	19	19	14	4	25	14	5	26	14	14	14	23	14	23	24	24	4	3	14	7	14	14	27	20	14	1	4	27	10	1	23	23	2	23	14	14	17	2	27	16	2	7	14	16	6	14	14	7	27	22	22	25	14	4	2	22	14	14	11	14	14	20	2	4	20	4	27	14	14	27	1	14	27	7	23	1	1	14	1	2	23	14	13	14	2	27	20	2	14	14	14	6	27	14	27	27	21	8	19
DUE_DATE
0	30427	29996	30045	31294	30623	30192	30247	30296	29805	30874	30443	30492	29987	30556	30045	30074	31123	30672	30161	31210	30759	30248	30300	30882	31404	30426	31008	30510	30552	31127	31156	31665	31214	30703	32472	31781	30790	31359	31388	31427	30916	30945	31994	31003	31032	31601	31090	31659	31688	31179	32940	32241	31242	31803	31824	31305	33066	33087	31908	31389	32430	33171	33192	32047	32096	31605	32674	32243	32292	31785	32352	33579	33606	31893	32940	32967	33714	33021	33768	32595	32082	33126	32670	32154	32718	32202	33246	32790	34014	34038	32322	34086	33415	34172	33489	33526	33083	32580	33637	33194	32717	32776	33375	32894	34693	34717	32996	33015	34774	34793	34092	34831	34130	33669	33148	34187	33726	33745	33224	33783	35057	35116	33975	33494	34573	34605	35352	35379	34206	33693	34740	34767	34314	33801	34368	34395	35631	35664	33957	35010	34563	35076	35829	35862	35175	34174	34190	35946	35242	34778	34254	34810	34286	36042	36058	34334	35370	35386	36122	35418	34954	34430	34446	36231	34524	35577	35130	35163	35676	35229	36462	36495	34800	35862	35904	36666	35988	35550	35592	35091	36144	35697	35190	35763	35256	37029	37062	35355	36405	36432	37179	37206	36513	36060	35547	35574	36621	36168	36195	36235	35732	37509	37546	35843	37620	36937	37694	37011	37044	36597	36630	36123	36156	37209	36222	36255	36821	36844	38067	38090	36373	38136	38159	37462	37485	36488	37531	37074	36557	37601	37144	36627	37190	36673	37236	38459	38482	36765	37808	38551	37854	37397	36885	37452	37959	37986	37533	38760	37587	37074	38841	38868	37155	38197	37736	38235	38974	38993	37272	37291	38330	38349	37888	37367	37926	37405	37424	39183	39247	38576	38625	38674	39443	38772	38357	37876	37935	39734	39073	38647	38156	38205	38794	40043	40092	38385	39432	39459	39486	40233	39060	39087	38574	39621	39168	38655	39221	39244	38727	40490	40513	39816	39839	40582	39885	40628	39451	38934	39977	39517	38996	39015	39574	39053	40812	40831	39110	40149	40168	40907	40206	40225	39764	39243	40320	39882	39924	39426	40008	39510	39552	41327	41356	39645	41414	41443	40752	40781	39790	40839	40388	39907	40976	40545	40054	40643	40692	41931	41964	40257	41310	41343	42096	42129	40962	40455	41515	41552	41109	40606	41183	41220	42457	42494	40800	41862	41424	41946	42708	42750	41052	42120	42162	41724	41226	41268	41850	41352	41947	43196	43245	41554	42623	42672	42711	43464	42297	41790	42363	43596	42909	41922	41955	41981	43024	42027	43790	43813	43116	42659	43162	43185	42728	42211	43254	42797	42307	42896	42945	42994	44243	44292	43677	43776	43395	44640	44682	44004	43026	44088	43650	43152	43257	43356	43995	43481	45244	45267	45290	44593	44616	44159	45382	44685	44708	43711	44754	44297	43795	43832	44409	43906	45683	45720	44017	45794	45127	45896	45225	45274	44303	44892	44457	45576	45195	45257	45316	44835	45434	46693	46757	45076	46155	45734	46273	47097	45456	46575	46611	46164	45657	46230	45723	47496	47529	47562	46875	46435	45932	47709	47026	47783	47100	47137	46694	46195	46772	46269	46306	46343	46920	48157	47474	47057	46576	47655	48434	47773	48547	47876	47445	46954	48023	47052	47095	47672	48909	48946	48983	47820	47857	47354	48399	48420	49161	48462	48003	47484	49245	47526	48087	48108	49329	48630	48651	48192	47757	49596	48975	49735	49052	48609	48106	49163	49920	48217	48794	48835	50072	49389	48946	48443	48480	50257	49574	50347	50396	49725	49294	48803	50592	48882	49446	48930	50694	50718	50022	49566	49050	50094	50838	50142	49146	50205	49752	49779	49266	49833	49320	49887	51114	51141	51168	50475	50035	50552	50589	51346	49643	50700	50257	50294	51531	50364	49857	50430	51663	49956	51009	50562	50055	51835	51152	51909	50206	51263	51300	50857	52094	50925	50412	50439	50466	51513	51060	50547	52314	51621	52368	51675	50707	52496	51825	51394	51923	51492	50982	51006	52770	52794	51618	51642	52866	52170	52194	52938	51222	52986	52315	51872	51369	51946	51983	52020	53257	53294	52605	52152	52179	53406	52713	51720	52767	52314	51801	51828	53595	52422	53646	51930	53694	52998	53022	52566	52050	53814	53118	53862	52146	53215	52772	52269	52846	52343	52920	54157	54194	54231	53544	53097	53610	54363	53676	53709	52722	53775	53357	53416	52935	52994	53593	54815	54832	53109	54866	54163	54900	54197	54934	53751	53228	54265	53802	53819	53296	53853	53870	55087	55157	53476	54555	54134	55393	54715	55472	53769	54826	54863	54420	55657	54494	54017	54616	54135	54194	55273	54831	56064	55377	56130	54423	54456	56229	55542	55095	54585	55152	54639	54666	56433	56460	55767	55314	55821	55848	56595	55952	55546	55080	56894	56205	55752	55779	55266	57033	57060	55347	56394	57141	57168	57195	56147	57496	56335	56372	55869	57646	56963	57720	57757	57794	57152	56746	56280	58094	57405	58152	57459	57486	57513	57060	58287	57594	58341	57648	58395	58697	57057	58176	57795	57291	59064	58377	59130	59163	59196	57489	59262	59295	58627	59396	58725	59494	59543	58872	58457	57976	59055	59834	59173
TRANSPORT_MODE
0	2	2	1	1	2	0	0	2	1	1	1	2	0	0	0	2	1	1	1	2	0	0	0	0	1	1	1	2	0	0	0	2	1	1	1	2	0	0	0	2	1	1	1	0	0	0	0	2	2	1	1	1	0	0	0	0	3	3	1	1	1	0	0	2	2	1	1	1	0	0	0	3	3	1	1	2	0	0	0	1	2	1	1	1	0	0	0	0	3	3	1	1	1	0	0	0	2	2	1	1	0	0	0	0	3	3	1	1	1	0	0	0	1	2	2	1	1	0	0	0	3	3	1	1	1	0	0	0	2	2	1	1	1	0	0	0	3	3	1	1	1	0	0	0	0	2	2	1	1	1	0	0	0	3	3	1	1	0	0	0	2	2	1	1	0	1	0	0	0	1	3	3	1	1	0	0	0	1	2	2	1	1	0	0	0	3	3	1	1	1	0	0	0	2	2	1	1	1	0	0	0	3	3	1	1	1	0	0	0	0	2	2	1	1	0	0	0	1	3	3	1	1	0	0	0	0	1	2	2	1	1	0	0	0	1	3	3	1	1	0	0	1	2	0	2	1	1	0	0	0	3	3	1	1	1	0	0	0	2	2	1	1	1	0	0	0	1	3	3	1	0	0	0	0	1	2	2	1	1	0	0	0	1	3	3	1	1	0	0	0	1	2	2	1	1	0	0	0	1	3	3	1	1	0	0	0	2	2	1	1	1	0	0	0	3	3	1	1	1	0	0	0	2	2	1	1	0	0	0	0	1	3	3	1	1	0	0	0	0	1	2	2	1	1	0	0	1	3	3	1	1	0	0	0	2	2	1	1	1	0	0	0	3	3	1	1	1	0	0	0	2	2	1	1	1	0	0	0	0	3	3	1	1	0	0	0	1	2	2	1	1	0	0	0	0	1	3	3	1	1	0	0	1	2	2	1	1	0	0	0	3	3	1	1	1	0	0	0	2	2	1	1	1	0	0	0	0	3	3	1	1	1	0	0	0	2	1	1	1	0	0	0	3	3	1	1	1	0	0	0	0	1	2	2	1	1	0	0	0	3	3	1	1	1	0	0	2	2	1	1	1	0	0	0	3	3	1	1	2	0	0	0	2	1	1	1	0	1	0	0	0	3	1	1	1	0	0	0	2	2	1	1	1	0	0	0	0	3	3	1	1	1	0	0	2	2	1	1	3	0	0	0	3	1	1	1	2	0	0	0	2	1	1	1	3	0	0	0	3	1	1	1	2	0	0	0	0	1	1	1	3	0	0	0	3	1	1	1	1	0	0	0	0	2	2	1	1	0	0	0	3	3	1	1	1	0	0	0	2	2	1	1	3	0	0	0	3	1	1	1	2	0	0	0	2	1	1	1	3	0	0	0	1	1	1	2	0	0	0	0	2	1	1	1	1	0	0	0	3	3	1	1	0	0	0	0	2	2	1	1	1	0	0	0	3	3	1	1	1	0	0	2	2	1	1	0	3	0	0	0	3	1	1	1	2	0	0	0	1	1	1	1	0	0	0	3	3	1	1	1	0	0	0	0	2	2	1	1	0	0	0	3	3	1	1	1	0	0	0	2	2	1	1	1	0	0	0	3	3	1	1	2	0	0	0	2	1	1	1	3	0	0	0	1	1	1	2	0	0	0	0	1	2	1	1	1	0	0	0	3	3	1	1	0	0	0	0	2	2	1	1	1	0	0	3	3	1	1	3	0	0	0	3	1	1	1	3	0	0	0	3	1	1	1	3	0	0	0	1	1	1	3	0	0	0	0	3	1	1	1	1	0	0	0	3	3	1	1	0	0	0	0	3	3	1	1	1	0	0	0
PATIENT_WEIGHT
33	60	141	95	71	104	81	62	62	34	133	106	111	138	120	52	79	113	89	140	64	129	51	61	45	73	112	83	39	104	132	56	93	37	63	125	129	118	97	87	34	56	36	117	139	86	92	116	70	138	57	77	103	89	113	83	40	61	106	108	38	80	143	45	96	61	43	117	58	60	59	38	115	104	54	44	95	146	93	95	86	48	65	41	131	127	69	65	136	72	58	89	96	86	102	85	38	68	61	66	118	98	136	101	73	86	104	43	85	57	56	135	47	67	81	95	76	68	38	108	146	83	110	53	125	30	134	112	141	102	37	86	62	60	92	129	137	121	64	110	34	128	147	106	70	73	137	132	71	46	79	150	80	34	49	38	57	95	39	115	96	146	62	140	116	149	75	60	137	62	139	48	122	111	110	148	146	135	34	146	126	145	128	126	90	92	74	112	102	119	133	61	123	50	109	117	40	92	32	128	120	61	39	146	58	117	100	58	75	134	54	52	78	80	135	123	130	55	123	47	50	124	145	33	40	105	35	125	79	139	133	41	84	145	52	40	108	30	90	65	33	72	71	115	66	55	119	103	131	50	97	56	58	47	130	146	95	33	60	48	35	45	140	87	61	129	45	95	119	71	47	149	130	30	49	102	114	105	103	110	118	110	109	31	149	133	36	50	65	85	76	51	123	124	95	75	128	35	124	145	58	57	39	68	117	85	113	142	124	137	61	54	45	107	104	140	68	119	114	106	49	54	46	30	57	42	104	48	86	118	109	117	76	100	74	32	49	139	51	52	132	85	88	37	50	70	94	107	115	147	32	106	102	61	98	37	46	68	68	99	54	129	123	73	119	34	120	55	56	45	73	34	66	107	106	88	99	31	30	116	95	132	86	126	136	71	59	52	112	117	39	47	130	60	58	47	111	82	54	107	126	144	50	131	77	60	138	49	149	108	46	74	148	34	101	42	73	126	76	117	131	39	136	121	95	108	59	46	69	123	143	112	96	116	49	31	92	71	78	141	118	32	147	74	51	104	100	73	44	108	70	145	114	98	73	131	30	68	131	30	106	115	130	52	84	71	79	87	62	115	141	89	36	100	116	117	101	74	103	73	134	93	53	76	115	71	65	36	119	150	72	31	136	127	40	117	62	106	101	84	50	96	110	96	71	137	91	46	123	137	90	138	146	90	34	107	68	76	122	102	94	39	67	122	76	121	37	83	38	48	34	87	123	86	45	132	70	94	77	124	93	123	41	70	123	138	149	115	40	118	33	113	142	121	46	124	140	82	31	130	133	71	34	141	110	100	110	107	92	50	81	94	42	54	32	45	66	44	134	47	145	99	90	118	35	98	114	141	94	144	136	79	94	108	51	62	95	37	132	132	82	129	45	128	38	136	88	66	111	137	111	98	49	30	103	93	84	38	112	112	140	105	119	123	135	32	91	125	43	144	31	46	34	98	43	56	69	77	139	108	65	122	108	146	143	76	95	84	115	117	110	81	39	41	124	30	49	77	134	89	76	80	75	80	147	86	96	92	94	55	116	41	71	130	118	114	52	44	113	70	105	91	138	134	58	42	86	41	123	124	71	137	115	63	118	145	119	135	145	93	68	48	66	119	132	41	132	72	51	71	84	134	88	68	104	111	85	56	44	145	43	30	148	116	104	47	85	114	79	76	101	110	80	81	62	115	112	144	125	54	104	65	48	149	65	108	109	125	90	100	73	93	53	146	91	101	53	65	87	100	64	49	132	75	121	80	30	84	105	137	68	70	106	101	132	34	60	141	98	145	64	80	142	144	100	43	36	65	128	46	135	55	147	144	114	93	118	66	34	118	148
DISTANCE_MATRIX
0	360	318	300	288	276	264	264	150	150	150	60	90	90	162	168	204	228	234	312	360	408	348	318	168	192	168	318
360	60	264	318	324	342	342	342	348	348	354	360	372	378	378	420	420	480	462	498	462	462	384	420	372	420	378	378
318	264	60	270	276	288	288	288	294	294	294	318	318	324	324	414	414	468	462	486	462	462	330	366	366	408	372	324
300	318	270	60	276	288	288	288	288	288	288	300	300	312	318	408	408	468	462	486	438	438	318	360	360	402	360	312
288	324	276	276	60	276	276	276	276	276	276	288	288	300	300	402	396	462	456	480	432	432	300	360	360	402	348	300
276	342	288	288	276	60	180	180	252	258	264	264	264	288	288	390	390	456	450	480	432	432	288	348	348	348	288	288
264	342	288	288	276	180	60	180	246	258	264	264	264	288	288	390	390	456	450	480	432	432	288	348	348	348	288	288
264	342	288	288	276	180	180	60	240	258	264	264	264	288	288	390	390	456	450	480	432	432	288	348	348	348	288	288
150	348	294	288	276	252	246	240	60	120	120	150	126	270	270	378	384	420	438	480	420	408	276	300	300	300	276	270
150	348	294	288	276	258	258	258	120	60	120	150	150	270	270	378	384	420	438	480	420	408	276	300	300	300	276	270
150	354	294	288	276	264	264	264	120	120	60	150	150	270	270	378	384	420	438	480	420	408	276	300	300	300	276	270
60	360	318	300	288	264	264	264	150	150	150	60	90	162	168	228	234	312	360	408	348	318	168	192	192	198	168	162
90	372	318	300	288	264	264	264	150	150	150	90	60	162	168	228	234	312	360	408	348	318	168	192	192	198	168	162
90	378	324	312	300	288	288	288	270	270	270	162	162	60	120	180	180	306	210	360	300	300	120	180	120	180	120	234
162	378	324	318	300	288	288	288	270	270	270	168	168	120	60	180	180	306	210	360	300	300	120	180	120	180	120	120
168	420	414	408	402	348	348	348	300	300	300	228	228	180	180	60	132	204	132	348	258	258	186	60	180	132	222	180
204	420	414	408	396	390	390	390	384	384	384	234	234	180	180	132	60	204	132	348	258	258	186	60	180	132	222	180
228	480	468	468	462	456	456	456	420	420	420	312	312	306	306	204	204	60	198	120	240	240	306	204	306	138	306	306
234	462	462	462	456	450	450	450	438	438	438	360	360	210	210	132	132	198	60	138	132	132	210	132	210	132	210	210
312	498	486	486	480	480	480	480	480	480	480	408	408	360	360	348	348	120	138	60	348	348	360	348	360	348	360	360
360	462	462	438	432	432	432	432	420	420	420	348	348	300	300	258	258	240	132	348	60	60	300	258	300	258	300	300
408	462	462	438	432	432	432	432	408	408	408	318	318	300	300	258	258	240	132	348	60	60	300	258	300	258	300	300
348	384	330	318	300	288	288	288	276	276	276	168	168	120	120	186	186	306	210	360	300	300	60	186	120	186	120	120
318	420	366	360	360	348	348	348	300	300	300	192	192	180	180	60	60	204	132	348	258	258	186	60	180	60	180	180
168	372	300	306	300	288	288	288	270	270	270	168	168	120	120	180	180	306	210	360	300	300	120	180	60	180	120	120
192	420	408	402	402	348	348	348	300	300	300	198	198	180	180	132	132	138	132	348	258	258	186	60	180	60	180	180
168	378	372	360	348	288	288	288	276	276	276	168	168	120	120	222	222	306	210	360	300	300	120	180	120	180	60	120
318	378	324	312	300	288	288	288	270	270	270	162	162	234	120	180	180	306	210	360	300	300	120	180	120	180	120	60
DEPOTS_DISTANCE
234	462	462	462	456	450	450	450	438	438	438	360	360	210	210	132	132	198	60	138	132	132	210	132	210	132	210	210	
348	384	330	318	300	288	288	288	276	276	276	168	168	120	120	186	186	306	210	360	300	300	60	186	120	186	120	120	
318	420	366	360	360	348	348	348	300	300	300	192	192	180	180	60	60	204	132	348	258	258	186	60	180	60	180	180	
LOCATION_TURN_MATRIX
100	130	122	113	112	199	136	122	129	152	173	146	151	136	158	140	176	113	122	167	194	134	110	172	114	184	100	147	
170	100	154	188	164	169	136	136	152	170	104	183	155	115	101	104	155	187	174	115	149	134	178	168	114	135	168	102	
178	146	100	161	178	114	104	165	117	139	126	169	192	109	120	179	160	152	154	134	113	140	154	179	196	196	192	181	
187	112	139	100	158	114	195	181	104	132	195	106	183	169	132	170	140	136	172	148	116	110	123	136	151	120	176	169	
188	136	122	142	100	175	164	159	112	100	167	164	135	191	132	181	104	123	142	156	108	117	193	182	116	147	156	185	
101	131	186	186	125	100	190	147	164	150	137	102	145	176	185	131	113	108	117	186	118	151	140	178	154	189	172	110	
164	164	196	105	136	110	100	186	153	151	183	193	111	157	144	123	188	142	110	163	105	190	166	187	170	171	186	126	
178	164	135	119	141	153	114	100	106	130	108	103	151	178	122	151	130	133	184	177	110	141	166	110	122	174	191	197	
171	148	183	196	188	136	147	194	100	167	100	146	168	129	128	142	172	118	174	147	105	158	156	160	120	106	119	136	
148	130	161	168	200	150	149	170	133	100	177	106	175	116	188	180	176	194	108	146	130	187	183	173	128	141	169	176	
127	196	174	105	133	163	117	192	200	123	100	171	175	140	183	115	104	186	128	153	151	175	100	146	191	117	132	197	
154	117	131	194	136	198	107	197	154	194	129	100	136	184	140	147	172	184	148	131	103	156	185	200	152	158	154	143	
149	145	108	117	165	155	189	149	132	125	125	164	100	140	199	142	101	144	163	185	117	191	200	143	113	165	102	154	
164	185	191	131	109	124	143	122	171	184	160	116	160	100	109	116	196	113	131	186	166	139	183	175	144	161	105	170	
142	199	180	168	168	115	156	178	172	112	117	160	101	191	100	147	177	177	199	158	172	188	164	175	180	168	154	195	
160	196	121	130	119	169	177	149	158	120	185	153	158	184	153	100	152	159	197	157	181	159	102	123	168	200	124	186	
124	145	140	160	196	187	112	170	128	124	196	128	199	104	123	148	100	149	114	112	117	135	105	132	138	180	198	156	
187	113	148	164	177	192	158	167	182	106	114	116	156	187	123	141	151	100	166	132	168	163	159	123	129	173	161	116	
178	126	146	128	158	183	190	116	126	192	172	152	137	169	101	103	186	134	100	184	199	137	130	160	148	113	140	150	
133	185	166	152	144	114	137	123	153	154	147	169	115	114	142	143	188	168	116	100	111	195	128	157	191	164	141	171	
106	151	187	184	192	182	195	190	195	170	149	197	183	134	128	119	183	132	101	189	100	129	151	163	147	166	104	177	
166	166	160	190	183	149	110	159	142	113	125	144	109	161	112	141	165	137	163	105	171	100	101	185	169	129	103	197	
190	122	146	177	107	160	134	134	144	117	200	115	100	117	136	198	195	141	170	172	149	199	100	106	150	116	118	145	
128	132	121	164	118	122	113	190	140	127	154	100	157	125	125	177	168	177	140	143	137	115	194	100	128	167	115	155	
186	186	104	149	184	146	130	178	180	172	109	148	187	156	120	132	162	171	152	109	153	131	150	172	100	155	124	184	
116	165	104	180	153	111	129	126	194	159	183	142	135	139	132	100	120	127	187	136	134	171	184	133	145	100	129	192	
200	132	108	124	144	128	114	109	181	131	168	146	198	195	146	176	102	139	160	159	196	197	182	185	176	171	100	146	
153	198	119	131	115	190	174	103	164	124	103	157	146	130	105	114	144	184	150	129	123	103	155	145	116	108	154	100	
DEPOTS_TO_LOCAL_TURN_MATRIX
178	126	146	128	158	183	190	116	126	192	172	152	137	169	101	103	186	134	100	184	199	137	130	160	148	113	140	150	
190	122	146	177	107	160	134	134	144	117	200	115	100	117	136	198	195	141	170	172	149	199	100	106	150	116	118	145	
128	132	121	164	118	122	113	190	140	127	154	100	157	125	125	177	168	177	140	143	137	115	194	100	128	167	115	155	
LOCAL_TO_DEPOT_TURN_MATRIX
122	174	154	172	142	117	110	184	174	108	128	148	163	131	199	197	114	166	100	116	101	163	170	140	152	187	160	150	
110	178	154	123	193	140	166	166	156	183	100	185	200	183	164	102	105	159	130	128	151	101	100	194	150	184	182	155	
172	168	179	136	182	178	187	110	160	173	146	200	143	175	175	123	132	123	160	157	163	185	106	100	172	133	185	145	

