INDEX_PROBLEM
1
PATIENTS
800
STRETCHERS
16
NUM_ROOM
28
NUM_DEPOT
3
NUM_PRIORITY
4
PRIORITY_LIST
0	1	2	3	4
PRIORITY_WEIGHT
0	1	10	18	30
PRIORITY_JOB
0	2	2	3	2	3	2	3	3	1	2	3	4	3	3	3	4	4	2	2	3	1	3	2	3	2	3	3	2	3	4	2	2	3	4	1	2	3	3	3	4	3	3	4	2	2	3	3	3	2	3	3	1	4	2	3	3	1	1	2	3	4	1	1	2	2	2	4	3	1	2	3	3	1	1	2	3	3	1	2	1	2	2	3	1	3	4	3	3	1	4	1	2	3	2	1	1	3	2	2	3	1	4	2	3	1	4	2	3	3	2	2	1	3	1	2	3	4	1	2	3	1	2	2	3	4	1	2	1	1	2	3	3	1	3	4	3	3	2	2	3	2	1	2	1	1	3	3	4	2	3	4	2	1	1	2	3	4	2	1	2	1	2	3	3	1	4	3	2	1	1	1	2	3	4	2	1	1	2	2	3	1	1	3	3	4	1	2	3	3	4	2	1	2	2	2	3	1	2	3	3	1	1	2	3	3	1	1	2	3	4	2	2	3	4	2	3	1	1	4	1	2	1	2	1	4	3	2	1	3	3	2	3	3	1	1	4	2	2	2	1	1	3	1	2	3	3	2	3	4	1	2	2	3	2	1	1	4	1	2	3	3	3	3	4	2	1	1	2	2	1	2	1	3	4	1	2	3	2	3	4	1	3	1	1	1	2	2	2	1	3	4	2	2	3	2	3	3	1	1	1	2	3	1	1	2	3	2	3	2	2	3	3	1	1	4	1	2	1	2	1	4	3	3	4	2	3	2	4	2	1	1	3	1	2	1	1	3	2	3	3	1	2	4	2	3	3	1	1	4	2	2	1	2	2	3	1	2	3	3	2	3	3	1	4	2	1	1	2	2	3	1	2	3	3	3	4	3	1	1	4	1	2	1	1	2	2	3	1	3	3	3	4	2	2	3	1	1	1	1	2	2	3	4	1	2	2	2	3	3	1	1	4	1	1	2	3	1	2	3	3	2	2	3	3	2	1	1	3	1	1	2	1	2	3	3	4	4	3	3	4	2	2	1	1	3	2	1	1	4	1	2	3	2	3	2	3	2	3	1	1	3	2	1	2	2	2	3	2	1	3	2	3	3	1	3	4	1	1	2	2	2	3	1	2	3	4	3	1	3	1	1	3	1	2	1	4	2	2	3	1	3	4	3	1	2	3	1	1	3	2	1	2	2	2	3	4	2	3	2	3	1	1	3	1	1	1	3	2	3	3	4	2	2	3	4	2	2	1	1	3	1	1	2	1	2	3	3	2	3	3	3	4	2	1	1	3	1	1	2	4	1	2	3	3	2	3	4	2	2	3	1	1	4	2	1	1	2	3	3	1	2	3	2	3	3	1	1	4	2	1	2	1	2	3	4	1	2	3	3	3	3	1	1	3	2	1	1	1	2	2	3	4	1	3	4	3	2	3	1	1	3	2	2	1	2	2	3	2	3	2	3	3	4	1	1	3	1	1	1	2	2	3	4	2	2	2	3	3	3	1	1	1	2	1	1	2	3	3	4	2	4	3	3	4	2	1	1	3	1	1	1	2	2	3	3	2	2	3	2	3	3	1	1	4	2	1	2	1	3	3	1	2	3	3	2	3	1	1	4	2	2	1	1	2	3	3	1	2	3	3	3	4	1	1	4	2	1	2	2	1	2	3	4	1	2	3	3	4	3	1	1	2	2	2	1	1	3	3	2	3	3	2	3	3	1	1	1	2	3	2	1	1	1	1	4	2	2	2	1	2	1	1	3	4	1	2	1	2	1	1	2	3	1	1	1	1	1	3	2	2	2	1	1	2	1	1	3	4	1	2	1	2	1	1	2	3	3	1	1	2
TIME_ASKED
0	28849	28898	28947	28996	29045	29094	29149	29198	29247	29296	29345	29394	29429	29458	29487	29516	29545	29574	29603	29632	29661	29690	29742	29784	29826	29868	29910	29952	29994	30029	30058	30087	30116	30145	30174	30203	30232	30261	30290	30329	30358	30387	30416	30445	30474	30503	30532	30561	30590	30621	30642	30663	30684	30705	30726	30747	30768	30789	30810	30831	30852	30873	30894	30949	30998	31047	31096	31145	31194	31227	31254	31281	31308	31335	31362	31389	31416	31443	31470	31497	31524	31548	31572	31596	31620	31644	31668	31692	31716	31740	31764	31788	31837	31874	31911	31948	31985	32022	32059	32096	32159	32218	32277	32336	32395	32419	32438	32457	32476	32495	32514	32533	32552	32571	32590	32609	32628	32647	32666	32685	32759	32818	32877	32936	32995	33027	33054	33081	33108	33135	33162	33189	33216	33243	33270	33297	33333	33366	33399	33432	33465	33498	33531	33564	33597	33616	33632	33648	33664	33680	33696	33712	33728	33744	33760	33776	33792	33808	33824	33840	33856	33872	33888	33933	33966	33999	34032	34065	34098	34131	34164	34197	34242	34284	34326	34368	34410	34452	34494	34533	34566	34599	34632	34665	34698	34731	34764	34797	34827	34854	34881	34908	34935	34962	34989	35016	35043	35070	35097	35137	35174	35211	35248	35285	35322	35359	35396	35433	35466	35499	35532	35565	35598	35631	35664	35697	35723	35746	35769	35792	35815	35838	35861	35884	35907	35930	35953	35976	35999	36023	36046	36069	36092	36115	36138	36161	36184	36207	36230	36253	36276	36299	36327	36354	36381	36408	36435	36462	36489	36516	36543	36570	36597	36619	36638	36657	36676	36695	36714	36733	36752	36771	36790	36809	36828	36847	36866	36885	36949	36998	37047	37096	37145	37194	37259	37318	37377	37436	37495	37549	37598	37647	37696	37745	37794	37827	37854	37881	37908	37935	37962	37989	38016	38043	38070	38097	38123	38146	38169	38192	38215	38238	38261	38284	38307	38330	38353	38376	38399	38419	38438	38457	38476	38495	38514	38533	38552	38571	38590	38609	38628	38647	38666	38685	38742	38784	38826	38868	38910	38952	38994	39029	39058	39087	39116	39145	39174	39203	39232	39261	39290	39349	39398	39447	39496	39545	39594	39633	39666	39699	39732	39765	39798	39831	39864	39897	39937	39974	40011	40048	40085	40122	40159	40196	40242	40284	40326	40368	40410	40452	40494	40542	40584	40626	40668	40710	40752	40794	40849	40898	40947	40996	41045	41094	41133	41166	41199	41232	41265	41298	41331	41364	41397	41423	41446	41469	41492	41515	41538	41561	41584	41607	41630	41653	41676	41699	41749	41798	41847	41896	41945	41994	42099	42198	42297	42342	42384	42426	42468	42510	42552	42594	42699	42798	42897	42923	42946	42969	42992	43015	43038	43061	43084	43107	43130	43153	43176	43199	43237	43274	43311	43348	43385	43422	43459	43496	43549	43598	43647	43696	43745	43794	43899	43998	44097	44159	44218	44277	44336	44395	44459	44518	44577	44636	44695	44799	44898	44997	45033	45066	45099	45132	45165	45198	45231	45264	45297	45337	45374	45411	45448	45485	45522	45559	45596	45637	45674	45711	45748	45785	45822	45859	45896	45959	46018	46077	46136	46195	46249	46298	46347	46396	46445	46494	46537	46574	46611	46648	46685	46722	46759	46796	46821	46842	46863	46884	46905	46926	46947	46968	46989	47010	47031	47052	47073	47094	47199	47298	47397	47437	47474	47511	47548	47585	47622	47659	47696	47737	47774	47811	47848	47885	47922	47959	47996	48049	48098	48147	48196	48245	48294	48324	48348	48372	48396	48420	48444	48468	48492	48516	48540	48564	48588	48627	48654	48681	48708	48735	48762	48789	48816	48843	48870	48897	48937	48974	49011	49048	49085	49122	49159	49196	49233	49266	49299	49332	49365	49398	49431	49464	49497	49537	49574	49611	49648	49685	49722	49759	49796	49827	49854	49881	49908	49935	49962	49989	50016	50043	50070	50097	50149	50198	50247	50296	50345	50394	50424	50448	50472	50496	50520	50544	50568	50592	50616	50640	50664	50688	50737	50774	50811	50848	50885	50922	50959	50996	51027	51054	51081	51108	51135	51162	51189	51216	51243	51270	51297	51324	51348	51372	51396	51420	51444	51468	51492	51516	51540	51564	51588	51637	51674	51711	51748	51785	51822	51859	51896	51933	51966	51999	52032	52065	52098	52131	52164	52197	52259	52318	52377	52436	52495	52517	52534	52551	52568	52585	52602	52619	52636	52653	52670	52687	52704	52721	52738	52755	52772	52789	52859	52918	52977	53036	53095	53137	53174	53211	53248	53285	53322	53359	53396	53459	53518	53577	53636	53695	53733	53766	53799	53832	53865	53898	53931	53964	53997	54027	54054	54081	54108	54135	54162	54189	54216	54243	54270	54297	54374	54448	54522	54596	54627	54654	54681	54708	54735	54762	54789	54816	54843	54870	54897	55049	55198	55237	55274	55311	55348	55385	55422	55459	55496	55574	55648	55722	55796	55827	55854	55881	55908	55935	55962	55989	56016	56043	56070	56097	56399	56499	56598	56697	56733	56766	56799	56832	56865	56898	56931	56964	56997	57049	57098	57147	57196	57245	57294	57359	57418	57477	57536	57595
ORIGIN
26	16	6	27	19	25	27	23	14	14	14	10	2	14	14	11	23	14	3	23	14	14	26	16	14	14	14	7	14	14	27	7	23	9	1	23	14	14	23	4	4	14	2	3	24	14	14	14	8	6	27	18	7	27	20	8	14	14	17	2	23	23	2	26	1	18	23	14	4	14	25	1	14	25	1	27	14	14	3	14	1	1	23	11	4	2	14	2	13	27	23	14	14	5	5	1	14	27	18	7	27	20	20	1	14	14	17	2	12	2	2	14	14	14	14	4	24	15	1	27	16	27	27	3	3	14	14	14	2	23	10	2	23	4	14	23	16	16	14	15	14	27	27	16	14	2	23	27	20	14	14	14	13	2	27	27	20	24	14	14	8	14	6	24	15	4	26	16	8	7	26	14	14	14	14	18	14	1	3	23	12	2	25	14	14	27	27	14	14	11	11	8	14	14	1	20	8	2	2	14	1	27	27	2	14	14	4	2	7	5	1	14	4	23	20	5	14	2	1	17	1	14	3	14	14	14	14	12	2	23	14	3	26	14	4	14	11	14	23	25	16	23	3	8	27	23	14	1	14	12	12	14	14	16	27	16	14	27	23	7	26	23	5	14	16	14	20	26	14	14	14	14	10	27	3	3	23	13	3	23	10	1	14	15	11	14	25	14	14	26	2	2	23	8	26	26	10	2	26	14	14	2	27	14	25	11	14	27	16	5	1	1	7	2	1	20	3	14	14	2	14	14	14	14	13	2	27	14	5	20	23	23	23	7	14	3	14	14	23	12	8	1	23	10	2	14	12	14	26	14	14	3	14	14	14	8	5	26	25	2	14	4	23	1	14	14	23	14	20	16	14	4	2	23	14	4	20	2	4	7	7	23	26	14	10	7	11	2	1	23	10	1	23	16	27	11	14	14	14	14	14	14	11	27	14	16	6	3	14	11	14	14	14	14	27	10	27	4	14	26	23	14	3	16	14	4	26	14	1	26	26	14	7	27	3	23	23	10	1	3	11	20	14	20	14	27	14	14	27	11	11	20	16	6	27	19	7	27	22	2	12	2	14	26	2	26	12	3	14	3	23	14	14	14	3	14	1	14	16	26	26	14	2	13	9	26	23	11	2	13	23	1	27	14	14	14	14	20	8	1	5	27	18	7	20	14	11	14	14	2	2	22	2	2	2	26	3	23	14	4	24	11	26	26	25	4	26	26	2	26	12	2	1	23	11	2	23	14	4	14	14	27	14	27	15	7	27	23	26	17	7	27	20	3	14	14	2	2	27	20	2	26	14	26	23	14	4	24	15	4	3	3	14	26	26	14	14	2	23	1	23	10	2	23	12	12	14	11	27	15	15	14	14	2	14	26	16	7	27	20	27	23	23	27	9	9	20	2	27	26	16	23	14	3	24	14	4	11	3	3	3	14	14	2	14	2	8	23	10	2	1	12	14	1	1	14	14	14	14	27	11	26	1	14	7	4	19	8	14	8	4	3	23	20	2	14	23	27	23	14	3	24	14	4	3	14	14	1	14	14	2	26	14	12	14	10	1	23	12	2	23	14	14	27	14	27	23	11	15	23	16	6	27	19	10	27	22	14	20	20	2	2	22	14	16	11	14	3	23	14	4	20	4	27	26	27	1	1	26	14	26	13	9	1	23	11	2	23	14	23	14	14	27	27	11	14	1	3	6	27	18	14	27	21	8	14	17	10	2	23	14	2	19	14	3	23	27	14	25	16	12	12	25	7	27	14	14	14	14	9	1	23	11	4	23	13	14	14	14	3	24	14	1	4	14	5	27	18	7	27	20	8	1	17	2	1	23	2	2	7	14
DESTINATION
3	14	17	2	22	14	2	26	3	3	3	14	14	25	16	12	1	25	14	4	9	9	3	14	1	1	1	20	4	4	23	13	27	14	14	27	5	5	1	14	14	5	27	14	2	20	20	8	14	17	2	27	20	2	14	14	1	16	6	14	27	1	27	23	23	27	3	26	14	2	14	14	2	14	23	2	16	4	26	16	14	14	27	15	14	27	16	14	7	23	27	9	26	14	14	23	4	2	27	20	2	14	14	14	8	8	6	27	11	27	27	20	8	2	26	14	2	14	23	18	14	18	18	23	23	25	25	1	14	27	14	14	27	14	8	1	14	14	1	11	2	2	2	14	2	27	27	2	14	5	4	2	7	27	18	18	7	2	20	1	14	1	17	2	14	14	3	14	14	13	14	4	4	4	4	27	16	23	14	27	11	14	14	25	16	23	23	10	2	12	12	14	16	16	14	14	14	27	27	16	14	2	2	27	20	20	14	14	13	14	23	26	14	3	14	14	10	24	14	6	14	4	26	16	8	1	15	11	14	1	25	14	14	26	14	3	12	2	27	14	14	27	26	14	2	27	5	14	25	11	11	1	20	14	2	14	1	2	1	20	3	1	14	2	14	5	14	14	4	4	20	5	14	23	23	23	1	7	14	3	14	14	1	14	12	2	14	3	26	14	14	14	26	14	3	3	14	14	3	8	8	27	23	1	14	12	1	2	14	14	23	14	20	27	23	7	26	16	5	14	16	16	8	4	7	14	23	26	14	7	3	3	3	13	3	23	10	10	27	11	14	14	27	14	14	4	11	2	23	8	1	26	10	2	2	14	14	3	14	27	10	14	27	14	16	16	1	1	7	14	26	14	14	1	26	14	7	27	14	13	13	27	14	5	14	20	20	14	14	27	14	14	27	14	23	12	8	1	1	10	2	2	12	2	4	14	17	14	26	12	8	5	8	5	2	14	2	14	4	3	1	25	14	16	26	14	14	4	23	14	14	4	20	2	23	1	27	14	14	14	20	11	2	11	2	23	10	1	23	12	12	14	14	17	2	22	23	2	2	27	11	27	3	14	27	14	11	26	25	14	4	26	2	26	26	4	23	3	16	14	14	4	14	7	14	14	27	15	14	7	3	23	23	10	1	3	3	11	14	14	14	2	27	20	11	26	20	20	16	27	27	19	14	27	22	3	14	3	26	14	2	12	3	3	14	23	14	14	14	14	11	14	14	27	15	14	7	2	14	2	9	23	26	23	11	13	23	27	3	9	20	2	14	26	8	1	27	27	18	7	27	14	8	3	3	26	14	2	14	14	26	26	3	14	14	4	26	14	1	14	27	14	14	27	11	11	26	12	23	11	11	1	2	14	4	3	16	20	2	14	23	27	27	23	17	17	7	27	2	3	14	1	26	14	2	26	14	12	23	26	23	4	4	24	15	14	14	27	14	14	23	11	15	23	23	1	10	10	2	23	12	3	14	20	20	14	22	14	16	14	14	26	27	7	27	20	27	23	27	26	14	1	26	14	26	16	16	23	3	3	24	14	4	11	8	14	14	27	11	14	1	3	8	23	2	23	1	12	14	1	14	17	2	22	14	2	19	1	14	7	27	27	19	8	14	12	25	14	5	26	14	14	14	23	14	23	24	24	14	4	3	7	14	14	27	20	14	1	4	27	10	1	23	23	12	2	23	14	17	2	27	16	2	7	14	16	6	14	14	7	10	27	22	25	14	4	2	16	14	14	11	11	14	20	2	4	4	20	4	14	14	27	15	14	27	7	9	1	1	14	1	2	23	14	4	14	2	27	20	2	14	14	14	6	27	14	27	27	27	21	8
DUE_DATE
0	30427	30476	30045	30574	30143	30672	30247	30296	31545	30874	30443	29952	30527	30556	30585	30074	30103	31152	31181	30730	31959	30788	31320	30882	31404	30966	31008	31530	31092	30587	31636	31665	31214	30703	32472	31781	31330	31359	31388	30887	31456	31485	30974	32023	32052	31601	31630	31659	32168	31719	31740	32961	31242	32283	31824	31845	33066	33087	32388	31929	31410	33171	33192	32527	32576	32625	31654	32243	33492	32805	32352	32379	33606	33633	32940	32487	32514	33741	33048	33795	33102	33126	32670	33894	32718	32202	32766	32790	34014	32298	34062	33366	32935	33452	34209	34246	33083	33600	33637	33194	34457	32776	33855	33434	34693	32977	34016	33555	33574	34073	34092	34831	33650	34869	34168	33707	33186	34945	34244	33783	35057	34396	34455	34034	33553	35325	34632	35379	35406	34713	34260	34287	35514	34341	33828	34395	34431	34944	34977	34530	35043	35796	35109	35862	35895	34714	34730	34206	35242	34778	34254	35290	36026	36042	35338	34874	34350	35386	36122	35418	36154	35450	34986	35031	36264	34557	35130	35643	36396	36429	36462	35775	35340	34842	35904	36666	36708	36030	36072	35631	36864	36897	35730	35763	35256	37029	36342	35895	35925	35412	36459	37206	36513	36540	36567	36114	37341	36648	36195	36235	37472	37509	36826	36383	36420	37657	37694	37011	36564	36057	37110	37143	36696	36189	37242	36795	38021	38044	36327	38090	37393	38136	37439	38182	36465	37028	37531	38274	37097	37121	37624	37167	37190	38413	38436	36719	37762	37785	37808	38551	38574	37397	38625	37932	37479	37506	38013	37560	37047	38814	38121	38148	37695	38197	38936	38955	37234	38993	38292	37831	37850	37869	37888	37367	38406	39145	39164	38463	38527	39296	38625	39394	38243	37752	39557	38896	38475	39014	38593	38107	39896	38745	39994	40043	40092	39405	39432	39459	40206	39033	38520	39567	39594	39141	39648	39195	39221	40444	40467	40490	39793	39336	40559	40582	39885	39428	39931	39474	39977	39997	39536	39555	40774	40793	39072	40831	40130	40869	40168	40907	39186	39745	39764	39243	40320	39882	40404	39426	40488	41250	41292	40127	41356	40665	41414	41443	40272	40781	40330	40359	41588	40927	39956	41025	40594	40643	41892	41931	40224	41277	41310	42063	41376	41409	40962	42195	41515	41072	41109	41626	41183	41220	42457	40754	41820	42582	42624	41946	41988	41550	42792	42120	41682	41724	41766	41268	41850	43092	43147	41456	43245	42574	43343	43392	42711	42744	42297	43530	42363	42396	42429	41922	42975	43001	42544	43767	43790	43813	43836	43139	43162	42705	42188	43951	43254	43277	43327	42896	42945	44194	44243	42552	44397	44496	43875	43440	44682	44004	43566	43608	44130	44172	43797	43896	44475	45221	45244	44067	45290	45313	44616	45359	44662	44205	44228	43711	43734	44297	44335	43832	44889	44926	45683	45720	44557	45074	45847	45896	44205	45994	45323	44892	45477	45096	45675	45257	45796	45375	46634	46693	45557	46096	46875	46214	46273	46377	45996	46575	47331	46164	46677	46230	46263	47496	46329	45822	47595	47635	46952	46989	47026	46583	47820	47137	46694	46195	46772	48009	46846	48083	48120	46957	48194	47537	48316	46635	47714	47773	47347	48596	47445	46954	47543	48792	48115	47672	48909	48946	47783	48300	49057	48374	48399	48420	47961	47442	48483	48024	48525	48066	49287	49308	48129	49350	49371	49392	48297	48876	48495	48535	48032	49089	49126	48683	48180	49237	49274	50035	50072	48909	50146	50183	49500	50257	49574	49147	49196	49725	49294	49343	49392	48882	49926	50670	50694	49518	50742	50766	50070	49074	50838	50142	49686	49725	50232	49779	49266	50313	50340	49887	51114	51141	49428	50475	51235	51272	50589	50146	50183	51420	50737	50294	50811	50364	50397	51630	51663	49956	51009	51762	51075	51835	51152	50709	50206	51983	51300	50857	50894	50925	50952	52179	52206	51033	51540	52287	52314	52341	51648	51675	51247	50756	52545	51394	50903	51492	52002	51546	52770	52794	51618	52122	52146	52890	52194	52218	51762	52266	51835	52352	51909	51946	51443	53220	53257	52094	53325	53352	53379	52686	52713	52260	51747	52794	52821	52848	52395	52422	52446	53670	53694	53718	53022	53766	53790	53094	52638	52662	52146	53215	52232	52809	52846	52343	53400	54157	54194	53031	54264	54297	54330	53643	53676	53229	53262	53775	53837	53416	53955	53534	53593	54815	54832	53109	54146	54883	54180	54917	53734	53751	54968	54265	53802	53819	54316	53853	55070	55087	53417	54496	54555	55334	55393	54715	54272	54309	55546	54863	54420	54457	54494	54017	55816	55875	54194	55273	56031	55344	55377	56130	55443	54996	54489	56262	55575	55125	55152	54639	55206	56433	56460	55767	55794	55821	56568	56595	55472	55546	56100	55694	55725	56232	55779	55806	57033	57060	57087	56394	55941	56448	57195	57347	57496	57535	55832	56889	56926	56963	57720	57037	57794	57872	56746	56280	58094	57405	58152	57459	58206	58233	57540	57087	58314	58341	58368	58395	58697	57597	58176	58275	58311	59064	59097	58410	59163	59196	58029	57522	59295	58627	59396	58725	59494	59543	58872	58457	58516	59775	59834	59173
TRANSPORT_MODE
0	2	2	1	1	2	0	0	2	1	1	1	2	0	0	0	0	2	1	1	1	2	0	0	0	2	1	1	2	0	0	0	2	1	1	1	1	0	0	0	0	2	2	1	1	2	0	0	2	1	1	1	1	0	0	0	0	3	3	1	1	2	0	0	0	2	1	1	1	3	0	0	0	3	1	1	1	2	0	0	0	1	1	1	3	0	0	0	0	3	1	1	1	1	0	0	0	2	2	1	1	3	0	0	0	3	1	1	1	1	0	0	0	0	2	2	1	1	3	0	0	3	1	1	1	2	0	0	0	2	1	1	1	3	0	0	0	0	1	1	1	2	0	0	0	2	1	1	1	1	0	0	0	3	3	1	1	2	0	0	0	2	1	1	1	1	0	0	0	0	3	3	1	1	2	0	0	0	2	1	1	1	3	0	0	0	3	1	1	1	2	0	0	0	1	1	1	3	0	0	0	3	1	1	1	2	0	0	0	0	1	2	1	1	0	0	0	3	3	1	1	1	0	0	0	0	2	2	1	1	1	0	0	0	3	3	1	1	1	0	0	0	2	2	1	1	1	0	0	0	3	1	1	1	0	0	0	2	2	1	1	1	0	0	0	0	3	3	1	1	0	0	0	1	2	2	1	1	0	0	0	0	1	3	3	1	1	0	0	0	1	2	2	1	1	0	0	0	3	3	1	1	1	0	0	0	2	1	1	1	0	0	0	3	3	1	1	1	0	0	0	0	1	2	2	1	0	0	0	1	3	3	1	1	0	0	0	0	1	1	2	2	1	0	0	0	1	3	3	1	1	0	0	0	1	2	2	1	1	0	0	0	1	3	1	1	0	0	0	1	2	2	1	1	0	0	0	1	3	3	1	0	0	0	0	1	2	2	1	1	0	0	0	0	1	1	3	3	1	0	0	1	2	2	0	1	1	0	0	1	3	3	1	1	0	0	0	0	1	2	1	1	0	0	0	1	3	3	1	1	0	0	0	1	2	2	1	0	0	0	0	1	1	3	3	1	0	0	0	1	1	2	2	1	0	0	0	1	1	3	3	1	0	0	0	1	2	2	1	1	0	0	0	1	3	1	1	0	0	0	1	2	2	1	1	0	0	0	0	1	3	3	1	0	0	0	1	1	2	2	1	0	0	0	0	1	1	3	3	1	0	0	0	1	1	2	2	1	0	0	1	3	3	1	1	0	0	0	1	2	2	1	0	1	0	0	0	1	3	3	1	1	0	0	0	1	2	2	1	0	0	0	1	1	3	3	1	0	0	0	0	1	1	2	2	1	0	0	0	1	1	3	3	1	0	0	0	1	2	2	1	1	0	0	0	1	3	3	1	1	0	0	0	1	2	2	1	1	0	0	0	1	3	3	1	0	0	0	0	1	2	2	1	1	0	0	0	1	1	3	3	1	0	0	0	1	2	2	1	1	0	0	0	1	3	3	1	1	0	0	0	1	2	2	1	1	0	0	0	1	3	3	1	1	0	0	0	1	2	2	1	0	0	0	0	1	3	3	1	1	0	0	0	1	1	2	2	1	0	0	0	1	3	3	1	1	0	0	0	1	2	2	1	1	0	0	0	3	3	1	1	1	0	0	0	2	2	1	1	1	0	0	0	3	3	1	1	0	0	0	0	1	2	2	1	1	0	0	0	1	3	3	1	1	0	0	0	1	2	2	1	1	0	0	0	3	3	1	1	1	0	0	0	3	3	1	1	1	0	0	0	3	3	1	1	1	0	0	0	3	3	1	1	0	0	0	3	3	1	1	1	0	0	0	0	3	3	1	1	1	0	0	0	3	3	1	1	1	0	0	0
PATIENT_WEIGHT
54	77	138	55	37	137	91	138	54	66	55	74	121	133	41	127	71	58	75	100	87	63	30	72	89	31	102	146	140	139	118	133	101	117	123	112	32	119	48	68	80	43	80	89	139	31	57	96	94	85	46	101	149	138	120	58	84	129	97	146	83	34	87	114	81	90	50	109	46	93	68	120	43	64	127	96	125	124	39	63	104	114	139	30	52	122	83	39	32	56	137	147	70	43	110	111	112	97	85	119	84	134	99	147	91	32	118	112	93	44	77	136	115	135	116	83	79	49	58	134	89	110	136	131	48	44	141	61	118	86	61	94	51	148	98	44	69	67	96	88	115	141	89	55	140	87	86	61	32	145	61	81	43	150	106	137	67	124	57	114	31	128	78	96	105	133	147	112	34	99	116	83	144	115	69	59	114	100	52	83	39	49	149	118	94	132	75	123	116	102	52	124	35	121	149	82	43	49	100	35	136	78	36	105	78	66	68	65	127	122	89	46	34	145	120	108	35	57	73	115	30	116	81	61	70	141	59	53	82	47	82	62	95	140	110	100	137	109	75	30	48	31	135	50	82	127	150	51	133	67	130	128	131	32	77	135	144	53	73	111	145	72	91	114	85	100	79	140	149	43	123	57	138	124	79	79	101	69	36	30	115	77	97	66	89	98	44	122	121	72	106	74	138	31	43	124	31	88	96	89	98	149	97	142	147	123	65	123	118	84	146	47	90	41	96	50	107	140	67	55	95	99	112	61	62	110	103	144	103	108	74	120	53	132	101	66	31	84	83	72	130	126	79	86	108	118	124	47	149	115	144	100	81	39	108	59	55	61	92	110	141	92	145	148	49	143	117	30	109	80	97	44	101	91	123	105	146	38	51	64	71	71	99	98	108	87	109	37	46	43	117	64	101	121	143	61	98	121	35	79	72	94	59	130	131	94	110	37	131	143	39	61	32	111	56	139	52	142	69	81	149	135	144	99	86	63	65	49	75	115	63	46	148	116	135	79	63	85	96	61	43	93	99	144	137	150	147	35	98	41	147	126	99	144	41	40	30	105	38	140	112	138	57	48	81	145	133	106	66	112	111	30	47	112	47	104	83	66	45	67	141	148	39	32	132	60	86	97	50	33	133	72	37	55	43	119	150	39	72	95	77	36	148	51	102	87	83	109	35	76	142	44	41	43	61	33	30	106	79	93	64	150	34	142	132	39	72	48	62	44	43	99	31	114	85	133	145	140	143	74	138	114	111	143	64	118	142	80	122	103	66	64	137	54	30	72	58	150	63	64	124	118	34	107	106	73	101	96	141	121	30	30	120	39	85	141	36	33	94	108	89	37	88	51	32	45	101	46	138	145	141	114	51	84	82	125	130	138	116	99	60	79	145	67	74	143	147	33	82	96	102	77	144	50	109	57	141	75	76	106	134	114	109	56	73	139	83	87	38	59	84	102	127	86	107	150	49	35	120	118	137	115	77	83	43	38	143	106	56	144	73	79	104	82	103	129	83	57	69	99	81	55	45	98	35	150	82	111	140	30	59	126	59	140	34	39	129	104	129	137	48	93	47	103	55	107	115	100	88	54	108	56	90	88	116	120	56	37	98	118	80	42	117	104	97	132	139	109	73	57	47	150	72	66	111	148	102	104	82	87	137	59	42	30	124	83	99	112	89	53	57	36	70	135	55	74	53	73	47	91	109	61	121	149	66	31	48	64	96	91	55	49	83	68	103	135	47	106	62	44	30	65	148	77	73	88	48	106	61	145	149	104	71	106	139	117	63	66	129	114	124	140	59	97	144	85	82	140	47	52	136	76	121	141	58	139	76	92	62	104	42
DISTANCE_MATRIX
0	360	318	300	288	276	264	264	150	150	150	60	90	90	162	168	204	228	234	312	360	408	348	318	168	192	168	318
360	60	264	318	324	342	342	342	348	348	354	360	372	378	378	420	420	480	462	498	462	462	384	420	372	420	378	378
318	264	60	270	276	288	288	288	294	294	294	318	318	324	324	414	414	468	462	486	462	462	330	366	366	408	372	324
300	318	270	60	276	288	288	288	288	288	288	300	300	312	318	408	408	468	462	486	438	438	318	360	360	402	360	312
288	324	276	276	60	276	276	276	276	276	276	288	288	300	300	402	396	462	456	480	432	432	300	360	360	402	348	300
276	342	288	288	276	60	180	180	252	258	264	264	264	288	288	390	390	456	450	480	432	432	288	348	348	348	288	288
264	342	288	288	276	180	60	180	246	258	264	264	264	288	288	390	390	456	450	480	432	432	288	348	348	348	288	288
264	342	288	288	276	180	180	60	240	258	264	264	264	288	288	390	390	456	450	480	432	432	288	348	348	348	288	288
150	348	294	288	276	252	246	240	60	120	120	150	126	270	270	378	384	420	438	480	420	408	276	300	300	300	276	270
150	348	294	288	276	258	258	258	120	60	120	150	150	270	270	378	384	420	438	480	420	408	276	300	300	300	276	270
150	354	294	288	276	264	264	264	120	120	60	150	150	270	270	378	384	420	438	480	420	408	276	300	300	300	276	270
60	360	318	300	288	264	264	264	150	150	150	60	90	162	168	228	234	312	360	408	348	318	168	192	192	198	168	162
90	372	318	300	288	264	264	264	150	150	150	90	60	162	168	228	234	312	360	408	348	318	168	192	192	198	168	162
90	378	324	312	300	288	288	288	270	270	270	162	162	60	120	180	180	306	210	360	300	300	120	180	120	180	120	234
162	378	324	318	300	288	288	288	270	270	270	168	168	120	60	180	180	306	210	360	300	300	120	180	120	180	120	120
168	420	414	408	402	348	348	348	300	300	300	228	228	180	180	60	132	204	132	348	258	258	186	60	180	132	222	180
204	420	414	408	396	390	390	390	384	384	384	234	234	180	180	132	60	204	132	348	258	258	186	60	180	132	222	180
228	480	468	468	462	456	456	456	420	420	420	312	312	306	306	204	204	60	198	120	240	240	306	204	306	138	306	306
234	462	462	462	456	450	450	450	438	438	438	360	360	210	210	132	132	198	60	138	132	132	210	132	210	132	210	210
312	498	486	486	480	480	480	480	480	480	480	408	408	360	360	348	348	120	138	60	348	348	360	348	360	348	360	360
360	462	462	438	432	432	432	432	420	420	420	348	348	300	300	258	258	240	132	348	60	60	300	258	300	258	300	300
408	462	462	438	432	432	432	432	408	408	408	318	318	300	300	258	258	240	132	348	60	60	300	258	300	258	300	300
348	384	330	318	300	288	288	288	276	276	276	168	168	120	120	186	186	306	210	360	300	300	60	186	120	186	120	120
318	420	366	360	360	348	348	348	300	300	300	192	192	180	180	60	60	204	132	348	258	258	186	60	180	60	180	180
168	372	300	306	300	288	288	288	270	270	270	168	168	120	120	180	180	306	210	360	300	300	120	180	60	180	120	120
192	420	408	402	402	348	348	348	300	300	300	198	198	180	180	132	132	138	132	348	258	258	186	60	180	60	180	180
168	378	372	360	348	288	288	288	276	276	276	168	168	120	120	222	222	306	210	360	300	300	120	180	120	180	60	120
318	378	324	312	300	288	288	288	270	270	270	162	162	234	120	180	180	306	210	360	300	300	120	180	120	180	120	60
DEPOTS_DISTANCE
234	462	462	462	456	450	450	450	438	438	438	360	360	210	210	132	132	198	60	138	132	132	210	132	210	132	210	210	
348	384	330	318	300	288	288	288	276	276	276	168	168	120	120	186	186	306	210	360	300	300	60	186	120	186	120	120	
318	420	366	360	360	348	348	348	300	300	300	192	192	180	180	60	60	204	132	348	258	258	186	60	180	60	180	180	
LOCATION_TURN_MATRIX
100	130	122	113	112	199	136	122	129	152	173	146	151	136	158	140	176	113	122	167	194	134	110	172	114	184	100	147	
170	100	154	188	164	169	136	136	152	170	104	183	155	115	101	104	155	187	174	115	149	134	178	168	114	135	168	102	
178	146	100	161	178	114	104	165	117	139	126	169	192	109	120	179	160	152	154	134	113	140	154	179	196	196	192	181	
187	112	139	100	158	114	195	181	104	132	195	106	183	169	132	170	140	136	172	148	116	110	123	136	151	120	176	169	
188	136	122	142	100	175	164	159	112	100	167	164	135	191	132	181	104	123	142	156	108	117	193	182	116	147	156	185	
101	131	186	186	125	100	190	147	164	150	137	102	145	176	185	131	113	108	117	186	118	151	140	178	154	189	172	110	
164	164	196	105	136	110	100	186	153	151	183	193	111	157	144	123	188	142	110	163	105	190	166	187	170	171	186	126	
178	164	135	119	141	153	114	100	106	130	108	103	151	178	122	151	130	133	184	177	110	141	166	110	122	174	191	197	
171	148	183	196	188	136	147	194	100	167	100	146	168	129	128	142	172	118	174	147	105	158	156	160	120	106	119	136	
148	130	161	168	200	150	149	170	133	100	177	106	175	116	188	180	176	194	108	146	130	187	183	173	128	141	169	176	
127	196	174	105	133	163	117	192	200	123	100	171	175	140	183	115	104	186	128	153	151	175	100	146	191	117	132	197	
154	117	131	194	136	198	107	197	154	194	129	100	136	184	140	147	172	184	148	131	103	156	185	200	152	158	154	143	
149	145	108	117	165	155	189	149	132	125	125	164	100	140	199	142	101	144	163	185	117	191	200	143	113	165	102	154	
164	185	191	131	109	124	143	122	171	184	160	116	160	100	109	116	196	113	131	186	166	139	183	175	144	161	105	170	
142	199	180	168	168	115	156	178	172	112	117	160	101	191	100	147	177	177	199	158	172	188	164	175	180	168	154	195	
160	196	121	130	119	169	177	149	158	120	185	153	158	184	153	100	152	159	197	157	181	159	102	123	168	200	124	186	
124	145	140	160	196	187	112	170	128	124	196	128	199	104	123	148	100	149	114	112	117	135	105	132	138	180	198	156	
187	113	148	164	177	192	158	167	182	106	114	116	156	187	123	141	151	100	166	132	168	163	159	123	129	173	161	116	
178	126	146	128	158	183	190	116	126	192	172	152	137	169	101	103	186	134	100	184	199	137	130	160	148	113	140	150	
133	185	166	152	144	114	137	123	153	154	147	169	115	114	142	143	188	168	116	100	111	195	128	157	191	164	141	171	
106	151	187	184	192	182	195	190	195	170	149	197	183	134	128	119	183	132	101	189	100	129	151	163	147	166	104	177	
166	166	160	190	183	149	110	159	142	113	125	144	109	161	112	141	165	137	163	105	171	100	101	185	169	129	103	197	
190	122	146	177	107	160	134	134	144	117	200	115	100	117	136	198	195	141	170	172	149	199	100	106	150	116	118	145	
128	132	121	164	118	122	113	190	140	127	154	100	157	125	125	177	168	177	140	143	137	115	194	100	128	167	115	155	
186	186	104	149	184	146	130	178	180	172	109	148	187	156	120	132	162	171	152	109	153	131	150	172	100	155	124	184	
116	165	104	180	153	111	129	126	194	159	183	142	135	139	132	100	120	127	187	136	134	171	184	133	145	100	129	192	
200	132	108	124	144	128	114	109	181	131	168	146	198	195	146	176	102	139	160	159	196	197	182	185	176	171	100	146	
153	198	119	131	115	190	174	103	164	124	103	157	146	130	105	114	144	184	150	129	123	103	155	145	116	108	154	100	
DEPOTS_TO_LOCAL_TURN_MATRIX
178	126	146	128	158	183	190	116	126	192	172	152	137	169	101	103	186	134	100	184	199	137	130	160	148	113	140	150	
190	122	146	177	107	160	134	134	144	117	200	115	100	117	136	198	195	141	170	172	149	199	100	106	150	116	118	145	
128	132	121	164	118	122	113	190	140	127	154	100	157	125	125	177	168	177	140	143	137	115	194	100	128	167	115	155	
LOCAL_TO_DEPOT_TURN_MATRIX
122	174	154	172	142	117	110	184	174	108	128	148	163	131	199	197	114	166	100	116	101	163	170	140	152	187	160	150	
110	178	154	123	193	140	166	166	156	183	100	185	200	183	164	102	105	159	130	128	151	101	100	194	150	184	182	155	
172	168	179	136	182	178	187	110	160	173	146	200	143	175	175	123	132	123	160	157	163	185	106	100	172	133	185	145	

