INDEX_PROBLEM
1
PATIENTS
800
STRETCHERS
16
NUM_ROOM
28
NUM_DEPOT
3
NUM_PRIORITY
4
PRIORITY_LIST
0	1	2	3	4
PRIORITY_WEIGHT
0	1	10	18	30
PRIORITY_JOB
0	2	3	4	1	2	3	3	3	4	2	3	3	3	4	4	4	2	3	4	2	3	4	3	2	3	4	2	3	4	4	4	3	4	4	2	2	3	4	3	3	4	2	3	4	4	3	4	4	1	2	3	4	4	3	4	4	1	1	2	3	3	2	1	1	4	1	2	3	1	3	4	3	1	4	2	2	3	2	1	2	4	2	3	4	1	3	4	3	1	4	2	2	3	1	1	2	4	2	3	1	3	4	4	3	1	4	4	1	2	1	2	2	3	4	2	3	4	4	3	4	1	1	3	4	1	2	1	1	2	3	4	2	3	3	3	4	1	1	3	4	2	2	1	2	3	4	2	2	3	3	3	4	1	4	4	2	1	1	2	1	3	4	1	2	3	4	3	4	1	1	4	2	2	2	2	1	3	3	4	1	2	4	3	4	1	1	3	4	2	1	2	1	3	3	4	2	3	3	3	4	1	1	4	4	2	1	2	1	3	2	3	4	2	3	4	3	3	1	1	4	4	2	1	2	2	1	2	3	4	4	4	4	2	1	1	3	3	2	1	1	4	1	2	3	4	3	3	3	2	1	1	3	3	2	1	1	4	2	3	4	2	4	3	4	2	1	3	4	2	1	2	3	4	2	3	4	1	4	3	4	2	1	1	3	1	2	2	1	4	2	3	3	4	4	3	4	1	2	1	1	3	2	1	1	4	2	3	3	4	3	3	4	2	1	1	3	4	2	1	2	2	2	3	4	3	3	4	4	4	1	1	2	3	1	2	1	4	1	2	3	3	4	4	3	4	2	1	1	3	2	2	1	3	4	1	2	3	3	3	4	4	2	1	1	3	1	2	1	3	4	2	3	4	3	4	3	2	2	1	4	1	2	1	3	4	2	3	4	4	3	4	2	3	1	1	1	1	2	2	2	4	2	4	3	3	3	4	4	1	1	1	2	1	2	1	3	4	2	3	3	3	3	4	4	2	1	1	3	1	2	1	4	2	2	3	3	4	3	4	1	4	2	1	1	3	2	1	2	4	1	2	3	3	4	4	3	4	2	3	1	1	2	2	1	4	4	1	2	3	4	3	3	4	2	1	1	3	1	1	2	3	4	2	3	4	4	3	3	2	2	1	1	3	1	2	1	4	4	2	3	4	4	3	4	1	1	2	1	1	2	2	2	3	4	2	3	4	4	3	4	4	1	1	1	2	1	2	1	3	4	2	3	3	3	3	4	4	2	1	1	3	2	1	2	4	2	2	3	4	3	3	4	2	3	1	1	4	1	1	2	2	4	1	2	3	3	4	4	2	3	1	1	4	2	1	2	4	1	2	3	4	3	4	4	2	1	1	3	3	1	2	1	4	2	3	4	2	3	4	3	2	1	1	3	4	1	2	1	3	4	2	3	4	2	4	3	4	2	3	1	1	2	2	1	2	4	2	3	4	4	4	3	1	1	1	2	3	2	1	4	4	2	3	3	4	3	4	3	2	1	1	3	4	2	1	1	2	2	3	4	2	3	4	4	3	1	1	4	4	2	1	2	2	2	2	3	2	3	4	4	3	1	1	4	4	1	2	2	1	2	3	4	2	3	4	3	3	1	1	3	4	1	1	2	2	3	4	2	2	4	3	3	1	1	3	4	2	1	2	1	3	4	4	2	2	4	3	4	4	1	1	3	2	2	2	1	3	4	4	1	2	3	4	4	1	1	3	4	2	2	1	2	1	1	3	3	4	1	1	2	1	1	2	3	4	1	2	2	1	1	2	2	3	1	2	2	1	1	4	3	2	1	1	2	1	4	4	2	1	1	2	1	1	1	2	3	4	2	1	2
TIME_ASKED
0	28849	28898	28947	28996	29045	29094	29149	29198	29247	29296	29345	29394	29429	29458	29487	29516	29545	29574	29603	29632	29661	29690	29742	29784	29826	29868	29910	29952	29994	30029	30058	30087	30116	30145	30174	30203	30232	30261	30290	30329	30358	30387	30416	30445	30474	30503	30532	30561	30590	30621	30642	30663	30684	30705	30726	30747	30768	30789	30810	30831	30852	30873	30894	30949	30998	31047	31096	31145	31194	31227	31254	31281	31308	31335	31362	31389	31416	31443	31470	31497	31524	31548	31572	31596	31620	31644	31668	31692	31716	31740	31764	31788	31837	31874	31911	31948	31985	32022	32059	32096	32159	32218	32277	32336	32395	32419	32438	32457	32476	32495	32514	32533	32552	32571	32590	32609	32628	32647	32666	32685	32759	32818	32877	32936	32995	33027	33054	33081	33108	33135	33162	33189	33216	33243	33270	33297	33333	33366	33399	33432	33465	33498	33531	33564	33597	33616	33632	33648	33664	33680	33696	33712	33728	33744	33760	33776	33792	33808	33824	33840	33856	33872	33888	33933	33966	33999	34032	34065	34098	34131	34164	34197	34242	34284	34326	34368	34410	34452	34494	34533	34566	34599	34632	34665	34698	34731	34764	34797	34827	34854	34881	34908	34935	34962	34989	35016	35043	35070	35097	35137	35174	35211	35248	35285	35322	35359	35396	35433	35466	35499	35532	35565	35598	35631	35664	35697	35723	35746	35769	35792	35815	35838	35861	35884	35907	35930	35953	35976	35999	36023	36046	36069	36092	36115	36138	36161	36184	36207	36230	36253	36276	36299	36327	36354	36381	36408	36435	36462	36489	36516	36543	36570	36597	36619	36638	36657	36676	36695	36714	36733	36752	36771	36790	36809	36828	36847	36866	36885	36949	36998	37047	37096	37145	37194	37259	37318	37377	37436	37495	37549	37598	37647	37696	37745	37794	37827	37854	37881	37908	37935	37962	37989	38016	38043	38070	38097	38123	38146	38169	38192	38215	38238	38261	38284	38307	38330	38353	38376	38399	38419	38438	38457	38476	38495	38514	38533	38552	38571	38590	38609	38628	38647	38666	38685	38742	38784	38826	38868	38910	38952	38994	39029	39058	39087	39116	39145	39174	39203	39232	39261	39290	39349	39398	39447	39496	39545	39594	39633	39666	39699	39732	39765	39798	39831	39864	39897	39937	39974	40011	40048	40085	40122	40159	40196	40242	40284	40326	40368	40410	40452	40494	40542	40584	40626	40668	40710	40752	40794	40849	40898	40947	40996	41045	41094	41133	41166	41199	41232	41265	41298	41331	41364	41397	41423	41446	41469	41492	41515	41538	41561	41584	41607	41630	41653	41676	41699	41749	41798	41847	41896	41945	41994	42099	42198	42297	42342	42384	42426	42468	42510	42552	42594	42699	42798	42897	42923	42946	42969	42992	43015	43038	43061	43084	43107	43130	43153	43176	43199	43237	43274	43311	43348	43385	43422	43459	43496	43549	43598	43647	43696	43745	43794	43899	43998	44097	44159	44218	44277	44336	44395	44459	44518	44577	44636	44695	44799	44898	44997	45033	45066	45099	45132	45165	45198	45231	45264	45297	45337	45374	45411	45448	45485	45522	45559	45596	45637	45674	45711	45748	45785	45822	45859	45896	45959	46018	46077	46136	46195	46249	46298	46347	46396	46445	46494	46537	46574	46611	46648	46685	46722	46759	46796	46821	46842	46863	46884	46905	46926	46947	46968	46989	47010	47031	47052	47073	47094	47199	47298	47397	47437	47474	47511	47548	47585	47622	47659	47696	47737	47774	47811	47848	47885	47922	47959	47996	48049	48098	48147	48196	48245	48294	48324	48348	48372	48396	48420	48444	48468	48492	48516	48540	48564	48588	48627	48654	48681	48708	48735	48762	48789	48816	48843	48870	48897	48937	48974	49011	49048	49085	49122	49159	49196	49233	49266	49299	49332	49365	49398	49431	49464	49497	49537	49574	49611	49648	49685	49722	49759	49796	49827	49854	49881	49908	49935	49962	49989	50016	50043	50070	50097	50149	50198	50247	50296	50345	50394	50424	50448	50472	50496	50520	50544	50568	50592	50616	50640	50664	50688	50737	50774	50811	50848	50885	50922	50959	50996	51027	51054	51081	51108	51135	51162	51189	51216	51243	51270	51297	51324	51348	51372	51396	51420	51444	51468	51492	51516	51540	51564	51588	51637	51674	51711	51748	51785	51822	51859	51896	51933	51966	51999	52032	52065	52098	52131	52164	52197	52259	52318	52377	52436	52495	52517	52534	52551	52568	52585	52602	52619	52636	52653	52670	52687	52704	52721	52738	52755	52772	52789	52859	52918	52977	53036	53095	53137	53174	53211	53248	53285	53322	53359	53396	53459	53518	53577	53636	53695	53733	53766	53799	53832	53865	53898	53931	53964	53997	54027	54054	54081	54108	54135	54162	54189	54216	54243	54270	54297	54374	54448	54522	54596	54627	54654	54681	54708	54735	54762	54789	54816	54843	54870	54897	55049	55198	55237	55274	55311	55348	55385	55422	55459	55496	55574	55648	55722	55796	55827	55854	55881	55908	55935	55962	55989	56016	56043	56070	56097	56399	56499	56598	56697	56733	56766	56799	56832	56865	56898	56931	56964	56997	57049	57098	57147	57196	57245	57294	57359	57418	57477	57536	57595
ORIGIN
26	16	6	27	19	25	27	23	14	14	14	10	2	14	14	11	23	14	3	23	14	14	26	16	14	14	14	7	14	27	7	23	23	9	1	23	14	14	23	4	2	14	2	3	2	2	14	14	8	6	27	18	7	27	20	8	26	14	17	2	23	23	2	26	1	18	23	14	4	14	25	1	14	1	1	27	14	9	9	3	14	1	23	11	4	4	14	1	13	14	27	14	14	5	27	14	27	27	18	7	27	20	20	1	14	14	17	2	12	2	2	14	14	14	14	4	24	15	1	27	16	1	27	3	3	14	14	14	2	23	10	2	23	4	14	23	16	14	14	15	14	27	16	14	7	2	23	27	20	14	14	14	13	14	2	27	20	14	14	14	8	14	6	24	15	4	26	16	8	27	26	26	14	14	23	18	14	14	3	23	12	2	25	14	14	27	14	14	14	11	8	1	14	14	1	20	8	2	2	14	1	27	27	2	14	14	4	2	7	8	8	14	4	23	20	5	14	2	1	17	1	14	3	14	14	14	14	12	2	23	14	3	26	14	14	27	27	11	14	25	16	16	3	8	27	23	14	1	23	12	16	14	14	16	27	16	14	14	2	7	26	23	5	14	16	14	14	26	26	14	14	10	10	24	15	3	23	13	3	23	10	1	11	14	14	25	14	14	14	26	14	2	23	8	26	26	10	2	26	26	14	27	5	14	27	11	11	27	16	5	1	1	7	2	27	20	3	14	14	2	14	5	14	14	13	2	27	14	5	20	14	23	1	7	14	3	14	14	1	12	8	1	23	10	2	14	12	14	26	14	3	3	14	14	3	8	5	26	25	2	14	4	23	12	2	14	23	14	20	27	23	4	2	23	14	4	20	2	4	20	7	14	23	26	26	7	14	2	1	23	10	1	14	16	27	11	14	14	27	14	14	4	11	27	14	16	6	3	14	11	14	14	14	14	27	10	10	14	27	26	23	14	3	16	14	4	14	14	14	26	14	7	7	7	27	14	23	10	1	3	14	20	14	5	14	27	27	14	14	14	23	20	16	6	27	19	7	27	22	2	12	4	17	2	14	12	8	3	14	3	23	14	14	14	26	23	3	14	25	14	16	14	14	13	9	26	23	11	2	13	23	2	4	14	27	14	14	11	2	1	5	27	18	7	20	14	11	14	14	14	17	2	22	2	2	26	3	23	14	26	24	11	26	26	25	4	4	26	2	26	27	2	1	23	11	14	23	14	4	7	14	27	27	15	14	3	7	23	26	17	7	14	20	3	14	14	14	2	27	20	11	23	20	26	23	14	4	24	15	4	3	3	14	26	26	3	2	12	3	1	23	10	2	14	12	12	14	14	27	15	15	26	7	2	14	26	16	7	27	23	27	23	1	3	9	9	20	1	14	8	16	23	14	3	24	14	4	11	3	3	3	26	14	2	14	11	14	23	10	2	1	12	14	1	14	27	27	14	14	26	11	11	1	14	7	4	19	1	14	26	4	3	23	20	2	27	23	27	27	14	3	24	14	4	3	14	1	26	14	14	26	14	12	14	14	10	1	23	12	2	23	14	14	14	14	27	11	15	12	23	16	6	27	19	10	27	22	14	14	20	2	2	22	14	16	14	14	3	23	14	20	20	4	23	26	27	1	1	26	14	26	13	9	1	23	11	2	23	14	23	14	14	27	27	11	14	1	1	6	27	18	14	27	21	8	14	17	10	2	23	14	2	19	14	3	23	27	19	25	16	12	4	25	7	27	14	14	14	14	9	1	23	24	4	23	13	27	7	14	3	24	14	14	1	4	5	27	18	7	27	20	8	27	17	2	1	23	2	2	7	14
DESTINATION
3	14	17	2	22	14	2	26	3	3	3	14	14	25	16	12	1	25	14	4	9	9	3	14	1	1	1	20	4	23	13	27	27	14	14	27	5	5	1	14	27	5	27	14	27	27	20	8	14	17	2	27	20	2	14	14	14	16	6	14	27	1	27	23	23	27	3	26	14	2	14	14	2	23	23	2	16	14	14	26	16	14	27	15	14	14	16	14	7	9	23	9	26	14	23	4	2	2	27	20	2	14	14	14	8	8	6	27	11	27	27	20	8	2	26	14	2	14	23	18	14	23	18	23	23	25	25	1	14	27	14	14	27	14	8	1	14	9	1	11	2	2	14	1	13	27	27	2	14	5	4	2	7	5	27	18	7	20	20	1	14	1	17	2	14	14	3	14	14	2	14	14	4	15	1	27	16	16	14	27	11	14	14	25	16	23	10	10	2	12	14	23	16	16	14	14	14	27	27	16	14	2	23	27	20	20	14	14	13	14	14	26	14	3	14	14	10	24	14	6	14	4	26	16	8	8	15	11	14	1	25	14	14	26	3	23	23	12	25	14	14	14	26	14	2	27	5	14	27	11	14	1	20	14	2	14	1	1	27	20	3	1	14	2	14	5	8	14	14	20	5	14	14	2	14	23	1	7	14	3	14	14	12	2	2	14	3	26	10	14	4	14	26	14	3	3	14	14	3	3	8	23	14	1	23	12	12	2	14	14	23	14	20	27	2	7	26	16	5	14	16	14	20	4	7	14	23	26	14	7	15	3	23	13	3	23	10	1	14	11	14	14	27	14	14	4	11	2	23	8	26	26	10	2	26	14	14	3	14	27	10	14	27	11	27	16	1	1	7	2	1	14	14	1	26	14	7	27	14	14	13	2	27	14	14	20	5	14	14	27	14	14	5	14	23	12	8	1	23	10	2	14	12	2	4	14	17	14	26	12	8	5	5	25	2	14	14	4	23	3	1	25	14	16	26	14	4	2	4	14	4	20	20	20	2	4	27	14	14	14	2	11	2	14	2	23	23	10	1	16	27	14	14	17	2	22	23	2	2	27	11	14	6	27	3	11	14	26	25	14	4	26	2	26	14	27	26	3	14	3	16	4	26	7	14	14	27	15	14	7	3	27	14	10	23	1	3	20	14	14	14	2	27	20	11	26	20	20	20	16	6	27	19	27	22	3	14	3	26	3	2	12	3	3	14	23	23	14	14	14	2	14	14	27	15	26	7	2	14	13	9	23	23	11	2	23	13	1	3	9	20	1	14	26	8	1	5	27	18	7	20	7	11	3	3	26	14	2	14	14	26	26	3	14	14	26	24	11	26	14	27	14	14	26	11	11	2	1	23	11	11	14	23	14	4	3	16	20	2	27	23	27	23	26	17	17	7	14	20	14	14	1	26	14	2	26	14	12	23	23	23	14	4	24	15	12	15	27	14	14	23	11	15	23	1	23	23	10	2	14	12	12	14	20	20	14	22	14	16	14	14	26	27	7	27	23	27	23	23	26	14	1	26	14	26	16	23	14	3	3	14	4	11	8	8	14	14	27	11	14	1	3	10	2	2	23	12	14	11	1	14	17	2	22	14	2	19	1	1	14	27	27	19	1	14	4	25	14	5	26	14	14	14	27	14	23	24	24	14	4	3	7	14	14	27	20	14	1	4	27	10	1	23	23	12	2	23	14	17	2	27	16	2	7	14	16	6	14	14	7	10	27	22	25	14	4	2	22	14	14	11	14	14	20	2	4	20	20	4	14	14	27	1	14	27	7	23	13	9	14	1	2	2	23	14	14	2	27	20	2	14	14	23	6	27	14	27	27	27	21	8
DUE_DATE
0	30427	29996	29505	31294	30623	30192	30247	30296	29805	30874	30443	30492	30527	30016	30045	30074	31123	30672	30161	31210	30759	30248	30840	31362	30924	30426	31488	31050	30552	30587	30616	31185	30674	30703	31752	31781	31330	30819	31388	31427	30916	31965	31514	31003	31032	31601	31090	31119	32888	32199	31740	31221	31242	31803	31284	31305	33066	33087	32388	31929	31950	32451	33192	33247	31556	33345	32674	32243	33492	32325	31812	32379	33606	31893	32940	32967	32514	33021	33768	33075	32082	33126	32670	32154	33918	32742	32226	32790	34014	32298	33342	33366	32935	34172	34209	33526	32543	33600	33157	34394	33257	32776	32835	33434	34693	32977	32996	34755	34054	34793	34092	34111	33650	33129	34168	33707	33186	33205	33764	33243	35057	35116	33975	33494	35293	34605	35352	35379	34686	34233	33720	34767	34314	34341	34368	33855	35631	35664	34497	33990	35043	35076	35829	35142	34695	34174	35210	35226	34762	34778	34794	34270	36026	34302	34318	35354	36090	36106	35402	36138	34954	34430	36186	35511	35064	34557	35130	34623	36396	36429	34722	35775	35820	35862	35904	36666	35508	35550	35052	36831	36144	35157	35730	35223	36996	37029	35862	35355	36405	37152	36459	37206	36033	36060	35547	36594	36141	36168	36195	35695	37472	37509	35806	35843	36900	37657	36974	37731	36564	37077	36630	36123	37176	36729	36222	36795	36821	38044	38067	36350	36373	37416	38159	37462	37485	38228	37531	37074	36557	36581	36604	36627	37670	38413	38436	37259	37282	37785	38528	38551	36834	38597	37905	37452	36939	37506	37533	37560	38067	38814	38841	37668	37695	38197	38936	38955	37234	38273	37812	37291	38330	37329	37888	37367	38406	39145	37964	37443	38527	39296	38625	38194	37703	38772	38357	37876	39675	37994	38593	38107	39176	39945	39994	38843	40092	39405	39432	40179	38466	39513	39060	39087	38574	38601	39168	38655	40421	39724	40467	40490	39313	39816	40559	40582	38865	39908	39451	39474	38957	39517	39536	39015	40054	40793	40812	39631	39110	40149	40888	40187	40206	40225	39764	39243	39840	39882	39384	39426	39468	41250	41292	40607	40156	41385	40694	41443	39732	41501	40810	40359	40388	39907	39956	40545	40054	41123	41892	41931	40764	41277	41310	42063	40896	40389	42162	41475	41035	41072	41109	40606	40643	41700	42457	42494	41340	42582	41904	42666	41508	41010	42072	41640	41142	41724	41226	41808	42330	42372	43147	41456	43245	42574	43343	42192	41691	42744	42297	41790	41823	42396	41889	42942	42495	43721	43744	43767	43790	43093	43116	43139	42142	43185	42188	42751	42774	42797	42307	42356	44145	44194	44243	43572	44397	43776	44595	43440	42942	44004	43566	43608	43650	43692	43257	43356	44475	45221	45244	44067	45290	44593	45336	43619	44662	44685	44228	44251	43734	44297	43795	45572	43869	44926	45683	45720	44557	45074	45847	45176	44205	45994	45323	44892	44997	44556	44655	45257	44776	45855	45434	46693	46757	46096	46155	46934	45253	45357	47196	46575	46131	45624	46197	46230	45723	46776	47529	47562	46395	47635	47672	46989	46546	46043	47100	46657	46154	46195	46772	46809	47326	47363	48120	48157	46994	48257	47596	48375	46694	46753	47827	47396	46905	46954	47543	47052	48835	48872	48189	48946	48983	48300	48337	48374	47919	47400	48441	47982	47463	47484	48045	47526	47547	49308	49329	49350	48651	49392	48777	49596	48495	47995	49052	48609	48646	48683	48720	48217	48254	49315	50072	50109	48946	49463	50220	49537	48554	49627	49676	49245	48754	49343	49392	48882	49926	49470	50694	50718	49002	50766	50790	50094	50118	49122	50886	50205	49752	49779	49266	49293	50340	49887	51114	51141	49428	50475	51235	50552	49569	51346	50663	50220	49717	50294	49791	49824	50877	51630	51663	50496	50529	51762	51075	51835	50132	51189	50746	50243	51300	50857	50354	50925	51432	52179	52206	51033	50520	52287	51594	52341	51168	50655	51727	51296	50805	51874	50903	51492	50982	52026	51570	52794	52818	52122	52146	52890	52194	51198	52242	51786	51295	51332	51369	51946	53183	53220	53257	52574	52125	52632	53379	51666	51693	52740	52287	52314	51801	52368	51855	52422	52926	53670	53694	52518	52002	53046	53790	53814	53118	53142	52686	52195	53252	52809	52306	52343	52920	54157	54194	52491	52524	53577	54330	53643	53676	53709	53742	53295	53837	53416	52935	52994	53593	54815	54832	53109	53126	54883	54180	54197	54934	54231	53768	53245	54282	53819	53296	53853	53870	55087	55157	54016	53535	55334	55393	54715	54752	54309	53806	54863	54900	53917	54494	54557	55816	55875	54734	54253	55311	56064	55377	56130	54963	54456	54489	55542	55575	54585	55152	54639	54666	56433	56460	55287	55794	55821	55848	56595	55472	55006	55080	56894	56205	55752	55239	55266	57033	57060	55887	55374	56421	56448	57195	56627	57496	57535	56372	56409	55906	57683	57720	57037	57794	57872	57226	56820	56354	58125	57432	57459	58206	58233	57540	57567	57114	58341	57648	57675	58697	58797	57156	57795	58311	59064	59097	58410	59163	57456	57489	58542	59295	59347	58676	59445	59494	59543	58872	58457	57976	59055	59834	59173
TRANSPORT_MODE
0	2	2	1	1	2	0	0	2	1	1	1	2	0	0	0	2	1	1	1	2	0	0	0	2	1	1	1	2	0	0	0	0	2	1	1	1	2	0	0	0	1	1	1	2	0	0	0	2	1	1	1	1	0	0	0	0	3	3	1	1	2	0	0	0	2	1	1	1	3	0	0	0	3	1	1	1	2	0	0	0	2	1	1	1	3	0	0	0	3	1	1	1	2	0	0	0	1	1	1	3	0	0	0	0	3	1	1	1	2	0	0	0	1	2	1	1	0	0	0	0	3	3	1	1	1	0	0	0	2	2	1	1	1	0	0	0	3	3	1	1	1	0	0	0	2	2	1	1	1	0	0	0	3	1	1	1	0	0	0	0	2	2	1	1	1	0	0	0	3	3	1	1	0	0	0	0	1	2	2	1	1	0	0	0	3	3	1	1	1	0	0	0	2	2	1	1	1	0	0	0	3	3	1	1	1	0	0	0	0	2	1	1	1	0	0	0	1	3	3	1	1	0	0	0	0	1	2	2	1	0	0	0	1	3	3	1	1	0	0	0	1	2	2	1	1	0	0	0	1	3	3	1	1	0	0	0	1	2	2	1	1	0	0	0	1	3	1	1	0	0	0	0	1	2	2	1	1	0	0	0	1	3	3	1	0	0	0	0	1	1	2	2	1	0	0	0	1	1	3	3	1	0	0	0	1	2	2	1	1	0	0	0	1	3	3	1	1	0	0	0	1	2	1	1	0	0	0	0	1	3	3	1	1	0	0	0	1	1	2	2	0	0	0	0	1	1	3	3	1	0	0	0	1	1	2	2	1	0	0	0	1	1	3	3	1	0	0	0	1	1	2	2	1	0	0	0	1	1	3	1	0	0	0	1	1	2	2	1	0	0	0	0	1	1	3	3	0	0	0	1	1	2	0	2	1	0	0	1	1	3	3	1	0	0	0	1	1	2	2	1	0	0	0	1	1	3	3	1	0	0	0	1	1	2	2	0	1	0	0	0	1	1	3	3	1	0	0	0	1	1	2	2	0	0	0	0	1	1	1	3	3	0	0	0	1	1	2	2	1	0	0	0	1	1	3	3	1	0	0	0	1	1	2	2	1	0	0	0	1	1	3	3	1	0	0	0	1	1	2	2	1	0	0	0	0	1	1	3	3	0	0	0	1	1	2	2	1	0	0	0	1	1	3	3	1	0	0	0	1	1	2	2	1	0	0	0	1	1	3	3	1	0	0	0	1	1	2	2	1	0	0	0	1	1	3	3	1	0	0	0	0	1	1	2	2	0	0	0	1	1	3	3	1	0	0	0	1	1	2	2	1	0	0	0	1	3	3	1	1	0	0	0	1	2	2	1	1	0	0	0	1	3	3	1	1	0	0	0	0	1	2	2	1	1	0	0	0	1	1	3	3	0	0	0	0	1	1	2	2	1	0	0	1	3	3	1	1	0	0	0	1	2	2	1	1	0	0	0	1	3	3	1	1	0	0	0	1	2	2	1	1	0	0	0	1	3	3	1	1	0	0	0	0	1	2	2	1	0	0	0	1	3	3	1	1	0	0	0	1	2	2	1	1	0	0	0	1	3	3	1	1	0	0	0	2	2	1	1	1	0	0	0	3	3	1	1	1	0	0	0	2	2	1	1	1	0	0	0	0	3	3	1	1	0	0	0	1	2	2	1	1	0	0	0	3	3	1	1	1	0	0	0	3	3	1	1	1	0	0	0	3	3	1	1	1	0	0	0	3	3	1	1	1	0	0	0	3	3	1	1	1	0	0	0	3	1	1	1	0	0	0	0	3	3	1	1	1	0	0	0
PATIENT_WEIGHT
108	60	45	47	79	66	100	89	39	129	150	106	96	93	58	42	106	147	106	67	150	136	97	77	93	87	128	40	96	33	146	135	44	131	44	132	69	54	83	92	125	45	115	118	122	46	139	124	68	138	124	132	58	117	111	74	120	31	111	103	109	62	109	34	69	126	39	121	84	67	107	148	55	139	121	138	56	122	108	98	138	125	37	73	101	148	45	119	90	95	100	57	84	149	39	47	60	55	36	88	118	129	134	83	108	78	56	72	138	99	30	97	36	135	60	104	88	130	94	119	147	86	86	113	34	32	58	66	145	124	112	56	42	77	35	67	131	52	69	133	101	123	103	100	89	100	74	33	134	60	114	50	110	97	49	87	102	86	31	63	125	112	56	56	119	70	110	120	34	124	150	140	48	63	127	61	126	46	72	47	138	33	115	65	68	65	64	124	32	101	67	95	131	118	118	147	76	74	122	42	107	124	52	62	101	126	42	91	114	123	56	137	144	138	150	88	129	38	52	101	134	129	91	79	90	83	61	74	93	85	143	81	93	76	106	150	78	66	89	148	53	121	129	36	137	72	51	142	129	137	115	54	35	112	96	92	41	99	90	117	48	131	110	44	145	45	33	114	78	83	116	105	119	138	56	88	95	83	74	131	93	37	37	102	98	123	40	56	66	115	108	111	113	62	39	88	73	140	37	74	98	74	105	144	89	139	80	101	141	47	48	41	35	85	33	141	69	138	30	96	38	136	33	81	53	83	43	73	38	65	53	142	42	75	35	111	138	56	124	96	79	127	89	61	93	62	109	101	134	63	92	50	136	143	31	105	99	53	89	57	106	85	86	86	76	33	38	66	109	85	58	46	77	133	146	146	129	44	64	95	146	54	147	34	99	77	119	69	98	121	95	80	117	106	62	104	85	59	42	129	44	76	149	126	72	126	36	70	144	37	104	102	44	43	60	75	133	92	75	44	45	97	32	65	134	33	35	91	37	115	113	40	58	68	126	63	32	92	99	59	81	109	81	97	105	49	31	115	72	82	112	57	99	85	48	108	110	92	90	74	136	117	90	85	79	145	98	134	56	50	135	48	115	66	108	38	149	74	31	52	108	43	68	32	37	147	74	66	102	68	116	88	33	145	126	56	95	132	53	136	64	121	131	139	142	58	73	73	82	42	90	114	50	124	100	55	150	76	121	122	42	78	48	74	129	97	102	67	115	121	61	139	111	93	81	32	63	46	80	97	32	146	135	61	30	65	59	147	93	135	89	31	123	90	44	65	146	35	140	34	82	108	51	78	37	40	41	74	54	67	127	122	123	121	115	131	46	54	90	81	73	150	133	86	139	62	114	58	88	143	61	32	133	144	136	104	53	90	74	31	132	53	64	74	52	146	31	63	47	52	33	37	132	38	63	65	54	129	141	58	44	76	137	87	96	106	133	71	41	149	59	44	129	147	56	90	99	115	51	81	60	123	111	147	76	98	142	68	99	94	66	147	60	144	44	139	67	101	131	84	62	90	79	43	72	77	136	63	127	49	45	49	67	47	30	85	43	72	123	126	99	37	140	149	86	89	60	102	104	122	60	138	98	33	88	96	103	51	92	79	94	71	66	36	136	143	67	91	69	72	32	56	140	118	138	131	69	34	30	119	114	99	128	72	139	40	62	103	65	64	98	91	137	127	120	107	122	93	116	57	121	77	37	56	66	105	87	56	146	118	80	117	92	101	120	70	149	139	137	56	102	55	130	55	111	80	58	123	140	122	43	45	74	63	147	131	145	120	59	66	76	126	112	48	54	42	91	83	39	88	118	40	68	93	95	65	33	143	121	145	147
DISTANCE_MATRIX
0	360	318	300	288	276	264	264	150	150	150	60	90	90	162	168	204	228	234	312	360	408	348	318	168	192	168	318
360	60	264	318	324	342	342	342	348	348	354	360	372	378	378	420	420	480	462	498	462	462	384	420	372	420	378	378
318	264	60	270	276	288	288	288	294	294	294	318	318	324	324	414	414	468	462	486	462	462	330	366	366	408	372	324
300	318	270	60	276	288	288	288	288	288	288	300	300	312	318	408	408	468	462	486	438	438	318	360	360	402	360	312
288	324	276	276	60	276	276	276	276	276	276	288	288	300	300	402	396	462	456	480	432	432	300	360	360	402	348	300
276	342	288	288	276	60	180	180	252	258	264	264	264	288	288	390	390	456	450	480	432	432	288	348	348	348	288	288
264	342	288	288	276	180	60	180	246	258	264	264	264	288	288	390	390	456	450	480	432	432	288	348	348	348	288	288
264	342	288	288	276	180	180	60	240	258	264	264	264	288	288	390	390	456	450	480	432	432	288	348	348	348	288	288
150	348	294	288	276	252	246	240	60	120	120	150	126	270	270	378	384	420	438	480	420	408	276	300	300	300	276	270
150	348	294	288	276	258	258	258	120	60	120	150	150	270	270	378	384	420	438	480	420	408	276	300	300	300	276	270
150	354	294	288	276	264	264	264	120	120	60	150	150	270	270	378	384	420	438	480	420	408	276	300	300	300	276	270
60	360	318	300	288	264	264	264	150	150	150	60	90	162	168	228	234	312	360	408	348	318	168	192	192	198	168	162
90	372	318	300	288	264	264	264	150	150	150	90	60	162	168	228	234	312	360	408	348	318	168	192	192	198	168	162
90	378	324	312	300	288	288	288	270	270	270	162	162	60	120	180	180	306	210	360	300	300	120	180	120	180	120	234
162	378	324	318	300	288	288	288	270	270	270	168	168	120	60	180	180	306	210	360	300	300	120	180	120	180	120	120
168	420	414	408	402	348	348	348	300	300	300	228	228	180	180	60	132	204	132	348	258	258	186	60	180	132	222	180
204	420	414	408	396	390	390	390	384	384	384	234	234	180	180	132	60	204	132	348	258	258	186	60	180	132	222	180
228	480	468	468	462	456	456	456	420	420	420	312	312	306	306	204	204	60	198	120	240	240	306	204	306	138	306	306
234	462	462	462	456	450	450	450	438	438	438	360	360	210	210	132	132	198	60	138	132	132	210	132	210	132	210	210
312	498	486	486	480	480	480	480	480	480	480	408	408	360	360	348	348	120	138	60	348	348	360	348	360	348	360	360
360	462	462	438	432	432	432	432	420	420	420	348	348	300	300	258	258	240	132	348	60	60	300	258	300	258	300	300
408	462	462	438	432	432	432	432	408	408	408	318	318	300	300	258	258	240	132	348	60	60	300	258	300	258	300	300
348	384	330	318	300	288	288	288	276	276	276	168	168	120	120	186	186	306	210	360	300	300	60	186	120	186	120	120
318	420	366	360	360	348	348	348	300	300	300	192	192	180	180	60	60	204	132	348	258	258	186	60	180	60	180	180
168	372	300	306	300	288	288	288	270	270	270	168	168	120	120	180	180	306	210	360	300	300	120	180	60	180	120	120
192	420	408	402	402	348	348	348	300	300	300	198	198	180	180	132	132	138	132	348	258	258	186	60	180	60	180	180
168	378	372	360	348	288	288	288	276	276	276	168	168	120	120	222	222	306	210	360	300	300	120	180	120	180	60	120
318	378	324	312	300	288	288	288	270	270	270	162	162	234	120	180	180	306	210	360	300	300	120	180	120	180	120	60
DEPOTS_DISTANCE
234	462	462	462	456	450	450	450	438	438	438	360	360	210	210	132	132	198	60	138	132	132	210	132	210	132	210	210	
348	384	330	318	300	288	288	288	276	276	276	168	168	120	120	186	186	306	210	360	300	300	60	186	120	186	120	120	
318	420	366	360	360	348	348	348	300	300	300	192	192	180	180	60	60	204	132	348	258	258	186	60	180	60	180	180	
LOCATION_TURN_MATRIX
100	130	122	113	112	199	136	122	129	152	173	146	151	136	158	140	176	113	122	167	194	134	110	172	114	184	100	147	
170	100	154	188	164	169	136	136	152	170	104	183	155	115	101	104	155	187	174	115	149	134	178	168	114	135	168	102	
178	146	100	161	178	114	104	165	117	139	126	169	192	109	120	179	160	152	154	134	113	140	154	179	196	196	192	181	
187	112	139	100	158	114	195	181	104	132	195	106	183	169	132	170	140	136	172	148	116	110	123	136	151	120	176	169	
188	136	122	142	100	175	164	159	112	100	167	164	135	191	132	181	104	123	142	156	108	117	193	182	116	147	156	185	
101	131	186	186	125	100	190	147	164	150	137	102	145	176	185	131	113	108	117	186	118	151	140	178	154	189	172	110	
164	164	196	105	136	110	100	186	153	151	183	193	111	157	144	123	188	142	110	163	105	190	166	187	170	171	186	126	
178	164	135	119	141	153	114	100	106	130	108	103	151	178	122	151	130	133	184	177	110	141	166	110	122	174	191	197	
171	148	183	196	188	136	147	194	100	167	100	146	168	129	128	142	172	118	174	147	105	158	156	160	120	106	119	136	
148	130	161	168	200	150	149	170	133	100	177	106	175	116	188	180	176	194	108	146	130	187	183	173	128	141	169	176	
127	196	174	105	133	163	117	192	200	123	100	171	175	140	183	115	104	186	128	153	151	175	100	146	191	117	132	197	
154	117	131	194	136	198	107	197	154	194	129	100	136	184	140	147	172	184	148	131	103	156	185	200	152	158	154	143	
149	145	108	117	165	155	189	149	132	125	125	164	100	140	199	142	101	144	163	185	117	191	200	143	113	165	102	154	
164	185	191	131	109	124	143	122	171	184	160	116	160	100	109	116	196	113	131	186	166	139	183	175	144	161	105	170	
142	199	180	168	168	115	156	178	172	112	117	160	101	191	100	147	177	177	199	158	172	188	164	175	180	168	154	195	
160	196	121	130	119	169	177	149	158	120	185	153	158	184	153	100	152	159	197	157	181	159	102	123	168	200	124	186	
124	145	140	160	196	187	112	170	128	124	196	128	199	104	123	148	100	149	114	112	117	135	105	132	138	180	198	156	
187	113	148	164	177	192	158	167	182	106	114	116	156	187	123	141	151	100	166	132	168	163	159	123	129	173	161	116	
178	126	146	128	158	183	190	116	126	192	172	152	137	169	101	103	186	134	100	184	199	137	130	160	148	113	140	150	
133	185	166	152	144	114	137	123	153	154	147	169	115	114	142	143	188	168	116	100	111	195	128	157	191	164	141	171	
106	151	187	184	192	182	195	190	195	170	149	197	183	134	128	119	183	132	101	189	100	129	151	163	147	166	104	177	
166	166	160	190	183	149	110	159	142	113	125	144	109	161	112	141	165	137	163	105	171	100	101	185	169	129	103	197	
190	122	146	177	107	160	134	134	144	117	200	115	100	117	136	198	195	141	170	172	149	199	100	106	150	116	118	145	
128	132	121	164	118	122	113	190	140	127	154	100	157	125	125	177	168	177	140	143	137	115	194	100	128	167	115	155	
186	186	104	149	184	146	130	178	180	172	109	148	187	156	120	132	162	171	152	109	153	131	150	172	100	155	124	184	
116	165	104	180	153	111	129	126	194	159	183	142	135	139	132	100	120	127	187	136	134	171	184	133	145	100	129	192	
200	132	108	124	144	128	114	109	181	131	168	146	198	195	146	176	102	139	160	159	196	197	182	185	176	171	100	146	
153	198	119	131	115	190	174	103	164	124	103	157	146	130	105	114	144	184	150	129	123	103	155	145	116	108	154	100	
DEPOTS_TO_LOCAL_TURN_MATRIX
178	126	146	128	158	183	190	116	126	192	172	152	137	169	101	103	186	134	100	184	199	137	130	160	148	113	140	150	
190	122	146	177	107	160	134	134	144	117	200	115	100	117	136	198	195	141	170	172	149	199	100	106	150	116	118	145	
128	132	121	164	118	122	113	190	140	127	154	100	157	125	125	177	168	177	140	143	137	115	194	100	128	167	115	155	
LOCAL_TO_DEPOT_TURN_MATRIX
122	174	154	172	142	117	110	184	174	108	128	148	163	131	199	197	114	166	100	116	101	163	170	140	152	187	160	150	
110	178	154	123	193	140	166	166	156	183	100	185	200	183	164	102	105	159	130	128	151	101	100	194	150	184	182	155	
172	168	179	136	182	178	187	110	160	173	146	200	143	175	175	123	132	123	160	157	163	185	106	100	172	133	185	145	

