INDEX_PROBLEM
1
PATIENTS
800
STRETCHERS
16
NUM_ROOM
28
NUM_DEPOT
3
NUM_PRIORITY
4
PRIORITY_LIST
0	1	2	3	4
PRIORITY_WEIGHT
0	1	10	18	30
PRIORITY_JOB
0	1	2	3	3	2	3	2	3	2	3	2	3	3	3	4	4	1	2	3	3	3	3	4	3	2	2	3	4	1	2	3	3	2	3	3	2	4	2	3	3	2	3	4	1	2	3	3	4	3	3	2	2	3	3	4	2	1	1	4	2	3	1	1	2	3	3	1	2	3	4	3	2	1	1	2	2	3	1	2	1	3	4	1	2	3	3	3	4	3	1	1	2	2	1	2	1	1	3	4	1	2	3	3	4	3	1	1	3	2	2	2	1	2	3	4	2	3	3	2	3	3	1	1	1	1	2	3	1	2	4	2	2	3	4	4	2	3	1	1	1	1	2	3	2	1	1	3	2	2	3	3	3	3	4	4	1	1	1	2	2	1	2	3	3	4	2	2	3	2	3	3	1	1	2	3	1	1	2	3	4	1	2	3	4	3	2	1	1	2	2	3	1	2	1	4	1	2	3	3	3	3	4	1	1	2	2	2	1	2	1	3	4	1	2	3	3	3	4	3	1	1	2	2	2	1	2	3	4	2	3	3	3	2	3	3	1	1	1	2	3	1	1	4	2	2	3	4	3	2	3	2	1	1	1	2	3	1	2	2	3	2	2	3	4	3	3	4	4	1	1	1	2	1	1	2	3	3	2	2	3	3	2	3	4	1	1	2	3	1	2	1	3	1	2	3	4	3	4	2	1	1	2	2	3	1	2	1	4	1	2	3	3	3	3	3	1	1	2	2	2	2	1	1	3	4	1	2	3	3	4	3	3	1	1	2	2	2	1	2	3	2	3	3	4	2	3	3	1	1	1	2	3	1	1	2	2	2	3	4	1	4	2	3	1	1	2	3	3	1	2	2	2	2	3	4	3	3	3	4	1	1	1	2	3	1	1	2	3	2	2	4	3	3	2	3	1	1	2	3	3	1	2	1	3	1	2	3	4	2	2	3	1	1	2	3	4	1	2	1	1	2	3	3	3	2	3	3	1	2	3	4	1	2	1	2	1	2	3	3	2	4	3	2	1	1	2	3	1	1	2	1	2	3	3	4	1	4	4	3	1	1	2	3	2	2	1	1	2	3	4	1	2	2	3	3	1	1	3	3	2	2	1	1	2	3	4	1	2	3	3	4	1	1	2	3	3	2	1	2	2	2	3	1	3	2	4	3	1	1	2	3	3	1	1	2	4	1	2	3	2	2	3	3	1	1	2	3	4	1	1	2	1	2	3	3	1	4	2	3	2	2	3	4	1	1	2	2	1	2	3	3	2	3	3	2	1	1	2	3	1	1	2	1	4	1	2	3	3	4	3	4	1	1	1	2	3	2	1	4	2	2	3	1	2	3	3	1	1	1	2	3	3	1	2	2	2	3	4	2	3	3	1	1	1	1	2	3	2	1	1	3	2	2	3	4	3	2	4	1	1	1	2	3	2	1	2	3	4	1	2	3	3	2	3	1	1	2	2	3	1	1	2	4	1	2	3	3	3	2	3	1	2	2	3	1	1	2	1	4	1	2	3	3	3	4	3	1	1	2	2	2	1	1	2	3	1	2	3	3	3	4	3	4	1	1	1	2	1	1	3	2	2	3	4	2	3	3	2	1	1	1	2	3	1	1	3	2	2	3	2	3	3	2	1	1	4	1	2	1	2	1	3	3	2	2	4	3	3	4	3	1	1	1	2	1	2	1	3	3	2	2	3	3	2	1	1	4	2	2	1	2	1	3	1	1	3	1	1	1	2	2	3	3	2	1	2	1	1	1	1	2	3	4	2	1	1	1	1	1	2	2	1	1	2	1	1	3	3	2	1	1	2	1	1	2	3	4	1	2	1
TIME_ASKED
0	28849	28898	28947	28996	29045	29094	29149	29198	29247	29296	29345	29394	29429	29458	29487	29516	29545	29574	29603	29632	29661	29690	29742	29784	29826	29868	29910	29952	29994	30029	30058	30087	30116	30145	30174	30203	30232	30261	30290	30329	30358	30387	30416	30445	30474	30503	30532	30561	30590	30621	30642	30663	30684	30705	30726	30747	30768	30789	30810	30831	30852	30873	30894	30949	30998	31047	31096	31145	31194	31227	31254	31281	31308	31335	31362	31389	31416	31443	31470	31497	31524	31548	31572	31596	31620	31644	31668	31692	31716	31740	31764	31788	31837	31874	31911	31948	31985	32022	32059	32096	32159	32218	32277	32336	32395	32419	32438	32457	32476	32495	32514	32533	32552	32571	32590	32609	32628	32647	32666	32685	32759	32818	32877	32936	32995	33027	33054	33081	33108	33135	33162	33189	33216	33243	33270	33297	33333	33366	33399	33432	33465	33498	33531	33564	33597	33616	33632	33648	33664	33680	33696	33712	33728	33744	33760	33776	33792	33808	33824	33840	33856	33872	33888	33933	33966	33999	34032	34065	34098	34131	34164	34197	34242	34284	34326	34368	34410	34452	34494	34533	34566	34599	34632	34665	34698	34731	34764	34797	34827	34854	34881	34908	34935	34962	34989	35016	35043	35070	35097	35137	35174	35211	35248	35285	35322	35359	35396	35433	35466	35499	35532	35565	35598	35631	35664	35697	35723	35746	35769	35792	35815	35838	35861	35884	35907	35930	35953	35976	35999	36023	36046	36069	36092	36115	36138	36161	36184	36207	36230	36253	36276	36299	36327	36354	36381	36408	36435	36462	36489	36516	36543	36570	36597	36619	36638	36657	36676	36695	36714	36733	36752	36771	36790	36809	36828	36847	36866	36885	36949	36998	37047	37096	37145	37194	37259	37318	37377	37436	37495	37549	37598	37647	37696	37745	37794	37827	37854	37881	37908	37935	37962	37989	38016	38043	38070	38097	38123	38146	38169	38192	38215	38238	38261	38284	38307	38330	38353	38376	38399	38419	38438	38457	38476	38495	38514	38533	38552	38571	38590	38609	38628	38647	38666	38685	38742	38784	38826	38868	38910	38952	38994	39029	39058	39087	39116	39145	39174	39203	39232	39261	39290	39349	39398	39447	39496	39545	39594	39633	39666	39699	39732	39765	39798	39831	39864	39897	39937	39974	40011	40048	40085	40122	40159	40196	40242	40284	40326	40368	40410	40452	40494	40542	40584	40626	40668	40710	40752	40794	40849	40898	40947	40996	41045	41094	41133	41166	41199	41232	41265	41298	41331	41364	41397	41423	41446	41469	41492	41515	41538	41561	41584	41607	41630	41653	41676	41699	41749	41798	41847	41896	41945	41994	42099	42198	42297	42342	42384	42426	42468	42510	42552	42594	42699	42798	42897	42923	42946	42969	42992	43015	43038	43061	43084	43107	43130	43153	43176	43199	43237	43274	43311	43348	43385	43422	43459	43496	43549	43598	43647	43696	43745	43794	43899	43998	44097	44159	44218	44277	44336	44395	44459	44518	44577	44636	44695	44799	44898	44997	45033	45066	45099	45132	45165	45198	45231	45264	45297	45337	45374	45411	45448	45485	45522	45559	45596	45637	45674	45711	45748	45785	45822	45859	45896	45959	46018	46077	46136	46195	46249	46298	46347	46396	46445	46494	46537	46574	46611	46648	46685	46722	46759	46796	46821	46842	46863	46884	46905	46926	46947	46968	46989	47010	47031	47052	47073	47094	47199	47298	47397	47437	47474	47511	47548	47585	47622	47659	47696	47737	47774	47811	47848	47885	47922	47959	47996	48049	48098	48147	48196	48245	48294	48324	48348	48372	48396	48420	48444	48468	48492	48516	48540	48564	48588	48627	48654	48681	48708	48735	48762	48789	48816	48843	48870	48897	48937	48974	49011	49048	49085	49122	49159	49196	49233	49266	49299	49332	49365	49398	49431	49464	49497	49537	49574	49611	49648	49685	49722	49759	49796	49827	49854	49881	49908	49935	49962	49989	50016	50043	50070	50097	50149	50198	50247	50296	50345	50394	50424	50448	50472	50496	50520	50544	50568	50592	50616	50640	50664	50688	50737	50774	50811	50848	50885	50922	50959	50996	51027	51054	51081	51108	51135	51162	51189	51216	51243	51270	51297	51324	51348	51372	51396	51420	51444	51468	51492	51516	51540	51564	51588	51637	51674	51711	51748	51785	51822	51859	51896	51933	51966	51999	52032	52065	52098	52131	52164	52197	52259	52318	52377	52436	52495	52517	52534	52551	52568	52585	52602	52619	52636	52653	52670	52687	52704	52721	52738	52755	52772	52789	52859	52918	52977	53036	53095	53137	53174	53211	53248	53285	53322	53359	53396	53459	53518	53577	53636	53695	53733	53766	53799	53832	53865	53898	53931	53964	53997	54027	54054	54081	54108	54135	54162	54189	54216	54243	54270	54297	54374	54448	54522	54596	54627	54654	54681	54708	54735	54762	54789	54816	54843	54870	54897	55049	55198	55237	55274	55311	55348	55385	55422	55459	55496	55574	55648	55722	55796	55827	55854	55881	55908	55935	55962	55989	56016	56043	56070	56097	56399	56499	56598	56697	56733	56766	56799	56832	56865	56898	56931	56964	56997	57049	57098	57147	57196	57245	57294	57359	57418	57477	57536	57595
ORIGIN
26	16	6	27	19	1	27	23	25	14	4	10	2	14	14	23	23	14	3	23	14	4	26	16	14	14	14	7	27	27	27	7	23	9	1	23	14	14	23	13	2	14	2	3	24	14	14	14	14	6	27	18	7	27	20	8	18	14	17	2	23	23	2	26	14	3	23	14	4	25	15	1	14	25	1	27	14	14	3	14	1	1	23	11	2	2	14	2	27	27	23	14	14	5	5	1	7	27	18	7	27	2	8	1	1	17	17	2	12	2	14	14	14	27	14	4	24	15	4	27	16	14	14	3	3	26	2	14	14	2	10	2	23	12	14	23	16	14	14	27	15	27	16	14	14	23	23	27	20	14	14	23	10	14	23	23	27	20	14	14	14	14	6	24	15	4	26	16	1	27	15	26	26	14	14	14	18	14	3	23	12	2	27	14	3	26	14	14	14	11	11	8	1	14	1	20	8	2	14	9	1	2	20	2	14	5	4	27	14	5	1	14	4	23	16	5	14	23	23	14	14	14	3	14	14	2	14	12	2	23	14	3	23	14	14	27	11	11	14	25	14	14	3	8	27	23	14	1	14	12	2	2	14	14	27	14	14	14	27	7	26	16	5	14	17	7	8	4	26	14	3	14	10	10	27	3	23	13	3	23	14	4	27	11	11	14	1	14	3	3	26	2	23	8	1	3	10	2	2	14	14	2	5	14	25	25	11	27	16	5	1	16	7	27	26	14	3	14	14	2	9	20	14	14	13	2	27	14	3	20	20	14	1	7	14	3	26	14	23	12	8	1	23	10	2	14	12	2	26	14	14	26	14	14	14	8	5	26	25	7	14	26	14	3	14	23	23	16	20	2	14	4	2	23	14	14	24	14	23	1	7	14	23	26	14	7	11	2	1	23	10	1	23	12	2	14	14	27	27	14	14	4	11	27	26	16	6	1	14	7	4	14	14	3	14	20	2	14	4	26	23	14	3	24	14	4	7	14	14	26	1	1	1	26	3	23	23	10	1	23	11	2	14	14	14	27	14	27	2	11	27	20	16	6	27	19	7	27	22	3	17	14	17	26	27	14	15	3	14	3	23	14	14	27	11	14	1	25	14	1	14	26	2	13	9	26	23	11	2	23	23	27	27	14	14	14	27	14	8	1	5	27	18	7	27	20	8	3	14	17	2	22	23	2	2	26	3	23	14	4	24	14	1	14	2	25	25	4	26	23	12	2	1	23	11	2	1	12	4	27	14	14	27	15	14	27	27	23	26	17	7	27	20	3	14	14	14	2	27	20	2	14	14	26	23	14	4	24	15	4	25	14	14	14	3	26	14	2	23	1	23	10	2	23	12	2	14	26	14	27	15	15	14	11	14	26	16	7	27	20	27	23	23	3	9	9	20	2	26	16	16	23	14	3	24	14	4	26	8	14	26	14	14	2	14	14	3	23	10	2	23	12	2	14	14	14	27	14	14	27	11	24	1	14	7	27	19	8	14	12	3	3	23	20	2	14	23	27	23	14	3	24	14	4	14	7	14	1	26	7	2	26	14	3	14	10	1	23	12	2	23	14	27	14	14	14	27	11	14	8	16	6	27	19	7	27	14	25	1	20	20	2	22	14	16	11	14	3	23	14	4	20	8	26	26	14	7	1	26	4	13	2	9	1	23	11	2	23	13	14	14	14	27	27	11	1	25	23	6	27	18	7	27	21	8	14	17	10	2	23	2	15	14	14	3	23	14	4	25	16	1	25	14	7	27	14	14	14	25	9	1	23	11	27	23	13	27	14	14	3	24	14	1	7	3	5	27	18	7	27	20	8	1	2	27	1	23	12	7	14	25
DESTINATION
3	14	17	2	22	23	2	26	14	3	23	14	14	25	16	1	1	25	14	4	25	14	3	14	1	9	1	20	2	23	23	13	27	14	14	27	5	5	1	7	27	5	27	14	2	20	20	8	1	17	2	27	20	2	14	14	27	16	6	14	27	1	27	23	25	14	3	26	14	14	14	14	2	14	23	2	16	4	26	16	14	14	27	15	14	27	16	14	23	23	27	9	26	14	14	23	13	2	27	20	2	24	14	14	14	6	6	27	11	27	20	20	8	18	26	14	2	14	14	18	14	3	3	23	23	14	14	15	1	14	14	14	27	11	8	1	14	1	1	23	11	2	14	2	2	27	27	2	14	5	4	27	14	5	1	1	18	7	8	1	1	1	17	2	14	14	3	14	14	2	14	14	14	4	4	4	27	16	14	27	11	14	23	25	14	3	2	10	2	12	12	14	23	16	14	14	14	27	16	14	14	27	7	27	20	14	14	23	10	14	23	26	14	3	14	14	10	27	3	4	15	4	26	16	1	27	15	11	14	1	25	14	3	26	2	23	12	12	2	14	3	3	26	14	2	27	5	14	25	11	27	14	20	8	2	9	1	1	2	20	3	14	14	2	9	20	14	14	14	4	23	5	14	14	23	23	1	7	14	3	26	14	23	12	12	2	23	3	23	23	14	14	26	14	14	26	14	14	14	8	8	27	14	1	14	14	12	2	14	14	23	16	20	2	14	4	26	16	5	14	17	7	8	4	7	14	23	26	14	7	11	2	23	13	3	23	14	4	27	11	14	14	27	14	14	4	11	27	23	8	1	3	10	2	2	14	14	3	14	20	2	14	4	26	5	1	1	16	7	27	26	14	14	1	26	1	1	26	3	23	13	2	27	14	3	20	20	14	14	27	14	14	27	11	27	20	1	23	23	10	2	14	12	2	3	14	17	24	26	23	14	15	5	26	25	7	14	26	14	3	1	25	14	1	26	14	13	2	2	14	14	14	24	14	23	1	27	14	14	27	20	14	8	1	1	23	1	23	27	12	2	14	14	17	2	22	23	2	2	26	6	16	6	14	2	4	14	26	25	14	4	26	2	23	12	2	23	14	3	24	1	14	14	7	14	14	27	15	14	27	27	23	23	10	10	1	23	2	14	14	14	2	27	20	2	14	14	26	16	6	27	19	7	27	22	3	14	3	26	14	2	2	23	26	27	14	14	23	14	27	11	14	14	27	15	14	14	11	14	23	9	26	23	11	2	23	23	27	3	9	20	2	14	26	16	16	5	27	18	7	27	20	8	3	3	26	14	2	14	14	14	3	3	3	23	14	4	14	1	14	27	14	14	27	11	24	1	14	1	23	11	11	2	12	4	3	16	20	2	14	23	27	27	26	17	17	7	27	3	14	14	1	26	14	2	26	14	3	14	3	14	4	4	24	4	25	14	27	14	14	27	11	14	8	1	1	23	10	2	23	12	2	14	20	20	2	22	14	16	11	26	26	27	7	27	20	27	23	27	26	14	1	26	14	4	13	2	23	14	20	24	14	4	26	8	14	14	27	11	14	1	25	23	10	10	2	23	12	2	14	14	17	2	22	23	2	15	14	14	14	7	27	19	8	14	12	25	14	5	26	14	14	14	3	14	3	20	24	14	14	7	14	14	14	27	20	14	1	7	3	10	1	23	23	12	23	14	27	17	2	27	23	2	7	14	16	6	14	14	7	27	14	25	25	14	4	2	14	14	14	23	14	3	20	2	4	20	8	14	14	14	27	15	23	27	7	23	9	1	14	1	2	23	13	14	14	2	27	20	2	14	14	14	27	18	14	27	11	21	8	14
DUE_DATE
0	31147	30476	30045	30094	30623	30192	30727	30296	30825	30394	30923	30492	30527	30556	30045	30074	31843	31152	30701	30730	30759	30788	30300	30882	31404	31446	31008	30510	32292	31607	31156	31185	31694	31243	31272	31781	30790	31839	31388	31427	31936	31485	30974	32743	32052	31601	31630	31119	31688	31719	32220	32241	31782	31803	31284	32325	33066	33087	31368	32409	31950	33171	33192	32527	32096	32145	33394	32723	32292	31785	32352	32859	33606	33633	32940	32967	32514	33741	33048	33795	32622	32106	33870	33174	32718	32742	32766	32250	32814	34038	34062	33366	33415	34172	33489	34246	34283	33120	32617	34394	33737	33316	33375	32894	33493	34717	34736	33555	34054	34073	34092	34831	34130	33669	33148	34187	33726	33745	34244	33783	33857	35116	35175	35234	35293	34605	34152	35379	34686	33693	34740	34767	34314	33801	33828	34875	34431	35664	35697	35730	35763	35076	34629	35142	35895	35914	34730	35226	35242	34778	34794	34810	34826	34302	34318	36074	36090	36106	35402	35418	36154	35450	34986	35031	34524	35577	35610	35163	35676	35229	35262	36495	36540	35862	35424	36666	36708	36030	35592	35091	36864	36177	35730	35223	35796	36309	37062	37095	36405	36432	35979	37206	36513	37260	35547	37314	36621	36168	36195	36235	36272	35769	37546	37583	36900	36937	36974	37731	37044	37797	36630	36123	37896	37209	36762	36795	36821	36304	36867	38090	38113	37416	37439	37462	38205	37508	37051	36534	37577	37121	37144	37167	37670	37213	37236	38459	38482	38505	37808	37351	38574	38597	36885	37932	37959	37506	36993	37560	38067	37614	38121	38868	38895	38917	38216	37755	38974	38273	38292	37831	38330	38349	37888	37367	37926	37945	37424	37443	39247	39296	39345	38674	39443	39492	38837	38416	38475	39014	39073	38647	38696	39225	38794	38303	40092	40125	39432	38979	40206	39513	40260	39087	40314	39621	39168	38655	39221	38704	39747	40490	40513	39816	39839	39382	40605	39908	40651	38934	40697	39997	39536	39555	39574	39593	39612	40831	40850	40149	40168	40187	40206	40945	40964	39783	39300	41082	40404	39966	40008	39510	40092	40127	41356	41385	40694	40723	40752	41501	40810	40359	40868	40447	40496	40005	41074	40643	40692	41931	41964	41997	41310	40863	42096	42129	41442	41475	41515	41072	40569	42346	40643	41700	41257	42494	42540	41862	41424	41466	42708	42030	42072	42120	42162	41724	41226	41808	41850	41892	41407	43196	43245	43294	42623	42192	43431	43464	42777	42330	42843	42876	41889	42462	42495	43001	42544	43767	43790	43093	42636	42659	43882	43185	43928	42751	43974	43277	42847	42356	43425	43474	43043	44292	44397	43776	43395	42900	44682	44004	44766	44808	44130	43692	43797	43896	44475	44021	44044	45267	44570	44113	43596	45359	44662	45405	44708	45451	44754	44297	44335	44852	43869	44446	44963	45720	45757	45074	44647	45896	45945	45274	46043	45372	44997	45096	44655	46457	44776	44835	45434	46693	46757	46096	45675	46214	46273	47097	47196	46575	46131	45624	47397	46710	46743	46296	46329	47562	47595	46435	46472	46989	47026	47783	47820	47137	46694	46195	47972	47289	46846	46883	46380	48157	48194	47537	47116	47175	47714	48493	47827	47876	47925	47494	48743	47592	48115	47132	47709	48946	48983	48300	47857	47894	49119	49140	48441	47442	49203	48504	48045	48546	48567	48108	48129	49350	49371	48672	48297	47856	49695	49735	49052	49809	49126	48683	48720	49957	48254	49315	48872	49389	49426	48983	48480	50257	50294	49627	49676	50445	49774	49343	49392	49902	49446	49470	49974	50718	50742	50046	49590	50814	50838	50142	50886	49185	50952	50259	49806	49833	49320	49887	49374	51141	51168	51195	50515	50072	50589	51346	49643	50700	50737	50294	51531	50844	50397	50430	51663	51696	51729	51042	50595	50635	51872	51189	51226	51263	50820	50317	51374	50925	50952	52179	52206	52233	52260	51567	51114	51621	52368	52395	51247	51776	51825	51394	50903	51492	52002	51006	52770	52794	52818	52122	51666	52170	52914	52218	51762	51246	53035	52352	51909	51946	52463	52020	53257	53294	52605	52632	52179	53406	53433	52740	51747	53514	52821	52368	52395	52422	52926	52470	53694	52998	53022	52566	53790	53814	53118	53862	52146	53935	53252	52809	52846	52883	52380	52957	54194	54231	53544	53577	53610	54363	54396	53709	53262	54495	53837	53416	53475	53534	53053	53615	53092	54849	54866	54883	54180	54917	54934	53751	54248	54265	53802	53279	54316	53853	53870	54367	55157	55216	55275	54614	54193	55435	55472	54309	54826	54863	54420	54937	54494	54557	55096	55875	55934	54253	56031	55344	56097	55410	56163	54996	55029	55542	55575	54585	55152	55179	54666	55233	56460	56487	56514	55821	56568	55875	56672	55546	55620	56174	56205	55752	55779	56286	57033	57060	55347	56394	56421	57168	56475	57347	56296	57535	57572	56409	57646	57683	57720	57037	57074	56672	56746	57300	58094	57405	58152	58179	58206	58233	57540	57087	56574	57621	58368	58395	58697	58797	58896	58275	58311	59064	59097	58410	59163	59196	58029	58062	58575	59347	59396	58725	59494	59543	58872	58457	57976	59775	59114	59893
TRANSPORT_MODE
0	2	2	1	1	1	0	0	0	2	2	1	1	2	0	0	2	1	1	1	0	1	0	0	0	2	2	1	1	2	0	0	0	2	1	1	1	0	0	0	0	2	2	1	1	1	0	0	0	2	2	1	1	1	0	0	0	3	3	1	1	1	0	0	0	0	2	2	1	1	1	0	0	3	3	1	1	1	0	0	0	0	2	2	1	1	1	0	0	0	3	3	1	1	0	0	0	0	2	2	1	1	1	0	0	0	3	3	1	1	1	0	0	0	2	2	1	1	1	0	0	0	0	1	3	3	1	1	0	0	2	2	1	1	1	0	0	0	0	3	3	1	1	1	0	0	0	2	2	1	1	0	0	0	0	1	3	3	1	1	0	0	0	1	2	2	1	1	0	0	0	1	3	3	1	1	0	0	0	1	2	2	1	1	0	0	0	3	3	1	1	1	0	0	0	1	2	2	1	1	0	0	0	3	3	1	1	0	0	0	0	1	2	2	1	1	0	0	0	1	3	3	1	1	0	0	0	1	2	2	1	1	0	0	0	0	1	3	3	1	1	0	0	2	2	1	1	1	0	0	0	0	1	3	3	1	1	0	0	0	2	2	1	1	0	0	0	0	1	3	3	1	1	0	0	0	1	2	2	1	1	0	0	0	1	3	3	1	1	0	0	0	1	2	2	1	1	0	0	0	3	3	1	1	1	0	0	0	1	2	2	1	1	0	0	0	3	3	1	1	0	0	0	0	1	2	2	1	1	0	0	0	1	3	3	1	1	0	0	0	1	2	2	1	1	0	0	0	1	3	3	1	1	0	0	0	2	2	1	1	1	0	0	0	3	3	1	1	1	0	0	0	2	1	1	1	0	0	0	0	1	3	3	1	1	0	0	0	2	2	1	1	1	0	0	0	3	3	1	1	1	0	0	0	0	2	2	1	1	1	0	0	3	3	1	1	1	0	0	0	2	2	1	1	0	1	0	0	3	1	1	1	0	0	0	0	2	2	1	1	1	0	0	0	3	3	1	1	1	0	0	0	2	2	1	1	1	0	0	0	3	3	1	1	2	0	0	0	2	1	1	1	1	0	0	0	3	3	1	1	2	0	0	0	1	1	1	1	0	0	0	0	3	3	1	1	1	0	0	0	2	2	1	1	0	0	0	0	3	3	1	1	1	0	0	0	2	2	1	1	1	0	0	0	3	3	1	1	1	0	0	0	2	2	1	1	3	0	0	0	1	1	1	1	0	0	0	0	2	2	1	1	1	0	0	0	3	3	1	1	0	0	0	0	1	2	2	1	1	0	0	0	1	3	3	1	1	0	0	2	2	1	1	1	0	0	0	0	3	3	1	1	1	0	0	2	1	1	1	0	0	0	0	3	3	1	1	1	0	0	0	2	2	1	1	0	0	0	0	1	3	3	1	1	0	0	0	1	2	2	1	1	0	0	0	3	3	1	1	1	0	0	0	2	2	1	1	1	0	0	0	3	1	1	1	0	0	0	0	2	2	1	1	1	0	0	0	3	3	1	1	0	0	0	0	1	2	2	1	1	0	0	0	1	3	3	1	1	0	0	2	2	1	1	1	0	0	0	0	3	3	1	1	1	0	0	2	1	1	1	0	0	0	0	3	3	1	1	1	0	0	0	2	2	1	1	0	0	0	0	1	3	3	1	1	0	0	0	1	2	2	1	1	0	0	3	3	1	1	1	0	0	0	0	3	3	1	1	3	0	0	1	1	1	1	0	0	0	0	3	3	1	1	1	0	0	0	3	3	1	1	0	0	0	0	3	3	1	1	1	0	0	0	3	3	1	1	1	0	0	0
PATIENT_WEIGHT
43	139	97	95	66	76	35	80	47	139	88	139	137	35	138	144	64	68	103	91	36	85	103	82	87	106	113	86	73	65	94	125	110	71	60	54	134	105	95	41	132	144	48	30	33	58	92	82	132	140	36	123	82	62	89	35	69	30	36	48	102	93	149	88	132	66	36	91	35	34	111	135	130	58	34	110	138	121	41	47	93	101	64	109	83	134	142	38	96	147	76	33	37	134	96	43	45	79	106	120	149	87	44	139	57	127	99	81	72	79	67	97	92	109	109	146	66	125	41	53	107	78	90	150	146	147	79	75	98	30	42	41	46	54	95	128	149	32	75	100	93	44	118	85	86	129	111	33	33	31	78	57	66	123	37	131	148	103	97	123	101	83	96	100	59	103	57	43	139	110	41	106	126	76	31	72	67	91	65	32	89	89	36	98	56	103	120	96	107	55	132	64	74	64	133	86	58	134	77	107	91	46	116	73	80	33	36	83	45	114	57	86	73	72	109	37	59	84	46	63	95	97	69	50	77	118	50	54	100	75	113	117	122	61	102	138	33	118	64	120	71	65	37	129	134	88	46	55	66	78	129	149	71	90	71	127	140	132	41	102	84	80	97	140	118	35	115	35	87	37	149	76	84	109	124	144	150	57	66	60	103	40	71	105	134	49	108	94	64	124	46	133	76	137	32	46	102	74	51	30	48	49	68	119	93	51	75	125	132	119	142	121	58	148	46	63	52	35	82	136	84	149	98	131	81	103	68	130	60	127	39	75	57	71	43	97	47	79	30	129	53	137	93	43	91	76	74	124	121	147	67	138	53	59	129	113	60	148	37	30	60	61	123	145	116	45	36	35	73	116	105	77	107	32	83	73	69	37	119	138	34	75	53	44	91	95	54	76	104	104	71	119	148	103	54	57	120	129	86	95	77	104	144	121	51	93	55	122	97	49	100	109	127	112	57	35	85	126	68	79	96	89	81	37	65	97	118	143	136	45	63	126	86	102	83	147	60	107	134	117	42	78	126	76	52	79	102	88	56	30	43	96	81	87	69	84	83	84	80	94	37	69	43	129	51	134	31	149	48	35	91	134	64	134	41	71	71	40	68	64	115	59	79	103	63	75	119	69	92	115	65	90	112	49	40	131	68	65	67	121	113	69	80	96	140	43	43	149	30	72	130	38	64	92	48	69	51	87	78	31	35	119	74	65	129	42	123	63	55	66	50	102	61	105	68	123	110	61	106	41	110	122	96	86	150	126	62	124	73	91	95	68	75	58	38	81	114	80	121	74	99	113	80	51	138	30	115	101	96	73	108	84	35	68	111	60	82	130	102	38	82	33	56	122	138	35	99	36	42	50	135	130	62	135	145	128	116	34	144	131	148	106	142	59	136	106	62	87	80	124	33	120	81	119	57	83	123	49	139	107	75	79	96	89	38	88	144	125	77	62	42	98	30	88	69	120	143	64	67	123	140	91	116	73	126	99	69	36	124	142	43	81	42	89	80	142	30	138	39	121	86	150	85	32	143	144	71	141	64	142	60	57	36	148	78	103	104	81	148	92	109	95	105	135	55	81	148	30	45	135	36	99	68	143	119	57	92	149	96	96	66	126	115	66	141	137	57	150	150	79	67	144	125	38	57	62	146	132	60	103	35	114	147	80	36	49	85	94	85	109	99	75	31	48	117	115	70	112	44	121	126	122	74	135	127	43	59	86	123	52	129	76	88	144	104	30	143	98	123	76	149	64	75	81	96	76	136	31	122	128	122	84	30	65	38	105	137	127	90	59	132	137	142	36	97	69	40	33	76	68	107	80	126	49	119	79	97	30	88	47	118
DISTANCE_MATRIX
0	360	318	300	288	276	264	264	150	150	150	60	90	90	162	168	204	228	234	312	360	408	348	318	168	192	168	318
360	60	264	318	324	342	342	342	348	348	354	360	372	378	378	420	420	480	462	498	462	462	384	420	372	420	378	378
318	264	60	270	276	288	288	288	294	294	294	318	318	324	324	414	414	468	462	486	462	462	330	366	366	408	372	324
300	318	270	60	276	288	288	288	288	288	288	300	300	312	318	408	408	468	462	486	438	438	318	360	360	402	360	312
288	324	276	276	60	276	276	276	276	276	276	288	288	300	300	402	396	462	456	480	432	432	300	360	360	402	348	300
276	342	288	288	276	60	180	180	252	258	264	264	264	288	288	390	390	456	450	480	432	432	288	348	348	348	288	288
264	342	288	288	276	180	60	180	246	258	264	264	264	288	288	390	390	456	450	480	432	432	288	348	348	348	288	288
264	342	288	288	276	180	180	60	240	258	264	264	264	288	288	390	390	456	450	480	432	432	288	348	348	348	288	288
150	348	294	288	276	252	246	240	60	120	120	150	126	270	270	378	384	420	438	480	420	408	276	300	300	300	276	270
150	348	294	288	276	258	258	258	120	60	120	150	150	270	270	378	384	420	438	480	420	408	276	300	300	300	276	270
150	354	294	288	276	264	264	264	120	120	60	150	150	270	270	378	384	420	438	480	420	408	276	300	300	300	276	270
60	360	318	300	288	264	264	264	150	150	150	60	90	162	168	228	234	312	360	408	348	318	168	192	192	198	168	162
90	372	318	300	288	264	264	264	150	150	150	90	60	162	168	228	234	312	360	408	348	318	168	192	192	198	168	162
90	378	324	312	300	288	288	288	270	270	270	162	162	60	120	180	180	306	210	360	300	300	120	180	120	180	120	234
162	378	324	318	300	288	288	288	270	270	270	168	168	120	60	180	180	306	210	360	300	300	120	180	120	180	120	120
168	420	414	408	402	348	348	348	300	300	300	228	228	180	180	60	132	204	132	348	258	258	186	60	180	132	222	180
204	420	414	408	396	390	390	390	384	384	384	234	234	180	180	132	60	204	132	348	258	258	186	60	180	132	222	180
228	480	468	468	462	456	456	456	420	420	420	312	312	306	306	204	204	60	198	120	240	240	306	204	306	138	306	306
234	462	462	462	456	450	450	450	438	438	438	360	360	210	210	132	132	198	60	138	132	132	210	132	210	132	210	210
312	498	486	486	480	480	480	480	480	480	480	408	408	360	360	348	348	120	138	60	348	348	360	348	360	348	360	360
360	462	462	438	432	432	432	432	420	420	420	348	348	300	300	258	258	240	132	348	60	60	300	258	300	258	300	300
408	462	462	438	432	432	432	432	408	408	408	318	318	300	300	258	258	240	132	348	60	60	300	258	300	258	300	300
348	384	330	318	300	288	288	288	276	276	276	168	168	120	120	186	186	306	210	360	300	300	60	186	120	186	120	120
318	420	366	360	360	348	348	348	300	300	300	192	192	180	180	60	60	204	132	348	258	258	186	60	180	60	180	180
168	372	300	306	300	288	288	288	270	270	270	168	168	120	120	180	180	306	210	360	300	300	120	180	60	180	120	120
192	420	408	402	402	348	348	348	300	300	300	198	198	180	180	132	132	138	132	348	258	258	186	60	180	60	180	180
168	378	372	360	348	288	288	288	276	276	276	168	168	120	120	222	222	306	210	360	300	300	120	180	120	180	60	120
318	378	324	312	300	288	288	288	270	270	270	162	162	234	120	180	180	306	210	360	300	300	120	180	120	180	120	60
DEPOTS_DISTANCE
234	462	462	462	456	450	450	450	438	438	438	360	360	210	210	132	132	198	60	138	132	132	210	132	210	132	210	210	
348	384	330	318	300	288	288	288	276	276	276	168	168	120	120	186	186	306	210	360	300	300	60	186	120	186	120	120	
318	420	366	360	360	348	348	348	300	300	300	192	192	180	180	60	60	204	132	348	258	258	186	60	180	60	180	180	
LOCATION_TURN_MATRIX
100	130	122	113	112	199	136	122	129	152	173	146	151	136	158	140	176	113	122	167	194	134	110	172	114	184	100	147	
170	100	154	188	164	169	136	136	152	170	104	183	155	115	101	104	155	187	174	115	149	134	178	168	114	135	168	102	
178	146	100	161	178	114	104	165	117	139	126	169	192	109	120	179	160	152	154	134	113	140	154	179	196	196	192	181	
187	112	139	100	158	114	195	181	104	132	195	106	183	169	132	170	140	136	172	148	116	110	123	136	151	120	176	169	
188	136	122	142	100	175	164	159	112	100	167	164	135	191	132	181	104	123	142	156	108	117	193	182	116	147	156	185	
101	131	186	186	125	100	190	147	164	150	137	102	145	176	185	131	113	108	117	186	118	151	140	178	154	189	172	110	
164	164	196	105	136	110	100	186	153	151	183	193	111	157	144	123	188	142	110	163	105	190	166	187	170	171	186	126	
178	164	135	119	141	153	114	100	106	130	108	103	151	178	122	151	130	133	184	177	110	141	166	110	122	174	191	197	
171	148	183	196	188	136	147	194	100	167	100	146	168	129	128	142	172	118	174	147	105	158	156	160	120	106	119	136	
148	130	161	168	200	150	149	170	133	100	177	106	175	116	188	180	176	194	108	146	130	187	183	173	128	141	169	176	
127	196	174	105	133	163	117	192	200	123	100	171	175	140	183	115	104	186	128	153	151	175	100	146	191	117	132	197	
154	117	131	194	136	198	107	197	154	194	129	100	136	184	140	147	172	184	148	131	103	156	185	200	152	158	154	143	
149	145	108	117	165	155	189	149	132	125	125	164	100	140	199	142	101	144	163	185	117	191	200	143	113	165	102	154	
164	185	191	131	109	124	143	122	171	184	160	116	160	100	109	116	196	113	131	186	166	139	183	175	144	161	105	170	
142	199	180	168	168	115	156	178	172	112	117	160	101	191	100	147	177	177	199	158	172	188	164	175	180	168	154	195	
160	196	121	130	119	169	177	149	158	120	185	153	158	184	153	100	152	159	197	157	181	159	102	123	168	200	124	186	
124	145	140	160	196	187	112	170	128	124	196	128	199	104	123	148	100	149	114	112	117	135	105	132	138	180	198	156	
187	113	148	164	177	192	158	167	182	106	114	116	156	187	123	141	151	100	166	132	168	163	159	123	129	173	161	116	
178	126	146	128	158	183	190	116	126	192	172	152	137	169	101	103	186	134	100	184	199	137	130	160	148	113	140	150	
133	185	166	152	144	114	137	123	153	154	147	169	115	114	142	143	188	168	116	100	111	195	128	157	191	164	141	171	
106	151	187	184	192	182	195	190	195	170	149	197	183	134	128	119	183	132	101	189	100	129	151	163	147	166	104	177	
166	166	160	190	183	149	110	159	142	113	125	144	109	161	112	141	165	137	163	105	171	100	101	185	169	129	103	197	
190	122	146	177	107	160	134	134	144	117	200	115	100	117	136	198	195	141	170	172	149	199	100	106	150	116	118	145	
128	132	121	164	118	122	113	190	140	127	154	100	157	125	125	177	168	177	140	143	137	115	194	100	128	167	115	155	
186	186	104	149	184	146	130	178	180	172	109	148	187	156	120	132	162	171	152	109	153	131	150	172	100	155	124	184	
116	165	104	180	153	111	129	126	194	159	183	142	135	139	132	100	120	127	187	136	134	171	184	133	145	100	129	192	
200	132	108	124	144	128	114	109	181	131	168	146	198	195	146	176	102	139	160	159	196	197	182	185	176	171	100	146	
153	198	119	131	115	190	174	103	164	124	103	157	146	130	105	114	144	184	150	129	123	103	155	145	116	108	154	100	
DEPOTS_TO_LOCAL_TURN_MATRIX
178	126	146	128	158	183	190	116	126	192	172	152	137	169	101	103	186	134	100	184	199	137	130	160	148	113	140	150	
190	122	146	177	107	160	134	134	144	117	200	115	100	117	136	198	195	141	170	172	149	199	100	106	150	116	118	145	
128	132	121	164	118	122	113	190	140	127	154	100	157	125	125	177	168	177	140	143	137	115	194	100	128	167	115	155	
LOCAL_TO_DEPOT_TURN_MATRIX
122	174	154	172	142	117	110	184	174	108	128	148	163	131	199	197	114	166	100	116	101	163	170	140	152	187	160	150	
110	178	154	123	193	140	166	166	156	183	100	185	200	183	164	102	105	159	130	128	151	101	100	194	150	184	182	155	
172	168	179	136	182	178	187	110	160	173	146	200	143	175	175	123	132	123	160	157	163	185	106	100	172	133	185	145	

