INDEX_PROBLEM
1
PATIENTS
800
STRETCHERS
16
NUM_ROOM
28
NUM_DEPOT
3
NUM_PRIORITY
4
PRIORITY_LIST
0	1	2	3	4
PRIORITY_WEIGHT
0	1	10	18	30
PRIORITY_JOB
0	1	2	2	3	3	3	2	1	2	3	3	1	3	3	4	2	2	3	4	1	2	3	3	2	3	3	2	2	4	3	3	3	4	1	2	3	4	3	2	3	1	2	3	4	3	3	2	3	4	1	2	2	3	4	3	3	1	1	2	3	1	1	1	2	3	1	2	2	3	4	3	4	1	4	1	2	3	1	1	3	2	2	3	3	1	2	2	3	4	1	2	3	3	1	2	1	4	1	2	3	4	3	2	3	1	1	2	2	3	2	1	1	3	4	1	2	3	4	3	3	1	1	2	2	3	2	1	1	3	1	2	3	3	4	3	2	1	1	2	2	3	2	1	1	4	1	2	3	1	3	3	2	3	4	1	2	3	2	1	2	4	1	2	2	3	3	4	3	3	1	4	1	2	2	2	1	1	3	1	2	2	3	4	3	1	3	1	2	3	1	2	3	3	1	2	2	1	2	3	3	3	4	1	2	3	1	2	1	3	4	1	2	1	4	2	3	2	3	4	1	2	2	1	2	2	3	4	1	2	3	3	4	3	1	3	1	2	2	1	1	3	3	3	1	2	2	3	2	1	3	3	1	2	1	1	2	2	3	4	1	2	3	4	2	3	1	3	3	1	2	1	2	1	3	4	4	1	2	3	3	4	1	2	3	1	2	2	1	1	2	3	3	1	2	3	3	2	1	2	3	4	2	1	1	1	2	3	3	1	3	3	4	2	1	2	3	4	2	1	2	1	2	3	3	2	1	3	3	1	2	1	3	4	1	2	2	1	2	2	3	4	3	4	3	3	1	1	2	3	3	1	2	1	2	2	3	2	3	3	1	1	1	2	3	3	1	2	1	1	2	2	3	4	2	3	4	1	1	2	3	3	2	1	2	3	4	1	2	3	4	3	4	3	1	2	2	3	1	2	1	1	4	1	2	3	1	3	2	2	1	2	3	1	2	1	4	3	1	2	3	3	3	2	3	1	1	2	2	3	2	1	1	4	1	2	3	3	3	4	2	1	1	2	3	4	2	1	2	1	1	2	2	3	3	3	4	4	1	1	2	3	2	1	1	1	2	2	3	3	2	4	3	3	1	1	2	3	2	1	3	1	2	2	3	1	2	3	3	4	1	1	2	3	2	1	2	3	1	2	3	4	2	3	4	4	1	2	2	1	2	1	1	3	1	2	3	3	3	3	1	1	2	2	2	1	1	2	3	1	2	3	3	4	3	2	1	2	1	2	3	2	1	1	4	1	2	3	3	3	3	4	1	1	2	3	4	2	1	2	4	1	2	2	2	3	3	3	1	1	2	1	3	3	2	1	1	1	2	2	3	4	2	3	1	2	1	3	3	1	2	1	1	2	2	3	4	3	2	3	1	1	2	3	3	2	1	2	1	2	3	4	4	3	4	2	3	1	1	2	2	3	1	2	1	1	2	3	3	1	3	4	3	2	1	2	3	1	1	2	1	2	3	1	3	1	3	3	2	1	2	3	4	1	2	2	1	2	3	3	1	3	4	3	1	2	1	3	4	1	2	1	2	2	2	3	4	1	2	3	3	2	1	3	1	2	1	1	1	2	3	3	1	4	3	3	3	2	1	3	3	1	2	1	2	2	3	4	1	2	3	1	2	1	3	3	2	2	1	2	2	3	4	1	4	2	3	2	3	2	1	3	1	2	1	2	1	3	3	1	2	2	3	4	3	1	3	4	1	1	1	2	2	1	3	1	2	1	1	2	1	2	3	3	1	1	2	1	1	2	3	3	2	2	1	1	1	2	3	4	4	1	1	2	1	1	1	2	3	3	2	1	1	1	1	2	3	3	2	1	2
TIME_ASKED
0	28849	28898	28947	28996	29045	29094	29149	29198	29247	29296	29345	29394	29429	29458	29487	29516	29545	29574	29603	29632	29661	29690	29742	29784	29826	29868	29910	29952	29994	30029	30058	30087	30116	30145	30174	30203	30232	30261	30290	30329	30358	30387	30416	30445	30474	30503	30532	30561	30590	30621	30642	30663	30684	30705	30726	30747	30768	30789	30810	30831	30852	30873	30894	30949	30998	31047	31096	31145	31194	31227	31254	31281	31308	31335	31362	31389	31416	31443	31470	31497	31524	31548	31572	31596	31620	31644	31668	31692	31716	31740	31764	31788	31837	31874	31911	31948	31985	32022	32059	32096	32159	32218	32277	32336	32395	32419	32438	32457	32476	32495	32514	32533	32552	32571	32590	32609	32628	32647	32666	32685	32759	32818	32877	32936	32995	33027	33054	33081	33108	33135	33162	33189	33216	33243	33270	33297	33333	33366	33399	33432	33465	33498	33531	33564	33597	33616	33632	33648	33664	33680	33696	33712	33728	33744	33760	33776	33792	33808	33824	33840	33856	33872	33888	33933	33966	33999	34032	34065	34098	34131	34164	34197	34242	34284	34326	34368	34410	34452	34494	34533	34566	34599	34632	34665	34698	34731	34764	34797	34827	34854	34881	34908	34935	34962	34989	35016	35043	35070	35097	35137	35174	35211	35248	35285	35322	35359	35396	35433	35466	35499	35532	35565	35598	35631	35664	35697	35723	35746	35769	35792	35815	35838	35861	35884	35907	35930	35953	35976	35999	36023	36046	36069	36092	36115	36138	36161	36184	36207	36230	36253	36276	36299	36327	36354	36381	36408	36435	36462	36489	36516	36543	36570	36597	36619	36638	36657	36676	36695	36714	36733	36752	36771	36790	36809	36828	36847	36866	36885	36949	36998	37047	37096	37145	37194	37259	37318	37377	37436	37495	37549	37598	37647	37696	37745	37794	37827	37854	37881	37908	37935	37962	37989	38016	38043	38070	38097	38123	38146	38169	38192	38215	38238	38261	38284	38307	38330	38353	38376	38399	38419	38438	38457	38476	38495	38514	38533	38552	38571	38590	38609	38628	38647	38666	38685	38742	38784	38826	38868	38910	38952	38994	39029	39058	39087	39116	39145	39174	39203	39232	39261	39290	39349	39398	39447	39496	39545	39594	39633	39666	39699	39732	39765	39798	39831	39864	39897	39937	39974	40011	40048	40085	40122	40159	40196	40242	40284	40326	40368	40410	40452	40494	40542	40584	40626	40668	40710	40752	40794	40849	40898	40947	40996	41045	41094	41133	41166	41199	41232	41265	41298	41331	41364	41397	41423	41446	41469	41492	41515	41538	41561	41584	41607	41630	41653	41676	41699	41749	41798	41847	41896	41945	41994	42099	42198	42297	42342	42384	42426	42468	42510	42552	42594	42699	42798	42897	42923	42946	42969	42992	43015	43038	43061	43084	43107	43130	43153	43176	43199	43237	43274	43311	43348	43385	43422	43459	43496	43549	43598	43647	43696	43745	43794	43899	43998	44097	44159	44218	44277	44336	44395	44459	44518	44577	44636	44695	44799	44898	44997	45033	45066	45099	45132	45165	45198	45231	45264	45297	45337	45374	45411	45448	45485	45522	45559	45596	45637	45674	45711	45748	45785	45822	45859	45896	45959	46018	46077	46136	46195	46249	46298	46347	46396	46445	46494	46537	46574	46611	46648	46685	46722	46759	46796	46821	46842	46863	46884	46905	46926	46947	46968	46989	47010	47031	47052	47073	47094	47199	47298	47397	47437	47474	47511	47548	47585	47622	47659	47696	47737	47774	47811	47848	47885	47922	47959	47996	48049	48098	48147	48196	48245	48294	48324	48348	48372	48396	48420	48444	48468	48492	48516	48540	48564	48588	48627	48654	48681	48708	48735	48762	48789	48816	48843	48870	48897	48937	48974	49011	49048	49085	49122	49159	49196	49233	49266	49299	49332	49365	49398	49431	49464	49497	49537	49574	49611	49648	49685	49722	49759	49796	49827	49854	49881	49908	49935	49962	49989	50016	50043	50070	50097	50149	50198	50247	50296	50345	50394	50424	50448	50472	50496	50520	50544	50568	50592	50616	50640	50664	50688	50737	50774	50811	50848	50885	50922	50959	50996	51027	51054	51081	51108	51135	51162	51189	51216	51243	51270	51297	51324	51348	51372	51396	51420	51444	51468	51492	51516	51540	51564	51588	51637	51674	51711	51748	51785	51822	51859	51896	51933	51966	51999	52032	52065	52098	52131	52164	52197	52259	52318	52377	52436	52495	52517	52534	52551	52568	52585	52602	52619	52636	52653	52670	52687	52704	52721	52738	52755	52772	52789	52859	52918	52977	53036	53095	53137	53174	53211	53248	53285	53322	53359	53396	53459	53518	53577	53636	53695	53733	53766	53799	53832	53865	53898	53931	53964	53997	54027	54054	54081	54108	54135	54162	54189	54216	54243	54270	54297	54374	54448	54522	54596	54627	54654	54681	54708	54735	54762	54789	54816	54843	54870	54897	55049	55198	55237	55274	55311	55348	55385	55422	55459	55496	55574	55648	55722	55796	55827	55854	55881	55908	55935	55962	55989	56016	56043	56070	56097	56399	56499	56598	56697	56733	56766	56799	56832	56865	56898	56931	56964	56997	57049	57098	57147	57196	57245	57294	57359	57418	57477	57536	57595
ORIGIN
26	16	6	27	19	25	27	23	25	1	23	10	2	14	14	14	23	14	3	23	16	4	26	16	14	26	16	7	27	23	27	7	23	9	1	23	14	14	23	13	2	23	14	3	24	14	14	11	14	6	27	18	7	27	20	8	18	14	10	2	23	14	2	26	1	3	23	14	4	14	15	5	1	1	7	27	19	14	14	3	14	1	23	11	2	2	14	2	27	2	3	24	14	5	5	1	7	1	18	7	2	20	8	1	23	2	17	23	12	2	14	14	27	14	14	4	24	15	4	26	16	14	11	3	7	2	14	14	23	23	10	2	23	12	14	23	14	4	14	14	4	27	14	14	23	23	7	27	20	14	14	23	10	14	23	11	2	14	14	14	27	27	4	24	15	4	26	16	8	14	26	7	26	14	14	3	14	25	2	23	12	2	27	14	3	1	26	14	25	11	8	1	25	14	27	20	8	2	14	9	1	23	20	2	23	14	4	27	14	4	14	14	4	23	16	5	14	14	3	14	20	8	14	3	14	2	2	12	2	23	14	3	23	14	14	14	27	5	14	25	14	14	3	8	27	23	14	1	14	12	3	2	12	2	16	14	14	14	1	4	26	16	5	14	17	7	8	4	8	14	14	14	14	10	27	2	23	13	3	23	14	4	14	11	11	14	25	14	3	26	26	27	23	8	1	3	10	2	2	14	2	23	5	14	3	15	14	26	16	5	1	16	7	27	1	14	27	23	14	2	9	20	2	23	13	2	27	14	3	20	20	18	1	16	14	3	26	14	12	2	8	1	23	10	2	23	12	2	26	14	14	26	14	14	27	15	5	26	25	7	14	26	3	3	3	9	23	16	20	2	14	13	2	23	14	14	24	14	7	1	7	14	14	26	14	2	11	8	1	23	10	1	14	12	2	14	14	14	27	14	14	27	11	27	26	16	6	27	14	7	23	14	14	3	14	20	2	14	12	2	23	14	3	7	14	4	26	16	14	26	26	1	1	26	14	1	23	10	1	14	14	2	14	14	2	14	14	3	11	24	11	20	16	6	27	19	7	27	22	3	14	14	2	26	27	14	11	23	14	3	23	14	4	27	11	14	26	16	14	13	26	14	13	23	9	26	23	11	2	23	4	14	23	14	14	8	2	14	2	16	5	27	18	7	27	20	8	3	14	2	22	23	14	2	2	14	3	23	14	4	24	12	5	1	14	4	26	26	14	23	12	9	1	23	11	2	23	12	4	27	14	27	15	14	14	27	7	5	26	17	7	27	20	27	3	14	14	27	20	2	2	14	14	3	23	14	4	24	15	4	25	25	25	27	26	14	14	14	8	1	23	10	2	23	12	14	11	14	3	27	15	14	11	27	5	26	16	7	27	20	8	23	14	9	1	9	20	2	26	26	2	23	14	3	24	14	4	26	8	3	3	14	14	3	2	14	1	23	10	2	23	12	2	14	14	3	23	14	14	27	11	14	26	14	7	27	19	8	14	2	14	1	23	20	2	14	14	3	23	14	3	24	14	4	14	7	3	27	18	7	14	2	26	3	3	10	1	23	12	2	23	14	27	27	14	4	27	11	14	8	16	6	27	19	7	27	8	3	25	23	10	2	22	14	27	23	14	3	23	14	4	20	16	27	26	16	7	1	26	14	13	23	9	1	23	11	2	23	13	14	14	14	4	11	11	14	1	27	6	27	18	7	27	21	14	14	23	10	22	22	23	2	15	14	3	23	14	4	25	16	1	1	16	7	27	26	14	14	14	9	1	23	11	27	23	13	27	14	14	3	24	14	1	27	7	5	27	18	7	27	20	8	12	17	10	1	23	12	2	7	8
DESTINATION
3	14	17	2	22	14	2	26	14	14	27	14	14	4	25	16	1	25	14	4	14	14	3	14	9	3	16	20	2	27	23	13	27	14	14	27	5	5	1	7	14	1	26	14	2	20	8	12	1	17	2	27	20	2	14	14	27	16	14	14	27	25	27	23	14	14	3	26	14	2	14	14	23	23	20	2	22	4	4	26	16	14	27	15	14	27	16	14	23	27	14	1	26	14	14	23	13	23	27	20	24	14	14	14	27	24	6	27	11	27	20	8	18	15	26	14	2	14	14	3	14	3	12	23	23	14	15	5	1	1	14	14	27	11	8	1	25	14	1	26	14	2	2	2	27	27	20	2	14	5	4	27	14	4	1	20	14	20	8	1	23	23	14	2	14	14	3	14	14	2	14	23	14	15	4	26	16	14	14	27	11	14	23	25	14	23	3	10	14	12	14	23	14	16	2	14	14	27	16	14	14	1	7	14	1	8	14	23	10	14	4	26	14	27	14	14	10	16	14	4	14	14	4	26	8	14	14	11	14	1	25	14	3	26	2	2	23	14	2	14	3	3	26	14	2	27	5	14	25	11	14	27	11	14	14	9	1	1	23	14	3	14	14	2	9	20	14	14	14	16	16	16	5	14	18	14	1	7	14	3	26	14	2	12	12	2	14	3	23	14	14	2	26	14	14	26	14	14	14	8	27	1	14	1	14	11	3	3	14	14	23	16	20	2	14	4	3	27	5	14	17	7	27	1	7	14	23	26	14	7	11	27	23	14	3	23	14	4	11	14	14	14	27	14	14	27	11	27	23	8	1	3	10	2	23	14	14	3	14	20	2	14	14	26	26	14	1	16	7	27	26	7	14	1	26	1	1	26	20	23	13	2	2	14	3	24	20	14	14	27	14	14	3	11	27	20	8	1	23	10	2	23	12	23	3	14	17	2	26	23	27	15	5	26	25	7	27	26	11	14	1	25	14	13	26	14	14	14	2	14	14	14	24	14	4	14	27	14	14	8	2	14	8	20	14	1	1	14	12	2	12	14	14	17	2	22	23	2	2	26	15	16	27	14	2	16	12	1	25	14	4	26	14	23	12	2	3	14	3	7	14	4	7	27	14	14	27	15	14	27	14	1	1	26	1	14	14	2	27	14	14	2	27	20	2	14	14	26	16	27	19	7	4	27	22	25	14	3	26	14	2	11	14	23	3	23	14	14	4	27	11	14	14	27	15	14	27	11	14	23	26	23	11	2	2	23	13	14	3	9	20	2	14	2	26	16	5	18	7	27	27	20	8	14	3	26	14	2	14	14	14	14	14	2	14	4	26	15	14	14	27	14	14	27	11	5	12	9	14	23	11	2	12	2	14	3	16	20	2	14	14	27	5	14	14	17	7	27	3	3	14	1	26	14	2	26	14	3	14	23	23	4	4	23	24	4	14	27	14	14	27	11	14	8	8	14	3	10	2	23	12	25	3	20	20	2	22	14	16	27	5	14	27	7	27	20	8	27	1	26	14	1	26	14	4	13	26	2	27	20	3	24	14	26	14	14	14	27	11	14	1	25	23	23	26	14	23	12	2	14	14	17	2	22	23	2	14	26	14	27	14	27	19	8	23	1	25	14	5	26	14	14	14	3	3	16	20	24	14	4	7	27	14	14	27	20	14	1	7	1	3	26	14	12	12	2	23	23	17	2	27	23	2	7	8	16	27	14	19	19	7	27	14	25	14	4	2	14	14	14	23	23	14	20	2	14	4	8	16	14	14	27	15	23	27	7	23	9	26	14	1	2	23	23	13	14	2	27	20	2	14	14	11	6	14	14	27	11	27	21	14
DUE_DATE
0	31147	30476	30525	30094	30143	30192	30727	31496	30825	30394	30443	31692	30527	30556	30045	31094	31123	30672	30161	31930	31239	30788	30840	31362	30924	30966	31488	31530	30552	31127	31156	31185	30674	32443	31752	31301	30790	31359	31868	31427	32656	31965	31514	31003	31572	31601	32110	31659	31148	32919	32220	32241	31782	31263	31824	31845	33066	33087	32388	31929	33150	33171	33192	32527	32096	33345	32674	32723	32292	31785	32352	31839	33606	31893	33660	32967	32514	33741	33768	32595	33102	33126	32670	32694	33918	33222	33246	32790	32274	34038	33342	32886	32935	34172	33489	34246	32543	34320	33637	33194	32717	33316	33855	33434	34693	34717	34016	34035	33574	34073	34812	34831	33650	33129	34888	34187	33726	33205	33764	33783	35057	35116	34455	34514	34093	34605	35352	35379	34206	35433	34740	34287	34314	33801	34368	34875	35631	35664	34977	35010	34563	35076	35829	35862	34155	35914	35210	34746	35962	34778	34794	35290	34826	34302	36058	35354	34890	35386	36122	35418	34414	36170	35466	35511	35064	35097	34590	35163	35196	36429	34722	36495	35820	35862	35904	36666	36708	35550	36792	36111	36144	35697	35190	35763	36996	35829	37062	36375	35925	37152	36459	36006	36033	37260	36567	36594	37341	36648	36195	36235	36272	35769	37546	36863	36420	37657	36974	37731	36564	36057	37830	37143	37896	36189	37242	36795	37301	36844	36327	38090	37393	37416	38159	37462	37485	37028	36511	38274	37577	37121	37144	36627	37190	38413	37236	38459	37762	37785	38528	38551	37374	37397	37425	38652	37959	37986	37533	38040	38787	37614	37641	38868	38175	38917	38936	38235	38254	37793	37272	39031	38330	37869	37348	38387	37926	39145	37964	37983	39247	38576	39345	38674	39443	38292	37817	37876	39675	39014	38593	38647	38156	39945	39274	38843	40092	39405	39432	40179	40206	39513	39060	39087	40314	39621	39168	39195	39701	40444	39747	39290	38773	39816	40559	40582	40605	39908	39451	39474	40697	39517	39536	39015	40054	40793	40092	39631	39110	40149	40888	40187	40926	40225	39764	39783	40320	41082	39924	39966	41208	40530	41292	40127	39616	41385	40694	40723	41472	40781	40810	40359	39848	40447	39956	40545	40594	41843	41892	41211	40764	40797	42030	41343	42096	41409	41442	40995	41515	41072	41109	42346	42383	42420	41737	41294	41340	42582	41904	42666	42708	42030	42072	41640	41142	42204	41766	41268	43050	43092	42427	41996	42045	42574	43343	42672	42231	41724	43497	42810	42363	41856	42429	41922	42495	43721	43024	43047	42590	43813	43116	43859	43882	42165	43928	43231	42774	43997	42847	43376	43425	44194	43523	43092	44397	43776	44595	42900	43482	44724	44046	43608	43650	43692	44277	43896	45195	45221	44524	44547	44090	44593	45336	45359	43642	45405	44708	44251	44274	44297	43795	44852	45609	45646	44963	44520	44017	45074	45847	45176	45945	45994	45323	45372	44997	45096	45195	44717	44776	46575	46634	45973	45557	46096	46875	46934	46993	46377	46476	46095	46131	46644	45657	46230	46263	47496	47529	46842	46395	46915	47672	46509	47746	47063	47100	46657	47894	47215	46772	46809	46306	48083	48120	47437	46994	47537	48316	47655	47234	48493	47827	47396	46905	47974	47543	47052	47095	48872	48189	48226	48983	48300	49057	49094	47919	49140	48441	47982	48003	48024	48045	49266	49287	48588	48609	48630	49371	49392	48777	48396	49695	49015	48572	48609	48106	48683	49200	49957	49274	50035	49352	48909	49426	50183	50220	48517	50294	49627	49196	49245	49294	49343	48852	50622	50646	49950	49494	48978	50022	50766	50070	49074	50838	50142	50166	50205	49752	49779	49806	51033	51060	50367	51114	49941	49968	50475	51235	51272	51309	50626	50663	50220	49717	50774	50331	51564	50877	51630	50463	50496	51729	51042	51795	51835	51152	51189	50746	50243	50820	51337	50894	52125	52152	51459	51006	51033	51540	52287	51594	52341	51648	51195	50707	50756	51345	50854	51923	51492	52722	52746	52050	52074	51618	52842	52146	52890	52914	52218	51762	51786	53035	51872	51369	51946	52463	53220	52537	52094	53325	53352	52659	53406	52713	52260	53487	52314	53541	52368	52395	52902	53646	52950	52494	51978	53742	53046	53070	53814	53118	52662	52686	53935	52772	52269	52846	54083	53400	54157	52994	52491	54264	53577	54330	53643	53676	53709	53262	52755	54557	53896	53475	53534	54073	54815	53632	54849	54146	54883	54900	54917	54214	53751	53768	54985	53262	53819	53836	53853	54350	55087	53957	54016	55275	54614	55393	54715	54752	54309	53806	55583	54900	54457	55694	55037	55816	54675	54734	55273	55311	56064	55377	55410	54963	54456	56229	54522	55575	55125	55632	55179	55686	56433	55260	56487	55794	56541	55848	56595	55472	55546	56820	56174	56205	55752	55239	55806	57033	55860	55347	57114	57141	57168	56475	56627	57496	56335	57572	56889	57646	57683	57000	57757	57074	56672	56746	58020	58094	57405	58152	58179	57486	57033	57060	57567	57594	58341	58368	58395	57977	57597	57156	57255	59031	59064	58377	59130	59163	59196	58509	58062	58095	58627	59396	59445	59494	59543	58872	58457	58516	59055	59834	59173
TRANSPORT_MODE
0	2	1	1	1	0	0	0	2	1	1	1	1	0	0	0	2	1	1	1	2	0	0	0	1	1	1	1	2	0	0	0	1	1	1	1	2	0	0	0	1	1	1	1	2	0	0	0	0	1	1	1	1	1	0	0	0	3	1	1	1	0	0	0	0	2	1	1	1	1	0	0	0	3	1	1	1	2	0	0	1	1	1	1	0	3	0	0	0	1	1	1	1	2	0	0	0	1	1	1	1	1	0	0	0	3	1	1	1	1	0	0	0	0	2	1	1	1	0	0	0	3	1	1	1	1	0	0	0	2	1	1	1	1	0	0	0	3	1	1	1	2	0	0	0	1	1	1	1	3	0	0	0	1	1	1	1	1	0	0	0	2	1	1	1	1	0	0	0	0	3	1	1	1	0	0	0	0	2	1	1	1	1	0	0	3	1	1	1	2	0	0	0	1	1	1	1	3	0	0	0	1	1	1	1	2	0	0	0	1	1	1	1	3	0	0	0	0	1	1	1	1	1	0	0	0	2	1	1	1	0	0	0	0	3	1	1	1	2	0	0	0	1	1	1	1	0	0	0	3	1	1	1	1	0	0	0	2	1	1	1	1	0	0	0	0	3	1	1	1	1	0	0	0	2	1	1	1	1	0	0	0	3	1	1	1	0	0	0	0	1	2	1	1	1	0	0	0	3	1	1	1	0	0	0	1	2	1	1	1	0	0	0	1	3	1	1	1	0	0	0	2	1	1	1	0	1	0	0	0	1	3	1	1	1	0	0	0	1	1	1	1	0	0	0	0	1	3	1	1	1	0	0	1	2	1	1	0	0	0	0	1	3	1	1	1	0	0	0	1	2	1	1	1	0	0	0	1	3	1	1	1	0	0	0	0	1	2	1	1	1	0	0	0	1	1	1	1	0	0	0	1	1	0	2	1	1	0	0	1	3	1	1	0	0	0	0	1	1	2	1	1	0	0	0	1	3	1	1	1	0	0	0	1	2	1	1	1	0	0	0	1	3	1	1	1	0	0	0	0	1	1	1	1	0	0	0	1	1	3	1	1	0	0	0	1	2	1	1	0	0	0	0	1	1	3	1	1	0	0	1	2	1	1	1	0	0	0	0	1	3	1	1	1	0	0	0	1	2	1	1	1	0	0	0	1	1	1	1	0	0	0	0	1	1	2	1	1	0	0	1	3	1	1	0	0	0	0	1	1	2	1	1	0	0	0	1	1	3	1	1	0	0	0	1	2	1	1	1	0	0	0	1	3	1	1	1	0	0	0	1	1	2	1	0	1	0	0	0	1	1	3	1	1	0	0	0	1	2	1	1	0	0	0	1	1	3	1	1	0	0	0	1	2	1	1	1	0	0	0	1	3	1	1	1	0	0	0	1	2	1	1	1	0	0	0	0	1	3	1	1	1	0	0	0	1	1	2	1	1	0	0	0	1	3	1	1	0	0	0	1	2	1	0	1	1	0	0	1	3	1	1	1	0	0	0	1	2	1	1	1	0	0	0	0	1	3	1	1	1	0	0	0	1	2	1	1	1	0	0	0	1	3	1	1	1	0	0	0	1	2	1	1	0	0	0	0	1	3	1	1	1	0	0	1	2	1	1	1	0	0	0	1	3	1	1	1	0	0	0	1	2	1	1	0	1	0	0	0	1	3	1	1	1	0	0	0	1	2	1	1	1	0	0	0	3	1	1	1	0	0	0	1	3	1	1	1	0	0	0	3	1	1	1	1	0	0	0	3	1	1	1	1	0	0	0	3	1	1	1	1	0	0	0	0	3	1	1	1	1	0	0	0	3	1	1	1	1	0	0	0
PATIENT_WEIGHT
98	131	88	59	107	146	146	80	30	137	87	33	119	41	86	147	46	79	32	124	54	42	76	34	50	57	133	115	90	30	55	42	86	141	30	53	67	140	73	83	115	77	52	74	128	95	42	49	109	42	40	102	74	59	105	147	37	91	45	56	147	72	141	32	122	52	61	45	130	148	68	144	68	87	64	72	46	41	150	56	46	73	111	69	94	123	33	34	43	133	77	71	88	110	45	65	138	54	89	117	138	115	111	69	138	69	92	65	124	78	57	67	125	62	87	131	75	46	147	139	100	58	92	55	39	115	68	37	148	121	125	76	138	49	113	68	118	79	88	70	112	45	90	131	122	61	63	57	34	99	73	77	73	129	147	49	94	137	81	89	92	120	126	113	47	32	50	67	129	107	101	82	35	90	115	47	121	138	105	45	127	57	126	97	85	52	50	93	148	99	135	39	137	135	67	93	115	64	78	33	84	64	41	80	119	48	131	60	49	132	146	139	74	37	73	56	130	91	127	128	83	45	40	47	136	100	94	134	139	59	55	117	117	85	55	75	53	128	64	80	120	106	94	101	86	59	72	90	96	78	41	130	109	58	61	63	101	104	38	93	69	128	87	128	146	125	127	54	66	59	87	100	66	121	80	133	136	112	87	45	34	138	58	101	56	50	43	146	146	147	61	55	103	144	92	128	143	43	71	95	87	120	89	146	116	55	40	94	114	65	128	134	75	113	102	74	138	104	59	45	50	113	58	137	113	128	33	134	117	38	131	102	61	145	146	66	66	57	41	141	125	90	86	84	150	72	79	130	137	136	118	124	88	86	79	80	33	140	68	95	36	118	31	126	65	120	129	68	55	62	116	83	70	84	134	109	128	84	134	37	114	145	60	83	67	117	103	53	126	133	97	53	79	71	82	98	90	32	127	143	88	50	44	78	150	134	53	45	103	61	84	143	37	56	81	123	107	50	131	79	125	52	102	119	140	84	111	94	150	55	130	49	70	61	74	98	121	54	126	57	53	99	38	47	104	139	129	148	41	143	145	46	113	105	92	48	143	104	63	52	46	150	32	52	81	52	62	118	77	75	62	54	117	140	51	65	121	45	67	139	33	35	34	85	78	79	118	57	65	150	127	38	137	68	63	44	104	31	132	72	68	136	120	58	44	88	53	117	132	117	38	33	74	53	137	106	83	136	81	150	34	109	69	126	122	117	90	94	120	62	69	122	90	53	108	37	114	135	54	88	123	139	117	125	128	92	71	74	83	74	67	138	53	41	109	35	110	119	87	34	114	142	53	105	81	119	66	41	41	150	30	143	49	106	98	127	86	36	38	98	77	39	132	103	101	143	79	43	67	72	35	77	132	41	135	109	99	82	138	31	144	36	44	51	65	124	32	132	37	56	64	134	92	63	83	76	91	43	149	54	67	55	108	103	135	40	148	134	56	106	128	49	85	116	54	42	98	148	135	38	123	131	114	97	62	64	124	130	61	97	140	62	70	97	82	30	135	93	56	100	36	60	79	122	127	60	35	35	106	59	101	135	76	43	80	105	87	52	99	108	89	72	130	53	150	48	85	92	55	40	111	86	145	37	101	101	108	37	123	82	142	49	59	124	56	48	147	116	46	82	145	50	32	64	91	80	147	135	115	80	42	140	148	33	123	108	81	89	61	139	30	124	32	125	119	51	82	49	137	59	112	145	70	108	148	101	133	51	135	87	125	62	64	119	31	149	74	102	149	108	43	67	80	38	143	130	64	133	67	133	130	105	113	53	69	143	126	54	133	83	36	119	96	58	127	89	108	143	114	149	47	48	64	95	139	119	142	60	120	95	99
DISTANCE_MATRIX
0	360	318	300	288	276	264	264	150	150	150	60	90	90	162	168	204	228	234	312	360	408	348	318	168	192	168	318
360	60	264	318	324	342	342	342	348	348	354	360	372	378	378	420	420	480	462	498	462	462	384	420	372	420	378	378
318	264	60	270	276	288	288	288	294	294	294	318	318	324	324	414	414	468	462	486	462	462	330	366	366	408	372	324
300	318	270	60	276	288	288	288	288	288	288	300	300	312	318	408	408	468	462	486	438	438	318	360	360	402	360	312
288	324	276	276	60	276	276	276	276	276	276	288	288	300	300	402	396	462	456	480	432	432	300	360	360	402	348	300
276	342	288	288	276	60	180	180	252	258	264	264	264	288	288	390	390	456	450	480	432	432	288	348	348	348	288	288
264	342	288	288	276	180	60	180	246	258	264	264	264	288	288	390	390	456	450	480	432	432	288	348	348	348	288	288
264	342	288	288	276	180	180	60	240	258	264	264	264	288	288	390	390	456	450	480	432	432	288	348	348	348	288	288
150	348	294	288	276	252	246	240	60	120	120	150	126	270	270	378	384	420	438	480	420	408	276	300	300	300	276	270
150	348	294	288	276	258	258	258	120	60	120	150	150	270	270	378	384	420	438	480	420	408	276	300	300	300	276	270
150	354	294	288	276	264	264	264	120	120	60	150	150	270	270	378	384	420	438	480	420	408	276	300	300	300	276	270
60	360	318	300	288	264	264	264	150	150	150	60	90	162	168	228	234	312	360	408	348	318	168	192	192	198	168	162
90	372	318	300	288	264	264	264	150	150	150	90	60	162	168	228	234	312	360	408	348	318	168	192	192	198	168	162
90	378	324	312	300	288	288	288	270	270	270	162	162	60	120	180	180	306	210	360	300	300	120	180	120	180	120	234
162	378	324	318	300	288	288	288	270	270	270	168	168	120	60	180	180	306	210	360	300	300	120	180	120	180	120	120
168	420	414	408	402	348	348	348	300	300	300	228	228	180	180	60	132	204	132	348	258	258	186	60	180	132	222	180
204	420	414	408	396	390	390	390	384	384	384	234	234	180	180	132	60	204	132	348	258	258	186	60	180	132	222	180
228	480	468	468	462	456	456	456	420	420	420	312	312	306	306	204	204	60	198	120	240	240	306	204	306	138	306	306
234	462	462	462	456	450	450	450	438	438	438	360	360	210	210	132	132	198	60	138	132	132	210	132	210	132	210	210
312	498	486	486	480	480	480	480	480	480	480	408	408	360	360	348	348	120	138	60	348	348	360	348	360	348	360	360
360	462	462	438	432	432	432	432	420	420	420	348	348	300	300	258	258	240	132	348	60	60	300	258	300	258	300	300
408	462	462	438	432	432	432	432	408	408	408	318	318	300	300	258	258	240	132	348	60	60	300	258	300	258	300	300
348	384	330	318	300	288	288	288	276	276	276	168	168	120	120	186	186	306	210	360	300	300	60	186	120	186	120	120
318	420	366	360	360	348	348	348	300	300	300	192	192	180	180	60	60	204	132	348	258	258	186	60	180	60	180	180
168	372	300	306	300	288	288	288	270	270	270	168	168	120	120	180	180	306	210	360	300	300	120	180	60	180	120	120
192	420	408	402	402	348	348	348	300	300	300	198	198	180	180	132	132	138	132	348	258	258	186	60	180	60	180	180
168	378	372	360	348	288	288	288	276	276	276	168	168	120	120	222	222	306	210	360	300	300	120	180	120	180	60	120
318	378	324	312	300	288	288	288	270	270	270	162	162	234	120	180	180	306	210	360	300	300	120	180	120	180	120	60
DEPOTS_DISTANCE
234	462	462	462	456	450	450	450	438	438	438	360	360	210	210	132	132	198	60	138	132	132	210	132	210	132	210	210	
348	384	330	318	300	288	288	288	276	276	276	168	168	120	120	186	186	306	210	360	300	300	60	186	120	186	120	120	
318	420	366	360	360	348	348	348	300	300	300	192	192	180	180	60	60	204	132	348	258	258	186	60	180	60	180	180	
LOCATION_TURN_MATRIX
100	130	122	113	112	199	136	122	129	152	173	146	151	136	158	140	176	113	122	167	194	134	110	172	114	184	100	147	
170	100	154	188	164	169	136	136	152	170	104	183	155	115	101	104	155	187	174	115	149	134	178	168	114	135	168	102	
178	146	100	161	178	114	104	165	117	139	126	169	192	109	120	179	160	152	154	134	113	140	154	179	196	196	192	181	
187	112	139	100	158	114	195	181	104	132	195	106	183	169	132	170	140	136	172	148	116	110	123	136	151	120	176	169	
188	136	122	142	100	175	164	159	112	100	167	164	135	191	132	181	104	123	142	156	108	117	193	182	116	147	156	185	
101	131	186	186	125	100	190	147	164	150	137	102	145	176	185	131	113	108	117	186	118	151	140	178	154	189	172	110	
164	164	196	105	136	110	100	186	153	151	183	193	111	157	144	123	188	142	110	163	105	190	166	187	170	171	186	126	
178	164	135	119	141	153	114	100	106	130	108	103	151	178	122	151	130	133	184	177	110	141	166	110	122	174	191	197	
171	148	183	196	188	136	147	194	100	167	100	146	168	129	128	142	172	118	174	147	105	158	156	160	120	106	119	136	
148	130	161	168	200	150	149	170	133	100	177	106	175	116	188	180	176	194	108	146	130	187	183	173	128	141	169	176	
127	196	174	105	133	163	117	192	200	123	100	171	175	140	183	115	104	186	128	153	151	175	100	146	191	117	132	197	
154	117	131	194	136	198	107	197	154	194	129	100	136	184	140	147	172	184	148	131	103	156	185	200	152	158	154	143	
149	145	108	117	165	155	189	149	132	125	125	164	100	140	199	142	101	144	163	185	117	191	200	143	113	165	102	154	
164	185	191	131	109	124	143	122	171	184	160	116	160	100	109	116	196	113	131	186	166	139	183	175	144	161	105	170	
142	199	180	168	168	115	156	178	172	112	117	160	101	191	100	147	177	177	199	158	172	188	164	175	180	168	154	195	
160	196	121	130	119	169	177	149	158	120	185	153	158	184	153	100	152	159	197	157	181	159	102	123	168	200	124	186	
124	145	140	160	196	187	112	170	128	124	196	128	199	104	123	148	100	149	114	112	117	135	105	132	138	180	198	156	
187	113	148	164	177	192	158	167	182	106	114	116	156	187	123	141	151	100	166	132	168	163	159	123	129	173	161	116	
178	126	146	128	158	183	190	116	126	192	172	152	137	169	101	103	186	134	100	184	199	137	130	160	148	113	140	150	
133	185	166	152	144	114	137	123	153	154	147	169	115	114	142	143	188	168	116	100	111	195	128	157	191	164	141	171	
106	151	187	184	192	182	195	190	195	170	149	197	183	134	128	119	183	132	101	189	100	129	151	163	147	166	104	177	
166	166	160	190	183	149	110	159	142	113	125	144	109	161	112	141	165	137	163	105	171	100	101	185	169	129	103	197	
190	122	146	177	107	160	134	134	144	117	200	115	100	117	136	198	195	141	170	172	149	199	100	106	150	116	118	145	
128	132	121	164	118	122	113	190	140	127	154	100	157	125	125	177	168	177	140	143	137	115	194	100	128	167	115	155	
186	186	104	149	184	146	130	178	180	172	109	148	187	156	120	132	162	171	152	109	153	131	150	172	100	155	124	184	
116	165	104	180	153	111	129	126	194	159	183	142	135	139	132	100	120	127	187	136	134	171	184	133	145	100	129	192	
200	132	108	124	144	128	114	109	181	131	168	146	198	195	146	176	102	139	160	159	196	197	182	185	176	171	100	146	
153	198	119	131	115	190	174	103	164	124	103	157	146	130	105	114	144	184	150	129	123	103	155	145	116	108	154	100	
DEPOTS_TO_LOCAL_TURN_MATRIX
178	126	146	128	158	183	190	116	126	192	172	152	137	169	101	103	186	134	100	184	199	137	130	160	148	113	140	150	
190	122	146	177	107	160	134	134	144	117	200	115	100	117	136	198	195	141	170	172	149	199	100	106	150	116	118	145	
128	132	121	164	118	122	113	190	140	127	154	100	157	125	125	177	168	177	140	143	137	115	194	100	128	167	115	155	
LOCAL_TO_DEPOT_TURN_MATRIX
122	174	154	172	142	117	110	184	174	108	128	148	163	131	199	197	114	166	100	116	101	163	170	140	152	187	160	150	
110	178	154	123	193	140	166	166	156	183	100	185	200	183	164	102	105	159	130	128	151	101	100	194	150	184	182	155	
172	168	179	136	182	178	187	110	160	173	146	200	143	175	175	123	132	123	160	157	163	185	106	100	172	133	185	145	

