INDEX_PROBLEM
1
PATIENTS
800
STRETCHERS
16
NUM_ROOM
28
NUM_DEPOT
3
NUM_PRIORITY
4
PRIORITY_LIST
0	1	2	3	4
PRIORITY_WEIGHT
0	1	10	18	30
PRIORITY_JOB
0	1	2	3	4	3	4	3	2	3	4	4	1	4	4	4	2	3	4	4	3	4	4	4	2	2	3	4	1	4	3	4	2	3	4	4	1	4	3	4	2	3	4	2	3	4	3	4	4	4	4	1	2	4	4	4	3	1	3	4	2	2	1	2	3	4	4	1	2	4	4	3	1	3	4	4	1	2	2	3	2	2	3	4	1	4	4	3	2	1	3	4	4	1	2	1	1	2	3	4	2	4	4	4	3	3	1	4	4	1	2	1	2	3	2	4	4	4	3	4	4	2	3	1	4	4	3	1	1	2	3	4	3	4	4	2	4	2	1	2	3	2	1	2	4	1	2	3	4	3	4	4	4	1	1	2	3	1	3	1	4	4	2	3	4	4	4	4	3	1	2	3	4	2	1	2	3	4	2	3	4	1	4	3	2	3	1	4	1	2	2	4	4	2	3	3	4	4	3	4	1	2	1	3	4	1	2	1	4	1	2	3	4	4	4	3	3	4	2	1	3	4	1	2	1	4	1	2	3	4	3	4	4	4	2	3	1	4	2	3	4	1	2	3	3	4	4	1	4	4	2	1	3	2	2	1	3	4	1	2	3	3	4	4	4	4	1	1	2	2	1	3	3	4	2	3	4	4	3	4	3	4	1	2	3	1	2	1	4	4	2	3	4	4	4	3	4	1	2	1	2	1	2	2	3	4	2	3	3	4	4	3	4	1	2	1	3	3	1	1	4	4	1	2	3	4	4	3	4	2	3	1	4	2	1	2	4	4	1	2	3	4	4	3	3	4	2	3	1	4	1	2	1	4	1	2	3	4	3	4	4	4	2	1	3	2	2	1	3	4	1	2	3	4	3	4	4	4	1	1	2	2	1	3	4	3	4	2	3	4	4	3	4	4	1	2	1	3	1	2	1	4	2	4	3	4	2	3	4	1	2	3	1	3	1	2	4	4	4	2	3	3	3	4	4	4	1	2	1	3	2	1	2	4	4	1	2	3	3	4	4	4	2	3	1	4	1	1	2	4	1	2	3	4	3	4	4	3	4	2	3	1	4	1	3	1	2	3	4	4	3	4	2	4	2	3	1	4	1	2	2	4	1	2	3	4	4	3	4	4	1	2	1	3	1	2	1	4	2	3	4	4	4	3	4	4	1	2	3	1	4	3	1	2	2	3	4	4	1	3	4	3	2	3	4	1	1	2	1	4	2	3	4	4	4	4	3	1	2	3	1	4	2	2	1	4	1	2	3	4	4	4	4	2	3	4	1	4	2	1	3	1	1	2	3	4	2	3	4	3	3	4	4	1	1	2	1	2	2	3	4	2	4	3	4	3	4	4	1	1	1	2	2	2	3	4	4	1	4	3	4	2	3	1	4	2	1	2	1	3	4	4	4	1	4	3	4	4	2	3	1	4	2	3	1	2	3	4	1	2	3	4	4	3	4	4	1	2	1	2	1	3	4	4	1	2	4	4	3	3	4	1	4	1	2	2	1	2	3	4	2	3	4	4	3	4	4	1	1	2	2	1	3	3	4	2	3	4	4	4	4	1	4	1	1	2	3	2	1	4	4	2	3	4	3	4	2	4	1	1	2	3	1	2	2	4	4	2	2	3	4	3	4	4	1	1	2	3	1	2	1	4	4	1	2	3	4	3	4	4	1	4	2	3	1	2	1	4	1	2	3	4	4	4	4	1	4	2	3	3	2	1	2	4	1	4	1	2	2	1	1	3	4	4	2	1	2	1	1	2	3	4	1	2	1	2	1	2	3	4	4	1	3	2	1	1	1	2	3	4	2	1	3	1	2	3	4	4	1	1	2
TIME_ASKED
0	28849	28898	28947	28996	29045	29094	29149	29198	29247	29296	29345	29394	29429	29458	29487	29516	29545	29574	29603	29632	29661	29690	29742	29784	29826	29868	29910	29952	29994	30029	30058	30087	30116	30145	30174	30203	30232	30261	30290	30329	30358	30387	30416	30445	30474	30503	30532	30561	30590	30621	30642	30663	30684	30705	30726	30747	30768	30789	30810	30831	30852	30873	30894	30949	30998	31047	31096	31145	31194	31227	31254	31281	31308	31335	31362	31389	31416	31443	31470	31497	31524	31548	31572	31596	31620	31644	31668	31692	31716	31740	31764	31788	31837	31874	31911	31948	31985	32022	32059	32096	32159	32218	32277	32336	32395	32419	32438	32457	32476	32495	32514	32533	32552	32571	32590	32609	32628	32647	32666	32685	32759	32818	32877	32936	32995	33027	33054	33081	33108	33135	33162	33189	33216	33243	33270	33297	33333	33366	33399	33432	33465	33498	33531	33564	33597	33616	33632	33648	33664	33680	33696	33712	33728	33744	33760	33776	33792	33808	33824	33840	33856	33872	33888	33933	33966	33999	34032	34065	34098	34131	34164	34197	34242	34284	34326	34368	34410	34452	34494	34533	34566	34599	34632	34665	34698	34731	34764	34797	34827	34854	34881	34908	34935	34962	34989	35016	35043	35070	35097	35137	35174	35211	35248	35285	35322	35359	35396	35433	35466	35499	35532	35565	35598	35631	35664	35697	35723	35746	35769	35792	35815	35838	35861	35884	35907	35930	35953	35976	35999	36023	36046	36069	36092	36115	36138	36161	36184	36207	36230	36253	36276	36299	36327	36354	36381	36408	36435	36462	36489	36516	36543	36570	36597	36619	36638	36657	36676	36695	36714	36733	36752	36771	36790	36809	36828	36847	36866	36885	36949	36998	37047	37096	37145	37194	37259	37318	37377	37436	37495	37549	37598	37647	37696	37745	37794	37827	37854	37881	37908	37935	37962	37989	38016	38043	38070	38097	38123	38146	38169	38192	38215	38238	38261	38284	38307	38330	38353	38376	38399	38419	38438	38457	38476	38495	38514	38533	38552	38571	38590	38609	38628	38647	38666	38685	38742	38784	38826	38868	38910	38952	38994	39029	39058	39087	39116	39145	39174	39203	39232	39261	39290	39349	39398	39447	39496	39545	39594	39633	39666	39699	39732	39765	39798	39831	39864	39897	39937	39974	40011	40048	40085	40122	40159	40196	40242	40284	40326	40368	40410	40452	40494	40542	40584	40626	40668	40710	40752	40794	40849	40898	40947	40996	41045	41094	41133	41166	41199	41232	41265	41298	41331	41364	41397	41423	41446	41469	41492	41515	41538	41561	41584	41607	41630	41653	41676	41699	41749	41798	41847	41896	41945	41994	42099	42198	42297	42342	42384	42426	42468	42510	42552	42594	42699	42798	42897	42923	42946	42969	42992	43015	43038	43061	43084	43107	43130	43153	43176	43199	43237	43274	43311	43348	43385	43422	43459	43496	43549	43598	43647	43696	43745	43794	43899	43998	44097	44159	44218	44277	44336	44395	44459	44518	44577	44636	44695	44799	44898	44997	45033	45066	45099	45132	45165	45198	45231	45264	45297	45337	45374	45411	45448	45485	45522	45559	45596	45637	45674	45711	45748	45785	45822	45859	45896	45959	46018	46077	46136	46195	46249	46298	46347	46396	46445	46494	46537	46574	46611	46648	46685	46722	46759	46796	46821	46842	46863	46884	46905	46926	46947	46968	46989	47010	47031	47052	47073	47094	47199	47298	47397	47437	47474	47511	47548	47585	47622	47659	47696	47737	47774	47811	47848	47885	47922	47959	47996	48049	48098	48147	48196	48245	48294	48324	48348	48372	48396	48420	48444	48468	48492	48516	48540	48564	48588	48627	48654	48681	48708	48735	48762	48789	48816	48843	48870	48897	48937	48974	49011	49048	49085	49122	49159	49196	49233	49266	49299	49332	49365	49398	49431	49464	49497	49537	49574	49611	49648	49685	49722	49759	49796	49827	49854	49881	49908	49935	49962	49989	50016	50043	50070	50097	50149	50198	50247	50296	50345	50394	50424	50448	50472	50496	50520	50544	50568	50592	50616	50640	50664	50688	50737	50774	50811	50848	50885	50922	50959	50996	51027	51054	51081	51108	51135	51162	51189	51216	51243	51270	51297	51324	51348	51372	51396	51420	51444	51468	51492	51516	51540	51564	51588	51637	51674	51711	51748	51785	51822	51859	51896	51933	51966	51999	52032	52065	52098	52131	52164	52197	52259	52318	52377	52436	52495	52517	52534	52551	52568	52585	52602	52619	52636	52653	52670	52687	52704	52721	52738	52755	52772	52789	52859	52918	52977	53036	53095	53137	53174	53211	53248	53285	53322	53359	53396	53459	53518	53577	53636	53695	53733	53766	53799	53832	53865	53898	53931	53964	53997	54027	54054	54081	54108	54135	54162	54189	54216	54243	54270	54297	54374	54448	54522	54596	54627	54654	54681	54708	54735	54762	54789	54816	54843	54870	54897	55049	55198	55237	55274	55311	55348	55385	55422	55459	55496	55574	55648	55722	55796	55827	55854	55881	55908	55935	55962	55989	56016	56043	56070	56097	56399	56499	56598	56697	56733	56766	56799	56832	56865	56898	56931	56964	56997	57049	57098	57147	57196	57245	57294	57359	57418	57477	57536	57595
ORIGIN
26	16	6	27	19	25	27	23	14	25	23	10	2	22	14	14	3	14	3	23	2	14	26	16	2	14	16	7	9	14	27	7	13	9	1	23	14	14	23	8	14	14	14	3	2	14	14	14	11	6	27	18	7	27	20	8	2	14	10	2	23	14	2	26	12	27	23	14	14	14	25	12	26	26	7	27	24	9	3	14	14	14	23	11	14	14	14	9	7	7	23	24	5	5	1	14	14	20	18	7	27	20	20	1	24	27	12	23	20	2	2	14	14	14	14	4	24	15	25	27	16	18	25	18	3	2	2	14	3	3	10	2	23	4	14	11	27	14	26	14	14	9	16	14	13	13	9	27	20	14	14	13	8	14	7	27	27	14	14	14	14	14	14	24	15	4	8	16	8	27	26	26	26	14	14	18	14	23	14	23	12	2	14	14	14	26	26	14	27	14	9	5	23	14	14	20	8	14	23	23	5	14	14	2	14	5	5	7	14	5	18	14	4	8	20	5	8	14	27	2	14	14	14	14	14	2	2	25	2	23	14	3	26	14	25	25	27	14	2	25	16	16	2	8	27	23	14	14	27	4	16	16	14	9	27	27	14	14	9	7	26	23	5	14	13	14	14	27	26	14	14	14	14	8	24	4	23	13	3	23	13	24	27	14	14	1	25	14	14	26	26	23	23	8	25	25	10	2	2	14	2	27	8	14	14	1	14	11	16	5	2	9	14	7	5	20	3	1	14	4	7	5	1	14	13	2	5	14	5	5	20	14	1	7	14	3	7	2	25	14	8	1	23	10	7	14	12	27	27	14	14	14	14	14	8	2	5	26	23	2	14	14	16	12	12	14	27	14	26	13	14	4	2	23	14	5	20	27	14	4	7	14	14	26	14	17	14	11	1	23	10	1	14	14	14	11	25	14	14	27	14	4	11	4	14	26	5	3	1	14	14	27	14	3	1	27	10	1	27	27	23	14	3	14	14	14	5	14	14	26	1	26	14	2	14	14	23	10	1	12	14	23	12	5	14	14	14	14	5	9	5	12	16	6	27	19	7	27	22	4	12	3	14	14	14	3	2	3	14	3	23	14	14	4	2	2	1	14	14	4	26	26	4	20	9	26	14	11	26	13	4	5	27	14	14	11	26	27	14	1	5	27	18	7	2	20	27	11	14	14	22	2	22	23	2	2	3	23	14	26	24	27	2	26	14	25	14	4	26	14	27	2	1	23	11	3	23	14	14	7	14	26	26	15	14	7	20	23	26	17	7	14	14	1	23	14	14	27	27	20	14	2	23	20	23	14	4	14	15	4	22	22	22	3	26	3	2	2	14	1	23	10	2	14	27	14	2	14	14	27	15	14	7	23	27	26	16	7	27	11	2	13	1	3	9	9	20	1	2	27	14	23	14	3	24	14	4	26	27	3	26	14	14	8	14	14	14	26	10	2	26	12	14	2	2	14	27	14	14	26	23	2	2	15	7	23	19	7	14	1	2	3	23	20	2	15	14	23	23	14	3	24	14	27	14	23	23	1	18	14	2	26	14	14	20	10	1	23	12	2	23	14	3	3	14	27	3	11	15	14	16	6	27	19	2	27	14	14	22	11	10	27	22	13	16	27	14	3	23	14	4	11	2	1	26	14	7	1	26	2	4	14	9	1	23	14	13	23	8	3	14	14	4	11	11	14	1	3	6	27	18	14	27	21	2	14	23	10	22	22	14	2	24	14	3	23	14	2	19	16	25	23	16	7	27	14	15	2	24	9	1	23	24	3	23	13	14	14	14	3	24	7	1	14	7	5	27	18	7	27	20	8	25	17	10	1	23	2	2	7	14
DESTINATION
3	14	17	2	22	14	2	26	3	14	27	14	14	19	16	2	26	25	14	4	24	9	3	14	24	9	16	20	14	3	23	13	7	14	14	27	5	5	1	14	5	5	26	14	27	20	8	25	12	17	2	27	20	2	14	14	24	16	14	14	27	25	27	23	11	18	3	26	2	2	14	11	3	3	20	2	2	14	26	16	16	26	27	15	9	9	16	14	13	13	27	1	14	14	23	8	8	7	27	20	2	14	14	14	2	2	11	27	7	27	27	20	8	15	26	14	2	14	14	18	14	27	14	27	23	14	14	25	26	26	14	14	27	14	9	12	23	9	14	1	2	14	14	9	7	7	14	2	14	5	5	7	14	5	20	18	18	20	20	1	8	8	4	2	14	14	14	14	14	2	14	14	14	15	25	27	16	27	25	27	11	14	2	25	16	3	3	10	23	4	14	14	27	16	16	14	14	9	27	27	14	9	9	27	20	14	14	13	8	14	27	26	14	14	14	14	14	16	18	24	15	4	8	16	8	27	27	14	14	1	25	14	14	26	14	14	23	2	14	14	14	14	14	14	2	27	8	5	23	14	14	14	8	14	23	23	5	5	14	20	3	1	14	4	7	5	5	18	14	8	20	5	5	14	2	14	1	7	14	3	7	2	2	25	25	23	14	3	26	14	14	27	26	14	14	14	14	14	14	2	27	23	14	26	16	14	16	12	14	14	27	14	26	13	14	7	26	23	5	14	13	14	23	4	7	14	14	26	14	14	14	4	23	13	3	23	13	24	14	25	14	14	27	14	13	4	11	23	23	8	8	25	25	2	14	27	14	3	1	27	2	1	14	11	11	5	2	9	14	7	5	14	14	1	26	14	7	2	5	14	13	2	5	14	5	9	20	12	14	27	14	14	5	5	1	12	14	1	1	23	10	14	12	14	4	3	14	14	14	4	8	2	5	26	23	2	14	14	2	2	1	25	14	4	26	26	14	4	4	14	23	14	5	27	4	4	27	14	14	11	26	27	11	14	1	1	10	1	14	17	14	11	14	17	2	22	23	2	2	14	11	26	3	3	1	26	27	26	25	14	4	26	10	14	27	27	23	3	3	14	14	14	14	7	14	14	26	15	14	7	14	14	23	10	1	12	14	23	1	14	14	2	27	20	14	7	23	12	16	16	19	27	19	7	22	22	14	3	26	3	2	2	14	3	3	14	3	23	14	4	2	14	14	27	15	14	7	16	26	20	9	14	14	11	26	13	7	1	3	9	20	1	2	14	27	1	5	18	18	7	2	27	27	14	3	26	14	8	14	14	2	2	2	23	14	26	24	27	2	14	27	14	14	26	23	2	27	2	1	23	11	3	23	1	2	3	16	20	2	15	14	7	23	26	17	17	7	14	14	23	20	1	26	14	2	26	14	14	23	23	14	4	4	14	15	4	15	3	14	14	3	11	15	14	14	1	23	10	2	14	27	22	14	11	20	27	22	13	16	23	27	26	27	7	27	11	2	1	1	26	14	1	26	2	4	27	27	23	27	3	24	14	4	26	14	14	14	27	11	14	1	26	26	26	10	23	26	12	14	2	14	17	2	22	14	2	2	2	2	15	14	23	19	7	14	23	25	14	5	26	14	15	24	23	14	3	20	24	14	27	14	3	14	14	27	2	7	1	14	23	10	10	14	12	12	2	23	14	17	2	27	8	2	7	14	16	27	14	19	19	2	27	2	25	14	4	16	14	22	14	14	27	14	20	2	4	11	14	2	14	14	27	1	14	27	7	9	9	26	14	1	13	23	8	20	14	2	27	20	2	14	14	14	6	14	14	27	27	27	21	2
DUE_DATE
0	31147	30476	30045	29554	30143	29652	30247	30776	30345	29854	29903	31692	29987	30016	30045	31094	30643	30132	30161	30730	30219	30248	30300	31362	31404	30966	30468	32250	30552	31127	30616	31665	31214	30703	30732	32501	30790	31359	30848	31907	31456	30945	31994	31543	31032	31601	31090	31119	31148	31179	32940	32241	31242	31263	31284	31845	33066	31887	31368	32409	32430	33171	32472	32047	31556	31605	33394	32723	31752	31785	32352	33579	32406	31893	31920	33687	32994	33021	32568	33075	33102	32646	32130	33894	32178	32202	32766	33270	34014	32838	32322	32346	34135	33452	34209	34246	33563	33120	32617	33674	32717	32776	32835	33434	33493	34717	32996	33015	34774	34073	34812	34111	33650	34149	33148	33167	33186	33745	33224	33243	34337	33916	35175	33494	33553	34125	35352	35379	34686	34233	33720	34287	33774	33801	34848	33855	34911	35664	34977	34530	35043	35796	35109	34122	35895	35194	34730	34206	34762	34238	34254	34270	36026	36042	35338	34874	36090	34906	36122	34398	34414	35450	34986	34491	34524	34557	34590	35163	36396	35709	35262	34755	35820	36582	35904	35466	34968	36030	35592	35091	36864	35157	35730	36243	35796	37029	35322	37095	36405	36432	35439	35466	36513	36060	36087	35574	35601	36168	35655	37435	36752	37509	36346	35843	37620	36937	37694	35991	37764	37077	36630	36123	36156	36189	36762	36795	36281	37324	38067	36890	36373	38136	37439	38182	36465	38228	37531	37074	36557	37121	36604	36627	36650	37693	37236	38459	36742	37785	37328	36811	38574	37877	37425	37452	36939	36966	38733	37020	37047	38094	38841	37668	38175	38197	38936	37755	37234	38993	38292	37831	37850	37329	37348	37367	37386	39145	39164	38463	38527	39296	38145	38194	37703	38772	38357	37876	37935	38534	38053	38647	38156	39945	39274	38843	40092	39405	40152	38439	38466	39513	39060	38547	38574	38601	39168	38655	40421	39724	40467	39770	40513	39816	39839	39382	38865	39908	39451	39474	38957	38977	39536	39015	40774	40073	40812	39631	39650	40869	40888	39167	39186	40945	40244	39783	39300	39342	39924	39426	40488	40050	41292	39587	40636	41385	40694	39703	39732	41501	40810	40359	39848	39907	40496	40545	40054	41123	40692	41931	40224	41997	41310	42063	40356	42129	41442	40995	40495	41072	40569	40606	40643	41700	42457	41294	41820	41862	42624	41466	40968	42750	42072	41640	41142	41724	41226	41268	41310	43092	43147	42476	42525	43294	42143	41652	42231	41724	42777	42330	41823	41856	42429	41922	41955	43721	43024	43767	42590	43813	43116	43859	42142	43185	42188	42751	42234	43277	42847	42356	44145	43474	43043	44292	43197	44496	43875	42900	42942	42984	44046	43608	43650	43692	43257	43356	43455	45221	44524	45267	44090	44593	45336	44639	43642	43665	45428	44731	44274	44297	43795	43832	43869	44926	44483	45720	44017	45794	45847	45176	44205	45994	45323	44892	44457	45096	44655	44717	45316	44835	45914	45493	46757	45076	46875	45734	46993	46377	45996	45555	45591	46164	45657	46710	45723	46776	46329	47562	45855	47635	46952	46989	46006	47783	47100	46657	46154	46195	46772	46269	46306	48083	47400	48157	46994	48257	47596	48375	46694	47773	47347	46856	46905	46954	47543	47052	47095	48872	48189	47746	48983	47280	47857	49094	48399	48420	47961	47442	47463	49224	48045	47526	48087	48588	48129	47610	49371	49392	48777	49596	47955	49015	48572	48069	48106	48143	48180	48757	49994	49315	48872	50109	48406	49463	49500	50257	48554	50347	49676	49245	48754	48803	48852	48882	49926	49470	48954	50718	49002	50046	50790	49614	50838	50862	50166	49725	49212	50259	49806	49293	49860	49887	49374	49401	51168	51195	50515	51272	50589	50626	50183	49680	50737	49754	50331	49824	50397	49890	49923	51696	51729	51762	51075	51115	51152	50709	50206	50243	52020	50317	50894	50385	51432	50979	52206	50493	51540	52287	51594	52341	51168	50655	50707	50756	52545	50854	51443	50952	50982	52026	51570	52794	51078	52122	51666	52890	52194	51738	51222	52986	52315	51872	51369	51406	51983	51480	51517	53294	52605	53352	52659	53406	52233	51720	51747	53514	52821	51828	51855	52422	52446	51930	53694	51978	53742	53046	53070	53814	53118	52662	52146	53215	52772	52269	52306	52883	52380	52417	54194	54231	53544	53577	54330	53163	53196	52689	53742	53295	52817	52876	52935	52994	54793	53075	54832	54849	54146	53683	54180	54917	53194	53211	54248	53785	53262	53819	53296	54333	53330	55087	55157	54496	54075	55334	54673	54715	53732	53769	54826	54863	54420	53917	54494	54017	54076	55875	55934	55273	54831	56064	55377	56130	54423	54456	56229	55542	55095	54585	55152	54639	54666	56433	54720	55767	55314	56541	55848	56595	54932	56746	56100	55694	55185	55212	55239	55266	57033	55320	56367	55914	55941	56448	57195	56627	55756	57535	55832	57609	56926	56963	57720	57757	56594	56132	56206	57300	58094	57405	58152	58179	57486	57033	56520	58287	57594	58341	57648	58395	57977	57597	57156	57255	59031	57864	58377	59130	59163	59196	58509	58062	57555	58627	59396	58245	59494	58823	58392	57917	57976	59775	59834	59173
TRANSPORT_MODE
0	2	1	1	1	0	0	0	2	1	1	1	1	0	0	0	2	1	1	1	0	0	0	0	2	1	1	1	1	0	0	0	2	1	1	1	1	0	0	0	2	1	1	1	1	0	0	0	2	1	1	1	1	0	0	0	0	3	1	1	1	0	0	0	1	2	1	1	1	0	0	0	3	1	1	1	0	0	0	0	1	2	1	1	1	0	0	0	1	3	1	1	1	0	0	0	1	2	1	1	1	0	0	0	0	1	3	1	1	1	0	0	0	1	1	1	1	0	0	0	0	1	1	3	1	1	0	0	1	2	1	1	0	0	0	0	1	1	3	1	1	0	0	0	1	1	2	1	1	0	0	0	1	1	3	1	1	0	0	0	0	1	1	2	1	1	0	0	0	1	1	1	1	0	0	0	0	1	1	2	1	1	0	0	1	1	3	1	0	0	0	0	1	1	2	1	1	0	0	0	1	1	3	1	1	0	0	0	1	1	2	1	1	0	0	0	0	1	1	3	1	1	0	0	0	1	1	1	1	0	0	0	0	1	1	1	3	1	0	0	1	1	2	1	0	0	0	0	1	1	1	3	1	0	0	0	1	1	1	2	1	0	0	0	1	1	1	3	1	0	0	0	1	1	1	2	1	0	0	0	0	1	1	1	1	0	0	0	1	1	1	2	1	0	0	0	1	1	1	3	0	0	0	0	1	1	1	2	1	0	0	0	1	1	1	3	1	0	0	0	1	1	1	2	1	0	0	0	1	1	1	3	1	0	0	0	1	1	1	2	1	0	0	0	0	1	1	1	3	1	0	0	0	1	1	1	2	0	0	0	1	1	1	3	1	0	0	0	1	1	1	2	1	0	0	0	1	1	1	3	1	0	0	0	0	1	1	1	2	1	0	0	0	1	1	1	3	1	0	0	0	1	1	1	1	2	0	0	0	1	1	1	3	0	0	0	0	1	1	1	2	1	0	0	0	1	1	1	3	1	0	0	0	1	1	1	2	1	0	0	0	1	1	1	3	1	0	0	0	1	1	1	2	1	0	0	0	0	1	1	1	3	1	0	0	1	1	1	2	0	0	0	0	1	1	1	3	1	0	0	0	1	1	1	2	1	0	0	0	1	1	1	3	1	0	0	0	1	1	1	2	1	0	0	0	0	1	1	1	3	1	0	0	0	1	1	1	2	1	0	0	0	1	1	1	3	0	0	0	1	1	1	2	1	0	0	0	1	1	1	3	1	0	0	0	1	1	1	2	1	0	0	0	1	1	1	3	1	0	0	0	0	1	1	1	2	1	0	0	0	1	1	1	3	1	0	0	0	1	1	2	1	0	0	0	1	1	1	3	1	0	0	0	1	1	2	1	1	0	0	0	1	1	3	1	1	0	0	0	1	1	2	1	1	0	0	0	0	1	1	3	1	1	0	0	0	1	1	2	1	1	0	0	0	1	1	3	1	0	0	0	1	1	2	1	1	0	0	0	1	1	3	1	1	0	0	0	1	1	2	1	1	0	0	0	1	1	3	1	1	0	0	0	1	1	2	1	1	0	0	0	0	1	1	3	1	1	0	0	1	2	1	1	0	0	0	0	1	1	3	1	1	0	0	0	1	2	1	1	1	0	0	0	1	3	1	1	1	0	0	0	1	2	1	1	1	0	0	0	1	3	1	1	1	0	0	0	1	2	1	1	1	0	0	0	3	1	1	1	0	0	0	0	1	3	1	1	1	0	0	3	1	1	1	1	0	0	0	3	1	1	1	1	0	0	0	3	1	1	1	1	0	0	0	0	3	1	1	1	1	0	0	0	3	1	1	1	1	0	0	0
PATIENT_WEIGHT
68	63	64	140	47	93	104	104	85	133	33	93	43	32	109	120	93	122	120	79	95	113	75	116	32	145	74	67	139	115	33	61	117	51	43	55	128	140	134	116	101	150	76	61	137	125	97	78	45	93	68	61	108	61	31	40	30	137	100	96	34	36	89	62	87	131	149	93	78	146	97	135	36	75	99	70	104	36	111	131	102	53	117	144	145	129	109	62	58	65	75	104	120	76	57	136	134	110	47	53	112	33	71	30	107	56	52	130	54	109	82	55	144	32	126	84	111	68	102	57	108	145	82	42	56	148	135	58	68	101	59	96	126	85	57	149	143	150	126	75	126	117	86	53	67	68	61	42	121	111	58	115	112	89	143	105	75	69	146	59	130	70	50	100	84	109	97	37	55	73	130	127	31	92	126	36	137	63	146	135	54	90	39	56	57	115	124	84	123	42	148	111	79	95	136	135	88	114	105	126	49	44	76	116	146	99	30	145	125	113	133	115	124	140	33	107	87	47	150	30	46	148	78	47	87	43	55	33	85	50	45	74	114	144	138	130	41	124	118	56	146	121	80	141	62	78	119	53	102	100	93	54	114	70	143	77	86	59	150	105	37	138	106	75	39	90	113	62	107	57	56	142	60	95	147	117	85	129	150	97	94	115	55	67	149	55	146	128	110	63	128	76	115	72	105	100	50	142	97	31	43	53	41	67	59	116	60	127	137	129	139	106	105	45	128	130	86	106	123	56	147	134	102	36	91	103	105	125	106	33	55	144	48	62	84	127	47	95	132	88	50	45	46	110	97	56	144	79	65	62	33	86	77	147	117	82	68	104	133	60	45	62	121	133	61	33	65	112	118	51	112	125	56	120	45	79	74	133	78	85	72	63	145	150	110	128	146	149	86	104	46	86	136	60	116	45	88	131	143	96	126	146	99	79	112	132	142	124	89	41	145	76	97	50	75	31	105	149	119	100	131	124	97	77	128	37	95	50	72	150	145	72	101	121	102	38	130	131	83	45	134	86	68	72	37	93	75	76	107	33	91	112	85	78	137	110	96	47	31	109	118	84	38	109	66	36	129	127	145	53	42	39	62	137	60	67	41	112	80	107	40	82	36	39	80	71	54	68	83	124	94	86	137	80	41	122	106	134	56	132	31	145	91	31	121	78	97	149	117	48	83	135	101	116	35	146	121	68	65	77	114	31	89	125	89	99	52	58	64	112	53	132	150	60	33	44	132	103	149	85	80	126	131	117	32	47	105	112	40	109	33	124	47	150	97	126	61	95	108	56	87	59	67	78	31	86	43	46	59	126	52	49	117	88	33	100	135	133	92	93	54	121	68	42	49	65	133	123	113	66	40	39	85	150	90	78	149	73	36	124	72	117	94	59	87	43	47	130	54	50	123	104	57	34	63	97	144	75	55	58	35	41	123	34	60	108	33	146	134	149	148	116	115	108	121	55	91	32	111	61	102	60	50	40	61	88	87	108	133	122	139	62	53	63	40	64	122	83	53	36	64	103	122	89	96	56	56	35	124	40	72	95	96	94	64	46	75	148	78	67	62	96	66	36	89	141	115	36	53	64	138	71	68	74	130	72	38	70	65	66	89	61	32	39	47	73	120	76	129	49	82	54	150	106	117	114	34	43	51	78	47	71	119	59	91	58	101	110	114	61	146	140	105	39	104	85	111	138	145	111	32	72	136	89	46	33	58	32	34	133	96	31	32	53	143	85	79	114	116	48	102	103	62	90	140	37	32	42	37	115	144	112	104	57	122	78	38	128	93	68	103	83	140	47	33	50	86	55	139	92	124	124	38	80	95	43	116	73	112	85	132
DISTANCE_MATRIX
0	360	318	300	288	276	264	264	150	150	150	60	90	90	162	168	204	228	234	312	360	408	348	318	168	192	168	318
360	60	264	318	324	342	342	342	348	348	354	360	372	378	378	420	420	480	462	498	462	462	384	420	372	420	378	378
318	264	60	270	276	288	288	288	294	294	294	318	318	324	324	414	414	468	462	486	462	462	330	366	366	408	372	324
300	318	270	60	276	288	288	288	288	288	288	300	300	312	318	408	408	468	462	486	438	438	318	360	360	402	360	312
288	324	276	276	60	276	276	276	276	276	276	288	288	300	300	402	396	462	456	480	432	432	300	360	360	402	348	300
276	342	288	288	276	60	180	180	252	258	264	264	264	288	288	390	390	456	450	480	432	432	288	348	348	348	288	288
264	342	288	288	276	180	60	180	246	258	264	264	264	288	288	390	390	456	450	480	432	432	288	348	348	348	288	288
264	342	288	288	276	180	180	60	240	258	264	264	264	288	288	390	390	456	450	480	432	432	288	348	348	348	288	288
150	348	294	288	276	252	246	240	60	120	120	150	126	270	270	378	384	420	438	480	420	408	276	300	300	300	276	270
150	348	294	288	276	258	258	258	120	60	120	150	150	270	270	378	384	420	438	480	420	408	276	300	300	300	276	270
150	354	294	288	276	264	264	264	120	120	60	150	150	270	270	378	384	420	438	480	420	408	276	300	300	300	276	270
60	360	318	300	288	264	264	264	150	150	150	60	90	162	168	228	234	312	360	408	348	318	168	192	192	198	168	162
90	372	318	300	288	264	264	264	150	150	150	90	60	162	168	228	234	312	360	408	348	318	168	192	192	198	168	162
90	378	324	312	300	288	288	288	270	270	270	162	162	60	120	180	180	306	210	360	300	300	120	180	120	180	120	234
162	378	324	318	300	288	288	288	270	270	270	168	168	120	60	180	180	306	210	360	300	300	120	180	120	180	120	120
168	420	414	408	402	348	348	348	300	300	300	228	228	180	180	60	132	204	132	348	258	258	186	60	180	132	222	180
204	420	414	408	396	390	390	390	384	384	384	234	234	180	180	132	60	204	132	348	258	258	186	60	180	132	222	180
228	480	468	468	462	456	456	456	420	420	420	312	312	306	306	204	204	60	198	120	240	240	306	204	306	138	306	306
234	462	462	462	456	450	450	450	438	438	438	360	360	210	210	132	132	198	60	138	132	132	210	132	210	132	210	210
312	498	486	486	480	480	480	480	480	480	480	408	408	360	360	348	348	120	138	60	348	348	360	348	360	348	360	360
360	462	462	438	432	432	432	432	420	420	420	348	348	300	300	258	258	240	132	348	60	60	300	258	300	258	300	300
408	462	462	438	432	432	432	432	408	408	408	318	318	300	300	258	258	240	132	348	60	60	300	258	300	258	300	300
348	384	330	318	300	288	288	288	276	276	276	168	168	120	120	186	186	306	210	360	300	300	60	186	120	186	120	120
318	420	366	360	360	348	348	348	300	300	300	192	192	180	180	60	60	204	132	348	258	258	186	60	180	60	180	180
168	372	300	306	300	288	288	288	270	270	270	168	168	120	120	180	180	306	210	360	300	300	120	180	60	180	120	120
192	420	408	402	402	348	348	348	300	300	300	198	198	180	180	132	132	138	132	348	258	258	186	60	180	60	180	180
168	378	372	360	348	288	288	288	276	276	276	168	168	120	120	222	222	306	210	360	300	300	120	180	120	180	60	120
318	378	324	312	300	288	288	288	270	270	270	162	162	234	120	180	180	306	210	360	300	300	120	180	120	180	120	60
DEPOTS_DISTANCE
234	462	462	462	456	450	450	450	438	438	438	360	360	210	210	132	132	198	60	138	132	132	210	132	210	132	210	210	
348	384	330	318	300	288	288	288	276	276	276	168	168	120	120	186	186	306	210	360	300	300	60	186	120	186	120	120	
318	420	366	360	360	348	348	348	300	300	300	192	192	180	180	60	60	204	132	348	258	258	186	60	180	60	180	180	
LOCATION_TURN_MATRIX
100	130	122	113	112	199	136	122	129	152	173	146	151	136	158	140	176	113	122	167	194	134	110	172	114	184	100	147	
170	100	154	188	164	169	136	136	152	170	104	183	155	115	101	104	155	187	174	115	149	134	178	168	114	135	168	102	
178	146	100	161	178	114	104	165	117	139	126	169	192	109	120	179	160	152	154	134	113	140	154	179	196	196	192	181	
187	112	139	100	158	114	195	181	104	132	195	106	183	169	132	170	140	136	172	148	116	110	123	136	151	120	176	169	
188	136	122	142	100	175	164	159	112	100	167	164	135	191	132	181	104	123	142	156	108	117	193	182	116	147	156	185	
101	131	186	186	125	100	190	147	164	150	137	102	145	176	185	131	113	108	117	186	118	151	140	178	154	189	172	110	
164	164	196	105	136	110	100	186	153	151	183	193	111	157	144	123	188	142	110	163	105	190	166	187	170	171	186	126	
178	164	135	119	141	153	114	100	106	130	108	103	151	178	122	151	130	133	184	177	110	141	166	110	122	174	191	197	
171	148	183	196	188	136	147	194	100	167	100	146	168	129	128	142	172	118	174	147	105	158	156	160	120	106	119	136	
148	130	161	168	200	150	149	170	133	100	177	106	175	116	188	180	176	194	108	146	130	187	183	173	128	141	169	176	
127	196	174	105	133	163	117	192	200	123	100	171	175	140	183	115	104	186	128	153	151	175	100	146	191	117	132	197	
154	117	131	194	136	198	107	197	154	194	129	100	136	184	140	147	172	184	148	131	103	156	185	200	152	158	154	143	
149	145	108	117	165	155	189	149	132	125	125	164	100	140	199	142	101	144	163	185	117	191	200	143	113	165	102	154	
164	185	191	131	109	124	143	122	171	184	160	116	160	100	109	116	196	113	131	186	166	139	183	175	144	161	105	170	
142	199	180	168	168	115	156	178	172	112	117	160	101	191	100	147	177	177	199	158	172	188	164	175	180	168	154	195	
160	196	121	130	119	169	177	149	158	120	185	153	158	184	153	100	152	159	197	157	181	159	102	123	168	200	124	186	
124	145	140	160	196	187	112	170	128	124	196	128	199	104	123	148	100	149	114	112	117	135	105	132	138	180	198	156	
187	113	148	164	177	192	158	167	182	106	114	116	156	187	123	141	151	100	166	132	168	163	159	123	129	173	161	116	
178	126	146	128	158	183	190	116	126	192	172	152	137	169	101	103	186	134	100	184	199	137	130	160	148	113	140	150	
133	185	166	152	144	114	137	123	153	154	147	169	115	114	142	143	188	168	116	100	111	195	128	157	191	164	141	171	
106	151	187	184	192	182	195	190	195	170	149	197	183	134	128	119	183	132	101	189	100	129	151	163	147	166	104	177	
166	166	160	190	183	149	110	159	142	113	125	144	109	161	112	141	165	137	163	105	171	100	101	185	169	129	103	197	
190	122	146	177	107	160	134	134	144	117	200	115	100	117	136	198	195	141	170	172	149	199	100	106	150	116	118	145	
128	132	121	164	118	122	113	190	140	127	154	100	157	125	125	177	168	177	140	143	137	115	194	100	128	167	115	155	
186	186	104	149	184	146	130	178	180	172	109	148	187	156	120	132	162	171	152	109	153	131	150	172	100	155	124	184	
116	165	104	180	153	111	129	126	194	159	183	142	135	139	132	100	120	127	187	136	134	171	184	133	145	100	129	192	
200	132	108	124	144	128	114	109	181	131	168	146	198	195	146	176	102	139	160	159	196	197	182	185	176	171	100	146	
153	198	119	131	115	190	174	103	164	124	103	157	146	130	105	114	144	184	150	129	123	103	155	145	116	108	154	100	
DEPOTS_TO_LOCAL_TURN_MATRIX
178	126	146	128	158	183	190	116	126	192	172	152	137	169	101	103	186	134	100	184	199	137	130	160	148	113	140	150	
190	122	146	177	107	160	134	134	144	117	200	115	100	117	136	198	195	141	170	172	149	199	100	106	150	116	118	145	
128	132	121	164	118	122	113	190	140	127	154	100	157	125	125	177	168	177	140	143	137	115	194	100	128	167	115	155	
LOCAL_TO_DEPOT_TURN_MATRIX
122	174	154	172	142	117	110	184	174	108	128	148	163	131	199	197	114	166	100	116	101	163	170	140	152	187	160	150	
110	178	154	123	193	140	166	166	156	183	100	185	200	183	164	102	105	159	130	128	151	101	100	194	150	184	182	155	
172	168	179	136	182	178	187	110	160	173	146	200	143	175	175	123	132	123	160	157	163	185	106	100	172	133	185	145	

