INDEX_PROBLEM
1
PATIENTS
800
STRETCHERS
16
NUM_ROOM
28
NUM_DEPOT
3
NUM_PRIORITY
4
PRIORITY_LIST
0	1	2	3	4
PRIORITY_WEIGHT
0	1	10	18	30
PRIORITY_JOB
0	1	2	2	3	3	3	2	1	2	3	3	1	3	3	4	2	2	3	4	2	3	3	3	1	2	3	3	1	4	3	4	2	2	3	4	1	3	2	3	2	3	3	1	2	3	2	3	3	4	4	1	2	3	4	3	3	1	2	3	1	2	1	1	2	3	3	1	2	4	3	2	1	2	3	4	1	2	1	2	1	2	3	3	1	3	3	2	2	1	2	3	4	1	2	1	1	2	3	3	1	3	3	4	2	2	1	3	4	1	2	1	1	2	2	4	3	3	3	4	3	1	2	1	3	3	2	1	1	2	2	3	2	3	3	1	4	1	1	2	3	2	1	2	3	1	2	2	3	2	3	4	4	1	1	2	3	1	2	1	3	3	1	2	3	4	3	4	3	1	2	2	3	2	1	1	2	4	1	2	3	1	3	2	2	2	1	3	1	1	2	4	3	1	2	3	3	3	2	3	1	2	1	2	3	1	2	1	4	1	2	3	3	3	4	2	2	4	1	1	2	3	1	2	1	4	1	2	2	3	3	4	3	3	1	2	1	3	1	2	3	1	2	2	2	4	3	1	3	4	1	1	2	1	2	1	3	3	1	2	2	2	3	3	3	4	1	1	2	2	1	2	3	3	1	2	3	4	2	3	3	4	1	2	2	1	2	1	3	4	1	2	3	4	3	2	3	1	2	1	1	1	2	1	2	3	1	2	3	4	3	2	3	1	2	1	2	2	1	1	3	4	1	2	3	3	3	2	3	1	2	1	3	2	1	2	4	4	1	2	2	3	4	3	2	3	1	2	1	3	1	1	1	3	1	2	2	3	2	4	3	4	1	1	2	2	1	1	3	3	1	2	2	3	2	3	3	4	1	1	2	2	1	2	3	3	3	1	2	3	4	2	3	4	1	2	1	2	1	2	1	3	1	3	2	4	1	3	4	1	2	2	1	2	1	1	3	3	3	1	2	3	3	4	3	3	1	2	1	2	2	1	2	3	4	1	2	3	2	3	3	3	1	2	1	3	1	1	2	4	1	2	2	3	2	3	4	3	4	1	2	1	3	1	2	1	2	2	3	3	3	4	1	3	1	2	1	3	1	1	2	3	1	2	2	3	3	2	3	4	1	2	1	3	1	2	1	3	2	2	3	4	3	2	3	4	1	2	2	1	3	2	1	2	1	2	3	3	1	3	3	3	2	2	3	1	1	1	1	4	1	2	3	3	4	3	2	1	2	2	1	3	2	1	1	4	1	2	3	3	3	3	4	2	2	3	1	4	2	1	2	1	1	2	3	3	1	2	3	3	2	3	3	1	1	2	1	1	2	2	3	1	4	3	3	2	3	3	1	1	1	2	1	2	2	3	4	1	3	2	3	2	3	1	3	2	1	2	1	2	3	4	4	1	3	2	3	4	2	3	1	3	1	2	1	2	2	3	1	2	2	3	3	3	3	4	1	1	1	1	1	2	3	3	1	2	4	3	2	2	3	1	4	1	2	1	1	2	3	3	2	2	3	3	2	3	4	1	1	2	2	1	2	3	3	1	2	3	3	4	3	1	4	1	1	2	2	2	1	3	4	1	2	3	3	4	1	3	1	1	2	2	1	1	2	3	3	1	2	3	3	2	3	3	1	1	2	2	1	2	1	3	4	1	2	3	3	2	3	3	1	4	1	2	1	2	1	3	1	2	2	3	3	4	3	1	4	1	2	2	2	1	1	3	1	3	1	2	2	1	1	2	3	4	1	1	2	1	1	2	3	3	1	2	1	2	1	2	2	3	4	1	2	1	1	1	1	2	3	3	2	1	2	1	1	2	3	4	1	1	2
TIME_ASKED
0	28849	28898	28947	28996	29045	29094	29149	29198	29247	29296	29345	29394	29429	29458	29487	29516	29545	29574	29603	29632	29661	29690	29742	29784	29826	29868	29910	29952	29994	30029	30058	30087	30116	30145	30174	30203	30232	30261	30290	30329	30358	30387	30416	30445	30474	30503	30532	30561	30590	30621	30642	30663	30684	30705	30726	30747	30768	30789	30810	30831	30852	30873	30894	30949	30998	31047	31096	31145	31194	31227	31254	31281	31308	31335	31362	31389	31416	31443	31470	31497	31524	31548	31572	31596	31620	31644	31668	31692	31716	31740	31764	31788	31837	31874	31911	31948	31985	32022	32059	32096	32159	32218	32277	32336	32395	32419	32438	32457	32476	32495	32514	32533	32552	32571	32590	32609	32628	32647	32666	32685	32759	32818	32877	32936	32995	33027	33054	33081	33108	33135	33162	33189	33216	33243	33270	33297	33333	33366	33399	33432	33465	33498	33531	33564	33597	33616	33632	33648	33664	33680	33696	33712	33728	33744	33760	33776	33792	33808	33824	33840	33856	33872	33888	33933	33966	33999	34032	34065	34098	34131	34164	34197	34242	34284	34326	34368	34410	34452	34494	34533	34566	34599	34632	34665	34698	34731	34764	34797	34827	34854	34881	34908	34935	34962	34989	35016	35043	35070	35097	35137	35174	35211	35248	35285	35322	35359	35396	35433	35466	35499	35532	35565	35598	35631	35664	35697	35723	35746	35769	35792	35815	35838	35861	35884	35907	35930	35953	35976	35999	36023	36046	36069	36092	36115	36138	36161	36184	36207	36230	36253	36276	36299	36327	36354	36381	36408	36435	36462	36489	36516	36543	36570	36597	36619	36638	36657	36676	36695	36714	36733	36752	36771	36790	36809	36828	36847	36866	36885	36949	36998	37047	37096	37145	37194	37259	37318	37377	37436	37495	37549	37598	37647	37696	37745	37794	37827	37854	37881	37908	37935	37962	37989	38016	38043	38070	38097	38123	38146	38169	38192	38215	38238	38261	38284	38307	38330	38353	38376	38399	38419	38438	38457	38476	38495	38514	38533	38552	38571	38590	38609	38628	38647	38666	38685	38742	38784	38826	38868	38910	38952	38994	39029	39058	39087	39116	39145	39174	39203	39232	39261	39290	39349	39398	39447	39496	39545	39594	39633	39666	39699	39732	39765	39798	39831	39864	39897	39937	39974	40011	40048	40085	40122	40159	40196	40242	40284	40326	40368	40410	40452	40494	40542	40584	40626	40668	40710	40752	40794	40849	40898	40947	40996	41045	41094	41133	41166	41199	41232	41265	41298	41331	41364	41397	41423	41446	41469	41492	41515	41538	41561	41584	41607	41630	41653	41676	41699	41749	41798	41847	41896	41945	41994	42099	42198	42297	42342	42384	42426	42468	42510	42552	42594	42699	42798	42897	42923	42946	42969	42992	43015	43038	43061	43084	43107	43130	43153	43176	43199	43237	43274	43311	43348	43385	43422	43459	43496	43549	43598	43647	43696	43745	43794	43899	43998	44097	44159	44218	44277	44336	44395	44459	44518	44577	44636	44695	44799	44898	44997	45033	45066	45099	45132	45165	45198	45231	45264	45297	45337	45374	45411	45448	45485	45522	45559	45596	45637	45674	45711	45748	45785	45822	45859	45896	45959	46018	46077	46136	46195	46249	46298	46347	46396	46445	46494	46537	46574	46611	46648	46685	46722	46759	46796	46821	46842	46863	46884	46905	46926	46947	46968	46989	47010	47031	47052	47073	47094	47199	47298	47397	47437	47474	47511	47548	47585	47622	47659	47696	47737	47774	47811	47848	47885	47922	47959	47996	48049	48098	48147	48196	48245	48294	48324	48348	48372	48396	48420	48444	48468	48492	48516	48540	48564	48588	48627	48654	48681	48708	48735	48762	48789	48816	48843	48870	48897	48937	48974	49011	49048	49085	49122	49159	49196	49233	49266	49299	49332	49365	49398	49431	49464	49497	49537	49574	49611	49648	49685	49722	49759	49796	49827	49854	49881	49908	49935	49962	49989	50016	50043	50070	50097	50149	50198	50247	50296	50345	50394	50424	50448	50472	50496	50520	50544	50568	50592	50616	50640	50664	50688	50737	50774	50811	50848	50885	50922	50959	50996	51027	51054	51081	51108	51135	51162	51189	51216	51243	51270	51297	51324	51348	51372	51396	51420	51444	51468	51492	51516	51540	51564	51588	51637	51674	51711	51748	51785	51822	51859	51896	51933	51966	51999	52032	52065	52098	52131	52164	52197	52259	52318	52377	52436	52495	52517	52534	52551	52568	52585	52602	52619	52636	52653	52670	52687	52704	52721	52738	52755	52772	52789	52859	52918	52977	53036	53095	53137	53174	53211	53248	53285	53322	53359	53396	53459	53518	53577	53636	53695	53733	53766	53799	53832	53865	53898	53931	53964	53997	54027	54054	54081	54108	54135	54162	54189	54216	54243	54270	54297	54374	54448	54522	54596	54627	54654	54681	54708	54735	54762	54789	54816	54843	54870	54897	55049	55198	55237	55274	55311	55348	55385	55422	55459	55496	55574	55648	55722	55796	55827	55854	55881	55908	55935	55962	55989	56016	56043	56070	56097	56399	56499	56598	56697	56733	56766	56799	56832	56865	56898	56931	56964	56997	57049	57098	57147	57196	57245	57294	57359	57418	57477	57536	57595
ORIGIN
26	16	6	27	19	25	27	23	14	1	23	10	2	14	14	8	23	14	3	23	16	4	26	16	16	26	16	7	27	23	27	7	23	9	1	23	14	14	23	13	14	23	14	3	24	14	14	11	14	6	27	18	7	27	20	8	18	14	10	2	23	14	2	26	1	3	23	14	4	14	15	5	1	1	7	27	14	14	3	14	14	1	23	11	2	2	14	2	27	27	3	24	14	5	1	7	7	1	18	7	2	20	8	1	27	2	1	23	12	2	2	14	14	14	14	4	24	15	4	26	16	14	11	14	7	2	2	14	23	23	10	2	23	12	14	14	14	4	14	14	4	27	16	14	23	23	7	27	20	14	14	23	10	14	23	11	2	14	14	14	27	27	4	24	15	4	26	16	8	14	26	7	26	14	14	3	14	25	2	23	12	2	27	14	3	1	1	14	27	11	8	1	25	14	27	20	8	2	14	9	1	23	20	2	23	5	4	27	14	4	14	14	4	23	16	5	23	14	3	2	20	8	3	14	14	2	2	12	2	23	14	3	23	14	14	14	27	5	23	25	14	14	3	8	27	23	14	23	14	12	3	2	12	27	16	14	14	14	1	4	26	16	5	14	17	7	8	4	8	27	14	14	14	10	27	2	23	13	3	23	14	4	14	11	11	1	25	14	3	26	26	27	23	8	1	3	10	2	2	26	2	27	5	3	3	15	14	26	16	5	1	16	7	27	1	14	27	14	14	2	9	20	2	23	13	2	27	14	3	20	20	14	1	7	14	3	26	14	12	2	8	1	23	10	26	23	12	2	2	14	14	14	26	14	27	15	5	26	25	7	14	26	3	3	3	14	23	16	20	2	14	13	2	23	14	14	24	14	7	1	7	14	23	26	14	2	11	8	1	23	10	1	14	12	2	14	14	14	14	27	14	27	11	27	26	16	3	27	14	7	23	14	14	3	14	20	2	14	12	2	23	14	3	7	14	4	26	16	7	26	1	26	1	26	14	1	23	10	1	14	14	2	14	14	14	14	14	14	3	24	11	20	16	6	27	19	7	27	22	3	14	14	2	2	26	14	11	23	14	3	23	14	27	27	11	14	1	16	14	13	26	14	13	23	9	26	23	11	2	23	4	14	27	14	14	8	2	14	2	16	5	27	18	7	27	20	8	3	14	14	22	2	22	23	2	14	3	23	14	4	24	12	5	1	14	25	14	4	26	23	12	9	1	23	11	2	23	12	4	27	14	27	27	15	14	27	7	5	26	17	7	27	20	27	3	14	14	27	27	20	2	2	14	3	23	14	4	24	15	4	25	25	25	3	26	14	2	11	8	1	23	10	2	23	12	14	11	14	14	27	15	14	27	27	5	26	16	7	27	20	8	23	14	3	1	9	20	2	14	26	2	23	14	3	24	14	4	26	8	3	26	14	14	2	14	14	1	23	10	2	23	12	2	14	14	3	27	14	14	27	11	14	26	14	7	27	19	8	14	2	14	3	23	20	2	14	14	3	23	14	3	24	14	4	14	7	3	1	18	7	2	26	14	3	3	10	1	23	12	2	23	3	27	27	14	4	27	11	14	8	16	6	27	19	7	27	8	3	25	20	10	2	22	14	16	23	14	3	23	14	4	20	16	27	26	16	7	1	26	14	4	23	9	1	23	11	2	23	13	14	14	14	4	11	11	14	1	27	6	27	18	7	27	21	14	14	23	10	22	22	23	2	14	14	3	23	14	4	25	16	25	1	16	7	27	14	14	14	14	9	1	23	11	27	23	13	14	14	14	3	24	14	1	7	14	5	27	18	7	27	20	8	12	17	10	1	23	12	2	7	8
DESTINATION
3	14	17	2	22	14	2	26	3	14	27	14	14	25	16	14	1	25	14	4	14	14	3	14	14	3	16	20	2	27	23	13	27	14	14	27	5	5	1	7	5	1	26	14	2	20	8	12	1	17	2	27	20	2	14	14	27	16	14	14	27	25	27	23	14	14	3	26	14	2	14	14	23	23	20	2	16	4	26	16	16	14	27	15	14	27	16	14	23	23	14	1	26	14	23	13	13	23	27	20	24	14	14	14	18	24	14	27	11	27	27	20	8	15	26	14	2	14	14	3	14	3	12	3	23	14	14	15	1	1	14	14	27	11	8	5	25	14	1	26	14	2	14	2	27	27	20	2	14	5	4	27	14	4	1	20	14	20	8	1	23	23	14	2	14	14	3	14	14	2	14	23	14	15	4	26	16	14	14	27	11	14	23	25	14	23	23	10	23	12	14	23	14	16	2	14	14	27	16	14	14	1	7	14	1	14	14	23	10	14	4	26	14	27	14	14	27	16	14	24	14	14	26	16	8	14	14	11	14	1	25	14	3	26	2	2	23	14	27	14	3	3	26	14	2	27	5	1	25	11	14	27	11	2	14	9	1	1	23	14	3	14	14	2	9	20	14	14	14	23	16	5	5	14	18	14	1	7	14	3	26	14	2	12	12	23	14	3	23	14	14	2	26	14	14	26	14	14	14	3	27	23	14	23	14	11	3	3	14	14	23	16	20	2	14	4	3	16	5	14	17	7	27	1	7	14	23	26	14	7	11	2	23	13	3	23	14	4	11	14	14	14	27	14	14	27	11	27	27	8	8	1	3	2	23	14	14	3	14	20	2	14	14	26	26	5	1	16	7	27	26	7	14	1	26	1	1	26	20	23	13	2	27	14	3	24	20	14	14	27	14	14	3	11	27	20	2	1	1	23	10	23	12	23	3	14	14	2	26	23	27	15	5	26	25	7	27	26	11	14	1	25	14	13	26	14	14	14	13	14	23	14	14	14	4	14	27	14	14	8	2	14	8	20	1	1	10	1	14	2	12	14	14	17	2	22	23	2	2	26	15	16	27	27	14	16	12	1	25	14	4	26	2	23	12	2	23	14	3	7	14	4	7	27	14	14	27	15	14	27	14	1	23	26	1	14	14	2	27	14	14	2	27	20	2	14	14	26	16	16	19	27	19	7	22	25	14	3	26	14	2	11	14	23	3	14	3	23	14	27	11	14	14	27	15	14	27	11	14	23	9	23	23	11	2	23	13	14	3	9	20	2	14	2	26	16	5	18	18	7	27	27	8	14	3	26	14	2	14	14	14	14	14	23	14	4	24	12	14	14	27	14	14	27	11	5	12	9	1	23	11	2	23	2	14	3	16	20	2	14	14	27	5	26	14	17	7	27	20	3	14	1	26	14	2	26	14	3	14	23	14	4	4	24	15	4	14	27	14	14	27	11	14	8	8	14	23	10	2	23	12	25	3	20	20	2	22	14	16	27	5	26	27	7	27	20	8	27	1	26	14	1	26	14	4	13	26	23	27	20	24	14	4	26	14	14	14	27	11	14	1	26	23	23	10	14	23	12	2	14	14	17	2	22	23	2	14	26	14	14	14	27	19	8	14	1	25	14	5	26	14	14	14	3	14	16	20	24	14	4	14	27	14	14	27	20	14	1	7	1	10	26	14	12	12	2	23	23	17	2	27	23	2	7	8	16	27	14	19	19	7	27	16	25	14	4	2	14	14	14	14	23	14	20	2	4	20	8	16	14	14	27	15	23	27	7	9	9	26	14	1	2	23	13	20	14	2	27	20	2	14	14	11	6	14	14	27	11	27	21	14
DUE_DATE
0	31147	30476	30525	30094	30143	30192	30727	31496	30825	30394	30443	31692	30527	30556	30045	31094	31123	30672	30161	31210	30759	30788	30840	32082	31404	30966	31008	32250	30552	31127	30616	31665	31694	31243	30732	32501	31330	31839	31388	31907	31456	31485	32714	32023	31572	32081	31630	31659	31148	31179	32940	32241	31782	31263	31824	31845	33066	32367	31908	33129	32430	33171	33192	32527	32096	32145	33394	32723	31752	32325	32832	33579	32886	32433	31920	33687	32994	33741	33048	33795	33102	32646	32670	33894	32718	32742	33246	33270	34014	33318	32862	32346	34135	33452	34209	34246	33563	33120	33157	34394	33257	33316	32835	33914	33973	34717	33536	33015	34774	34073	34812	34831	34130	34149	33148	33707	33726	33745	33224	33783	35057	34396	35175	34034	34093	34605	35352	35379	34686	34713	34260	34767	34314	34341	35568	33855	35631	35664	34977	34530	35043	35796	35109	34662	35895	35194	35210	34746	35242	34778	34254	34270	36026	36042	35338	34874	36090	35386	36122	34938	34954	36170	35466	35031	34524	35097	34590	35163	36396	35709	35742	35295	35820	36582	36624	35946	34968	36750	36072	35631	36864	35697	36210	36243	36276	37029	35862	37095	37125	36432	35439	36006	37233	36540	36087	36114	36141	36648	36195	37435	36752	37509	36826	36383	37620	36937	37694	35991	37764	37077	36630	36663	36696	36189	37242	37275	36281	38044	38067	37370	36913	38136	37439	38182	36465	38228	37531	37554	37097	37121	36604	37167	37190	38413	37716	38459	37282	38505	37808	37351	38574	37877	37905	37932	36939	37506	38733	37560	37047	38814	38841	38148	38895	38197	38936	37755	37774	38993	38292	38311	38330	37869	37888	37907	37386	39145	39164	38463	38527	39296	38625	38194	38243	39492	38837	38416	37935	39014	38593	38647	38156	39945	39274	39323	40092	39405	40152	38979	38466	40233	39540	39087	38574	39141	39648	39195	40421	39724	40467	40490	40513	39816	40559	39862	39405	40628	39931	39474	38957	39517	40016	39555	40774	40073	40812	40111	40130	40869	40888	39707	39186	40945	40244	39783	39840	39882	40404	39966	41208	40530	41292	40127	40636	41385	40694	39703	39732	41501	40810	40839	40388	39907	40496	41025	40594	41843	41172	41931	40764	41997	42030	42063	40896	42129	41442	41475	41035	41552	40569	41146	40643	42420	42457	41774	41820	42582	42624	41466	41508	42750	42072	42120	41682	42204	41766	41808	41310	43092	43147	42476	42525	43294	42623	42192	42231	42264	43497	42810	42363	41856	42909	42462	41955	43721	43024	43767	43070	43813	43116	43859	42682	43905	42728	43231	42234	43997	42847	42356	44145	43474	43523	44292	43677	44496	44595	43440	43482	43524	44766	44088	43650	43692	43257	43896	43995	45221	44524	45267	44570	44593	45336	44639	44182	43665	45428	44731	44274	44777	44335	44372	44409	45646	44963	45720	44557	45794	45847	45176	44205	45994	45323	45372	44997	45576	45195	44717	45316	44835	46634	45973	46757	45616	46875	46214	46993	46377	46476	46095	46131	46164	45657	47430	46263	47496	46809	47562	46395	47635	47672	46989	46546	47783	47100	47137	46694	46735	47252	46809	46306	48083	47400	48157	46994	48257	47596	48375	47234	47773	47827	47396	46905	47494	48023	47592	47095	48872	48189	48226	48983	47820	48337	49094	48399	49140	48441	47982	48003	49224	48045	48066	48087	48588	48609	48150	49371	49392	49497	49596	47955	49735	49052	48609	48646	48143	48720	49237	49994	49315	49352	50109	48946	49463	50220	50257	48554	50347	49676	49245	49294	49343	49392	48882	49926	49950	49494	50718	49002	50046	50790	50094	50838	50862	50166	49725	49752	50979	50286	49833	49860	50367	49914	49941	51168	51195	50515	51272	51309	50626	50663	50220	51457	49754	50331	50364	50877	50430	50463	51696	51729	51762	51075	51835	51152	51189	50746	50243	52020	50857	51374	50925	51432	50979	52206	51033	51540	52287	51594	52341	51648	51195	50707	50756	52545	51394	51923	51492	50982	52026	51570	52794	51618	52842	52146	52890	52194	52218	51762	52986	52315	52352	51909	51946	51983	52020	51517	53294	53325	53352	53379	53406	52713	52260	52287	53514	52821	51828	52395	52902	52926	52470	53694	51978	53742	53046	53790	53814	53118	52662	52686	53215	53252	52809	52846	53363	52920	52417	54194	54231	53544	53577	54330	53643	53196	53229	54462	53775	53357	53416	52935	53534	54793	53075	54832	54849	54146	54163	54180	54917	53734	53211	54968	54265	53802	53819	53296	55053	53870	55087	55157	54496	54555	55334	55393	54715	54272	54309	55546	54863	54420	54457	54974	54557	54616	55875	55934	55273	55311	56064	55377	56130	54963	54456	56229	55542	55095	55125	55632	55179	55206	56433	54720	56487	55794	56541	55848	56595	55472	56746	56100	56174	55725	55752	55239	55806	57033	55320	57087	56394	56421	56448	57195	57347	56296	57535	56372	57609	56926	56963	57720	57757	57074	56672	56206	58020	58094	57405	58152	58179	57486	57033	57060	58287	57594	58341	57648	58395	57977	58077	57696	57255	59031	58344	59097	59130	59163	59196	58509	58062	58095	58627	59396	58725	59494	59543	58872	58457	57976	59775	59834	59173
TRANSPORT_MODE
0	2	1	1	1	0	0	0	2	1	1	1	1	0	0	0	2	1	1	1	0	0	0	0	2	1	1	1	1	0	0	0	2	1	1	1	1	0	0	0	2	1	1	1	1	0	0	0	2	1	1	1	1	0	0	0	0	3	1	1	1	0	0	0	1	2	1	1	1	0	0	0	3	1	1	1	0	0	0	0	1	2	1	1	1	0	0	0	1	3	1	1	1	0	0	0	1	2	1	1	1	0	0	0	0	1	3	1	1	1	0	0	0	1	1	1	1	0	0	0	0	1	1	3	1	1	0	0	1	2	1	1	0	0	0	0	1	1	3	1	1	0	0	0	1	1	2	1	1	0	0	0	1	1	3	1	1	0	0	0	0	1	1	2	1	1	0	0	0	1	1	1	1	0	0	0	0	1	1	2	1	1	0	0	1	1	3	1	0	0	0	0	1	1	2	1	1	0	0	0	1	1	3	1	1	0	0	0	1	1	2	1	1	0	0	0	0	1	1	3	1	1	0	0	0	1	1	1	1	0	0	0	0	1	1	1	3	1	0	0	1	1	2	1	0	0	0	0	1	1	1	3	1	0	0	0	1	1	1	2	1	0	0	0	1	1	1	3	1	0	0	0	1	1	1	2	1	0	0	0	0	1	1	1	1	0	0	0	1	1	1	2	1	0	0	0	1	1	1	3	0	0	0	0	1	1	1	2	1	0	0	0	1	1	1	3	1	0	0	0	1	1	1	2	1	0	0	0	1	1	1	3	1	0	0	0	1	1	1	2	1	0	0	0	0	1	1	1	3	1	0	0	0	1	1	1	2	0	0	0	1	1	1	3	1	0	0	0	1	1	1	2	1	0	0	0	1	1	1	3	1	0	0	0	0	1	1	1	2	1	0	0	0	1	1	1	3	1	0	0	0	1	1	1	1	2	0	0	0	1	1	1	3	0	0	0	0	1	1	1	2	1	0	0	0	1	1	1	3	1	0	0	0	1	1	1	2	1	0	0	0	1	1	1	3	1	0	0	0	1	1	1	2	1	0	0	0	0	1	1	1	3	1	0	0	1	1	1	2	0	0	0	0	1	1	1	3	1	0	0	0	1	1	1	2	1	0	0	0	1	1	1	3	1	0	0	0	1	1	1	2	1	0	0	0	0	1	1	1	3	1	0	0	0	1	1	1	2	1	0	0	0	1	1	1	3	0	0	0	1	1	1	2	1	0	0	0	1	1	1	3	1	0	0	0	1	1	1	2	1	0	0	0	1	1	1	3	1	0	0	0	0	1	1	1	2	1	0	0	0	1	1	1	3	1	0	0	0	1	1	2	1	0	0	0	1	1	1	3	1	0	0	0	1	1	2	1	1	0	0	0	1	1	3	1	1	0	0	0	1	1	2	1	1	0	0	0	0	1	1	3	1	1	0	0	0	1	1	2	1	1	0	0	0	1	1	3	1	0	0	0	1	1	2	1	1	0	0	0	1	1	3	1	1	0	0	0	1	1	2	1	1	0	0	0	1	1	3	1	1	0	0	0	1	1	2	1	1	0	0	0	0	1	1	3	1	1	0	0	1	2	1	1	0	0	0	0	1	1	3	1	1	0	0	0	1	2	1	1	1	0	0	0	1	3	1	1	1	0	0	0	1	2	1	1	1	0	0	0	1	3	1	1	1	0	0	0	1	2	1	1	1	0	0	0	3	1	1	1	0	0	0	0	1	3	1	1	1	0	0	3	1	1	1	1	0	0	0	3	1	1	1	1	0	0	0	3	1	1	1	1	0	0	0	0	3	1	1	1	1	0	0	0	3	1	1	1	1	0	0	0
PATIENT_WEIGHT
42	148	137	67	120	106	114	73	93	34	54	42	52	80	66	44	81	80	148	114	130	39	56	32	147	97	144	65	123	96	110	38	73	39	93	120	70	133	119	79	112	78	58	126	109	78	70	130	53	60	56	149	38	38	34	39	126	43	56	100	147	69	125	54	38	146	108	102	140	125	118	110	58	99	109	119	45	137	46	56	79	94	140	150	135	150	143	32	89	119	99	125	66	128	57	75	109	135	147	65	90	129	43	90	49	84	87	70	117	111	56	43	130	37	92	121	31	32	138	109	110	56	51	110	115	108	136	110	105	102	85	45	80	138	65	81	42	58	123	132	43	138	137	140	150	63	54	57	142	110	91	98	51	111	112	90	43	69	79	131	124	109	60	34	36	128	125	125	47	73	138	130	150	137	73	40	101	98	40	137	146	133	79	41	94	30	64	53	37	114	84	44	119	66	141	120	53	138	100	38	112	75	84	94	83	37	63	70	80	96	46	143	149	127	88	48	56	83	121	120	109	127	30	65	111	62	54	71	143	58	71	64	94	119	101	59	150	100	66	103	101	127	148	143	136	118	51	49	62	66	74	75	66	123	81	43	139	33	40	126	58	81	125	108	50	120	63	105	93	36	59	76	80	31	99	121	46	133	81	71	128	133	137	95	77	97	74	77	41	35	129	67	52	38	109	70	77	133	81	121	134	68	85	36	123	40	72	66	40	144	71	79	120	56	129	35	113	51	96	129	44	146	42	42	69	78	69	90	46	55	91	132	70	120	118	85	90	55	48	144	82	137	51	43	36	123	62	80	118	57	79	96	81	109	113	146	90	143	94	132	134	139	97	66	149	123	128	124	57	55	111	37	143	130	91	82	73	56	126	46	147	127	133	102	66	56	66	77	94	32	94	99	30	88	65	129	71	119	61	68	75	147	76	62	129	78	133	54	66	79	133	98	40	50	150	108	81	48	149	34	146	31	118	135	140	73	64	89	143	105	42	58	88	100	132	49	113	116	106	62	147	136	121	91	60	84	40	59	88	77	64	101	56	106	139	66	134	96	99	74	38	94	72	90	101	48	143	31	33	99	82	34	106	102	111	126	136	94	134	140	56	92	34	88	39	90	47	150	141	61	109	117	31	35	85	130	119	147	144	89	50	122	67	143	131	54	149	94	67	141	50	73	136	122	53	80	57	80	45	58	126	120	33	115	50	122	56	94	46	133	116	98	147	36	74	68	122	36	75	57	48	59	37	73	129	72	122	72	147	97	53	49	40	85	42	99	36	128	118	77	68	67	136	79	140	54	72	144	117	92	117	123	124	69	46	58	69	37	48	100	89	50	55	148	74	110	82	30	111	85	107	72	73	52	44	145	53	98	40	49	98	54	147	103	113	144	138	106	73	133	133	147	31	103	38	105	121	119	113	74	36	39	54	111	126	39	56	78	117	105	150	71	109	88	108	112	54	74	132	35	97	84	35	80	76	106	106	110	107	32	102	86	84	86	53	78	137	130	118	31	89	113	56	59	84	103	114	111	109	69	33	84	58	86	124	63	128	137	52	100	114	109	87	99	45	58	48	49	95	102	143	116	73	147	34	94	127	64	131	148	95	104	79	127	147	150	86	127	106	105	70	136	64	51	104	46	70	63	103	44	87	39	40	61	112	137	79	60	40	55	69	39	134	94	95	103	85	126	38	120	93	88	41	68	60	51	110	113	64	82	71	32	129	106	57	107	40	74	86	97	129	50	70	31	135	77	97	71	37	88	84	89	45	82	44	86	90	59	34	149	32	135	74	142	51	83	107	81	43	142	64	146	143	125	59	41	48	144	130	83	83
DISTANCE_MATRIX
0	360	318	300	288	276	264	264	150	150	150	60	90	90	162	168	204	228	234	312	360	408	348	318	168	192	168	318
360	60	264	318	324	342	342	342	348	348	354	360	372	378	378	420	420	480	462	498	462	462	384	420	372	420	378	378
318	264	60	270	276	288	288	288	294	294	294	318	318	324	324	414	414	468	462	486	462	462	330	366	366	408	372	324
300	318	270	60	276	288	288	288	288	288	288	300	300	312	318	408	408	468	462	486	438	438	318	360	360	402	360	312
288	324	276	276	60	276	276	276	276	276	276	288	288	300	300	402	396	462	456	480	432	432	300	360	360	402	348	300
276	342	288	288	276	60	180	180	252	258	264	264	264	288	288	390	390	456	450	480	432	432	288	348	348	348	288	288
264	342	288	288	276	180	60	180	246	258	264	264	264	288	288	390	390	456	450	480	432	432	288	348	348	348	288	288
264	342	288	288	276	180	180	60	240	258	264	264	264	288	288	390	390	456	450	480	432	432	288	348	348	348	288	288
150	348	294	288	276	252	246	240	60	120	120	150	126	270	270	378	384	420	438	480	420	408	276	300	300	300	276	270
150	348	294	288	276	258	258	258	120	60	120	150	150	270	270	378	384	420	438	480	420	408	276	300	300	300	276	270
150	354	294	288	276	264	264	264	120	120	60	150	150	270	270	378	384	420	438	480	420	408	276	300	300	300	276	270
60	360	318	300	288	264	264	264	150	150	150	60	90	162	168	228	234	312	360	408	348	318	168	192	192	198	168	162
90	372	318	300	288	264	264	264	150	150	150	90	60	162	168	228	234	312	360	408	348	318	168	192	192	198	168	162
90	378	324	312	300	288	288	288	270	270	270	162	162	60	120	180	180	306	210	360	300	300	120	180	120	180	120	234
162	378	324	318	300	288	288	288	270	270	270	168	168	120	60	180	180	306	210	360	300	300	120	180	120	180	120	120
168	420	414	408	402	348	348	348	300	300	300	228	228	180	180	60	132	204	132	348	258	258	186	60	180	132	222	180
204	420	414	408	396	390	390	390	384	384	384	234	234	180	180	132	60	204	132	348	258	258	186	60	180	132	222	180
228	480	468	468	462	456	456	456	420	420	420	312	312	306	306	204	204	60	198	120	240	240	306	204	306	138	306	306
234	462	462	462	456	450	450	450	438	438	438	360	360	210	210	132	132	198	60	138	132	132	210	132	210	132	210	210
312	498	486	486	480	480	480	480	480	480	480	408	408	360	360	348	348	120	138	60	348	348	360	348	360	348	360	360
360	462	462	438	432	432	432	432	420	420	420	348	348	300	300	258	258	240	132	348	60	60	300	258	300	258	300	300
408	462	462	438	432	432	432	432	408	408	408	318	318	300	300	258	258	240	132	348	60	60	300	258	300	258	300	300
348	384	330	318	300	288	288	288	276	276	276	168	168	120	120	186	186	306	210	360	300	300	60	186	120	186	120	120
318	420	366	360	360	348	348	348	300	300	300	192	192	180	180	60	60	204	132	348	258	258	186	60	180	60	180	180
168	372	300	306	300	288	288	288	270	270	270	168	168	120	120	180	180	306	210	360	300	300	120	180	60	180	120	120
192	420	408	402	402	348	348	348	300	300	300	198	198	180	180	132	132	138	132	348	258	258	186	60	180	60	180	180
168	378	372	360	348	288	288	288	276	276	276	168	168	120	120	222	222	306	210	360	300	300	120	180	120	180	60	120
318	378	324	312	300	288	288	288	270	270	270	162	162	234	120	180	180	306	210	360	300	300	120	180	120	180	120	60
DEPOTS_DISTANCE
234	462	462	462	456	450	450	450	438	438	438	360	360	210	210	132	132	198	60	138	132	132	210	132	210	132	210	210	
348	384	330	318	300	288	288	288	276	276	276	168	168	120	120	186	186	306	210	360	300	300	60	186	120	186	120	120	
318	420	366	360	360	348	348	348	300	300	300	192	192	180	180	60	60	204	132	348	258	258	186	60	180	60	180	180	
LOCATION_TURN_MATRIX
100	130	122	113	112	199	136	122	129	152	173	146	151	136	158	140	176	113	122	167	194	134	110	172	114	184	100	147	
170	100	154	188	164	169	136	136	152	170	104	183	155	115	101	104	155	187	174	115	149	134	178	168	114	135	168	102	
178	146	100	161	178	114	104	165	117	139	126	169	192	109	120	179	160	152	154	134	113	140	154	179	196	196	192	181	
187	112	139	100	158	114	195	181	104	132	195	106	183	169	132	170	140	136	172	148	116	110	123	136	151	120	176	169	
188	136	122	142	100	175	164	159	112	100	167	164	135	191	132	181	104	123	142	156	108	117	193	182	116	147	156	185	
101	131	186	186	125	100	190	147	164	150	137	102	145	176	185	131	113	108	117	186	118	151	140	178	154	189	172	110	
164	164	196	105	136	110	100	186	153	151	183	193	111	157	144	123	188	142	110	163	105	190	166	187	170	171	186	126	
178	164	135	119	141	153	114	100	106	130	108	103	151	178	122	151	130	133	184	177	110	141	166	110	122	174	191	197	
171	148	183	196	188	136	147	194	100	167	100	146	168	129	128	142	172	118	174	147	105	158	156	160	120	106	119	136	
148	130	161	168	200	150	149	170	133	100	177	106	175	116	188	180	176	194	108	146	130	187	183	173	128	141	169	176	
127	196	174	105	133	163	117	192	200	123	100	171	175	140	183	115	104	186	128	153	151	175	100	146	191	117	132	197	
154	117	131	194	136	198	107	197	154	194	129	100	136	184	140	147	172	184	148	131	103	156	185	200	152	158	154	143	
149	145	108	117	165	155	189	149	132	125	125	164	100	140	199	142	101	144	163	185	117	191	200	143	113	165	102	154	
164	185	191	131	109	124	143	122	171	184	160	116	160	100	109	116	196	113	131	186	166	139	183	175	144	161	105	170	
142	199	180	168	168	115	156	178	172	112	117	160	101	191	100	147	177	177	199	158	172	188	164	175	180	168	154	195	
160	196	121	130	119	169	177	149	158	120	185	153	158	184	153	100	152	159	197	157	181	159	102	123	168	200	124	186	
124	145	140	160	196	187	112	170	128	124	196	128	199	104	123	148	100	149	114	112	117	135	105	132	138	180	198	156	
187	113	148	164	177	192	158	167	182	106	114	116	156	187	123	141	151	100	166	132	168	163	159	123	129	173	161	116	
178	126	146	128	158	183	190	116	126	192	172	152	137	169	101	103	186	134	100	184	199	137	130	160	148	113	140	150	
133	185	166	152	144	114	137	123	153	154	147	169	115	114	142	143	188	168	116	100	111	195	128	157	191	164	141	171	
106	151	187	184	192	182	195	190	195	170	149	197	183	134	128	119	183	132	101	189	100	129	151	163	147	166	104	177	
166	166	160	190	183	149	110	159	142	113	125	144	109	161	112	141	165	137	163	105	171	100	101	185	169	129	103	197	
190	122	146	177	107	160	134	134	144	117	200	115	100	117	136	198	195	141	170	172	149	199	100	106	150	116	118	145	
128	132	121	164	118	122	113	190	140	127	154	100	157	125	125	177	168	177	140	143	137	115	194	100	128	167	115	155	
186	186	104	149	184	146	130	178	180	172	109	148	187	156	120	132	162	171	152	109	153	131	150	172	100	155	124	184	
116	165	104	180	153	111	129	126	194	159	183	142	135	139	132	100	120	127	187	136	134	171	184	133	145	100	129	192	
200	132	108	124	144	128	114	109	181	131	168	146	198	195	146	176	102	139	160	159	196	197	182	185	176	171	100	146	
153	198	119	131	115	190	174	103	164	124	103	157	146	130	105	114	144	184	150	129	123	103	155	145	116	108	154	100	
DEPOTS_TO_LOCAL_TURN_MATRIX
178	126	146	128	158	183	190	116	126	192	172	152	137	169	101	103	186	134	100	184	199	137	130	160	148	113	140	150	
190	122	146	177	107	160	134	134	144	117	200	115	100	117	136	198	195	141	170	172	149	199	100	106	150	116	118	145	
128	132	121	164	118	122	113	190	140	127	154	100	157	125	125	177	168	177	140	143	137	115	194	100	128	167	115	155	
LOCAL_TO_DEPOT_TURN_MATRIX
122	174	154	172	142	117	110	184	174	108	128	148	163	131	199	197	114	166	100	116	101	163	170	140	152	187	160	150	
110	178	154	123	193	140	166	166	156	183	100	185	200	183	164	102	105	159	130	128	151	101	100	194	150	184	182	155	
172	168	179	136	182	178	187	110	160	173	146	200	143	175	175	123	132	123	160	157	163	185	106	100	172	133	185	145	

