INDEX_PROBLEM
1
PATIENTS
800
STRETCHERS
16
NUM_ROOM
28
NUM_DEPOT
3
NUM_PRIORITY
4
PRIORITY_LIST
0	1	2	3	4
PRIORITY_WEIGHT
0	1	10	18	30
PRIORITY_JOB
0	1	2	3	4	3	4	3	2	2	3	4	1	4	4	4	2	3	4	4	1	4	3	4	2	3	4	2	3	4	4	3	4	4	1	2	3	4	4	3	4	4	4	2	3	4	4	4	4	4	1	2	3	3	4	4	3	1	4	4	2	2	1	2	3	3	4	1	2	4	4	3	1	3	4	4	1	2	1	2	2	3	4	2	3	4	4	3	1	4	4	1	2	1	1	2	1	3	4	4	2	4	4	3	3	1	4	4	1	3	3	2	4	2	3	4	4	4	3	4	2	1	3	3	4	1	2	2	1	2	3	4	4	4	3	4	1	1	2	3	4	1	2	1	2	3	4	4	1	4	3	4	4	2	3	4	2	1	2	1	3	4	4	4	1	3	4	4	3	2	1	3	4	3	2	1	2	3	3	4	1	3	4	4	2	3	1	4	4	2	2	1	1	2	3	4	2	3	4	4	3	1	4	4	1	1	2	1	2	3	4	4	2	3	4	3	2	3	1	4	4	1	1	3	2	2	3	4	4	4	4	4	3	2	3	1	3	4	3	1	2	1	2	3	4	4	4	3	4	1	2	1	3	4	2	1	1	2	3	4	4	1	4	4	3	2	3	1	4	2	2	1	2	1	3	4	4	4	1	4	3	4	2	3	1	4	3	2	1	2	2	3	3	4	1	4	3	2	3	1	4	4	2	1	4	1	2	3	4	2	4	3	4	3	4	1	4	1	2	1	3	1	2	3	4	2	3	4	3	4	4	4	1	4	1	2	1	3	4	2	3	4	2	3	4	4	3	4	4	1	1	2	1	2	2	3	4	4	1	3	4	3	2	3	1	4	2	2	1	1	3	4	4	1	2	4	4	4	3	4	1	3	2	2	1	2	4	4	4	1	2	3	4	3	4	3	4	1	4	1	3	2	2	3	4	1	2	4	1	3	3	4	1	4	1	2	2	4	2	3	4	2	3	4	3	4	4	4	1	1	2	1	2	1	3	4	2	3	4	4	3	4	1	4	4	1	1	2	2	1	3	3	4	2	3	3	4	4	3	4	4	1	1	2	2	3	3	4	4	1	2	4	4	1	3	1	4	2	3	2	1	2	4	4	1	2	3	3	4	4	4	1	2	3	4	1	2	1	3	4	4	1	2	3	4	4	4	4	2	1	3	1	2	2	3	4	4	1	2	3	4	3	4	1	4	1	2	1	2	4	3	4	2	3	4	4	3	4	4	1	1	2	3	1	2	1	4	2	3	4	4	4	3	4	2	1	1	2	3	4	1	1	2	4	2	3	4	4	4	4	3	1	1	2	3	4	2	3	4	2	2	3	4	4	4	1	1	1	2	3	4	2	1	2	4	1	2	3	4	3	4	4	1	2	3	4	4	1	1	2	4	1	2	3	4	3	4	4	4	1	2	3	4	1	2	2	4	1	2	3	4	4	3	4	1	4	2	2	3	1	2	2	4	1	2	3	4	3	4	4	1	4	1	2	3	1	2	1	4	2	3	4	4	3	4	4	1	1	2	3	4	1	2	1	3	4	2	3	4	4	4	4	1	1	2	3	4	2	1	2	4	2	2	3	3	4	3	1	4	1	2	3	3	1	1	4	4	1	2	3	4	4	3	1	4	2	3	4	2	1	2	4	4	1	2	3	4	4	4	4	1	4	2	3	1	3	2	1	4	1	2	3	4	3	4	1	4	2	2	2	1	2	4	1	3	4	1	2	2	1	2	1	3	4	4	1	1	3	2	1	2	3	4	2	1	2	3	1	3	4	4	3	1	2	2	1	2	4	4	1	1	2	1	1	2	3	4	4	2	1	3
TIME_ASKED
0	28849	28898	28947	28996	29045	29094	29149	29198	29247	29296	29345	29394	29429	29458	29487	29516	29545	29574	29603	29632	29661	29690	29742	29784	29826	29868	29910	29952	29994	30029	30058	30087	30116	30145	30174	30203	30232	30261	30290	30329	30358	30387	30416	30445	30474	30503	30532	30561	30590	30621	30642	30663	30684	30705	30726	30747	30768	30789	30810	30831	30852	30873	30894	30949	30998	31047	31096	31145	31194	31227	31254	31281	31308	31335	31362	31389	31416	31443	31470	31497	31524	31548	31572	31596	31620	31644	31668	31692	31716	31740	31764	31788	31837	31874	31911	31948	31985	32022	32059	32096	32159	32218	32277	32336	32395	32419	32438	32457	32476	32495	32514	32533	32552	32571	32590	32609	32628	32647	32666	32685	32759	32818	32877	32936	32995	33027	33054	33081	33108	33135	33162	33189	33216	33243	33270	33297	33333	33366	33399	33432	33465	33498	33531	33564	33597	33616	33632	33648	33664	33680	33696	33712	33728	33744	33760	33776	33792	33808	33824	33840	33856	33872	33888	33933	33966	33999	34032	34065	34098	34131	34164	34197	34242	34284	34326	34368	34410	34452	34494	34533	34566	34599	34632	34665	34698	34731	34764	34797	34827	34854	34881	34908	34935	34962	34989	35016	35043	35070	35097	35137	35174	35211	35248	35285	35322	35359	35396	35433	35466	35499	35532	35565	35598	35631	35664	35697	35723	35746	35769	35792	35815	35838	35861	35884	35907	35930	35953	35976	35999	36023	36046	36069	36092	36115	36138	36161	36184	36207	36230	36253	36276	36299	36327	36354	36381	36408	36435	36462	36489	36516	36543	36570	36597	36619	36638	36657	36676	36695	36714	36733	36752	36771	36790	36809	36828	36847	36866	36885	36949	36998	37047	37096	37145	37194	37259	37318	37377	37436	37495	37549	37598	37647	37696	37745	37794	37827	37854	37881	37908	37935	37962	37989	38016	38043	38070	38097	38123	38146	38169	38192	38215	38238	38261	38284	38307	38330	38353	38376	38399	38419	38438	38457	38476	38495	38514	38533	38552	38571	38590	38609	38628	38647	38666	38685	38742	38784	38826	38868	38910	38952	38994	39029	39058	39087	39116	39145	39174	39203	39232	39261	39290	39349	39398	39447	39496	39545	39594	39633	39666	39699	39732	39765	39798	39831	39864	39897	39937	39974	40011	40048	40085	40122	40159	40196	40242	40284	40326	40368	40410	40452	40494	40542	40584	40626	40668	40710	40752	40794	40849	40898	40947	40996	41045	41094	41133	41166	41199	41232	41265	41298	41331	41364	41397	41423	41446	41469	41492	41515	41538	41561	41584	41607	41630	41653	41676	41699	41749	41798	41847	41896	41945	41994	42099	42198	42297	42342	42384	42426	42468	42510	42552	42594	42699	42798	42897	42923	42946	42969	42992	43015	43038	43061	43084	43107	43130	43153	43176	43199	43237	43274	43311	43348	43385	43422	43459	43496	43549	43598	43647	43696	43745	43794	43899	43998	44097	44159	44218	44277	44336	44395	44459	44518	44577	44636	44695	44799	44898	44997	45033	45066	45099	45132	45165	45198	45231	45264	45297	45337	45374	45411	45448	45485	45522	45559	45596	45637	45674	45711	45748	45785	45822	45859	45896	45959	46018	46077	46136	46195	46249	46298	46347	46396	46445	46494	46537	46574	46611	46648	46685	46722	46759	46796	46821	46842	46863	46884	46905	46926	46947	46968	46989	47010	47031	47052	47073	47094	47199	47298	47397	47437	47474	47511	47548	47585	47622	47659	47696	47737	47774	47811	47848	47885	47922	47959	47996	48049	48098	48147	48196	48245	48294	48324	48348	48372	48396	48420	48444	48468	48492	48516	48540	48564	48588	48627	48654	48681	48708	48735	48762	48789	48816	48843	48870	48897	48937	48974	49011	49048	49085	49122	49159	49196	49233	49266	49299	49332	49365	49398	49431	49464	49497	49537	49574	49611	49648	49685	49722	49759	49796	49827	49854	49881	49908	49935	49962	49989	50016	50043	50070	50097	50149	50198	50247	50296	50345	50394	50424	50448	50472	50496	50520	50544	50568	50592	50616	50640	50664	50688	50737	50774	50811	50848	50885	50922	50959	50996	51027	51054	51081	51108	51135	51162	51189	51216	51243	51270	51297	51324	51348	51372	51396	51420	51444	51468	51492	51516	51540	51564	51588	51637	51674	51711	51748	51785	51822	51859	51896	51933	51966	51999	52032	52065	52098	52131	52164	52197	52259	52318	52377	52436	52495	52517	52534	52551	52568	52585	52602	52619	52636	52653	52670	52687	52704	52721	52738	52755	52772	52789	52859	52918	52977	53036	53095	53137	53174	53211	53248	53285	53322	53359	53396	53459	53518	53577	53636	53695	53733	53766	53799	53832	53865	53898	53931	53964	53997	54027	54054	54081	54108	54135	54162	54189	54216	54243	54270	54297	54374	54448	54522	54596	54627	54654	54681	54708	54735	54762	54789	54816	54843	54870	54897	55049	55198	55237	55274	55311	55348	55385	55422	55459	55496	55574	55648	55722	55796	55827	55854	55881	55908	55935	55962	55989	56016	56043	56070	56097	56399	56499	56598	56697	56733	56766	56799	56832	56865	56898	56931	56964	56997	57049	57098	57147	57196	57245	57294	57359	57418	57477	57536	57595
ORIGIN
26	16	6	27	19	25	27	23	25	25	23	10	2	22	14	16	3	14	3	23	14	14	26	16	14	14	16	7	9	27	7	8	13	9	1	23	14	14	23	8	8	14	14	3	2	2	14	14	11	6	27	18	7	27	20	8	2	14	10	2	23	14	2	26	1	27	23	14	14	14	25	12	26	14	7	27	14	9	3	14	14	14	23	11	14	14	23	9	7	14	23	24	5	5	1	14	14	20	18	7	27	20	20	1	8	12	17	23	20	2	14	14	14	14	14	4	24	15	25	27	16	18	25	14	3	2	14	11	2	2	10	2	23	4	14	14	27	16	27	14	14	9	27	14	9	9	9	27	20	14	14	13	8	14	14	27	27	14	14	14	14	26	14	24	15	4	8	16	8	27	26	26	14	14	14	18	14	9	14	23	12	2	14	14	14	14	14	14	27	14	9	5	23	14	14	20	8	2	23	23	5	14	14	2	14	5	5	7	14	14	18	14	4	23	20	5	14	2	14	4	14	14	14	14	14	8	20	25	2	23	14	3	26	14	25	25	27	14	14	2	25	14	14	8	27	23	14	23	14	14	16	16	14	27	27	27	27	14	14	7	26	23	5	14	13	14	23	8	26	14	14	27	14	24	14	4	23	13	3	23	13	24	14	14	14	25	1	25	14	5	1	23	23	8	25	25	10	2	14	14	14	1	8	1	5	1	14	11	16	5	2	9	14	7	5	20	3	1	14	4	7	14	1	14	13	2	5	14	5	9	20	20	1	7	14	3	7	2	3	12	8	1	23	10	26	14	12	27	26	14	14	14	14	14	8	2	5	26	23	2	14	14	2	4	12	23	27	27	14	26	23	4	2	23	14	5	20	27	4	4	7	14	14	26	14	17	14	11	1	23	10	1	14	14	14	11	14	14	27	14	14	4	11	2	14	26	11	3	1	14	27	27	14	1	27	27	10	14	27	27	23	14	3	14	14	14	14	14	14	26	14	14	7	2	1	14	23	10	1	3	14	23	1	5	14	14	27	14	14	5	5	12	16	6	27	19	7	27	22	12	12	3	12	14	14	4	2	3	14	3	23	14	14	4	2	1	2	14	25	4	26	26	23	20	9	26	14	11	26	13	7	27	27	14	27	14	26	27	27	1	5	27	18	7	2	20	27	11	11	17	17	22	23	2	2	2	3	23	14	26	24	14	2	25	25	4	4	26	3	26	2	2	1	23	11	3	23	14	1	7	14	26	26	15	14	7	7	23	26	17	7	14	14	23	23	14	14	2	27	20	14	7	23	20	23	14	4	14	15	4	22	22	3	26	26	3	2	4	14	1	23	10	2	14	27	14	14	14	14	15	15	14	7	16	27	26	16	7	27	11	2	1	1	3	9	20	20	1	2	27	14	23	14	3	24	14	4	26	14	3	3	14	14	8	14	14	14	26	10	2	26	12	14	2	14	14	27	14	14	26	23	2	2	14	7	23	19	7	14	26	2	3	23	2	2	15	14	23	23	14	3	24	14	27	27	23	20	26	18	14	26	26	14	14	20	10	1	23	12	2	23	3	3	3	14	27	11	11	15	14	16	6	27	19	2	27	27	14	14	20	10	27	13	16	14	27	14	3	23	14	4	20	2	1	26	14	7	1	2	2	27	14	9	1	23	14	13	23	8	3	14	14	4	27	14	1	26	3	6	27	18	14	27	21	14	14	23	10	22	14	2	23	23	14	3	23	14	2	19	16	14	23	16	7	27	26	14	14	24	9	1	23	24	3	23	13	14	14	14	3	24	7	1	14	23	5	27	18	7	27	20	8	23	17	10	1	23	2	7	8	27
DESTINATION
3	14	17	2	22	14	2	26	14	14	27	14	14	19	16	14	26	25	14	4	9	9	3	14	9	9	16	20	14	23	13	14	7	14	14	27	5	5	1	14	14	5	26	14	27	27	20	8	12	17	2	27	20	2	14	14	24	16	14	14	27	25	27	23	23	18	3	26	2	2	14	11	3	2	20	2	16	14	26	16	16	26	27	15	9	9	27	14	13	9	27	1	14	14	23	8	8	7	27	20	2	14	14	14	14	11	6	27	7	27	20	8	8	26	26	14	2	14	14	18	14	27	14	3	23	14	25	12	14	14	14	14	27	14	9	5	23	14	23	1	2	14	23	9	14	14	14	2	14	5	5	7	14	5	5	18	18	20	20	1	8	14	4	2	14	14	14	14	14	2	14	14	4	15	25	27	16	14	25	27	11	14	2	25	16	2	2	10	23	4	14	14	27	16	16	14	14	27	27	27	14	9	9	27	20	14	14	13	8	8	27	26	14	27	14	14	8	24	26	14	15	4	4	8	16	14	14	14	14	1	25	14	14	26	14	14	23	2	2	14	14	5	5	14	2	27	8	1	5	1	14	14	8	2	2	23	23	5	5	20	3	1	14	4	7	5	1	14	14	20	20	23	5	2	20	14	1	7	14	3	7	2	25	25	25	14	23	14	3	14	14	27	26	14	14	14	14	14	8	8	8	14	14	23	14	14	4	12	14	14	27	14	26	13	14	7	26	23	5	14	13	26	23	4	7	14	14	26	14	17	14	14	23	13	3	23	13	24	23	11	14	14	27	14	14	4	11	23	23	8	25	25	10	5	14	27	14	3	1	27	10	1	27	14	11	1	2	2	9	14	1	14	14	1	26	14	7	2	14	14	13	2	5	14	5	9	5	12	14	27	14	14	5	5	1	12	8	1	23	10	26	14	12	14	4	3	12	14	14	4	2	2	5	23	2	2	14	4	2	2	1	25	14	4	26	26	4	4	2	14	5	5	20	27	23	4	27	14	14	14	26	27	14	14	1	1	23	10	1	14	14	11	14	17	2	22	23	2	2	11	11	26	11	2	3	14	27	26	25	14	4	26	3	14	27	23	27	3	14	14	14	14	1	7	14	14	26	15	14	7	20	23	23	10	23	3	14	23	23	14	14	2	27	20	14	7	23	12	12	6	6	19	7	27	22	22	14	3	26	3	2	4	14	14	14	23	23	14	14	14	14	14	14	27	15	14	7	16	23	20	9	14	14	11	26	13	13	1	3	9	20	1	2	27	27	1	5	27	18	7	2	20	27	14	3	26	14	8	14	14	2	2	23	14	14	26	24	14	2	14	27	14	14	26	23	26	2	2	2	11	11	3	23	14	2	3	16	20	2	15	14	23	23	26	17	7	7	14	14	23	20	1	26	14	2	26	14	14	20	23	23	4	4	14	15	4	15	3	14	14	3	11	15	14	1	1	23	2	2	14	27	22	14	20	20	27	22	13	16	14	27	26	27	27	27	11	2	1	1	26	14	1	26	2	2	27	14	14	27	3	14	14	4	26	14	14	14	27	11	14	1	26	26	26	2	23	12	12	14	2	14	17	2	22	14	2	23	2	2	7	14	23	7	14	26	23	25	14	5	26	14	14	24	23	14	3	20	24	27	27	23	3	14	14	27	2	7	1	14	23	10	10	14	23	2	23	3	14	17	2	27	8	2	7	8	16	27	14	19	2	27	27	27	25	14	4	16	14	22	14	16	27	14	20	2	14	4	20	2	14	14	27	1	14	27	7	8	9	26	14	1	13	23	8	3	14	2	27	20	2	14	14	3	6	14	14	27	27	21	14	23
DUE_DATE
0	31147	30476	30045	29554	30143	29652	30247	30776	30825	30394	29903	31692	29987	30016	30045	31094	30643	30132	30161	31930	30219	30788	30300	31362	30924	30426	31488	31050	30552	30587	31156	30645	30674	32443	31752	31301	30790	30819	31388	30887	30916	30945	31994	31543	31032	31061	31090	31119	31148	32919	32220	31761	31782	31263	31284	31845	33066	31347	31368	32409	32430	33171	32472	32047	32096	31605	33394	32723	31752	31785	32352	33579	32406	31893	31920	33687	32994	33741	33048	33075	32622	32106	33150	32694	32178	32202	32766	33990	32274	32298	34062	33366	34135	34172	33489	34246	33083	32580	32617	33674	32717	32776	33375	33434	34693	32977	32996	34755	33574	33593	34092	33091	34130	33669	33148	33167	33186	33745	33224	34263	35057	33916	33975	33494	35293	34605	34632	35379	34686	34233	33720	33747	33774	34341	33828	35595	35631	34944	34497	33990	35763	35076	35829	35142	34695	34174	34190	35946	34222	34778	34254	34270	35306	34842	34318	35354	36090	35386	36122	34938	34414	34430	34446	36231	35064	34557	34590	35163	35676	36429	35262	34755	35340	35862	36624	35946	35508	35550	35052	36831	35664	35157	35190	36243	35796	37029	35322	35355	36405	36432	37179	37206	36513	36060	35547	36594	36141	35628	35655	36235	37472	35769	35806	37583	37620	36937	37694	37011	36564	36057	36090	37143	36696	36189	36762	37275	36821	38044	36327	36350	38113	38136	36959	37462	37485	37028	36511	36534	36557	36581	36604	37167	37670	37213	38436	37259	36742	37305	38528	37831	38574	37877	37425	36912	36939	36966	37533	37020	38787	38094	38841	37668	37155	38197	38936	38955	38254	37793	37272	37291	39050	37329	37348	37907	38406	37945	39164	37443	38527	38576	39345	38674	39443	38292	37817	37876	37935	39734	38053	38647	38156	39225	38794	40043	38352	38925	39432	40179	39486	39513	39060	39087	38574	40341	38628	39195	39701	39244	40467	38750	38773	39816	40559	38842	40605	39908	39451	38934	39977	38977	39536	39015	39574	39053	40812	39091	40850	40149	40888	39707	40926	40225	39764	39243	40320	39882	39384	39966	39468	39510	39552	41327	39616	41385	40694	41443	40272	39761	40810	40359	39848	40927	40496	40005	40054	40643	40152	40191	41964	41997	41310	42063	41376	41409	40962	40455	40495	42272	41109	40606	41183	41700	41257	42494	40800	41862	41904	42666	42708	41550	41052	41100	42882	42204	41226	41268	41310	41892	41407	43196	42045	42574	42623	43392	42711	41724	41757	41790	43563	42876	42429	41922	42495	41981	42544	42027	43790	42073	43836	42659	43162	43185	42728	42211	43974	43277	42307	44096	42945	42994	42503	44292	42657	44496	43875	43920	42942	44004	43566	43068	44130	43692	43257	43896	43455	43481	43504	45267	45290	44593	45336	44639	45382	44205	43688	44731	44274	43757	43795	44372	43869	45646	43943	43980	45757	45794	45127	45176	45945	44794	44843	44352	45477	45096	45195	44717	44776	45375	44894	44953	46757	46816	46155	46214	45793	45897	45456	45555	47331	46644	45657	45690	47463	46296	47529	45822	46875	46435	46952	47709	47026	46043	46080	47857	47174	46735	46772	46269	46306	46343	48120	47437	46994	46517	48316	47655	48434	47293	46807	46856	48645	47974	47543	47052	47095	47132	47169	48226	48983	47820	49057	48374	48399	47940	47421	47442	49203	48504	48045	47526	48087	47568	49329	47610	49371	48672	49497	48876	47955	48535	48032	49089	48646	48143	48180	48757	48254	48295	50072	50109	49426	48983	50220	49537	50294	48607	49676	49245	48754	48803	48852	49422	48906	49950	50694	50718	50022	49566	49050	50814	50838	50142	49146	50205	49752	49239	49266	49293	49320	49887	51114	51141	50448	49995	49495	50552	50109	49606	50663	50700	50257	49754	49791	49824	51597	51630	51663	50976	50529	50022	51075	51835	51152	50169	51946	51263	50820	50317	50894	50385	50412	52179	51486	51033	50520	50547	52314	52341	51648	50655	52447	51776	51345	50854	51443	50952	50982	51006	52770	52074	51618	51102	52866	52170	52194	51198	52962	52266	51835	51332	51369	51946	51443	53220	51517	52574	52605	52152	53379	52686	52713	51720	53487	52794	52341	51828	52395	51882	51906	53670	51954	53718	53022	52566	53790	53094	53838	52122	53166	52735	52232	52269	52846	52343	52380	54157	54194	53511	53064	52557	54330	53643	54396	53229	52722	53775	53357	52876	52935	52994	53053	54815	54832	54129	53666	53143	54180	54917	54214	53211	54248	54265	53802	53819	53296	53853	55070	53347	55157	54496	54075	54134	55393	55435	53732	53769	55546	54863	54420	53917	53954	54557	55816	54135	55214	54793	54291	55344	56097	55410	54423	54456	56229	55542	55095	54585	54612	54639	54666	56433	54720	55767	55314	56541	55368	55875	56672	55006	56820	56174	55725	55212	55779	55266	57033	55320	56367	56394	56421	57168	56475	55607	57496	56335	55832	57609	56926	56963	57720	57037	57794	56672	56206	56280	58094	58125	56952	57459	58206	57513	57060	56547	57594	58341	57648	57195	58697	57597	57156	57255	57831	59064	58377	58410	59163	58476	57489	57522	59295	59347	58676	59445	59494	58823	58392	57917	57976	59055	59834	58693
TRANSPORT_MODE
0	2	1	1	1	0	0	0	2	1	1	1	1	0	0	0	2	1	1	1	1	0	0	0	2	1	1	1	1	0	0	0	2	1	1	1	1	0	0	0	0	1	1	1	1	0	0	0	2	1	1	1	1	0	0	0	0	3	1	1	1	0	0	0	1	2	1	1	1	0	0	0	3	1	1	1	1	0	0	0	2	1	1	1	1	0	0	0	3	1	1	1	1	0	0	0	0	1	1	1	1	0	0	0	1	3	1	1	1	0	0	0	0	1	2	1	1	0	0	0	1	3	1	1	1	0	0	0	1	2	1	1	1	0	0	0	1	3	1	1	1	0	0	0	1	2	1	1	1	0	0	0	0	1	1	1	1	0	0	0	1	2	1	1	1	0	0	0	0	1	3	1	1	0	0	0	1	1	2	1	1	0	0	0	1	1	3	1	1	0	0	0	1	2	1	1	1	0	0	0	1	3	1	1	1	0	0	0	1	2	1	1	1	0	0	0	0	1	3	1	1	1	0	0	0	1	1	2	1	0	0	0	0	1	1	3	1	1	0	0	0	1	1	2	1	1	0	0	0	1	1	3	1	1	0	0	0	1	1	2	1	1	0	0	0	1	1	3	1	1	0	0	0	0	1	1	2	1	1	0	0	0	1	1	3	1	0	0	0	0	1	1	1	2	1	0	0	1	1	3	1	1	0	0	0	1	1	2	1	1	0	0	0	1	1	3	1	1	0	0	0	0	1	1	2	1	1	0	0	0	1	1	3	1	1	0	0	0	0	1	1	2	1	0	0	0	1	1	1	3	1	0	0	0	1	1	2	1	1	0	0	0	1	1	3	1	1	0	0	0	1	1	2	1	1	0	0	0	1	1	3	1	1	0	0	0	1	1	2	1	1	0	0	0	0	1	1	3	1	0	0	0	1	1	1	2	1	0	0	0	1	1	3	1	1	0	0	0	1	1	2	1	1	0	0	0	1	1	3	1	1	0	0	0	1	1	2	1	1	0	0	0	0	1	1	3	1	1	0	0	0	1	1	2	1	0	0	0	0	1	1	3	1	1	0	0	1	1	2	1	1	0	0	0	1	3	1	1	1	0	0	0	1	2	1	1	1	0	0	0	1	3	1	1	1	0	0	0	0	1	2	1	1	1	0	0	0	1	1	3	1	0	0	0	0	1	1	2	1	1	0	0	1	3	1	1	1	0	0	0	1	2	1	1	1	0	0	0	1	3	1	1	1	0	0	0	1	2	1	1	1	0	0	0	0	1	3	1	1	1	0	0	0	1	2	1	1	0	0	0	0	1	3	1	1	1	0	0	1	2	1	1	1	0	0	0	1	3	1	1	1	0	0	0	2	1	1	1	1	0	0	0	3	1	1	1	1	0	0	0	2	1	1	1	1	0	0	0	0	3	1	1	1	0	0	0	1	2	1	1	1	0	0	0	3	1	1	1	1	0	0	0	2	1	1	1	1	0	0	0	3	1	1	1	1	0	0	0	2	1	1	1	1	0	0	0	3	1	1	1	1	0	0	0	0	2	1	1	1	0	0	0	3	1	1	1	1	0	0	0	2	1	1	1	0	0	0	3	1	1	1	1	0	0	0	2	1	1	1	1	0	0	0	3	1	1	1	1	0	0	0	0	2	1	1	1	1	0	0	0	3	1	1	1	0	0	0	0	2	1	1	1	1	0	0	3	1	1	1	0	0	0	0	3	1	1	1	1	0	0	0	3	1	1	1	1	0	0	0	3	1	1	1	1	0	0	0	3	1	1	1	1	0	0	0	1	1	1	1	0	0	0	0	3	1	1	1	1	0	0	0
PATIENT_WEIGHT
123	120	92	39	138	71	89	143	83	37	107	122	129	109	50	124	81	50	66	119	113	32	112	125	81	75	136	123	100	122	147	65	36	106	110	149	140	133	103	93	83	121	51	125	131	44	55	97	101	64	126	133	98	110	76	146	52	86	43	121	150	56	111	38	146	135	101	76	150	68	40	78	143	66	125	148	130	135	87	69	95	82	48	86	49	109	88	92	40	64	62	47	135	111	127	47	132	122	66	86	90	68	103	136	143	102	112	98	125	89	53	35	32	77	110	95	34	123	42	104	78	90	91	104	75	78	109	108	45	134	146	89	65	105	134	58	74	50	57	86	123	146	67	61	87	104	68	118	142	149	56	128	89	42	127	131	86	41	88	59	58	66	38	134	42	61	55	86	85	53	108	38	148	110	140	89	95	40	122	112	65	32	133	129	105	59	92	46	77	89	104	55	72	117	96	77	147	128	59	97	107	96	108	53	92	82	48	76	107	103	137	140	71	42	91	82	67	62	93	85	42	136	57	113	145	150	130	136	62	50	33	89	40	101	137	148	114	70	34	92	61	109	43	89	71	76	39	123	127	49	78	51	113	144	30	62	52	146	144	71	75	100	75	32	138	108	112	136	59	146	127	124	110	112	77	145	97	109	88	82	56	79	84	36	89	109	61	147	66	144	150	38	129	49	59	149	104	108	40	145	96	46	91	40	117	102	63	68	106	44	136	120	61	145	131	98	142	94	128	110	39	73	54	41	133	92	109	39	95	42	102	130	82	51	96	81	48	112	138	71	57	103	56	98	141	103	46	48	63	42	81	87	145	97	61	139	54	30	56	93	48	36	110	59	73	69	143	149	134	90	73	78	73	138	35	115	87	131	146	121	105	112	130	62	31	105	96	117	92	69	36	133	78	123	90	63	132	32	145	43	89	99	53	55	89	53	142	47	34	81	102	148	146	134	116	120	42	87	41	148	41	64	38	130	143	56	111	76	139	46	37	92	69	51	80	58	45	67	42	62	128	51	125	35	103	44	34	39	104	82	127	69	119	147	106	65	102	142	61	142	52	130	93	131	135	132	75	37	120	61	36	60	105	148	83	56	30	138	136	67	108	109	61	44	122	139	50	66	117	93	71	134	118	61	87	48	132	71	47	58	94	136	75	76	129	140	148	123	137	146	56	98	105	80	66	45	104	33	33	131	102	106	92	114	149	32	81	127	84	114	111	43	43	63	36	45	99	80	124	132	133	96	68	142	51	78	46	148	135	61	108	58	62	63	86	75	121	103	41	146	125	99	50	104	146	120	75	101	144	48	40	119	43	81	67	109	98	40	113	104	112	122	144	140	85	94	76	124	147	66	53	112	98	44	139	57	106	101	122	148	75	37	88	96	54	41	126	79	46	134	96	80	113	99	117	115	44	41	90	111	59	54	33	50	74	96	36	148	125	113	64	147	93	82	116	71	38	115	116	41	46	104	130	111	137	126	80	76	40	75	34	117	130	87	48	83	145	115	53	67	150	122	75	138	139	99	45	47	33	85	148	131	84	123	70	39	114	68	56	96	120	142	84	40	115	146	93	146	50	81	125	61	33	132	56	123	41	107	120	111	42	76	37	85	60	57	143	122	35	126	38	71	93	116	139	112	138	58	124	124	97	103	145	31	56	52	60	39	93	148	81	67	99	62	118	113	102	62	60	70	45	94	81	118	35	141	143	130	84	54	77	110	111	119	40	72	73	117	46	53	133	85	78	103	65	138	94	42	112	37	67	126	98	111	79	78	54	135	93	52	50	135	51	84	50	42	83	139	64	112	69	133	99	98	71	135	143	129	49	30	58
DISTANCE_MATRIX
0	360	318	300	288	276	264	264	150	150	150	60	90	90	162	168	204	228	234	312	360	408	348	318	168	192	168	318
360	60	264	318	324	342	342	342	348	348	354	360	372	378	378	420	420	480	462	498	462	462	384	420	372	420	378	378
318	264	60	270	276	288	288	288	294	294	294	318	318	324	324	414	414	468	462	486	462	462	330	366	366	408	372	324
300	318	270	60	276	288	288	288	288	288	288	300	300	312	318	408	408	468	462	486	438	438	318	360	360	402	360	312
288	324	276	276	60	276	276	276	276	276	276	288	288	300	300	402	396	462	456	480	432	432	300	360	360	402	348	300
276	342	288	288	276	60	180	180	252	258	264	264	264	288	288	390	390	456	450	480	432	432	288	348	348	348	288	288
264	342	288	288	276	180	60	180	246	258	264	264	264	288	288	390	390	456	450	480	432	432	288	348	348	348	288	288
264	342	288	288	276	180	180	60	240	258	264	264	264	288	288	390	390	456	450	480	432	432	288	348	348	348	288	288
150	348	294	288	276	252	246	240	60	120	120	150	126	270	270	378	384	420	438	480	420	408	276	300	300	300	276	270
150	348	294	288	276	258	258	258	120	60	120	150	150	270	270	378	384	420	438	480	420	408	276	300	300	300	276	270
150	354	294	288	276	264	264	264	120	120	60	150	150	270	270	378	384	420	438	480	420	408	276	300	300	300	276	270
60	360	318	300	288	264	264	264	150	150	150	60	90	162	168	228	234	312	360	408	348	318	168	192	192	198	168	162
90	372	318	300	288	264	264	264	150	150	150	90	60	162	168	228	234	312	360	408	348	318	168	192	192	198	168	162
90	378	324	312	300	288	288	288	270	270	270	162	162	60	120	180	180	306	210	360	300	300	120	180	120	180	120	234
162	378	324	318	300	288	288	288	270	270	270	168	168	120	60	180	180	306	210	360	300	300	120	180	120	180	120	120
168	420	414	408	402	348	348	348	300	300	300	228	228	180	180	60	132	204	132	348	258	258	186	60	180	132	222	180
204	420	414	408	396	390	390	390	384	384	384	234	234	180	180	132	60	204	132	348	258	258	186	60	180	132	222	180
228	480	468	468	462	456	456	456	420	420	420	312	312	306	306	204	204	60	198	120	240	240	306	204	306	138	306	306
234	462	462	462	456	450	450	450	438	438	438	360	360	210	210	132	132	198	60	138	132	132	210	132	210	132	210	210
312	498	486	486	480	480	480	480	480	480	480	408	408	360	360	348	348	120	138	60	348	348	360	348	360	348	360	360
360	462	462	438	432	432	432	432	420	420	420	348	348	300	300	258	258	240	132	348	60	60	300	258	300	258	300	300
408	462	462	438	432	432	432	432	408	408	408	318	318	300	300	258	258	240	132	348	60	60	300	258	300	258	300	300
348	384	330	318	300	288	288	288	276	276	276	168	168	120	120	186	186	306	210	360	300	300	60	186	120	186	120	120
318	420	366	360	360	348	348	348	300	300	300	192	192	180	180	60	60	204	132	348	258	258	186	60	180	60	180	180
168	372	300	306	300	288	288	288	270	270	270	168	168	120	120	180	180	306	210	360	300	300	120	180	60	180	120	120
192	420	408	402	402	348	348	348	300	300	300	198	198	180	180	132	132	138	132	348	258	258	186	60	180	60	180	180
168	378	372	360	348	288	288	288	276	276	276	168	168	120	120	222	222	306	210	360	300	300	120	180	120	180	60	120
318	378	324	312	300	288	288	288	270	270	270	162	162	234	120	180	180	306	210	360	300	300	120	180	120	180	120	60
DEPOTS_DISTANCE
234	462	462	462	456	450	450	450	438	438	438	360	360	210	210	132	132	198	60	138	132	132	210	132	210	132	210	210	
348	384	330	318	300	288	288	288	276	276	276	168	168	120	120	186	186	306	210	360	300	300	60	186	120	186	120	120	
318	420	366	360	360	348	348	348	300	300	300	192	192	180	180	60	60	204	132	348	258	258	186	60	180	60	180	180	
LOCATION_TURN_MATRIX
100	130	122	113	112	199	136	122	129	152	173	146	151	136	158	140	176	113	122	167	194	134	110	172	114	184	100	147	
170	100	154	188	164	169	136	136	152	170	104	183	155	115	101	104	155	187	174	115	149	134	178	168	114	135	168	102	
178	146	100	161	178	114	104	165	117	139	126	169	192	109	120	179	160	152	154	134	113	140	154	179	196	196	192	181	
187	112	139	100	158	114	195	181	104	132	195	106	183	169	132	170	140	136	172	148	116	110	123	136	151	120	176	169	
188	136	122	142	100	175	164	159	112	100	167	164	135	191	132	181	104	123	142	156	108	117	193	182	116	147	156	185	
101	131	186	186	125	100	190	147	164	150	137	102	145	176	185	131	113	108	117	186	118	151	140	178	154	189	172	110	
164	164	196	105	136	110	100	186	153	151	183	193	111	157	144	123	188	142	110	163	105	190	166	187	170	171	186	126	
178	164	135	119	141	153	114	100	106	130	108	103	151	178	122	151	130	133	184	177	110	141	166	110	122	174	191	197	
171	148	183	196	188	136	147	194	100	167	100	146	168	129	128	142	172	118	174	147	105	158	156	160	120	106	119	136	
148	130	161	168	200	150	149	170	133	100	177	106	175	116	188	180	176	194	108	146	130	187	183	173	128	141	169	176	
127	196	174	105	133	163	117	192	200	123	100	171	175	140	183	115	104	186	128	153	151	175	100	146	191	117	132	197	
154	117	131	194	136	198	107	197	154	194	129	100	136	184	140	147	172	184	148	131	103	156	185	200	152	158	154	143	
149	145	108	117	165	155	189	149	132	125	125	164	100	140	199	142	101	144	163	185	117	191	200	143	113	165	102	154	
164	185	191	131	109	124	143	122	171	184	160	116	160	100	109	116	196	113	131	186	166	139	183	175	144	161	105	170	
142	199	180	168	168	115	156	178	172	112	117	160	101	191	100	147	177	177	199	158	172	188	164	175	180	168	154	195	
160	196	121	130	119	169	177	149	158	120	185	153	158	184	153	100	152	159	197	157	181	159	102	123	168	200	124	186	
124	145	140	160	196	187	112	170	128	124	196	128	199	104	123	148	100	149	114	112	117	135	105	132	138	180	198	156	
187	113	148	164	177	192	158	167	182	106	114	116	156	187	123	141	151	100	166	132	168	163	159	123	129	173	161	116	
178	126	146	128	158	183	190	116	126	192	172	152	137	169	101	103	186	134	100	184	199	137	130	160	148	113	140	150	
133	185	166	152	144	114	137	123	153	154	147	169	115	114	142	143	188	168	116	100	111	195	128	157	191	164	141	171	
106	151	187	184	192	182	195	190	195	170	149	197	183	134	128	119	183	132	101	189	100	129	151	163	147	166	104	177	
166	166	160	190	183	149	110	159	142	113	125	144	109	161	112	141	165	137	163	105	171	100	101	185	169	129	103	197	
190	122	146	177	107	160	134	134	144	117	200	115	100	117	136	198	195	141	170	172	149	199	100	106	150	116	118	145	
128	132	121	164	118	122	113	190	140	127	154	100	157	125	125	177	168	177	140	143	137	115	194	100	128	167	115	155	
186	186	104	149	184	146	130	178	180	172	109	148	187	156	120	132	162	171	152	109	153	131	150	172	100	155	124	184	
116	165	104	180	153	111	129	126	194	159	183	142	135	139	132	100	120	127	187	136	134	171	184	133	145	100	129	192	
200	132	108	124	144	128	114	109	181	131	168	146	198	195	146	176	102	139	160	159	196	197	182	185	176	171	100	146	
153	198	119	131	115	190	174	103	164	124	103	157	146	130	105	114	144	184	150	129	123	103	155	145	116	108	154	100	
DEPOTS_TO_LOCAL_TURN_MATRIX
178	126	146	128	158	183	190	116	126	192	172	152	137	169	101	103	186	134	100	184	199	137	130	160	148	113	140	150	
190	122	146	177	107	160	134	134	144	117	200	115	100	117	136	198	195	141	170	172	149	199	100	106	150	116	118	145	
128	132	121	164	118	122	113	190	140	127	154	100	157	125	125	177	168	177	140	143	137	115	194	100	128	167	115	155	
LOCAL_TO_DEPOT_TURN_MATRIX
122	174	154	172	142	117	110	184	174	108	128	148	163	131	199	197	114	166	100	116	101	163	170	140	152	187	160	150	
110	178	154	123	193	140	166	166	156	183	100	185	200	183	164	102	105	159	130	128	151	101	100	194	150	184	182	155	
172	168	179	136	182	178	187	110	160	173	146	200	143	175	175	123	132	123	160	157	163	185	106	100	172	133	185	145	

