INDEX_PROBLEM
1
PATIENTS
800
STRETCHERS
16
NUM_ROOM
28
NUM_DEPOT
3
NUM_PRIORITY
4
PRIORITY_LIST
0	1	2	3	4
PRIORITY_WEIGHT
0	1	10	18	30
PRIORITY_JOB
0	2	2	3	4	1	4	3	3	2	3	4	1	4	3	4	2	3	4	1	2	3	4	4	3	3	4	1	2	3	4	4	3	4	4	2	2	3	4	3	3	3	1	2	4	3	4	3	4	4	2	2	3	4	3	4	4	1	4	4	1	2	1	2	1	3	4	1	2	3	4	3	1	3	4	1	2	2	1	1	3	3	3	4	1	2	4	3	1	3	4	4	2	2	2	1	4	2	3	1	2	3	4	3	4	4	4	2	2	1	2	2	1	3	4	1	2	3	4	4	3	4	1	4	1	2	1	2	2	3	4	1	2	3	4	3	1	3	1	3	4	1	1	2	2	3	4	2	2	3	4	3	2	3	1	4	1	2	1	1	2	3	4	4	2	4	3	4	4	2	3	1	4	1	2	1	2	2	3	4	1	3	4	3	2	3	1	4	4	1	2	1	3	1	2	3	3	1	4	3	2	1	3	4	4	1	2	2	4	2	3	3	4	1	3	4	3	2	3	4	4	1	1	2	2	2	2	3	4	1	4	4	3	2	3	1	4	1	2	1	1	2	3	4	1	4	3	3	2	3	1	3	4	2	1	1	1	2	3	4	2	4	3	4	2	3	3	1	4	1	1	2	2	3	4	4	2	3	4	3	1	2	3	1	4	1	2	1	2	4	2	3	4	1	4	3	3	2	3	1	4	4	2	1	2	1	2	3	3	1	4	3	3	2	3	1	4	4	1	1	2	2	3	3	1	2	4	3	4	3	4	1	4	2	1	2	1	3	2	3	4	1	2	4	4	4	3	4	1	4	2	1	2	1	2	3	4	1	3	3	3	1	2	3	3	1	1	2	1	2	3	4	4	2	4	3	4	1	3	3	1	4	1	2	2	1	2	3	4	2	2	3	4	3	3	4	4	1	1	1	2	2	4	2	3	4	1	4	3	3	2	3	1	4	1	1	2	1	2	3	3	1	2	4	3	3	4	1	4	2	2	1	1	3	3	3	4	1	2	4	3	4	3	4	1	2	2	2	1	1	3	4	3	1	2	3	4	4	3	4	4	1	1	2	2	1	2	3	4	1	2	3	4	3	3	3	1	1	2	2	1	2	3	4	4	2	3	3	4	3	3	4	1	1	2	1	1	2	3	4	2	2	3	4	3	4	1	4	1	1	2	3	2	1	2	4	1	2	3	4	3	4	4	4	1	1	2	1	2	1	3	4	1	2	3	3	3	4	4	1	4	2	3	2	1	1	3	1	2	3	4	3	3	4	4	1	2	2	3	2	1	2	3	4	1	2	3	4	4	4	3	1	2	1	3	1	2	1	4	1	2	3	4	3	4	3	4	1	1	2	3	2	1	2	4	2	3	3	4	3	4	3	1	1	2	3	4	2	1	2	4	2	2	3	4	4	3	4	1	1	1	2	3	4	2	1	2	1	2	3	4	4	3	4	1	1	2	3	4	1	2	1	1	2	3	4	4	4	3	1	1	2	3	3	2	2	1	3	1	2	3	4	4	4	3	4	1	2	2	3	4	2	1	1	1	2	3	4	2	3	4	4	1	2	3	4	2	2	1	2	1	2	3	4	4	3	4	3	1	1	2	3	4	1	2	1	2	3	3	4	4	3	3	2	1	1	2	3	4	1	2	2	2	3	4	1	4	3	4	1	1	2	3	4	2	1	2	2	2	3	4	1	4	3	4	4	1	2	3	4	1	2	1	1	1	2	3	2	1	2	1	1	4	1	2	3	2	1	2	1	3	4	1	1	1	2	1	2	3	4	4	2	2	2	1	2	1	2	3	1	2	1	1	1	3	4	4	2	1	2	2
TIME_ASKED
0	28849	28898	28947	28996	29045	29094	29149	29198	29247	29296	29345	29394	29429	29458	29487	29516	29545	29574	29603	29632	29661	29690	29742	29784	29826	29868	29910	29952	29994	30029	30058	30087	30116	30145	30174	30203	30232	30261	30290	30329	30358	30387	30416	30445	30474	30503	30532	30561	30590	30621	30642	30663	30684	30705	30726	30747	30768	30789	30810	30831	30852	30873	30894	30949	30998	31047	31096	31145	31194	31227	31254	31281	31308	31335	31362	31389	31416	31443	31470	31497	31524	31548	31572	31596	31620	31644	31668	31692	31716	31740	31764	31788	31837	31874	31911	31948	31985	32022	32059	32096	32159	32218	32277	32336	32395	32419	32438	32457	32476	32495	32514	32533	32552	32571	32590	32609	32628	32647	32666	32685	32759	32818	32877	32936	32995	33027	33054	33081	33108	33135	33162	33189	33216	33243	33270	33297	33333	33366	33399	33432	33465	33498	33531	33564	33597	33616	33632	33648	33664	33680	33696	33712	33728	33744	33760	33776	33792	33808	33824	33840	33856	33872	33888	33933	33966	33999	34032	34065	34098	34131	34164	34197	34242	34284	34326	34368	34410	34452	34494	34533	34566	34599	34632	34665	34698	34731	34764	34797	34827	34854	34881	34908	34935	34962	34989	35016	35043	35070	35097	35137	35174	35211	35248	35285	35322	35359	35396	35433	35466	35499	35532	35565	35598	35631	35664	35697	35723	35746	35769	35792	35815	35838	35861	35884	35907	35930	35953	35976	35999	36023	36046	36069	36092	36115	36138	36161	36184	36207	36230	36253	36276	36299	36327	36354	36381	36408	36435	36462	36489	36516	36543	36570	36597	36619	36638	36657	36676	36695	36714	36733	36752	36771	36790	36809	36828	36847	36866	36885	36949	36998	37047	37096	37145	37194	37259	37318	37377	37436	37495	37549	37598	37647	37696	37745	37794	37827	37854	37881	37908	37935	37962	37989	38016	38043	38070	38097	38123	38146	38169	38192	38215	38238	38261	38284	38307	38330	38353	38376	38399	38419	38438	38457	38476	38495	38514	38533	38552	38571	38590	38609	38628	38647	38666	38685	38742	38784	38826	38868	38910	38952	38994	39029	39058	39087	39116	39145	39174	39203	39232	39261	39290	39349	39398	39447	39496	39545	39594	39633	39666	39699	39732	39765	39798	39831	39864	39897	39937	39974	40011	40048	40085	40122	40159	40196	40242	40284	40326	40368	40410	40452	40494	40542	40584	40626	40668	40710	40752	40794	40849	40898	40947	40996	41045	41094	41133	41166	41199	41232	41265	41298	41331	41364	41397	41423	41446	41469	41492	41515	41538	41561	41584	41607	41630	41653	41676	41699	41749	41798	41847	41896	41945	41994	42099	42198	42297	42342	42384	42426	42468	42510	42552	42594	42699	42798	42897	42923	42946	42969	42992	43015	43038	43061	43084	43107	43130	43153	43176	43199	43237	43274	43311	43348	43385	43422	43459	43496	43549	43598	43647	43696	43745	43794	43899	43998	44097	44159	44218	44277	44336	44395	44459	44518	44577	44636	44695	44799	44898	44997	45033	45066	45099	45132	45165	45198	45231	45264	45297	45337	45374	45411	45448	45485	45522	45559	45596	45637	45674	45711	45748	45785	45822	45859	45896	45959	46018	46077	46136	46195	46249	46298	46347	46396	46445	46494	46537	46574	46611	46648	46685	46722	46759	46796	46821	46842	46863	46884	46905	46926	46947	46968	46989	47010	47031	47052	47073	47094	47199	47298	47397	47437	47474	47511	47548	47585	47622	47659	47696	47737	47774	47811	47848	47885	47922	47959	47996	48049	48098	48147	48196	48245	48294	48324	48348	48372	48396	48420	48444	48468	48492	48516	48540	48564	48588	48627	48654	48681	48708	48735	48762	48789	48816	48843	48870	48897	48937	48974	49011	49048	49085	49122	49159	49196	49233	49266	49299	49332	49365	49398	49431	49464	49497	49537	49574	49611	49648	49685	49722	49759	49796	49827	49854	49881	49908	49935	49962	49989	50016	50043	50070	50097	50149	50198	50247	50296	50345	50394	50424	50448	50472	50496	50520	50544	50568	50592	50616	50640	50664	50688	50737	50774	50811	50848	50885	50922	50959	50996	51027	51054	51081	51108	51135	51162	51189	51216	51243	51270	51297	51324	51348	51372	51396	51420	51444	51468	51492	51516	51540	51564	51588	51637	51674	51711	51748	51785	51822	51859	51896	51933	51966	51999	52032	52065	52098	52131	52164	52197	52259	52318	52377	52436	52495	52517	52534	52551	52568	52585	52602	52619	52636	52653	52670	52687	52704	52721	52738	52755	52772	52789	52859	52918	52977	53036	53095	53137	53174	53211	53248	53285	53322	53359	53396	53459	53518	53577	53636	53695	53733	53766	53799	53832	53865	53898	53931	53964	53997	54027	54054	54081	54108	54135	54162	54189	54216	54243	54270	54297	54374	54448	54522	54596	54627	54654	54681	54708	54735	54762	54789	54816	54843	54870	54897	55049	55198	55237	55274	55311	55348	55385	55422	55459	55496	55574	55648	55722	55796	55827	55854	55881	55908	55935	55962	55989	56016	56043	56070	56097	56399	56499	56598	56697	56733	56766	56799	56832	56865	56898	56931	56964	56997	57049	57098	57147	57196	57245	57294	57359	57418	57477	57536	57595
ORIGIN
26	16	6	27	19	25	27	23	25	25	23	10	2	27	22	14	3	14	3	23	14	4	26	16	14	14	16	7	27	27	7	9	13	9	1	23	14	14	23	13	14	2	14	3	24	14	14	11	14	6	27	18	7	27	20	8	18	14	10	2	23	14	2	26	14	5	23	14	4	25	25	12	26	25	7	27	14	14	3	14	14	1	23	11	2	2	23	7	2	23	23	24	5	5	1	7	7	5	18	7	2	20	20	1	2	20	17	23	20	2	14	14	27	27	14	4	24	15	4	27	16	14	14	14	3	14	14	11	11	27	10	2	23	4	14	14	16	14	27	27	4	27	27	13	27	14	9	27	20	14	14	23	13	14	27	27	27	24	14	14	24	24	14	24	15	4	26	16	8	14	18	26	26	14	14	18	14	14	3	23	12	2	15	14	3	25	2	14	27	14	8	5	14	1	1	20	8	2	14	23	5	5	20	2	14	5	4	1	2	5	1	14	4	23	2	5	23	23	4	4	14	14	3	14	14	20	14	12	2	23	14	3	23	14	4	27	27	14	14	25	14	2	23	8	27	23	14	23	14	14	14	14	14	4	27	27	14	27	23	7	26	16	5	14	16	14	23	26	26	14	24	14	27	27	14	4	23	13	3	23	27	4	18	11	14	14	25	14	3	14	2	2	23	8	1	1	10	2	14	1	14	27	27	1	1	11	1	27	16	5	1	9	7	2	14	1	3	14	14	14	2	5	1	14	13	2	27	14	5	9	23	4	1	7	7	14	3	14	27	12	8	1	23	10	26	14	12	14	26	14	14	23	14	14	14	10	5	26	25	2	14	4	2	3	14	14	14	23	14	2	16	4	2	23	14	4	20	20	7	4	4	14	23	23	26	14	27	2	1	23	10	1	17	12	17	11	14	14	14	14	14	4	11	27	26	16	11	3	3	14	27	2	14	3	14	14	27	10	11	26	23	14	3	16	14	4	14	14	14	26	26	14	7	20	20	23	23	10	1	3	14	2	14	14	14	27	14	14	9	11	27	2	16	6	27	19	7	27	22	12	3	12	12	14	14	12	2	3	14	3	23	14	14	14	3	3	25	1	14	16	26	7	13	13	9	26	14	11	26	13	1	7	27	14	14	14	2	14	8	20	5	27	18	7	2	20	2	14	14	2	2	22	23	2	2	26	3	23	14	4	24	12	26	27	25	25	14	26	3	26	26	2	1	23	11	7	14	4	7	14	14	14	26	15	14	7	23	23	26	17	7	27	20	27	2	14	2	2	27	20	14	14	14	20	23	14	4	14	15	4	27	3	3	3	3	14	2	11	8	1	23	10	2	14	27	2	14	14	14	27	15	13	26	14	14	26	16	7	27	27	2	14	1	3	9	9	20	2	14	2	8	23	14	3	24	14	4	2	8	3	26	26	14	8	14	14	2	23	10	2	23	12	2	14	14	27	27	14	14	2	23	24	26	14	7	27	19	2	14	3	26	3	23	20	23	14	26	14	23	14	3	24	14	27	14	14	1	26	18	2	2	26	14	24	3	10	1	23	12	2	23	25	14	27	14	27	11	14	8	8	16	6	27	19	7	27	22	14	20	20	10	2	22	14	16	27	14	3	23	14	4	20	4	4	26	14	7	1	26	2	4	16	9	1	23	11	13	23	4	8	14	14	4	11	11	14	1	14	6	27	18	14	27	21	14	14	23	10	22	23	2	19	2	14	3	23	14	23	19	16	25	23	16	7	27	14	14	14	14	9	1	23	11	14	23	13	14	14	14	3	24	7	7	1	14	5	27	18	7	27	20	8	12	17	10	1	23	2	7	8	8
DESTINATION
3	14	17	2	22	14	2	26	14	14	27	14	14	23	19	16	26	25	14	4	9	14	3	14	9	9	16	20	2	23	13	14	7	14	14	27	5	5	1	7	25	27	26	14	2	20	8	12	8	17	2	27	20	2	14	14	27	16	14	14	27	25	27	23	25	14	3	26	14	14	14	11	3	14	20	2	16	4	26	16	16	14	27	15	14	27	27	13	27	27	27	1	14	14	23	13	13	14	27	20	24	14	14	14	24	14	6	27	7	27	20	8	18	18	26	14	2	14	14	18	14	3	5	3	23	25	25	12	12	2	14	14	27	14	8	5	14	1	23	23	14	2	23	7	2	5	14	2	14	5	4	1	7	25	18	18	18	2	20	1	2	2	4	2	14	14	3	14	14	20	27	14	14	15	4	27	16	16	14	27	11	14	14	25	14	14	27	10	23	4	14	14	16	14	14	14	14	27	4	27	14	14	7	27	20	14	14	23	27	14	23	26	14	27	24	14	27	27	14	14	15	4	26	16	8	14	26	11	14	1	25	14	3	26	14	23	23	2	15	14	3	14	1	14	2	27	1	1	3	1	20	1	20	14	23	2	5	2	1	20	3	14	14	2	14	5	1	14	14	4	2	5	23	23	4	14	1	7	14	3	23	14	27	12	2	2	14	3	23	5	14	14	26	14	14	23	14	14	2	23	8	23	23	14	23	12	23	2	14	14	23	14	20	27	16	23	26	16	16	5	14	14	23	4	7	14	23	26	14	17	27	14	23	13	13	3	23	4	18	11	14	14	27	14	14	4	11	2	23	8	1	1	10	10	2	14	14	3	14	27	10	14	27	26	16	16	9	1	9	27	14	14	14	1	26	14	7	7	20	14	14	2	27	27	14	5	23	14	14	27	14	14	9	11	9	12	8	1	10	10	26	14	12	2	3	14	12	14	14	8	2	14	10	26	25	25	2	14	12	3	1	25	14	16	26	14	16	4	2	14	14	4	20	7	7	1	27	14	14	14	2	14	8	1	1	23	10	1	17	12	2	14	14	17	2	22	23	2	2	11	26	11	11	3	3	11	27	26	25	14	4	26	3	26	26	26	14	23	3	16	14	20	7	7	14	14	26	15	14	7	23	20	23	10	1	3	14	2	14	14	14	2	27	20	14	14	27	2	16	27	27	19	7	27	22	3	14	3	26	14	2	11	3	2	14	14	3	14	14	14	3	14	14	27	15	13	26	14	13	9	9	26	14	11	26	13	1	27	3	9	20	2	14	2	14	5	27	27	18	7	2	20	8	14	3	26	14	8	14	14	2	26	26	23	23	4	24	12	14	14	27	14	14	2	23	24	2	2	1	23	11	7	14	4	26	3	16	20	2	23	14	26	23	26	17	17	7	27	20	27	14	1	26	14	2	26	14	24	14	23	14	14	4	14	15	4	27	27	14	14	27	11	14	8	8	23	23	2	2	14	27	2	3	20	20	2	22	14	16	26	14	26	27	7	27	2	14	4	27	26	14	1	26	2	4	8	23	14	27	24	24	14	4	2	14	14	14	27	11	14	1	14	10	23	2	23	12	2	14	14	14	17	2	22	23	2	19	2	14	7	14	27	19	2	14	23	25	14	5	26	14	14	14	14	14	3	20	24	14	27	14	14	14	14	27	20	7	1	14	14	10	10	14	12	12	2	23	25	17	2	27	16	2	7	8	16	27	14	19	7	27	22	14	25	14	4	2	27	22	14	14	27	14	20	2	4	4	20	4	14	14	27	15	26	27	7	9	1	26	14	1	13	13	23	4	14	2	27	20	2	14	14	11	6	14	14	27	27	21	14	14
DUE_DATE
0	30427	30476	30045	29554	31343	29652	30247	30296	30825	30394	29903	31692	29987	30556	30045	31094	30643	30132	31901	31210	30759	30248	30300	30882	30924	30426	32208	31530	31092	30587	30616	31185	30674	30703	31752	31781	31330	30819	31388	31427	31456	32685	31994	31003	31572	31061	31630	31119	31148	32199	32220	31761	31242	31803	31284	31305	33066	31347	31368	33129	32430	33171	32472	33247	32096	31605	33394	32723	32292	31785	32352	33579	32406	31893	33660	32967	32994	33741	33768	32595	32622	32646	32130	33894	33198	32202	32766	33990	32814	32298	32322	33366	33415	33452	34209	32506	33563	33120	34357	33674	33257	32776	33375	32894	32953	32977	34016	34035	34774	34073	34092	34831	33650	33129	34888	34187	33726	33205	33224	33783	33317	35116	33435	35234	34573	35325	34632	34659	34206	33693	35460	34767	34314	33801	34368	35595	34431	35664	34497	33990	35763	35796	35109	35142	34695	34174	35210	35226	34762	34238	34794	35290	34826	36042	34318	36074	35370	36106	36122	35418	34954	34430	34446	35511	34524	35097	34590	34623	35676	35229	36462	34755	36540	35862	36624	35946	35988	35550	35052	36831	35664	35157	35730	36243	35796	37029	35322	35355	37125	36432	37179	36006	37233	36540	36087	36114	37341	35628	36195	36715	37472	36309	35806	35843	37620	36937	36974	35991	37044	36597	36630	36123	37896	36729	36222	36795	37301	36844	36327	36350	38113	38136	37439	37462	37485	37508	37051	36534	38297	36581	36604	37167	37670	37213	38436	36719	38482	37785	38528	38551	37854	37397	36885	38652	36939	37506	37533	38040	37587	38814	37641	37128	38175	38917	38936	38955	38254	37793	37272	38311	37310	37869	37348	38387	37926	37945	39164	37443	39247	39296	38625	38674	38243	37752	37817	38896	38475	37994	38593	39847	39176	38745	39994	38303	40092	39405	40152	39459	38466	39513	39060	38547	40314	38601	39168	39195	39701	39244	40467	38750	38773	39816	40559	39862	40605	39908	39451	39474	40697	38977	39536	39555	40054	39593	40812	39091	39110	40869	40888	40187	40206	39745	39764	40983	40320	39342	39924	39426	40008	39510	41292	39587	40636	41385	40694	41443	40272	40781	40330	39819	41588	40927	39956	40005	40054	40643	40152	41931	40224	41277	42030	41343	42096	41409	40962	40455	42235	41072	41109	41146	42383	41700	41257	41294	42540	42582	41904	42666	41988	41550	41052	41100	42162	41184	41766	41268	43050	41892	41947	43196	41505	43294	42623	42672	43431	42744	42297	41790	42843	42876	42429	41922	42495	42521	42004	42027	43790	43813	43836	43139	43162	42165	43208	42751	42234	43997	42307	42896	42945	43474	43043	44292	42657	44496	44595	43920	44682	44004	43566	43608	44850	44172	43257	43896	43995	43481	45244	43527	44570	44593	45336	45359	44182	44205	44228	43711	45474	44777	43795	44372	43869	44446	43943	45720	45037	45074	45127	45896	45945	44794	44303	44892	46197	45576	45195	44717	44776	45375	44894	44953	46757	46816	46155	46214	46993	46377	45996	45555	47331	46644	46197	45690	46263	46296	46329	47562	47595	46915	46952	47709	47026	46583	46080	46117	47174	46735	46772	46269	46846	46883	46380	48157	48194	47537	48316	48375	47714	47293	46807	47876	47925	47494	47003	47592	47095	48872	47169	48946	48983	48300	47857	48374	49119	48420	47421	49182	48483	48024	47505	48066	47547	47568	47589	49350	49371	48672	49497	48876	49695	48535	48032	49809	49126	48683	48720	48757	48254	48295	50072	48369	49426	48983	49500	50257	50294	49147	50396	49725	49294	48803	49392	49422	48906	48930	50694	49998	50022	49566	50070	50814	50118	49662	49146	50925	50232	49779	49266	49293	49320	49887	51114	50421	51168	49995	51235	50552	51309	49606	51383	50700	50257	49754	50331	49824	50397	49890	51663	51696	51009	50562	51075	51835	51152	50169	51226	50783	50820	50317	50894	50385	50952	52179	52206	51513	51060	50547	51594	52341	51648	50655	51727	51776	51345	50854	50903	51492	50982	52746	52770	52794	52098	51642	51126	52170	52914	52218	52962	52266	51835	51332	51369	51946	51443	53220	53257	52574	52125	51612	53379	52686	53433	53460	52767	52314	51801	51828	51855	52422	53646	53670	52974	52518	52542	53046	53070	53814	52638	53862	53166	52735	52232	52269	52306	52883	52380	54157	53474	53511	53064	52557	53610	54363	54396	54429	53742	53295	52817	53896	53475	52994	53053	54815	54112	53649	53126	54163	54180	54917	54214	54951	54248	53785	53262	53279	53836	53313	53870	55087	55157	54496	54075	53594	55393	54715	55472	54789	54346	54383	53880	53917	54494	54557	55096	55875	55934	55273	54831	54324	56097	55410	55443	55476	55029	54522	56295	54585	55152	54639	56406	56433	55740	55287	54774	55821	56568	55875	55952	56026	55620	55154	56925	55212	55779	55266	55293	57060	56367	55914	55401	57168	56475	57347	57496	57535	56852	56409	56926	57683	57000	57757	57794	56132	57946	57300	56894	57405	58152	57459	58206	57033	56520	58287	58314	58341	57648	58395	57977	57597	57156	57255	58311	58344	58377	59130	58443	59196	58509	58062	59295	58627	59396	59445	59494	58343	57852	57917	58996	59775	59114	59173
TRANSPORT_MODE
0	2	1	1	1	2	0	0	0	1	1	1	1	0	0	0	2	1	1	1	1	0	0	0	2	1	1	1	2	0	0	0	1	1	1	1	1	0	0	0	0	2	1	1	1	1	0	0	0	1	1	1	1	0	0	0	0	3	1	1	1	1	0	0	0	2	1	1	1	0	0	0	3	1	1	1	1	0	0	0	0	1	2	1	1	1	0	0	3	1	1	1	1	0	0	0	0	1	2	1	1	1	0	0	0	1	1	1	1	0	0	0	0	1	2	1	1	1	0	0	0	1	3	1	1	0	0	0	1	2	1	1	1	0	0	0	0	1	3	1	1	1	0	0	1	2	1	1	1	0	0	0	0	1	3	1	1	1	0	0	0	1	1	1	1	0	0	0	0	1	1	3	1	1	0	0	0	1	1	2	1	0	0	0	1	1	3	1	1	0	0	0	0	1	1	2	1	1	0	0	1	3	1	1	1	0	0	0	0	1	1	2	1	1	0	0	0	1	1	1	1	0	0	0	0	1	1	2	1	1	0	0	0	1	1	3	1	0	0	0	1	1	2	1	1	0	0	0	1	1	3	1	1	0	0	0	1	1	2	1	1	0	0	0	0	1	1	3	1	1	0	0	1	1	2	1	1	0	0	0	0	1	1	3	1	1	0	0	0	0	1	1	2	1	0	0	0	1	1	3	1	1	0	0	0	1	1	1	2	1	0	0	0	1	1	3	1	1	0	0	0	1	1	2	1	1	0	0	0	1	1	3	1	1	0	0	0	0	1	1	1	2	1	0	0	0	1	1	3	1	0	0	0	1	1	2	1	1	0	0	0	0	1	1	1	3	1	0	0	1	1	2	1	1	0	0	0	0	1	1	3	1	1	0	0	0	1	1	2	1	1	0	0	0	1	1	1	3	1	0	0	0	0	1	1	1	2	0	0	0	1	1	3	1	1	0	0	0	1	1	1	2	1	0	0	1	1	3	1	1	0	0	0	0	1	1	2	1	1	0	0	0	1	1	3	1	1	0	0	0	0	1	1	1	2	1	0	0	0	1	1	3	1	0	0	0	1	1	2	1	1	0	0	0	1	1	3	1	1	0	0	0	1	1	2	1	1	0	0	0	1	1	3	1	1	0	0	0	1	1	2	1	1	0	0	0	0	1	1	3	1	1	0	0	0	1	1	2	1	0	0	0	1	1	3	1	1	0	0	0	1	1	2	1	1	0	0	0	1	3	1	1	1	0	0	0	1	1	2	1	1	0	0	0	1	3	1	1	1	0	0	0	0	1	1	2	1	1	0	0	0	1	1	3	1	0	0	0	1	1	2	1	1	0	0	0	1	1	3	1	1	0	0	0	1	2	1	1	1	0	0	0	1	3	1	1	1	0	0	0	1	2	1	1	1	0	0	0	0	1	3	1	1	1	0	0	0	1	2	1	1	0	0	0	1	3	1	1	1	0	0	0	1	2	1	1	1	0	0	3	1	1	1	1	0	0	0	0	1	2	1	1	1	0	0	0	3	1	1	1	1	0	0	0	1	2	1	1	1	0	0	0	3	1	1	1	0	0	0	0	2	1	1	1	1	0	0	0	3	1	1	1	1	0	0	2	1	1	1	1	0	0	0	0	3	1	1	1	2	0	0	1	1	1	1	1	0	0	0	0	3	1	1	1	1	0	0	0	2	1	1	3	0	0	0	1	1	1	1	1	0	0	0	3	1	1	1	0	0	0	0	3	1	1	1	1	0	0	0	3	1	1	1	3	0	0	0	1	1	1	1	1	0	0	0	0	3	1	1	1	1	0	0	3	1	1	1	0	0	0	0
PATIENT_WEIGHT
110	51	70	59	41	78	128	142	116	59	67	91	115	62	40	60	32	97	121	40	88	110	112	115	125	58	144	91	120	115	83	117	141	62	41	143	90	122	80	99	98	137	135	41	146	34	102	125	117	147	118	51	116	140	112	148	43	67	41	77	95	135	89	92	87	62	53	104	140	46	135	117	95	68	39	81	142	150	108	138	135	148	38	71	93	108	132	102	116	118	124	71	126	59	49	93	45	113	42	109	66	112	146	60	110	149	93	93	144	110	107	128	143	61	86	101	72	96	125	54	60	137	113	141	72	44	107	97	69	132	129	45	75	117	43	115	112	95	141	127	71	43	103	84	57	97	138	125	113	73	35	52	78	83	65	148	37	101	88	119	100	96	89	67	35	74	49	147	93	100	80	149	96	146	32	51	111	93	97	31	68	77	72	63	73	53	95	116	42	145	78	94	150	116	76	143	47	147	137	138	58	108	148	43	36	117	34	74	116	147	97	132	36	91	67	40	119	140	148	86	135	134	39	130	124	100	61	123	112	110	52	101	51	82	42	116	88	75	96	46	140	134	131	61	55	122	124	71	85	107	97	107	69	31	104	124	49	130	39	103	53	128	110	32	130	134	103	78	76	88	100	110	70	120	136	123	48	136	59	89	117	144	126	83	78	107	142	83	104	112	139	78	41	58	93	101	95	47	37	131	99	98	48	80	150	75	95	147	110	101	129	33	123	103	72	41	147	110	84	34	130	41	137	40	62	56	131	84	81	61	89	85	132	89	82	118	100	144	52	31	117	62	109	44	127	145	70	67	116	31	43	106	42	89	93	127	115	101	125	51	77	58	139	132	148	71	45	89	30	119	106	106	145	73	74	102	78	101	52	89	78	133	65	133	80	139	146	65	118	42	112	47	94	77	119	125	41	78	39	78	76	109	103	30	49	101	96	147	74	98	130	55	130	123	120	61	148	126	56	56	91	73	78	133	108	120	102	144	111	111	132	88	37	87	115	138	48	71	86	91	137	37	104	119	126	137	79	69	64	53	138	86	127	137	45	87	49	97	77	118	37	108	135	48	106	95	38	110	74	130	42	44	64	118	81	125	134	59	64	74	99	48	74	120	114	56	72	52	65	43	87	39	48	89	66	108	138	57	103	139	118	54	145	118	119	114	100	123	119	139	117	75	122	76	95	137	87	123	75	89	51	143	50	78	101	84	52	81	58	71	128	45	114	54	53	102	91	61	60	115	136	129	128	82	138	46	41	129	111	77	127	65	53	120	92	48	41	136	42	117	32	69	110	132	138	130	72	68	58	68	134	131	138	42	91	52	128	62	139	69	68	120	102	142	149	49	135	95	88	86	40	97	92	99	117	98	147	145	34	43	112	41	128	127	107	141	63	49	38	100	73	41	104	78	91	102	147	76	95	140	100	81	119	70	62	126	137	36	56	90	92	42	42	35	64	123	48	141	115	32	74	111	83	105	59	81	88	60	44	61	128	111	130	47	84	112	133	49	71	96	34	120	110	38	35	98	52	52	54	84	42	149	40	103	92	101	37	140	107	114	132	47	41	149	53	102	72	78	127	61	92	39	43	108	84	58	135	95	139	43	38	54	47	61	109	116	49	83	43	65	40	39	114	114	74	41	125	97	102	50	88	128	146	126	31	91	102	136	71	105	33	38	77	34	62	89	102	46	45	81	72	78	65	50	143	125	136	33	33	48	122	130	76	77	69	105	103	98	32	72	129	33	150	130	60	96	85	67	96	95	64	32	96	77	58	78	62	125	125	67	148	49	49	88	75	41	120	118	46	111	31	149	51	95	150	122	119	142	135	83	134
DISTANCE_MATRIX
0	360	318	300	288	276	264	264	150	150	150	60	90	90	162	168	204	228	234	312	360	408	348	318	168	192	168	318
360	60	264	318	324	342	342	342	348	348	354	360	372	378	378	420	420	480	462	498	462	462	384	420	372	420	378	378
318	264	60	270	276	288	288	288	294	294	294	318	318	324	324	414	414	468	462	486	462	462	330	366	366	408	372	324
300	318	270	60	276	288	288	288	288	288	288	300	300	312	318	408	408	468	462	486	438	438	318	360	360	402	360	312
288	324	276	276	60	276	276	276	276	276	276	288	288	300	300	402	396	462	456	480	432	432	300	360	360	402	348	300
276	342	288	288	276	60	180	180	252	258	264	264	264	288	288	390	390	456	450	480	432	432	288	348	348	348	288	288
264	342	288	288	276	180	60	180	246	258	264	264	264	288	288	390	390	456	450	480	432	432	288	348	348	348	288	288
264	342	288	288	276	180	180	60	240	258	264	264	264	288	288	390	390	456	450	480	432	432	288	348	348	348	288	288
150	348	294	288	276	252	246	240	60	120	120	150	126	270	270	378	384	420	438	480	420	408	276	300	300	300	276	270
150	348	294	288	276	258	258	258	120	60	120	150	150	270	270	378	384	420	438	480	420	408	276	300	300	300	276	270
150	354	294	288	276	264	264	264	120	120	60	150	150	270	270	378	384	420	438	480	420	408	276	300	300	300	276	270
60	360	318	300	288	264	264	264	150	150	150	60	90	162	168	228	234	312	360	408	348	318	168	192	192	198	168	162
90	372	318	300	288	264	264	264	150	150	150	90	60	162	168	228	234	312	360	408	348	318	168	192	192	198	168	162
90	378	324	312	300	288	288	288	270	270	270	162	162	60	120	180	180	306	210	360	300	300	120	180	120	180	120	234
162	378	324	318	300	288	288	288	270	270	270	168	168	120	60	180	180	306	210	360	300	300	120	180	120	180	120	120
168	420	414	408	402	348	348	348	300	300	300	228	228	180	180	60	132	204	132	348	258	258	186	60	180	132	222	180
204	420	414	408	396	390	390	390	384	384	384	234	234	180	180	132	60	204	132	348	258	258	186	60	180	132	222	180
228	480	468	468	462	456	456	456	420	420	420	312	312	306	306	204	204	60	198	120	240	240	306	204	306	138	306	306
234	462	462	462	456	450	450	450	438	438	438	360	360	210	210	132	132	198	60	138	132	132	210	132	210	132	210	210
312	498	486	486	480	480	480	480	480	480	480	408	408	360	360	348	348	120	138	60	348	348	360	348	360	348	360	360
360	462	462	438	432	432	432	432	420	420	420	348	348	300	300	258	258	240	132	348	60	60	300	258	300	258	300	300
408	462	462	438	432	432	432	432	408	408	408	318	318	300	300	258	258	240	132	348	60	60	300	258	300	258	300	300
348	384	330	318	300	288	288	288	276	276	276	168	168	120	120	186	186	306	210	360	300	300	60	186	120	186	120	120
318	420	366	360	360	348	348	348	300	300	300	192	192	180	180	60	60	204	132	348	258	258	186	60	180	60	180	180
168	372	300	306	300	288	288	288	270	270	270	168	168	120	120	180	180	306	210	360	300	300	120	180	60	180	120	120
192	420	408	402	402	348	348	348	300	300	300	198	198	180	180	132	132	138	132	348	258	258	186	60	180	60	180	180
168	378	372	360	348	288	288	288	276	276	276	168	168	120	120	222	222	306	210	360	300	300	120	180	120	180	60	120
318	378	324	312	300	288	288	288	270	270	270	162	162	234	120	180	180	306	210	360	300	300	120	180	120	180	120	60
DEPOTS_DISTANCE
234	462	462	462	456	450	450	450	438	438	438	360	360	210	210	132	132	198	60	138	132	132	210	132	210	132	210	210	
348	384	330	318	300	288	288	288	276	276	276	168	168	120	120	186	186	306	210	360	300	300	60	186	120	186	120	120	
318	420	366	360	360	348	348	348	300	300	300	192	192	180	180	60	60	204	132	348	258	258	186	60	180	60	180	180	
LOCATION_TURN_MATRIX
100	130	122	113	112	199	136	122	129	152	173	146	151	136	158	140	176	113	122	167	194	134	110	172	114	184	100	147	
170	100	154	188	164	169	136	136	152	170	104	183	155	115	101	104	155	187	174	115	149	134	178	168	114	135	168	102	
178	146	100	161	178	114	104	165	117	139	126	169	192	109	120	179	160	152	154	134	113	140	154	179	196	196	192	181	
187	112	139	100	158	114	195	181	104	132	195	106	183	169	132	170	140	136	172	148	116	110	123	136	151	120	176	169	
188	136	122	142	100	175	164	159	112	100	167	164	135	191	132	181	104	123	142	156	108	117	193	182	116	147	156	185	
101	131	186	186	125	100	190	147	164	150	137	102	145	176	185	131	113	108	117	186	118	151	140	178	154	189	172	110	
164	164	196	105	136	110	100	186	153	151	183	193	111	157	144	123	188	142	110	163	105	190	166	187	170	171	186	126	
178	164	135	119	141	153	114	100	106	130	108	103	151	178	122	151	130	133	184	177	110	141	166	110	122	174	191	197	
171	148	183	196	188	136	147	194	100	167	100	146	168	129	128	142	172	118	174	147	105	158	156	160	120	106	119	136	
148	130	161	168	200	150	149	170	133	100	177	106	175	116	188	180	176	194	108	146	130	187	183	173	128	141	169	176	
127	196	174	105	133	163	117	192	200	123	100	171	175	140	183	115	104	186	128	153	151	175	100	146	191	117	132	197	
154	117	131	194	136	198	107	197	154	194	129	100	136	184	140	147	172	184	148	131	103	156	185	200	152	158	154	143	
149	145	108	117	165	155	189	149	132	125	125	164	100	140	199	142	101	144	163	185	117	191	200	143	113	165	102	154	
164	185	191	131	109	124	143	122	171	184	160	116	160	100	109	116	196	113	131	186	166	139	183	175	144	161	105	170	
142	199	180	168	168	115	156	178	172	112	117	160	101	191	100	147	177	177	199	158	172	188	164	175	180	168	154	195	
160	196	121	130	119	169	177	149	158	120	185	153	158	184	153	100	152	159	197	157	181	159	102	123	168	200	124	186	
124	145	140	160	196	187	112	170	128	124	196	128	199	104	123	148	100	149	114	112	117	135	105	132	138	180	198	156	
187	113	148	164	177	192	158	167	182	106	114	116	156	187	123	141	151	100	166	132	168	163	159	123	129	173	161	116	
178	126	146	128	158	183	190	116	126	192	172	152	137	169	101	103	186	134	100	184	199	137	130	160	148	113	140	150	
133	185	166	152	144	114	137	123	153	154	147	169	115	114	142	143	188	168	116	100	111	195	128	157	191	164	141	171	
106	151	187	184	192	182	195	190	195	170	149	197	183	134	128	119	183	132	101	189	100	129	151	163	147	166	104	177	
166	166	160	190	183	149	110	159	142	113	125	144	109	161	112	141	165	137	163	105	171	100	101	185	169	129	103	197	
190	122	146	177	107	160	134	134	144	117	200	115	100	117	136	198	195	141	170	172	149	199	100	106	150	116	118	145	
128	132	121	164	118	122	113	190	140	127	154	100	157	125	125	177	168	177	140	143	137	115	194	100	128	167	115	155	
186	186	104	149	184	146	130	178	180	172	109	148	187	156	120	132	162	171	152	109	153	131	150	172	100	155	124	184	
116	165	104	180	153	111	129	126	194	159	183	142	135	139	132	100	120	127	187	136	134	171	184	133	145	100	129	192	
200	132	108	124	144	128	114	109	181	131	168	146	198	195	146	176	102	139	160	159	196	197	182	185	176	171	100	146	
153	198	119	131	115	190	174	103	164	124	103	157	146	130	105	114	144	184	150	129	123	103	155	145	116	108	154	100	
DEPOTS_TO_LOCAL_TURN_MATRIX
178	126	146	128	158	183	190	116	126	192	172	152	137	169	101	103	186	134	100	184	199	137	130	160	148	113	140	150	
190	122	146	177	107	160	134	134	144	117	200	115	100	117	136	198	195	141	170	172	149	199	100	106	150	116	118	145	
128	132	121	164	118	122	113	190	140	127	154	100	157	125	125	177	168	177	140	143	137	115	194	100	128	167	115	155	
LOCAL_TO_DEPOT_TURN_MATRIX
122	174	154	172	142	117	110	184	174	108	128	148	163	131	199	197	114	166	100	116	101	163	170	140	152	187	160	150	
110	178	154	123	193	140	166	166	156	183	100	185	200	183	164	102	105	159	130	128	151	101	100	194	150	184	182	155	
172	168	179	136	182	178	187	110	160	173	146	200	143	175	175	123	132	123	160	157	163	185	106	100	172	133	185	145	

