INDEX_PROBLEM
1
PATIENTS
800
STRETCHERS
16
NUM_ROOM
28
NUM_DEPOT
3
NUM_PRIORITY
4
PRIORITY_LIST
0	1	2	3	4
PRIORITY_WEIGHT
0	1	10	18	30
PRIORITY_JOB
0	1	2	2	3	1	2	3	2	3	3	2	2	3	2	3	3	4	1	2	2	3	3	4	3	2	1	4	3	3	4	3	2	3	1	2	2	3	3	3	2	1	2	3	3	3	4	3	3	4	1	2	2	3	4	3	3	1	4	1	2	3	1	1	1	3	2	2	3	1	4	2	3	4	1	2	3	3	2	1	2	1	2	3	3	1	3	2	3	1	2	2	3	4	1	2	1	3	1	2	3	3	4	3	3	1	1	2	2	3	1	2	1	4	4	1	2	3	3	3	4	2	1	2	2	3	4	2	1	1	1	2	3	3	1	3	3	2	1	2	3	4	1	2	1	1	2	2	3	4	1	3	3	3	1	2	3	3	2	1	1	2	1	2	2	3	4	4	3	3	1	1	2	3	3	2	1	1	2	2	3	4	1	4	2	3	1	2	3	3	1	2	1	1	2	3	4	4	1	3	2	3	1	2	2	3	1	2	1	2	3	2	3	3	4	4	3	3	1	1	2	2	3	1	1	2	4	1	2	3	3	1	3	2	1	2	2	3	4	1	1	2	1	2	3	3	1	3	3	2	1	2	3	4	1	1	2	1	2	2	3	3	4	1	4	3	3	1	2	3	3	1	2	2	1	2	2	3	4	3	4	3	1	1	1	2	3	3	2	1	2	1	2	2	3	1	4	2	4	1	2	3	3	1	1	3	1	2	3	4	1	3	2	3	2	1	2	2	3	4	1	1	2	1	2	3	1	3	3	3	3	1	2	2	3	2	1	2	4	4	1	2	3	3	4	2	3	1	3	1	2	2	1	2	3	4	1	2	1	2	3	1	3	3	1	2	3	1	2	1	3	4	1	2	2	1	3	3	3	3	1	2	3	1	2	2	3	4	1	2	2	4	3	4	1	1	3	3	1	2	1	2	2	3	1	2	2	2	1	3	1	3	4	1	2	1	2	2	3	3	1	2	3	3	3	3	1	4	2	1	2	1	1	2	2	3	4	1	2	3	3	4	1	3	3	1	2	1	2	1	2	2	3	4	1	3	2	3	2	1	3	3	1	1	1	1	2	2	3	4	1	3	2	3	1	2	3	3	1	2	1	2	2	3	4	1	2	3	3	4	2	3	1	2	1	2	1	3	3	3	4	1	2	3	4	2	2	1	3	1	2	1	1	2	2	3	3	1	2	4	3	2	2	1	3	4	1	1	1	2	2	3	3	1	2	3	3	2	1	3	4	1	2	1	1	2	2	3	1	2	3	3	4	1	3	3	4	1	1	2	1	2	2	2	3	1	3	2	4	2	1	3	3	1	1	1	2	2	2	3	4	1	3	2	3	1	2	3	3	1	1	1	2	2	3	4	1	2	3	2	3	2	3	4	1	1	2	1	4	2	3	3	1	2	3	3	4	2	1	3	4	2	1	1	1	1	2	3	1	2	2	3	2	1	3	3	1	2	1	2	2	3	3	1	2	3	3	4	1	3	4	1	2	1	2	1	2	3	1	2	2	3	3	3	2	1	3	4	1	2	1	2	1	2	3	1	2	3	4	2	3	3	1	3	1	2	1	2	1	2	3	4	1	2	2	3	1	3	3	1	2	1	2	1	3	4	1	2	2	3	4	2	3	1	3	1	2	3	1	2	1	3	4	1	2	2	3	3	4	1	3	1	2	2	1	1	2	3	3	1	2	2	3	4	3	1	3	4	1	2	1	1	1	3	3	1	1	2	1	1	2	3	4	1	1	2	1	2	1	2	2	3	1	1	1	2	1	2	3	3	1	2	1	2	1	1	2	3	4	1	2	1	2	1	1	2	3	3	1	1	2
TIME_ASKED
0	28849	28898	28947	28996	29045	29094	29149	29198	29247	29296	29345	29394	29429	29458	29487	29516	29545	29574	29603	29632	29661	29690	29742	29784	29826	29868	29910	29952	29994	30029	30058	30087	30116	30145	30174	30203	30232	30261	30290	30329	30358	30387	30416	30445	30474	30503	30532	30561	30590	30621	30642	30663	30684	30705	30726	30747	30768	30789	30810	30831	30852	30873	30894	30949	30998	31047	31096	31145	31194	31227	31254	31281	31308	31335	31362	31389	31416	31443	31470	31497	31524	31548	31572	31596	31620	31644	31668	31692	31716	31740	31764	31788	31837	31874	31911	31948	31985	32022	32059	32096	32159	32218	32277	32336	32395	32419	32438	32457	32476	32495	32514	32533	32552	32571	32590	32609	32628	32647	32666	32685	32759	32818	32877	32936	32995	33027	33054	33081	33108	33135	33162	33189	33216	33243	33270	33297	33333	33366	33399	33432	33465	33498	33531	33564	33597	33616	33632	33648	33664	33680	33696	33712	33728	33744	33760	33776	33792	33808	33824	33840	33856	33872	33888	33933	33966	33999	34032	34065	34098	34131	34164	34197	34242	34284	34326	34368	34410	34452	34494	34533	34566	34599	34632	34665	34698	34731	34764	34797	34827	34854	34881	34908	34935	34962	34989	35016	35043	35070	35097	35137	35174	35211	35248	35285	35322	35359	35396	35433	35466	35499	35532	35565	35598	35631	35664	35697	35723	35746	35769	35792	35815	35838	35861	35884	35907	35930	35953	35976	35999	36023	36046	36069	36092	36115	36138	36161	36184	36207	36230	36253	36276	36299	36327	36354	36381	36408	36435	36462	36489	36516	36543	36570	36597	36619	36638	36657	36676	36695	36714	36733	36752	36771	36790	36809	36828	36847	36866	36885	36949	36998	37047	37096	37145	37194	37259	37318	37377	37436	37495	37549	37598	37647	37696	37745	37794	37827	37854	37881	37908	37935	37962	37989	38016	38043	38070	38097	38123	38146	38169	38192	38215	38238	38261	38284	38307	38330	38353	38376	38399	38419	38438	38457	38476	38495	38514	38533	38552	38571	38590	38609	38628	38647	38666	38685	38742	38784	38826	38868	38910	38952	38994	39029	39058	39087	39116	39145	39174	39203	39232	39261	39290	39349	39398	39447	39496	39545	39594	39633	39666	39699	39732	39765	39798	39831	39864	39897	39937	39974	40011	40048	40085	40122	40159	40196	40242	40284	40326	40368	40410	40452	40494	40542	40584	40626	40668	40710	40752	40794	40849	40898	40947	40996	41045	41094	41133	41166	41199	41232	41265	41298	41331	41364	41397	41423	41446	41469	41492	41515	41538	41561	41584	41607	41630	41653	41676	41699	41749	41798	41847	41896	41945	41994	42099	42198	42297	42342	42384	42426	42468	42510	42552	42594	42699	42798	42897	42923	42946	42969	42992	43015	43038	43061	43084	43107	43130	43153	43176	43199	43237	43274	43311	43348	43385	43422	43459	43496	43549	43598	43647	43696	43745	43794	43899	43998	44097	44159	44218	44277	44336	44395	44459	44518	44577	44636	44695	44799	44898	44997	45033	45066	45099	45132	45165	45198	45231	45264	45297	45337	45374	45411	45448	45485	45522	45559	45596	45637	45674	45711	45748	45785	45822	45859	45896	45959	46018	46077	46136	46195	46249	46298	46347	46396	46445	46494	46537	46574	46611	46648	46685	46722	46759	46796	46821	46842	46863	46884	46905	46926	46947	46968	46989	47010	47031	47052	47073	47094	47199	47298	47397	47437	47474	47511	47548	47585	47622	47659	47696	47737	47774	47811	47848	47885	47922	47959	47996	48049	48098	48147	48196	48245	48294	48324	48348	48372	48396	48420	48444	48468	48492	48516	48540	48564	48588	48627	48654	48681	48708	48735	48762	48789	48816	48843	48870	48897	48937	48974	49011	49048	49085	49122	49159	49196	49233	49266	49299	49332	49365	49398	49431	49464	49497	49537	49574	49611	49648	49685	49722	49759	49796	49827	49854	49881	49908	49935	49962	49989	50016	50043	50070	50097	50149	50198	50247	50296	50345	50394	50424	50448	50472	50496	50520	50544	50568	50592	50616	50640	50664	50688	50737	50774	50811	50848	50885	50922	50959	50996	51027	51054	51081	51108	51135	51162	51189	51216	51243	51270	51297	51324	51348	51372	51396	51420	51444	51468	51492	51516	51540	51564	51588	51637	51674	51711	51748	51785	51822	51859	51896	51933	51966	51999	52032	52065	52098	52131	52164	52197	52259	52318	52377	52436	52495	52517	52534	52551	52568	52585	52602	52619	52636	52653	52670	52687	52704	52721	52738	52755	52772	52789	52859	52918	52977	53036	53095	53137	53174	53211	53248	53285	53322	53359	53396	53459	53518	53577	53636	53695	53733	53766	53799	53832	53865	53898	53931	53964	53997	54027	54054	54081	54108	54135	54162	54189	54216	54243	54270	54297	54374	54448	54522	54596	54627	54654	54681	54708	54735	54762	54789	54816	54843	54870	54897	55049	55198	55237	55274	55311	55348	55385	55422	55459	55496	55574	55648	55722	55796	55827	55854	55881	55908	55935	55962	55989	56016	56043	56070	56097	56399	56499	56598	56697	56733	56766	56799	56832	56865	56898	56931	56964	56997	57049	57098	57147	57196	57245	57294	57359	57418	57477	57536	57595
ORIGIN
26	16	6	27	19	1	27	23	8	1	23	10	2	14	14	14	23	14	3	23	2	4	26	16	5	26	16	7	27	27	7	14	23	9	1	23	11	14	23	13	2	23	14	3	24	2	14	14	14	6	27	18	7	27	20	8	1	14	10	2	23	12	2	26	27	3	23	14	4	14	15	5	26	16	7	27	19	8	14	3	14	1	23	11	2	2	13	2	23	14	3	24	14	4	1	7	14	1	18	7	27	20	8	1	23	2	1	23	12	2	14	14	14	23	14	4	24	15	4	26	16	6	11	19	7	27	23	14	14	3	10	2	23	12	14	23	14	3	24	14	4	26	16	7	14	1	7	27	20	8	14	23	10	1	23	11	2	23	14	14	27	3	4	24	15	4	26	16	6	27	26	7	27	22	8	3	14	17	2	23	12	2	27	14	3	23	14	4	25	16	5	1	25	14	27	20	8	27	14	9	1	23	11	2	23	13	2	27	14	14	14	14	4	26	16	5	27	18	14	27	20	8	1	14	17	2	23	12	2	23	14	3	23	14	14	24	15	5	26	25	14	4	19	8	27	23	14	1	23	11	2	23	12	2	23	14	14	27	14	4	26	16	5	14	17	7	27	20	8	1	23	14	2	27	11	2	23	13	3	23	14	4	27	11	4	26	16	6	3	26	15	27	23	8	1	3	10	2	23	12	2	23	14	14	27	14	4	26	16	5	1	16	7	27	9	8	27	23	9	1	14	20	2	23	13	2	27	14	3	24	14	4	26	16	6	3	26	14	27	20	8	1	23	10	2	23	12	17	23	14	3	23	14	14	24	15	5	26	25	7	27	26	8	27	23	9	1	16	20	2	23	13	2	23	14	14	24	14	4	26	16	5	27	26	14	2	20	8	1	23	10	1	23	12	2	17	14	3	23	14	14	27	15	4	26	16	6	27	11	7	2	23	8	1	23	20	2	23	12	2	23	14	3	24	14	4	14	16	5	26	16	1	26	14	27	1	23	10	1	23	11	2	14	13	2	23	14	14	27	11	4	26	16	6	27	19	7	27	22	14	1	23	10	2	23	27	2	23	14	3	23	14	4	25	11	5	26	16	7	1	26	14	27	23	9	1	23	11	2	23	13	2	23	14	27	20	14	4	26	16	5	27	18	7	27	20	8	3	23	10	22	23	2	14	23	14	3	23	14	4	24	15	5	14	16	6	27	26	14	14	23	9	1	23	11	2	23	12	2	23	14	3	24	15	14	27	16	5	26	17	7	27	20	3	1	23	10	1	20	2	14	23	13	3	23	14	4	24	15	4	25	16	6	27	14	2	14	23	8	1	23	10	2	23	12	27	23	14	3	23	14	27	11	16	5	26	16	7	27	20	8	27	23	9	1	20	2	14	23	13	2	23	14	3	24	14	4	26	14	6	27	14	2	14	11	8	1	23	10	2	23	12	2	14	14	3	23	14	27	24	15	5	26	16	7	27	19	8	14	23	9	1	23	2	14	14	13	2	23	14	3	24	14	4	1	7	5	27	18	7	2	26	14	1	23	10	1	23	12	2	23	14	14	23	14	4	27	11	2	26	16	6	27	19	7	27	14	8	1	23	10	2	22	14	2	23	14	3	23	14	4	26	16	7	26	16	7	27	26	14	14	23	9	1	23	11	2	23	13	14	23	14	4	27	11	14	1	16	6	27	18	7	27	21	8	3	23	10	2	23	23	2	23	14	3	23	14	4	25	16	5	26	16	7	27	26	14	3	14	9	1	23	11	27	23	13	2	23	14	3	24	14	14	1	7	5	27	18	7	27	20	8	1	14	10	1	23	12	2	7	14
DESTINATION
3	14	17	2	22	23	2	26	14	14	27	14	14	4	25	16	1	25	14	4	27	14	3	14	14	3	16	20	2	23	13	2	27	14	14	27	15	5	1	7	14	1	26	14	2	27	20	8	1	17	2	27	20	2	14	14	14	16	14	14	27	11	27	23	23	14	3	26	14	2	14	14	3	14	20	2	22	14	4	26	16	14	27	15	14	27	7	14	1	26	14	1	26	14	23	13	2	23	27	20	2	14	14	14	27	24	14	27	11	14	20	8	1	3	26	14	2	14	14	3	14	17	12	22	23	2	27	15	5	26	14	14	27	11	8	1	25	14	1	26	14	3	14	13	2	23	20	2	14	14	4	27	14	14	27	20	14	1	8	1	23	23	14	2	14	14	3	14	17	2	14	23	2	2	14	26	16	6	14	27	11	14	23	25	14	4	26	14	14	14	14	23	14	3	2	14	14	2	16	14	14	27	15	14	1	7	14	23	10	1	4	26	14	3	14	14	2	27	4	2	14	14	14	16	6	27	27	11	14	1	25	14	3	26	2	2	14	14	3	14	3	23	22	14	2	27	5	14	27	15	14	27	11	14	1	9	1	23	26	14	3	14	14	2	9	20	2	14	14	14	27	5	27	18	20	14	1	7	14	3	26	14	23	12	14	3	14	17	23	14	11	2	26	14	14	26	14	14	27	11	14	1	25	1	23	26	14	3	14	14	23	16	20	2	17	14	3	27	14	14	16	7	27	1	7	14	23	26	14	2	26	14	3	14	17	23	14	4	2	14	14	14	27	14	14	27	11	6	1	25	14	3	10	2	2	14	14	3	14	20	2	14	14	2	27	14	14	16	7	27	27	7	14	1	26	1	1	26	14	3	14	14	2	14	3	24	14	14	14	27	14	14	27	11	27	6	25	14	3	10	2	23	14	14	3	14	17	2	12	23	24	27	14	14	27	7	27	27	11	14	1	25	14	1	26	14	1	14	14	3	16	24	14	4	23	14	27	14	14	27	20	14	20	7	14	3	26	1	23	12	14	3	14	17	2	22	23	2	2	15	14	27	14	27	7	23	14	1	25	14	4	26	14	14	12	14	3	14	20	24	14	4	2	27	14	14	27	15	14	27	7	14	1	26	23	11	2	14	3	14	14	2	27	20	2	14	14	26	27	14	19	7	27	4	1	25	14	3	26	14	2	14	14	2	14	17	2	14	4	25	27	14	14	27	15	14	27	11	27	1	26	14	1	11	2	23	14	14	3	9	20	2	14	26	14	27	14	14	7	27	20	1	7	14	3	26	14	2	14	14	14	14	17	2	4	24	15	26	14	14	27	14	14	27	11	23	1	25	14	4	2	23	12	14	14	3	16	20	2	14	14	3	27	14	14	7	27	20	1	7	14	1	26	14	2	26	14	3	3	17	2	4	24	15	12	14	14	27	14	14	27	11	14	8	25	14	3	2	23	2	14	14	3	14	20	2	22	14	16	27	14	14	27	27	20	8	7	14	1	26	14	1	26	14	23	13	14	2	27	20	24	14	4	14	27	14	14	27	11	14	1	25	1	3	26	14	23	12	24	3	14	17	2	22	23	2	15	14	14	27	14	27	19	8	14	1	25	14	5	26	14	3	14	13	3	16	20	2	14	3	4	27	14	14	27	20	14	1	7	1	3	26	14	23	12	2	23	14	17	2	27	23	2	7	14	26	27	14	14	27	7	27	1	25	14	4	2	14	14	14	14	3	14	20	2	14	4	26	16	14	14	27	15	23	27	7	14	1	26	14	1	26	2	23	13	14	2	27	20	2	14	14	14	16	14	14	27	11	27	21	8
DUE_DATE
0	31147	30476	30525	30094	31343	30672	30247	30776	30345	30394	30923	30972	30527	31036	30585	30614	30103	31872	31181	31210	30759	30788	30300	30882	31404	32166	30468	31050	31092	30587	31156	31665	31214	32443	31752	31781	31330	31359	31388	31907	32656	31965	31514	31543	31572	31061	31630	31659	31148	32919	32220	32241	31782	31263	31824	31845	33066	31347	33108	32409	31950	33171	33192	33247	32096	32625	32674	32243	33492	31785	32832	32379	31866	33633	32940	32487	32514	33021	33768	33075	33822	33126	32670	32694	33918	32742	33246	32790	34014	33318	33342	32886	32395	34172	33489	34246	33083	34320	33637	33194	33257	32776	33375	33434	34693	34717	34016	34035	33574	34793	34092	34831	33110	33129	34888	34187	33726	33745	33764	33243	34337	35116	34455	34514	34093	33585	34632	35379	35406	35433	34740	34287	34314	35541	34368	34395	34911	35664	34977	34530	34023	35796	35109	35862	35895	35194	35210	34746	34222	35978	34794	34810	34826	36042	35338	34874	34890	35386	36122	36138	35434	36170	35466	35511	35064	34557	34590	35163	35196	36429	36462	35775	35340	35382	35904	36666	36708	36030	36072	35631	35124	36897	35190	36243	35796	37029	36342	35895	35925	37152	36459	37206	37233	36540	36087	35574	35601	37368	36195	36715	36272	37509	36826	36863	36420	37657	36974	37731	37044	36597	37110	36663	36696	36189	36222	36795	36821	38044	38067	37370	37393	36936	38159	38182	37485	36488	38251	37554	37097	37121	38344	37167	37670	38413	37716	37739	37282	36765	38528	38551	37854	38597	37905	37452	37479	38706	37533	37560	38067	38814	38121	37668	37155	38917	38936	38235	38974	38273	38292	37831	37850	37329	39088	37367	37926	37945	39164	38463	38047	38096	39345	38674	38723	39492	38837	38896	38475	37994	38593	38107	38696	39945	39994	40043	39372	38925	38952	39459	40206	39513	40260	39567	39594	39141	40368	38655	39701	38704	40467	39770	39313	39336	40559	40582	39405	40628	39931	39474	38957	40717	39536	40035	39574	40073	40812	40111	40130	39669	39148	40907	40926	40225	40964	40263	39840	41082	39924	39966	40008	40050	41292	40607	40636	40185	40694	41443	40752	39761	39790	41559	40868	40447	40496	40005	41074	40643	41892	40731	41964	41277	41310	42063	41376	40929	40422	42195	41515	42272	41589	41146	42383	41220	41257	42494	41820	41382	42624	41946	42708	41550	41052	42840	42162	42204	42966	41808	41850	41892	41947	43196	42525	42094	43343	42672	42711	42264	41757	43530	42843	42876	41889	42462	41955	43721	43744	42567	42590	43813	43116	43859	43162	43185	42728	43951	43254	43277	43327	44096	42945	44194	43043	42552	44397	43776	44595	43920	43962	43524	43566	44808	44130	43692	43797	43896	43995	45221	43504	44547	45290	44593	45336	45359	44662	44685	44228	43711	45474	44777	44335	44372	43869	45646	44483	44520	45757	45074	45847	45176	45945	45274	45323	44892	44457	46296	45195	45737	45316	45855	46634	45493	45557	46816	46875	46934	46993	46377	46476	46095	45591	47364	46197	46710	46263	47496	46809	46362	46395	47635	46952	47709	47026	47063	46620	46117	47894	47215	46772	46809	46306	47363	46920	48157	47474	48257	47596	48375	47234	47293	47347	46856	48645	47974	47543	47052	48115	48152	48909	47746	48983	48300	49057	49094	48399	48420	47961	47982	49203	48504	47505	48066	48567	48588	49329	48150	47631	49392	49497	49596	48975	49015	48572	48609	49846	49163	48720	48757	49274	50035	48872	48369	50146	49463	50220	50257	49574	49627	49196	50445	49774	49343	49392	48882	50646	49470	49494	48978	50742	50766	50070	50814	50118	50142	50166	49725	50952	49779	50286	49293	50340	51087	49914	49941	51168	51195	51235	50552	50589	50626	50183	49680	51457	50294	50811	50364	51597	50910	50463	50496	51729	51762	51795	51115	51152	50709	50206	51983	51300	50857	51374	50925	51432	50979	50466	52233	52260	51567	52314	50601	51648	51195	51247	52496	51825	51394	51443	50952	52002	52746	51570	51054	52098	52842	52866	52890	52914	52218	51762	52986	52315	52352	51909	52426	53183	52020	52057	53294	52605	53352	52659	52686	52233	52260	53487	52794	52341	52368	51855	53622	52446	51930	53694	52998	53742	53046	53790	53094	52638	53862	53166	53215	52772	52809	52846	53363	54120	52957	52454	54231	53544	54297	53610	54363	53676	53229	54462	53775	53357	52876	53955	53534	53593	54815	53632	54849	54146	54883	54180	54917	54214	53751	53228	54985	54282	54299	53836	55053	53870	53887	55157	54496	55275	54614	55393	54235	53732	55509	54826	54863	54420	53917	54974	54557	55816	54675	55934	55273	54831	56064	55377	56130	54963	54456	56229	55542	55575	55125	55152	54639	56406	55233	56460	55767	55794	56541	56568	55875	55472	55546	56820	56174	56205	55752	55239	55806	57033	55860	55347	57114	56421	57168	57195	57347	56296	56335	57572	57609	56926	57683	57720	57037	56594	56132	57946	58020	57374	58125	57432	58179	57486	57513	57060	58287	58314	58341	57648	58395	57977	57597	57696	58995	58311	59064	58377	59130	59163	58476	58029	57522	59295	58627	59396	58725	59494	59543	58872	58457	58516	59775	59834	59173
TRANSPORT_MODE
0	2	1	1	1	2	0	0	1	1	1	1	2	0	0	0	1	1	1	1	2	0	0	0	1	1	1	1	2	0	0	0	0	1	1	1	1	2	0	0	0	1	1	1	2	0	0	0	0	1	1	1	1	1	0	0	0	3	1	1	1	2	0	0	0	1	1	1	1	3	0	0	0	1	1	1	1	2	0	0	0	1	1	1	1	3	0	0	0	1	1	1	1	2	0	0	0	0	1	1	1	1	0	0	0	3	1	1	1	1	0	0	0	0	2	1	1	1	1	0	0	0	3	1	1	1	2	0	0	0	1	1	1	1	3	0	0	0	1	1	1	1	2	0	0	0	1	1	1	1	3	0	0	0	1	1	1	1	0	0	0	0	2	1	1	1	1	0	0	0	3	1	1	1	1	0	0	0	2	1	1	1	3	0	0	0	1	1	1	1	2	0	0	0	1	1	1	1	3	0	0	0	1	1	1	1	2	0	0	0	0	1	1	1	1	0	0	0	3	1	1	1	1	0	0	0	0	2	1	1	1	1	0	0	3	1	1	1	2	0	0	0	1	1	1	1	3	0	0	0	1	1	1	1	2	0	0	0	1	1	1	0	1	3	0	0	0	1	1	1	2	0	0	0	1	1	1	1	1	0	0	0	0	3	1	1	1	2	0	0	0	1	1	1	1	3	0	0	1	1	1	1	2	0	0	0	1	1	1	1	3	0	0	0	0	1	1	1	1	2	0	0	0	1	1	1	3	0	0	0	1	1	1	1	2	0	0	0	0	1	1	1	1	0	0	0	0	3	1	1	1	1	0	0	2	1	1	1	3	0	0	0	1	1	1	1	2	0	0	0	0	1	1	1	1	3	0	0	0	1	1	1	1	0	0	0	2	1	1	1	1	0	0	0	0	3	1	1	1	0	0	0	2	1	1	1	1	0	0	0	3	1	1	1	1	0	0	0	2	1	1	1	1	0	0	0	3	1	1	1	1	0	0	0	0	1	1	1	1	0	0	0	3	1	1	1	1	0	0	0	0	2	1	1	1	0	0	0	1	3	1	1	1	0	0	0	2	1	1	1	1	0	0	0	3	1	1	1	1	0	0	0	2	1	1	1	1	0	0	0	1	1	1	1	0	0	0	0	2	1	1	1	1	0	0	0	1	3	1	1	0	0	0	0	1	2	1	1	1	0	0	0	1	3	1	1	1	0	0	0	2	1	1	1	1	0	0	0	3	1	1	1	1	0	0	0	1	1	1	1	0	0	0	3	1	1	1	1	0	0	0	0	1	2	1	1	0	0	0	1	3	1	1	1	0	0	0	1	2	1	1	1	0	0	0	3	1	1	1	1	0	0	0	2	1	1	1	1	0	0	0	1	1	1	1	0	0	0	0	2	1	1	1	1	0	0	0	1	3	1	1	0	0	0	0	1	2	1	1	1	0	0	1	3	1	1	1	0	0	0	2	1	1	1	1	0	0	0	3	1	1	1	1	0	0	0	2	1	1	1	0	1	0	0	0	3	1	1	1	1	0	0	0	2	1	1	1	0	0	0	0	1	3	1	1	1	0	0	0	2	1	1	1	1	0	0	3	1	1	1	1	0	0	0	2	1	1	1	1	0	0	0	0	3	1	1	1	1	0	0	0	2	1	1	1	1	0	0	0	3	1	1	1	0	0	0	0	2	1	1	1	1	0	0	0	3	1	1	1	1	0	0	3	1	1	1	3	0	0	0	1	1	1	1	3	0	0	0	0	1	1	1	1	3	0	0	0	1	1	1	1	1	0	0	0	3	1	1	1	0	0	0	0	3	1	1	1	1	0	0	0
PATIENT_WEIGHT
107	60	104	122	48	89	68	78	106	132	63	61	126	66	133	144	31	144	78	45	34	89	137	102	71	124	97	142	47	131	131	45	90	38	85	51	67	98	73	138	63	52	56	41	30	111	103	130	124	44	54	55	64	52	42	125	50	47	66	50	56	140	117	67	90	143	40	111	30	149	41	38	121	53	37	94	110	79	133	87	112	87	142	73	149	94	72	96	96	93	149	30	142	43	93	124	89	85	60	60	107	89	133	30	48	44	34	125	67	99	100	42	36	42	76	75	35	49	100	129	133	144	41	68	92	84	98	38	86	65	33	145	138	131	132	37	83	35	34	113	96	75	67	68	115	149	101	135	47	56	95	45	50	91	81	36	110	103	47	96	88	87	34	66	73	41	148	99	72	106	122	76	110	73	87	74	88	103	144	64	116	96	113	46	100	75	62	67	105	41	87	83	130	68	142	55	40	147	129	107	108	58	74	145	74	105	34	32	96	31	54	44	58	79	121	76	130	54	101	137	54	63	56	75	80	139	77	123	116	59	141	55	114	56	39	125	133	48	42	85	112	61	46	134	59	65	105	44	78	130	47	50	52	97	48	140	45	125	97	131	52	127	138	126	137	35	115	147	85	32	104	77	90	114	106	49	77	76	125	60	76	142	78	83	104	96	51	117	127	137	112	121	127	78	78	89	58	119	97	110	75	72	58	80	69	90	45	122	142	44	68	129	140	49	53	84	54	76	108	150	89	73	58	61	118	40	32	83	77	103	145	38	132	143	84	113	35	41	107	33	112	32	32	105	73	31	140	34	140	41	137	84	78	124	117	34	84	132	106	136	68	106	130	125	115	124	52	39	107	122	73	109	146	115	114	132	119	141	67	98	66	140	63	73	131	95	122	131	87	80	99	89	144	80	116	43	133	130	129	41	75	101	62	94	56	75	36	139	54	120	118	44	121	142	34	137	70	58	150	99	89	150	38	49	122	50	68	96	97	56	95	121	58	68	124	133	31	147	146	131	69	87	54	125	44	123	72	74	57	89	64	49	60	108	62	97	79	106	105	64	74	70	40	91	101	144	53	51	39	60	35	119	47	79	101	51	38	131	31	94	135	90	105	52	78	128	147	55	108	140	118	37	116	113	111	34	101	65	118	109	79	50	149	97	31	140	44	105	76	35	144	148	71	121	119	67	122	120	58	47	111	77	40	83	61	88	79	37	107	59	72	104	95	83	90	124	98	39	81	63	128	111	106	114	97	77	102	102	60	133	35	95	137	91	81	86	80	110	99	37	116	139	120	139	124	117	74	90	44	97	89	71	143	142	102	52	35	37	133	99	91	44	129	82	56	99	127	147	100	134	38	36	47	69	48	137	64	68	119	127	127	135	95	74	109	60	75	119	140	93	41	100	141	55	109	59	71	63	99	119	109	147	129	120	112	55	141	42	62	74	81	142	66	45	41	69	113	63	107	138	59	76	131	135	65	127	136	140	105	30	82	65	61	134	121	45	58	49	109	45	132	71	48	51	70	104	123	40	85	89	86	77	73	143	115	90	103	83	111	148	84	78	48	111	139	122	77	133	91	112	124	97	78	31	80	127	34	106	150	128	147	137	92	103	126	108	74	56	50	58	123	103	118	76	56	104	85	140	97	134	147	121	60	93	78	44	72	51	84	149	84	88	145	42	39	34	111	86	72	54	115	35	117	32	150	150	117	84	136	71	150	68	34	81	109	42	118	122	36	131	141	135	43	86	128	136	70	106	95	37	113	31	111	142	88	41	41	73	61	82	127	58	79	46	64	105	71	140	48	48	56	100	50	64	116	72	39	63	90	42	32
DISTANCE_MATRIX
0	360	318	300	288	276	264	264	150	150	150	60	90	90	162	168	204	228	234	312	360	408	348	318	168	192	168	318
360	60	264	318	324	342	342	342	348	348	354	360	372	378	378	420	420	480	462	498	462	462	384	420	372	420	378	378
318	264	60	270	276	288	288	288	294	294	294	318	318	324	324	414	414	468	462	486	462	462	330	366	366	408	372	324
300	318	270	60	276	288	288	288	288	288	288	300	300	312	318	408	408	468	462	486	438	438	318	360	360	402	360	312
288	324	276	276	60	276	276	276	276	276	276	288	288	300	300	402	396	462	456	480	432	432	300	360	360	402	348	300
276	342	288	288	276	60	180	180	252	258	264	264	264	288	288	390	390	456	450	480	432	432	288	348	348	348	288	288
264	342	288	288	276	180	60	180	246	258	264	264	264	288	288	390	390	456	450	480	432	432	288	348	348	348	288	288
264	342	288	288	276	180	180	60	240	258	264	264	264	288	288	390	390	456	450	480	432	432	288	348	348	348	288	288
150	348	294	288	276	252	246	240	60	120	120	150	126	270	270	378	384	420	438	480	420	408	276	300	300	300	276	270
150	348	294	288	276	258	258	258	120	60	120	150	150	270	270	378	384	420	438	480	420	408	276	300	300	300	276	270
150	354	294	288	276	264	264	264	120	120	60	150	150	270	270	378	384	420	438	480	420	408	276	300	300	300	276	270
60	360	318	300	288	264	264	264	150	150	150	60	90	162	168	228	234	312	360	408	348	318	168	192	192	198	168	162
90	372	318	300	288	264	264	264	150	150	150	90	60	162	168	228	234	312	360	408	348	318	168	192	192	198	168	162
90	378	324	312	300	288	288	288	270	270	270	162	162	60	120	180	180	306	210	360	300	300	120	180	120	180	120	234
162	378	324	318	300	288	288	288	270	270	270	168	168	120	60	180	180	306	210	360	300	300	120	180	120	180	120	120
168	420	414	408	402	348	348	348	300	300	300	228	228	180	180	60	132	204	132	348	258	258	186	60	180	132	222	180
204	420	414	408	396	390	390	390	384	384	384	234	234	180	180	132	60	204	132	348	258	258	186	60	180	132	222	180
228	480	468	468	462	456	456	456	420	420	420	312	312	306	306	204	204	60	198	120	240	240	306	204	306	138	306	306
234	462	462	462	456	450	450	450	438	438	438	360	360	210	210	132	132	198	60	138	132	132	210	132	210	132	210	210
312	498	486	486	480	480	480	480	480	480	480	408	408	360	360	348	348	120	138	60	348	348	360	348	360	348	360	360
360	462	462	438	432	432	432	432	420	420	420	348	348	300	300	258	258	240	132	348	60	60	300	258	300	258	300	300
408	462	462	438	432	432	432	432	408	408	408	318	318	300	300	258	258	240	132	348	60	60	300	258	300	258	300	300
348	384	330	318	300	288	288	288	276	276	276	168	168	120	120	186	186	306	210	360	300	300	60	186	120	186	120	120
318	420	366	360	360	348	348	348	300	300	300	192	192	180	180	60	60	204	132	348	258	258	186	60	180	60	180	180
168	372	300	306	300	288	288	288	270	270	270	168	168	120	120	180	180	306	210	360	300	300	120	180	60	180	120	120
192	420	408	402	402	348	348	348	300	300	300	198	198	180	180	132	132	138	132	348	258	258	186	60	180	60	180	180
168	378	372	360	348	288	288	288	276	276	276	168	168	120	120	222	222	306	210	360	300	300	120	180	120	180	60	120
318	378	324	312	300	288	288	288	270	270	270	162	162	234	120	180	180	306	210	360	300	300	120	180	120	180	120	60
DEPOTS_DISTANCE
234	462	462	462	456	450	450	450	438	438	438	360	360	210	210	132	132	198	60	138	132	132	210	132	210	132	210	210	
348	384	330	318	300	288	288	288	276	276	276	168	168	120	120	186	186	306	210	360	300	300	60	186	120	186	120	120	
318	420	366	360	360	348	348	348	300	300	300	192	192	180	180	60	60	204	132	348	258	258	186	60	180	60	180	180	
LOCATION_TURN_MATRIX
100	130	122	113	112	199	136	122	129	152	173	146	151	136	158	140	176	113	122	167	194	134	110	172	114	184	100	147	
170	100	154	188	164	169	136	136	152	170	104	183	155	115	101	104	155	187	174	115	149	134	178	168	114	135	168	102	
178	146	100	161	178	114	104	165	117	139	126	169	192	109	120	179	160	152	154	134	113	140	154	179	196	196	192	181	
187	112	139	100	158	114	195	181	104	132	195	106	183	169	132	170	140	136	172	148	116	110	123	136	151	120	176	169	
188	136	122	142	100	175	164	159	112	100	167	164	135	191	132	181	104	123	142	156	108	117	193	182	116	147	156	185	
101	131	186	186	125	100	190	147	164	150	137	102	145	176	185	131	113	108	117	186	118	151	140	178	154	189	172	110	
164	164	196	105	136	110	100	186	153	151	183	193	111	157	144	123	188	142	110	163	105	190	166	187	170	171	186	126	
178	164	135	119	141	153	114	100	106	130	108	103	151	178	122	151	130	133	184	177	110	141	166	110	122	174	191	197	
171	148	183	196	188	136	147	194	100	167	100	146	168	129	128	142	172	118	174	147	105	158	156	160	120	106	119	136	
148	130	161	168	200	150	149	170	133	100	177	106	175	116	188	180	176	194	108	146	130	187	183	173	128	141	169	176	
127	196	174	105	133	163	117	192	200	123	100	171	175	140	183	115	104	186	128	153	151	175	100	146	191	117	132	197	
154	117	131	194	136	198	107	197	154	194	129	100	136	184	140	147	172	184	148	131	103	156	185	200	152	158	154	143	
149	145	108	117	165	155	189	149	132	125	125	164	100	140	199	142	101	144	163	185	117	191	200	143	113	165	102	154	
164	185	191	131	109	124	143	122	171	184	160	116	160	100	109	116	196	113	131	186	166	139	183	175	144	161	105	170	
142	199	180	168	168	115	156	178	172	112	117	160	101	191	100	147	177	177	199	158	172	188	164	175	180	168	154	195	
160	196	121	130	119	169	177	149	158	120	185	153	158	184	153	100	152	159	197	157	181	159	102	123	168	200	124	186	
124	145	140	160	196	187	112	170	128	124	196	128	199	104	123	148	100	149	114	112	117	135	105	132	138	180	198	156	
187	113	148	164	177	192	158	167	182	106	114	116	156	187	123	141	151	100	166	132	168	163	159	123	129	173	161	116	
178	126	146	128	158	183	190	116	126	192	172	152	137	169	101	103	186	134	100	184	199	137	130	160	148	113	140	150	
133	185	166	152	144	114	137	123	153	154	147	169	115	114	142	143	188	168	116	100	111	195	128	157	191	164	141	171	
106	151	187	184	192	182	195	190	195	170	149	197	183	134	128	119	183	132	101	189	100	129	151	163	147	166	104	177	
166	166	160	190	183	149	110	159	142	113	125	144	109	161	112	141	165	137	163	105	171	100	101	185	169	129	103	197	
190	122	146	177	107	160	134	134	144	117	200	115	100	117	136	198	195	141	170	172	149	199	100	106	150	116	118	145	
128	132	121	164	118	122	113	190	140	127	154	100	157	125	125	177	168	177	140	143	137	115	194	100	128	167	115	155	
186	186	104	149	184	146	130	178	180	172	109	148	187	156	120	132	162	171	152	109	153	131	150	172	100	155	124	184	
116	165	104	180	153	111	129	126	194	159	183	142	135	139	132	100	120	127	187	136	134	171	184	133	145	100	129	192	
200	132	108	124	144	128	114	109	181	131	168	146	198	195	146	176	102	139	160	159	196	197	182	185	176	171	100	146	
153	198	119	131	115	190	174	103	164	124	103	157	146	130	105	114	144	184	150	129	123	103	155	145	116	108	154	100	
DEPOTS_TO_LOCAL_TURN_MATRIX
178	126	146	128	158	183	190	116	126	192	172	152	137	169	101	103	186	134	100	184	199	137	130	160	148	113	140	150	
190	122	146	177	107	160	134	134	144	117	200	115	100	117	136	198	195	141	170	172	149	199	100	106	150	116	118	145	
128	132	121	164	118	122	113	190	140	127	154	100	157	125	125	177	168	177	140	143	137	115	194	100	128	167	115	155	
LOCAL_TO_DEPOT_TURN_MATRIX
122	174	154	172	142	117	110	184	174	108	128	148	163	131	199	197	114	166	100	116	101	163	170	140	152	187	160	150	
110	178	154	123	193	140	166	166	156	183	100	185	200	183	164	102	105	159	130	128	151	101	100	194	150	184	182	155	
172	168	179	136	182	178	187	110	160	173	146	200	143	175	175	123	132	123	160	157	163	185	106	100	172	133	185	145	

