INDEX_PROBLEM
1
PATIENTS
800
STRETCHERS
16
NUM_ROOM
28
NUM_DEPOT
3
NUM_PRIORITY
4
PRIORITY_LIST
0	1	2	3	4
PRIORITY_WEIGHT
0	1	10	18	30
PRIORITY_JOB
0	2	2	3	4	1	4	3	3	2	3	4	1	4	3	4	2	3	4	1	2	3	3	4	3	3	4	1	2	3	4	4	3	4	2	3	3	4	3	3	4	4	1	2	3	4	3	4	4	2	2	3	4	3	3	4	3	1	1	2	3	4	1	2	1	4	4	1	2	3	4	4	3	1	4	1	2	3	2	1	1	3	1	2	3	4	3	4	3	1	4	2	3	3	2	1	2	3	4	1	2	3	4	4	3	1	4	2	2	3	1	2	1	4	4	1	2	3	4	3	4	4	1	1	2	3	2	2	1	2	4	1	2	3	3	4	3	3	4	1	1	2	3	1	1	2	4	4	2	3	3	4	3	3	1	1	2	3	4	1	2	1	4	2	2	3	4	4	3	4	2	1	1	2	3	4	1	2	2	1	2	3	4	3	4	4	4	1	1	2	3	1	2	1	3	3	1	2	3	4	4	3	1	4	2	3	3	1	2	1	3	4	1	2	3	4	4	3	4	1	2	2	4	3	1	2	2	3	4	1	2	3	4	4	3	4	1	1	2	3	1	2	1	4	1	2	3	3	4	3	3	1	1	2	3	4	2	1	1	4	2	3	3	4	4	3	3	1	1	2	3	4	2	1	2	4	2	2	3	4	4	3	4	1	1	1	2	3	4	2	1	2	1	2	3	4	3	4	4	1	1	2	3	4	2	1	2	3	4	1	2	3	4	4	3	1	2	3	3	4	1	1	2	3	1	2	3	4	4	4	3	1	2	2	3	4	1	1	2	3	1	2	3	4	1	4	3	4	2	1	3	4	2	1	2	1	1	2	3	4	1	4	4	3	2	1	3	4	4	2	2	2	3	3	4	1	3	3	4	1	1	2	3	4	4	2	1	1	2	2	3	1	4	3	4	3	2	1	3	4	1	2	2	1	2	3	3	4	1	4	4	4	1	2	3	4	1	2	1	2	2	3	4	4	1	3	4	1	2	3	3	1	2	1	2	3	2	3	4	4	2	4	3	4	1	2	3	4	1	1	2	1	2	3	4	2	3	2	3	4	1	3	4	4	2	1	2	1	1	2	3	4	1	4	4	3	1	2	3	4	1	2	2	2	3	3	4	1	4	3	4	1	1	2	3	4	4	2	1	1	2	2	3	4	1	3	3	4	1	2	3	4	2	2	2	1	2	3	4	1	3	4	4	1	2	3	4	1	2	1	2	3	2	3	4	4	4	4	3	1	1	2	3	3	2	1	2	4	4	1	2	3	1	3	3	4	2	2	3	4	1	1	2	4	1	2	3	4	2	3	4	4	1	2	3	4	2	1	2	1	2	3	4	4	3	4	4	1	1	2	3	1	2	2	1	4	1	2	3	3	3	3	4	1	4	1	2	3	2	1	1	4	4	2	2	3	3	4	3	2	1	3	1	2	4	1	2	1	4	2	2	3	4	4	3	1	4	1	2	3	2	2	1	4	1	2	3	4	3	4	1	4	1	2	3	2	1	1	3	3	4	1	2	3	3	4	1	4	4	2	2	2	2	1	3	3	4	1	2	3	4	4	3	4	2	2	3	1	2	1	4	1	2	3	4	4	4	3	1	1	2	3	2	2	1	2	4	4	1	2	3	3	4	3	1	3	1	2	3	1	1	2	4	4	2	2	3	3	4	3	1	4	1	2	3	1	2	1	4	2	2	3	4	3	4	1	4	1	2	3	1	2	2	1	1	4	1	2	2	1	1	1	3	4	1	2	2	1	2	1	3	3	4	1	1	1	2	1	2	3	4	4	2	1	2	1	1	2	3	3	4	1	2	1	2	3	4	1	2	1	2
TIME_ASKED
0	28849	28898	28947	28996	29045	29094	29149	29198	29247	29296	29345	29394	29429	29458	29487	29516	29545	29574	29603	29632	29661	29690	29742	29784	29826	29868	29910	29952	29994	30029	30058	30087	30116	30145	30174	30203	30232	30261	30290	30329	30358	30387	30416	30445	30474	30503	30532	30561	30590	30621	30642	30663	30684	30705	30726	30747	30768	30789	30810	30831	30852	30873	30894	30949	30998	31047	31096	31145	31194	31227	31254	31281	31308	31335	31362	31389	31416	31443	31470	31497	31524	31548	31572	31596	31620	31644	31668	31692	31716	31740	31764	31788	31837	31874	31911	31948	31985	32022	32059	32096	32159	32218	32277	32336	32395	32419	32438	32457	32476	32495	32514	32533	32552	32571	32590	32609	32628	32647	32666	32685	32759	32818	32877	32936	32995	33027	33054	33081	33108	33135	33162	33189	33216	33243	33270	33297	33333	33366	33399	33432	33465	33498	33531	33564	33597	33616	33632	33648	33664	33680	33696	33712	33728	33744	33760	33776	33792	33808	33824	33840	33856	33872	33888	33933	33966	33999	34032	34065	34098	34131	34164	34197	34242	34284	34326	34368	34410	34452	34494	34533	34566	34599	34632	34665	34698	34731	34764	34797	34827	34854	34881	34908	34935	34962	34989	35016	35043	35070	35097	35137	35174	35211	35248	35285	35322	35359	35396	35433	35466	35499	35532	35565	35598	35631	35664	35697	35723	35746	35769	35792	35815	35838	35861	35884	35907	35930	35953	35976	35999	36023	36046	36069	36092	36115	36138	36161	36184	36207	36230	36253	36276	36299	36327	36354	36381	36408	36435	36462	36489	36516	36543	36570	36597	36619	36638	36657	36676	36695	36714	36733	36752	36771	36790	36809	36828	36847	36866	36885	36949	36998	37047	37096	37145	37194	37259	37318	37377	37436	37495	37549	37598	37647	37696	37745	37794	37827	37854	37881	37908	37935	37962	37989	38016	38043	38070	38097	38123	38146	38169	38192	38215	38238	38261	38284	38307	38330	38353	38376	38399	38419	38438	38457	38476	38495	38514	38533	38552	38571	38590	38609	38628	38647	38666	38685	38742	38784	38826	38868	38910	38952	38994	39029	39058	39087	39116	39145	39174	39203	39232	39261	39290	39349	39398	39447	39496	39545	39594	39633	39666	39699	39732	39765	39798	39831	39864	39897	39937	39974	40011	40048	40085	40122	40159	40196	40242	40284	40326	40368	40410	40452	40494	40542	40584	40626	40668	40710	40752	40794	40849	40898	40947	40996	41045	41094	41133	41166	41199	41232	41265	41298	41331	41364	41397	41423	41446	41469	41492	41515	41538	41561	41584	41607	41630	41653	41676	41699	41749	41798	41847	41896	41945	41994	42099	42198	42297	42342	42384	42426	42468	42510	42552	42594	42699	42798	42897	42923	42946	42969	42992	43015	43038	43061	43084	43107	43130	43153	43176	43199	43237	43274	43311	43348	43385	43422	43459	43496	43549	43598	43647	43696	43745	43794	43899	43998	44097	44159	44218	44277	44336	44395	44459	44518	44577	44636	44695	44799	44898	44997	45033	45066	45099	45132	45165	45198	45231	45264	45297	45337	45374	45411	45448	45485	45522	45559	45596	45637	45674	45711	45748	45785	45822	45859	45896	45959	46018	46077	46136	46195	46249	46298	46347	46396	46445	46494	46537	46574	46611	46648	46685	46722	46759	46796	46821	46842	46863	46884	46905	46926	46947	46968	46989	47010	47031	47052	47073	47094	47199	47298	47397	47437	47474	47511	47548	47585	47622	47659	47696	47737	47774	47811	47848	47885	47922	47959	47996	48049	48098	48147	48196	48245	48294	48324	48348	48372	48396	48420	48444	48468	48492	48516	48540	48564	48588	48627	48654	48681	48708	48735	48762	48789	48816	48843	48870	48897	48937	48974	49011	49048	49085	49122	49159	49196	49233	49266	49299	49332	49365	49398	49431	49464	49497	49537	49574	49611	49648	49685	49722	49759	49796	49827	49854	49881	49908	49935	49962	49989	50016	50043	50070	50097	50149	50198	50247	50296	50345	50394	50424	50448	50472	50496	50520	50544	50568	50592	50616	50640	50664	50688	50737	50774	50811	50848	50885	50922	50959	50996	51027	51054	51081	51108	51135	51162	51189	51216	51243	51270	51297	51324	51348	51372	51396	51420	51444	51468	51492	51516	51540	51564	51588	51637	51674	51711	51748	51785	51822	51859	51896	51933	51966	51999	52032	52065	52098	52131	52164	52197	52259	52318	52377	52436	52495	52517	52534	52551	52568	52585	52602	52619	52636	52653	52670	52687	52704	52721	52738	52755	52772	52789	52859	52918	52977	53036	53095	53137	53174	53211	53248	53285	53322	53359	53396	53459	53518	53577	53636	53695	53733	53766	53799	53832	53865	53898	53931	53964	53997	54027	54054	54081	54108	54135	54162	54189	54216	54243	54270	54297	54374	54448	54522	54596	54627	54654	54681	54708	54735	54762	54789	54816	54843	54870	54897	55049	55198	55237	55274	55311	55348	55385	55422	55459	55496	55574	55648	55722	55796	55827	55854	55881	55908	55935	55962	55989	56016	56043	56070	56097	56399	56499	56598	56697	56733	56766	56799	56832	56865	56898	56931	56964	56997	57049	57098	57147	57196	57245	57294	57359	57418	57477	57536	57595
ORIGIN
26	16	6	27	19	14	27	23	25	25	23	10	2	22	14	14	3	14	3	23	14	4	26	16	14	14	16	7	27	27	7	9	13	9	1	23	14	14	23	13	14	2	14	3	24	14	14	11	14	6	27	18	7	27	20	8	14	14	10	2	23	14	2	26	14	27	23	14	4	25	25	12	26	26	7	27	14	14	14	3	14	1	23	11	2	2	23	7	2	2	23	24	5	5	5	1	7	5	18	7	2	20	20	1	2	20	17	23	20	2	2	14	14	27	14	4	24	15	4	27	16	14	3	14	3	14	14	11	3	14	10	2	23	4	14	14	16	14	27	14	4	27	27	27	13	27	9	27	20	14	14	23	13	14	27	27	27	24	14	14	24	18	14	24	15	4	26	16	8	14	18	26	14	14	14	18	18	14	3	23	12	2	15	14	3	25	2	14	27	14	8	5	14	1	1	20	8	2	14	23	5	5	14	2	14	5	4	1	7	25	1	14	4	23	2	5	23	23	4	4	14	14	3	14	14	14	20	25	2	23	14	3	23	14	4	27	27	11	14	25	25	14	14	8	27	23	14	23	14	14	14	14	14	4	27	27	14	14	23	7	26	16	5	14	16	14	23	26	14	14	24	14	27	27	14	4	23	13	3	23	27	4	18	14	14	1	25	14	3	26	14	23	23	8	1	1	10	2	14	1	2	27	27	1	3	1	20	27	16	5	1	9	7	2	14	20	3	14	14	14	14	5	1	14	13	2	27	14	5	9	23	14	1	7	7	14	23	14	27	12	8	1	23	10	26	14	12	14	26	14	14	23	14	14	2	2	5	26	25	2	14	4	2	3	14	14	14	23	14	27	16	4	2	23	14	4	20	20	7	4	14	14	23	23	26	17	27	11	1	23	10	1	17	12	17	11	14	14	14	14	14	4	11	2	26	26	11	3	3	14	27	2	3	3	14	14	27	14	27	26	23	14	3	16	14	4	14	14	14	26	26	14	7	7	20	23	23	10	1	3	14	2	14	14	14	27	14	14	9	11	9	12	16	6	27	19	7	27	22	12	12	12	12	14	8	2	14	3	14	3	23	14	14	14	3	3	25	1	14	16	26	14	16	13	9	26	14	11	26	13	1	1	27	14	14	14	2	14	8	1	5	27	18	7	2	20	2	14	14	2	2	22	23	23	11	2	3	23	14	25	24	12	26	27	25	25	14	26	26	26	26	2	1	23	11	7	14	4	7	14	14	14	26	15	14	7	23	23	26	17	7	27	14	27	2	14	2	2	27	20	14	27	2	20	23	14	4	14	15	4	27	3	14	3	3	14	2	11	3	1	23	10	2	14	27	2	14	14	14	27	15	26	14	13	27	26	16	7	27	27	2	14	1	3	9	9	20	2	2	14	14	23	14	3	24	14	4	2	8	14	3	26	14	8	14	14	2	26	10	2	23	12	2	14	14	14	27	14	14	2	23	24	2	14	7	27	19	2	14	3	3	3	23	20	23	14	26	23	23	14	3	24	14	27	14	14	1	26	18	2	2	14	24	14	3	10	1	23	12	2	23	25	14	27	14	27	11	14	8	8	16	6	27	19	7	27	22	14	20	20	10	2	14	16	26	27	14	3	23	14	4	20	4	4	26	14	7	1	26	4	8	14	9	1	23	11	13	23	4	8	14	14	4	11	11	1	14	10	6	27	18	14	27	21	14	14	23	10	22	23	2	19	2	14	3	23	14	23	19	16	25	25	16	7	27	14	14	14	14	9	1	23	11	14	23	13	14	14	14	3	24	7	1	14	14	5	27	18	7	27	20	8	12	17	10	1	23	2	7	8	8
DESTINATION
3	14	17	2	22	3	2	26	14	14	27	14	14	19	16	25	26	25	14	4	9	14	3	14	9	9	16	20	2	23	13	14	7	14	14	27	5	5	1	7	5	27	26	14	2	20	8	12	8	17	2	27	20	2	14	14	8	16	14	14	27	25	27	23	25	18	3	26	14	14	14	11	3	3	20	2	16	4	4	26	16	14	27	15	14	27	27	13	27	27	27	1	14	14	14	23	13	14	27	20	24	14	14	14	24	14	6	27	7	27	27	8	20	18	26	14	2	14	14	18	14	3	23	3	23	25	25	12	26	5	14	14	27	14	8	5	14	1	23	1	14	2	23	23	7	2	14	2	14	5	4	1	7	25	18	18	18	2	20	1	2	27	4	2	14	14	3	14	14	20	27	14	4	15	4	27	27	16	14	27	11	14	14	25	14	14	27	2	23	4	14	14	16	14	14	14	14	27	4	27	14	14	9	27	20	14	14	23	13	14	23	26	14	27	24	14	27	27	14	14	15	4	26	16	16	8	14	14	14	1	25	14	3	26	14	23	23	12	15	14	14	3	25	14	2	27	1	1	3	1	20	1	8	14	23	2	5	5	1	20	3	14	14	2	14	5	1	14	4	4	2	5	23	23	4	14	1	7	14	3	23	14	27	1	2	23	14	3	23	14	4	27	26	14	14	23	14	14	2	23	27	23	23	14	14	14	14	2	14	14	23	14	20	27	16	7	26	16	16	5	16	14	23	4	7	14	23	26	14	17	27	4	23	13	13	3	27	4	18	11	14	14	27	14	14	4	11	2	23	8	1	1	10	2	14	27	14	3	14	27	10	14	27	26	16	5	9	1	9	2	14	14	14	1	26	14	7	7	20	14	2	2	27	27	14	9	23	12	14	27	14	14	9	11	9	12	8	1	10	10	26	14	12	14	3	3	12	14	14	8	2	14	26	26	25	25	2	4	2	3	1	25	14	16	26	14	16	4	2	14	14	4	20	20	7	1	27	14	14	14	2	14	8	1	1	23	10	1	17	12	17	11	14	17	2	22	23	2	2	11	11	11	11	3	14	27	2	26	25	14	4	26	3	26	26	26	14	23	3	16	14	4	14	7	14	14	26	15	14	7	23	23	23	10	1	3	14	2	14	14	14	2	27	20	14	14	27	2	16	27	27	19	7	7	12	22	14	3	26	14	2	11	3	2	14	14	3	14	14	3	3	14	14	27	15	13	26	14	13	26	9	26	14	11	26	13	1	27	3	9	20	2	2	2	14	5	27	27	18	7	20	2	14	14	3	26	14	8	14	14	2	26	3	23	23	4	24	12	26	14	27	14	14	2	23	24	2	1	1	23	11	14	4	7	23	3	16	20	2	23	14	26	23	26	17	17	7	27	27	2	20	1	26	14	2	26	14	24	14	2	23	14	4	14	15	4	27	3	14	14	27	11	14	8	8	1	23	2	2	14	27	2	14	20	20	2	22	14	16	26	26	26	27	7	27	2	14	1	27	26	14	1	26	2	4	8	23	14	27	24	24	4	2	8	14	14	14	27	11	14	1	14	10	23	2	23	12	2	14	14	14	17	2	22	23	2	19	2	14	7	14	27	2	14	3	23	25	14	5	26	14	14	14	14	14	3	20	24	14	14	14	3	14	14	27	20	7	1	14	14	10	10	14	12	12	23	25	14	17	2	27	16	2	7	8	16	27	14	19	7	27	22	14	25	14	4	2	27	22	14	14	14	14	20	2	4	20	4	4	14	14	27	15	9	27	7	9	1	26	14	1	13	23	4	8	14	2	27	20	2	14	14	11	6	14	14	27	27	21	14	14
DUE_DATE
0	30427	30476	30045	29554	31343	29652	30247	30296	30825	30394	29903	31692	29987	30556	30045	31094	30643	30132	31901	31210	30759	30788	30300	30882	30924	30426	32208	31530	31092	30587	30616	31185	30674	31723	31272	31301	30790	31359	31388	30887	30916	32685	31994	31543	31032	31601	31090	31119	32168	32199	31740	31221	31782	31803	31284	31845	33066	33087	32388	31929	31410	33171	32472	33247	31556	31605	33394	32723	32292	31785	31812	32379	33606	31893	33660	32967	32514	33021	33768	33795	32622	33846	33150	32694	32178	32742	32226	32790	34014	32298	33342	32886	32935	33452	34209	33526	33083	32580	34357	33674	33257	32776	32835	33434	34693	32977	34016	34035	33574	34793	34092	34831	33110	33129	34888	34187	33726	33205	33764	33243	33317	35116	35175	34514	34093	34605	34632	35379	34686	33693	35460	34767	34314	34341	33828	34395	34431	33924	35697	35730	35043	34596	35829	35862	35175	34174	34190	35226	34762	34778	34254	34810	34826	36042	36058	35354	34890	34366	36122	35418	36154	34430	35466	35511	35064	34557	34590	35163	34656	35709	36462	36495	35820	35382	34884	36666	35988	36030	36792	36111	35664	35157	35730	35223	35256	35289	37062	37095	36405	35952	37179	36486	37233	36060	36087	37314	36621	36168	35655	35695	36272	37509	35806	36863	36420	36457	37694	37011	37764	36597	36090	37863	37176	36729	36222	36255	36821	36304	38067	37370	37393	36396	36959	38182	37485	37508	37051	36534	38297	37601	37144	36627	36650	37213	36696	38459	38482	37785	37328	38551	37854	38597	36885	38652	37959	37506	37533	37020	37587	37614	38841	38868	38175	37717	37196	38235	38974	38993	37272	38311	37850	37869	37348	37367	37926	37945	39164	39183	38527	38096	37605	38674	39443	38772	37817	38896	38955	38534	38053	38107	38696	38205	39994	40043	40092	39405	38952	38439	39486	40233	39540	40287	39594	39141	38628	39195	38681	38704	40467	40490	39793	39336	38819	39862	40605	39908	39451	38934	40697	39997	39536	39015	39034	39593	40812	40111	39650	39669	39148	40907	40926	40225	39764	40983	40320	39882	39384	39426	39468	40050	41292	40607	40636	40185	39674	41443	41472	40781	40330	41559	40868	40447	39956	41745	40054	40643	40152	41211	41964	40797	40290	41343	42096	41409	42162	42195	41515	41072	40569	42346	40643	40680	41257	41774	42540	41382	40884	40926	41988	42030	42072	41640	41682	41184	42966	41808	41850	41352	43147	43196	42525	42094	41603	41652	42711	43464	43497	42810	42843	42396	43629	41922	42495	41981	42544	43047	43790	42613	42096	43859	43162	43185	43928	43231	42774	42797	42307	44096	42405	42454	42503	44292	43677	43296	42855	44640	43962	44724	44046	44088	43650	43152	43257	45096	43995	43481	45244	44547	44090	44113	45336	44639	45382	44685	44228	44731	44274	43757	43795	44852	43869	44446	43943	45720	45037	44594	44107	45896	45945	45274	46043	45372	44997	44556	45675	45257	45796	45375	44894	46693	45557	45076	45135	46214	46993	46377	47196	47295	46611	46164	45657	47430	45723	45756	46329	47562	46875	46435	45932	47709	47026	47063	47100	46657	46694	46195	47972	46269	46846	46343	48120	48157	47474	47057	46576	46635	47714	48493	48547	47876	47925	47494	47003	48792	47635	47672	47169	48946	48263	47820	47317	48374	48399	48420	49161	48462	48003	47484	49245	48066	47547	47568	49329	48630	48171	47652	49497	48876	49695	49015	48572	49089	48646	48143	48180	48217	48254	48835	50072	50109	49426	48983	49020	49537	50294	49627	48656	48705	50494	49823	49392	50622	49446	49470	48954	49998	50022	49566	49050	50814	50838	50142	49146	50925	50232	49779	49266	50313	49860	49347	49374	51141	50448	49995	49495	50552	51309	50626	51383	50700	50257	49754	49791	50364	49857	49890	51663	51696	51009	50562	51795	51115	51152	51909	50206	51983	51300	50857	50894	50925	50952	50439	52206	50493	52260	51567	51114	51621	52368	52395	50707	50756	51825	51874	51443	51492	50982	51546	52050	52794	51618	52842	52146	51150	52914	52218	52962	51246	52315	52352	51909	51406	51443	52020	53257	51554	53325	52632	52179	52686	52713	53460	51747	53514	52821	52368	51855	52422	51906	53670	51954	53718	53022	52566	53070	53814	53838	52662	52686	52195	53972	53289	52846	52883	52380	54157	52454	52491	53544	53577	53610	53643	54396	53229	53262	52755	54557	53896	53475	52994	53053	53615	53092	54129	54146	53683	54900	54197	54934	53211	54968	54265	53802	53279	53296	53313	53870	55087	55157	54496	54075	54614	54673	55435	54752	53769	53806	55583	54900	54457	54494	54017	54616	55875	54734	55993	55311	54864	56097	56130	55443	54456	54489	55542	55575	55125	55152	54639	55206	56433	54720	56487	55794	55341	56568	55875	56672	55006	56100	56174	55725	55212	55779	55266	57033	55320	57087	56394	55941	57168	56475	56627	57496	57535	55832	57609	56926	56963	57720	57757	57794	56672	56206	58020	57374	57405	58152	57459	58206	57033	57060	56547	58314	58341	58368	57675	58697	58077	57696	57255	57291	58344	59097	58410	59163	59196	58509	58062	58095	57607	59396	58725	59494	58823	58392	57917	59716	59055	59834	59173
TRANSPORT_MODE
0	2	1	1	1	2	0	0	0	1	1	1	1	0	0	0	2	1	1	1	1	0	0	0	2	1	1	1	2	0	0	0	1	1	1	1	1	0	0	0	0	2	1	1	1	2	0	0	1	1	1	1	1	0	0	0	0	3	1	1	1	1	0	0	0	0	2	1	1	1	0	0	0	3	1	1	1	1	0	0	0	2	1	1	1	1	0	0	0	3	1	1	1	1	0	0	0	0	2	1	1	1	1	0	0	3	1	1	1	1	0	0	0	0	1	2	1	1	1	0	0	0	3	1	1	1	0	0	0	0	1	2	1	1	1	0	0	0	1	3	1	1	1	0	0	0	2	1	1	1	1	0	0	0	3	1	1	1	1	0	0	0	2	1	1	1	1	0	0	0	0	1	3	1	1	1	0	0	0	1	2	1	1	0	0	0	1	3	1	1	1	0	0	0	0	1	2	1	1	1	0	0	3	1	1	1	1	0	0	0	0	1	2	1	1	1	0	0	0	3	1	1	1	1	0	0	0	0	1	2	1	1	1	0	0	0	1	3	1	1	0	0	0	1	2	1	1	1	0	0	0	1	3	1	1	1	0	0	0	2	1	1	1	1	0	0	0	1	3	1	1	1	0	0	0	2	1	1	1	1	0	0	0	0	1	3	1	1	1	0	0	0	1	2	1	1	0	0	0	1	3	1	1	1	0	0	0	0	1	2	1	1	1	0	0	3	1	1	1	1	0	0	0	0	1	2	1	1	1	0	0	3	1	1	1	1	0	0	0	0	1	2	1	1	1	0	0	0	1	3	1	1	0	0	0	0	1	2	1	1	1	0	0	0	1	3	1	1	1	0	0	2	1	1	1	1	0	0	0	0	3	1	1	1	1	0	0	0	2	1	1	1	1	0	0	0	1	3	1	1	1	0	0	0	1	0	2	1	1	0	0	0	3	1	1	1	1	0	0	0	1	2	1	1	1	0	0	3	1	1	1	1	0	0	0	0	2	1	1	1	1	0	0	0	3	1	1	1	1	0	0	0	2	1	1	1	0	1	0	0	3	1	1	1	0	0	0	0	2	1	1	1	1	0	0	0	3	1	1	1	2	0	0	1	1	1	1	1	0	0	0	0	3	1	1	1	2	0	0	0	1	1	1	1	1	0	0	0	3	1	1	1	1	0	0	0	2	1	1	3	0	0	0	1	1	1	1	1	0	0	0	0	2	1	1	1	0	0	0	3	1	1	1	1	0	0	0	0	2	1	1	1	3	0	0	1	1	1	1	1	0	0	0	0	2	1	1	1	1	0	0	0	3	1	1	1	0	0	0	2	1	1	1	1	0	0	0	3	1	1	1	0	0	0	0	2	1	1	1	1	0	0	0	3	1	1	1	1	0	0	0	2	1	1	1	1	0	0	0	0	3	1	1	1	1	0	0	0	1	1	1	1	0	0	0	3	1	1	1	1	0	0	0	2	1	1	1	0	0	0	3	1	1	1	1	0	0	0	0	2	1	1	1	1	0	0	3	1	1	1	1	0	0	0	0	2	1	1	1	1	0	0	0	1	1	1	1	0	0	0	2	1	1	1	1	0	0	0	3	1	1	1	0	0	0	0	2	1	1	1	1	0	0	0	3	1	1	1	1	0	0	0	2	1	1	1	1	0	0	0	3	1	1	1	1	0	0	0	1	1	1	1	0	0	0	3	1	1	1	1	0	0	0	0	3	1	1	1	0	0	0	3	1	1	1	1	0	0	0	3	1	1	1	3	0	0	0	1	1	1	1	1	0	0	0	0	3	1	1	1	1	0	0	1	1	1	1	0	0	0	0
PATIENT_WEIGHT
33	67	80	92	31	102	130	141	134	49	147	88	117	140	39	115	88	38	134	133	40	97	90	64	84	127	33	110	79	139	81	42	91	58	111	54	134	53	146	48	106	69	149	88	117	100	55	126	67	121	45	50	49	146	88	137	90	137	30	95	118	85	101	77	124	147	53	72	116	95	127	57	122	142	90	68	80	118	65	87	45	109	136	63	82	93	146	139	82	47	57	36	54	37	40	48	84	77	70	39	66	142	98	104	50	48	82	42	144	83	33	57	115	52	81	57	101	34	109	85	77	62	128	35	67	75	108	107	44	74	37	140	31	65	111	51	150	97	89	38	106	149	34	83	143	109	119	121	57	44	36	66	46	144	50	122	41	37	45	145	140	74	147	107	82	134	127	126	63	83	142	39	58	66	37	76	105	125	98	115	37	60	109	144	135	94	42	43	53	138	60	141	128	123	73	82	127	59	146	36	93	116	98	116	137	86	105	150	127	116	44	60	122	50	66	30	140	107	64	140	56	40	62	88	33	111	115	102	136	61	70	102	42	129	47	50	119	108	62	130	61	97	148	100	107	105	129	62	72	137	44	148	51	73	68	120	117	79	123	80	130	34	46	34	62	75	95	144	69	80	108	51	97	83	86	107	68	54	94	60	95	109	120	64	47	128	88	100	94	142	97	149	73	90	76	116	126	42	128	87	105	105	77	68	84	124	66	70	80	75	147	39	54	31	138	122	141	140	95	117	126	140	117	39	83	64	148	49	101	63	87	38	135	129	57	97	128	123	39	61	116	86	130	66	136	39	136	109	141	48	60	97	98	127	37	49	122	34	132	60	69	36	59	59	111	83	141	45	82	59	83	145	149	119	86	87	147	102	130	124	81	148	61	42	115	38	69	88	108	41	49	41	53	78	66	146	111	73	86	99	50	46	55	132	83	99	103	85	70	139	41	117	59	100	44	34	31	86	42	113	111	35	139	83	135	90	40	34	61	38	66	125	56	114	42	80	53	90	108	74	35	100	79	103	132	112	143	57	145	107	43	102	115	88	36	115	63	61	43	65	138	144	66	147	43	69	125	49	50	111	144	105	77	95	64	71	76	91	99	56	48	41	121	70	54	60	43	85	149	63	137	97	145	48	94	99	62	82	33	53	54	68	124	59	38	122	89	149	83	68	61	87	146	98	67	118	103	147	79	139	122	133	77	114	128	30	64	42	146	82	65	57	37	79	46	56	52	144	98	92	131	86	103	65	42	116	103	42	120	133	117	77	84	60	45	93	48	113	71	146	114	149	98	73	69	133	62	132	62	131	105	104	58	143	123	98	130	30	144	65	96	38	117	40	38	37	94	59	112	119	74	48	52	100	105	150	134	51	149	147	139	94	65	31	129	115	72	145	50	64	77	105	44	142	48	31	75	135	148	74	75	37	88	57	99	125	50	85	50	142	142	85	80	66	132	30	41	87	45	147	81	140	56	99	132	120	63	75	36	125	98	56	49	62	81	121	122	42	131	62	98	141	100	50	44	90	59	61	149	128	110	125	130	144	75	86	67	88	134	41	130	73	85	53	110	131	54	57	117	82	62	78	95	87	84	127	135	70	77	141	119	68	125	82	87	80	123	72	109	145	48	145	135	40	30	69	32	53	103	76	95	46	112	111	100	95	142	139	59	70	125	58	36	110	115	94	60	104	116	55	150	91	53	76	67	80	99	79	130	105	141	62	64	78	51	119	102	104	81	82	60	148	47	38	145	83	34	30	64	58	38	122	131	72	58	72	104	139	32	48	48	116	40	35	61	73	149	64	103	38	148	46	34	148	127	52	144	82	132	38	42
DISTANCE_MATRIX
0	360	318	300	288	276	264	264	150	150	150	60	90	90	162	168	204	228	234	312	360	408	348	318	168	192	168	318
360	60	264	318	324	342	342	342	348	348	354	360	372	378	378	420	420	480	462	498	462	462	384	420	372	420	378	378
318	264	60	270	276	288	288	288	294	294	294	318	318	324	324	414	414	468	462	486	462	462	330	366	366	408	372	324
300	318	270	60	276	288	288	288	288	288	288	300	300	312	318	408	408	468	462	486	438	438	318	360	360	402	360	312
288	324	276	276	60	276	276	276	276	276	276	288	288	300	300	402	396	462	456	480	432	432	300	360	360	402	348	300
276	342	288	288	276	60	180	180	252	258	264	264	264	288	288	390	390	456	450	480	432	432	288	348	348	348	288	288
264	342	288	288	276	180	60	180	246	258	264	264	264	288	288	390	390	456	450	480	432	432	288	348	348	348	288	288
264	342	288	288	276	180	180	60	240	258	264	264	264	288	288	390	390	456	450	480	432	432	288	348	348	348	288	288
150	348	294	288	276	252	246	240	60	120	120	150	126	270	270	378	384	420	438	480	420	408	276	300	300	300	276	270
150	348	294	288	276	258	258	258	120	60	120	150	150	270	270	378	384	420	438	480	420	408	276	300	300	300	276	270
150	354	294	288	276	264	264	264	120	120	60	150	150	270	270	378	384	420	438	480	420	408	276	300	300	300	276	270
60	360	318	300	288	264	264	264	150	150	150	60	90	162	168	228	234	312	360	408	348	318	168	192	192	198	168	162
90	372	318	300	288	264	264	264	150	150	150	90	60	162	168	228	234	312	360	408	348	318	168	192	192	198	168	162
90	378	324	312	300	288	288	288	270	270	270	162	162	60	120	180	180	306	210	360	300	300	120	180	120	180	120	234
162	378	324	318	300	288	288	288	270	270	270	168	168	120	60	180	180	306	210	360	300	300	120	180	120	180	120	120
168	420	414	408	402	348	348	348	300	300	300	228	228	180	180	60	132	204	132	348	258	258	186	60	180	132	222	180
204	420	414	408	396	390	390	390	384	384	384	234	234	180	180	132	60	204	132	348	258	258	186	60	180	132	222	180
228	480	468	468	462	456	456	456	420	420	420	312	312	306	306	204	204	60	198	120	240	240	306	204	306	138	306	306
234	462	462	462	456	450	450	450	438	438	438	360	360	210	210	132	132	198	60	138	132	132	210	132	210	132	210	210
312	498	486	486	480	480	480	480	480	480	480	408	408	360	360	348	348	120	138	60	348	348	360	348	360	348	360	360
360	462	462	438	432	432	432	432	420	420	420	348	348	300	300	258	258	240	132	348	60	60	300	258	300	258	300	300
408	462	462	438	432	432	432	432	408	408	408	318	318	300	300	258	258	240	132	348	60	60	300	258	300	258	300	300
348	384	330	318	300	288	288	288	276	276	276	168	168	120	120	186	186	306	210	360	300	300	60	186	120	186	120	120
318	420	366	360	360	348	348	348	300	300	300	192	192	180	180	60	60	204	132	348	258	258	186	60	180	60	180	180
168	372	300	306	300	288	288	288	270	270	270	168	168	120	120	180	180	306	210	360	300	300	120	180	60	180	120	120
192	420	408	402	402	348	348	348	300	300	300	198	198	180	180	132	132	138	132	348	258	258	186	60	180	60	180	180
168	378	372	360	348	288	288	288	276	276	276	168	168	120	120	222	222	306	210	360	300	300	120	180	120	180	60	120
318	378	324	312	300	288	288	288	270	270	270	162	162	234	120	180	180	306	210	360	300	300	120	180	120	180	120	60
DEPOTS_DISTANCE
234	462	462	462	456	450	450	450	438	438	438	360	360	210	210	132	132	198	60	138	132	132	210	132	210	132	210	210	
348	384	330	318	300	288	288	288	276	276	276	168	168	120	120	186	186	306	210	360	300	300	60	186	120	186	120	120	
318	420	366	360	360	348	348	348	300	300	300	192	192	180	180	60	60	204	132	348	258	258	186	60	180	60	180	180	
LOCATION_TURN_MATRIX
100	130	122	113	112	199	136	122	129	152	173	146	151	136	158	140	176	113	122	167	194	134	110	172	114	184	100	147	
170	100	154	188	164	169	136	136	152	170	104	183	155	115	101	104	155	187	174	115	149	134	178	168	114	135	168	102	
178	146	100	161	178	114	104	165	117	139	126	169	192	109	120	179	160	152	154	134	113	140	154	179	196	196	192	181	
187	112	139	100	158	114	195	181	104	132	195	106	183	169	132	170	140	136	172	148	116	110	123	136	151	120	176	169	
188	136	122	142	100	175	164	159	112	100	167	164	135	191	132	181	104	123	142	156	108	117	193	182	116	147	156	185	
101	131	186	186	125	100	190	147	164	150	137	102	145	176	185	131	113	108	117	186	118	151	140	178	154	189	172	110	
164	164	196	105	136	110	100	186	153	151	183	193	111	157	144	123	188	142	110	163	105	190	166	187	170	171	186	126	
178	164	135	119	141	153	114	100	106	130	108	103	151	178	122	151	130	133	184	177	110	141	166	110	122	174	191	197	
171	148	183	196	188	136	147	194	100	167	100	146	168	129	128	142	172	118	174	147	105	158	156	160	120	106	119	136	
148	130	161	168	200	150	149	170	133	100	177	106	175	116	188	180	176	194	108	146	130	187	183	173	128	141	169	176	
127	196	174	105	133	163	117	192	200	123	100	171	175	140	183	115	104	186	128	153	151	175	100	146	191	117	132	197	
154	117	131	194	136	198	107	197	154	194	129	100	136	184	140	147	172	184	148	131	103	156	185	200	152	158	154	143	
149	145	108	117	165	155	189	149	132	125	125	164	100	140	199	142	101	144	163	185	117	191	200	143	113	165	102	154	
164	185	191	131	109	124	143	122	171	184	160	116	160	100	109	116	196	113	131	186	166	139	183	175	144	161	105	170	
142	199	180	168	168	115	156	178	172	112	117	160	101	191	100	147	177	177	199	158	172	188	164	175	180	168	154	195	
160	196	121	130	119	169	177	149	158	120	185	153	158	184	153	100	152	159	197	157	181	159	102	123	168	200	124	186	
124	145	140	160	196	187	112	170	128	124	196	128	199	104	123	148	100	149	114	112	117	135	105	132	138	180	198	156	
187	113	148	164	177	192	158	167	182	106	114	116	156	187	123	141	151	100	166	132	168	163	159	123	129	173	161	116	
178	126	146	128	158	183	190	116	126	192	172	152	137	169	101	103	186	134	100	184	199	137	130	160	148	113	140	150	
133	185	166	152	144	114	137	123	153	154	147	169	115	114	142	143	188	168	116	100	111	195	128	157	191	164	141	171	
106	151	187	184	192	182	195	190	195	170	149	197	183	134	128	119	183	132	101	189	100	129	151	163	147	166	104	177	
166	166	160	190	183	149	110	159	142	113	125	144	109	161	112	141	165	137	163	105	171	100	101	185	169	129	103	197	
190	122	146	177	107	160	134	134	144	117	200	115	100	117	136	198	195	141	170	172	149	199	100	106	150	116	118	145	
128	132	121	164	118	122	113	190	140	127	154	100	157	125	125	177	168	177	140	143	137	115	194	100	128	167	115	155	
186	186	104	149	184	146	130	178	180	172	109	148	187	156	120	132	162	171	152	109	153	131	150	172	100	155	124	184	
116	165	104	180	153	111	129	126	194	159	183	142	135	139	132	100	120	127	187	136	134	171	184	133	145	100	129	192	
200	132	108	124	144	128	114	109	181	131	168	146	198	195	146	176	102	139	160	159	196	197	182	185	176	171	100	146	
153	198	119	131	115	190	174	103	164	124	103	157	146	130	105	114	144	184	150	129	123	103	155	145	116	108	154	100	
DEPOTS_TO_LOCAL_TURN_MATRIX
178	126	146	128	158	183	190	116	126	192	172	152	137	169	101	103	186	134	100	184	199	137	130	160	148	113	140	150	
190	122	146	177	107	160	134	134	144	117	200	115	100	117	136	198	195	141	170	172	149	199	100	106	150	116	118	145	
128	132	121	164	118	122	113	190	140	127	154	100	157	125	125	177	168	177	140	143	137	115	194	100	128	167	115	155	
LOCAL_TO_DEPOT_TURN_MATRIX
122	174	154	172	142	117	110	184	174	108	128	148	163	131	199	197	114	166	100	116	101	163	170	140	152	187	160	150	
110	178	154	123	193	140	166	166	156	183	100	185	200	183	164	102	105	159	130	128	151	101	100	194	150	184	182	155	
172	168	179	136	182	178	187	110	160	173	146	200	143	175	175	123	132	123	160	157	163	185	106	100	172	133	185	145	

