INDEX_PROBLEM
1
PATIENTS
800
STRETCHERS
16
NUM_ROOM
28
NUM_DEPOT
3
NUM_PRIORITY
4
PRIORITY_LIST
0	1	2	3	4
PRIORITY_WEIGHT
0	1	10	18	30
PRIORITY_JOB
0	1	2	2	3	2	3	2	1	2	3	3	1	3	3	3	2	2	3	4	1	3	3	4	2	3	3	1	2	3	4	2	3	4	1	2	2	3	3	2	3	3	4	1	2	3	3	4	3	3	1	2	2	3	3	4	2	1	3	4	1	1	1	1	2	3	3	1	2	4	3	2	1	2	3	4	1	2	1	2	2	3	3	1	2	3	3	2	1	3	4	1	2	1	1	2	1	2	3	4	1	3	4	3	2	1	3	3	1	2	2	1	3	2	2	3	4	4	2	4	1	1	2	3	3	1	1	2	1	2	2	3	4	3	2	3	1	1	2	3	3	1	2	1	1	2	3	4	1	3	2	3	4	2	2	3	1	1	2	1	2	3	3	4	1	3	3	4	2	2	1	2	3	2	1	1	1	2	3	3	1	2	4	3	2	2	1	3	4	1	2	1	1	2	3	3	1	2	3	3	2	1	3	4	1	1	2	1	2	2	3	4	1	2	3	3	2	2	1	3	3	1	1	2	1	2	2	3	4	4	3	4	2	1	2	1	3	3	2	1	1	1	2	2	3	4	3	2	3	1	2	1	3	3	2	1	1	1	2	3	4	1	3	4	2	2	2	1	3	1	2	1	2	1	2	3	3	4	1	3	3	4	2	2	1	3	2	1	1	2	1	2	3	3	1	3	3	2	2	1	3	4	1	1	4	1	2	3	3	1	3	2	3	2	3	1	4	1	2	1	2	1	2	2	3	1	2	3	2	3	3	3	1	4	1	2	1	2	4	2	2	3	1	3	3	4	2	3	3	1	1	1	1	1	2	2	3	4	1	3	3	2	2	3	1	3	2	2	1	1	2	3	4	1	2	3	3	4	2	3	1	2	1	2	1	2	3	3	4	1	2	2	3	3	3	2	3	1	3	1	2	1	1	2	4	1	2	4	1	3	2	3	1	3	1	2	1	4	2	3	3	2	2	3	2	3	3	4	1	1	2	1	2	1	3	3	1	2	3	3	2	3	1	3	4	1	1	2	2	1	2	2	3	1	2	3	4	3	3	3	3	1	1	2	1	2	2	3	4	1	2	4	3	1	3	1	3	2	2	1	1	2	3	4	1	2	3	2	3	3	3	1	1	2	3	1	2	1	2	4	4	1	2	2	3	3	4	3	1	1	2	1	2	1	2	3	3	1	2	2	3	3	3	1	4	1	2	1	1	4	3	3	2	2	3	3	2	3	4	1	1	2	3	1	2	1	3	1	2	3	4	3	2	3	2	1	1	2	2	3	1	1	2	4	1	2	3	3	4	3	3	1	1	2	2	3	1	2	3	1	2	3	3	4	3	1	1	1	2	2	3	1	1	2	4	1	2	3	3	2	3	3	1	1	2	3	4	1	1	2	4	1	2	2	3	2	3	3	3	1	1	2	3	1	2	2	3	1	2	2	3	4	3	3	1	4	1	2	3	1	2	1	3	1	2	2	3	2	3	3	1	4	1	2	3	1	2	1	3	1	2	3	4	2	3	4	1	1	2	2	3	1	2	1	2	4	1	2	3	3	3	4	1	1	2	2	3	2	1	1	3	1	2	3	3	3	2	1	3	1	2	2	2	1	1	3	4	1	2	3	3	3	2	1	3	1	2	3	2	1	2	3	4	1	2	2	3	3	4	3	1	4	1	2	1	2	2	1	3	1	2	2	3	3	4	1	3	1	2	1	1	2	3	1	3	3	1	2	1	1	2	1	2	3	4	1	1	2	2	1	2	3	3	1	1	1	2	1	2	3	4	2	1	1	2	1	2	3	4	1	1	2	1	1	1	2	3	3	2	1	2
TIME_ASKED
0	28849	28898	28947	28996	29045	29094	29149	29198	29247	29296	29345	29394	29429	29458	29487	29516	29545	29574	29603	29632	29661	29690	29742	29784	29826	29868	29910	29952	29994	30029	30058	30087	30116	30145	30174	30203	30232	30261	30290	30329	30358	30387	30416	30445	30474	30503	30532	30561	30590	30621	30642	30663	30684	30705	30726	30747	30768	30789	30810	30831	30852	30873	30894	30949	30998	31047	31096	31145	31194	31227	31254	31281	31308	31335	31362	31389	31416	31443	31470	31497	31524	31548	31572	31596	31620	31644	31668	31692	31716	31740	31764	31788	31837	31874	31911	31948	31985	32022	32059	32096	32159	32218	32277	32336	32395	32419	32438	32457	32476	32495	32514	32533	32552	32571	32590	32609	32628	32647	32666	32685	32759	32818	32877	32936	32995	33027	33054	33081	33108	33135	33162	33189	33216	33243	33270	33297	33333	33366	33399	33432	33465	33498	33531	33564	33597	33616	33632	33648	33664	33680	33696	33712	33728	33744	33760	33776	33792	33808	33824	33840	33856	33872	33888	33933	33966	33999	34032	34065	34098	34131	34164	34197	34242	34284	34326	34368	34410	34452	34494	34533	34566	34599	34632	34665	34698	34731	34764	34797	34827	34854	34881	34908	34935	34962	34989	35016	35043	35070	35097	35137	35174	35211	35248	35285	35322	35359	35396	35433	35466	35499	35532	35565	35598	35631	35664	35697	35723	35746	35769	35792	35815	35838	35861	35884	35907	35930	35953	35976	35999	36023	36046	36069	36092	36115	36138	36161	36184	36207	36230	36253	36276	36299	36327	36354	36381	36408	36435	36462	36489	36516	36543	36570	36597	36619	36638	36657	36676	36695	36714	36733	36752	36771	36790	36809	36828	36847	36866	36885	36949	36998	37047	37096	37145	37194	37259	37318	37377	37436	37495	37549	37598	37647	37696	37745	37794	37827	37854	37881	37908	37935	37962	37989	38016	38043	38070	38097	38123	38146	38169	38192	38215	38238	38261	38284	38307	38330	38353	38376	38399	38419	38438	38457	38476	38495	38514	38533	38552	38571	38590	38609	38628	38647	38666	38685	38742	38784	38826	38868	38910	38952	38994	39029	39058	39087	39116	39145	39174	39203	39232	39261	39290	39349	39398	39447	39496	39545	39594	39633	39666	39699	39732	39765	39798	39831	39864	39897	39937	39974	40011	40048	40085	40122	40159	40196	40242	40284	40326	40368	40410	40452	40494	40542	40584	40626	40668	40710	40752	40794	40849	40898	40947	40996	41045	41094	41133	41166	41199	41232	41265	41298	41331	41364	41397	41423	41446	41469	41492	41515	41538	41561	41584	41607	41630	41653	41676	41699	41749	41798	41847	41896	41945	41994	42099	42198	42297	42342	42384	42426	42468	42510	42552	42594	42699	42798	42897	42923	42946	42969	42992	43015	43038	43061	43084	43107	43130	43153	43176	43199	43237	43274	43311	43348	43385	43422	43459	43496	43549	43598	43647	43696	43745	43794	43899	43998	44097	44159	44218	44277	44336	44395	44459	44518	44577	44636	44695	44799	44898	44997	45033	45066	45099	45132	45165	45198	45231	45264	45297	45337	45374	45411	45448	45485	45522	45559	45596	45637	45674	45711	45748	45785	45822	45859	45896	45959	46018	46077	46136	46195	46249	46298	46347	46396	46445	46494	46537	46574	46611	46648	46685	46722	46759	46796	46821	46842	46863	46884	46905	46926	46947	46968	46989	47010	47031	47052	47073	47094	47199	47298	47397	47437	47474	47511	47548	47585	47622	47659	47696	47737	47774	47811	47848	47885	47922	47959	47996	48049	48098	48147	48196	48245	48294	48324	48348	48372	48396	48420	48444	48468	48492	48516	48540	48564	48588	48627	48654	48681	48708	48735	48762	48789	48816	48843	48870	48897	48937	48974	49011	49048	49085	49122	49159	49196	49233	49266	49299	49332	49365	49398	49431	49464	49497	49537	49574	49611	49648	49685	49722	49759	49796	49827	49854	49881	49908	49935	49962	49989	50016	50043	50070	50097	50149	50198	50247	50296	50345	50394	50424	50448	50472	50496	50520	50544	50568	50592	50616	50640	50664	50688	50737	50774	50811	50848	50885	50922	50959	50996	51027	51054	51081	51108	51135	51162	51189	51216	51243	51270	51297	51324	51348	51372	51396	51420	51444	51468	51492	51516	51540	51564	51588	51637	51674	51711	51748	51785	51822	51859	51896	51933	51966	51999	52032	52065	52098	52131	52164	52197	52259	52318	52377	52436	52495	52517	52534	52551	52568	52585	52602	52619	52636	52653	52670	52687	52704	52721	52738	52755	52772	52789	52859	52918	52977	53036	53095	53137	53174	53211	53248	53285	53322	53359	53396	53459	53518	53577	53636	53695	53733	53766	53799	53832	53865	53898	53931	53964	53997	54027	54054	54081	54108	54135	54162	54189	54216	54243	54270	54297	54374	54448	54522	54596	54627	54654	54681	54708	54735	54762	54789	54816	54843	54870	54897	55049	55198	55237	55274	55311	55348	55385	55422	55459	55496	55574	55648	55722	55796	55827	55854	55881	55908	55935	55962	55989	56016	56043	56070	56097	56399	56499	56598	56697	56733	56766	56799	56832	56865	56898	56931	56964	56997	57049	57098	57147	57196	57245	57294	57359	57418	57477	57536	57595
ORIGIN
26	16	6	27	19	25	27	23	25	1	23	10	2	14	14	14	23	14	3	23	14	4	26	16	14	26	16	7	27	27	7	14	23	9	1	23	11	14	23	13	2	23	14	3	24	2	14	14	14	6	27	18	7	27	20	8	18	14	10	2	23	14	2	26	1	3	23	14	4	14	15	5	1	16	7	27	19	14	3	14	14	1	23	11	2	2	13	2	27	14	3	24	14	5	1	7	14	1	18	7	2	20	8	1	23	1	1	23	12	2	14	14	14	23	14	4	24	15	4	26	16	14	11	19	7	2	14	14	3	3	10	2	23	12	14	23	14	16	24	14	4	27	7	14	1	1	7	27	20	8	14	23	10	14	23	11	2	14	14	14	27	3	4	24	15	4	26	16	8	14	26	7	27	14	14	3	14	17	2	23	12	2	27	14	3	26	26	4	25	11	8	1	25	14	27	20	8	27	14	9	1	23	11	2	23	14	4	27	14	27	14	14	4	26	16	5	14	18	23	27	20	8	14	3	14	2	23	12	2	23	14	3	23	14	14	14	15	5	14	23	25	4	19	8	27	23	14	1	23	11	3	3	12	2	2	16	14	27	14	4	26	16	5	14	17	7	27	2	8	14	14	3	14	27	11	2	23	13	3	23	14	4	11	11	11	25	1	25	14	27	15	27	23	8	1	3	10	2	23	14	2	23	5	14	27	14	4	26	16	5	1	16	7	27	26	14	27	23	14	2	9	3	2	23	13	2	27	14	3	24	20	4	1	16	14	3	26	14	14	20	8	1	23	10	2	23	12	2	23	14	14	26	14	23	24	15	5	26	25	7	27	26	8	14	3	9	23	23	16	20	23	13	2	23	14	14	24	14	4	26	7	14	23	26	14	2	20	8	1	23	10	1	14	12	2	14	14	14	27	14	14	27	15	4	26	16	6	27	14	7	14	23	14	14	20	20	2	23	12	2	23	14	3	24	14	4	7	16	14	26	1	1	1	26	27	1	23	10	1	23	14	2	27	14	2	14	27	14	14	3	11	26	16	6	27	19	7	27	22	14	14	14	17	14	2	23	2	23	14	3	23	14	4	27	11	1	26	16	25	1	26	14	27	23	9	1	23	11	2	23	13	27	23	14	27	27	2	14	26	16	5	27	18	7	27	20	8	3	3	17	17	22	23	2	2	14	3	23	14	4	24	15	5	25	16	6	4	26	14	14	23	9	1	23	11	2	23	12	2	27	14	3	27	15	14	27	16	5	26	17	7	27	20	3	3	14	14	1	27	20	2	14	14	3	23	14	4	24	15	4	25	25	3	27	26	14	2	14	8	1	23	10	2	23	12	25	14	14	3	23	15	14	27	11	5	26	16	7	27	20	8	27	14	9	1	20	20	2	14	26	2	23	14	3	24	14	4	26	14	3	3	14	14	2	14	14	1	23	10	2	23	12	2	14	14	3	23	14	14	27	11	14	26	16	7	27	19	8	14	23	14	1	23	2	2	14	14	3	23	14	3	24	14	4	1	7	14	27	18	7	26	26	14	3	3	10	1	23	12	2	23	14	27	23	14	4	11	11	14	8	16	6	27	19	7	27	14	3	3	23	10	2	14	16	27	23	14	3	23	14	4	26	16	1	26	16	7	27	14	23	13	23	9	1	23	11	2	23	13	14	14	14	4	27	14	1	25	27	6	27	18	7	27	21	8	14	23	10	2	23	2	15	15	14	3	23	14	4	25	16	5	1	16	7	27	26	14	3	14	9	1	23	11	27	23	13	2	14	14	3	24	14	1	7	1	5	27	18	7	27	20	8	1	17	10	1	23	12	7	14	14
DESTINATION
3	14	17	2	22	14	2	26	14	14	27	14	14	25	16	5	1	25	14	4	9	14	3	14	9	3	16	20	2	23	13	2	27	14	14	27	15	5	1	7	14	1	26	14	2	27	20	8	1	17	2	27	20	2	14	14	27	16	14	14	27	25	27	23	23	14	3	26	14	2	14	14	23	14	20	2	22	4	26	16	16	14	27	15	14	27	7	14	23	26	14	1	26	14	23	13	2	23	27	20	24	14	14	14	27	14	14	27	11	27	20	8	8	3	26	14	2	14	14	3	14	3	12	22	23	14	15	5	26	26	14	14	27	11	8	1	25	14	1	26	14	2	13	2	23	23	20	2	14	14	4	27	14	4	27	20	14	20	8	1	23	23	14	2	14	14	3	14	14	2	14	23	2	15	4	26	16	6	14	27	11	14	23	25	14	3	3	14	14	12	14	23	14	3	2	14	14	2	16	14	14	1	15	14	1	8	14	23	10	2	4	26	14	3	14	14	10	27	3	2	14	14	4	26	16	27	27	11	14	1	25	14	3	26	2	2	14	14	2	27	14	23	22	14	2	27	5	14	27	15	14	14	11	14	27	14	9	23	26	14	3	14	14	2	9	20	2	27	14	16	16	26	5	18	20	14	1	7	14	3	26	14	12	12	12	14	23	14	3	23	11	2	26	14	14	26	14	14	27	8	14	1	14	1	23	26	14	3	14	14	23	16	20	2	14	4	3	27	5	14	17	23	27	1	7	14	23	26	14	2	11	14	23	14	3	23	14	4	1	14	14	14	27	14	14	27	11	27	1	8	1	3	10	27	2	14	14	3	14	20	2	14	14	4	26	14	1	1	16	7	27	7	14	1	26	1	1	26	14	3	13	2	27	14	3	24	14	14	14	27	14	14	3	11	27	20	25	1	23	10	2	23	14	14	3	14	17	2	26	23	15	27	5	25	7	7	27	27	11	14	1	25	14	1	26	14	13	14	2	14	14	14	24	14	23	14	27	14	14	27	2	14	2	20	14	1	23	10	1	14	12	3	14	17	2	22	23	2	2	15	15	16	6	4	27	7	14	1	25	14	4	26	14	23	12	23	3	14	14	24	14	4	2	27	14	14	27	15	14	27	7	23	1	26	23	23	14	2	3	14	14	2	27	20	2	14	14	26	26	6	6	19	7	27	22	25	14	3	26	14	2	14	14	14	14	17	23	14	4	25	27	14	14	27	15	14	27	11	27	23	26	14	23	11	2	23	14	14	3	9	20	2	14	26	26	16	5	14	18	7	27	20	8	14	3	26	14	2	14	14	14	14	23	2	14	4	24	15	14	14	27	14	14	27	11	14	9	9	14	4	11	2	23	12	14	3	16	20	2	14	14	3	5	14	14	7	7	27	20	3	14	1	26	14	2	26	14	3	3	23	23	4	4	24	15	4	14	27	14	14	27	11	14	8	1	14	3	2	2	23	12	25	3	14	20	2	22	14	16	27	5	14	27	27	27	20	8	27	1	26	14	1	26	14	23	13	2	2	27	20	14	14	4	26	14	14	14	27	11	14	1	25	23	3	26	14	12	12	2	14	14	17	2	22	23	2	15	26	26	27	14	27	8	14	23	1	25	14	5	26	14	3	14	23	3	16	20	2	4	1	7	27	14	14	27	20	14	1	7	1	10	26	14	23	2	23	14	23	17	2	27	23	2	7	14	16	27	14	14	7	27	14	14	25	14	4	2	14	14	14	14	23	14	20	2	14	4	26	16	14	14	27	15	23	27	7	14	9	26	14	1	26	23	13	14	14	2	27	20	2	14	14	14	6	14	14	27	11	21	8	15
DUE_DATE
0	31147	30476	30525	30094	30623	30192	30727	31496	30825	30394	30443	31692	30527	30556	30585	31094	31123	30672	30161	31930	30759	30788	30300	31362	30924	30966	32208	31530	31092	30587	31636	31185	30674	32443	31752	31781	31330	31359	31868	31427	31456	30945	32714	32023	31572	31601	31090	31659	31688	32919	32220	32241	31782	31803	31284	32325	33066	31887	31368	33129	33150	33171	33192	32527	32096	32145	33394	32723	31752	32325	32832	33579	32886	32433	31920	33687	32994	33741	33048	33075	32622	32646	33870	33174	32718	32742	33246	33990	32814	32298	34062	33366	34135	34172	33489	34246	33563	33120	32617	34394	33257	32776	33375	33914	34693	33517	33536	34755	34054	34073	34812	33631	34130	34149	33688	33167	33186	34225	33224	34983	35057	34396	33975	34034	35293	35325	34632	35379	34686	34713	34260	33747	34314	34821	34368	35595	35631	34944	34497	34530	35763	35076	35829	35862	35175	34714	34190	35946	34762	35258	34794	34270	35306	35322	34858	36074	36090	35386	36122	35418	34954	34970	34446	36231	35064	35097	34590	35643	35676	36429	35742	35295	35820	36582	36624	36666	35988	35550	35592	36831	36144	35157	35730	36243	36276	37029	35862	35355	37125	36432	37179	37206	36513	36060	36087	37314	36621	36168	36195	36715	37472	36309	35806	37583	37620	36937	37694	37011	37044	36597	36090	37863	37176	36729	36762	37275	37301	38044	36867	36890	38113	38136	37439	38182	37485	37508	37051	36534	36557	37121	36604	37647	38390	37693	38436	37259	37282	37785	38528	38551	38574	37877	37905	37452	36939	37506	38013	37560	38787	38094	38841	37668	37695	38197	38936	38955	38974	38273	37812	37291	39050	37869	37348	38387	38406	38425	39164	37983	39247	38576	39345	38674	39443	38772	38357	38416	37935	39734	38593	38647	38156	39225	39274	40043	38892	39405	40152	40179	39486	40233	39540	39087	39114	40341	39168	39195	39701	39724	40467	39290	38773	40536	40559	38842	40605	39908	39451	39474	40697	39517	40016	39555	40054	39593	40812	39091	40850	40149	40888	40187	40926	40225	40244	39783	41040	40362	39924	40446	40008	40050	40092	41327	39616	41385	40694	41443	40752	39761	40810	40839	40388	41647	40496	40545	40054	41123	40692	40731	41964	41997	42030	42063	42096	41409	41442	40995	40495	42272	41109	41146	41663	41700	41257	42494	41340	41862	41904	42666	42708	42030	41592	41100	42882	42204	41766	41808	41310	42372	41947	43196	42525	43294	42623	43392	42711	42264	42297	41790	43563	42876	42909	42462	42495	42521	43024	42567	43790	42613	43836	43139	43882	43905	43208	42211	43974	43277	42307	44096	42945	43474	43043	44292	43197	44496	43875	44640	42942	44004	43566	43608	44130	44172	43797	44376	43995	44021	43504	45267	45290	44593	45336	44639	45382	44205	44228	45451	44754	44297	44335	44852	44409	45646	44483	43980	45757	45794	45127	45176	45945	45274	45323	44892	46197	45576	45195	44717	45316	45375	45434	45493	46757	46816	46155	46934	46273	46377	45996	45555	47331	46644	45657	46230	47463	46296	47529	46362	46875	46915	47672	47709	47026	46583	46080	47857	47174	46735	47252	46809	46846	46883	48120	48157	47474	47057	48316	47655	48434	47773	46807	46856	48645	47974	48023	47592	47635	47132	47709	48946	48983	48300	49057	48374	49119	48420	47961	47982	49203	48504	48525	48066	48087	48108	49329	47610	49371	48672	49497	49596	47955	48535	48572	49089	49126	48683	48720	49237	48794	48295	50072	50109	49426	48983	50220	49537	50294	49147	50396	49725	49294	48803	49392	49902	49446	49950	50694	50718	50022	50046	49590	50814	50838	50142	49146	50925	50232	49779	49806	49293	49860	49887	51114	51141	50448	50475	50035	51272	50589	50146	51383	50700	50257	50294	49791	50364	51597	51630	51663	50976	51009	50562	51795	51835	51152	50169	51946	51263	50820	50857	51374	50925	50952	52179	52206	51513	51060	50547	52314	52341	51648	50655	52447	51776	51825	51394	51923	51492	51522	51546	52770	52794	52098	51642	52866	52170	52194	51738	52962	52266	52315	51872	51369	51946	51983	53220	51517	53294	52605	52152	53379	52686	53433	52260	53487	52794	52821	52368	52875	52422	52446	53670	51954	53718	53022	52566	53790	53094	53838	52662	53886	53215	52772	52269	53326	52883	52380	54157	54194	53511	53544	53097	54330	53643	54396	53709	52722	54495	53837	53416	53475	53534	53053	54815	54832	54129	54146	53683	54180	54917	54934	53751	54968	54265	53802	53819	53836	54333	55070	53887	55157	54496	54555	54614	55393	55435	54272	53769	55546	54863	54420	54457	54494	55037	55816	54675	55934	55273	54831	55344	56097	55410	54963	54456	56229	55542	55575	55125	55152	54639	55206	56433	54720	56487	55794	56541	55848	55875	56672	55546	56820	56174	56205	55752	55779	55266	57033	55860	57087	56394	57141	57168	56475	56147	57496	56335	56372	57609	56926	57683	57720	57037	57794	57152	56746	56280	58094	58125	57432	57459	58206	57513	57060	57087	58314	58341	58368	57675	58697	58077	57696	57255	58311	59064	59097	58410	59163	58476	58029	57522	59295	59347	58676	59445	59494	59543	58872	58457	58516	59055	59834	59173
TRANSPORT_MODE
0	2	1	1	1	0	0	0	2	1	1	1	1	0	0	0	2	1	1	1	1	0	0	0	2	1	1	1	1	0	0	0	2	1	1	1	1	0	0	0	0	1	1	1	1	0	0	0	2	1	1	1	1	0	0	0	0	3	1	1	1	0	0	0	1	2	1	1	1	0	0	0	3	1	1	1	1	0	0	0	2	1	1	1	1	0	0	0	3	1	1	1	1	0	0	0	0	1	1	1	1	0	0	0	1	3	1	1	1	0	0	0	0	1	2	1	1	0	0	0	1	3	1	1	1	0	0	0	1	2	1	1	1	0	0	0	1	3	1	1	1	0	0	0	1	2	1	1	1	0	0	0	0	1	1	1	1	0	0	0	1	2	1	1	1	0	0	0	0	1	3	1	1	0	0	0	1	1	2	1	1	0	0	0	1	1	3	1	1	0	0	0	1	2	1	1	1	0	0	0	1	3	1	1	1	0	0	0	1	2	1	1	1	0	0	0	0	1	3	1	1	1	0	0	0	1	1	2	1	0	0	0	0	1	1	3	1	1	0	0	0	1	1	2	1	1	0	0	0	1	1	3	1	1	0	0	0	1	1	2	1	1	0	0	0	1	1	3	1	1	0	0	0	0	1	1	2	1	1	0	0	0	1	1	3	1	0	0	0	0	1	1	1	2	1	0	0	1	1	3	1	1	0	0	0	1	1	2	1	1	0	0	0	1	1	3	1	1	0	0	0	0	1	1	2	1	1	0	0	0	1	1	3	1	1	0	0	0	0	1	1	2	1	0	0	0	1	1	1	3	1	0	0	0	1	1	2	1	1	0	0	0	1	1	3	1	1	0	0	0	1	1	2	1	1	0	0	0	1	1	3	1	1	0	0	0	1	1	2	1	1	0	0	0	0	1	1	3	1	0	0	0	1	1	1	2	1	0	0	0	1	1	3	1	1	0	0	0	1	1	2	1	1	0	0	0	1	1	3	1	1	0	0	0	1	1	2	1	1	0	0	0	0	1	1	3	1	1	0	0	0	1	1	2	1	0	0	0	0	1	1	3	1	1	0	0	1	1	2	1	1	0	0	0	1	3	1	1	1	0	0	0	1	2	1	1	1	0	0	0	1	3	1	1	1	0	0	0	0	1	2	1	1	1	0	0	0	1	1	3	1	0	0	0	0	1	1	2	1	1	0	0	1	3	1	1	1	0	0	0	1	2	1	1	1	0	0	0	1	3	1	1	1	0	0	0	1	2	1	1	1	0	0	0	0	1	3	1	1	1	0	0	0	1	2	1	1	0	0	0	0	1	3	1	1	1	0	0	1	2	1	1	1	0	0	0	1	3	1	1	1	0	0	0	2	1	1	1	1	0	0	0	3	1	1	1	1	0	0	0	2	1	1	1	1	0	0	0	0	3	1	1	1	0	0	0	1	2	1	1	1	0	0	0	3	1	1	1	1	0	0	0	2	1	1	1	1	0	0	0	3	1	1	1	1	0	0	0	2	1	1	1	1	0	0	0	3	1	1	1	1	0	0	0	0	2	1	1	1	0	0	0	3	1	1	1	1	0	0	0	2	1	1	1	0	0	0	3	1	1	1	1	0	0	0	2	1	1	1	1	0	0	0	3	1	1	1	1	0	0	0	0	2	1	1	1	1	0	0	0	3	1	1	1	0	0	0	0	2	1	1	1	1	0	0	3	1	1	1	0	0	0	0	3	1	1	1	1	0	0	0	3	1	1	1	1	0	0	0	3	1	1	1	1	0	0	0	3	1	1	1	1	0	0	0	1	1	1	1	0	0	0	0	3	1	1	1	1	0	0	0
PATIENT_WEIGHT
35	56	106	98	49	53	71	141	85	124	68	100	132	123	52	75	140	111	88	95	48	34	111	30	101	117	142	98	86	84	46	53	94	39	67	93	51	131	59	40	119	49	34	36	78	40	138	89	69	55	58	113	109	140	147	66	64	72	137	102	113	99	100	54	102	129	41	35	112	52	99	58	48	104	142	46	143	123	106	45	135	62	115	139	52	40	145	95	66	119	148	54	133	111	62	64	39	147	69	51	63	111	42	74	43	150	78	78	71	58	125	111	148	78	132	90	105	136	87	129	94	80	47	134	129	96	140	119	101	62	35	79	86	32	146	51	145	77	89	66	95	73	141	123	92	83	65	143	77	63	80	32	34	133	133	34	122	109	89	109	68	113	139	54	68	77	139	150	140	139	111	70	74	60	56	123	100	117	43	60	139	132	42	83	58	99	137	133	76	80	78	93	137	138	148	81	118	93	123	80	94	112	97	39	114	84	141	109	135	64	94	53	52	61	101	141	102	68	59	104	74	77	55	87	77	102	44	40	42	111	108	128	145	139	139	67	67	110	149	56	77	146	37	110	143	80	69	104	52	127	136	108	55	123	94	136	35	122	68	129	77	114	105	125	38	139	35	30	38	66	60	114	43	73	31	83	100	60	108	53	141	150	95	81	98	45	65	67	36	48	60	46	84	125	32	77	150	78	114	145	43	40	40	74	106	33	133	95	140	79	128	63	114	51	43	126	60	84	124	60	92	78	43	119	100	128	51	117	80	87	146	62	45	41	30	110	110	71	95	120	39	137	146	63	47	53	90	147	46	35	94	124	105	63	124	87	122	138	78	48	88	110	146	37	47	64	36	62	140	73	59	100	49	39	38	58	50	89	84	134	132	68	36	81	67	124	119	31	106	79	49	49	126	138	100	124	101	111	123	56	55	118	114	70	138	131	85	98	70	136	54	53	83	138	43	143	134	133	69	32	89	142	58	47	69	41	45	87	117	145	35	120	61	46	47	121	37	68	93	43	144	56	98	109	148	123	135	39	150	125	131	35	98	109	113	45	78	40	145	73	78	41	124	55	137	57	59	42	111	102	86	146	115	87	60	84	99	52	128	133	91	149	85	50	99	47	94	97	99	84	143	108	31	56	35	97	119	115	34	79	79	97	35	35	105	145	59	89	123	72	133	42	36	119	90	137	33	35	40	124	38	85	82	127	73	91	72	113	117	53	60	34	38	66	127	59	35	90	130	90	67	73	100	39	89	144	71	77	72	123	107	79	52	75	55	147	74	58	65	81	31	50	87	33	32	147	106	83	77	32	51	76	140	87	135	148	141	107	126	141	97	73	132	123	68	62	113	41	127	80	74	81	79	115	65	90	101	83	140	144	92	113	53	108	37	45	106	103	57	130	46	114	107	107	143	105	103	74	34	108	102	127	43	148	33	127	119	132	97	121	148	67	61	126	135	138	62	66	48	142	52	48	77	75	101	136	48	88	139	123	104	112	142	121	111	57	120	63	52	136	68	48	141	37	79	62	129	124	105	142	34	124	61	129	131	118	141	51	105	38	102	98	125	92	55	42	37	107	130	147	74	114	108	133	70	143	65	144	69	111	33	35	95	32	116	32	150	85	50	109	100	82	125	137	47	129	105	61	132	112	128	117	115	118	92	128	137	93	77	65	67	32	113	120	63	135	121	135	135	77	87	59	110	121	121	121	43	134	117	80	108	86	103	87	113	33	137	62	135	45	43	44	114	101	132	103	55	100	71	109	109	124	149	141	132	70	89	139	47	59	91	116	81	47	80	54	35	74	124	126	108	126	150	47	134	99	150	46	98	38	122
DISTANCE_MATRIX
0	360	318	300	288	276	264	264	150	150	150	60	90	90	162	168	204	228	234	312	360	408	348	318	168	192	168	318
360	60	264	318	324	342	342	342	348	348	354	360	372	378	378	420	420	480	462	498	462	462	384	420	372	420	378	378
318	264	60	270	276	288	288	288	294	294	294	318	318	324	324	414	414	468	462	486	462	462	330	366	366	408	372	324
300	318	270	60	276	288	288	288	288	288	288	300	300	312	318	408	408	468	462	486	438	438	318	360	360	402	360	312
288	324	276	276	60	276	276	276	276	276	276	288	288	300	300	402	396	462	456	480	432	432	300	360	360	402	348	300
276	342	288	288	276	60	180	180	252	258	264	264	264	288	288	390	390	456	450	480	432	432	288	348	348	348	288	288
264	342	288	288	276	180	60	180	246	258	264	264	264	288	288	390	390	456	450	480	432	432	288	348	348	348	288	288
264	342	288	288	276	180	180	60	240	258	264	264	264	288	288	390	390	456	450	480	432	432	288	348	348	348	288	288
150	348	294	288	276	252	246	240	60	120	120	150	126	270	270	378	384	420	438	480	420	408	276	300	300	300	276	270
150	348	294	288	276	258	258	258	120	60	120	150	150	270	270	378	384	420	438	480	420	408	276	300	300	300	276	270
150	354	294	288	276	264	264	264	120	120	60	150	150	270	270	378	384	420	438	480	420	408	276	300	300	300	276	270
60	360	318	300	288	264	264	264	150	150	150	60	90	162	168	228	234	312	360	408	348	318	168	192	192	198	168	162
90	372	318	300	288	264	264	264	150	150	150	90	60	162	168	228	234	312	360	408	348	318	168	192	192	198	168	162
90	378	324	312	300	288	288	288	270	270	270	162	162	60	120	180	180	306	210	360	300	300	120	180	120	180	120	234
162	378	324	318	300	288	288	288	270	270	270	168	168	120	60	180	180	306	210	360	300	300	120	180	120	180	120	120
168	420	414	408	402	348	348	348	300	300	300	228	228	180	180	60	132	204	132	348	258	258	186	60	180	132	222	180
204	420	414	408	396	390	390	390	384	384	384	234	234	180	180	132	60	204	132	348	258	258	186	60	180	132	222	180
228	480	468	468	462	456	456	456	420	420	420	312	312	306	306	204	204	60	198	120	240	240	306	204	306	138	306	306
234	462	462	462	456	450	450	450	438	438	438	360	360	210	210	132	132	198	60	138	132	132	210	132	210	132	210	210
312	498	486	486	480	480	480	480	480	480	480	408	408	360	360	348	348	120	138	60	348	348	360	348	360	348	360	360
360	462	462	438	432	432	432	432	420	420	420	348	348	300	300	258	258	240	132	348	60	60	300	258	300	258	300	300
408	462	462	438	432	432	432	432	408	408	408	318	318	300	300	258	258	240	132	348	60	60	300	258	300	258	300	300
348	384	330	318	300	288	288	288	276	276	276	168	168	120	120	186	186	306	210	360	300	300	60	186	120	186	120	120
318	420	366	360	360	348	348	348	300	300	300	192	192	180	180	60	60	204	132	348	258	258	186	60	180	60	180	180
168	372	300	306	300	288	288	288	270	270	270	168	168	120	120	180	180	306	210	360	300	300	120	180	60	180	120	120
192	420	408	402	402	348	348	348	300	300	300	198	198	180	180	132	132	138	132	348	258	258	186	60	180	60	180	180
168	378	372	360	348	288	288	288	276	276	276	168	168	120	120	222	222	306	210	360	300	300	120	180	120	180	60	120
318	378	324	312	300	288	288	288	270	270	270	162	162	234	120	180	180	306	210	360	300	300	120	180	120	180	120	60
DEPOTS_DISTANCE
234	462	462	462	456	450	450	450	438	438	438	360	360	210	210	132	132	198	60	138	132	132	210	132	210	132	210	210	
348	384	330	318	300	288	288	288	276	276	276	168	168	120	120	186	186	306	210	360	300	300	60	186	120	186	120	120	
318	420	366	360	360	348	348	348	300	300	300	192	192	180	180	60	60	204	132	348	258	258	186	60	180	60	180	180	
LOCATION_TURN_MATRIX
100	130	122	113	112	199	136	122	129	152	173	146	151	136	158	140	176	113	122	167	194	134	110	172	114	184	100	147	
170	100	154	188	164	169	136	136	152	170	104	183	155	115	101	104	155	187	174	115	149	134	178	168	114	135	168	102	
178	146	100	161	178	114	104	165	117	139	126	169	192	109	120	179	160	152	154	134	113	140	154	179	196	196	192	181	
187	112	139	100	158	114	195	181	104	132	195	106	183	169	132	170	140	136	172	148	116	110	123	136	151	120	176	169	
188	136	122	142	100	175	164	159	112	100	167	164	135	191	132	181	104	123	142	156	108	117	193	182	116	147	156	185	
101	131	186	186	125	100	190	147	164	150	137	102	145	176	185	131	113	108	117	186	118	151	140	178	154	189	172	110	
164	164	196	105	136	110	100	186	153	151	183	193	111	157	144	123	188	142	110	163	105	190	166	187	170	171	186	126	
178	164	135	119	141	153	114	100	106	130	108	103	151	178	122	151	130	133	184	177	110	141	166	110	122	174	191	197	
171	148	183	196	188	136	147	194	100	167	100	146	168	129	128	142	172	118	174	147	105	158	156	160	120	106	119	136	
148	130	161	168	200	150	149	170	133	100	177	106	175	116	188	180	176	194	108	146	130	187	183	173	128	141	169	176	
127	196	174	105	133	163	117	192	200	123	100	171	175	140	183	115	104	186	128	153	151	175	100	146	191	117	132	197	
154	117	131	194	136	198	107	197	154	194	129	100	136	184	140	147	172	184	148	131	103	156	185	200	152	158	154	143	
149	145	108	117	165	155	189	149	132	125	125	164	100	140	199	142	101	144	163	185	117	191	200	143	113	165	102	154	
164	185	191	131	109	124	143	122	171	184	160	116	160	100	109	116	196	113	131	186	166	139	183	175	144	161	105	170	
142	199	180	168	168	115	156	178	172	112	117	160	101	191	100	147	177	177	199	158	172	188	164	175	180	168	154	195	
160	196	121	130	119	169	177	149	158	120	185	153	158	184	153	100	152	159	197	157	181	159	102	123	168	200	124	186	
124	145	140	160	196	187	112	170	128	124	196	128	199	104	123	148	100	149	114	112	117	135	105	132	138	180	198	156	
187	113	148	164	177	192	158	167	182	106	114	116	156	187	123	141	151	100	166	132	168	163	159	123	129	173	161	116	
178	126	146	128	158	183	190	116	126	192	172	152	137	169	101	103	186	134	100	184	199	137	130	160	148	113	140	150	
133	185	166	152	144	114	137	123	153	154	147	169	115	114	142	143	188	168	116	100	111	195	128	157	191	164	141	171	
106	151	187	184	192	182	195	190	195	170	149	197	183	134	128	119	183	132	101	189	100	129	151	163	147	166	104	177	
166	166	160	190	183	149	110	159	142	113	125	144	109	161	112	141	165	137	163	105	171	100	101	185	169	129	103	197	
190	122	146	177	107	160	134	134	144	117	200	115	100	117	136	198	195	141	170	172	149	199	100	106	150	116	118	145	
128	132	121	164	118	122	113	190	140	127	154	100	157	125	125	177	168	177	140	143	137	115	194	100	128	167	115	155	
186	186	104	149	184	146	130	178	180	172	109	148	187	156	120	132	162	171	152	109	153	131	150	172	100	155	124	184	
116	165	104	180	153	111	129	126	194	159	183	142	135	139	132	100	120	127	187	136	134	171	184	133	145	100	129	192	
200	132	108	124	144	128	114	109	181	131	168	146	198	195	146	176	102	139	160	159	196	197	182	185	176	171	100	146	
153	198	119	131	115	190	174	103	164	124	103	157	146	130	105	114	144	184	150	129	123	103	155	145	116	108	154	100	
DEPOTS_TO_LOCAL_TURN_MATRIX
178	126	146	128	158	183	190	116	126	192	172	152	137	169	101	103	186	134	100	184	199	137	130	160	148	113	140	150	
190	122	146	177	107	160	134	134	144	117	200	115	100	117	136	198	195	141	170	172	149	199	100	106	150	116	118	145	
128	132	121	164	118	122	113	190	140	127	154	100	157	125	125	177	168	177	140	143	137	115	194	100	128	167	115	155	
LOCAL_TO_DEPOT_TURN_MATRIX
122	174	154	172	142	117	110	184	174	108	128	148	163	131	199	197	114	166	100	116	101	163	170	140	152	187	160	150	
110	178	154	123	193	140	166	166	156	183	100	185	200	183	164	102	105	159	130	128	151	101	100	194	150	184	182	155	
172	168	179	136	182	178	187	110	160	173	146	200	143	175	175	123	132	123	160	157	163	185	106	100	172	133	185	145	

