INDEX_PROBLEM
1
PATIENTS
800
STRETCHERS
16
NUM_ROOM
28
NUM_DEPOT
3
NUM_PRIORITY
4
PRIORITY_LIST
0	1	2	3	4
PRIORITY_WEIGHT
0	1	10	18	30
PRIORITY_JOB
0	2	3	3	1	2	3	4	3	4	2	2	3	3	4	3	4	4	4	1	2	3	3	3	4	4	1	2	3	3	4	3	4	1	2	3	4	4	3	4	4	4	1	2	3	4	3	3	4	2	3	3	4	4	3	4	3	1	1	2	3	4	1	1	2	2	2	3	4	1	4	3	4	1	2	3	4	1	1	2	1	2	3	4	1	3	4	3	4	4	1	2	3	4	2	2	2	1	2	3	4	1	4	4	3	4	1	2	3	3	1	2	1	3	4	1	2	3	1	4	3	4	2	2	3	4	2	1	1	1	2	3	4	1	4	3	4	4	2	2	3	4	2	2	1	4	1	2	3	4	3	4	4	1	1	2	3	4	2	2	1	4	1	2	3	3	3	4	3	2	1	4	1	2	3	1	2	1	4	2	2	3	1	4	3	4	4	1	2	3	4	1	2	2	2	2	3	1	3	4	3	4	4	1	2	3	1	2	2	4	4	1	2	3	4	3	4	1	4	4	1	2	1	2	2	3	3	3	4	1	2	4	3	4	1	3	4	2	2	1	1	2	3	4	1	2	3	3	4	3	1	4	2	2	1	2	1	3	4	1	2	3	4	4	3	2	1	4	4	1	2	1	2	2	3	4	4	1	4	3	4	2	2	1	3	3	1	1	1	2	2	3	4	2	2	3	4	3	1	3	4	1	2	1	2	1	3	4	4	2	4	3	4	1	2	3	4	1	2	2	1	4	2	3	4	4	3	4	3	1	1	2	3	4	2	2	1	4	1	2	3	3	4	3	3	4	1	1	2	3	4	1	2	1	2	2	3	4	1	4	3	4	2	3	4	2	1	2	1	2	3	4	4	1	4	3	3	2	1	3	4	2	2	1	2	1	2	3	4	4	4	3	4	1	1	2	1	3	3	2	1	1	3	2	1	4	2	3	3	2	1	3	4	1	2	1	4	2	2	3	4	4	4	3	4	2	1	2	3	4	1	2	2	1	2	3	4	3	4	3	4	1	2	1	3	4	1	2	1	4	1	2	3	3	3	4	3	4	1	1	2	3	2	1	1	4	2	3	3	4	3	4	3	1	2	3	4	2	1	1	2	2	3	4	1	4	4	3	2	2	1	3	4	2	1	2	4	1	2	3	4	4	3	3	2	1	2	1	3	3	1	1	1	4	1	2	3	4	4	3	2	1	3	3	4	2	1	3	1	2	3	4	4	2	3	4	2	2	1	3	4	1	1	2	2	2	3	4	4	4	3	4	1	2	1	3	4	1	2	1	3	1	2	3	3	4	4	3	3	1	2	1	3	4	1	2	1	2	3	3	4	1	4	3	4	2	1	3	4	2	1	2	1	2	3	4	1	2	3	4	3	3	1	4	4	2	2	1	2	1	2	3	4	1	4	3	4	2	3	1	3	4	1	2	1	1	2	3	4	2	3	4	3	3	1	3	4	1	1	2	1	2	3	4	2	2	3	4	3	3	1	4	1	2	1	2	2	3	4	1	2	4	4	3	3	3	1	4	4	1	1	2	1	2	3	3	4	1	4	3	4	2	1	3	2	3	2	1	1	3	4	1	2	3	3	3	4	1	4	2	2	3	2	1	1	4	4	1	2	3	3	4	3	1	4	1	2	2	2	1	2	3	4	4	1	2	4	3	4	3	1	3	1	2	1	2	1	3	4	2	3	3	3	4	3	1	4	1	2	3	1	2	1	1	4	2	2	3	1	2	2	1	4	1	2	3	1	2	1	1	4	4	1	1	2	1	1	2	3	4	1	1	2	1	2	1	2	3	4	4	2	1	2	1	1	2	3	4	2	1	2
TIME_ASKED
0	28849	28898	28947	28996	29045	29094	29149	29198	29247	29296	29345	29394	29429	29458	29487	29516	29545	29574	29603	29632	29661	29690	29742	29784	29826	29868	29910	29952	29994	30029	30058	30087	30116	30145	30174	30203	30232	30261	30290	30329	30358	30387	30416	30445	30474	30503	30532	30561	30590	30621	30642	30663	30684	30705	30726	30747	30768	30789	30810	30831	30852	30873	30894	30949	30998	31047	31096	31145	31194	31227	31254	31281	31308	31335	31362	31389	31416	31443	31470	31497	31524	31548	31572	31596	31620	31644	31668	31692	31716	31740	31764	31788	31837	31874	31911	31948	31985	32022	32059	32096	32159	32218	32277	32336	32395	32419	32438	32457	32476	32495	32514	32533	32552	32571	32590	32609	32628	32647	32666	32685	32759	32818	32877	32936	32995	33027	33054	33081	33108	33135	33162	33189	33216	33243	33270	33297	33333	33366	33399	33432	33465	33498	33531	33564	33597	33616	33632	33648	33664	33680	33696	33712	33728	33744	33760	33776	33792	33808	33824	33840	33856	33872	33888	33933	33966	33999	34032	34065	34098	34131	34164	34197	34242	34284	34326	34368	34410	34452	34494	34533	34566	34599	34632	34665	34698	34731	34764	34797	34827	34854	34881	34908	34935	34962	34989	35016	35043	35070	35097	35137	35174	35211	35248	35285	35322	35359	35396	35433	35466	35499	35532	35565	35598	35631	35664	35697	35723	35746	35769	35792	35815	35838	35861	35884	35907	35930	35953	35976	35999	36023	36046	36069	36092	36115	36138	36161	36184	36207	36230	36253	36276	36299	36327	36354	36381	36408	36435	36462	36489	36516	36543	36570	36597	36619	36638	36657	36676	36695	36714	36733	36752	36771	36790	36809	36828	36847	36866	36885	36949	36998	37047	37096	37145	37194	37259	37318	37377	37436	37495	37549	37598	37647	37696	37745	37794	37827	37854	37881	37908	37935	37962	37989	38016	38043	38070	38097	38123	38146	38169	38192	38215	38238	38261	38284	38307	38330	38353	38376	38399	38419	38438	38457	38476	38495	38514	38533	38552	38571	38590	38609	38628	38647	38666	38685	38742	38784	38826	38868	38910	38952	38994	39029	39058	39087	39116	39145	39174	39203	39232	39261	39290	39349	39398	39447	39496	39545	39594	39633	39666	39699	39732	39765	39798	39831	39864	39897	39937	39974	40011	40048	40085	40122	40159	40196	40242	40284	40326	40368	40410	40452	40494	40542	40584	40626	40668	40710	40752	40794	40849	40898	40947	40996	41045	41094	41133	41166	41199	41232	41265	41298	41331	41364	41397	41423	41446	41469	41492	41515	41538	41561	41584	41607	41630	41653	41676	41699	41749	41798	41847	41896	41945	41994	42099	42198	42297	42342	42384	42426	42468	42510	42552	42594	42699	42798	42897	42923	42946	42969	42992	43015	43038	43061	43084	43107	43130	43153	43176	43199	43237	43274	43311	43348	43385	43422	43459	43496	43549	43598	43647	43696	43745	43794	43899	43998	44097	44159	44218	44277	44336	44395	44459	44518	44577	44636	44695	44799	44898	44997	45033	45066	45099	45132	45165	45198	45231	45264	45297	45337	45374	45411	45448	45485	45522	45559	45596	45637	45674	45711	45748	45785	45822	45859	45896	45959	46018	46077	46136	46195	46249	46298	46347	46396	46445	46494	46537	46574	46611	46648	46685	46722	46759	46796	46821	46842	46863	46884	46905	46926	46947	46968	46989	47010	47031	47052	47073	47094	47199	47298	47397	47437	47474	47511	47548	47585	47622	47659	47696	47737	47774	47811	47848	47885	47922	47959	47996	48049	48098	48147	48196	48245	48294	48324	48348	48372	48396	48420	48444	48468	48492	48516	48540	48564	48588	48627	48654	48681	48708	48735	48762	48789	48816	48843	48870	48897	48937	48974	49011	49048	49085	49122	49159	49196	49233	49266	49299	49332	49365	49398	49431	49464	49497	49537	49574	49611	49648	49685	49722	49759	49796	49827	49854	49881	49908	49935	49962	49989	50016	50043	50070	50097	50149	50198	50247	50296	50345	50394	50424	50448	50472	50496	50520	50544	50568	50592	50616	50640	50664	50688	50737	50774	50811	50848	50885	50922	50959	50996	51027	51054	51081	51108	51135	51162	51189	51216	51243	51270	51297	51324	51348	51372	51396	51420	51444	51468	51492	51516	51540	51564	51588	51637	51674	51711	51748	51785	51822	51859	51896	51933	51966	51999	52032	52065	52098	52131	52164	52197	52259	52318	52377	52436	52495	52517	52534	52551	52568	52585	52602	52619	52636	52653	52670	52687	52704	52721	52738	52755	52772	52789	52859	52918	52977	53036	53095	53137	53174	53211	53248	53285	53322	53359	53396	53459	53518	53577	53636	53695	53733	53766	53799	53832	53865	53898	53931	53964	53997	54027	54054	54081	54108	54135	54162	54189	54216	54243	54270	54297	54374	54448	54522	54596	54627	54654	54681	54708	54735	54762	54789	54816	54843	54870	54897	55049	55198	55237	55274	55311	55348	55385	55422	55459	55496	55574	55648	55722	55796	55827	55854	55881	55908	55935	55962	55989	56016	56043	56070	56097	56399	56499	56598	56697	56733	56766	56799	56832	56865	56898	56931	56964	56997	57049	57098	57147	57196	57245	57294	57359	57418	57477	57536	57595
ORIGIN
26	16	6	27	19	25	27	23	25	25	23	10	2	22	14	16	3	14	3	23	14	14	26	16	14	14	16	7	9	9	27	7	13	9	1	23	14	14	23	8	8	14	14	3	24	14	14	14	11	6	27	18	7	27	20	8	11	14	10	2	23	14	2	26	26	27	23	14	14	14	25	12	14	14	7	27	14	14	3	14	9	14	23	11	14	2	23	7	14	7	23	24	5	5	5	1	14	5	18	7	2	20	20	1	8	20	17	23	20	2	2	14	14	14	14	4	24	15	25	27	16	25	18	14	3	14	14	11	2	2	10	2	23	4	14	14	27	16	27	14	14	27	27	27	13	14	9	27	20	14	14	13	13	14	27	27	27	24	14	14	14	4	14	24	15	4	8	16	8	8	26	26	14	14	14	18	14	5	14	23	12	2	25	14	14	5	5	14	27	14	14	8	23	14	14	20	8	2	2	23	5	7	14	2	14	14	4	7	7	5	1	14	4	23	20	5	23	2	4	4	14	14	14	14	14	2	20	25	2	23	14	3	26	14	4	27	27	14	14	25	16	14	14	8	27	23	14	23	14	14	4	14	14	27	27	27	14	13	23	7	26	23	5	14	13	14	20	14	14	14	14	14	27	18	14	4	23	13	3	23	27	24	14	14	14	1	25	14	14	26	3	23	23	8	25	1	10	2	5	14	2	1	1	1	3	1	1	11	16	5	1	9	7	7	1	20	3	1	14	2	7	25	1	14	13	2	27	14	5	9	20	14	1	7	14	3	23	7	1	12	8	1	23	10	26	14	12	27	26	14	14	23	14	14	8	2	5	26	25	2	14	4	2	2	14	23	23	14	20	27	23	4	2	23	14	4	20	27	4	4	7	23	26	14	13	17	14	11	1	23	10	1	14	14	18	11	14	14	27	14	14	4	11	2	14	26	11	3	27	14	27	14	27	3	27	10	27	4	14	27	23	14	3	14	14	4	1	14	14	1	26	14	7	2	20	23	23	10	1	3	14	23	23	4	14	27	14	14	3	11	27	12	16	6	27	19	7	27	22	14	3	12	14	2	2	14	4	3	14	3	23	14	14	14	3	25	1	14	4	26	14	27	16	20	9	26	14	11	26	13	7	1	27	14	14	14	2	27	27	1	5	27	18	7	2	20	27	11	14	2	2	22	3	2	14	2	3	23	14	25	24	14	2	26	25	4	26	26	3	26	26	2	1	23	11	7	23	14	2	7	14	26	14	26	15	9	23	23	26	17	7	27	14	27	23	14	2	2	27	20	7	23	2	20	23	14	4	14	15	4	27	22	14	26	26	14	14	11	14	1	23	10	2	14	27	14	14	14	14	15	15	14	13	16	27	26	16	7	27	27	2	1	1	3	9	9	20	2	20	14	14	23	14	3	24	14	4	26	3	14	3	26	14	8	14	2	2	26	10	2	26	12	14	14	2	14	27	14	14	2	23	2	2	14	7	23	19	2	14	23	23	3	23	20	2	23	14	1	23	14	3	24	14	27	2	1	20	26	18	14	2	26	14	14	3	10	1	23	12	2	23	3	27	27	14	27	3	11	15	8	16	6	27	19	2	27	22	14	20	20	10	22	22	14	16	27	14	3	23	14	4	20	2	27	26	14	7	1	26	2	14	14	9	1	23	14	13	23	8	27	14	14	4	11	11	14	1	10	6	27	18	14	27	21	14	14	23	10	22	14	14	2	19	14	3	23	19	23	19	16	14	23	16	7	27	14	14	14	24	9	1	23	11	14	23	13	14	14	14	3	24	7	1	14	14	5	27	18	7	27	20	8	12	17	10	1	23	2	2	7	8
DESTINATION
3	14	17	2	22	14	2	26	14	14	27	14	14	19	16	14	26	25	14	4	9	9	3	14	9	9	16	20	14	14	23	13	7	14	14	27	5	5	1	14	14	5	26	14	2	20	20	8	12	17	2	27	20	2	14	14	12	16	14	14	27	25	27	23	3	18	3	26	2	2	14	11	2	2	20	2	16	4	26	16	14	26	27	15	9	27	27	13	8	13	27	1	14	14	14	23	8	14	27	20	24	14	14	14	14	14	6	27	7	27	27	20	8	26	26	14	2	14	14	18	14	14	27	3	23	25	25	12	14	14	14	14	27	14	8	5	23	14	23	1	2	2	2	23	7	5	14	2	14	5	4	7	7	5	18	18	18	2	20	1	8	14	4	2	14	14	14	14	14	14	14	14	4	15	4	27	16	14	25	27	11	14	14	25	16	14	14	10	23	4	4	14	27	16	16	14	14	27	27	27	14	13	9	27	20	20	14	13	13	14	23	26	14	27	14	14	27	24	14	14	15	4	8	16	8	24	14	14	14	1	25	14	14	26	14	23	23	2	15	14	14	5	5	14	2	27	1	1	3	1	14	20	8	2	2	23	5	7	1	20	3	1	14	2	7	5	14	4	4	4	20	5	23	27	20	14	1	7	14	3	23	2	1	20	25	23	14	3	26	14	14	27	26	14	14	23	14	14	14	8	27	14	23	23	14	14	14	12	14	14	23	14	20	13	23	7	26	23	5	14	13	14	23	4	7	14	23	26	14	17	14	4	23	13	3	23	27	13	14	11	14	14	27	14	14	4	11	23	23	8	25	1	10	2	14	27	14	3	14	27	10	14	27	27	16	1	1	9	7	2	1	14	14	1	26	14	7	2	14	14	13	27	14	5	7	9	4	12	14	27	14	14	3	25	27	12	8	8	23	10	26	14	12	14	4	3	12	14	2	4	2	2	2	26	2	14	2	14	4	2	1	25	14	4	26	14	23	2	2	23	14	4	20	27	7	1	27	14	14	14	2	27	27	14	1	23	10	1	14	12	18	11	14	17	2	22	23	2	2	2	26	11	3	27	27	4	14	26	25	14	4	26	3	26	26	14	23	3	14	14	4	2	14	7	14	14	26	15	14	7	20	23	23	10	1	3	14	23	23	14	14	2	27	20	14	7	23	12	16	27	27	19	14	22	16	22	14	3	26	14	2	4	14	3	14	23	14	14	14	14	3	14	14	27	15	13	7	16	27	20	9	14	26	14	11	17	1	27	3	9	20	2	2	2	27	1	27	27	18	7	20	27	14	14	3	26	14	8	14	14	2	2	3	14	14	25	26	12	2	14	27	14	14	2	23	2	26	1	2	11	11	1	7	14	23	3	16	20	2	23	14	23	23	26	17	17	7	27	7	2	20	1	26	14	2	26	14	14	23	20	23	14	4	14	15	27	27	3	14	14	3	11	15	8	14	1	23	2	2	14	27	14	14	20	20	27	22	14	16	27	27	26	27	7	27	27	2	23	27	26	14	1	26	2	14	23	14	14	27	3	24	14	4	8	14	14	14	27	11	14	1	26	2	23	2	23	26	12	14	14	14	17	2	22	14	2	19	2	14	7	14	19	19	2	14	23	25	14	5	26	14	14	24	23	14	3	20	24	14	27	2	3	14	14	27	2	7	1	14	18	10	10	14	12	12	2	23	14	17	2	27	16	2	7	8	16	27	14	19	2	2	27	22	25	14	4	22	27	22	14	16	27	14	20	2	4	4	20	2	14	14	27	15	9	27	7	9	1	26	14	1	13	23	8	8	14	2	27	20	2	14	14	11	6	14	14	27	27	27	21	14
DUE_DATE
0	30427	29996	30045	31294	30623	30192	29707	30296	29805	30874	30923	30492	30527	30016	30585	30074	30103	30132	31901	31210	30759	30788	30840	30342	30384	32166	31488	31050	31092	30587	31156	30645	32414	31723	31272	30761	30790	31359	30848	30887	30916	32685	31994	31543	31032	31601	31630	31119	32168	31719	31740	31221	31242	31803	31284	31845	33066	33087	32388	31929	31410	33171	33192	32527	32576	32625	32194	31703	33492	31785	32352	31839	33606	32913	32460	31947	33714	33741	33048	33795	33102	32646	32130	33894	32718	32202	32766	32250	32274	34038	33342	32886	32395	33452	33489	33526	34283	33600	33157	32654	34457	32776	32835	33434	32953	34717	34016	33555	33574	34793	34092	34831	33650	33129	34888	34187	33726	34945	33224	33783	33317	34396	34455	34034	33553	34605	35352	35379	35406	34713	34260	33747	35514	33801	34368	33855	33891	34944	34977	34530	34023	35076	35109	35862	34155	35914	35210	34746	34222	34778	34254	34270	36026	36042	35338	34874	34350	35386	35402	36138	34414	36170	35466	35031	35064	35097	34590	35163	35676	36429	34722	36495	35820	35382	36624	35946	36708	35010	36072	36111	35664	36897	35190	35763	35256	35289	37062	36375	35925	35412	37179	36486	36513	36540	36567	36114	37341	36168	35655	36235	35732	35769	37546	36863	36420	37657	36974	37011	36024	36057	37830	37143	36696	36189	36762	36255	38021	36304	36327	38090	37393	38136	37439	37462	37005	37028	37051	36534	38297	37601	36604	37167	36650	38413	37236	36719	37762	37785	38528	38551	37854	37397	36885	38652	37959	37506	37533	37020	37587	38814	37101	38148	38175	38917	38216	38955	37774	37253	39012	38311	37850	37329	37348	37907	38406	39145	37424	37443	39247	38576	39345	38674	38723	38292	37817	37876	39675	37994	38593	38107	39176	39225	39994	38843	38892	40125	40152	40179	39486	39513	39060	38547	39594	39621	39168	38655	39221	40444	39267	38750	40513	39816	40559	39862	40605	39428	38911	38934	39977	38977	39536	39015	40774	40073	39612	39091	40850	40149	40168	40907	39186	40225	39764	39243	39300	39882	39384	39966	41208	41250	40572	40127	39616	40665	40694	41443	39732	41501	40810	40359	40388	39907	40496	40545	40054	41843	41892	41211	40764	40257	42030	41343	42096	41409	41442	40995	40495	42272	40569	41146	40643	41700	41257	40754	41820	42582	41904	42666	41988	41550	41052	41100	42882	41184	41766	41808	42330	43092	41947	41456	42525	42574	43343	42672	43431	42744	42297	41790	41823	41856	42429	41922	43695	43721	43024	43767	42590	42613	43116	43859	43882	42705	43208	43951	42234	43277	42847	42896	43425	44194	43043	42552	44397	43776	44595	42900	43962	44004	43566	43068	43110	43152	43797	43356	44475	45221	44524	44067	43550	45313	44616	44639	45382	44685	44228	43711	44274	43757	44335	43832	45609	44926	45683	44520	44017	45794	45127	45896	44205	45994	45323	44892	44997	45096	44655	45257	44776	46575	46634	45973	45557	46096	46875	46934	45253	46377	45996	46095	45591	46164	45657	46230	47463	46776	46329	45822	46875	47635	47672	46989	47026	46583	46080	47857	46154	46195	46772	47289	47326	48083	46920	46417	47474	48257	47596	46635	48434	47773	47347	46856	46905	47494	47543	48072	48835	48152	48909	47746	47783	49020	49057	49094	47379	49140	48441	47982	47463	47484	48045	48546	49287	48108	48129	47610	48651	49392	48297	49596	48975	48535	48032	48069	49126	48683	48180	49237	49274	50035	48872	48369	50146	50183	49500	49537	49574	49147	48656	48705	48754	49343	48852	50622	49926	50670	49494	48978	50742	50046	50790	49614	50838	50142	49686	49725	49212	49239	49806	49833	51060	50367	51114	49941	49428	51195	50515	51272	50589	50146	50183	49680	51457	49754	50331	49824	50877	51630	50463	49956	51009	51762	51075	51835	51152	50709	50206	51983	51300	50857	50354	50925	50952	52179	50466	50493	51540	51567	52314	51621	52368	51675	51247	50756	52545	50854	51443	50952	52002	51546	52770	51594	51078	52842	52146	52890	52914	52218	51762	51246	52315	51872	51369	51946	51983	53220	52057	51554	53325	53352	52659	53406	52713	52260	51747	52794	52821	52368	51855	52422	52446	53670	51954	53718	53022	53766	53070	53094	52638	52122	53886	53215	52232	52269	52846	52883	52920	54157	52454	52491	54264	54297	53610	54363	53676	53229	53262	52755	54557	52876	53475	52994	54073	54815	53632	54129	53666	54163	54900	54917	53734	53211	54968	54265	53802	53819	53836	53313	55070	53347	54437	54496	54075	54614	55393	55435	53732	53769	55546	54863	54420	54457	53954	54557	55816	54135	55934	55273	55311	55344	56097	55410	54963	54456	54489	56262	55575	54585	55152	54639	55206	56433	55260	56487	55794	56541	55848	56595	55472	55006	56100	55694	55725	55752	55239	55806	57033	55320	57087	56394	55941	57168	56475	57347	57496	55795	56852	56889	56446	57683	57000	57037	57794	56132	57946	57300	56894	58125	57432	58179	58206	56493	56520	58287	58314	57621	58368	58395	57977	57597	57156	58995	59031	58344	59097	58410	59163	58476	58029	57522	57555	58627	59396	58725	59494	59543	58872	58457	57976	59055	59834	59173
TRANSPORT_MODE
0	2	1	1	1	2	0	0	1	1	1	1	2	0	0	0	0	1	1	1	1	2	0	0	0	1	1	1	2	0	0	0	1	1	1	1	1	0	0	0	0	2	1	1	1	2	0	0	1	1	1	1	1	0	0	0	0	3	1	1	1	2	0	0	0	1	1	1	1	3	0	0	0	1	1	1	1	2	0	0	0	1	1	1	3	0	0	0	0	1	1	1	1	1	0	0	0	2	1	1	1	3	0	0	0	1	1	1	1	1	0	0	0	0	2	1	1	1	3	0	0	1	1	1	1	2	0	0	0	1	1	1	1	3	0	0	0	0	1	1	1	2	0	0	0	1	1	1	1	1	0	0	0	3	1	1	1	2	0	0	0	1	1	1	1	1	0	0	0	0	3	1	1	1	2	0	0	0	1	1	1	1	3	0	0	0	1	1	1	1	2	0	0	0	1	1	1	3	0	0	0	1	1	1	1	2	0	0	0	0	1	1	1	1	0	0	0	3	1	1	1	1	0	0	0	0	2	1	1	1	1	0	0	0	3	1	1	1	1	0	0	0	2	1	1	1	1	0	0	0	3	1	1	1	0	0	0	2	1	1	1	1	0	0	0	0	3	1	1	1	0	0	0	1	2	1	1	1	0	0	0	0	1	3	1	1	1	0	0	0	1	2	1	1	1	0	0	0	3	1	1	1	1	0	0	0	1	1	1	1	0	0	0	3	1	1	1	1	0	0	0	0	1	2	1	1	0	0	0	1	3	1	1	1	0	0	0	0	1	1	2	1	1	0	0	0	1	3	1	1	1	0	0	0	1	2	1	1	1	0	0	0	1	1	1	1	0	0	0	1	2	1	1	1	0	0	0	1	3	1	1	0	0	0	0	1	2	1	1	1	0	0	0	0	1	1	3	1	1	0	0	1	1	2	0	1	1	0	0	1	3	1	1	1	0	0	0	0	1	1	1	1	0	0	0	1	3	1	1	1	0	0	0	1	2	1	1	0	0	0	0	1	1	3	1	1	0	0	0	1	1	2	1	1	0	0	0	1	1	3	1	1	0	0	0	1	2	1	1	1	0	0	0	1	1	1	1	0	0	0	1	2	1	1	1	0	0	0	0	1	3	1	1	0	0	0	1	1	2	1	1	0	0	0	0	1	1	3	1	1	0	0	0	1	1	2	1	1	0	0	1	3	1	1	1	0	0	0	1	2	1	1	0	1	0	0	0	1	3	1	1	1	0	0	0	1	2	1	1	0	0	0	1	1	3	1	1	0	0	0	0	1	1	2	1	1	0	0	0	1	1	3	1	1	0	0	0	1	2	1	1	1	0	0	0	1	3	1	1	1	0	0	0	1	2	1	1	1	0	0	0	1	3	1	1	0	0	0	0	1	2	1	1	1	0	0	0	1	1	3	1	1	0	0	0	1	2	1	1	1	0	0	0	1	3	1	1	1	0	0	0	1	2	1	1	1	0	0	0	1	3	1	1	1	0	0	0	1	2	1	1	0	0	0	0	1	3	1	1	1	0	0	0	1	1	2	1	1	0	0	0	1	3	1	1	1	0	0	0	1	2	1	1	1	0	0	0	3	1	1	1	1	0	0	0	2	1	1	1	1	0	0	0	3	1	1	1	0	0	0	0	1	2	1	1	1	0	0	0	1	3	1	1	1	0	0	0	1	2	1	1	1	0	0	0	3	1	1	1	1	0	0	0	3	1	1	1	1	0	0	0	3	1	1	1	1	0	0	0	3	1	1	1	0	0	0	3	1	1	1	1	0	0	0	0	3	1	1	1	1	0	0	0	3	1	1	1	1	0	0	0
PATIENT_WEIGHT
114	144	54	101	78	78	60	127	57	91	115	82	77	43	144	100	76	106	127	66	107	100	56	92	126	75	76	56	49	123	58	112	118	121	90	41	96	60	145	137	84	44	97	127	49	51	42	105	113	88	138	103	91	49	111	148	81	143	71	79	117	55	65	143	89	105	107	83	142	105	40	105	72	72	41	33	36	88	127	75	84	106	125	119	81	47	143	92	90	39	87	45	147	82	94	100	41	37	94	110	97	76	55	64	106	77	51	35	81	55	140	112	123	136	42	48	117	30	115	33	105	145	103	100	101	79	61	138	150	44	87	63	93	55	72	134	119	113	86	85	129	100	133	62	143	147	87	106	125	58	107	147	66	63	60	146	69	89	117	58	150	115	131	99	147	109	60	43	70	86	60	124	142	117	110	120	100	102	83	126	66	63	50	75	41	102	122	65	43	124	139	115	53	85	109	115	50	38	37	134	70	70	97	92	77	112	71	117	82	44	128	136	93	144	106	64	34	41	149	41	70	54	111	131	42	148	139	75	83	55	125	33	111	79	128	84	110	132	131	130	112	36	137	89	48	100	43	60	90	118	91	68	77	145	105	81	75	78	53	100	52	146	86	135	98	134	96	105	73	48	124	104	116	136	139	110	97	33	116	61	33	100	46	40	67	148	96	44	38	32	76	125	86	49	74	41	36	65	74	131	39	130	86	31	90	91	138	75	102	150	83	134	93	100	92	143	63	80	58	146	143	75	136	124	39	132	73	97	147	91	95	84	143	32	101	76	102	137	64	88	106	114	49	138	117	96	135	63	112	84	114	48	82	124	74	36	131	148	83	51	49	101	36	48	107	113	99	35	59	62	112	109	78	129	133	89	111	78	138	99	102	65	36	121	86	118	62	64	36	68	114	43	30	147	103	102	46	123	114	78	50	41	75	133	92	86	63	129	136	99	49	50	136	49	137	110	105	76	69	46	140	103	58	87	53	40	49	136	83	98	83	83	80	103	80	59	150	92	131	40	149	88	85	99	138	64	121	46	127	83	97	67	114	52	122	105	57	43	45	141	73	73	67	38	111	112	103	147	123	99	46	87	100	123	69	99	133	30	50	142	134	149	35	82	142	62	49	104	120	140	144	84	77	129	63	95	58	98	83	64	32	114	112	135	82	72	30	55	131	121	67	96	122	99	102	105	123	128	45	46	119	80	149	87	89	102	40	61	110	39	34	110	71	68	66	87	137	97	81	129	40	139	47	130	64	128	119	113	92	104	127	130	98	125	56	67	114	45	121	50	93	46	42	45	87	141	95	110	113	64	60	116	117	64	119	114	94	49	118	55	96	128	116	128	136	99	36	36	108	49	127	87	121	90	125	80	149	45	124	124	102	125	135	61	74	119	31	85	108	84	106	119	89	102	51	55	75	55	80	65	41	139	79	130	53	113	55	141	129	56	87	38	32	74	149	113	65	75	95	62	135	133	53	111	94	70	36	55	121	117	73	89	58	149	76	138	89	59	54	99	76	44	103	109	103	135	39	102	71	113	100	138	56	99	35	132	31	39	64	73	118	131	43	75	113	123	87	78	111	147	69	65	126	66	135	51	144	71	122	45	81	62	56	30	38	133	102	31	85	133	87	85	133	73	65	49	76	116	101	127	138	134	95	112	104	85	102	77	107	103	39	83	94	37	97	76	146	94	84	137	133	91	67	136	137	124	116	111	121	149	123	83	67	72	130	56	145	32	86	44	150	51	31	139	50	123	75	94	143	148	143	49	111	74	78	149	41	100	140	122	116	120	34	121	90	64	30	61	35	56	84	126	71	143	53	114	75	79	35	36	133
DISTANCE_MATRIX
0	360	318	300	288	276	264	264	150	150	150	60	90	90	162	168	204	228	234	312	360	408	348	318	168	192	168	318
360	60	264	318	324	342	342	342	348	348	354	360	372	378	378	420	420	480	462	498	462	462	384	420	372	420	378	378
318	264	60	270	276	288	288	288	294	294	294	318	318	324	324	414	414	468	462	486	462	462	330	366	366	408	372	324
300	318	270	60	276	288	288	288	288	288	288	300	300	312	318	408	408	468	462	486	438	438	318	360	360	402	360	312
288	324	276	276	60	276	276	276	276	276	276	288	288	300	300	402	396	462	456	480	432	432	300	360	360	402	348	300
276	342	288	288	276	60	180	180	252	258	264	264	264	288	288	390	390	456	450	480	432	432	288	348	348	348	288	288
264	342	288	288	276	180	60	180	246	258	264	264	264	288	288	390	390	456	450	480	432	432	288	348	348	348	288	288
264	342	288	288	276	180	180	60	240	258	264	264	264	288	288	390	390	456	450	480	432	432	288	348	348	348	288	288
150	348	294	288	276	252	246	240	60	120	120	150	126	270	270	378	384	420	438	480	420	408	276	300	300	300	276	270
150	348	294	288	276	258	258	258	120	60	120	150	150	270	270	378	384	420	438	480	420	408	276	300	300	300	276	270
150	354	294	288	276	264	264	264	120	120	60	150	150	270	270	378	384	420	438	480	420	408	276	300	300	300	276	270
60	360	318	300	288	264	264	264	150	150	150	60	90	162	168	228	234	312	360	408	348	318	168	192	192	198	168	162
90	372	318	300	288	264	264	264	150	150	150	90	60	162	168	228	234	312	360	408	348	318	168	192	192	198	168	162
90	378	324	312	300	288	288	288	270	270	270	162	162	60	120	180	180	306	210	360	300	300	120	180	120	180	120	234
162	378	324	318	300	288	288	288	270	270	270	168	168	120	60	180	180	306	210	360	300	300	120	180	120	180	120	120
168	420	414	408	402	348	348	348	300	300	300	228	228	180	180	60	132	204	132	348	258	258	186	60	180	132	222	180
204	420	414	408	396	390	390	390	384	384	384	234	234	180	180	132	60	204	132	348	258	258	186	60	180	132	222	180
228	480	468	468	462	456	456	456	420	420	420	312	312	306	306	204	204	60	198	120	240	240	306	204	306	138	306	306
234	462	462	462	456	450	450	450	438	438	438	360	360	210	210	132	132	198	60	138	132	132	210	132	210	132	210	210
312	498	486	486	480	480	480	480	480	480	480	408	408	360	360	348	348	120	138	60	348	348	360	348	360	348	360	360
360	462	462	438	432	432	432	432	420	420	420	348	348	300	300	258	258	240	132	348	60	60	300	258	300	258	300	300
408	462	462	438	432	432	432	432	408	408	408	318	318	300	300	258	258	240	132	348	60	60	300	258	300	258	300	300
348	384	330	318	300	288	288	288	276	276	276	168	168	120	120	186	186	306	210	360	300	300	60	186	120	186	120	120
318	420	366	360	360	348	348	348	300	300	300	192	192	180	180	60	60	204	132	348	258	258	186	60	180	60	180	180
168	372	300	306	300	288	288	288	270	270	270	168	168	120	120	180	180	306	210	360	300	300	120	180	60	180	120	120
192	420	408	402	402	348	348	348	300	300	300	198	198	180	180	132	132	138	132	348	258	258	186	60	180	60	180	180
168	378	372	360	348	288	288	288	276	276	276	168	168	120	120	222	222	306	210	360	300	300	120	180	120	180	60	120
318	378	324	312	300	288	288	288	270	270	270	162	162	234	120	180	180	306	210	360	300	300	120	180	120	180	120	60
DEPOTS_DISTANCE
234	462	462	462	456	450	450	450	438	438	438	360	360	210	210	132	132	198	60	138	132	132	210	132	210	132	210	210	
348	384	330	318	300	288	288	288	276	276	276	168	168	120	120	186	186	306	210	360	300	300	60	186	120	186	120	120	
318	420	366	360	360	348	348	348	300	300	300	192	192	180	180	60	60	204	132	348	258	258	186	60	180	60	180	180	
LOCATION_TURN_MATRIX
100	130	122	113	112	199	136	122	129	152	173	146	151	136	158	140	176	113	122	167	194	134	110	172	114	184	100	147	
170	100	154	188	164	169	136	136	152	170	104	183	155	115	101	104	155	187	174	115	149	134	178	168	114	135	168	102	
178	146	100	161	178	114	104	165	117	139	126	169	192	109	120	179	160	152	154	134	113	140	154	179	196	196	192	181	
187	112	139	100	158	114	195	181	104	132	195	106	183	169	132	170	140	136	172	148	116	110	123	136	151	120	176	169	
188	136	122	142	100	175	164	159	112	100	167	164	135	191	132	181	104	123	142	156	108	117	193	182	116	147	156	185	
101	131	186	186	125	100	190	147	164	150	137	102	145	176	185	131	113	108	117	186	118	151	140	178	154	189	172	110	
164	164	196	105	136	110	100	186	153	151	183	193	111	157	144	123	188	142	110	163	105	190	166	187	170	171	186	126	
178	164	135	119	141	153	114	100	106	130	108	103	151	178	122	151	130	133	184	177	110	141	166	110	122	174	191	197	
171	148	183	196	188	136	147	194	100	167	100	146	168	129	128	142	172	118	174	147	105	158	156	160	120	106	119	136	
148	130	161	168	200	150	149	170	133	100	177	106	175	116	188	180	176	194	108	146	130	187	183	173	128	141	169	176	
127	196	174	105	133	163	117	192	200	123	100	171	175	140	183	115	104	186	128	153	151	175	100	146	191	117	132	197	
154	117	131	194	136	198	107	197	154	194	129	100	136	184	140	147	172	184	148	131	103	156	185	200	152	158	154	143	
149	145	108	117	165	155	189	149	132	125	125	164	100	140	199	142	101	144	163	185	117	191	200	143	113	165	102	154	
164	185	191	131	109	124	143	122	171	184	160	116	160	100	109	116	196	113	131	186	166	139	183	175	144	161	105	170	
142	199	180	168	168	115	156	178	172	112	117	160	101	191	100	147	177	177	199	158	172	188	164	175	180	168	154	195	
160	196	121	130	119	169	177	149	158	120	185	153	158	184	153	100	152	159	197	157	181	159	102	123	168	200	124	186	
124	145	140	160	196	187	112	170	128	124	196	128	199	104	123	148	100	149	114	112	117	135	105	132	138	180	198	156	
187	113	148	164	177	192	158	167	182	106	114	116	156	187	123	141	151	100	166	132	168	163	159	123	129	173	161	116	
178	126	146	128	158	183	190	116	126	192	172	152	137	169	101	103	186	134	100	184	199	137	130	160	148	113	140	150	
133	185	166	152	144	114	137	123	153	154	147	169	115	114	142	143	188	168	116	100	111	195	128	157	191	164	141	171	
106	151	187	184	192	182	195	190	195	170	149	197	183	134	128	119	183	132	101	189	100	129	151	163	147	166	104	177	
166	166	160	190	183	149	110	159	142	113	125	144	109	161	112	141	165	137	163	105	171	100	101	185	169	129	103	197	
190	122	146	177	107	160	134	134	144	117	200	115	100	117	136	198	195	141	170	172	149	199	100	106	150	116	118	145	
128	132	121	164	118	122	113	190	140	127	154	100	157	125	125	177	168	177	140	143	137	115	194	100	128	167	115	155	
186	186	104	149	184	146	130	178	180	172	109	148	187	156	120	132	162	171	152	109	153	131	150	172	100	155	124	184	
116	165	104	180	153	111	129	126	194	159	183	142	135	139	132	100	120	127	187	136	134	171	184	133	145	100	129	192	
200	132	108	124	144	128	114	109	181	131	168	146	198	195	146	176	102	139	160	159	196	197	182	185	176	171	100	146	
153	198	119	131	115	190	174	103	164	124	103	157	146	130	105	114	144	184	150	129	123	103	155	145	116	108	154	100	
DEPOTS_TO_LOCAL_TURN_MATRIX
178	126	146	128	158	183	190	116	126	192	172	152	137	169	101	103	186	134	100	184	199	137	130	160	148	113	140	150	
190	122	146	177	107	160	134	134	144	117	200	115	100	117	136	198	195	141	170	172	149	199	100	106	150	116	118	145	
128	132	121	164	118	122	113	190	140	127	154	100	157	125	125	177	168	177	140	143	137	115	194	100	128	167	115	155	
LOCAL_TO_DEPOT_TURN_MATRIX
122	174	154	172	142	117	110	184	174	108	128	148	163	131	199	197	114	166	100	116	101	163	170	140	152	187	160	150	
110	178	154	123	193	140	166	166	156	183	100	185	200	183	164	102	105	159	130	128	151	101	100	194	150	184	182	155	
172	168	179	136	182	178	187	110	160	173	146	200	143	175	175	123	132	123	160	157	163	185	106	100	172	133	185	145	

