INDEX_PROBLEM
1
PATIENTS
800
STRETCHERS
16
NUM_ROOM
28
NUM_DEPOT
3
NUM_PRIORITY
4
PRIORITY_LIST
0	1	2	3	4
PRIORITY_WEIGHT
0	1	10	18	30
PRIORITY_JOB
0	1	2	3	3	1	3	4	2	3	4	2	2	3	4	3	3	4	4	1	2	4	4	3	4	3	4	2	2	3	4	3	3	4	1	2	3	4	3	4	4	4	1	2	4	3	4	4	3	4	4	1	2	3	3	4	3	1	3	3	1	2	1	1	2	3	4	2	2	3	4	3	4	1	4	1	3	2	1	2	1	4	4	2	2	4	3	4	1	3	4	1	2	2	2	1	4	3	4	4	1	3	4	3	2	1	3	4	1	2	2	1	3	2	3	3	4	1	4	3	4	2	1	3	4	2	1	2	1	2	3	4	1	2	4	3	4	3	4	4	2	1	2	1	2	3	4	1	2	4	3	4	2	3	1	4	2	2	2	1	1	3	4	4	1	3	3	4	2	2	3	1	3	4	1	1	2	1	2	3	4	2	3	4	3	2	1	3	4	1	1	2	1	2	3	4	2	4	3	4	2	1	3	4	4	1	2	2	4	1	2	3	4	3	3	4	1	2	1	3	4	2	1	2	3	4	1	2	3	3	4	3	3	4	1	1	2	3	1	1	2	3	2	4	3	4	4	4	3	1	2	3	4	1	1	2	2	2	3	4	1	4	4	3	2	3	1	4	1	2	2	1	4	1	2	3	4	3	4	3	2	1	2	3	1	3	2	1	4	1	2	3	4	4	3	3	2	3	1	3	4	1	1	2	1	2	3	4	2	4	3	4	1	2	3	1	4	1	2	1	2	2	4	3	4	4	3	4	3	1	2	1	3	4	2	1	2	4	1	2	3	3	4	3	3	1	2	1	3	4	1	2	1	2	3	3	4	1	4	3	4	2	3	1	4	2	1	2	1	2	3	4	4	1	3	4	4	2	2	3	1	4	1	2	2	1	2	3	4	4	3	3	4	1	1	2	3	1	3	2	1	1	4	2	3	2	3	4	3	3	3	1	4	1	1	2	1	2	3	4	4	2	3	4	3	1	2	3	1	4	1	2	1	2	2	3	4	1	4	4	3	2	3	1	4	4	2	1	2	4	1	2	3	3	4	3	3	4	1	2	1	3	2	1	2	1	3	3	4	1	2	3	3	4	3	4	1	2	2	1	2	1	4	3	4	1	2	3	4	4	3	4	1	1	1	2	2	1	2	3	4	4	1	3	4	3	2	3	3	1	1	2	1	2	2	3	4	2	3	4	3	3	3	4	1	1	2	1	1	2	3	4	2	2	3	3	4	4	4	4	1	1	2	1	2	1	3	4	1	2	3	4	3	4	3	4	1	2	1	2	1	2	4	3	4	1	2	3	4	3	3	4	1	2	3	2	1	1	3	4	1	2	3	3	3	4	4	1	2	2	3	1	2	1	4	1	2	3	4	4	3	4	4	1	1	2	2	1	2	1	3	4	1	2	3	3	4	3	4	4	1	1	2	2	2	2	3	4	2	3	3	3	4	3	2	1	1	3	4	1	1	2	4	2	2	3	4	3	4	3	1	1	2	3	4	1	1	2	1	2	3	4	4	4	3	4	1	1	2	3	2	1	2	4	4	1	2	3	4	4	3	4	1	1	2	3	3	2	2	4	1	2	3	4	3	3	1	1	2	2	3	4	1	1	2	1	2	3	4	4	4	3	4	4	1	2	2	3	1	2	2	4	1	2	3	4	3	4	4	1	1	4	1	2	3	2	2	1	2	3	3	1	3	4	3	4	1	2	3	1	1	2	1	4	2	2	3	1	1	2	1	4	1	2	3	1	2	2	1	4	4	2	1	2	2	1	1	2	3	4	1	2	2	1	1	1	3	4	4	2	2	1	2	1	1	2	3	4	2	1	2
TIME_ASKED
0	28849	28898	28947	28996	29045	29094	29149	29198	29247	29296	29345	29394	29429	29458	29487	29516	29545	29574	29603	29632	29661	29690	29742	29784	29826	29868	29910	29952	29994	30029	30058	30087	30116	30145	30174	30203	30232	30261	30290	30329	30358	30387	30416	30445	30474	30503	30532	30561	30590	30621	30642	30663	30684	30705	30726	30747	30768	30789	30810	30831	30852	30873	30894	30949	30998	31047	31096	31145	31194	31227	31254	31281	31308	31335	31362	31389	31416	31443	31470	31497	31524	31548	31572	31596	31620	31644	31668	31692	31716	31740	31764	31788	31837	31874	31911	31948	31985	32022	32059	32096	32159	32218	32277	32336	32395	32419	32438	32457	32476	32495	32514	32533	32552	32571	32590	32609	32628	32647	32666	32685	32759	32818	32877	32936	32995	33027	33054	33081	33108	33135	33162	33189	33216	33243	33270	33297	33333	33366	33399	33432	33465	33498	33531	33564	33597	33616	33632	33648	33664	33680	33696	33712	33728	33744	33760	33776	33792	33808	33824	33840	33856	33872	33888	33933	33966	33999	34032	34065	34098	34131	34164	34197	34242	34284	34326	34368	34410	34452	34494	34533	34566	34599	34632	34665	34698	34731	34764	34797	34827	34854	34881	34908	34935	34962	34989	35016	35043	35070	35097	35137	35174	35211	35248	35285	35322	35359	35396	35433	35466	35499	35532	35565	35598	35631	35664	35697	35723	35746	35769	35792	35815	35838	35861	35884	35907	35930	35953	35976	35999	36023	36046	36069	36092	36115	36138	36161	36184	36207	36230	36253	36276	36299	36327	36354	36381	36408	36435	36462	36489	36516	36543	36570	36597	36619	36638	36657	36676	36695	36714	36733	36752	36771	36790	36809	36828	36847	36866	36885	36949	36998	37047	37096	37145	37194	37259	37318	37377	37436	37495	37549	37598	37647	37696	37745	37794	37827	37854	37881	37908	37935	37962	37989	38016	38043	38070	38097	38123	38146	38169	38192	38215	38238	38261	38284	38307	38330	38353	38376	38399	38419	38438	38457	38476	38495	38514	38533	38552	38571	38590	38609	38628	38647	38666	38685	38742	38784	38826	38868	38910	38952	38994	39029	39058	39087	39116	39145	39174	39203	39232	39261	39290	39349	39398	39447	39496	39545	39594	39633	39666	39699	39732	39765	39798	39831	39864	39897	39937	39974	40011	40048	40085	40122	40159	40196	40242	40284	40326	40368	40410	40452	40494	40542	40584	40626	40668	40710	40752	40794	40849	40898	40947	40996	41045	41094	41133	41166	41199	41232	41265	41298	41331	41364	41397	41423	41446	41469	41492	41515	41538	41561	41584	41607	41630	41653	41676	41699	41749	41798	41847	41896	41945	41994	42099	42198	42297	42342	42384	42426	42468	42510	42552	42594	42699	42798	42897	42923	42946	42969	42992	43015	43038	43061	43084	43107	43130	43153	43176	43199	43237	43274	43311	43348	43385	43422	43459	43496	43549	43598	43647	43696	43745	43794	43899	43998	44097	44159	44218	44277	44336	44395	44459	44518	44577	44636	44695	44799	44898	44997	45033	45066	45099	45132	45165	45198	45231	45264	45297	45337	45374	45411	45448	45485	45522	45559	45596	45637	45674	45711	45748	45785	45822	45859	45896	45959	46018	46077	46136	46195	46249	46298	46347	46396	46445	46494	46537	46574	46611	46648	46685	46722	46759	46796	46821	46842	46863	46884	46905	46926	46947	46968	46989	47010	47031	47052	47073	47094	47199	47298	47397	47437	47474	47511	47548	47585	47622	47659	47696	47737	47774	47811	47848	47885	47922	47959	47996	48049	48098	48147	48196	48245	48294	48324	48348	48372	48396	48420	48444	48468	48492	48516	48540	48564	48588	48627	48654	48681	48708	48735	48762	48789	48816	48843	48870	48897	48937	48974	49011	49048	49085	49122	49159	49196	49233	49266	49299	49332	49365	49398	49431	49464	49497	49537	49574	49611	49648	49685	49722	49759	49796	49827	49854	49881	49908	49935	49962	49989	50016	50043	50070	50097	50149	50198	50247	50296	50345	50394	50424	50448	50472	50496	50520	50544	50568	50592	50616	50640	50664	50688	50737	50774	50811	50848	50885	50922	50959	50996	51027	51054	51081	51108	51135	51162	51189	51216	51243	51270	51297	51324	51348	51372	51396	51420	51444	51468	51492	51516	51540	51564	51588	51637	51674	51711	51748	51785	51822	51859	51896	51933	51966	51999	52032	52065	52098	52131	52164	52197	52259	52318	52377	52436	52495	52517	52534	52551	52568	52585	52602	52619	52636	52653	52670	52687	52704	52721	52738	52755	52772	52789	52859	52918	52977	53036	53095	53137	53174	53211	53248	53285	53322	53359	53396	53459	53518	53577	53636	53695	53733	53766	53799	53832	53865	53898	53931	53964	53997	54027	54054	54081	54108	54135	54162	54189	54216	54243	54270	54297	54374	54448	54522	54596	54627	54654	54681	54708	54735	54762	54789	54816	54843	54870	54897	55049	55198	55237	55274	55311	55348	55385	55422	55459	55496	55574	55648	55722	55796	55827	55854	55881	55908	55935	55962	55989	56016	56043	56070	56097	56399	56499	56598	56697	56733	56766	56799	56832	56865	56898	56931	56964	56997	57049	57098	57147	57196	57245	57294	57359	57418	57477	57536	57595
ORIGIN
26	16	6	27	19	2	27	23	25	25	23	10	2	22	14	16	3	14	3	23	4	14	26	16	14	14	16	7	9	9	27	7	13	9	1	23	14	14	23	8	8	14	14	3	2	14	14	11	11	6	27	18	7	27	20	8	2	14	10	2	23	14	2	26	9	27	23	14	14	14	25	12	14	14	7	27	14	14	9	3	14	14	23	11	14	2	23	7	14	7	23	24	5	5	1	14	14	5	18	7	2	20	20	1	8	12	17	23	20	2	14	14	14	14	14	4	24	15	25	27	16	25	18	14	3	14	14	11	2	2	10	2	23	4	14	14	27	16	27	14	14	27	27	13	13	14	9	27	20	14	14	13	8	14	14	27	27	14	14	14	14	4	14	24	15	4	8	16	8	8	26	26	14	14	14	18	14	5	14	23	12	2	25	14	14	5	14	14	27	14	8	5	23	14	14	20	8	2	2	23	5	5	14	2	14	5	4	7	7	5	1	14	4	23	20	5	23	2	14	4	14	14	14	14	14	2	20	25	2	23	14	3	26	14	4	25	27	14	14	25	16	14	14	8	27	23	14	23	14	14	4	14	14	27	27	27	14	13	23	7	26	23	5	14	13	14	23	14	27	14	14	8	27	18	14	4	23	13	3	23	13	24	14	14	14	1	25	14	14	26	3	23	23	8	25	1	10	2	14	14	2	1	1	3	3	1	1	11	16	5	1	9	14	7	1	1	3	1	1	14	2	25	1	14	13	2	27	14	5	9	20	20	1	7	7	14	3	7	1	12	8	1	23	10	26	14	12	14	26	14	14	14	23	14	8	2	5	26	25	2	14	4	2	14	14	23	14	23	14	27	23	4	2	23	14	4	20	27	4	4	4	23	14	23	26	17	14	11	1	23	10	1	14	14	18	11	14	14	27	27	14	4	11	2	14	26	11	3	27	14	27	27	27	3	14	27	10	4	14	27	23	14	3	14	14	14	1	14	14	1	26	26	14	7	20	23	23	10	1	3	14	23	23	12	14	27	14	14	3	11	27	12	16	6	27	19	7	27	22	14	4	12	14	14	12	2	4	3	14	3	23	14	14	14	3	25	2	14	4	14	4	26	16	20	9	26	14	11	26	13	7	1	27	14	14	14	2	12	27	1	5	27	18	7	2	20	27	11	14	17	2	22	23	2	14	2	3	23	14	25	24	14	2	26	25	4	26	26	3	26	26	2	1	23	11	7	23	14	2	7	14	26	14	15	14	7	23	23	26	17	7	27	14	27	23	14	14	2	27	20	14	7	2	20	23	14	4	14	15	4	27	22	14	26	26	14	2	4	14	1	23	10	2	14	27	14	14	14	14	15	15	13	7	16	27	26	16	7	27	27	2	1	1	3	9	9	20	2	2	2	14	23	14	3	24	14	4	26	3	14	3	26	14	8	14	14	2	26	10	2	26	12	14	14	2	14	27	14	14	2	23	2	2	14	7	23	19	2	14	23	23	3	23	20	2	23	14	23	23	14	3	24	14	27	2	1	1	26	18	14	26	14	14	14	3	10	1	23	12	2	23	3	27	3	14	27	3	11	15	8	16	6	27	19	2	27	8	20	20	20	10	22	14	16	27	27	14	3	23	14	4	20	2	27	26	14	7	1	26	2	14	14	9	1	23	14	13	23	8	8	14	14	4	11	11	14	1	10	6	27	18	14	27	21	14	14	23	10	22	14	14	2	26	14	3	23	19	23	19	16	14	23	16	7	27	14	14	14	24	9	1	23	3	14	23	13	23	14	14	3	24	7	7	1	14	5	27	18	7	27	20	8	12	14	10	1	23	2	2	7	8
DESTINATION
3	14	17	2	22	14	2	26	14	14	27	14	14	19	16	14	26	25	14	4	14	9	3	14	9	9	16	20	14	14	23	13	7	14	14	27	5	5	1	14	14	5	26	14	27	20	8	12	12	17	2	27	20	2	14	14	27	16	14	14	27	25	27	23	14	18	3	26	2	2	14	11	2	2	20	2	16	4	14	26	16	26	27	15	9	27	27	13	9	13	27	1	14	14	23	8	8	14	27	20	24	14	14	14	14	11	6	27	7	27	20	8	8	26	26	14	2	14	14	18	14	14	27	3	23	25	25	12	14	14	14	14	27	14	8	5	23	14	23	1	2	2	23	7	7	5	14	2	14	5	4	7	14	5	5	18	18	20	20	1	8	14	4	2	14	14	14	14	14	14	14	14	4	15	25	27	16	14	25	27	11	14	14	25	16	14	10	10	23	4	14	14	27	16	16	14	14	27	27	27	14	14	9	27	20	14	14	13	13	14	23	26	14	27	14	14	27	24	4	14	15	4	8	16	8	24	14	14	14	1	25	14	14	26	14	14	23	2	25	14	14	5	5	14	2	27	1	1	3	1	14	20	8	2	2	23	5	7	1	20	3	1	14	2	7	5	1	4	23	20	5	14	23	27	20	14	1	7	14	3	7	2	1	20	25	23	14	3	26	14	14	27	26	14	14	23	14	14	8	8	27	14	23	14	14	14	14	12	14	14	23	14	26	13	23	23	26	23	23	5	14	14	23	4	7	14	23	26	14	17	14	14	23	13	13	3	23	13	14	11	14	14	27	14	14	4	11	3	23	8	8	25	1	2	14	27	14	3	14	27	10	14	27	1	16	1	5	1	9	2	1	14	14	1	26	14	7	2	14	14	14	27	2	27	14	9	4	12	14	27	14	14	3	5	27	12	8	8	23	23	10	14	12	14	4	3	12	14	2	4	2	2	2	26	25	2	14	14	4	2	1	25	14	4	26	26	23	2	4	23	14	14	4	20	7	1	27	14	14	14	2	27	27	11	1	23	10	1	14	12	18	11	14	17	2	22	23	2	2	2	14	11	3	3	11	27	14	26	25	14	4	26	3	26	26	14	27	3	14	3	14	14	14	7	14	14	26	15	14	7	20	23	23	10	1	3	14	11	23	14	14	2	27	20	14	7	23	12	16	6	27	19	7	27	16	22	14	3	26	14	2	4	14	3	14	23	14	14	14	14	3	14	14	27	15	13	7	16	27	20	9	14	26	11	26	13	1	27	3	9	20	2	2	2	27	1	5	27	18	7	2	20	14	14	3	26	14	8	14	14	2	2	3	14	14	25	24	14	2	14	27	14	14	2	23	2	26	1	2	11	11	7	23	14	23	3	16	20	2	23	14	23	23	26	17	17	7	27	14	27	20	1	26	14	2	26	14	14	23	20	23	14	4	14	15	4	27	3	14	14	3	11	15	8	14	1	23	2	2	14	27	14	14	20	20	27	22	14	16	27	27	26	27	7	27	27	2	1	27	26	14	1	26	2	14	23	23	14	27	3	14	4	26	8	14	14	14	27	11	14	1	26	2	26	2	23	26	12	14	14	14	17	2	22	14	2	14	14	14	7	14	19	2	14	23	23	25	14	5	26	14	14	24	23	14	3	20	24	14	27	2	3	14	14	27	2	7	1	14	14	10	10	14	12	12	2	23	14	17	2	27	8	2	7	8	16	27	14	19	2	2	27	3	25	14	4	22	27	22	14	16	27	14	20	2	4	4	20	2	14	14	27	14	9	27	7	27	1	26	14	1	13	13	23	8	14	2	27	20	2	14	14	11	10	14	14	27	27	27	21	14
DUE_DATE
0	31147	30476	30045	30094	31343	30192	29707	30776	30345	29854	30923	30972	30527	30016	30585	30614	30103	30132	31901	31210	30219	30248	30840	30342	30924	30426	31488	31530	31092	30587	31156	31185	30674	32443	31752	31301	30790	31359	30848	30887	30916	32685	31994	31003	31572	31061	31090	31659	31148	31179	32940	32241	31782	31803	31284	31845	33066	31887	31908	33129	32430	33171	33192	32527	32096	31605	32674	32723	32292	31785	32352	31839	33606	31893	33660	32487	32994	33741	33048	33795	32082	32106	33150	33174	32178	32742	32226	33990	32814	32298	34062	33366	33415	33452	34209	32506	33083	32580	32617	34394	33257	32776	33375	33914	34693	33517	32996	34755	34054	34073	34812	33631	34130	33669	33688	33167	34926	33205	33764	33243	34337	35116	33975	33494	34573	35325	34632	35379	34686	34233	33720	35487	34794	33801	34368	33855	34431	33924	33957	35010	35763	35076	35829	35142	34695	34174	35930	35226	34222	34778	34254	35290	34826	36042	34318	35354	35370	35386	36122	36138	34954	34430	34446	36231	35064	35097	34590	35643	35676	35229	36462	35295	34800	36582	36624	35946	36708	36030	35592	35091	36144	35697	35190	35763	36276	37029	35862	35355	37125	37152	36459	37206	36513	36060	35547	36594	35601	36168	35655	36715	37472	36309	35806	35843	37620	36937	36974	35991	37764	37077	36630	36123	36696	36729	36222	37995	37301	38044	36867	36350	37393	38136	37439	36982	36465	38228	37531	37074	37097	36581	37144	37167	36650	38413	38436	37739	37282	38505	38528	37831	37374	37877	36885	37452	36939	36966	36993	37560	38787	38094	37641	37128	38895	38917	38216	38235	38254	37793	37272	39031	37310	37329	37888	38387	37926	39145	37424	39183	38527	38576	39345	37654	39443	38772	38357	37876	38475	37994	38593	39127	39896	39225	38794	40043	38892	39405	40152	38439	40206	39513	39060	38547	38574	39141	39168	39675	39221	40444	39267	38750	40513	40536	39839	40582	39885	39428	38911	39954	38957	39517	38996	40755	40054	39593	40812	39091	40850	40149	40888	40187	40206	39205	39764	39243	39300	39882	39384	39966	41208	40530	41292	40127	39616	40665	41414	40723	39732	41501	40810	40359	40388	39907	40496	40545	41794	41123	41892	40731	40224	41997	41310	42063	41376	40929	40962	40455	42235	40532	41109	40606	41663	41220	42457	40754	41820	42582	41904	42666	41988	41550	41052	41100	42882	41724	41226	41268	42330	42372	41947	43196	41505	43294	42623	42672	43431	42744	42297	41790	41823	42396	42429	41922	43695	43721	43024	42567	43790	42613	43116	43859	43882	42165	43208	42751	43254	42797	42307	42896	42945	42994	44243	42552	44397	44496	43875	44640	43962	43524	43026	43068	44130	43692	43257	43896	45195	44501	44044	45267	43550	45313	44616	45359	44662	44685	44228	43711	45474	43757	43795	44372	44889	44446	45683	43980	44017	45074	45847	45176	44205	45994	45323	44892	44997	44556	45195	45257	44776	46575	45914	46693	45557	46096	46875	46214	46993	45897	45996	45555	47331	46644	46197	46230	45723	46296	45789	47562	46875	46915	47672	46989	47746	46043	46620	46117	47894	47215	46772	46269	46306	46883	46380	48157	48194	48257	47596	47655	48434	47773	47347	46856	46905	48694	47543	47052	47635	48152	47709	47746	48983	49020	48337	49094	48399	48420	47961	47442	48483	48024	47505	48066	48087	48108	47589	49350	49371	48672	49497	49596	48975	48535	48032	49089	49126	48683	48720	48217	48254	48295	48332	50109	50146	49463	50220	49537	50294	49147	48656	50445	49774	49343	48852	49422	48906	49470	48954	50718	50022	50766	50070	50814	50118	49122	49686	49185	50952	50259	49806	49293	49860	49887	49374	51141	50448	49995	50515	51272	51309	50146	49643	51420	50737	50294	50331	50364	49857	49890	51663	50976	51009	50562	51795	51115	51872	50169	51946	51263	50820	50317	50354	50925	50412	50439	52206	52233	51540	51567	52314	51621	52368	51195	50707	52496	51825	51394	51443	50952	51522	51006	51030	52794	52818	52122	52146	52170	52194	51738	51222	52266	51835	51872	51909	51406	51983	52500	53257	53294	52125	51612	53379	53406	52713	51720	52767	52794	52341	51828	52395	51882	52446	53670	53694	52998	52542	52026	53790	53814	53118	53862	53166	52735	52232	52269	52306	52883	52380	54157	54194	53511	53064	53577	54330	53643	52656	52689	54462	53775	53357	52876	52935	53534	53053	54815	54832	54129	53666	53683	54180	54197	53194	54951	54248	53785	53262	53819	53836	55053	55070	54367	54437	54016	53535	55334	55393	54715	55472	54789	54346	53843	53880	53917	54494	54017	54076	55875	55214	55273	54831	56064	55377	55410	54423	56196	55509	55062	54555	55125	54612	54639	56406	56433	54720	56487	55794	55341	55848	55875	56672	56026	55620	55694	56925	55752	55239	55806	55293	57060	56367	55914	57141	57168	56475	57347	55756	56815	56852	56409	57646	57683	57000	57757	56054	57872	57226	56820	58094	57405	57432	58179	56466	56493	57540	58287	57594	57621	58368	58395	57977	57597	57156	58995	58311	58344	59097	59130	59163	57996	57489	57522	58575	58627	59396	58725	59494	59543	58872	58457	57976	59055	59834	59173
TRANSPORT_MODE
0	2	1	1	1	2	0	0	1	1	1	1	2	0	0	0	1	1	1	1	2	0	0	0	0	1	1	1	2	0	0	0	1	1	1	1	2	0	0	0	1	1	1	1	0	0	0	0	2	1	1	1	1	0	0	0	0	3	1	1	1	1	0	0	0	2	1	1	1	1	0	0	0	3	1	1	1	1	0	0	0	1	1	1	1	0	0	0	3	1	1	1	1	0	0	0	0	2	1	1	1	0	0	0	1	3	1	1	1	0	0	0	0	1	2	1	1	1	0	0	0	1	3	1	1	1	0	0	0	1	2	1	1	1	0	0	0	1	1	1	1	0	0	0	1	2	1	1	1	0	0	0	0	1	3	1	1	0	0	0	1	2	1	1	1	0	0	0	0	1	1	3	1	1	0	0	0	1	2	1	1	1	0	0	0	1	3	1	1	1	0	0	0	1	1	1	1	0	0	0	1	3	1	1	1	0	0	0	0	1	2	1	1	0	0	0	1	1	3	1	1	0	0	0	0	1	1	2	1	1	0	0	0	1	1	3	1	1	0	0	0	1	1	2	1	1	0	0	0	1	1	1	1	0	0	0	1	1	2	1	1	0	0	0	1	1	3	1	0	0	0	0	1	1	2	1	1	0	0	0	0	1	1	1	3	1	0	0	1	1	2	1	1	0	0	0	1	1	3	1	1	0	0	0	1	1	2	1	1	0	0	0	0	1	1	3	1	1	0	0	0	1	1	2	1	0	0	0	0	1	1	3	1	1	0	0	0	1	1	1	2	1	0	0	0	1	1	3	1	1	0	0	0	1	1	2	1	1	0	0	0	1	1	3	1	1	0	0	0	1	1	2	1	1	0	0	0	0	1	1	3	1	0	0	0	1	1	2	1	1	0	0	0	0	1	1	1	3	1	0	0	1	1	1	2	1	0	0	0	1	1	3	1	1	0	0	0	1	1	2	1	1	0	0	0	0	1	1	3	1	1	0	0	0	1	1	2	1	0	0	0	1	1	3	1	1	0	0	0	0	1	1	1	2	1	0	0	0	1	1	3	1	1	0	0	0	1	1	2	1	1	0	0	0	1	1	3	1	1	0	0	0	1	1	2	1	1	0	0	0	1	1	3	1	0	0	0	0	1	1	2	1	1	0	0	0	1	1	1	3	1	0	0	0	1	1	2	1	1	0	0	0	1	1	3	1	1	0	0	0	1	1	2	1	1	0	0	0	1	1	3	1	1	0	0	0	1	1	2	1	0	0	0	0	1	1	3	1	1	0	0	0	1	1	2	1	1	0	0	0	1	1	3	1	1	0	0	0	1	2	1	1	1	0	0	0	1	3	1	1	1	0	0	0	1	2	1	1	1	0	0	0	1	3	1	1	0	0	0	0	1	2	1	1	1	0	0	0	1	1	3	1	1	0	0	0	1	2	1	1	1	0	0	0	1	3	1	1	1	0	0	0	1	2	1	1	1	0	0	0	1	3	1	1	1	0	0	0	1	2	1	1	0	0	0	1	3	1	1	1	0	0	0	0	1	2	1	1	1	0	0	0	1	3	1	1	1	0	0	2	1	1	1	1	0	0	0	3	1	1	1	1	0	0	0	2	1	1	1	1	0	0	0	0	3	1	1	1	0	0	0	2	1	1	1	1	0	0	0	0	3	1	1	1	1	0	0	2	1	1	1	3	0	0	0	1	1	1	1	3	0	0	0	1	1	1	1	3	0	0	0	1	1	1	1	3	0	0	0	1	1	1	3	0	0	0	0	1	1	1	1	1	0	0	0	3	1	1	1	0	0	0	0	3	1	1	1	1	0	0	0
PATIENT_WEIGHT
83	121	136	127	48	139	117	80	39	32	53	38	54	89	78	74	79	145	47	64	96	90	50	150	125	125	56	99	36	31	36	87	81	144	128	53	109	150	137	150	127	49	102	33	64	129	81	107	107	85	39	111	110	105	118	117	44	108	47	74	39	69	74	91	125	93	143	111	126	112	34	87	87	49	129	111	67	91	146	111	111	119	139	93	78	32	136	99	78	75	104	85	148	65	95	48	61	122	128	73	40	64	47	99	134	93	116	91	150	134	34	93	101	40	146	136	39	143	93	43	34	121	46	79	61	115	34	52	92	58	46	107	55	70	80	100	120	84	42	129	149	38	73	96	70	32	82	33	99	79	48	131	31	67	78	96	52	136	88	46	90	132	89	104	38	127	30	83	86	128	139	113	123	63	102	122	80	42	34	143	130	39	111	135	75	109	108	125	37	53	60	94	98	128	147	146	70	42	77	129	103	121	88	126	30	123	114	72	113	86	146	145	76	101	92	140	71	72	75	111	150	85	95	136	49	58	31	91	76	105	103	30	66	93	90	121	54	141	97	118	150	125	73	59	71	82	141	50	39	31	97	64	99	97	136	38	53	129	106	125	106	74	78	59	109	119	43	142	109	54	123	106	118	93	92	37	112	123	38	137	138	38	149	41	32	128	35	104	129	140	35	98	127	63	82	114	125	123	64	105	56	127	118	59	50	123	112	140	95	108	135	55	111	53	137	78	60	91	67	48	118	128	70	58	127	92	146	83	69	57	57	104	59	100	39	71	92	112	65	33	105	81	124	77	64	127	45	129	74	81	32	111	93	113	114	35	125	38	43	123	70	149	141	92	39	35	71	77	79	66	120	143	85	142	79	147	108	88	98	40	120	94	128	109	138	73	87	85	119	83	123	35	108	131	85	75	42	76	142	42	150	134	81	39	132	35	126	109	62	75	55	150	114	139	114	72	149	101	122	39	99	85	69	54	90	81	107	82	132	93	71	108	96	134	98	80	122	70	97	85	34	122	106	75	135	105	30	84	73	100	71	55	60	125	118	68	62	81	149	43	73	94	50	118	126	89	60	113	65	131	128	70	133	50	64	133	58	32	134	33	111	45	35	148	98	97	81	104	102	42	131	97	105	63	78	150	101	72	76	79	108	136	38	48	70	97	41	63	77	142	90	39	76	70	99	34	36	104	106	103	113	69	45	122	58	45	117	116	101	38	147	119	82	44	51	94	32	56	69	132	127	56	87	100	130	81	65	30	68	94	35	35	86	64	58	50	57	41	68	71	40	32	145	63	74	42	89	45	96	78	35	92	64	112	130	105	123	86	84	80	30	94	116	89	46	87	146	125	90	63	126	73	142	73	133	54	37	66	119	116	148	39	79	138	131	57	78	124	96	46	77	37	75	47	30	129	85	73	61	82	33	44	66	74	144	49	128	89	139	34	37	126	143	41	95	97	44	76	80	72	109	84	141	134	47	90	140	78	146	75	98	76	114	114	92	104	70	67	64	101	91	50	53	112	48	74	42	111	64	97	113	130	68	122	135	37	81	123	36	132	146	107	107	78	79	76	74	126	116	73	92	147	70	47	69	114	101	102	94	139	88	90	104	133	150	122	53	34	68	80	44	120	57	84	73	90	38	113	105	107	132	130	127	49	108	91	146	112	94	85	65	47	108	35	35	71	141	48	74	132	112	53	107	96	80	44	129	120	49	47	72	117	53	69	124	79	100	92	61	75	69	50	76	80	43	50	32	50	54	80	69	91	145	137	44	109	130	58	86	114	64	64	98	133	96	144	139	81	126	58	52	141	133	121	64	80	74	148	32	61	95
DISTANCE_MATRIX
0	360	318	300	288	276	264	264	150	150	150	60	90	90	162	168	204	228	234	312	360	408	348	318	168	192	168	318
360	60	264	318	324	342	342	342	348	348	354	360	372	378	378	420	420	480	462	498	462	462	384	420	372	420	378	378
318	264	60	270	276	288	288	288	294	294	294	318	318	324	324	414	414	468	462	486	462	462	330	366	366	408	372	324
300	318	270	60	276	288	288	288	288	288	288	300	300	312	318	408	408	468	462	486	438	438	318	360	360	402	360	312
288	324	276	276	60	276	276	276	276	276	276	288	288	300	300	402	396	462	456	480	432	432	300	360	360	402	348	300
276	342	288	288	276	60	180	180	252	258	264	264	264	288	288	390	390	456	450	480	432	432	288	348	348	348	288	288
264	342	288	288	276	180	60	180	246	258	264	264	264	288	288	390	390	456	450	480	432	432	288	348	348	348	288	288
264	342	288	288	276	180	180	60	240	258	264	264	264	288	288	390	390	456	450	480	432	432	288	348	348	348	288	288
150	348	294	288	276	252	246	240	60	120	120	150	126	270	270	378	384	420	438	480	420	408	276	300	300	300	276	270
150	348	294	288	276	258	258	258	120	60	120	150	150	270	270	378	384	420	438	480	420	408	276	300	300	300	276	270
150	354	294	288	276	264	264	264	120	120	60	150	150	270	270	378	384	420	438	480	420	408	276	300	300	300	276	270
60	360	318	300	288	264	264	264	150	150	150	60	90	162	168	228	234	312	360	408	348	318	168	192	192	198	168	162
90	372	318	300	288	264	264	264	150	150	150	90	60	162	168	228	234	312	360	408	348	318	168	192	192	198	168	162
90	378	324	312	300	288	288	288	270	270	270	162	162	60	120	180	180	306	210	360	300	300	120	180	120	180	120	234
162	378	324	318	300	288	288	288	270	270	270	168	168	120	60	180	180	306	210	360	300	300	120	180	120	180	120	120
168	420	414	408	402	348	348	348	300	300	300	228	228	180	180	60	132	204	132	348	258	258	186	60	180	132	222	180
204	420	414	408	396	390	390	390	384	384	384	234	234	180	180	132	60	204	132	348	258	258	186	60	180	132	222	180
228	480	468	468	462	456	456	456	420	420	420	312	312	306	306	204	204	60	198	120	240	240	306	204	306	138	306	306
234	462	462	462	456	450	450	450	438	438	438	360	360	210	210	132	132	198	60	138	132	132	210	132	210	132	210	210
312	498	486	486	480	480	480	480	480	480	480	408	408	360	360	348	348	120	138	60	348	348	360	348	360	348	360	360
360	462	462	438	432	432	432	432	420	420	420	348	348	300	300	258	258	240	132	348	60	60	300	258	300	258	300	300
408	462	462	438	432	432	432	432	408	408	408	318	318	300	300	258	258	240	132	348	60	60	300	258	300	258	300	300
348	384	330	318	300	288	288	288	276	276	276	168	168	120	120	186	186	306	210	360	300	300	60	186	120	186	120	120
318	420	366	360	360	348	348	348	300	300	300	192	192	180	180	60	60	204	132	348	258	258	186	60	180	60	180	180
168	372	300	306	300	288	288	288	270	270	270	168	168	120	120	180	180	306	210	360	300	300	120	180	60	180	120	120
192	420	408	402	402	348	348	348	300	300	300	198	198	180	180	132	132	138	132	348	258	258	186	60	180	60	180	180
168	378	372	360	348	288	288	288	276	276	276	168	168	120	120	222	222	306	210	360	300	300	120	180	120	180	60	120
318	378	324	312	300	288	288	288	270	270	270	162	162	234	120	180	180	306	210	360	300	300	120	180	120	180	120	60
DEPOTS_DISTANCE
234	462	462	462	456	450	450	450	438	438	438	360	360	210	210	132	132	198	60	138	132	132	210	132	210	132	210	210	
348	384	330	318	300	288	288	288	276	276	276	168	168	120	120	186	186	306	210	360	300	300	60	186	120	186	120	120	
318	420	366	360	360	348	348	348	300	300	300	192	192	180	180	60	60	204	132	348	258	258	186	60	180	60	180	180	
LOCATION_TURN_MATRIX
100	130	122	113	112	199	136	122	129	152	173	146	151	136	158	140	176	113	122	167	194	134	110	172	114	184	100	147	
170	100	154	188	164	169	136	136	152	170	104	183	155	115	101	104	155	187	174	115	149	134	178	168	114	135	168	102	
178	146	100	161	178	114	104	165	117	139	126	169	192	109	120	179	160	152	154	134	113	140	154	179	196	196	192	181	
187	112	139	100	158	114	195	181	104	132	195	106	183	169	132	170	140	136	172	148	116	110	123	136	151	120	176	169	
188	136	122	142	100	175	164	159	112	100	167	164	135	191	132	181	104	123	142	156	108	117	193	182	116	147	156	185	
101	131	186	186	125	100	190	147	164	150	137	102	145	176	185	131	113	108	117	186	118	151	140	178	154	189	172	110	
164	164	196	105	136	110	100	186	153	151	183	193	111	157	144	123	188	142	110	163	105	190	166	187	170	171	186	126	
178	164	135	119	141	153	114	100	106	130	108	103	151	178	122	151	130	133	184	177	110	141	166	110	122	174	191	197	
171	148	183	196	188	136	147	194	100	167	100	146	168	129	128	142	172	118	174	147	105	158	156	160	120	106	119	136	
148	130	161	168	200	150	149	170	133	100	177	106	175	116	188	180	176	194	108	146	130	187	183	173	128	141	169	176	
127	196	174	105	133	163	117	192	200	123	100	171	175	140	183	115	104	186	128	153	151	175	100	146	191	117	132	197	
154	117	131	194	136	198	107	197	154	194	129	100	136	184	140	147	172	184	148	131	103	156	185	200	152	158	154	143	
149	145	108	117	165	155	189	149	132	125	125	164	100	140	199	142	101	144	163	185	117	191	200	143	113	165	102	154	
164	185	191	131	109	124	143	122	171	184	160	116	160	100	109	116	196	113	131	186	166	139	183	175	144	161	105	170	
142	199	180	168	168	115	156	178	172	112	117	160	101	191	100	147	177	177	199	158	172	188	164	175	180	168	154	195	
160	196	121	130	119	169	177	149	158	120	185	153	158	184	153	100	152	159	197	157	181	159	102	123	168	200	124	186	
124	145	140	160	196	187	112	170	128	124	196	128	199	104	123	148	100	149	114	112	117	135	105	132	138	180	198	156	
187	113	148	164	177	192	158	167	182	106	114	116	156	187	123	141	151	100	166	132	168	163	159	123	129	173	161	116	
178	126	146	128	158	183	190	116	126	192	172	152	137	169	101	103	186	134	100	184	199	137	130	160	148	113	140	150	
133	185	166	152	144	114	137	123	153	154	147	169	115	114	142	143	188	168	116	100	111	195	128	157	191	164	141	171	
106	151	187	184	192	182	195	190	195	170	149	197	183	134	128	119	183	132	101	189	100	129	151	163	147	166	104	177	
166	166	160	190	183	149	110	159	142	113	125	144	109	161	112	141	165	137	163	105	171	100	101	185	169	129	103	197	
190	122	146	177	107	160	134	134	144	117	200	115	100	117	136	198	195	141	170	172	149	199	100	106	150	116	118	145	
128	132	121	164	118	122	113	190	140	127	154	100	157	125	125	177	168	177	140	143	137	115	194	100	128	167	115	155	
186	186	104	149	184	146	130	178	180	172	109	148	187	156	120	132	162	171	152	109	153	131	150	172	100	155	124	184	
116	165	104	180	153	111	129	126	194	159	183	142	135	139	132	100	120	127	187	136	134	171	184	133	145	100	129	192	
200	132	108	124	144	128	114	109	181	131	168	146	198	195	146	176	102	139	160	159	196	197	182	185	176	171	100	146	
153	198	119	131	115	190	174	103	164	124	103	157	146	130	105	114	144	184	150	129	123	103	155	145	116	108	154	100	
DEPOTS_TO_LOCAL_TURN_MATRIX
178	126	146	128	158	183	190	116	126	192	172	152	137	169	101	103	186	134	100	184	199	137	130	160	148	113	140	150	
190	122	146	177	107	160	134	134	144	117	200	115	100	117	136	198	195	141	170	172	149	199	100	106	150	116	118	145	
128	132	121	164	118	122	113	190	140	127	154	100	157	125	125	177	168	177	140	143	137	115	194	100	128	167	115	155	
LOCAL_TO_DEPOT_TURN_MATRIX
122	174	154	172	142	117	110	184	174	108	128	148	163	131	199	197	114	166	100	116	101	163	170	140	152	187	160	150	
110	178	154	123	193	140	166	166	156	183	100	185	200	183	164	102	105	159	130	128	151	101	100	194	150	184	182	155	
172	168	179	136	182	178	187	110	160	173	146	200	143	175	175	123	132	123	160	157	163	185	106	100	172	133	185	145	

