INDEX_PROBLEM
1
PATIENTS
800
STRETCHERS
16
NUM_ROOM
28
NUM_DEPOT
3
NUM_PRIORITY
4
PRIORITY_LIST
0	1	2	3	4
PRIORITY_WEIGHT
0	1	10	18	30
PRIORITY_JOB
0	1	2	3	3	2	3	2	3	2	3	1	2	3	3	4	3	4	1	2	3	3	3	4	3	3	1	2	2	3	2	3	3	4	1	2	3	4	2	3	3	3	1	2	2	3	3	3	4	4	1	2	3	3	3	4	2	1	2	2	3	4	1	1	2	1	1	2	3	3	1	3	3	1	2	3	4	1	2	1	1	2	2	2	3	4	1	3	3	1	2	3	3	2	1	1	4	1	2	2	3	4	3	3	4	1	1	2	3	3	2	1	2	3	2	2	3	4	1	2	3	3	1	2	3	3	1	1	1	2	2	3	4	1	2	4	2	3	1	2	3	4	1	1	2	1	2	3	3	1	3	3	3	4	1	2	2	3	4	1	2	1	1	2	3	3	4	3	2	3	1	1	2	2	3	2	1	1	1	2	3	3	1	4	3	2	4	1	2	3	1	2	1	2	2	2	3	4	1	3	1	3	1	2	3	3	2	1	2	4	1	2	2	3	4	3	3	4	1	1	2	3	3	1	2	1	1	2	2	3	4	3	2	3	3	1	1	2	3	3	2	1	1	2	3	4	1	3	2	3	1	1	2	2	3	4	2	1	1	2	3	3	4	3	3	2	1	1	2	2	3	2	1	1	4	1	2	3	4	3	2	3	1	3	1	2	2	2	1	2	1	3	4	1	2	3	3	4	1	3	1	2	3	1	2	1	2	4	1	2	2	3	3	3	1	4	1	2	2	2	1	3	3	3	1	2	2	3	4	3	1	3	4	1	1	2	1	2	2	3	3	1	2	2	3	3	4	2	1	3	1	2	1	1	3	3	4	1	2	2	3	3	2	3	1	1	2	2	1	2	3	4	1	2	3	3	4	2	3	1	3	1	2	1	1	2	2	3	4	1	3	2	3	3	2	1	3	3	2	1	2	1	1	2	4	3	1	1	2	3	2	1	3	3	1	2	1	1	2	3	4	1	2	3	3	3	2	3	4	1	2	1	2	4	2	3	3	1	2	3	2	4	2	1	3	4	1	2	1	2	1	2	3	3	1	4	3	2	2	2	1	3	1	1	1	2	2	3	3	4	1	3	3	2	2	1	3	1	2	1	1	2	2	3	4	1	3	3	4	2	1	3	3	1	1	2	1	2	2	3	4	3	2	4	3	1	2	1	3	3	1	2	1	1	1	2	2	3	1	2	3	2	1	3	3	4	2	1	1	3	1	2	3	1	2	4	2	2	3	4	1	2	2	1	3	2	3	3	1	2	3	3	2	2	1	3	4	1	2	1	2	1	2	3	3	1	4	3	4	2	2	1	3	4	1	1	1	2	3	3	1	2	3	3	1	2	1	3	4	1	2	1	2	2	3	1	2	2	3	3	2	3	1	3	1	2	1	1	2	2	3	4	1	4	3	2	4	2	3	1	3	1	1	2	1	2	2	3	1	2	3	2	3	3	1	3	4	1	1	2	1	2	3	1	2	2	3	2	3	1	3	4	1	2	1	2	1	3	3	1	2	2	3	4	3	3	1	4	1	2	1	1	2	2	3	3	1	2	3	4	3	2	1	3	1	2	1	1	2	3	3	4	1	2	2	3	3	3	1	1	2	2	1	1	2	3	4	1	2	3	2	3	3	3	1	1	2	2	1	2	1	3	4	1	2	4	3	3	4	3	1	3	1	2	1	2	1	2	3	1	2	3	3	2	3	1	3	2	2	3	1	2	1	1	4	1	2	2	1	2	1	1	3	1	2	3	2	1	1	1	3	1	2	2	2	1	1	1	3	4	1	2	1	1	2	2	1	3	3	1	1	1	2	1	2	2	3	4	1	2	1
TIME_ASKED
0	28849	28898	28947	28996	29045	29094	29149	29198	29247	29296	29345	29394	29429	29458	29487	29516	29545	29574	29603	29632	29661	29690	29742	29784	29826	29868	29910	29952	29994	30029	30058	30087	30116	30145	30174	30203	30232	30261	30290	30329	30358	30387	30416	30445	30474	30503	30532	30561	30590	30621	30642	30663	30684	30705	30726	30747	30768	30789	30810	30831	30852	30873	30894	30949	30998	31047	31096	31145	31194	31227	31254	31281	31308	31335	31362	31389	31416	31443	31470	31497	31524	31548	31572	31596	31620	31644	31668	31692	31716	31740	31764	31788	31837	31874	31911	31948	31985	32022	32059	32096	32159	32218	32277	32336	32395	32419	32438	32457	32476	32495	32514	32533	32552	32571	32590	32609	32628	32647	32666	32685	32759	32818	32877	32936	32995	33027	33054	33081	33108	33135	33162	33189	33216	33243	33270	33297	33333	33366	33399	33432	33465	33498	33531	33564	33597	33616	33632	33648	33664	33680	33696	33712	33728	33744	33760	33776	33792	33808	33824	33840	33856	33872	33888	33933	33966	33999	34032	34065	34098	34131	34164	34197	34242	34284	34326	34368	34410	34452	34494	34533	34566	34599	34632	34665	34698	34731	34764	34797	34827	34854	34881	34908	34935	34962	34989	35016	35043	35070	35097	35137	35174	35211	35248	35285	35322	35359	35396	35433	35466	35499	35532	35565	35598	35631	35664	35697	35723	35746	35769	35792	35815	35838	35861	35884	35907	35930	35953	35976	35999	36023	36046	36069	36092	36115	36138	36161	36184	36207	36230	36253	36276	36299	36327	36354	36381	36408	36435	36462	36489	36516	36543	36570	36597	36619	36638	36657	36676	36695	36714	36733	36752	36771	36790	36809	36828	36847	36866	36885	36949	36998	37047	37096	37145	37194	37259	37318	37377	37436	37495	37549	37598	37647	37696	37745	37794	37827	37854	37881	37908	37935	37962	37989	38016	38043	38070	38097	38123	38146	38169	38192	38215	38238	38261	38284	38307	38330	38353	38376	38399	38419	38438	38457	38476	38495	38514	38533	38552	38571	38590	38609	38628	38647	38666	38685	38742	38784	38826	38868	38910	38952	38994	39029	39058	39087	39116	39145	39174	39203	39232	39261	39290	39349	39398	39447	39496	39545	39594	39633	39666	39699	39732	39765	39798	39831	39864	39897	39937	39974	40011	40048	40085	40122	40159	40196	40242	40284	40326	40368	40410	40452	40494	40542	40584	40626	40668	40710	40752	40794	40849	40898	40947	40996	41045	41094	41133	41166	41199	41232	41265	41298	41331	41364	41397	41423	41446	41469	41492	41515	41538	41561	41584	41607	41630	41653	41676	41699	41749	41798	41847	41896	41945	41994	42099	42198	42297	42342	42384	42426	42468	42510	42552	42594	42699	42798	42897	42923	42946	42969	42992	43015	43038	43061	43084	43107	43130	43153	43176	43199	43237	43274	43311	43348	43385	43422	43459	43496	43549	43598	43647	43696	43745	43794	43899	43998	44097	44159	44218	44277	44336	44395	44459	44518	44577	44636	44695	44799	44898	44997	45033	45066	45099	45132	45165	45198	45231	45264	45297	45337	45374	45411	45448	45485	45522	45559	45596	45637	45674	45711	45748	45785	45822	45859	45896	45959	46018	46077	46136	46195	46249	46298	46347	46396	46445	46494	46537	46574	46611	46648	46685	46722	46759	46796	46821	46842	46863	46884	46905	46926	46947	46968	46989	47010	47031	47052	47073	47094	47199	47298	47397	47437	47474	47511	47548	47585	47622	47659	47696	47737	47774	47811	47848	47885	47922	47959	47996	48049	48098	48147	48196	48245	48294	48324	48348	48372	48396	48420	48444	48468	48492	48516	48540	48564	48588	48627	48654	48681	48708	48735	48762	48789	48816	48843	48870	48897	48937	48974	49011	49048	49085	49122	49159	49196	49233	49266	49299	49332	49365	49398	49431	49464	49497	49537	49574	49611	49648	49685	49722	49759	49796	49827	49854	49881	49908	49935	49962	49989	50016	50043	50070	50097	50149	50198	50247	50296	50345	50394	50424	50448	50472	50496	50520	50544	50568	50592	50616	50640	50664	50688	50737	50774	50811	50848	50885	50922	50959	50996	51027	51054	51081	51108	51135	51162	51189	51216	51243	51270	51297	51324	51348	51372	51396	51420	51444	51468	51492	51516	51540	51564	51588	51637	51674	51711	51748	51785	51822	51859	51896	51933	51966	51999	52032	52065	52098	52131	52164	52197	52259	52318	52377	52436	52495	52517	52534	52551	52568	52585	52602	52619	52636	52653	52670	52687	52704	52721	52738	52755	52772	52789	52859	52918	52977	53036	53095	53137	53174	53211	53248	53285	53322	53359	53396	53459	53518	53577	53636	53695	53733	53766	53799	53832	53865	53898	53931	53964	53997	54027	54054	54081	54108	54135	54162	54189	54216	54243	54270	54297	54374	54448	54522	54596	54627	54654	54681	54708	54735	54762	54789	54816	54843	54870	54897	55049	55198	55237	55274	55311	55348	55385	55422	55459	55496	55574	55648	55722	55796	55827	55854	55881	55908	55935	55962	55989	56016	56043	56070	56097	56399	56499	56598	56697	56733	56766	56799	56832	56865	56898	56931	56964	56997	57049	57098	57147	57196	57245	57294	57359	57418	57477	57536	57595
ORIGIN
26	16	6	27	19	25	27	23	25	25	23	10	2	14	22	14	3	14	3	23	14	4	26	16	14	14	16	7	27	27	27	7	9	9	1	23	14	14	23	13	14	2	14	3	24	14	14	14	11	6	27	18	7	27	20	8	18	14	10	2	23	14	2	26	14	5	23	14	4	25	25	12	14	25	7	27	14	14	14	3	14	1	23	11	2	2	23	7	2	14	23	24	5	5	1	7	7	5	18	7	2	2	8	1	27	17	17	23	12	2	14	14	27	27	14	4	24	15	4	27	16	14	3	14	3	2	14	11	2	14	10	2	23	12	14	14	16	14	27	27	4	27	16	13	27	13	9	27	20	14	14	23	10	14	14	11	27	24	14	14	14	18	14	24	15	4	26	16	8	14	26	26	26	14	14	18	14	3	3	23	12	2	15	14	3	1	14	14	27	11	8	5	14	1	1	20	8	2	14	9	5	27	20	2	14	5	4	1	14	5	1	14	4	23	16	5	23	23	4	14	14	1	14	14	14	2	27	12	2	23	14	3	23	14	14	14	27	11	23	25	25	14	23	8	27	23	14	23	14	12	23	2	14	14	27	16	14	23	23	7	26	16	5	14	17	14	23	4	8	14	27	14	27	27	27	4	23	13	3	23	14	4	18	11	11	14	25	14	3	26	2	2	23	8	1	3	10	2	14	14	14	27	5	1	3	11	11	27	16	5	1	16	7	27	14	14	3	14	14	2	9	20	14	14	13	2	27	14	3	9	23	14	14	7	14	3	26	14	2	12	8	1	23	10	26	14	12	2	26	14	14	26	14	14	14	10	5	26	25	7	14	26	12	3	2	14	23	16	20	2	1	4	2	23	14	14	24	7	7	8	1	14	23	26	14	17	11	2	1	23	10	1	14	12	2	11	14	14	27	14	14	4	11	27	26	16	11	1	27	7	14	2	14	3	14	20	2	14	2	26	23	14	3	7	14	4	7	16	14	26	26	1	1	26	20	23	23	10	1	14	14	2	14	14	14	14	14	14	3	11	27	2	16	6	27	19	7	27	22	3	3	14	14	2	23	14	14	3	14	3	23	14	14	27	3	3	1	25	14	13	26	14	16	13	9	26	14	11	2	23	1	27	27	14	8	2	14	14	8	20	5	27	18	7	27	20	8	14	14	14	22	23	2	2	2	26	3	23	14	4	24	12	26	25	27	25	26	2	23	23	26	2	1	23	11	2	14	12	26	27	14	26	15	14	14	27	14	23	26	17	7	27	20	27	14	14	14	2	27	20	2	14	14	20	23	14	4	14	15	4	25	14	14	14	14	2	2	11	14	1	23	10	2	23	27	2	14	14	14	27	14	26	27	11	14	26	16	7	27	20	2	14	4	3	1	9	20	2	14	26	16	23	14	3	24	14	4	26	14	14	26	14	14	8	14	14	3	23	10	2	23	12	2	14	12	14	27	14	14	14	27	24	26	14	7	27	19	8	14	12	3	3	23	20	2	16	14	26	23	14	3	24	14	4	14	7	14	1	18	14	2	26	14	3	3	10	1	23	12	2	23	3	27	27	14	4	27	11	14	8	16	6	27	19	7	27	14	25	3	20	10	2	22	14	16	5	14	3	23	14	4	20	14	26	27	16	7	1	26	14	4	23	9	1	23	11	13	23	13	14	14	14	4	11	11	14	1	10	6	27	18	7	27	21	14	14	23	10	22	23	23	2	5	14	3	23	14	4	19	16	25	14	16	7	27	14	14	14	5	9	1	23	11	27	23	13	14	1	14	3	24	20	7	1	7	5	27	18	7	27	20	8	12	17	10	1	23	12	2	7	8
DESTINATION
3	14	17	2	22	14	2	26	14	14	27	14	14	25	19	16	26	25	14	4	9	14	3	14	25	9	16	20	2	23	23	13	14	14	14	27	5	5	1	7	5	27	26	14	2	20	20	8	12	17	2	27	20	2	14	14	27	16	14	14	27	25	27	23	25	14	3	26	14	14	14	11	2	14	20	2	16	4	4	26	16	14	27	15	14	27	27	13	27	9	27	1	14	14	23	13	13	14	27	20	24	24	14	14	18	6	6	27	11	27	20	8	18	2	26	14	2	14	14	18	14	3	23	3	23	14	15	12	14	1	14	14	27	11	8	5	14	1	23	23	14	2	14	7	2	7	14	2	14	5	4	1	14	5	5	20	18	2	8	8	1	27	4	2	14	14	3	14	14	2	14	14	14	15	4	27	16	14	14	27	11	14	14	25	14	23	2	10	23	12	14	14	16	14	14	14	14	27	16	14	14	23	7	27	20	14	14	23	10	14	23	26	14	27	14	14	27	27	14	4	15	14	16	16	8	14	18	11	14	1	25	14	3	26	2	3	23	12	27	14	14	3	1	14	2	27	1	1	3	11	1	14	20	8	2	14	9	27	27	20	3	14	14	2	9	5	1	14	14	4	23	5	23	23	23	14	1	7	14	3	26	14	27	12	12	2	14	3	23	14	14	14	26	14	14	26	14	14	25	10	8	23	14	23	14	12	12	2	14	14	23	16	20	2	16	4	26	16	5	14	17	7	8	4	7	14	23	26	14	17	27	2	2	13	3	23	14	4	14	11	14	14	27	14	14	4	11	27	23	8	8	3	10	2	2	14	14	3	14	20	2	14	11	26	27	16	1	16	7	27	23	14	14	1	26	1	1	20	20	14	23	2	27	14	3	9	20	14	14	27	14	14	3	11	27	12	1	1	23	10	26	14	12	2	3	14	12	24	2	23	3	14	5	26	25	7	14	26	14	3	1	25	14	13	26	14	13	16	2	14	14	14	24	14	7	1	27	14	14	8	2	14	8	2	1	10	10	1	14	12	2	14	14	17	2	22	23	2	2	26	26	3	3	27	7	26	10	26	25	14	4	26	2	23	26	26	23	14	3	7	14	4	16	7	14	14	26	15	14	27	23	23	23	26	14	14	2	2	14	14	14	2	27	20	2	14	14	16	16	16	19	7	27	27	22	3	14	3	26	14	2	11	3	14	2	14	14	14	27	27	3	14	14	27	15	14	26	11	14	23	9	14	11	2	2	23	4	27	3	9	20	2	14	2	8	16	5	27	18	7	27	20	8	14	3	26	14	8	14	14	14	3	3	3	4	24	24	12	5	14	27	14	14	27	23	24	2	25	1	23	2	14	23	12	26	3	16	20	2	14	14	26	14	26	14	17	7	27	20	3	14	1	26	14	2	26	14	3	3	20	14	4	4	14	15	25	14	27	14	14	27	11	14	8	11	1	23	2	10	2	23	2	3	20	20	2	22	14	16	11	26	26	27	7	27	16	20	14	27	26	14	1	26	14	4	13	16	23	27	3	24	14	4	26	14	14	14	27	11	14	1	26	23	23	10	14	23	12	2	14	14	17	2	22	23	2	5	14	26	14	14	27	19	8	14	14	25	14	5	26	14	14	5	3	23	16	20	24	14	4	14	1	14	14	27	20	7	1	7	3	3	1	14	12	12	2	23	14	17	2	27	23	2	7	8	16	27	14	19	7	7	27	14	25	14	4	2	14	22	14	14	5	14	20	2	4	4	20	14	14	14	27	15	23	27	7	9	23	26	14	1	11	13	23	13	14	2	27	20	2	14	14	11	6	14	14	27	11	27	21	14
DUE_DATE
0	31147	30476	30045	30094	30623	30192	30727	30296	30825	30394	31643	30972	30527	30556	30045	30614	30103	31872	31181	30730	30759	30788	30300	30882	30924	32166	31488	31530	31092	31607	31156	31185	30674	32443	31752	31301	30790	31839	31388	31427	31456	32685	31994	32023	31572	31601	31630	31119	31148	32919	32220	31761	31782	31803	31284	32325	33066	32367	32388	31929	31410	33171	33192	32527	33296	33345	32674	32243	32292	33525	32352	32379	33606	32913	32460	31947	33714	33021	33768	33795	33102	33126	33150	32694	32178	33942	32766	32790	34014	33318	32862	32886	33415	34172	34209	32506	34283	33600	33637	33194	32717	33316	33375	32894	34693	34717	34016	33555	33574	34073	34812	34111	33650	34149	34168	33707	33186	34945	34244	33783	33857	35116	34455	34034	34093	35325	35352	35379	34686	34713	34260	33747	35514	34821	33828	34875	34431	35664	34977	34530	34023	35796	35829	35142	35895	35194	34730	34746	35962	34778	34794	34810	34286	36042	35338	35354	34890	34366	36122	35418	36154	36170	35466	35031	35064	34557	35130	35643	35196	36429	36462	35775	35820	35382	35904	36666	36708	36750	36072	35631	35664	36897	35190	35763	36276	35289	37062	36375	35925	37152	36459	37206	36513	36540	36567	36114	35601	37368	36195	37435	36272	37509	36826	36383	36420	36937	37694	37011	36024	37797	37110	37143	36696	36189	36762	36795	36281	38044	38067	37370	36913	36936	38159	37462	38205	38228	37531	37554	37097	36581	37144	37647	37190	37213	38436	38459	37762	37305	37328	37831	38574	38597	37905	37452	36939	38706	37533	38040	37587	38814	38841	38148	38175	37717	37196	38235	38974	38993	38292	37831	37850	37329	37888	37907	38406	39145	39164	38463	38527	38096	38625	39394	39443	37752	39557	38896	38475	37994	38593	39127	38696	39945	38794	40043	39372	39405	39432	40179	39486	40233	39060	38547	40314	39621	39168	39195	38681	40444	39267	40490	39793	39336	40559	39862	40605	39908	38911	40674	39977	39997	39536	39555	39574	40793	39072	40831	40130	40149	40168	40907	39726	39745	39764	40983	40320	40362	39924	39426	40008	41250	40092	39587	41356	41385	40694	41443	40752	40781	40330	40359	41588	40927	40976	40545	40594	40103	41172	41931	40764	41997	41310	42063	42096	40929	40962	40455	42235	41552	41589	41146	41183	41700	41257	42494	42540	41862	41904	42666	41988	41550	41052	42840	42162	41724	41766	41268	42330	41892	43147	41996	43245	42574	43343	43392	42711	42744	42297	41790	43563	42396	42909	42462	42495	43001	43744	42567	42590	43093	43836	43139	43882	43905	43208	42211	42774	43997	44047	43376	42945	43474	44243	43092	43197	44496	43875	44640	44682	44004	43566	43068	44850	44172	43797	43896	43995	44501	44044	43527	45290	44593	45336	44639	43642	44685	44228	44251	45474	44777	44335	44852	43869	44926	45683	44520	44017	45794	45127	45896	45225	45994	45323	44892	44997	46296	44655	45257	45796	45855	45914	46693	45557	46816	46875	46934	46273	46377	45996	46095	45591	47364	46197	46230	46743	46776	47529	46362	47595	46915	47672	47709	47026	47063	46620	46117	47894	46735	46772	46269	47326	48083	46920	46957	48194	48257	47596	48375	47714	47773	47347	46856	47445	47974	47003	47592	48835	48152	48909	47746	47783	49020	48337	49094	49119	49140	48441	48462	48003	49224	48525	48066	48567	49308	48129	48150	47631	48672	49497	49596	48495	49735	49052	48609	49846	49163	48180	49237	49274	48835	48332	50109	49426	49463	50220	49057	49574	49147	49196	50445	49774	49343	49392	49902	49926	50670	49494	48978	50742	50046	50790	50094	50838	50142	49686	49725	50952	49239	49806	49293	50340	50367	51114	49941	49428	51195	51235	51272	50589	50146	50183	51420	50737	50294	50331	51564	50877	51630	50463	49956	51729	51042	51795	51115	51152	50709	51946	51263	51300	50857	50894	51405	50952	52179	51006	52233	51540	52287	52314	51621	51648	51195	50707	52496	50805	51394	51923	50952	52002	51546	52770	51594	52818	52842	52146	52890	52194	52218	51762	52986	52315	51872	52389	51946	51983	53220	52057	51554	53325	53352	52659	53406	52713	52260	53487	52794	52821	52368	52875	52422	53646	52470	51954	53718	53022	53766	53070	53814	52638	52662	53886	53215	53252	52809	52306	52883	52920	54157	52454	54231	53544	54297	54330	53643	53676	53229	53262	54495	53837	53416	52935	53534	54073	54815	53632	54849	54146	54883	54900	54197	53734	53751	53228	54985	54282	54299	53836	53853	53870	55087	55157	54496	54555	55334	55393	54715	54272	53769	55546	54863	54420	54937	54494	54557	54616	55875	55934	55273	55311	56064	55377	56130	54963	54456	56229	55542	54555	55125	55152	54639	55206	56433	55260	56487	55794	56541	55848	56595	55952	55546	56820	56174	55725	55752	56259	55806	57033	55860	56367	56394	55941	57168	56475	57347	57496	55795	57572	56889	56926	57683	57000	57757	57794	56672	57946	57300	56894	57405	58152	58179	58206	57033	58260	57567	57594	57621	58368	58395	58697	57597	57156	58995	58311	59064	59097	58410	58443	59196	58029	58062	59295	59347	59396	58725	59494	58823	58872	58457	57976	59775	59114	59893
TRANSPORT_MODE
0	2	1	1	1	1	0	0	0	2	1	1	1	2	0	0	1	1	1	1	2	0	0	0	0	1	1	1	1	2	0	0	0	1	1	1	1	0	0	0	0	2	1	1	1	1	0	0	0	2	1	1	1	1	0	0	0	3	1	1	1	1	0	0	0	0	2	1	1	1	3	0	0	1	1	1	1	1	0	0	0	0	2	1	1	1	3	0	0	1	1	1	1	0	0	0	0	2	1	1	1	1	0	0	0	3	1	1	1	1	0	0	0	0	2	1	1	1	1	0	0	0	3	1	1	1	2	0	0	0	1	1	1	1	1	0	0	0	3	1	1	1	2	0	0	0	1	1	1	1	0	0	0	0	3	1	1	1	1	0	0	0	2	1	1	1	1	0	0	0	3	1	1	1	1	0	0	0	2	1	1	1	3	0	0	0	1	1	1	1	1	0	0	0	2	1	1	1	3	0	0	0	1	1	1	1	0	0	0	0	2	1	1	1	1	0	0	0	3	1	1	1	1	0	0	0	2	1	1	1	1	0	0	0	0	3	1	1	1	2	0	0	1	1	1	1	3	0	0	0	0	1	1	1	1	2	0	0	1	1	1	1	0	0	0	0	3	1	1	1	2	0	0	0	1	1	1	1	0	0	0	0	3	1	1	1	1	0	0	0	0	1	2	1	1	1	0	0	3	1	1	1	1	0	0	0	0	2	1	1	1	1	0	0	3	1	1	1	0	0	0	0	2	1	1	1	1	0	0	0	3	1	1	1	0	0	0	0	1	2	1	1	1	0	0	0	0	1	3	1	1	1	0	0	2	1	1	1	1	0	0	0	0	1	3	1	1	1	0	0	1	1	1	1	0	0	0	0	1	3	1	1	1	0	0	0	1	2	1	1	0	0	0	0	1	3	1	1	1	0	0	0	1	1	2	1	0	1	0	0	1	3	1	1	1	0	0	0	1	2	1	1	1	0	0	0	1	1	1	1	0	0	0	0	1	2	1	1	1	0	0	0	1	3	1	1	0	0	0	0	1	1	2	1	1	0	0	0	1	1	3	1	1	0	0	0	1	2	1	1	1	0	0	0	1	3	1	1	1	0	0	0	1	1	1	1	0	0	0	1	3	1	1	1	0	0	0	1	2	1	1	0	0	0	0	1	1	3	1	1	0	0	0	0	1	1	2	1	1	0	0	1	3	1	1	1	0	0	0	0	1	2	1	1	1	0	0	1	1	1	1	0	0	0	0	1	2	1	1	1	0	0	0	1	3	1	1	0	0	0	0	1	1	2	1	1	0	0	0	1	1	3	1	1	0	0	1	2	1	1	1	0	0	0	0	1	3	1	1	1	0	0	1	2	1	1	0	1	0	0	0	1	3	1	1	1	0	0	0	1	2	1	1	0	0	0	0	1	1	3	1	1	0	0	0	1	1	2	1	1	0	0	0	1	3	1	1	1	0	0	0	1	2	1	1	1	0	0	0	3	1	1	1	1	0	0	0	1	2	1	1	1	0	0	0	1	3	1	1	0	0	0	0	1	2	1	1	1	0	0	0	1	3	1	1	1	0	0	0	1	2	1	1	1	0	0	0	1	3	1	1	1	0	0	0	2	1	1	1	1	0	0	0	1	3	1	1	1	0	0	0	2	1	1	1	0	0	0	0	1	3	1	1	1	0	0	0	1	2	1	1	1	0	0	0	3	1	1	1	1	0	0	0	3	1	1	1	1	0	0	0	3	1	1	1	1	0	0	0	3	1	1	1	1	0	0	0	3	1	1	1	0	0	0	0	1	3	1	1	1	0	0	0	3	1	1	1	1	0	0	0
PATIENT_WEIGHT
142	88	33	63	91	88	107	119	111	51	56	83	88	140	119	36	73	121	104	97	120	95	69	117	124	53	95	119	73	107	40	127	94	52	63	135	101	97	150	123	91	104	78	148	40	63	81	55	130	143	118	37	98	114	147	40	96	38	110	150	51	122	49	66	56	137	141	83	102	126	133	136	56	65	150	38	79	45	139	75	30	143	101	65	67	147	55	142	138	120	65	133	68	76	138	138	35	107	127	35	121	69	42	95	57	114	133	102	40	98	132	78	83	147	33	115	97	98	126	102	89	37	40	85	122	60	92	70	100	142	134	114	78	53	33	122	82	71	74	43	63	150	113	93	68	36	120	122	67	64	100	140	112	99	74	87	97	109	111	41	88	31	35	91	32	86	101	35	89	50	59	106	74	143	110	145	51	118	127	58	124	41	113	53	46	148	127	45	121	44	57	40	35	134	102	79	61	148	38	134	132	31	76	71	90	86	42	90	113	91	80	78	142	149	70	114	97	41	118	66	145	43	54	33	114	75	90	47	64	80	118	37	104	117	69	133	103	109	57	127	93	95	125	137	99	53	114	67	62	57	59	43	108	36	124	92	31	69	62	115	98	65	61	149	101	126	42	53	80	51	72	108	77	99	143	99	33	114	111	142	143	117	66	138	90	134	86	144	150	105	72	117	57	92	33	82	132	105	32	68	136	52	78	115	139	62	94	50	93	118	39	132	35	31	34	103	96	138	60	86	90	31	99	53	105	95	150	109	73	83	143	54	68	57	131	109	36	135	142	109	75	35	87	56	103	90	48	114	56	121	70	122	67	42	130	32	77	149	140	129	45	113	96	31	140	76	91	99	146	142	32	49	108	58	54	98	80	47	44	96	136	118	30	71	100	66	34	88	121	72	42	57	123	64	131	74	78	86	85	39	125	70	110	113	93	77	66	32	128	75	48	39	55	144	77	90	96	71	47	147	46	96	143	116	135	35	147	121	119	90	110	100	63	133	57	114	76	146	68	41	44	49	118	91	100	111	127	150	40	115	44	126	115	65	94	110	146	121	39	30	97	99	145	72	109	114	141	49	90	103	125	142	65	116	53	146	36	124	134	140	54	56	85	102	108	63	83	96	41	31	101	97	42	95	51	140	101	99	41	81	99	109	41	53	108	126	56	139	82	126	104	58	127	86	40	62	48	98	59	55	41	90	150	95	53	85	133	126	126	43	70	34	80	66	118	90	52	147	115	116	106	97	63	93	112	124	58	147	77	72	71	144	31	93	114	88	103	34	89	99	92	146	45	130	147	41	120	121	107	133	66	69	129	34	73	118	101	145	126	68	30	146	41	118	67	131	130	79	73	143	136	104	53	42	115	71	122	100	81	142	65	59	45	143	125	79	150	92	80	74	125	134	101	67	76	74	88	43	49	77	106	132	56	112	42	51	65	136	76	131	140	86	147	50	143	98	104	146	112	106	143	102	119	40	109	104	91	47	134	30	50	68	74	45	44	101	128	94	148	30	128	88	50	87	139	138	46	79	57	113	36	78	49	58	95	88	147	88	93	52	43	86	131	34	61	49	77	46	122	120	56	106	58	130	90	124	135	101	97	120	38	79	42	67	147	115	59	38	50	122	46	117	45	90	116	50	59	62	88	31	75	38	68	83	136	39	61	45	75	135	60	41	50	75	43	150	107	104	150	121	76	100	101	80	69	90	119	128	143	112	122	42	39	82	75	145	124	59	47	96	65	119	131	93	75	35	140	55	109	50	94	79	98	30	142	127	52	120	62	116	41	133	95	99	137	38	145	70	117	48	95	122	109	53	119	70	40	49	65	62	122
DISTANCE_MATRIX
0	360	318	300	288	276	264	264	150	150	150	60	90	90	162	168	204	228	234	312	360	408	348	318	168	192	168	318
360	60	264	318	324	342	342	342	348	348	354	360	372	378	378	420	420	480	462	498	462	462	384	420	372	420	378	378
318	264	60	270	276	288	288	288	294	294	294	318	318	324	324	414	414	468	462	486	462	462	330	366	366	408	372	324
300	318	270	60	276	288	288	288	288	288	288	300	300	312	318	408	408	468	462	486	438	438	318	360	360	402	360	312
288	324	276	276	60	276	276	276	276	276	276	288	288	300	300	402	396	462	456	480	432	432	300	360	360	402	348	300
276	342	288	288	276	60	180	180	252	258	264	264	264	288	288	390	390	456	450	480	432	432	288	348	348	348	288	288
264	342	288	288	276	180	60	180	246	258	264	264	264	288	288	390	390	456	450	480	432	432	288	348	348	348	288	288
264	342	288	288	276	180	180	60	240	258	264	264	264	288	288	390	390	456	450	480	432	432	288	348	348	348	288	288
150	348	294	288	276	252	246	240	60	120	120	150	126	270	270	378	384	420	438	480	420	408	276	300	300	300	276	270
150	348	294	288	276	258	258	258	120	60	120	150	150	270	270	378	384	420	438	480	420	408	276	300	300	300	276	270
150	354	294	288	276	264	264	264	120	120	60	150	150	270	270	378	384	420	438	480	420	408	276	300	300	300	276	270
60	360	318	300	288	264	264	264	150	150	150	60	90	162	168	228	234	312	360	408	348	318	168	192	192	198	168	162
90	372	318	300	288	264	264	264	150	150	150	90	60	162	168	228	234	312	360	408	348	318	168	192	192	198	168	162
90	378	324	312	300	288	288	288	270	270	270	162	162	60	120	180	180	306	210	360	300	300	120	180	120	180	120	234
162	378	324	318	300	288	288	288	270	270	270	168	168	120	60	180	180	306	210	360	300	300	120	180	120	180	120	120
168	420	414	408	402	348	348	348	300	300	300	228	228	180	180	60	132	204	132	348	258	258	186	60	180	132	222	180
204	420	414	408	396	390	390	390	384	384	384	234	234	180	180	132	60	204	132	348	258	258	186	60	180	132	222	180
228	480	468	468	462	456	456	456	420	420	420	312	312	306	306	204	204	60	198	120	240	240	306	204	306	138	306	306
234	462	462	462	456	450	450	450	438	438	438	360	360	210	210	132	132	198	60	138	132	132	210	132	210	132	210	210
312	498	486	486	480	480	480	480	480	480	480	408	408	360	360	348	348	120	138	60	348	348	360	348	360	348	360	360
360	462	462	438	432	432	432	432	420	420	420	348	348	300	300	258	258	240	132	348	60	60	300	258	300	258	300	300
408	462	462	438	432	432	432	432	408	408	408	318	318	300	300	258	258	240	132	348	60	60	300	258	300	258	300	300
348	384	330	318	300	288	288	288	276	276	276	168	168	120	120	186	186	306	210	360	300	300	60	186	120	186	120	120
318	420	366	360	360	348	348	348	300	300	300	192	192	180	180	60	60	204	132	348	258	258	186	60	180	60	180	180
168	372	300	306	300	288	288	288	270	270	270	168	168	120	120	180	180	306	210	360	300	300	120	180	60	180	120	120
192	420	408	402	402	348	348	348	300	300	300	198	198	180	180	132	132	138	132	348	258	258	186	60	180	60	180	180
168	378	372	360	348	288	288	288	276	276	276	168	168	120	120	222	222	306	210	360	300	300	120	180	120	180	60	120
318	378	324	312	300	288	288	288	270	270	270	162	162	234	120	180	180	306	210	360	300	300	120	180	120	180	120	60
DEPOTS_DISTANCE
234	462	462	462	456	450	450	450	438	438	438	360	360	210	210	132	132	198	60	138	132	132	210	132	210	132	210	210	
348	384	330	318	300	288	288	288	276	276	276	168	168	120	120	186	186	306	210	360	300	300	60	186	120	186	120	120	
318	420	366	360	360	348	348	348	300	300	300	192	192	180	180	60	60	204	132	348	258	258	186	60	180	60	180	180	
LOCATION_TURN_MATRIX
100	130	122	113	112	199	136	122	129	152	173	146	151	136	158	140	176	113	122	167	194	134	110	172	114	184	100	147	
170	100	154	188	164	169	136	136	152	170	104	183	155	115	101	104	155	187	174	115	149	134	178	168	114	135	168	102	
178	146	100	161	178	114	104	165	117	139	126	169	192	109	120	179	160	152	154	134	113	140	154	179	196	196	192	181	
187	112	139	100	158	114	195	181	104	132	195	106	183	169	132	170	140	136	172	148	116	110	123	136	151	120	176	169	
188	136	122	142	100	175	164	159	112	100	167	164	135	191	132	181	104	123	142	156	108	117	193	182	116	147	156	185	
101	131	186	186	125	100	190	147	164	150	137	102	145	176	185	131	113	108	117	186	118	151	140	178	154	189	172	110	
164	164	196	105	136	110	100	186	153	151	183	193	111	157	144	123	188	142	110	163	105	190	166	187	170	171	186	126	
178	164	135	119	141	153	114	100	106	130	108	103	151	178	122	151	130	133	184	177	110	141	166	110	122	174	191	197	
171	148	183	196	188	136	147	194	100	167	100	146	168	129	128	142	172	118	174	147	105	158	156	160	120	106	119	136	
148	130	161	168	200	150	149	170	133	100	177	106	175	116	188	180	176	194	108	146	130	187	183	173	128	141	169	176	
127	196	174	105	133	163	117	192	200	123	100	171	175	140	183	115	104	186	128	153	151	175	100	146	191	117	132	197	
154	117	131	194	136	198	107	197	154	194	129	100	136	184	140	147	172	184	148	131	103	156	185	200	152	158	154	143	
149	145	108	117	165	155	189	149	132	125	125	164	100	140	199	142	101	144	163	185	117	191	200	143	113	165	102	154	
164	185	191	131	109	124	143	122	171	184	160	116	160	100	109	116	196	113	131	186	166	139	183	175	144	161	105	170	
142	199	180	168	168	115	156	178	172	112	117	160	101	191	100	147	177	177	199	158	172	188	164	175	180	168	154	195	
160	196	121	130	119	169	177	149	158	120	185	153	158	184	153	100	152	159	197	157	181	159	102	123	168	200	124	186	
124	145	140	160	196	187	112	170	128	124	196	128	199	104	123	148	100	149	114	112	117	135	105	132	138	180	198	156	
187	113	148	164	177	192	158	167	182	106	114	116	156	187	123	141	151	100	166	132	168	163	159	123	129	173	161	116	
178	126	146	128	158	183	190	116	126	192	172	152	137	169	101	103	186	134	100	184	199	137	130	160	148	113	140	150	
133	185	166	152	144	114	137	123	153	154	147	169	115	114	142	143	188	168	116	100	111	195	128	157	191	164	141	171	
106	151	187	184	192	182	195	190	195	170	149	197	183	134	128	119	183	132	101	189	100	129	151	163	147	166	104	177	
166	166	160	190	183	149	110	159	142	113	125	144	109	161	112	141	165	137	163	105	171	100	101	185	169	129	103	197	
190	122	146	177	107	160	134	134	144	117	200	115	100	117	136	198	195	141	170	172	149	199	100	106	150	116	118	145	
128	132	121	164	118	122	113	190	140	127	154	100	157	125	125	177	168	177	140	143	137	115	194	100	128	167	115	155	
186	186	104	149	184	146	130	178	180	172	109	148	187	156	120	132	162	171	152	109	153	131	150	172	100	155	124	184	
116	165	104	180	153	111	129	126	194	159	183	142	135	139	132	100	120	127	187	136	134	171	184	133	145	100	129	192	
200	132	108	124	144	128	114	109	181	131	168	146	198	195	146	176	102	139	160	159	196	197	182	185	176	171	100	146	
153	198	119	131	115	190	174	103	164	124	103	157	146	130	105	114	144	184	150	129	123	103	155	145	116	108	154	100	
DEPOTS_TO_LOCAL_TURN_MATRIX
178	126	146	128	158	183	190	116	126	192	172	152	137	169	101	103	186	134	100	184	199	137	130	160	148	113	140	150	
190	122	146	177	107	160	134	134	144	117	200	115	100	117	136	198	195	141	170	172	149	199	100	106	150	116	118	145	
128	132	121	164	118	122	113	190	140	127	154	100	157	125	125	177	168	177	140	143	137	115	194	100	128	167	115	155	
LOCAL_TO_DEPOT_TURN_MATRIX
122	174	154	172	142	117	110	184	174	108	128	148	163	131	199	197	114	166	100	116	101	163	170	140	152	187	160	150	
110	178	154	123	193	140	166	166	156	183	100	185	200	183	164	102	105	159	130	128	151	101	100	194	150	184	182	155	
172	168	179	136	182	178	187	110	160	173	146	200	143	175	175	123	132	123	160	157	163	185	106	100	172	133	185	145	

