INDEX_PROBLEM
1
PATIENTS
800
STRETCHERS
16
NUM_ROOM
28
NUM_DEPOT
3
NUM_PRIORITY
4
PRIORITY_LIST
0	1	2	3	4
PRIORITY_WEIGHT
0	1	10	18	30
PRIORITY_JOB
0	1	2	2	3	1	3	3	3	2	3	3	1	2	4	3	2	2	3	1	2	3	3	4	2	3	3	1	2	2	3	3	4	3	4	1	2	3	3	3	4	3	4	2	2	3	3	2	3	4	1	2	2	3	3	4	2	1	1	2	4	3	1	2	1	1	1	2	2	3	3	3	3	1	1	2	3	1	2	1	4	3	1	2	2	3	3	3	4	1	4	1	2	3	1	2	1	3	2	2	3	4	3	2	3	3	1	1	2	3	3	2	1	2	4	1	2	3	1	2	3	4	1	2	2	3	3	1	2	1	1	2	3	3	3	3	3	4	1	1	2	2	3	1	1	2	4	1	2	3	3	3	2	3	1	2	2	3	4	1	2	1	4	1	2	3	3	3	4	2	1	1	2	3	4	2	1	2	3	1	2	2	3	1	3	4	3	1	2	3	3	1	1	1	1	2	2	3	4	3	4	3	1	1	2	3	3	2	1	2	2	2	3	4	4	2	3	3	1	1	2	3	3	1	1	2	1	1	2	3	4	1	2	3	4	1	2	2	3	1	2	1	1	2	3	3	1	3	3	3	4	1	2	2	3	4	2	1	1	1	2	3	3	1	3	2	3	1	2	2	3	4	2	1	2	4	1	2	3	3	3	2	3	1	1	2	3	4	1	2	1	1	2	2	4	3	1	3	3	1	2	3	3	2	1	2	1	1	2	2	3	4	3	4	3	1	1	2	3	3	1	2	1	1	2	2	3	4	2	3	3	1	1	2	3	3	2	1	2	4	1	2	3	1	3	2	4	3	1	2	2	3	4	1	2	1	2	3	3	4	3	3	1	1	1	2	2	3	2	1	2	4	1	2	3	3	2	3	3	1	3	1	2	2	1	1	2	3	4	1	2	3	2	3	4	1	3	1	2	4	1	2	1	3	1	2	2	3	2	3	3	1	4	1	2	1	2	1	3	3	1	2	2	3	4	3	2	1	3	1	2	1	2	1	2	3	3	1	2	2	3	3	2	3	1	4	4	1	1	2	1	2	3	3	1	2	3	4	3	3	1	2	1	2	1	2	2	3	4	1	2	3	3	4	3	1	3	1	2	1	1	2	2	3	4	1	3	2	3	3	2	1	3	3	1	1	1	2	2	2	3	4	1	2	3	3	1	2	1	3	3	1	2	1	1	2	3	4	1	2	4	3	2	3	1	2	2	2	1	3	3	3	1	2	2	3	2	4	1	3	4	1	1	1	2	1	2	3	3	1	2	3	2	3	2	1	3	4	1	2	1	2	2	3	3	4	1	4	3	2	2	1	3	1	2	1	1	2	2	3	4	1	3	3	4	3	2	1	3	1	2	1	1	2	3	3	1	2	4	3	2	2	1	3	3	1	1	2	1	2	2	3	4	1	2	3	3	2	1	3	3	4	1	2	1	1	1	2	3	1	2	4	2	2	3	4	1	2	1	2	3	2	3	1	2	2	3	3	2	1	3	3	1	1	1	2	1	2	3	3	1	2	4	3	2	2	1	3	4	1	2	1	1	2	3	3	4	1	3	3	4	2	1	3	1	2	2	1	2	3	4	1	2	2	3	3	2	3	1	1	2	2	1	1	1	3	3	1	2	3	2	4	3	3	1	3	1	2	2	1	2	2	3	4	1	2	2	3	3	3	1	3	1	2	1	2	1	3	4	1	2	2	4	2	3	1	3	1	2	3	1	2	1	1	3	1	2	2	1	2	1	1	3	4	1	1	2	1	2	1	2	3	3	1	1	1	2	1	2	2	3	4	1	1	1	1	1	2	3	3	2	1	2	1	1	2	3	4	1	2	1
TIME_ASKED
0	28849	28898	28947	28996	29045	29094	29149	29198	29247	29296	29345	29394	29429	29458	29487	29516	29545	29574	29603	29632	29661	29690	29742	29784	29826	29868	29910	29952	29994	30029	30058	30087	30116	30145	30174	30203	30232	30261	30290	30329	30358	30387	30416	30445	30474	30503	30532	30561	30590	30621	30642	30663	30684	30705	30726	30747	30768	30789	30810	30831	30852	30873	30894	30949	30998	31047	31096	31145	31194	31227	31254	31281	31308	31335	31362	31389	31416	31443	31470	31497	31524	31548	31572	31596	31620	31644	31668	31692	31716	31740	31764	31788	31837	31874	31911	31948	31985	32022	32059	32096	32159	32218	32277	32336	32395	32419	32438	32457	32476	32495	32514	32533	32552	32571	32590	32609	32628	32647	32666	32685	32759	32818	32877	32936	32995	33027	33054	33081	33108	33135	33162	33189	33216	33243	33270	33297	33333	33366	33399	33432	33465	33498	33531	33564	33597	33616	33632	33648	33664	33680	33696	33712	33728	33744	33760	33776	33792	33808	33824	33840	33856	33872	33888	33933	33966	33999	34032	34065	34098	34131	34164	34197	34242	34284	34326	34368	34410	34452	34494	34533	34566	34599	34632	34665	34698	34731	34764	34797	34827	34854	34881	34908	34935	34962	34989	35016	35043	35070	35097	35137	35174	35211	35248	35285	35322	35359	35396	35433	35466	35499	35532	35565	35598	35631	35664	35697	35723	35746	35769	35792	35815	35838	35861	35884	35907	35930	35953	35976	35999	36023	36046	36069	36092	36115	36138	36161	36184	36207	36230	36253	36276	36299	36327	36354	36381	36408	36435	36462	36489	36516	36543	36570	36597	36619	36638	36657	36676	36695	36714	36733	36752	36771	36790	36809	36828	36847	36866	36885	36949	36998	37047	37096	37145	37194	37259	37318	37377	37436	37495	37549	37598	37647	37696	37745	37794	37827	37854	37881	37908	37935	37962	37989	38016	38043	38070	38097	38123	38146	38169	38192	38215	38238	38261	38284	38307	38330	38353	38376	38399	38419	38438	38457	38476	38495	38514	38533	38552	38571	38590	38609	38628	38647	38666	38685	38742	38784	38826	38868	38910	38952	38994	39029	39058	39087	39116	39145	39174	39203	39232	39261	39290	39349	39398	39447	39496	39545	39594	39633	39666	39699	39732	39765	39798	39831	39864	39897	39937	39974	40011	40048	40085	40122	40159	40196	40242	40284	40326	40368	40410	40452	40494	40542	40584	40626	40668	40710	40752	40794	40849	40898	40947	40996	41045	41094	41133	41166	41199	41232	41265	41298	41331	41364	41397	41423	41446	41469	41492	41515	41538	41561	41584	41607	41630	41653	41676	41699	41749	41798	41847	41896	41945	41994	42099	42198	42297	42342	42384	42426	42468	42510	42552	42594	42699	42798	42897	42923	42946	42969	42992	43015	43038	43061	43084	43107	43130	43153	43176	43199	43237	43274	43311	43348	43385	43422	43459	43496	43549	43598	43647	43696	43745	43794	43899	43998	44097	44159	44218	44277	44336	44395	44459	44518	44577	44636	44695	44799	44898	44997	45033	45066	45099	45132	45165	45198	45231	45264	45297	45337	45374	45411	45448	45485	45522	45559	45596	45637	45674	45711	45748	45785	45822	45859	45896	45959	46018	46077	46136	46195	46249	46298	46347	46396	46445	46494	46537	46574	46611	46648	46685	46722	46759	46796	46821	46842	46863	46884	46905	46926	46947	46968	46989	47010	47031	47052	47073	47094	47199	47298	47397	47437	47474	47511	47548	47585	47622	47659	47696	47737	47774	47811	47848	47885	47922	47959	47996	48049	48098	48147	48196	48245	48294	48324	48348	48372	48396	48420	48444	48468	48492	48516	48540	48564	48588	48627	48654	48681	48708	48735	48762	48789	48816	48843	48870	48897	48937	48974	49011	49048	49085	49122	49159	49196	49233	49266	49299	49332	49365	49398	49431	49464	49497	49537	49574	49611	49648	49685	49722	49759	49796	49827	49854	49881	49908	49935	49962	49989	50016	50043	50070	50097	50149	50198	50247	50296	50345	50394	50424	50448	50472	50496	50520	50544	50568	50592	50616	50640	50664	50688	50737	50774	50811	50848	50885	50922	50959	50996	51027	51054	51081	51108	51135	51162	51189	51216	51243	51270	51297	51324	51348	51372	51396	51420	51444	51468	51492	51516	51540	51564	51588	51637	51674	51711	51748	51785	51822	51859	51896	51933	51966	51999	52032	52065	52098	52131	52164	52197	52259	52318	52377	52436	52495	52517	52534	52551	52568	52585	52602	52619	52636	52653	52670	52687	52704	52721	52738	52755	52772	52789	52859	52918	52977	53036	53095	53137	53174	53211	53248	53285	53322	53359	53396	53459	53518	53577	53636	53695	53733	53766	53799	53832	53865	53898	53931	53964	53997	54027	54054	54081	54108	54135	54162	54189	54216	54243	54270	54297	54374	54448	54522	54596	54627	54654	54681	54708	54735	54762	54789	54816	54843	54870	54897	55049	55198	55237	55274	55311	55348	55385	55422	55459	55496	55574	55648	55722	55796	55827	55854	55881	55908	55935	55962	55989	56016	56043	56070	56097	56399	56499	56598	56697	56733	56766	56799	56832	56865	56898	56931	56964	56997	57049	57098	57147	57196	57245	57294	57359	57418	57477	57536	57595
ORIGIN
26	16	6	27	19	25	27	23	25	25	23	10	2	14	14	14	14	14	3	23	16	4	26	16	14	14	16	7	27	27	27	7	9	9	1	23	14	14	23	13	14	14	14	3	24	14	14	14	11	6	27	18	7	27	20	8	18	14	10	2	23	14	2	26	14	9	23	14	4	14	15	5	14	25	7	27	14	14	3	14	14	1	23	11	2	2	14	2	27	14	3	24	14	5	1	7	5	1	18	7	2	20	8	1	1	4	17	23	12	2	14	14	14	27	14	4	24	15	4	27	16	14	3	14	7	2	2	14	2	16	10	2	23	12	14	14	14	4	14	14	4	27	27	16	14	23	7	27	20	14	14	23	10	14	23	11	2	14	14	14	14	14	4	24	15	4	26	16	8	14	26	7	26	14	14	18	14	3	14	23	12	2	27	14	3	1	14	14	27	11	8	8	5	25	27	20	8	2	14	9	1	23	20	2	23	5	4	27	14	4	14	14	4	23	16	5	23	23	14	14	20	8	3	14	14	2	14	12	2	23	14	3	23	14	14	11	27	5	23	25	14	23	10	8	27	23	14	23	14	12	3	14	14	27	16	16	14	14	1	4	26	16	5	14	17	7	8	4	8	27	14	14	14	27	27	2	23	13	3	23	14	4	14	11	11	1	25	14	3	26	2	27	23	8	1	3	10	2	2	14	14	27	5	1	25	11	14	26	16	5	1	16	7	27	1	14	27	14	14	2	9	20	14	23	13	2	27	14	3	20	20	14	1	7	14	3	26	14	2	2	8	1	23	10	26	23	12	2	2	14	14	14	14	14	14	15	5	26	25	7	14	26	14	3	3	14	23	16	20	2	14	13	2	23	14	14	24	14	7	1	1	14	23	26	14	7	11	8	1	23	10	1	14	12	2	14	14	14	14	27	14	27	11	27	26	16	3	27	27	7	14	10	14	3	14	20	2	14	12	2	23	14	3	7	14	4	26	16	14	26	1	1	1	26	20	1	23	10	1	14	14	2	14	14	14	14	14	14	3	11	27	20	16	6	27	19	7	27	22	3	3	3	2	2	23	3	11	23	14	3	23	14	27	27	11	14	1	16	14	26	14	14	14	23	9	26	23	11	2	23	4	27	27	14	14	2	14	8	8	16	5	27	18	7	27	20	8	14	14	14	22	2	23	2	2	14	3	23	14	4	24	12	5	25	14	25	26	2	23	23	26	9	1	23	11	2	23	12	26	14	14	27	27	15	14	27	14	5	26	17	7	27	20	27	3	14	14	27	27	20	2	14	14	3	23	14	4	24	15	4	25	14	25	3	26	2	11	27	14	1	23	10	2	23	12	14	14	14	14	27	15	14	27	14	5	26	16	7	27	20	11	23	14	3	1	9	2	14	2	26	2	23	14	3	24	14	4	26	14	14	26	14	2	14	14	14	14	23	10	2	23	12	2	14	4	3	27	14	27	11	5	14	26	14	7	27	19	8	14	14	14	3	23	20	2	14	5	27	23	14	3	24	14	4	14	7	14	1	18	7	2	26	14	3	3	10	1	23	12	2	23	3	27	27	14	4	11	14	8	25	16	6	27	19	7	27	14	3	3	20	10	2	22	14	16	23	14	3	23	14	4	20	27	1	1	16	7	1	26	14	4	23	9	1	23	11	2	23	13	14	14	14	4	11	11	14	1	27	6	27	18	7	27	21	14	14	23	10	22	23	23	2	2	14	3	23	14	4	25	16	25	1	16	7	27	26	14	14	2	9	1	23	11	27	23	13	14	14	14	3	24	14	14	1	7	5	27	18	7	27	20	8	12	17	10	1	23	12	2	7	8
DESTINATION
3	14	17	2	22	14	2	26	14	14	27	14	14	25	25	16	25	25	14	4	14	14	3	14	9	9	16	20	2	23	23	13	14	14	14	27	5	5	1	7	5	5	26	14	2	20	20	8	12	17	2	27	20	2	14	14	27	16	14	14	27	25	27	23	25	14	3	26	14	2	14	14	2	14	20	2	16	4	26	16	16	14	27	15	14	27	16	14	23	9	14	1	26	14	23	13	14	23	27	20	24	14	14	14	14	14	6	27	11	27	20	20	8	18	26	14	2	14	14	18	14	3	23	3	23	14	14	5	14	14	14	14	27	11	8	5	25	14	1	26	14	2	2	14	2	27	20	2	14	5	4	27	14	4	1	20	14	20	20	8	1	1	14	2	14	14	3	14	14	2	14	23	14	15	4	27	16	14	8	27	11	14	23	25	14	23	10	10	23	12	14	14	14	14	2	14	14	27	16	14	14	1	7	14	1	14	14	23	10	14	4	26	14	27	14	14	27	27	4	4	14	14	26	16	8	14	4	11	14	1	25	14	3	26	2	12	23	14	27	14	3	1	14	14	2	27	5	1	25	11	14	20	20	2	14	14	9	1	23	14	3	14	14	2	9	20	14	14	14	23	16	16	5	23	23	14	1	7	14	3	26	14	2	12	12	23	14	3	23	14	14	2	26	14	14	26	14	14	14	8	8	23	14	23	14	12	3	3	14	14	23	16	20	2	14	4	3	16	5	14	17	7	8	1	7	14	23	26	14	7	11	2	23	13	3	23	14	4	14	14	14	14	27	14	14	27	11	27	27	8	8	1	10	1	2	14	14	3	14	20	2	14	2	26	26	16	1	16	7	27	1	7	14	1	26	1	1	26	20	23	23	2	27	14	3	20	20	14	14	27	14	14	3	11	27	2	8	1	1	23	26	23	12	23	3	14	14	2	2	23	3	14	5	26	25	7	14	26	11	14	1	25	14	13	26	14	14	16	2	14	23	14	24	14	7	14	27	14	14	8	2	14	8	20	8	1	10	1	14	12	2	14	14	17	2	22	23	2	2	26	26	26	27	27	7	14	12	1	25	14	4	26	2	23	12	2	23	14	3	14	4	26	26	27	14	14	27	15	14	27	14	23	23	26	1	14	2	14	14	14	14	2	27	20	2	14	14	16	16	16	19	27	7	27	22	25	14	3	26	14	2	11	14	14	3	14	14	27	27	27	3	14	14	27	15	14	27	11	14	9	9	23	23	11	2	23	4	14	3	9	20	2	14	2	26	16	5	18	18	7	27	20	8	14	3	26	14	2	14	14	14	3	14	23	14	24	12	23	5	14	27	14	14	27	11	5	1	9	1	23	11	2	23	4	14	3	16	20	2	14	12	27	5	26	14	17	27	20	27	3	14	1	26	14	2	26	14	3	3	3	14	4	24	15	4	4	25	27	14	14	27	11	14	8	14	14	23	2	23	12	14	25	3	20	20	2	22	14	16	5	5	26	27	7	27	20	14	23	1	26	14	1	26	14	4	13	2	23	27	20	24	14	4	26	14	14	14	27	11	14	1	26	23	23	10	14	12	2	14	14	14	17	2	22	23	2	5	26	26	14	14	27	19	8	14	1	25	14	5	26	14	14	2	23	23	16	20	24	14	4	14	27	14	14	27	20	14	1	7	3	3	26	14	12	12	2	23	23	17	2	27	23	2	7	8	8	27	14	19	7	7	27	27	25	14	4	2	14	14	14	14	23	14	20	2	14	4	20	27	14	14	27	15	23	27	7	9	9	26	14	1	2	2	23	13	14	2	27	20	2	14	14	11	6	14	14	27	11	27	21	14
DUE_DATE
0	31147	30476	30525	30094	31343	30192	30247	30296	30825	30394	30443	31692	31007	30016	30585	31094	31123	30672	31901	31210	30759	30788	30300	31362	30924	30966	32208	31530	31572	31127	31156	30645	31214	30703	32472	31781	31330	31359	31388	30887	31456	30945	31994	32023	31572	31601	32110	31659	31148	32919	32220	32241	31782	31803	31284	32325	33066	33087	32388	31389	31950	33171	32472	33247	33296	33345	32674	32723	32292	32325	32352	32379	33606	33633	32940	32487	33714	33021	33768	32055	32622	33846	33150	33174	32718	32742	32766	32250	34014	32298	34062	33366	32935	34172	33489	34246	33083	33600	33637	33194	32717	33316	33855	33434	33493	34717	34736	34035	33574	33593	34092	34831	34130	33129	34888	34187	33726	34945	34244	33783	33317	35116	34455	34514	34093	34125	35352	34659	35406	35433	34740	34287	34314	34341	34368	34395	33891	35664	35697	35010	35043	34596	35829	35862	35175	34174	35930	35226	34762	34778	34794	35290	34826	36042	35338	35354	34890	34366	36122	35418	36154	34430	36186	35511	35064	35097	35130	34623	35676	36429	36462	35775	35340	34842	35904	36666	35988	35550	36792	36111	36144	35697	36930	35763	35256	35829	37062	36375	35925	35952	37179	37206	37233	37260	36567	36594	36141	35628	36195	35695	36272	37509	37546	36863	36420	36457	36974	37731	37044	37077	37110	36663	36156	36189	37242	36795	36821	38044	38067	37370	36913	36936	38159	38182	37485	38228	38251	37554	37097	36581	38344	37647	37190	36673	38436	37739	37762	37305	38528	37831	38574	38597	37905	37452	37479	38706	37533	37560	37587	37074	38841	38148	38175	37717	37196	38235	38974	38993	39012	38311	37850	37869	39088	37907	38406	37945	39164	38463	38527	38096	37605	38674	39443	38772	37817	39616	38955	38534	38593	38647	39176	38745	39994	40043	39372	38925	38412	40179	39486	40233	40260	39567	39594	38601	39168	40395	39221	39244	40467	39770	39313	39336	39839	40582	39885	40628	40651	39954	39977	39517	38996	39555	39034	39593	40812	40831	40130	39669	39688	40907	40206	40945	40964	40263	40320	39882	39384	40446	40008	40050	41292	41327	40636	40185	40214	40723	41472	40781	39790	41559	40868	40447	41696	40545	41074	40103	40692	41931	41244	41277	40830	40323	42096	41409	42162	41475	41035	41072	40569	41146	41183	42420	42457	42494	41820	41862	41424	41946	42708	42030	41052	42840	42162	41724	41766	42288	41850	41892	43147	41996	43245	42574	42623	43392	43431	42744	42297	41790	43563	42876	42429	42942	42495	41981	43744	42567	43790	43093	42096	43859	43162	43905	42728	43951	43254	43277	42847	43376	42945	42994	44243	42552	44397	43776	44595	43920	44682	43524	43566	44808	44130	44172	43797	43356	43995	44501	45244	44067	45290	44593	45336	44639	45382	44685	44228	44251	45474	44777	44815	44372	44409	44926	44483	45720	44017	44054	45847	45896	45225	45994	45323	44892	44997	46296	45675	45257	44776	45375	45434	46693	46037	46816	46155	46934	46273	46377	45996	45555	47331	46644	46197	46230	45723	46296	47529	46362	47595	46915	47672	47709	47026	47063	46620	46117	47894	46735	47252	46809	46846	47363	48120	46957	46994	48257	48316	48375	47714	47773	47827	47396	46905	48694	48023	47592	47635	48872	48189	48946	47783	47820	49057	48374	49119	49140	48441	47982	47463	49224	48525	47526	48087	48588	48129	49350	48651	48672	48777	49596	48495	48535	48572	49809	49126	49163	48720	49237	48254	50035	48872	48369	50146	50183	50220	49537	50294	49627	49196	49245	50494	49823	49392	49902	49446	49950	50694	49518	49002	50766	50070	50814	50118	50142	49686	49725	49212	50979	49266	49833	50340	50367	51114	49941	51168	50475	51235	51272	50589	50626	50183	49680	51457	50294	50331	49824	50397	50910	51663	50496	51729	51042	51795	51835	51152	50709	50746	51983	51300	50317	50894	51405	51432	52179	51006	51033	52260	52287	51594	52341	51648	51675	51247	50756	52545	51874	51443	51492	52002	52746	51570	51594	51078	52842	52146	52890	52914	52938	52242	51786	53035	52352	51369	52426	52463	52020	51517	53294	52605	53352	52659	52206	52713	52260	53487	52794	52821	52368	52395	52902	53646	52470	52494	53718	53742	53766	53070	53814	53118	52662	52686	53935	53252	52269	52846	53363	53400	54157	52994	52491	54264	53577	54330	54363	53676	53229	53262	52755	54557	53416	53475	52994	54073	54815	53632	54849	54146	54163	54900	54197	53734	53211	54968	54265	54282	53819	53836	54333	53870	55087	55157	54496	54555	55334	55393	55435	54272	54309	55546	54863	54420	54937	53954	54557	54616	55875	54734	55993	55311	55344	56097	55410	55443	54996	54489	56262	55575	55605	55152	55179	55206	56433	55260	56487	55794	56541	55848	56595	55472	55006	56820	56174	56205	55212	56259	55806	57033	55860	57087	56394	55941	57168	56475	57347	57496	56335	57572	56889	56926	57683	57000	57757	57794	56672	56206	58020	58094	57405	58152	57459	58206	57513	57060	57087	58314	58341	58368	57675	58697	58077	58176	57795	57291	59064	59097	59130	59163	59196	58509	58062	58095	58627	59396	58725	59494	59543	58872	58457	57976	59775	59114	59893
TRANSPORT_MODE
0	2	1	1	1	1	0	0	0	2	1	1	1	2	0	0	0	1	1	1	1	0	0	0	0	2	1	1	1	1	0	0	0	2	1	1	1	1	0	0	0	2	1	1	1	1	0	0	0	2	1	1	1	1	0	0	0	3	1	1	1	1	0	0	0	0	2	1	1	1	1	0	0	3	1	1	1	0	0	0	0	2	1	1	1	1	0	0	0	3	1	1	1	1	0	0	0	2	1	1	1	1	0	0	0	0	3	1	1	1	1	0	0	0	2	1	1	1	1	0	0	0	3	1	1	1	1	0	0	0	2	1	1	1	0	0	0	0	3	1	1	1	1	0	0	0	2	1	1	1	1	0	0	0	3	1	1	1	1	0	0	0	2	1	1	1	1	0	0	0	3	1	1	1	1	0	0	0	0	1	2	1	1	1	0	0	0	3	1	1	1	0	0	0	1	2	1	1	1	0	0	0	3	1	1	1	1	0	0	0	2	1	1	1	1	0	0	0	3	1	1	1	1	0	0	0	0	2	1	1	1	1	0	0	0	3	1	1	1	1	0	0	0	2	1	1	1	0	0	0	0	3	1	1	1	1	0	0	0	2	1	1	1	1	0	0	0	3	1	1	1	1	0	0	0	2	1	1	1	1	0	0	0	3	1	1	1	1	0	0	0	2	1	1	0	1	1	0	0	3	1	1	1	0	0	0	0	2	1	1	1	1	0	0	0	3	1	1	1	1	0	0	0	2	1	1	1	1	0	0	0	3	1	1	1	1	0	0	0	2	1	1	1	1	0	0	0	0	3	1	1	1	2	0	0	1	1	1	1	0	0	0	0	3	1	1	1	2	0	0	0	1	1	1	1	0	0	0	0	3	1	1	1	1	0	0	0	2	1	1	1	1	0	0	0	3	1	1	1	1	0	0	0	1	2	1	1	1	0	0	0	3	1	1	1	0	0	0	0	2	1	1	1	1	0	0	0	3	1	1	1	0	0	0	0	1	2	1	1	1	0	0	0	1	3	1	1	1	0	0	0	1	2	1	1	1	0	0	0	1	3	1	1	1	0	0	0	1	1	1	1	0	0	0	1	3	1	1	1	0	0	0	2	1	1	1	0	0	0	0	1	3	1	1	1	0	0	0	1	2	1	1	1	0	0	0	0	1	3	1	1	1	0	0	0	1	2	1	1	1	0	0	1	1	1	1	0	0	0	0	1	2	1	1	1	0	0	0	3	1	1	1	0	0	0	0	1	2	1	1	1	0	0	0	1	3	1	1	1	0	0	0	1	2	1	1	1	0	0	0	1	3	1	1	1	0	0	0	1	1	1	1	0	0	0	0	1	3	1	1	1	0	0	1	2	1	1	0	0	0	0	1	3	1	1	1	0	0	0	1	2	1	1	1	0	0	0	1	3	1	1	1	0	0	0	0	1	2	1	1	1	0	0	1	1	1	1	0	0	0	0	1	2	1	1	1	0	0	0	3	1	1	1	0	0	0	0	1	2	1	1	1	0	0	0	1	3	1	1	1	0	0	0	1	2	1	1	1	0	0	0	1	3	1	1	1	0	0	2	1	1	1	0	1	0	0	0	1	3	1	1	1	0	0	0	2	1	1	1	0	0	0	0	1	3	1	1	1	0	0	0	1	2	1	1	1	0	0	0	1	3	1	1	1	0	0	0	1	2	1	1	1	0	0	0	3	1	1	1	1	0	0	0	3	1	1	1	1	0	0	0	3	1	1	1	0	0	0	0	3	1	1	1	1	0	0	0	3	1	1	1	1	0	0	0	3	1	1	1	1	0	0	0	3	1	1	1	1	0	0	0
PATIENT_WEIGHT
124	30	33	99	84	144	133	126	117	143	44	92	120	115	48	67	64	137	93	126	31	61	46	115	101	84	92	131	129	58	92	103	46	51	93	94	48	94	74	112	113	77	88	51	103	144	59	109	53	98	146	62	54	57	128	93	52	100	118	69	40	105	97	115	135	117	148	86	43	74	33	56	51	124	38	134	54	103	56	67	68	103	121	70	113	145	49	62	136	123	135	74	126	39	78	83	66	90	145	36	106	141	145	97	110	144	43	44	104	130	87	141	69	73	93	103	92	114	105	145	31	132	51	137	77	55	93	143	139	63	117	50	75	87	104	136	43	51	63	51	72	66	104	112	85	70	81	143	78	67	30	115	90	113	96	39	96	135	96	82	73	118	79	63	44	107	58	50	68	54	130	124	100	70	139	60	87	61	131	137	90	74	90	76	109	39	81	44	53	114	69	109	54	34	108	42	46	60	79	76	103	46	93	69	66	58	119	52	146	62	86	111	135	147	126	90	87	104	86	70	77	32	42	61	35	78	91	93	145	36	51	127	116	81	105	65	144	81	120	102	60	98	48	84	84	114	138	146	145	109	92	70	100	81	144	70	53	82	58	68	70	79	45	126	108	49	84	132	63	39	144	114	116	111	131	98	92	78	135	133	79	139	136	108	109	30	113	119	83	94	146	89	116	125	46	74	129	94	120	67	44	78	117	33	43	63	92	46	102	106	54	47	144	95	117	87	127	71	67	143	123	101	122	123	71	114	100	94	66	110	106	94	48	149	30	150	36	53	48	146	102	62	36	126	75	57	85	38	32	65	33	69	42	53	43	32	95	89	68	93	58	36	96	32	123	110	138	127	141	45	56	71	57	114	107	90	148	89	108	64	105	127	55	70	86	56	124	113	77	138	107	90	114	33	114	105	81	96	78	41	96	113	90	99	74	118	126	71	50	72	34	118	132	69	55	49	71	73	56	89	99	96	32	36	126	99	77	67	114	92	120	150	93	146	64	106	69	111	132	44	70	79	95	45	109	140	97	112	85	58	34	133	136	99	111	130	98	80	65	69	74	33	43	30	116	68	84	112	133	50	64	77	113	40	88	117	33	137	46	119	72	88	141	71	109	123	88	47	115	142	85	122	114	128	150	101	99	90	66	41	117	96	148	50	113	83	131	96	103	117	56	42	39	77	126	126	75	49	37	96	129	114	140	133	45	82	124	75	140	52	37	88	109	37	51	112	49	142	110	64	96	89	143	110	139	126	104	100	149	127	63	65	104	73	64	92	83	97	117	94	110	63	106	114	141	120	62	56	95	144	64	60	133	98	103	98	129	103	70	78	43	101	82	149	106	139	109	74	138	80	121	100	132	110	34	107	104	52	40	31	110	97	69	108	30	141	149	108	114	74	125	95	102	146	134	102	85	56	93	53	90	33	54	71	133	50	146	97	52	107	131	136	106	110	105	137	66	57	72	36	69	42	143	106	138	77	34	67	117	133	73	118	92	113	43	41	126	112	118	135	96	144	82	111	43	92	33	86	145	51	70	74	89	56	46	116	89	79	48	45	116	72	144	133	75	130	142	109	144	73	136	149	63	112	73	148	126	93	147	71	62	68	38	118	61	98	68	96	45	47	117	47	131	30	117	47	55	143	117	35	77	87	104	47	96	127	149	100	117	37	133	69	63	97	111	63	71	97	110	131	86	41	146	57	142	130	140	95	74	123	145	72	108	57	148	113	91	102	61	57	118	78	146	65	59	138	57	57	139	144	83	102	148	128	35	92	50	143	33	107	140	64	117	87	79	105	64	131	140	122	80	77	94	78	121	86	134	115	120	131	128
DISTANCE_MATRIX
0	360	318	300	288	276	264	264	150	150	150	60	90	90	162	168	204	228	234	312	360	408	348	318	168	192	168	318
360	60	264	318	324	342	342	342	348	348	354	360	372	378	378	420	420	480	462	498	462	462	384	420	372	420	378	378
318	264	60	270	276	288	288	288	294	294	294	318	318	324	324	414	414	468	462	486	462	462	330	366	366	408	372	324
300	318	270	60	276	288	288	288	288	288	288	300	300	312	318	408	408	468	462	486	438	438	318	360	360	402	360	312
288	324	276	276	60	276	276	276	276	276	276	288	288	300	300	402	396	462	456	480	432	432	300	360	360	402	348	300
276	342	288	288	276	60	180	180	252	258	264	264	264	288	288	390	390	456	450	480	432	432	288	348	348	348	288	288
264	342	288	288	276	180	60	180	246	258	264	264	264	288	288	390	390	456	450	480	432	432	288	348	348	348	288	288
264	342	288	288	276	180	180	60	240	258	264	264	264	288	288	390	390	456	450	480	432	432	288	348	348	348	288	288
150	348	294	288	276	252	246	240	60	120	120	150	126	270	270	378	384	420	438	480	420	408	276	300	300	300	276	270
150	348	294	288	276	258	258	258	120	60	120	150	150	270	270	378	384	420	438	480	420	408	276	300	300	300	276	270
150	354	294	288	276	264	264	264	120	120	60	150	150	270	270	378	384	420	438	480	420	408	276	300	300	300	276	270
60	360	318	300	288	264	264	264	150	150	150	60	90	162	168	228	234	312	360	408	348	318	168	192	192	198	168	162
90	372	318	300	288	264	264	264	150	150	150	90	60	162	168	228	234	312	360	408	348	318	168	192	192	198	168	162
90	378	324	312	300	288	288	288	270	270	270	162	162	60	120	180	180	306	210	360	300	300	120	180	120	180	120	234
162	378	324	318	300	288	288	288	270	270	270	168	168	120	60	180	180	306	210	360	300	300	120	180	120	180	120	120
168	420	414	408	402	348	348	348	300	300	300	228	228	180	180	60	132	204	132	348	258	258	186	60	180	132	222	180
204	420	414	408	396	390	390	390	384	384	384	234	234	180	180	132	60	204	132	348	258	258	186	60	180	132	222	180
228	480	468	468	462	456	456	456	420	420	420	312	312	306	306	204	204	60	198	120	240	240	306	204	306	138	306	306
234	462	462	462	456	450	450	450	438	438	438	360	360	210	210	132	132	198	60	138	132	132	210	132	210	132	210	210
312	498	486	486	480	480	480	480	480	480	480	408	408	360	360	348	348	120	138	60	348	348	360	348	360	348	360	360
360	462	462	438	432	432	432	432	420	420	420	348	348	300	300	258	258	240	132	348	60	60	300	258	300	258	300	300
408	462	462	438	432	432	432	432	408	408	408	318	318	300	300	258	258	240	132	348	60	60	300	258	300	258	300	300
348	384	330	318	300	288	288	288	276	276	276	168	168	120	120	186	186	306	210	360	300	300	60	186	120	186	120	120
318	420	366	360	360	348	348	348	300	300	300	192	192	180	180	60	60	204	132	348	258	258	186	60	180	60	180	180
168	372	300	306	300	288	288	288	270	270	270	168	168	120	120	180	180	306	210	360	300	300	120	180	60	180	120	120
192	420	408	402	402	348	348	348	300	300	300	198	198	180	180	132	132	138	132	348	258	258	186	60	180	60	180	180
168	378	372	360	348	288	288	288	276	276	276	168	168	120	120	222	222	306	210	360	300	300	120	180	120	180	60	120
318	378	324	312	300	288	288	288	270	270	270	162	162	234	120	180	180	306	210	360	300	300	120	180	120	180	120	60
DEPOTS_DISTANCE
234	462	462	462	456	450	450	450	438	438	438	360	360	210	210	132	132	198	60	138	132	132	210	132	210	132	210	210	
348	384	330	318	300	288	288	288	276	276	276	168	168	120	120	186	186	306	210	360	300	300	60	186	120	186	120	120	
318	420	366	360	360	348	348	348	300	300	300	192	192	180	180	60	60	204	132	348	258	258	186	60	180	60	180	180	
LOCATION_TURN_MATRIX
100	130	122	113	112	199	136	122	129	152	173	146	151	136	158	140	176	113	122	167	194	134	110	172	114	184	100	147	
170	100	154	188	164	169	136	136	152	170	104	183	155	115	101	104	155	187	174	115	149	134	178	168	114	135	168	102	
178	146	100	161	178	114	104	165	117	139	126	169	192	109	120	179	160	152	154	134	113	140	154	179	196	196	192	181	
187	112	139	100	158	114	195	181	104	132	195	106	183	169	132	170	140	136	172	148	116	110	123	136	151	120	176	169	
188	136	122	142	100	175	164	159	112	100	167	164	135	191	132	181	104	123	142	156	108	117	193	182	116	147	156	185	
101	131	186	186	125	100	190	147	164	150	137	102	145	176	185	131	113	108	117	186	118	151	140	178	154	189	172	110	
164	164	196	105	136	110	100	186	153	151	183	193	111	157	144	123	188	142	110	163	105	190	166	187	170	171	186	126	
178	164	135	119	141	153	114	100	106	130	108	103	151	178	122	151	130	133	184	177	110	141	166	110	122	174	191	197	
171	148	183	196	188	136	147	194	100	167	100	146	168	129	128	142	172	118	174	147	105	158	156	160	120	106	119	136	
148	130	161	168	200	150	149	170	133	100	177	106	175	116	188	180	176	194	108	146	130	187	183	173	128	141	169	176	
127	196	174	105	133	163	117	192	200	123	100	171	175	140	183	115	104	186	128	153	151	175	100	146	191	117	132	197	
154	117	131	194	136	198	107	197	154	194	129	100	136	184	140	147	172	184	148	131	103	156	185	200	152	158	154	143	
149	145	108	117	165	155	189	149	132	125	125	164	100	140	199	142	101	144	163	185	117	191	200	143	113	165	102	154	
164	185	191	131	109	124	143	122	171	184	160	116	160	100	109	116	196	113	131	186	166	139	183	175	144	161	105	170	
142	199	180	168	168	115	156	178	172	112	117	160	101	191	100	147	177	177	199	158	172	188	164	175	180	168	154	195	
160	196	121	130	119	169	177	149	158	120	185	153	158	184	153	100	152	159	197	157	181	159	102	123	168	200	124	186	
124	145	140	160	196	187	112	170	128	124	196	128	199	104	123	148	100	149	114	112	117	135	105	132	138	180	198	156	
187	113	148	164	177	192	158	167	182	106	114	116	156	187	123	141	151	100	166	132	168	163	159	123	129	173	161	116	
178	126	146	128	158	183	190	116	126	192	172	152	137	169	101	103	186	134	100	184	199	137	130	160	148	113	140	150	
133	185	166	152	144	114	137	123	153	154	147	169	115	114	142	143	188	168	116	100	111	195	128	157	191	164	141	171	
106	151	187	184	192	182	195	190	195	170	149	197	183	134	128	119	183	132	101	189	100	129	151	163	147	166	104	177	
166	166	160	190	183	149	110	159	142	113	125	144	109	161	112	141	165	137	163	105	171	100	101	185	169	129	103	197	
190	122	146	177	107	160	134	134	144	117	200	115	100	117	136	198	195	141	170	172	149	199	100	106	150	116	118	145	
128	132	121	164	118	122	113	190	140	127	154	100	157	125	125	177	168	177	140	143	137	115	194	100	128	167	115	155	
186	186	104	149	184	146	130	178	180	172	109	148	187	156	120	132	162	171	152	109	153	131	150	172	100	155	124	184	
116	165	104	180	153	111	129	126	194	159	183	142	135	139	132	100	120	127	187	136	134	171	184	133	145	100	129	192	
200	132	108	124	144	128	114	109	181	131	168	146	198	195	146	176	102	139	160	159	196	197	182	185	176	171	100	146	
153	198	119	131	115	190	174	103	164	124	103	157	146	130	105	114	144	184	150	129	123	103	155	145	116	108	154	100	
DEPOTS_TO_LOCAL_TURN_MATRIX
178	126	146	128	158	183	190	116	126	192	172	152	137	169	101	103	186	134	100	184	199	137	130	160	148	113	140	150	
190	122	146	177	107	160	134	134	144	117	200	115	100	117	136	198	195	141	170	172	149	199	100	106	150	116	118	145	
128	132	121	164	118	122	113	190	140	127	154	100	157	125	125	177	168	177	140	143	137	115	194	100	128	167	115	155	
LOCAL_TO_DEPOT_TURN_MATRIX
122	174	154	172	142	117	110	184	174	108	128	148	163	131	199	197	114	166	100	116	101	163	170	140	152	187	160	150	
110	178	154	123	193	140	166	166	156	183	100	185	200	183	164	102	105	159	130	128	151	101	100	194	150	184	182	155	
172	168	179	136	182	178	187	110	160	173	146	200	143	175	175	123	132	123	160	157	163	185	106	100	172	133	185	145	

