INDEX_PROBLEM
1
PATIENTS
800
STRETCHERS
16
NUM_ROOM
28
NUM_DEPOT
3
NUM_PRIORITY
4
PRIORITY_LIST
0	1	2	3	4
PRIORITY_WEIGHT
0	1	10	18	30
PRIORITY_JOB
0	1	2	3	4	1	3	3	3	2	3	4	1	2	4	3	3	4	2	3	3	4	3	4	4	4	1	2	3	4	3	4	4	2	2	3	4	3	4	3	3	1	2	3	4	4	4	3	3	1	2	3	4	4	4	3	4	1	1	2	3	4	1	2	1	1	2	3	4	1	4	4	3	4	1	2	3	3	2	1	2	1	2	3	4	1	4	3	3	4	2	2	3	4	1	2	1	1	2	3	4	1	4	3	4	4	2	2	3	2	2	1	2	4	1	2	3	4	4	3	4	4	1	1	2	3	4	2	1	4	1	2	3	1	3	4	3	3	1	2	3	4	2	1	1	4	2	2	3	1	4	3	3	2	4	1	2	3	4	1	2	2	4	2	2	3	4	4	3	4	1	4	1	2	3	1	2	2	4	1	2	3	4	4	3	1	4	4	1	2	1	2	1	3	3	3	1	2	1	4	3	3	4	4	2	2	1	2	1	3	3	4	1	2	1	4	4	3	3	4	4	2	2	2	1	2	2	3	4	1	2	4	4	4	1	3	4	1	2	1	2	2	3	4	1	2	3	3	4	1	3	1	3	4	1	1	2	2	3	4	4	2	3	3	4	2	1	2	3	1	2	1	2	2	3	4	4	2	4	3	4	4	2	1	3	4	4	1	2	1	1	2	3	4	4	3	3	1	1	2	3	4	2	1	1	4	1	2	3	3	4	3	3	1	1	2	3	4	2	1	2	4	2	2	3	4	1	4	3	4	2	3	4	4	1	2	1	2	2	2	3	4	1	4	4	3	2	1	3	4	2	1	2	1	2	3	4	4	3	3	4	1	1	2	3	3	1	1	2	1	2	3	4	4	3	4	3	1	2	1	2	3	4	2	1	1	2	3	4	4	3	4	2	2	2	1	3	4	1	2	2	4	1	2	4	3	3	4	1	4	1	1	2	3	2	1	1	4	1	2	3	3	3	3	4	1	1	2	3	4	2	1	1	4	2	3	3	4	3	3	4	1	2	3	4	2	2	1	3	4	2	2	3	4	4	4	4	1	2	1	3	2	1	2	4	1	2	3	4	3	3	4	1	1	2	1	3	3	1	2	4	1	2	3	4	3	3	4	1	2	3	1	3	4	2	1	1	2	3	4	3	4	4	3	2	2	2	1	3	4	1	2	2	1	2	3	4	4	4	3	3	1	2	1	3	4	1	2	1	1	2	3	3	4	4	3	1	1	2	3	4	1	2	1	3	2	3	3	4	1	4	3	4	2	1	3	4	4	1	2	2	3	2	2	3	4	1	4	4	3	2	3	1	4	1	2	1	1	2	3	4	1	4	3	3	2	3	1	3	4	2	1	1	1	2	3	4	2	4	3	3	3	1	3	4	1	2	1	1	2	3	4	4	2	4	3	4	2	2	1	3	4	1	2	1	2	2	3	4	1	4	3	4	2	1	3	4	1	1	2	1	2	3	3	1	2	3	3	4	3	1	4	4	2	1	2	1	3	3	4	1	2	3	3	4	1	3	4	2	2	2	1	2	3	3	4	1	2	3	4	4	3	4	1	4	1	1	2	1	2	3	4	1	2	4	3	3	3	1	3	1	2	2	1	1	3	4	4	2	3	4	3	3	1	3	1	2	3	2	1	1	4	4	2	2	3	4	3	4	2	4	1	1	2	3	2	1	2	4	1	2	3	4	3	4	1	4	1	2	3	1	2	1	1	4	4	1	1	1	2	2	3	4	2	3	1	1	2	2	1	3	4	1	1	1	2	1	2	3	4	4	2	2	2	1	1	2	3	1	2	2	1	1	1	3	4	4	2	1	2	2
TIME_ASKED
0	28849	28898	28947	28996	29045	29094	29149	29198	29247	29296	29345	29394	29429	29458	29487	29516	29545	29574	29603	29632	29661	29690	29742	29784	29826	29868	29910	29952	29994	30029	30058	30087	30116	30145	30174	30203	30232	30261	30290	30329	30358	30387	30416	30445	30474	30503	30532	30561	30590	30621	30642	30663	30684	30705	30726	30747	30768	30789	30810	30831	30852	30873	30894	30949	30998	31047	31096	31145	31194	31227	31254	31281	31308	31335	31362	31389	31416	31443	31470	31497	31524	31548	31572	31596	31620	31644	31668	31692	31716	31740	31764	31788	31837	31874	31911	31948	31985	32022	32059	32096	32159	32218	32277	32336	32395	32419	32438	32457	32476	32495	32514	32533	32552	32571	32590	32609	32628	32647	32666	32685	32759	32818	32877	32936	32995	33027	33054	33081	33108	33135	33162	33189	33216	33243	33270	33297	33333	33366	33399	33432	33465	33498	33531	33564	33597	33616	33632	33648	33664	33680	33696	33712	33728	33744	33760	33776	33792	33808	33824	33840	33856	33872	33888	33933	33966	33999	34032	34065	34098	34131	34164	34197	34242	34284	34326	34368	34410	34452	34494	34533	34566	34599	34632	34665	34698	34731	34764	34797	34827	34854	34881	34908	34935	34962	34989	35016	35043	35070	35097	35137	35174	35211	35248	35285	35322	35359	35396	35433	35466	35499	35532	35565	35598	35631	35664	35697	35723	35746	35769	35792	35815	35838	35861	35884	35907	35930	35953	35976	35999	36023	36046	36069	36092	36115	36138	36161	36184	36207	36230	36253	36276	36299	36327	36354	36381	36408	36435	36462	36489	36516	36543	36570	36597	36619	36638	36657	36676	36695	36714	36733	36752	36771	36790	36809	36828	36847	36866	36885	36949	36998	37047	37096	37145	37194	37259	37318	37377	37436	37495	37549	37598	37647	37696	37745	37794	37827	37854	37881	37908	37935	37962	37989	38016	38043	38070	38097	38123	38146	38169	38192	38215	38238	38261	38284	38307	38330	38353	38376	38399	38419	38438	38457	38476	38495	38514	38533	38552	38571	38590	38609	38628	38647	38666	38685	38742	38784	38826	38868	38910	38952	38994	39029	39058	39087	39116	39145	39174	39203	39232	39261	39290	39349	39398	39447	39496	39545	39594	39633	39666	39699	39732	39765	39798	39831	39864	39897	39937	39974	40011	40048	40085	40122	40159	40196	40242	40284	40326	40368	40410	40452	40494	40542	40584	40626	40668	40710	40752	40794	40849	40898	40947	40996	41045	41094	41133	41166	41199	41232	41265	41298	41331	41364	41397	41423	41446	41469	41492	41515	41538	41561	41584	41607	41630	41653	41676	41699	41749	41798	41847	41896	41945	41994	42099	42198	42297	42342	42384	42426	42468	42510	42552	42594	42699	42798	42897	42923	42946	42969	42992	43015	43038	43061	43084	43107	43130	43153	43176	43199	43237	43274	43311	43348	43385	43422	43459	43496	43549	43598	43647	43696	43745	43794	43899	43998	44097	44159	44218	44277	44336	44395	44459	44518	44577	44636	44695	44799	44898	44997	45033	45066	45099	45132	45165	45198	45231	45264	45297	45337	45374	45411	45448	45485	45522	45559	45596	45637	45674	45711	45748	45785	45822	45859	45896	45959	46018	46077	46136	46195	46249	46298	46347	46396	46445	46494	46537	46574	46611	46648	46685	46722	46759	46796	46821	46842	46863	46884	46905	46926	46947	46968	46989	47010	47031	47052	47073	47094	47199	47298	47397	47437	47474	47511	47548	47585	47622	47659	47696	47737	47774	47811	47848	47885	47922	47959	47996	48049	48098	48147	48196	48245	48294	48324	48348	48372	48396	48420	48444	48468	48492	48516	48540	48564	48588	48627	48654	48681	48708	48735	48762	48789	48816	48843	48870	48897	48937	48974	49011	49048	49085	49122	49159	49196	49233	49266	49299	49332	49365	49398	49431	49464	49497	49537	49574	49611	49648	49685	49722	49759	49796	49827	49854	49881	49908	49935	49962	49989	50016	50043	50070	50097	50149	50198	50247	50296	50345	50394	50424	50448	50472	50496	50520	50544	50568	50592	50616	50640	50664	50688	50737	50774	50811	50848	50885	50922	50959	50996	51027	51054	51081	51108	51135	51162	51189	51216	51243	51270	51297	51324	51348	51372	51396	51420	51444	51468	51492	51516	51540	51564	51588	51637	51674	51711	51748	51785	51822	51859	51896	51933	51966	51999	52032	52065	52098	52131	52164	52197	52259	52318	52377	52436	52495	52517	52534	52551	52568	52585	52602	52619	52636	52653	52670	52687	52704	52721	52738	52755	52772	52789	52859	52918	52977	53036	53095	53137	53174	53211	53248	53285	53322	53359	53396	53459	53518	53577	53636	53695	53733	53766	53799	53832	53865	53898	53931	53964	53997	54027	54054	54081	54108	54135	54162	54189	54216	54243	54270	54297	54374	54448	54522	54596	54627	54654	54681	54708	54735	54762	54789	54816	54843	54870	54897	55049	55198	55237	55274	55311	55348	55385	55422	55459	55496	55574	55648	55722	55796	55827	55854	55881	55908	55935	55962	55989	56016	56043	56070	56097	56399	56499	56598	56697	56733	56766	56799	56832	56865	56898	56931	56964	56997	57049	57098	57147	57196	57245	57294	57359	57418	57477	57536	57595
ORIGIN
26	16	6	27	19	25	27	23	25	25	23	10	2	14	22	14	3	14	3	23	14	4	26	16	14	14	16	7	27	27	27	7	13	9	1	23	14	14	23	13	9	2	14	3	24	14	14	14	11	6	27	18	7	27	20	8	18	14	10	2	23	14	2	26	14	5	23	14	4	25	25	12	25	25	7	27	14	14	14	3	14	1	23	11	2	2	23	7	2	23	23	24	5	5	5	1	7	5	18	7	2	20	20	1	2	20	17	23	20	2	14	14	27	27	14	4	24	15	4	27	16	14	14	14	3	2	14	14	11	27	10	2	23	4	14	14	16	14	4	27	4	27	27	13	27	14	9	27	20	14	14	23	27	14	14	27	27	24	24	14	14	24	14	24	15	4	26	16	8	14	18	26	26	14	14	14	18	14	3	23	12	2	15	14	3	25	25	14	27	11	8	5	14	1	1	20	8	2	14	23	5	2	20	2	14	5	4	1	2	5	1	14	4	23	2	5	23	23	4	4	14	14	3	14	14	20	14	12	2	23	14	3	23	14	4	27	27	11	14	25	14	2	23	8	27	23	14	23	14	14	14	14	14	14	14	27	14	27	23	7	26	16	5	14	17	14	23	26	26	14	14	14	27	27	14	4	23	13	3	23	14	4	18	26	14	14	25	14	3	26	2	2	23	8	1	1	10	2	14	14	14	27	1	1	3	11	1	27	16	5	1	9	7	2	14	27	3	14	14	2	9	5	1	14	13	2	27	14	5	9	23	14	1	7	14	3	26	14	27	12	8	1	23	10	26	14	12	14	14	14	14	23	14	14	14	10	5	26	25	2	14	26	2	3	14	14	14	20	14	2	16	4	2	23	14	4	20	12	7	4	7	14	23	26	14	26	27	2	1	23	10	1	17	12	17	11	14	14	14	14	4	4	11	27	26	16	11	3	3	7	27	2	14	3	14	27	10	14	11	26	23	14	3	16	14	4	14	14	14	26	26	14	7	20	20	23	23	10	1	3	14	2	14	14	14	27	14	14	3	11	27	2	16	6	27	19	7	27	22	12	3	3	12	14	23	2	2	3	14	3	23	14	14	14	3	3	1	1	14	16	26	14	13	13	9	26	14	11	26	13	1	7	14	14	14	14	2	14	8	20	5	27	18	7	2	20	2	14	14	17	2	22	23	2	2	26	3	23	14	4	24	12	26	27	27	25	14	4	26	26	26	2	1	23	11	7	14	4	7	7	14	14	26	15	14	23	23	23	26	17	7	27	20	27	2	14	2	2	27	14	20	14	14	20	23	14	4	14	15	4	27	3	3	3	3	26	14	11	8	1	23	10	2	14	27	2	14	14	27	27	15	13	2	1	14	26	16	7	27	27	2	14	1	3	9	9	20	2	14	8	8	23	14	3	24	14	4	2	14	3	26	26	14	8	14	14	14	23	10	2	23	12	2	14	14	27	27	14	14	2	23	2	26	14	7	27	19	2	14	26	26	3	23	20	2	23	14	14	23	14	3	24	14	27	14	14	14	26	18	2	2	26	14	3	3	10	1	23	12	2	23	25	27	27	14	27	27	11	14	8	16	6	27	19	7	27	22	14	3	20	10	2	22	14	16	27	14	3	23	14	4	20	4	27	20	14	7	1	26	2	4	16	9	1	23	11	13	23	4	26	14	14	4	11	11	14	1	14	6	27	18	7	27	21	14	14	23	10	22	23	23	2	19	14	3	23	14	23	19	16	25	25	16	7	27	14	14	14	26	9	1	23	11	14	23	13	14	14	14	3	24	7	7	1	14	5	27	18	7	27	20	8	12	17	10	1	23	2	7	8	8
DESTINATION
3	14	17	2	22	14	2	26	14	14	27	14	14	25	19	16	26	25	14	4	9	14	3	14	26	9	16	20	2	23	23	13	7	14	14	27	5	5	1	7	14	27	26	14	2	20	20	8	12	17	2	27	20	2	14	14	27	16	14	14	27	25	27	23	25	14	3	26	14	14	14	11	14	14	20	2	16	4	4	26	16	14	27	15	14	27	27	13	27	27	27	1	14	14	14	23	13	14	27	20	24	14	14	14	24	14	6	27	7	27	20	8	18	18	26	14	2	14	14	18	14	3	5	3	23	14	25	25	12	2	14	14	27	14	8	5	14	1	14	23	14	2	23	7	2	5	14	2	14	5	4	1	2	25	5	18	18	2	2	20	1	2	4	2	14	14	3	14	14	20	27	14	14	15	4	4	27	16	14	27	11	14	14	25	14	14	14	10	23	12	14	14	16	14	14	14	14	27	4	27	14	27	7	27	20	14	14	23	27	14	23	26	14	27	24	14	27	27	14	14	15	4	26	16	8	14	26	11	14	1	25	14	3	26	14	23	23	12	15	14	3	14	1	14	2	27	1	1	3	1	1	1	20	8	9	23	5	2	1	20	3	14	14	2	9	5	1	14	14	4	16	5	23	23	4	14	1	7	14	3	26	14	27	14	2	2	14	3	23	14	14	14	26	14	14	23	14	14	2	8	8	23	14	23	14	12	23	2	14	14	23	14	20	27	16	23	26	16	5	14	17	14	23	4	7	14	23	26	14	17	27	4	23	13	3	23	14	4	18	11	14	14	27	14	14	4	11	2	2	8	1	1	10	10	2	14	14	3	14	27	10	14	27	26	16	16	9	7	5	27	14	14	14	1	26	14	7	11	20	14	13	2	27	14	5	14	23	14	14	27	14	14	9	11	9	12	8	1	10	26	14	14	12	2	3	14	12	14	14	23	2	14	5	26	25	2	14	26	12	3	1	25	14	16	26	14	16	4	2	14	14	4	20	7	7	1	27	14	14	14	2	14	8	1	1	23	10	1	14	12	2	14	14	17	2	22	23	2	2	11	26	26	11	3	7	27	27	26	25	14	4	26	3	26	26	26	23	23	3	16	14	4	7	7	14	14	26	15	14	7	23	20	10	10	1	3	14	2	14	14	14	2	27	20	14	14	27	2	16	6	27	19	7	27	22	3	14	3	26	14	2	11	3	2	2	14	3	23	14	3	3	14	14	27	15	13	26	14	13	13	9	26	14	11	2	1	1	27	3	9	20	2	14	2	14	20	27	27	18	5	7	8	8	14	3	26	14	8	14	14	2	26	26	23	23	14	4	12	14	14	27	14	14	2	23	24	2	2	23	23	11	7	14	23	26	3	16	20	2	23	14	26	23	26	17	17	7	27	20	14	14	1	26	14	2	26	14	24	3	23	14	14	4	14	15	4	25	27	14	14	27	11	14	8	8	23	23	2	2	14	27	14	3	20	20	2	22	14	16	14	14	26	27	7	27	27	2	4	27	26	14	1	26	2	4	8	16	14	27	24	24	14	4	26	14	14	14	27	11	14	1	14	23	23	2	23	23	12	2	14	14	17	2	22	23	2	19	2	26	7	14	27	19	2	14	23	25	14	5	26	14	14	14	23	14	3	20	24	14	27	14	14	14	14	27	20	7	1	14	3	10	10	14	12	12	2	23	25	17	2	27	23	2	7	8	16	27	14	19	7	7	27	22	25	14	4	2	27	22	14	14	14	14	20	2	4	20	4	14	14	14	27	15	16	27	7	9	1	26	14	1	13	13	23	4	14	2	27	20	2	14	14	11	6	14	14	27	27	21	14	14
DUE_DATE
0	31147	30476	30045	29554	31343	30192	30247	30296	30825	30394	29903	31692	31007	30016	30585	30614	30103	31152	30701	30730	30219	30788	30300	30342	30384	32166	31488	31050	30552	31127	30616	30645	31694	31723	31272	30761	31330	30819	31388	31427	32656	31965	31514	31003	31032	31061	31630	31659	32888	32199	31740	31221	31242	31263	31824	31305	33066	33087	32388	31929	31410	33171	32472	33247	33296	32625	32194	31703	33492	31785	31812	32379	31866	33633	32940	32487	32514	33021	33768	33075	33822	33126	32670	32154	33918	32202	32766	32790	32274	33318	33342	32886	32395	34172	33489	34246	34283	33600	33157	32654	34457	32776	33375	32894	32953	33997	34016	33555	34054	34073	34812	34111	33110	34869	34168	33707	33186	33205	33764	33243	33317	35116	35175	34514	34093	33585	34632	35379	33666	35433	34740	34287	35514	34341	33828	34395	34431	35664	34977	34530	34023	35076	35829	35862	34155	35194	35210	34746	35962	34238	34794	34810	35306	34302	36058	35354	34890	34366	36122	35418	35434	34430	35466	35511	35064	34557	34590	35163	34656	36429	34722	36495	35820	35382	36624	35946	35988	35010	36792	36111	35664	35157	35190	35763	36996	35289	35322	37095	36405	37152	36459	37206	36033	36060	36087	37314	36621	37368	35655	36235	36272	35769	35806	36863	36900	37657	36974	37731	36564	36597	36090	37863	37176	37929	36222	36255	36821	36844	36327	36350	37393	37416	37439	38182	37485	37508	37051	36534	38297	37601	36604	36627	36650	38413	37236	36719	38482	37785	38528	37831	37854	37397	36885	38652	37959	37506	37533	37020	38787	37614	38841	37668	37155	38917	38936	38235	38254	37793	37272	37291	38330	37869	37888	37367	38406	39145	38444	37983	39247	38576	39345	38674	38723	38292	37817	37876	38955	37994	38593	38107	38156	39225	39994	38843	38352	38385	40152	39459	40206	40233	39540	39087	38574	38601	39168	39195	40421	40444	39747	39290	38773	39816	40559	40582	38865	40628	39931	39474	39497	38977	39536	39555	40774	40793	40092	39631	39110	40149	40888	40187	39186	40225	40244	39783	39300	41082	39384	39966	39468	40530	40092	39587	39616	41385	40694	41443	40752	40781	40810	40359	39848	41647	39956	40005	40594	41123	41892	40731	40224	41277	42030	41343	42096	41409	40962	40455	40495	41072	41109	40606	42383	42420	41737	41294	41340	42582	42624	41946	42708	42030	41592	41100	41142	41724	41226	41808	43050	42372	43147	42476	42045	41554	42623	43392	43431	42744	42297	41790	41823	42396	41889	42942	42975	43001	43744	42567	42050	43813	43116	43139	42142	43905	43208	42211	42774	42797	42307	44096	42405	44194	44243	43572	43197	43776	44595	44640	42942	44724	44046	43608	43650	43692	43797	43356	45195	45221	44524	44067	43550	44593	45336	45359	43642	44685	44228	44251	43734	44297	44335	43832	45609	44926	44483	43980	45037	45074	45847	44696	44205	45274	45323	44892	44457	44556	44655	44717	46516	45855	46634	45493	46037	46816	46155	45194	46993	46377	45996	45555	46131	46164	45657	47430	47463	46776	47529	46362	46395	47635	46952	45969	47746	47063	46620	46117	46694	46735	46232	48009	47326	46883	48120	46957	46454	47537	48316	48375	47714	47293	46807	47396	46905	46954	47543	48072	48115	48152	48909	47746	47243	49020	48337	48374	49119	48420	47961	47442	47463	47484	48045	48066	49287	48588	49329	48150	47631	49392	48777	49596	49695	49015	48572	48609	48106	48143	48720	49957	49994	49315	48872	48369	50146	49463	50220	49057	49574	49147	49196	48705	50494	48803	49392	48882	49926	50670	49494	48978	49002	50766	50070	50094	49638	50142	50166	49725	49212	50979	49266	49293	49860	50367	49914	51141	49428	51195	50515	51272	51309	50626	50183	49680	51457	49754	50331	50364	50877	50430	51663	50496	49989	51042	51795	51835	51872	51189	50746	50243	51300	50317	50894	50925	50952	52179	51006	50493	52260	51567	52314	52341	51648	51195	50707	50756	51825	50854	51443	50952	52002	52026	52770	51594	51078	52842	52146	52890	52194	52218	51762	51246	53035	51332	51909	51406	52463	53220	52057	51554	53325	53352	52659	53406	52713	52260	52287	53514	52821	52368	52395	51882	52446	53670	51954	51978	53022	53766	53070	53814	52638	52662	52146	53935	53252	52809	52846	52343	54120	52957	52454	53511	53544	53577	54330	53643	53196	53229	52722	54495	53837	53416	52935	52994	53593	53075	54832	53109	54866	54883	54180	54917	54214	53751	53228	54985	54282	53279	53836	53853	53870	55087	53957	55216	54555	54614	55393	55435	54272	53769	53806	54863	54420	53917	54494	54557	55816	54675	55934	55273	54831	55344	56097	56130	54423	54456	55509	55542	55095	54585	55152	54639	55686	54693	56460	56487	55794	55341	55848	56595	55952	55006	56820	56174	55725	55212	55779	55266	57033	55320	57087	56394	55941	57168	56475	57347	57496	55795	55832	57609	57646	57683	57000	57037	56594	56132	57226	56820	58094	58125	57432	57459	58206	57033	56520	58287	58314	58341	57648	58395	57977	57597	57156	57255	58311	58344	58377	59130	59163	58476	58029	59262	58575	58627	59396	59445	59494	58343	57852	57917	58996	59775	59114	59173
TRANSPORT_MODE
0	2	1	1	1	1	0	0	0	2	1	1	1	2	0	0	1	1	1	1	2	0	0	0	0	1	1	1	2	1	0	0	1	1	1	1	2	0	0	0	0	1	1	1	1	2	0	0	0	1	1	1	1	0	0	0	0	3	1	1	1	1	0	0	0	2	1	1	1	3	0	0	0	1	1	1	1	2	0	0	0	1	1	1	1	3	0	0	0	1	1	1	1	2	0	0	0	1	1	1	1	3	0	0	0	1	1	1	1	0	0	0	0	2	1	1	1	1	0	0	0	0	3	1	1	1	2	0	0	1	1	1	1	3	0	0	0	1	1	1	2	1	0	0	0	1	1	1	1	3	0	0	0	0	1	1	1	1	2	0	0	0	1	1	1	1	0	0	0	0	3	1	1	1	2	0	0	0	1	1	1	1	0	0	0	3	1	1	1	1	0	0	0	0	2	1	1	1	3	0	0	1	1	1	1	1	0	0	0	0	2	1	1	1	3	0	0	0	1	1	1	1	0	0	0	0	2	1	1	1	1	0	0	0	3	1	1	1	0	0	0	2	1	1	1	1	0	0	0	0	1	3	1	1	1	0	0	2	1	1	1	1	0	0	0	0	3	1	1	1	1	0	0	0	1	1	1	1	0	0	0	0	1	3	1	1	1	0	0	0	1	2	1	1	0	0	0	1	3	1	1	1	0	0	0	0	1	2	1	1	1	0	0	3	1	1	1	1	0	0	0	0	1	2	1	1	1	0	0	0	1	1	1	1	0	0	0	0	1	2	1	1	1	0	0	0	1	3	1	1	0	0	0	1	2	1	1	1	0	0	0	1	3	1	1	1	0	0	0	1	2	1	1	1	0	0	0	0	1	3	1	1	1	0	0	1	1	1	1	0	0	0	0	1	1	3	1	1	0	0	0	1	2	1	0	1	0	0	0	1	1	3	1	1	0	0	0	1	1	2	1	1	0	0	0	1	3	1	1	1	0	0	0	1	2	1	1	1	0	0	0	1	1	1	1	0	0	0	0	1	1	2	1	1	0	0	0	1	1	3	1	0	0	0	1	1	2	1	1	0	0	0	0	1	1	3	1	1	0	0	1	2	1	1	1	0	0	0	0	1	1	3	1	1	0	0	1	2	1	1	0	1	0	0	0	1	1	3	1	1	0	0	0	1	1	2	1	0	0	0	0	1	1	3	1	1	0	0	0	1	1	2	1	1	0	0	1	3	1	1	1	0	0	0	0	1	2	1	1	1	0	0	0	1	3	1	1	1	0	0	0	0	1	1	2	1	1	0	0	0	1	1	3	1	0	0	0	1	2	1	1	1	0	0	0	1	1	3	1	1	0	0	0	1	2	1	1	1	0	0	0	1	3	1	1	1	0	0	0	1	2	1	1	1	0	0	0	0	1	3	1	1	1	0	0	0	1	2	1	1	0	0	0	1	3	1	1	1	0	0	0	1	2	1	1	1	0	0	0	1	3	1	1	1	0	0	0	1	2	1	1	1	0	0	0	3	1	1	1	1	0	0	0	0	1	2	1	1	1	0	0	0	1	3	1	1	0	0	0	1	2	1	1	1	0	0	0	1	3	1	1	1	0	0	0	2	1	1	1	1	0	0	0	3	1	1	1	1	0	0	0	2	1	1	1	1	0	0	0	0	1	3	1	1	1	0	0	0	2	1	1	1	0	0	0	3	1	1	1	1	0	0	0	3	1	1	1	3	0	0	1	1	1	1	1	0	0	0	0	3	1	1	1	3	0	0	0	1	1	1	1	1	0	0	0	3	1	1	1	1	0	0	0	3	1	1	1	0	0	0	0
PATIENT_WEIGHT
40	89	135	109	146	105	98	136	147	104	62	74	101	120	131	75	41	148	135	68	64	145	62	111	76	139	55	58	70	135	30	51	42	61	97	128	129	103	46	145	37	135	50	100	114	146	40	115	65	144	128	59	38	120	76	107	77	42	61	38	60	112	120	85	150	146	132	52	104	140	128	115	53	121	131	144	85	73	111	96	113	50	104	41	67	55	40	43	85	33	120	114	147	79	87	75	41	58	43	31	103	112	113	148	110	104	66	39	123	54	82	35	55	40	113	106	63	139	83	141	64	54	84	92	134	33	46	141	56	107	105	143	132	41	147	96	84	69	91	82	88	121	103	70	69	113	70	142	144	100	121	77	54	31	96	71	34	148	60	52	134	114	89	78	105	140	133	140	142	94	107	119	99	42	133	64	43	140	57	31	108	121	119	51	107	73	54	82	48	107	60	34	61	66	48	31	114	46	100	136	101	48	46	65	104	75	106	81	108	146	57	74	116	113	121	38	57	78	142	121	128	57	54	51	39	107	48	134	148	118	68	132	138	88	137	70	57	146	84	38	108	97	42	135	97	36	37	140	68	48	149	86	145	63	34	47	118	128	36	95	108	89	124	91	142	87	127	37	78	141	32	137	49	83	149	107	30	45	103	51	135	66	116	54	38	122	44	123	49	118	136	73	58	100	119	42	67	60	105	104	89	114	114	37	147	33	110	114	121	57	79	120	101	36	65	128	128	81	85	63	72	149	86	66	77	94	62	148	142	120	39	33	145	52	143	65	112	135	144	135	31	66	59	91	148	53	47	113	62	148	115	115	150	98	119	108	141	125	119	76	114	102	69	37	36	125	49	69	144	60	96	87	79	82	80	64	30	95	127	58	41	79	108	40	95	133	32	31	73	147	83	105	46	89	37	150	136	38	150	79	92	72	31	47	113	50	83	70	113	92	133	123	85	104	143	107	146	82	69	59	120	107	49	121	30	45	109	86	31	78	80	80	106	116	127	61	121	132	121	39	50	112	79	147	125	51	121	144	98	38	47	62	107	71	113	50	141	76	80	65	86	41	105	95	71	34	60	46	65	40	77	85	52	45	145	128	90	130	90	148	147	31	87	77	94	111	100	45	31	134	64	68	36	40	125	53	109	131	86	64	131	109	109	86	148	52	97	112	98	102	60	96	98	114	42	150	113	119	150	94	69	61	109	74	136	86	86	37	81	143	79	144	127	97	137	55	139	51	115	106	119	150	90	48	111	125	59	124	60	47	114	119	37	89	143	102	59	137	87	68	115	150	95	87	77	58	67	54	123	87	65	87	67	58	143	105	54	147	66	132	72	68	149	36	77	52	35	108	45	131	54	84	76	41	93	118	116	69	77	93	93	136	105	30	88	56	135	64	34	77	129	79	121	49	86	127	109	49	138	94	112	82	120	98	120	107	99	99	33	139	111	78	141	119	43	139	97	87	88	40	34	100	53	118	38	109	30	83	99	68	94	66	60	101	71	73	120	84	130	30	127	118	129	44	78	49	104	50	30	45	40	111	103	79	86	53	137	83	102	138	53	62	89	90	67	146	88	112	110	144	88	81	53	140	82	63	142	87	41	137	41	124	64	129	94	148	142	33	94	90	47	128	38	141	76	51	142	87	33	49	57	121	70	49	33	32	105	117	58	45	64	75	83	133	105	69	117	131	139	51	86	148	104	115	83	102	65	144	60	114	64	94	56	64	38	132	86	139	120	30	40	103	124	140	88	145	104	72	99	40	128	116	116	69	120	147	47	32	88	38	120	98	139	126	86	54	137	134	98	119	103	124	121	85	96	99	112	64	69	100	103
DISTANCE_MATRIX
0	360	318	300	288	276	264	264	150	150	150	60	90	90	162	168	204	228	234	312	360	408	348	318	168	192	168	318
360	60	264	318	324	342	342	342	348	348	354	360	372	378	378	420	420	480	462	498	462	462	384	420	372	420	378	378
318	264	60	270	276	288	288	288	294	294	294	318	318	324	324	414	414	468	462	486	462	462	330	366	366	408	372	324
300	318	270	60	276	288	288	288	288	288	288	300	300	312	318	408	408	468	462	486	438	438	318	360	360	402	360	312
288	324	276	276	60	276	276	276	276	276	276	288	288	300	300	402	396	462	456	480	432	432	300	360	360	402	348	300
276	342	288	288	276	60	180	180	252	258	264	264	264	288	288	390	390	456	450	480	432	432	288	348	348	348	288	288
264	342	288	288	276	180	60	180	246	258	264	264	264	288	288	390	390	456	450	480	432	432	288	348	348	348	288	288
264	342	288	288	276	180	180	60	240	258	264	264	264	288	288	390	390	456	450	480	432	432	288	348	348	348	288	288
150	348	294	288	276	252	246	240	60	120	120	150	126	270	270	378	384	420	438	480	420	408	276	300	300	300	276	270
150	348	294	288	276	258	258	258	120	60	120	150	150	270	270	378	384	420	438	480	420	408	276	300	300	300	276	270
150	354	294	288	276	264	264	264	120	120	60	150	150	270	270	378	384	420	438	480	420	408	276	300	300	300	276	270
60	360	318	300	288	264	264	264	150	150	150	60	90	162	168	228	234	312	360	408	348	318	168	192	192	198	168	162
90	372	318	300	288	264	264	264	150	150	150	90	60	162	168	228	234	312	360	408	348	318	168	192	192	198	168	162
90	378	324	312	300	288	288	288	270	270	270	162	162	60	120	180	180	306	210	360	300	300	120	180	120	180	120	234
162	378	324	318	300	288	288	288	270	270	270	168	168	120	60	180	180	306	210	360	300	300	120	180	120	180	120	120
168	420	414	408	402	348	348	348	300	300	300	228	228	180	180	60	132	204	132	348	258	258	186	60	180	132	222	180
204	420	414	408	396	390	390	390	384	384	384	234	234	180	180	132	60	204	132	348	258	258	186	60	180	132	222	180
228	480	468	468	462	456	456	456	420	420	420	312	312	306	306	204	204	60	198	120	240	240	306	204	306	138	306	306
234	462	462	462	456	450	450	450	438	438	438	360	360	210	210	132	132	198	60	138	132	132	210	132	210	132	210	210
312	498	486	486	480	480	480	480	480	480	480	408	408	360	360	348	348	120	138	60	348	348	360	348	360	348	360	360
360	462	462	438	432	432	432	432	420	420	420	348	348	300	300	258	258	240	132	348	60	60	300	258	300	258	300	300
408	462	462	438	432	432	432	432	408	408	408	318	318	300	300	258	258	240	132	348	60	60	300	258	300	258	300	300
348	384	330	318	300	288	288	288	276	276	276	168	168	120	120	186	186	306	210	360	300	300	60	186	120	186	120	120
318	420	366	360	360	348	348	348	300	300	300	192	192	180	180	60	60	204	132	348	258	258	186	60	180	60	180	180
168	372	300	306	300	288	288	288	270	270	270	168	168	120	120	180	180	306	210	360	300	300	120	180	60	180	120	120
192	420	408	402	402	348	348	348	300	300	300	198	198	180	180	132	132	138	132	348	258	258	186	60	180	60	180	180
168	378	372	360	348	288	288	288	276	276	276	168	168	120	120	222	222	306	210	360	300	300	120	180	120	180	60	120
318	378	324	312	300	288	288	288	270	270	270	162	162	234	120	180	180	306	210	360	300	300	120	180	120	180	120	60
DEPOTS_DISTANCE
234	462	462	462	456	450	450	450	438	438	438	360	360	210	210	132	132	198	60	138	132	132	210	132	210	132	210	210	
348	384	330	318	300	288	288	288	276	276	276	168	168	120	120	186	186	306	210	360	300	300	60	186	120	186	120	120	
318	420	366	360	360	348	348	348	300	300	300	192	192	180	180	60	60	204	132	348	258	258	186	60	180	60	180	180	
LOCATION_TURN_MATRIX
100	130	122	113	112	199	136	122	129	152	173	146	151	136	158	140	176	113	122	167	194	134	110	172	114	184	100	147	
170	100	154	188	164	169	136	136	152	170	104	183	155	115	101	104	155	187	174	115	149	134	178	168	114	135	168	102	
178	146	100	161	178	114	104	165	117	139	126	169	192	109	120	179	160	152	154	134	113	140	154	179	196	196	192	181	
187	112	139	100	158	114	195	181	104	132	195	106	183	169	132	170	140	136	172	148	116	110	123	136	151	120	176	169	
188	136	122	142	100	175	164	159	112	100	167	164	135	191	132	181	104	123	142	156	108	117	193	182	116	147	156	185	
101	131	186	186	125	100	190	147	164	150	137	102	145	176	185	131	113	108	117	186	118	151	140	178	154	189	172	110	
164	164	196	105	136	110	100	186	153	151	183	193	111	157	144	123	188	142	110	163	105	190	166	187	170	171	186	126	
178	164	135	119	141	153	114	100	106	130	108	103	151	178	122	151	130	133	184	177	110	141	166	110	122	174	191	197	
171	148	183	196	188	136	147	194	100	167	100	146	168	129	128	142	172	118	174	147	105	158	156	160	120	106	119	136	
148	130	161	168	200	150	149	170	133	100	177	106	175	116	188	180	176	194	108	146	130	187	183	173	128	141	169	176	
127	196	174	105	133	163	117	192	200	123	100	171	175	140	183	115	104	186	128	153	151	175	100	146	191	117	132	197	
154	117	131	194	136	198	107	197	154	194	129	100	136	184	140	147	172	184	148	131	103	156	185	200	152	158	154	143	
149	145	108	117	165	155	189	149	132	125	125	164	100	140	199	142	101	144	163	185	117	191	200	143	113	165	102	154	
164	185	191	131	109	124	143	122	171	184	160	116	160	100	109	116	196	113	131	186	166	139	183	175	144	161	105	170	
142	199	180	168	168	115	156	178	172	112	117	160	101	191	100	147	177	177	199	158	172	188	164	175	180	168	154	195	
160	196	121	130	119	169	177	149	158	120	185	153	158	184	153	100	152	159	197	157	181	159	102	123	168	200	124	186	
124	145	140	160	196	187	112	170	128	124	196	128	199	104	123	148	100	149	114	112	117	135	105	132	138	180	198	156	
187	113	148	164	177	192	158	167	182	106	114	116	156	187	123	141	151	100	166	132	168	163	159	123	129	173	161	116	
178	126	146	128	158	183	190	116	126	192	172	152	137	169	101	103	186	134	100	184	199	137	130	160	148	113	140	150	
133	185	166	152	144	114	137	123	153	154	147	169	115	114	142	143	188	168	116	100	111	195	128	157	191	164	141	171	
106	151	187	184	192	182	195	190	195	170	149	197	183	134	128	119	183	132	101	189	100	129	151	163	147	166	104	177	
166	166	160	190	183	149	110	159	142	113	125	144	109	161	112	141	165	137	163	105	171	100	101	185	169	129	103	197	
190	122	146	177	107	160	134	134	144	117	200	115	100	117	136	198	195	141	170	172	149	199	100	106	150	116	118	145	
128	132	121	164	118	122	113	190	140	127	154	100	157	125	125	177	168	177	140	143	137	115	194	100	128	167	115	155	
186	186	104	149	184	146	130	178	180	172	109	148	187	156	120	132	162	171	152	109	153	131	150	172	100	155	124	184	
116	165	104	180	153	111	129	126	194	159	183	142	135	139	132	100	120	127	187	136	134	171	184	133	145	100	129	192	
200	132	108	124	144	128	114	109	181	131	168	146	198	195	146	176	102	139	160	159	196	197	182	185	176	171	100	146	
153	198	119	131	115	190	174	103	164	124	103	157	146	130	105	114	144	184	150	129	123	103	155	145	116	108	154	100	
DEPOTS_TO_LOCAL_TURN_MATRIX
178	126	146	128	158	183	190	116	126	192	172	152	137	169	101	103	186	134	100	184	199	137	130	160	148	113	140	150	
190	122	146	177	107	160	134	134	144	117	200	115	100	117	136	198	195	141	170	172	149	199	100	106	150	116	118	145	
128	132	121	164	118	122	113	190	140	127	154	100	157	125	125	177	168	177	140	143	137	115	194	100	128	167	115	155	
LOCAL_TO_DEPOT_TURN_MATRIX
122	174	154	172	142	117	110	184	174	108	128	148	163	131	199	197	114	166	100	116	101	163	170	140	152	187	160	150	
110	178	154	123	193	140	166	166	156	183	100	185	200	183	164	102	105	159	130	128	151	101	100	194	150	184	182	155	
172	168	179	136	182	178	187	110	160	173	146	200	143	175	175	123	132	123	160	157	163	185	106	100	172	133	185	145	

