INDEX_PROBLEM
1
PATIENTS
800
STRETCHERS
16
NUM_ROOM
28
NUM_DEPOT
3
NUM_PRIORITY
4
PRIORITY_LIST
0	1	2	3	4
PRIORITY_WEIGHT
0	1	10	18	30
PRIORITY_JOB
0	1	2	3	4	2	3	4	2	3	4	1	2	4	3	4	3	4	4	1	2	4	4	4	3	4	2	3	4	3	4	4	3	4	4	1	2	3	4	4	3	4	2	3	4	4	4	4	4	4	1	2	3	4	3	4	4	1	4	2	2	3	2	1	1	4	1	2	3	1	4	3	4	4	4	1	2	3	2	1	2	4	2	3	4	1	4	3	4	4	4	1	2	3	1	3	2	4	2	3	1	4	4	3	4	4	4	4	1	2	1	3	2	3	4	2	2	4	4	3	4	1	3	4	1	2	1	2	1	3	4	4	1	2	4	3	4	1	3	4	2	3	1	2	1	4	4	4	1	2	4	4	4	1	3	4	2	3	2	1	3	3	4	4	4	1	3	4	4	1	2	3	4	2	1	2	2	2	2	3	4	1	3	4	4	1	2	3	4	4	1	2	1	1	2	3	4	2	3	4	4	1	3	4	4	1	3	2	1	4	3	2	4	4	4	3	4	2	1	3	4	4	3	2	3	1	1	2	3	4	4	3	4	4	1	2	2	3	2	2	1	4	1	2	3	4	4	3	4	4	1	1	2	3	1	2	1	4	2	3	4	4	4	4	4	1	2	3	4	2	1	3	3	4	2	3	4	4	4	4	3	1	1	2	3	2	1	2	2	4	4	2	3	3	4	4	3	1	2	1	3	4	1	2	1	4	1	2	3	4	4	4	3	2	1	3	4	4	3	1	2	4	1	2	3	4	3	4	4	4	1	2	3	4	1	3	2	4	4	1	2	4	3	4	3	3	4	1	2	3	1	2	2	3	4	1	2	3	4	4	4	4	4	1	1	2	1	2	1	3	4	2	3	4	3	4	3	4	1	2	3	3	1	2	4	2	3	4	4	4	4	3	1	4	1	1	2	3	2	1	3	4	2	4	3	4	4	3	3	1	1	2	3	2	2	1	4	4	1	2	3	4	4	3	4	2	1	3	4	1	2	1	4	1	2	3	4	4	4	3	2	4	2	1	3	4	1	3	2	4	1	2	3	4	4	3	4	4	4	2	1	3	3	1	2	3	1	2	3	4	3	4	4	4	1	1	2	3	1	2	1	4	2	3	4	4	4	3	4	1	2	1	3	4	2	1	2	4	2	3	4	4	3	4	4	1	1	2	1	3	3	2	1	4	4	2	3	3	3	4	4	1	2	1	3	4	2	2	1	4	1	2	3	4	3	4	4	2	3	1	4	4	1	2	1	1	2	3	4	4	3	4	3	2	3	1	4	4	2	1	3	2	1	2	3	4	4	4	3	4	2	1	3	4	1	2	2	1	2	3	4	4	4	4	3	1	1	2	3	4	1	1	2	2	3	4	4	1	4	4	3	2	1	3	4	2	1	2	1	4	3	4	4	4	1	3	4	4	2	3	1	4	3	2	1	2	2	3	4	4	1	3	4	2	1	3	4	4	2	1	4	1	2	3	4	2	3	4	4	3	1	4	4	1	2	1	1	2	3	4	2	3	3	4	3	4	1	4	4	1	2	1	3	2	2	3	4	2	4	4	3	3	1	4	4	1	1	2	2	2	3	4	1	2	4	4	3	3	1	4	2	3	1	1	2	4	4	1	2	3	4	4	3	1	4	4	2	3	1	2	1	4	4	1	2	3	4	4	4	4	1	4	4	2	3	2	1	3	4	1	2	3	3	4	4	1	4	4	1	2	2	2	1	1	3	4	2	3	1	2	1	1	4	4	1	2	2	1	3	1	3	4	2	3	2	1	2	1	4	4	1	2	1	2	1	1	3	4	4	1	2	1	2	1	2	3	4	4	2	1	2
TIME_ASKED
0	28849	28898	28947	28996	29045	29094	29149	29198	29247	29296	29345	29394	29429	29458	29487	29516	29545	29574	29603	29632	29661	29690	29742	29784	29826	29868	29910	29952	29994	30029	30058	30087	30116	30145	30174	30203	30232	30261	30290	30329	30358	30387	30416	30445	30474	30503	30532	30561	30590	30621	30642	30663	30684	30705	30726	30747	30768	30789	30810	30831	30852	30873	30894	30949	30998	31047	31096	31145	31194	31227	31254	31281	31308	31335	31362	31389	31416	31443	31470	31497	31524	31548	31572	31596	31620	31644	31668	31692	31716	31740	31764	31788	31837	31874	31911	31948	31985	32022	32059	32096	32159	32218	32277	32336	32395	32419	32438	32457	32476	32495	32514	32533	32552	32571	32590	32609	32628	32647	32666	32685	32759	32818	32877	32936	32995	33027	33054	33081	33108	33135	33162	33189	33216	33243	33270	33297	33333	33366	33399	33432	33465	33498	33531	33564	33597	33616	33632	33648	33664	33680	33696	33712	33728	33744	33760	33776	33792	33808	33824	33840	33856	33872	33888	33933	33966	33999	34032	34065	34098	34131	34164	34197	34242	34284	34326	34368	34410	34452	34494	34533	34566	34599	34632	34665	34698	34731	34764	34797	34827	34854	34881	34908	34935	34962	34989	35016	35043	35070	35097	35137	35174	35211	35248	35285	35322	35359	35396	35433	35466	35499	35532	35565	35598	35631	35664	35697	35723	35746	35769	35792	35815	35838	35861	35884	35907	35930	35953	35976	35999	36023	36046	36069	36092	36115	36138	36161	36184	36207	36230	36253	36276	36299	36327	36354	36381	36408	36435	36462	36489	36516	36543	36570	36597	36619	36638	36657	36676	36695	36714	36733	36752	36771	36790	36809	36828	36847	36866	36885	36949	36998	37047	37096	37145	37194	37259	37318	37377	37436	37495	37549	37598	37647	37696	37745	37794	37827	37854	37881	37908	37935	37962	37989	38016	38043	38070	38097	38123	38146	38169	38192	38215	38238	38261	38284	38307	38330	38353	38376	38399	38419	38438	38457	38476	38495	38514	38533	38552	38571	38590	38609	38628	38647	38666	38685	38742	38784	38826	38868	38910	38952	38994	39029	39058	39087	39116	39145	39174	39203	39232	39261	39290	39349	39398	39447	39496	39545	39594	39633	39666	39699	39732	39765	39798	39831	39864	39897	39937	39974	40011	40048	40085	40122	40159	40196	40242	40284	40326	40368	40410	40452	40494	40542	40584	40626	40668	40710	40752	40794	40849	40898	40947	40996	41045	41094	41133	41166	41199	41232	41265	41298	41331	41364	41397	41423	41446	41469	41492	41515	41538	41561	41584	41607	41630	41653	41676	41699	41749	41798	41847	41896	41945	41994	42099	42198	42297	42342	42384	42426	42468	42510	42552	42594	42699	42798	42897	42923	42946	42969	42992	43015	43038	43061	43084	43107	43130	43153	43176	43199	43237	43274	43311	43348	43385	43422	43459	43496	43549	43598	43647	43696	43745	43794	43899	43998	44097	44159	44218	44277	44336	44395	44459	44518	44577	44636	44695	44799	44898	44997	45033	45066	45099	45132	45165	45198	45231	45264	45297	45337	45374	45411	45448	45485	45522	45559	45596	45637	45674	45711	45748	45785	45822	45859	45896	45959	46018	46077	46136	46195	46249	46298	46347	46396	46445	46494	46537	46574	46611	46648	46685	46722	46759	46796	46821	46842	46863	46884	46905	46926	46947	46968	46989	47010	47031	47052	47073	47094	47199	47298	47397	47437	47474	47511	47548	47585	47622	47659	47696	47737	47774	47811	47848	47885	47922	47959	47996	48049	48098	48147	48196	48245	48294	48324	48348	48372	48396	48420	48444	48468	48492	48516	48540	48564	48588	48627	48654	48681	48708	48735	48762	48789	48816	48843	48870	48897	48937	48974	49011	49048	49085	49122	49159	49196	49233	49266	49299	49332	49365	49398	49431	49464	49497	49537	49574	49611	49648	49685	49722	49759	49796	49827	49854	49881	49908	49935	49962	49989	50016	50043	50070	50097	50149	50198	50247	50296	50345	50394	50424	50448	50472	50496	50520	50544	50568	50592	50616	50640	50664	50688	50737	50774	50811	50848	50885	50922	50959	50996	51027	51054	51081	51108	51135	51162	51189	51216	51243	51270	51297	51324	51348	51372	51396	51420	51444	51468	51492	51516	51540	51564	51588	51637	51674	51711	51748	51785	51822	51859	51896	51933	51966	51999	52032	52065	52098	52131	52164	52197	52259	52318	52377	52436	52495	52517	52534	52551	52568	52585	52602	52619	52636	52653	52670	52687	52704	52721	52738	52755	52772	52789	52859	52918	52977	53036	53095	53137	53174	53211	53248	53285	53322	53359	53396	53459	53518	53577	53636	53695	53733	53766	53799	53832	53865	53898	53931	53964	53997	54027	54054	54081	54108	54135	54162	54189	54216	54243	54270	54297	54374	54448	54522	54596	54627	54654	54681	54708	54735	54762	54789	54816	54843	54870	54897	55049	55198	55237	55274	55311	55348	55385	55422	55459	55496	55574	55648	55722	55796	55827	55854	55881	55908	55935	55962	55989	56016	56043	56070	56097	56399	56499	56598	56697	56733	56766	56799	56832	56865	56898	56931	56964	56997	57049	57098	57147	57196	57245	57294	57359	57418	57477	57536	57595
ORIGIN
26	16	6	27	19	25	27	23	25	25	23	10	2	22	14	16	3	14	3	23	14	14	26	16	14	14	16	7	9	27	7	8	13	9	1	23	14	14	23	8	8	14	14	3	2	2	14	14	11	6	27	18	7	27	20	8	7	14	10	2	23	14	2	26	1	27	23	14	14	14	25	12	14	14	7	27	14	9	9	3	14	14	23	11	14	14	23	9	14	14	23	24	5	5	7	14	14	20	18	7	27	20	20	1	8	27	17	23	20	2	2	14	14	14	14	4	24	15	25	27	16	25	25	14	3	14	14	11	2	2	10	2	23	4	14	14	27	14	27	14	14	27	27	14	9	9	9	27	20	14	14	13	8	14	14	27	27	14	14	14	14	26	14	24	15	4	8	16	8	27	26	26	14	14	14	18	14	9	14	23	12	2	14	14	14	14	14	14	27	14	9	5	23	14	14	20	8	2	23	23	5	14	14	2	14	5	5	7	14	14	18	14	4	23	20	5	23	2	14	4	14	14	14	14	14	8	20	25	2	23	14	3	26	14	25	25	27	14	2	25	16	14	14	8	27	23	14	23	14	14	16	16	14	27	27	27	14	14	14	7	26	23	5	14	13	14	23	14	26	14	14	27	27	24	14	4	23	13	3	23	13	24	14	14	14	25	14	14	23	26	1	23	23	8	25	25	10	2	14	5	14	1	8	1	5	1	14	11	16	5	2	9	14	7	5	20	3	1	14	4	7	5	1	14	13	2	5	14	5	9	20	20	1	7	14	3	7	2	1	12	8	1	23	10	26	14	12	27	26	14	14	14	14	14	8	2	5	26	23	2	14	14	2	4	14	23	27	14	26	13	23	4	2	23	14	5	20	27	4	4	7	14	14	26	14	17	14	11	1	23	10	1	14	14	14	11	14	14	27	14	14	4	11	2	14	26	11	3	11	14	27	27	27	1	27	10	10	14	27	27	23	14	3	14	14	14	14	14	14	26	14	7	2	14	1	14	23	10	1	3	14	23	5	5	14	27	27	14	14	5	27	12	16	6	27	19	7	27	22	12	12	12	12	14	14	4	2	3	14	3	23	14	14	14	2	2	2	14	25	14	4	26	23	20	9	26	14	11	26	13	7	23	27	14	27	14	14	27	27	1	5	27	18	7	2	20	27	11	11	17	17	2	22	23	2	2	3	23	14	26	24	14	2	26	25	4	4	26	3	26	2	2	1	23	11	3	23	14	1	7	14	26	26	15	14	7	7	23	26	17	7	14	14	23	23	14	14	2	27	20	14	23	23	20	23	14	4	14	15	4	22	22	14	26	26	3	2	4	14	1	23	10	2	14	27	14	14	14	14	15	15	14	7	16	27	26	16	7	27	11	2	1	1	3	9	20	20	1	2	27	14	23	14	3	24	14	4	26	14	3	3	14	14	8	14	23	14	26	10	2	26	12	14	2	14	14	27	14	14	26	23	2	2	14	7	23	19	7	14	26	2	3	23	2	2	15	14	23	23	14	3	24	14	27	27	23	1	26	18	14	26	14	14	23	3	10	1	23	12	2	23	3	14	3	14	27	11	15	27	14	16	6	27	19	2	27	27	20	14	20	10	27	22	13	16	27	14	3	23	14	4	20	2	1	26	14	7	1	26	2	2	14	9	1	23	14	13	23	8	3	14	14	4	27	11	14	1	14	6	27	18	14	27	21	14	14	23	10	22	14	14	2	23	14	3	23	14	2	19	16	14	23	16	7	27	26	14	14	24	9	1	23	24	3	23	13	14	3	14	3	24	7	7	1	14	5	27	18	7	27	20	8	23	17	10	1	23	2	2	7	8
DESTINATION
3	14	17	2	22	14	2	26	14	14	27	14	14	19	16	14	26	25	14	4	9	9	3	14	9	9	16	20	14	23	13	14	7	14	14	27	5	5	1	14	14	5	26	14	27	27	20	8	12	17	2	27	20	2	14	14	20	16	14	14	27	25	27	23	23	18	3	26	2	2	14	11	2	2	20	2	16	14	14	26	16	26	27	15	9	9	27	14	9	9	27	1	14	14	13	8	8	7	27	20	2	14	14	14	14	2	6	27	7	27	27	20	8	26	26	14	2	14	14	18	14	14	14	3	23	25	25	12	14	14	14	14	27	14	9	5	23	9	23	1	2	2	23	9	14	14	14	2	14	5	5	7	14	5	5	18	18	20	20	1	8	14	4	2	14	14	14	14	14	2	14	14	4	15	25	27	16	14	25	27	11	14	2	25	16	2	2	10	23	4	14	14	27	16	16	14	14	27	27	27	14	9	9	27	20	14	14	13	8	8	27	26	14	27	14	14	27	24	26	14	15	4	8	16	8	14	14	14	14	1	25	14	14	26	14	14	23	2	14	14	14	5	5	14	2	27	8	1	5	1	14	14	8	2	23	23	5	5	5	20	3	1	14	4	7	5	1	4	14	20	5	23	23	2	20	14	1	7	14	3	7	2	25	25	2	14	3	26	27	14	14	27	26	14	14	14	14	14	8	14	8	14	14	23	14	14	4	12	14	14	27	14	26	13	14	7	26	23	5	14	13	14	23	4	7	14	14	26	14	17	14	14	23	13	3	23	13	24	14	11	14	14	27	14	14	4	11	23	23	8	25	25	10	2	14	27	14	3	1	27	10	1	27	14	16	1	2	9	14	7	1	14	14	1	26	14	7	2	14	14	13	2	5	14	5	9	5	12	14	27	14	14	5	5	1	12	8	1	23	10	26	14	12	14	4	3	12	14	12	4	2	2	2	23	2	14	14	4	2	2	1	25	14	4	26	26	4	4	4	14	5	20	27	4	23	4	27	14	14	14	26	27	14	14	1	23	23	10	1	14	18	11	14	17	2	22	23	2	2	11	11	11	11	2	3	14	27	26	25	14	4	26	3	26	27	27	27	3	14	3	14	14	1	7	14	14	26	15	14	7	20	1	23	10	23	1	3	23	23	14	14	2	27	20	14	7	23	12	12	6	6	27	19	27	22	22	14	3	26	3	2	4	14	3	14	23	23	14	14	14	14	14	14	27	15	14	7	16	23	20	9	14	14	11	26	13	13	1	3	9	20	1	2	27	27	1	5	27	18	7	2	7	27	14	3	26	14	8	14	14	2	2	3	14	14	26	24	14	2	14	27	14	14	26	23	2	2	1	2	11	11	3	23	14	2	3	16	20	2	15	14	23	23	26	17	7	7	14	14	23	20	1	26	14	2	26	14	14	20	23	23	4	4	14	15	27	15	3	14	14	3	11	15	14	1	1	23	2	2	14	27	14	14	20	20	27	22	13	16	14	27	26	27	27	27	11	2	1	1	26	14	1	26	2	2	27	23	14	27	3	14	4	26	27	14	14	14	27	11	14	1	26	10	26	2	23	12	14	23	2	14	17	2	22	14	2	23	14	2	7	14	23	19	7	14	23	25	14	5	26	14	14	24	23	14	3	20	24	14	27	27	3	14	14	27	2	7	1	14	23	10	10	14	23	12	2	23	20	17	2	27	8	2	7	8	16	27	14	19	2	2	27	27	25	14	4	16	14	22	14	16	27	14	20	2	14	4	20	2	14	14	27	1	14	27	7	8	14	26	14	1	13	13	23	8	14	2	27	20	2	14	14	3	6	14	14	27	27	27	21	14
DUE_DATE
0	31147	30476	30045	29554	30623	30192	29707	30776	30345	29854	31643	30972	29987	30556	30045	30614	30103	30132	31901	31210	30219	30248	30300	30882	30384	31446	31008	30510	31092	30587	30616	31185	30674	30703	32472	31781	31330	30819	30848	31427	30916	31965	31514	31003	31032	31061	31090	31119	31148	32919	32220	31761	31242	31803	31284	31305	33066	31347	32388	32409	31950	32451	33192	33247	31556	33345	32674	32243	33492	31785	32352	31839	31866	31893	33660	32967	32514	33021	33768	33075	32082	33126	32670	32154	33918	32202	32766	32250	32274	32298	34062	33366	32935	34172	33009	33526	32543	33600	33157	34394	32717	32776	33375	32894	32953	32977	32996	34755	34054	34793	33612	34111	33650	33129	34168	34187	33186	33205	33764	33243	35057	33916	33435	35234	34573	35325	34632	35379	34206	33693	33720	35487	34794	33801	34368	33855	35631	34464	33957	35010	34563	35796	35109	35862	34155	34174	34190	35946	35242	34238	34254	34270	36026	34842	34318	35354	34890	35386	36122	34938	34954	34430	34446	34491	36264	35097	34590	34623	36396	35709	35262	34755	35820	36582	35904	35946	35988	36030	35592	35091	36864	35697	35190	35223	36996	36309	35862	35355	35385	37152	36459	37206	37233	36540	36087	35574	36621	36168	35655	35695	37472	36309	35806	35843	37620	36457	36974	37731	36024	36597	37110	36123	36156	36189	36762	36255	37301	38044	36867	36350	36373	36936	37439	36982	38205	38228	37531	37074	36557	36581	37144	36627	36650	38413	37716	37739	37282	37785	37808	38551	36834	38597	37905	37452	36939	36966	37533	37020	37047	38814	38841	38148	37695	38917	38216	38955	37234	38273	37812	37291	37310	37329	37348	37367	39126	38425	37964	37443	38527	39296	38145	38194	37703	38772	38357	37876	37935	37994	38053	38647	39896	39945	39274	38843	39372	40125	39432	39459	38466	38493	39540	39087	39114	38601	38628	39195	40421	39724	40467	39290	38773	40536	39839	40582	38865	40628	39931	39474	38957	38977	38996	39555	40054	40793	39612	39091	39110	39669	40888	40187	39186	40945	40244	39783	39300	39882	39384	39426	39468	41250	40572	40127	39616	41385	40214	40723	39732	39761	41530	40839	39848	40447	39956	40545	40594	40103	41892	41211	40764	41997	41310	41343	40896	40389	42162	41475	41035	40532	40569	40606	40643	40680	42457	42494	41820	42582	41904	42666	41508	41010	42072	41640	41142	41724	41226	41808	41310	43092	42427	41996	42045	43294	42623	41652	42711	42264	41757	41790	41823	41856	42429	43662	41955	43721	43744	43047	42590	43093	43836	42659	42142	43185	42188	42751	42234	42257	42847	42896	44145	44194	43523	43092	43677	43776	44595	42900	42942	44724	44046	43608	43110	43152	43797	43356	44475	45221	44044	43527	45290	44593	45336	43619	45382	44685	44228	43711	43734	43757	44335	44852	43869	44926	45683	44520	44017	45794	44647	45176	44205	45994	45323	44892	44457	44556	45195	44717	44776	44835	45914	46693	45557	45616	46875	46214	45793	47097	46476	46095	45591	46164	45657	45690	45723	47496	47529	46842	46395	47635	46952	47709	46006	47063	46620	46117	46154	46195	46772	46269	48046	47363	48120	46957	46454	47537	48316	47655	46694	47773	47347	46856	46905	47494	47003	47052	48835	48872	48189	48946	47783	47820	48337	49094	47379	47400	48441	47982	48003	48024	47505	47526	49287	48588	49329	48150	47631	48672	48777	49596	47955	49735	49052	48609	48106	48683	48180	48217	49274	48835	50072	48369	48406	50183	49500	50257	50294	49627	49196	48705	48754	49343	48852	49422	49926	49470	50694	48978	49002	50046	50790	49614	50118	50862	50166	49725	49212	49239	49266	49833	49320	50367	51114	49941	49428	51195	50515	50552	51309	50626	50183	49680	49717	49754	49791	50364	51597	51630	50943	50496	49989	51762	51795	51115	51152	50709	50206	50243	52020	50317	50354	50925	51432	52179	51006	50493	51540	52287	51594	52341	50628	51195	50707	50756	50805	52594	51443	50952	50982	52026	51570	52794	51078	51642	52146	52890	52194	52218	51762	51246	51295	53072	51909	51406	52463	53220	52057	51554	51585	52632	53379	51666	53433	52740	52287	51774	52821	52368	51855	51882	52446	53670	51954	51978	53742	53046	53790	53814	53118	52662	52146	53215	52772	52809	52306	52883	52380	54157	52454	52491	54264	53577	54330	53163	53676	53709	53262	52755	53837	52876	52935	53534	53593	54815	53092	53109	54866	54883	54180	54197	54214	53751	53228	54985	54282	53279	53296	53853	53870	55087	53417	54496	54075	55334	55393	54715	53732	53769	55546	54863	54420	53917	53954	54557	55816	54135	54194	55273	54831	56064	55377	56130	54423	54456	56229	55542	55095	54585	54612	54639	54666	56433	54720	54747	55794	55341	55848	56595	55472	55006	56820	56174	55725	55752	55239	55266	57033	55320	55347	57114	56421	56448	56475	57347	57496	56335	55832	56889	56446	57683	57000	57757	57794	56132	56206	58020	57374	57405	58152	56979	58206	57033	56520	57567	57114	57621	58368	57675	58697	57057	57156	58995	58311	59064	58377	59130	59163	57996	57489	57522	59295	58627	59396	58725	59494	58823	58392	57917	57976	59055	59834	59173
TRANSPORT_MODE
0	2	1	1	1	2	0	0	1	1	1	1	2	0	0	0	1	1	1	1	2	0	0	0	1	1	1	1	2	0	0	0	0	1	1	1	1	2	0	0	0	1	1	1	2	0	0	0	1	1	1	1	1	0	0	0	0	3	1	1	1	2	0	0	0	1	1	1	1	3	0	0	0	1	1	1	1	2	0	0	0	1	1	1	1	3	0	0	0	1	1	1	1	2	0	0	0	1	1	1	3	0	0	0	0	1	1	1	1	2	0	0	0	1	1	1	1	0	0	0	0	3	1	1	1	1	0	0	0	2	1	1	1	1	0	0	0	3	1	1	1	1	0	0	0	2	1	1	1	1	0	0	0	3	1	1	1	0	0	0	0	2	1	1	1	1	0	0	0	3	1	1	1	0	0	0	0	1	2	1	1	1	0	0	0	3	1	1	1	1	0	0	0	2	1	1	1	1	0	0	0	3	1	1	1	1	0	0	0	0	1	1	1	1	0	0	0	1	3	1	1	1	0	0	0	0	1	2	1	1	0	0	0	1	3	1	1	1	0	0	0	1	2	1	1	1	0	0	0	1	3	1	1	1	0	0	0	1	2	1	1	1	0	0	0	1	1	1	1	0	0	0	0	1	2	1	1	1	0	0	0	1	3	1	1	0	0	0	0	1	1	2	1	1	0	0	0	1	1	3	1	1	0	0	0	1	2	1	1	1	0	0	0	1	3	1	1	1	0	0	0	1	1	1	1	0	0	0	0	1	3	1	1	1	0	0	0	1	1	2	1	0	0	0	0	1	1	3	1	1	0	0	0	1	1	2	1	1	0	0	0	1	1	3	1	1	0	0	0	1	1	2	1	1	0	0	0	1	1	1	1	0	0	0	1	1	2	1	1	0	0	0	0	1	1	3	1	0	0	0	1	1	2	0	1	1	0	0	1	1	3	1	1	0	0	0	1	1	2	1	1	0	0	0	1	1	3	1	1	0	0	0	1	1	2	1	0	1	0	0	0	1	1	3	1	1	0	0	0	1	1	2	1	0	0	0	0	1	1	1	3	1	0	0	0	1	1	2	1	1	0	0	0	1	1	3	1	1	0	0	0	1	1	2	1	1	0	0	0	1	1	3	1	1	0	0	0	1	1	2	1	1	0	0	0	0	1	1	3	1	0	0	0	1	1	2	1	1	0	0	0	1	1	3	1	1	0	0	0	1	1	2	1	1	0	0	0	1	1	3	1	1	0	0	0	1	1	2	1	1	0	0	0	1	1	3	1	1	0	0	0	0	1	1	2	1	0	0	0	1	1	3	1	1	0	0	0	1	1	2	1	1	0	0	0	1	3	1	1	1	0	0	0	1	2	1	1	1	0	0	0	1	3	1	1	1	0	0	0	0	1	2	1	1	1	0	0	0	1	1	3	1	0	0	0	0	1	1	2	1	1	0	0	1	3	1	1	1	0	0	0	1	2	1	1	1	0	0	0	1	3	1	1	1	0	0	0	1	2	1	1	1	0	0	0	1	3	1	1	1	0	0	0	0	1	2	1	1	0	0	0	1	3	1	1	1	0	0	0	1	2	1	1	1	0	0	0	1	3	1	1	1	0	0	0	2	1	1	1	1	0	0	0	3	1	1	1	1	0	0	0	2	1	1	1	1	0	0	0	0	3	1	1	1	0	0	0	1	2	1	1	1	0	0	0	3	1	1	1	1	0	0	0	3	1	1	1	1	0	0	0	3	1	1	1	1	0	0	0	3	1	1	1	1	0	0	0	3	1	1	1	1	0	0	0	3	1	1	1	0	0	0	0	3	1	1	1	1	0	0	0
PATIENT_WEIGHT
121	105	68	38	76	126	127	60	62	131	127	74	86	143	40	118	135	56	70	143	115	139	53	92	132	42	85	93	34	109	36	125	127	98	36	38	86	59	30	37	87	128	147	149	51	39	42	106	53	93	108	124	123	114	49	100	37	99	30	70	143	121	94	73	71	55	96	69	49	43	100	123	54	45	130	31	44	37	92	39	81	49	64	57	43	110	124	126	82	86	53	119	110	138	115	149	50	82	119	150	46	40	95	60	102	75	140	89	58	48	114	85	94	57	59	135	59	94	52	74	129	138	31	55	59	35	64	31	139	133	145	100	53	126	121	44	64	93	95	109	38	78	100	124	117	105	48	30	64	86	63	45	34	123	139	47	130	111	32	33	30	144	117	133	131	99	123	55	69	136	88	77	93	32	127	39	100	108	130	65	63	87	48	88	85	115	132	144	32	122	137	122	89	80	51	60	72	114	96	117	30	126	63	70	63	98	76	43	127	123	150	112	35	62	92	145	138	96	134	44	60	45	145	49	107	97	81	129	59	37	140	30	115	102	111	124	144	105	97	34	120	97	91	49	66	104	118	141	113	128	110	84	96	32	145	56	82	108	145	117	141	30	67	78	91	36	99	51	53	31	40	32	60	146	44	94	68	146	127	70	125	40	61	85	58	61	79	123	97	35	44	35	117	105	88	107	121	99	62	51	112	134	88	38	144	30	65	70	103	31	106	137	56	131	84	61	147	119	146	50	77	149	140	136	37	141	77	71	102	120	131	107	64	102	51	72	84	31	106	123	42	135	88	80	39	92	124	73	149	119	106	115	90	119	121	118	126	122	127	114	129	42	67	55	85	95	139	98	33	86	98	53	146	83	91	126	140	148	69	52	103	47	88	66	89	91	145	143	55	80	97	85	72	121	145	147	67	103	144	148	150	110	128	72	61	39	134	146	46	132	150	110	106	71	136	109	139	90	111	34	68	104	147	63	77	39	76	41	105	65	115	138	140	136	67	140	104	148	35	98	35	115	133	61	134	126	94	55	75	44	47	122	140	80	135	73	148	146	115	104	143	116	127	60	52	87	149	90	98	73	35	68	70	132	81	83	98	95	127	96	63	87	145	67	84	59	85	113	35	134	63	114	87	109	84	33	136	97	137	76	133	133	123	75	133	57	77	148	106	65	127	83	121	145	127	149	91	115	103	71	113	92	78	144	65	68	53	116	98	107	87	113	140	111	123	113	83	117	46	146	92	46	51	41	109	68	79	136	139	76	101	44	146	91	99	149	50	83	31	139	107	47	83	30	35	69	68	40	98	134	30	114	54	97	136	42	129	100	135	87	133	94	144	110	38	124	70	149	96	103	150	111	38	73	85	136	57	116	113	127	140	150	115	73	46	89	43	40	83	43	119	130	58	141	53	145	41	71	46	36	102	64	72	121	36	85	89	148	134	75	78	82	87	143	143	74	72	143	47	47	108	98	35	65	112	81	103	135	59	82	80	41	86	76	66	136	85	72	51	43	116	70	64	80	46	144	135	143	47	87	119	76	91	113	95	35	59	39	144	132	87	87	114	125	98	49	127	37	143	71	98	31	63	78	71	121	120	74	145	121	51	135	68	73	146	113	73	72	134	99	123	55	77	102	77	53	99	140	40	53	57	129	102	148	146	108	57	98	35	70	62	70	85	49	79	142	105	37	47	138	46	77	118	87	79	98	150	73	113	86	128	50	75	75	133	41	145	142	60	133	119	113	112	147	73	69	137	59	79	78	101	54	98	130	101	91	112	119	104	71	123	57	123	119	111	126	70	101	128	93	146	150	56	71	112	97	115	56	93	123	60
DISTANCE_MATRIX
0	360	318	300	288	276	264	264	150	150	150	60	90	90	162	168	204	228	234	312	360	408	348	318	168	192	168	318
360	60	264	318	324	342	342	342	348	348	354	360	372	378	378	420	420	480	462	498	462	462	384	420	372	420	378	378
318	264	60	270	276	288	288	288	294	294	294	318	318	324	324	414	414	468	462	486	462	462	330	366	366	408	372	324
300	318	270	60	276	288	288	288	288	288	288	300	300	312	318	408	408	468	462	486	438	438	318	360	360	402	360	312
288	324	276	276	60	276	276	276	276	276	276	288	288	300	300	402	396	462	456	480	432	432	300	360	360	402	348	300
276	342	288	288	276	60	180	180	252	258	264	264	264	288	288	390	390	456	450	480	432	432	288	348	348	348	288	288
264	342	288	288	276	180	60	180	246	258	264	264	264	288	288	390	390	456	450	480	432	432	288	348	348	348	288	288
264	342	288	288	276	180	180	60	240	258	264	264	264	288	288	390	390	456	450	480	432	432	288	348	348	348	288	288
150	348	294	288	276	252	246	240	60	120	120	150	126	270	270	378	384	420	438	480	420	408	276	300	300	300	276	270
150	348	294	288	276	258	258	258	120	60	120	150	150	270	270	378	384	420	438	480	420	408	276	300	300	300	276	270
150	354	294	288	276	264	264	264	120	120	60	150	150	270	270	378	384	420	438	480	420	408	276	300	300	300	276	270
60	360	318	300	288	264	264	264	150	150	150	60	90	162	168	228	234	312	360	408	348	318	168	192	192	198	168	162
90	372	318	300	288	264	264	264	150	150	150	90	60	162	168	228	234	312	360	408	348	318	168	192	192	198	168	162
90	378	324	312	300	288	288	288	270	270	270	162	162	60	120	180	180	306	210	360	300	300	120	180	120	180	120	234
162	378	324	318	300	288	288	288	270	270	270	168	168	120	60	180	180	306	210	360	300	300	120	180	120	180	120	120
168	420	414	408	402	348	348	348	300	300	300	228	228	180	180	60	132	204	132	348	258	258	186	60	180	132	222	180
204	420	414	408	396	390	390	390	384	384	384	234	234	180	180	132	60	204	132	348	258	258	186	60	180	132	222	180
228	480	468	468	462	456	456	456	420	420	420	312	312	306	306	204	204	60	198	120	240	240	306	204	306	138	306	306
234	462	462	462	456	450	450	450	438	438	438	360	360	210	210	132	132	198	60	138	132	132	210	132	210	132	210	210
312	498	486	486	480	480	480	480	480	480	480	408	408	360	360	348	348	120	138	60	348	348	360	348	360	348	360	360
360	462	462	438	432	432	432	432	420	420	420	348	348	300	300	258	258	240	132	348	60	60	300	258	300	258	300	300
408	462	462	438	432	432	432	432	408	408	408	318	318	300	300	258	258	240	132	348	60	60	300	258	300	258	300	300
348	384	330	318	300	288	288	288	276	276	276	168	168	120	120	186	186	306	210	360	300	300	60	186	120	186	120	120
318	420	366	360	360	348	348	348	300	300	300	192	192	180	180	60	60	204	132	348	258	258	186	60	180	60	180	180
168	372	300	306	300	288	288	288	270	270	270	168	168	120	120	180	180	306	210	360	300	300	120	180	60	180	120	120
192	420	408	402	402	348	348	348	300	300	300	198	198	180	180	132	132	138	132	348	258	258	186	60	180	60	180	180
168	378	372	360	348	288	288	288	276	276	276	168	168	120	120	222	222	306	210	360	300	300	120	180	120	180	60	120
318	378	324	312	300	288	288	288	270	270	270	162	162	234	120	180	180	306	210	360	300	300	120	180	120	180	120	60
DEPOTS_DISTANCE
234	462	462	462	456	450	450	450	438	438	438	360	360	210	210	132	132	198	60	138	132	132	210	132	210	132	210	210	
348	384	330	318	300	288	288	288	276	276	276	168	168	120	120	186	186	306	210	360	300	300	60	186	120	186	120	120	
318	420	366	360	360	348	348	348	300	300	300	192	192	180	180	60	60	204	132	348	258	258	186	60	180	60	180	180	
LOCATION_TURN_MATRIX
100	130	122	113	112	199	136	122	129	152	173	146	151	136	158	140	176	113	122	167	194	134	110	172	114	184	100	147	
170	100	154	188	164	169	136	136	152	170	104	183	155	115	101	104	155	187	174	115	149	134	178	168	114	135	168	102	
178	146	100	161	178	114	104	165	117	139	126	169	192	109	120	179	160	152	154	134	113	140	154	179	196	196	192	181	
187	112	139	100	158	114	195	181	104	132	195	106	183	169	132	170	140	136	172	148	116	110	123	136	151	120	176	169	
188	136	122	142	100	175	164	159	112	100	167	164	135	191	132	181	104	123	142	156	108	117	193	182	116	147	156	185	
101	131	186	186	125	100	190	147	164	150	137	102	145	176	185	131	113	108	117	186	118	151	140	178	154	189	172	110	
164	164	196	105	136	110	100	186	153	151	183	193	111	157	144	123	188	142	110	163	105	190	166	187	170	171	186	126	
178	164	135	119	141	153	114	100	106	130	108	103	151	178	122	151	130	133	184	177	110	141	166	110	122	174	191	197	
171	148	183	196	188	136	147	194	100	167	100	146	168	129	128	142	172	118	174	147	105	158	156	160	120	106	119	136	
148	130	161	168	200	150	149	170	133	100	177	106	175	116	188	180	176	194	108	146	130	187	183	173	128	141	169	176	
127	196	174	105	133	163	117	192	200	123	100	171	175	140	183	115	104	186	128	153	151	175	100	146	191	117	132	197	
154	117	131	194	136	198	107	197	154	194	129	100	136	184	140	147	172	184	148	131	103	156	185	200	152	158	154	143	
149	145	108	117	165	155	189	149	132	125	125	164	100	140	199	142	101	144	163	185	117	191	200	143	113	165	102	154	
164	185	191	131	109	124	143	122	171	184	160	116	160	100	109	116	196	113	131	186	166	139	183	175	144	161	105	170	
142	199	180	168	168	115	156	178	172	112	117	160	101	191	100	147	177	177	199	158	172	188	164	175	180	168	154	195	
160	196	121	130	119	169	177	149	158	120	185	153	158	184	153	100	152	159	197	157	181	159	102	123	168	200	124	186	
124	145	140	160	196	187	112	170	128	124	196	128	199	104	123	148	100	149	114	112	117	135	105	132	138	180	198	156	
187	113	148	164	177	192	158	167	182	106	114	116	156	187	123	141	151	100	166	132	168	163	159	123	129	173	161	116	
178	126	146	128	158	183	190	116	126	192	172	152	137	169	101	103	186	134	100	184	199	137	130	160	148	113	140	150	
133	185	166	152	144	114	137	123	153	154	147	169	115	114	142	143	188	168	116	100	111	195	128	157	191	164	141	171	
106	151	187	184	192	182	195	190	195	170	149	197	183	134	128	119	183	132	101	189	100	129	151	163	147	166	104	177	
166	166	160	190	183	149	110	159	142	113	125	144	109	161	112	141	165	137	163	105	171	100	101	185	169	129	103	197	
190	122	146	177	107	160	134	134	144	117	200	115	100	117	136	198	195	141	170	172	149	199	100	106	150	116	118	145	
128	132	121	164	118	122	113	190	140	127	154	100	157	125	125	177	168	177	140	143	137	115	194	100	128	167	115	155	
186	186	104	149	184	146	130	178	180	172	109	148	187	156	120	132	162	171	152	109	153	131	150	172	100	155	124	184	
116	165	104	180	153	111	129	126	194	159	183	142	135	139	132	100	120	127	187	136	134	171	184	133	145	100	129	192	
200	132	108	124	144	128	114	109	181	131	168	146	198	195	146	176	102	139	160	159	196	197	182	185	176	171	100	146	
153	198	119	131	115	190	174	103	164	124	103	157	146	130	105	114	144	184	150	129	123	103	155	145	116	108	154	100	
DEPOTS_TO_LOCAL_TURN_MATRIX
178	126	146	128	158	183	190	116	126	192	172	152	137	169	101	103	186	134	100	184	199	137	130	160	148	113	140	150	
190	122	146	177	107	160	134	134	144	117	200	115	100	117	136	198	195	141	170	172	149	199	100	106	150	116	118	145	
128	132	121	164	118	122	113	190	140	127	154	100	157	125	125	177	168	177	140	143	137	115	194	100	128	167	115	155	
LOCAL_TO_DEPOT_TURN_MATRIX
122	174	154	172	142	117	110	184	174	108	128	148	163	131	199	197	114	166	100	116	101	163	170	140	152	187	160	150	
110	178	154	123	193	140	166	166	156	183	100	185	200	183	164	102	105	159	130	128	151	101	100	194	150	184	182	155	
172	168	179	136	182	178	187	110	160	173	146	200	143	175	175	123	132	123	160	157	163	185	106	100	172	133	185	145	

