INDEX_PROBLEM
1
PATIENTS
800
STRETCHERS
16
NUM_ROOM
28
NUM_DEPOT
3
NUM_PRIORITY
4
PRIORITY_LIST
0	1	2	3	4
PRIORITY_WEIGHT
0	1	10	18	30
PRIORITY_JOB
0	2	2	3	4	4	1	4	4	2	3	3	4	2	2	3	3	4	4	4	1	2	3	4	3	4	4	1	2	3	3	4	4	4	4	1	2	2	3	4	4	4	1	2	3	4	4	4	4	4	2	2	3	4	4	3	4	1	1	2	3	3	4	1	1	4	2	2	3	4	4	3	1	1	2	3	3	4	4	2	1	2	3	4	4	1	4	4	1	4	1	2	2	3	4	2	4	4	1	2	3	4	4	3	1	1	4	1	2	2	3	2	4	4	4	1	2	3	3	3	4	1	4	4	2	2	3	1	4	4	1	2	3	3	4	4	3	1	4	1	2	3	4	1	4	4	1	2	2	3	1	4	2	4	4	1	2	3	4	2	4	4	1	2	2	3	2	4	3	1	4	4	1	2	3	1	2	3	4	2	2	3	4	4	3	1	4	4	1	2	3	3	1	4	1	2	3	4	1	4	1	4	4	1	2	3	3	2	4	4	4	1	2	3	1	4	3	1	4	4	4	1	2	2	2	3	4	4	1	2	3	4	3	1	3	4	4	2	2	3	3	4	1	4	1	2	3	4	4	1	3	4	4	1	2	1	3	4	4	4	1	2	3	4	2	1	3	4	4	1	2	2	3	4	4	4	1	2	2	3	2	1	3	4	4	1	2	3	1	3	3	4	4	2	2	4	1	3	4	4	1	2	1	2	3	3	3	4	4	1	2	4	3	1	1	4	4	4	1	2	2	3	3	4	4	4	1	4	2	1	1	3	4	4	4	2	3	1	2	2	3	4	4	4	3	1	1	2	3	3	4	1	2	2	3	4	4	4	4	4	1	1	2	3	3	4	1	3	2	2	3	4	4	4	1	4	2	1	3	3	4	4	2	2	1	2	3	4	4	4	1	3	1	2	1	2	3	4	4	3	3	1	2	3	4	4	2	4	1	2	1	3	4	4	1	1	2	2	3	3	4	4	2	3	2	1	3	4	4	4	1	2	4	2	3	3	4	4	1	4	2	1	1	3	4	4	4	1	3	1	2	2	3	4	4	4	3	1	2	1	1	3	3	4	3	2	2	3	4	4	4	4	4	1	2	1	3	3	4	1	2	2	3	1	4	4	4	1	4	2	1	3	3	4	4	2	2	1	2	3	4	4	4	1	3	2	2	1	3	4	4	1	3	1	2	3	3	4	2	2	3	3	1	4	4	4	1	1	1	2	3	3	4	2	2	4	4	3	4	1	4	4	1	2	2	3	3	4	4	1	2	4	3	3	1	1	4	4	4	1	2	2	2	3	4	4	4	1	3	2	3	1	1	3	4	4	1	2	2	3	4	4	1	4	4	4	2	3	1	3	4	4	1	2	2	3	4	4	1	2	4	3	1	3	4	4	1	3	1	2	3	4	4	4	1	2	3	2	2	1	3	4	4	1	2	2	3	3	4	2	2	3	4	4	1	4	4	1	2	1	1	3	3	4	2	2	2	3	4	4	1	4	4	1	2	3	1	3	4	4	1	2	3	4	4	4	1	1	4	4	1	2	2	2	3	4	4	1	2	3	4	3	1	1	3	4	2	2	3	3	4	4	4	1	2	4	4	3	1	3	4	2	2	1	1	3	4	4	4	1	2	3	3	3	1	4	4	1	2	1	3	4	4	4	1	2	2	2	4	3	1	4	4	1	2	2	1	3	3	4	2	2	3	4	4	1	4	1	2	3	3	1	2	4	1	4	2	2	3	1	1	4	4	1	2	3	3	2	2	1	4	4	1	2	3	1	1	1	4	4	4	1	2	3	1	1	2	3	4	4	1	2	2	1	1	2	3	3	4	4	2
TIME_ASKED
0	28849	28898	28947	28996	29045	29094	29149	29198	29247	29296	29345	29394	29429	29458	29487	29516	29545	29574	29603	29632	29661	29690	29742	29784	29826	29868	29910	29952	29994	30029	30058	30087	30116	30145	30174	30203	30232	30261	30290	30329	30358	30387	30416	30445	30474	30503	30532	30561	30590	30621	30642	30663	30684	30705	30726	30747	30768	30789	30810	30831	30852	30873	30894	30949	30998	31047	31096	31145	31194	31227	31254	31281	31308	31335	31362	31389	31416	31443	31470	31497	31524	31548	31572	31596	31620	31644	31668	31692	31716	31740	31764	31788	31837	31874	31911	31948	31985	32022	32059	32096	32159	32218	32277	32336	32395	32419	32438	32457	32476	32495	32514	32533	32552	32571	32590	32609	32628	32647	32666	32685	32759	32818	32877	32936	32995	33027	33054	33081	33108	33135	33162	33189	33216	33243	33270	33297	33333	33366	33399	33432	33465	33498	33531	33564	33597	33616	33632	33648	33664	33680	33696	33712	33728	33744	33760	33776	33792	33808	33824	33840	33856	33872	33888	33933	33966	33999	34032	34065	34098	34131	34164	34197	34242	34284	34326	34368	34410	34452	34494	34533	34566	34599	34632	34665	34698	34731	34764	34797	34827	34854	34881	34908	34935	34962	34989	35016	35043	35070	35097	35137	35174	35211	35248	35285	35322	35359	35396	35433	35466	35499	35532	35565	35598	35631	35664	35697	35723	35746	35769	35792	35815	35838	35861	35884	35907	35930	35953	35976	35999	36023	36046	36069	36092	36115	36138	36161	36184	36207	36230	36253	36276	36299	36327	36354	36381	36408	36435	36462	36489	36516	36543	36570	36597	36619	36638	36657	36676	36695	36714	36733	36752	36771	36790	36809	36828	36847	36866	36885	36949	36998	37047	37096	37145	37194	37259	37318	37377	37436	37495	37549	37598	37647	37696	37745	37794	37827	37854	37881	37908	37935	37962	37989	38016	38043	38070	38097	38123	38146	38169	38192	38215	38238	38261	38284	38307	38330	38353	38376	38399	38419	38438	38457	38476	38495	38514	38533	38552	38571	38590	38609	38628	38647	38666	38685	38742	38784	38826	38868	38910	38952	38994	39029	39058	39087	39116	39145	39174	39203	39232	39261	39290	39349	39398	39447	39496	39545	39594	39633	39666	39699	39732	39765	39798	39831	39864	39897	39937	39974	40011	40048	40085	40122	40159	40196	40242	40284	40326	40368	40410	40452	40494	40542	40584	40626	40668	40710	40752	40794	40849	40898	40947	40996	41045	41094	41133	41166	41199	41232	41265	41298	41331	41364	41397	41423	41446	41469	41492	41515	41538	41561	41584	41607	41630	41653	41676	41699	41749	41798	41847	41896	41945	41994	42099	42198	42297	42342	42384	42426	42468	42510	42552	42594	42699	42798	42897	42923	42946	42969	42992	43015	43038	43061	43084	43107	43130	43153	43176	43199	43237	43274	43311	43348	43385	43422	43459	43496	43549	43598	43647	43696	43745	43794	43899	43998	44097	44159	44218	44277	44336	44395	44459	44518	44577	44636	44695	44799	44898	44997	45033	45066	45099	45132	45165	45198	45231	45264	45297	45337	45374	45411	45448	45485	45522	45559	45596	45637	45674	45711	45748	45785	45822	45859	45896	45959	46018	46077	46136	46195	46249	46298	46347	46396	46445	46494	46537	46574	46611	46648	46685	46722	46759	46796	46821	46842	46863	46884	46905	46926	46947	46968	46989	47010	47031	47052	47073	47094	47199	47298	47397	47437	47474	47511	47548	47585	47622	47659	47696	47737	47774	47811	47848	47885	47922	47959	47996	48049	48098	48147	48196	48245	48294	48324	48348	48372	48396	48420	48444	48468	48492	48516	48540	48564	48588	48627	48654	48681	48708	48735	48762	48789	48816	48843	48870	48897	48937	48974	49011	49048	49085	49122	49159	49196	49233	49266	49299	49332	49365	49398	49431	49464	49497	49537	49574	49611	49648	49685	49722	49759	49796	49827	49854	49881	49908	49935	49962	49989	50016	50043	50070	50097	50149	50198	50247	50296	50345	50394	50424	50448	50472	50496	50520	50544	50568	50592	50616	50640	50664	50688	50737	50774	50811	50848	50885	50922	50959	50996	51027	51054	51081	51108	51135	51162	51189	51216	51243	51270	51297	51324	51348	51372	51396	51420	51444	51468	51492	51516	51540	51564	51588	51637	51674	51711	51748	51785	51822	51859	51896	51933	51966	51999	52032	52065	52098	52131	52164	52197	52259	52318	52377	52436	52495	52517	52534	52551	52568	52585	52602	52619	52636	52653	52670	52687	52704	52721	52738	52755	52772	52789	52859	52918	52977	53036	53095	53137	53174	53211	53248	53285	53322	53359	53396	53459	53518	53577	53636	53695	53733	53766	53799	53832	53865	53898	53931	53964	53997	54027	54054	54081	54108	54135	54162	54189	54216	54243	54270	54297	54374	54448	54522	54596	54627	54654	54681	54708	54735	54762	54789	54816	54843	54870	54897	55049	55198	55237	55274	55311	55348	55385	55422	55459	55496	55574	55648	55722	55796	55827	55854	55881	55908	55935	55962	55989	56016	56043	56070	56097	56399	56499	56598	56697	56733	56766	56799	56832	56865	56898	56931	56964	56997	57049	57098	57147	57196	57245	57294	57359	57418	57477	57536	57595
ORIGIN
26	16	6	27	19	7	11	25	25	14	23	10	2	23	14	27	14	14	3	23	26	14	14	14	14	14	16	7	27	20	23	14	14	9	1	23	11	14	14	2	2	2	2	3	24	14	14	26	2	6	27	18	7	27	20	8	26	14	17	2	23	12	2	14	14	14	23	14	4	24	25	25	25	25	23	27	19	8	14	9	9	14	23	11	2	14	14	14	4	4	10	24	14	4	1	14	27	14	18	7	27	20	8	8	26	27	17	17	12	2	14	14	14	14	14	4	24	15	4	2	16	2	3	3	3	27	23	14	14	2	10	2	23	14	2	14	20	14	27	27	27	26	20	20	20	2	2	27	20	14	23	14	2	4	27	20	27	23	14	14	8	8	8	24	15	4	8	16	8	26	26	26	2	2	8	27	14	14	3	23	12	2	23	11	14	25	14	14	14	27	14	9	9	14	14	20	8	27	14	14	14	14	14	2	14	13	26	5	13	2	16	14	4	26	14	8	27	14	14	14	14	14	14	14	14	14	14	25	2	23	14	3	23	16	14	11	27	11	14	12	16	2	16	8	27	23	2	12	16	14	14	16	14	14	2	20	14	7	2	7	26	16	2	13	7	3	14	14	14	14	3	14	2	8	23	4	23	13	3	23	2	2	16	14	14	1	14	14	27	8	2	2	23	8	1	14	2	27	14	14	2	2	11	14	14	14	14	14	16	5	26	3	25	25	13	14	3	14	14	7	14	14	2	14	13	2	23	8	3	27	14	14	1	7	14	3	26	14	23	2	8	1	23	10	27	14	14	14	26	14	14	10	10	14	14	8	5	26	2	16	12	16	2	16	14	14	26	14	14	1	1	4	2	23	16	23	20	16	16	14	7	14	14	14	14	16	26	11	1	23	10	1	16	27	27	27	14	14	27	14	2	27	26	27	14	1	26	7	2	3	3	14	14	3	14	27	14	27	1	4	23	14	3	26	23	23	23	14	14	9	27	27	7	2	23	23	23	10	1	2	2	14	3	3	14	27	14	14	14	14	14	20	16	6	27	19	7	23	23	23	23	23	14	2	20	27	14	14	14	3	23	14	14	23	23	14	25	25	14	14	14	1	2	20	9	2	20	11	2	27	1	1	14	14	14	14	1	2	2	8	5	27	18	7	2	16	16	16	14	17	22	22	23	27	27	27	3	23	14	4	2	1	1	1	4	14	26	26	3	23	27	2	1	23	11	2	27	23	27	27	14	14	15	15	27	27	3	2	26	17	7	27	27	14	27	14	2	27	20	20	14	23	3	26	23	14	4	4	15	23	23	23	14	26	26	14	27	2	2	1	23	10	2	14	27	27	2	14	14	15	14	14	14	14	27	26	16	7	27	27	2	2	14	27	20	20	2	2	2	8	16	23	14	3	24	14	4	2	14	3	3	14	14	14	14	23	14	14	10	2	23	12	14	14	14	14	14	14	2	2	23	1	23	2	7	26	19	2	27	2	2	16	20	11	2	2	27	14	2	14	3	24	14	4	14	14	14	1	26	7	27	14	14	14	13	10	1	23	12	2	23	3	25	14	14	14	24	11	15	8	16	6	27	19	7	27	2	14	27	27	20	2	23	2	2	27	14	3	23	14	26	27	26	3	14	26	7	27	20	14	4	23	9	1	23	4	2	23	14	26	7	14	27	24	15	14	1	14	6	27	18	7	27	14	14	14	14	10	2	23	2	2	14	14	3	23	14	4	23	23	25	23	25	7	27	20	14	14	14	9	1	23	11	2	1	1	1	14	14	3	24	14	1	4	4	5	27	18	7	27	20	8	14	17	2	1	23	12	2	16	8
DESTINATION
3	14	17	2	22	23	12	14	14	3	27	14	14	27	25	23	25	25	14	4	14	9	9	9	1	9	16	20	2	14	1	4	4	14	14	27	15	5	5	14	27	27	27	14	2	26	8	14	27	17	2	27	20	2	14	14	14	16	6	14	27	11	14	25	25	2	3	26	14	2	14	14	14	14	27	2	22	14	2	14	14	2	27	15	14	20	20	20	14	14	14	1	26	14	23	2	2	4	27	20	2	14	14	14	14	2	6	6	11	14	20	8	8	26	26	14	2	14	14	27	14	14	23	23	23	2	27	25	25	14	14	14	27	8	14	9	14	9	23	23	23	3	14	14	14	14	14	2	14	4	1	5	27	14	18	7	18	1	8	8	14	14	14	2	14	14	14	14	14	14	14	14	24	24	14	2	16	16	14	27	11	14	1	12	16	14	2	2	10	23	2	14	14	2	16	14	14	2	20	20	20	2	2	27	20	7	3	14	7	14	14	26	14	3	8	14	2	8	8	8	8	15	16	16	8	2	16	14	14	1	25	14	27	14	3	12	23	12	2	11	14	14	14	14	2	27	14	11	14	9	20	14	8	8	27	14	25	13	14	20	3	14	27	7	13	26	16	16	4	4	26	8	27	14	27	14	1	7	14	3	27	14	14	25	25	23	2	3	23	14	14	14	26	14	14	10	14	23	10	8	27	27	12	16	16	2	16	20	14	14	3	26	14	14	7	2	26	16	16	13	16	16	14	4	7	14	1	14	14	2	8	4	23	13	3	23	14	8	27	14	14	14	27	14	2	8	2	2	23	8	1	14	14	3	3	14	14	3	27	14	11	14	14	14	16	5	3	2	25	23	23	14	14	1	14	27	7	14	14	2	13	2	8	26	3	14	3	20	14	27	14	14	14	23	23	23	8	1	23	10	27	23	14	23	16	23	14	20	27	14	14	5	5	26	16	2	16	23	14	14	1	25	14	14	1	1	1	4	2	17	23	23	20	27	1	1	27	14	14	14	27	16	26	26	1	23	1	1	1	16	16	14	14	17	2	22	23	27	27	27	27	1	1	14	7	2	1	4	25	14	4	26	3	27	27	4	14	14	3	26	26	23	27	7	14	27	7	15	27	2	23	23	10	1	1	2	14	27	27	14	14	2	27	20	14	14	14	14	20	6	19	19	7	23	23	23	14	3	26	14	27	14	14	14	23	3	14	14	14	27	2	14	14	27	15	14	2	1	2	2	9	26	11	11	2	2	14	27	3	9	20	2	2	2	2	8	27	18	7	7	2	7	14	3	3	26	14	14	14	27	27	27	3	14	14	4	2	27	14	14	27	14	14	2	23	2	27	2	2	11	2	2	2	3	2	3	16	20	2	2	27	27	3	2	7	7	27	27	27	14	14	1	26	14	2	26	14	27	3	26	23	4	4	4	15	27	25	25	14	14	27	11	15	2	2	1	10	10	14	14	27	14	27	27	20	14	22	14	2	27	27	16	7	15	27	27	2	3	14	26	14	1	26	14	4	16	16	23	14	20	2	4	4	8	7	14	14	27	11	14	1	14	14	10	10	2	2	12	14	14	14	17	2	22	23	2	14	1	23	2	7	14	27	27	27	23	25	14	5	26	14	2	14	14	2	14	20	2	14	4	14	1	14	14	27	14	14	1	4	14	13	10	23	2	14	2	23	3	17	2	27	23	2	16	8	16	16	14	14	27	27	27	2	25	14	4	26	14	27	27	14	27	14	20	2	14	26	26	26	14	14	27	15	14	23	23	23	9	1	14	1	26	23	14	14	14	2	27	20	2	14	14	26	6	27	14	27	11	14	14	14
DUE_DATE
0	30427	30476	30045	29554	29603	31392	29707	29756	30825	30394	30443	29952	31007	31036	30585	30614	30103	30132	30161	31930	31239	30788	30300	30882	30384	30426	32208	31530	31092	31127	30616	30645	30674	30703	32472	31781	31810	31359	30848	30887	30916	32685	31994	31543	31032	31061	31090	31119	31148	32199	32220	31761	31242	31263	31824	31305	33066	33087	32388	31929	31950	31431	33192	33247	31556	32625	32674	32243	31752	31785	32352	33579	33606	32913	32460	32487	31974	32001	33048	33795	33102	32646	32130	32154	33918	32202	32226	33990	32274	34038	33342	33366	32935	32432	33489	32506	32543	34320	33637	33194	32717	32776	33375	34634	34693	32977	34736	34035	34054	33593	34092	33091	33110	33129	34888	34187	33726	33745	33764	33243	35057	33376	33435	34514	34573	34125	35352	33639	33666	35433	34740	34287	34314	33801	33828	34395	35631	33924	35697	35010	34563	34056	35829	34122	34155	35914	35210	35226	34762	35978	34254	35290	34286	34302	36058	35354	34890	34366	35402	34398	34414	36170	35466	35511	35064	35577	34590	35163	36396	34689	34722	36495	35820	35382	36624	35946	35508	35010	36072	36111	35664	35157	35190	35763	36996	35289	35322	37095	36405	35952	35979	37206	35493	37260	36567	36114	35601	37368	35655	37435	35732	35769	37546	36863	36420	36457	36974	35991	36024	36057	37830	37143	36696	37929	36222	36795	38021	36304	36327	36350	38113	37416	37439	37462	37005	36488	36511	38274	37577	37121	36604	37167	38390	37213	36696	36719	37762	37785	37328	37351	36834	38597	36885	38652	37959	37506	36993	37020	38787	37614	37101	37128	38895	38197	38936	37755	37234	37253	37272	39031	38330	37869	37348	38387	39126	37945	37424	37443	39247	38576	38625	38194	37703	37752	37817	39616	38955	39014	38593	39127	39896	38745	38254	38303	40092	39405	38952	40179	39006	39033	38520	38547	39594	39621	38628	40395	39221	38704	38727	40490	39793	40536	39839	39382	39405	39428	38911	38934	40697	39997	38996	39555	40774	40793	39072	39091	39110	40869	40168	40187	39726	39745	39224	39243	39300	41082	39384	40446	41208	41250	40092	39587	39616	39645	40694	40243	41472	40781	40810	40359	39848	39907	39956	40545	41794	41843	41172	40731	40764	40257	42030	41343	41376	40929	40422	40455	40495	40532	40569	42346	42383	41700	41257	41294	40800	42582	41424	41946	41988	41550	41052	41100	41142	42924	41226	42288	43050	41892	41947	41456	41505	42574	42623	43392	42711	42264	41757	41790	41823	43596	42429	43662	42975	43721	43024	42567	42050	42073	42636	42659	43882	43185	42728	42211	42234	43277	42307	44096	43425	44194	43043	42552	42657	44496	44595	43920	43962	43524	43566	43068	43110	44172	43797	44376	45195	44021	43504	43527	43550	45313	44616	43619	44662	44205	44228	43711	43734	45497	43795	44852	45609	45646	44483	43980	44017	44054	45847	44696	45945	45274	45323	44892	44457	44556	44655	45257	46516	45855	46634	46693	45557	45616	45135	45734	46273	46377	45996	45555	45591	45624	45657	45690	47463	46776	47529	46362	46395	45895	47672	46989	47026	46583	47820	46117	46154	46195	47972	46269	47326	48083	46920	46957	46454	46517	47596	47655	48434	47773	47347	46856	46905	46954	48743	47592	48115	48152	48909	47746	47243	47280	49057	47894	49119	48420	47961	47982	47463	48504	48525	48066	48087	49308	47589	47610	47631	49392	49497	49596	48975	48535	48572	48069	49126	49163	48180	48217	48794	48295	50072	48369	48406	50183	49500	49537	49094	49147	48656	48705	50494	49823	48852	49422	49446	50670	50694	48978	49002	49026	50790	50094	50118	50142	49686	49185	49212	49239	51006	49833	50340	49887	51114	51141	49968	49455	49495	51272	50589	50626	50183	49680	49717	51494	49791	49824	49857	50910	50463	51696	50529	50022	50055	51835	51152	51189	50746	50243	50280	52057	51374	50385	50952	52179	51006	50493	50520	52287	51114	52341	51648	51195	50707	50756	50805	52594	51923	51492	52002	52026	52770	51594	51078	51102	52866	52170	52194	51738	51762	51246	52315	52352	51909	51406	51443	53220	51517	51554	53325	52632	53379	53406	52233	52260	51747	52794	52821	52848	52395	51882	51906	53670	51954	51978	53742	53046	52590	53814	52638	52122	52146	53935	53252	52809	52306	52343	52380	54157	54194	52491	52524	54297	53610	53643	53676	53229	52722	52755	54557	53896	53475	52994	53593	54815	54832	53649	53126	54163	54180	53717	53734	53211	53228	53245	55002	54299	53296	53313	53870	55087	53957	53476	54555	54614	55393	55435	54272	53769	53806	53843	55620	54937	54494	54557	54616	55875	54194	54253	56031	55344	56097	54930	54423	54456	54489	56262	55575	55605	55632	54639	55206	56433	54720	54747	56514	55821	55848	56595	55472	55546	55080	56174	56205	55752	55239	55266	57033	55320	57087	56394	55941	55968	57195	56627	55756	57535	55832	56889	56926	56483	57720	57757	56054	56132	57946	57300	56894	56925	57432	57459	58206	56493	56520	58287	57594	57141	58368	58395	58697	57057	57156	57255	59031	58344	57897	59130	59163	58476	58029	57522	57555	59347	58676	58725	59494	59543	58872	58457	58516	58035	58094	59173
TRANSPORT_MODE
0	2	1	1	1	1	1	0	0	2	1	1	1	1	1	0	2	1	1	1	1	1	2	0	1	1	1	1	1	2	0	0	2	1	1	1	1	1	2	0	1	1	1	1	1	2	0	0	2	1	1	1	1	1	1	0	0	3	1	1	1	1	1	0	0	2	1	1	1	1	1	0	3	1	1	1	1	1	1	0	2	1	1	1	1	3	0	0	3	1	1	1	1	1	2	0	0	1	1	1	1	1	1	0	3	3	1	1	1	1	1	0	0	2	1	1	1	1	1	0	0	3	1	1	1	1	1	0	2	1	1	1	1	1	1	0	0	3	1	1	1	1	2	0	2	1	1	1	1	1	3	0	0	1	1	1	1	1	1	0	2	2	1	1	1	1	0	1	0	3	1	1	1	1	1	0	0	2	1	1	1	1	1	0	0	3	1	1	1	1	1	2	0	1	1	1	1	1	3	0	3	1	1	1	1	1	2	0	0	1	1	1	1	1	3	0	0	3	1	1	1	1	1	1	0	2	1	1	1	1	1	0	0	3	1	1	1	1	2	0	1	1	0	1	1	1	1	0	0	3	1	1	1	1	1	0	2	2	1	1	1	1	1	0	0	3	1	1	1	1	1	0	2	2	1	1	1	1	1	0	0	3	1	1	1	1	1	0	0	1	2	1	1	1	1	0	3	1	1	1	1	1	0	0	0	1	2	1	1	1	1	0	1	3	3	1	1	1	1	0	2	1	1	1	1	0	1	0	1	3	3	1	1	1	1	0	0	1	2	1	1	1	1	0	0	1	3	1	1	1	1	0	1	2	1	1	1	1	0	0	1	3	1	1	1	1	0	0	1	2	1	1	1	1	1	0	1	3	1	1	1	1	0	0	1	2	2	1	1	1	1	0	0	1	3	1	1	1	1	0	1	2	1	2	1	1	1	0	0	1	3	1	1	1	1	0	0	1	1	2	1	1	1	0	1	3	1	1	1	1	1	0	0	1	2	1	1	1	1	0	1	3	3	1	1	1	1	0	0	1	2	1	1	1	1	0	0	1	1	3	3	1	1	1	0	1	2	1	1	1	1	0	0	1	1	3	1	1	1	0	1	1	2	0	1	1	1	1	0	1	3	1	1	1	1	0	0	1	2	2	1	1	1	1	0	1	1	3	1	1	1	0	0	1	1	2	2	1	1	1	0	1	3	1	1	1	1	0	0	1	1	2	1	1	1	0	0	1	1	3	1	1	1	1	0	1	2	1	1	1	1	0	0	1	3	3	1	1	1	1	0	1	1	2	1	0	1	1	0	1	1	3	3	1	1	1	0	1	2	1	1	1	1	0	0	0	1	1	3	1	1	1	0	1	2	1	1	1	1	1	0	1	3	1	1	1	1	0	0	1	2	2	1	1	1	1	0	0	1	3	1	1	1	1	0	1	1	2	2	1	1	1	0	1	3	1	1	1	1	0	0	1	2	1	1	0	1	1	0	1	3	1	1	1	1	1	0	1	2	1	1	1	1	0	0	1	3	3	1	1	1	1	0	1	2	1	1	1	1	0	0	1	3	3	1	1	1	1	0	1	2	1	1	1	1	0	0	1	3	1	1	1	1	0	0	1	2	1	1	1	1	1	0	1	3	1	1	1	1	0	1	2	2	1	1	0	1	1	0	1	3	1	1	1	1	0	0	1	2	2	1	1	1	1	0	3	1	1	1	1	1	0	0	1	3	1	1	1	1	0	3	1	1	1	1	1	1	0	0	3	1	1	1	1	1	0	3	3	1	1	1	1	1	0	0	3	1	1	1	1	1	0	0	3	3	1	1	1	1	1	0
PATIENT_WEIGHT
95	33	75	83	105	96	46	96	81	64	83	46	50	118	35	74	143	49	111	59	36	31	115	30	116	99	121	69	116	139	57	140	59	55	127	100	65	31	77	106	92	94	32	39	136	82	69	104	133	132	83	109	131	68	61	119	80	104	73	76	48	88	85	109	73	80	145	60	147	42	118	121	54	81	118	58	94	63	67	55	137	54	128	37	64	137	139	123	117	77	89	83	141	101	39	54	69	135	97	117	81	56	145	128	98	61	105	109	44	56	64	46	71	31	76	31	82	96	76	79	43	103	33	36	148	122	53	82	113	133	37	64	147	33	106	101	61	137	115	30	49	125	113	90	54	131	50	105	38	67	63	68	34	96	85	116	100	50	32	69	41	147	64	97	143	143	76	110	129	122	138	34	41	42	107	35	53	118	57	150	132	63	111	50	81	149	140	51	140	101	41	85	99	104	133	136	94	104	97	104	90	100	61	125	71	104	55	139	61	126	126	63	95	81	114	30	35	45	140	70	74	61	90	95	82	131	68	89	60	43	54	95	123	122	61	55	79	146	42	109	129	145	31	44	90	106	137	30	77	109	102	76	108	79	109	142	77	64	91	31	43	130	123	135	118	101	150	63	31	130	97	109	54	121	87	105	41	89	114	64	124	77	95	132	125	30	140	95	39	146	144	93	144	143	128	147	104	67	44	45	122	96	136	35	34	113	111	145	76	70	67	128	84	106	79	47	100	57	33	81	91	97	40	126	32	63	57	59	34	61	102	141	46	123	121	67	140	35	140	66	33	58	145	85	53	114	124	54	40	110	79	30	82	34	149	46	79	56	64	98	113	70	91	94	59	106	124	142	66	94	100	139	71	116	31	40	31	149	65	58	139	108	136	132	134	129	73	73	137	43	108	82	84	141	107	116	82	88	65	150	79	58	118	55	145	77	89	145	35	74	117	74	126	47	44	145	34	82	148	102	108	82	146	112	54	90	55	90	44	49	115	78	149	137	104	59	132	144	109	147	61	147	57	93	93	117	144	139	69	44	134	94	49	103	67	68	76	77	66	137	53	76	123	131	66	119	144	139	117	54	43	62	68	33	63	43	73	145	135	97	56	60	82	74	107	45	82	102	120	146	144	141	132	71	136	109	100	89	111	47	34	111	32	73	83	108	123	88	94	90	49	84	116	72	52	138	91	137	77	60	114	150	133	78	45	44	141	61	113	104	115	139	39	99	51	102	133	126	62	43	95	100	138	107	137	103	90	97	81	136	140	127	149	143	133	34	147	128	71	38	128	37	62	112	88	35	37	32	95	68	34	55	62	39	32	76	125	105	91	123	145	66	122	32	54	77	32	32	85	96	127	78	45	40	120	74	106	36	134	92	65	56	30	125	46	82	70	150	53	34	61	100	42	146	60	39	149	119	54	79	40	89	79	35	120	137	141	42	101	125	47	60	92	49	87	117	43	82	149	48	123	124	62	112	68	69	63	123	121	113	112	42	57	37	96	47	30	113	107	55	147	48	120	33	101	45	30	121	123	112	54	113	112	104	102	76	48	68	92	86	106	44	128	146	131	85	139	132	140	42	99	57	89	150	142	81	74	138	96	149	143	120	39	47	79	82	144	30	74	118	131	70	30	118	104	102	106	100	124	83	46	47	54	48	98	134	52	47	119	53	56	33	116	81	148	138	30	80	60	59	85	101	51	61	71	135	89	123	44	133	78	86	58	34	60	140	145	65	76	142	44	92	87	59	110	85	137	138	107	58	30	68	109	62	56	31	150	147	30	134	69	79	113	127	90	63	136	40	128	49	100	111	75	42	40	86	81	117	112	124	142
DISTANCE_MATRIX
0	360	318	300	288	276	264	264	150	150	150	60	90	90	162	168	204	228	234	312	360	408	348	318	168	192	168	318
360	60	264	318	324	342	342	342	348	348	354	360	372	378	378	420	420	480	462	498	462	462	384	420	372	420	378	378
318	264	60	270	276	288	288	288	294	294	294	318	318	324	324	414	414	468	462	486	462	462	330	366	366	408	372	324
300	318	270	60	276	288	288	288	288	288	288	300	300	312	318	408	408	468	462	486	438	438	318	360	360	402	360	312
288	324	276	276	60	276	276	276	276	276	276	288	288	300	300	402	396	462	456	480	432	432	300	360	360	402	348	300
276	342	288	288	276	60	180	180	252	258	264	264	264	288	288	390	390	456	450	480	432	432	288	348	348	348	288	288
264	342	288	288	276	180	60	180	246	258	264	264	264	288	288	390	390	456	450	480	432	432	288	348	348	348	288	288
264	342	288	288	276	180	180	60	240	258	264	264	264	288	288	390	390	456	450	480	432	432	288	348	348	348	288	288
150	348	294	288	276	252	246	240	60	120	120	150	126	270	270	378	384	420	438	480	420	408	276	300	300	300	276	270
150	348	294	288	276	258	258	258	120	60	120	150	150	270	270	378	384	420	438	480	420	408	276	300	300	300	276	270
150	354	294	288	276	264	264	264	120	120	60	150	150	270	270	378	384	420	438	480	420	408	276	300	300	300	276	270
60	360	318	300	288	264	264	264	150	150	150	60	90	162	168	228	234	312	360	408	348	318	168	192	192	198	168	162
90	372	318	300	288	264	264	264	150	150	150	90	60	162	168	228	234	312	360	408	348	318	168	192	192	198	168	162
90	378	324	312	300	288	288	288	270	270	270	162	162	60	120	180	180	306	210	360	300	300	120	180	120	180	120	234
162	378	324	318	300	288	288	288	270	270	270	168	168	120	60	180	180	306	210	360	300	300	120	180	120	180	120	120
168	420	414	408	402	348	348	348	300	300	300	228	228	180	180	60	132	204	132	348	258	258	186	60	180	132	222	180
204	420	414	408	396	390	390	390	384	384	384	234	234	180	180	132	60	204	132	348	258	258	186	60	180	132	222	180
228	480	468	468	462	456	456	456	420	420	420	312	312	306	306	204	204	60	198	120	240	240	306	204	306	138	306	306
234	462	462	462	456	450	450	450	438	438	438	360	360	210	210	132	132	198	60	138	132	132	210	132	210	132	210	210
312	498	486	486	480	480	480	480	480	480	480	408	408	360	360	348	348	120	138	60	348	348	360	348	360	348	360	360
360	462	462	438	432	432	432	432	420	420	420	348	348	300	300	258	258	240	132	348	60	60	300	258	300	258	300	300
408	462	462	438	432	432	432	432	408	408	408	318	318	300	300	258	258	240	132	348	60	60	300	258	300	258	300	300
348	384	330	318	300	288	288	288	276	276	276	168	168	120	120	186	186	306	210	360	300	300	60	186	120	186	120	120
318	420	366	360	360	348	348	348	300	300	300	192	192	180	180	60	60	204	132	348	258	258	186	60	180	60	180	180
168	372	300	306	300	288	288	288	270	270	270	168	168	120	120	180	180	306	210	360	300	300	120	180	60	180	120	120
192	420	408	402	402	348	348	348	300	300	300	198	198	180	180	132	132	138	132	348	258	258	186	60	180	60	180	180
168	378	372	360	348	288	288	288	276	276	276	168	168	120	120	222	222	306	210	360	300	300	120	180	120	180	60	120
318	378	324	312	300	288	288	288	270	270	270	162	162	234	120	180	180	306	210	360	300	300	120	180	120	180	120	60
DEPOTS_DISTANCE
234	462	462	462	456	450	450	450	438	438	438	360	360	210	210	132	132	198	60	138	132	132	210	132	210	132	210	210	
348	384	330	318	300	288	288	288	276	276	276	168	168	120	120	186	186	306	210	360	300	300	60	186	120	186	120	120	
318	420	366	360	360	348	348	348	300	300	300	192	192	180	180	60	60	204	132	348	258	258	186	60	180	60	180	180	
LOCATION_TURN_MATRIX
100	130	122	113	112	199	136	122	129	152	173	146	151	136	158	140	176	113	122	167	194	134	110	172	114	184	100	147	
170	100	154	188	164	169	136	136	152	170	104	183	155	115	101	104	155	187	174	115	149	134	178	168	114	135	168	102	
178	146	100	161	178	114	104	165	117	139	126	169	192	109	120	179	160	152	154	134	113	140	154	179	196	196	192	181	
187	112	139	100	158	114	195	181	104	132	195	106	183	169	132	170	140	136	172	148	116	110	123	136	151	120	176	169	
188	136	122	142	100	175	164	159	112	100	167	164	135	191	132	181	104	123	142	156	108	117	193	182	116	147	156	185	
101	131	186	186	125	100	190	147	164	150	137	102	145	176	185	131	113	108	117	186	118	151	140	178	154	189	172	110	
164	164	196	105	136	110	100	186	153	151	183	193	111	157	144	123	188	142	110	163	105	190	166	187	170	171	186	126	
178	164	135	119	141	153	114	100	106	130	108	103	151	178	122	151	130	133	184	177	110	141	166	110	122	174	191	197	
171	148	183	196	188	136	147	194	100	167	100	146	168	129	128	142	172	118	174	147	105	158	156	160	120	106	119	136	
148	130	161	168	200	150	149	170	133	100	177	106	175	116	188	180	176	194	108	146	130	187	183	173	128	141	169	176	
127	196	174	105	133	163	117	192	200	123	100	171	175	140	183	115	104	186	128	153	151	175	100	146	191	117	132	197	
154	117	131	194	136	198	107	197	154	194	129	100	136	184	140	147	172	184	148	131	103	156	185	200	152	158	154	143	
149	145	108	117	165	155	189	149	132	125	125	164	100	140	199	142	101	144	163	185	117	191	200	143	113	165	102	154	
164	185	191	131	109	124	143	122	171	184	160	116	160	100	109	116	196	113	131	186	166	139	183	175	144	161	105	170	
142	199	180	168	168	115	156	178	172	112	117	160	101	191	100	147	177	177	199	158	172	188	164	175	180	168	154	195	
160	196	121	130	119	169	177	149	158	120	185	153	158	184	153	100	152	159	197	157	181	159	102	123	168	200	124	186	
124	145	140	160	196	187	112	170	128	124	196	128	199	104	123	148	100	149	114	112	117	135	105	132	138	180	198	156	
187	113	148	164	177	192	158	167	182	106	114	116	156	187	123	141	151	100	166	132	168	163	159	123	129	173	161	116	
178	126	146	128	158	183	190	116	126	192	172	152	137	169	101	103	186	134	100	184	199	137	130	160	148	113	140	150	
133	185	166	152	144	114	137	123	153	154	147	169	115	114	142	143	188	168	116	100	111	195	128	157	191	164	141	171	
106	151	187	184	192	182	195	190	195	170	149	197	183	134	128	119	183	132	101	189	100	129	151	163	147	166	104	177	
166	166	160	190	183	149	110	159	142	113	125	144	109	161	112	141	165	137	163	105	171	100	101	185	169	129	103	197	
190	122	146	177	107	160	134	134	144	117	200	115	100	117	136	198	195	141	170	172	149	199	100	106	150	116	118	145	
128	132	121	164	118	122	113	190	140	127	154	100	157	125	125	177	168	177	140	143	137	115	194	100	128	167	115	155	
186	186	104	149	184	146	130	178	180	172	109	148	187	156	120	132	162	171	152	109	153	131	150	172	100	155	124	184	
116	165	104	180	153	111	129	126	194	159	183	142	135	139	132	100	120	127	187	136	134	171	184	133	145	100	129	192	
200	132	108	124	144	128	114	109	181	131	168	146	198	195	146	176	102	139	160	159	196	197	182	185	176	171	100	146	
153	198	119	131	115	190	174	103	164	124	103	157	146	130	105	114	144	184	150	129	123	103	155	145	116	108	154	100	
DEPOTS_TO_LOCAL_TURN_MATRIX
178	126	146	128	158	183	190	116	126	192	172	152	137	169	101	103	186	134	100	184	199	137	130	160	148	113	140	150	
190	122	146	177	107	160	134	134	144	117	200	115	100	117	136	198	195	141	170	172	149	199	100	106	150	116	118	145	
128	132	121	164	118	122	113	190	140	127	154	100	157	125	125	177	168	177	140	143	137	115	194	100	128	167	115	155	
LOCAL_TO_DEPOT_TURN_MATRIX
122	174	154	172	142	117	110	184	174	108	128	148	163	131	199	197	114	166	100	116	101	163	170	140	152	187	160	150	
110	178	154	123	193	140	166	166	156	183	100	185	200	183	164	102	105	159	130	128	151	101	100	194	150	184	182	155	
172	168	179	136	182	178	187	110	160	173	146	200	143	175	175	123	132	123	160	157	163	185	106	100	172	133	185	145	

