INDEX_PROBLEM
1
PATIENTS
800
STRETCHERS
16
NUM_ROOM
28
NUM_DEPOT
3
NUM_PRIORITY
4
PRIORITY_LIST
0	1	2	3	4
PRIORITY_WEIGHT
0	1	10	18	30
PRIORITY_JOB
0	1	2	3	3	4	2	2	4	3	4	4	1	2	3	3	4	3	4	4	2	2	3	3	4	4	4	4	1	2	3	3	4	4	4	1	2	3	4	4	3	4	4	1	2	2	3	4	4	4	1	2	3	3	4	3	4	1	1	4	2	2	3	4	1	2	4	1	2	3	3	4	4	1	4	2	2	3	4	1	4	4	1	2	3	3	4	4	4	1	4	1	2	3	4	2	1	4	1	2	2	3	4	4	4	3	1	4	1	2	3	3	3	1	4	4	2	2	3	4	4	4	1	1	2	3	3	4	2	1	4	2	2	3	4	4	4	4	1	1	2	3	3	4	4	2	1	2	3	4	4	4	4	3	1	1	1	2	2	3	4	3	4	1	2	3	3	4	4	4	4	1	1	2	2	3	4	1	4	4	1	2	3	3	4	4	4	4	1	2	2	3	4	2	4	1	2	3	3	4	4	3	1	4	1	2	3	4	1	1	4	1	2	2	3	4	4	4	1	4	1	2	3	3	2	3	1	4	2	2	3	4	4	1	4	2	1	3	3	4	4	2	1	2	2	3	4	4	1	4	4	3	1	2	3	4	4	4	1	1	2	3	4	4	1	3	4	2	1	1	2	3	4	4	2	4	1	2	3	3	4	3	4	4	1	1	2	2	3	4	3	1	2	3	3	4	4	4	4	2	1	2	3	4	4	2	2	4	1	2	3	3	4	4	3	1	1	2	3	4	4	1	1	1	2	2	3	4	4	4	4	1	1	2	3	4	4	2	2	4	2	2	3	4	1	2	3	4	3	1	3	4	4	2	3	2	3	4	4	4	1	4	1	2	1	3	3	4	4	1	2	2	3	4	4	1	2	4	3	1	1	2	3	4	4	4	1	1	2	3	4	4	2	4	3	1	1	1	2	3	4	4	2	1	2	3	3	4	2	4	4	1	2	2	3	4	4	3	4	1	2	3	3	4	4	4	4	1	1	2	3	4	4	1	1	1	2	2	3	4	4	4	3	1	1	2	3	4	4	2	2	1	2	2	3	4	4	1	4	1	2	3	3	4	4	2	2	2	2	3	4	4	1	3	1	2	3	3	4	4	1	1	2	3	4	4	4	1	4	4	1	1	2	3	3	4	4	1	1	2	3	4	4	4	4	3	2	1	1	1	2	2	3	4	2	4	1	2	3	3	1	4	4	4	2	2	3	4	2	3	4	1	2	3	3	4	4	4	1	4	1	2	3	4	1	1	4	1	2	3	3	4	1	3	4	4	1	2	3	4	2	2	4	1	2	2	3	4	4	4	1	1	2	3	3	4	3	1	4	2	2	3	4	4	3	4	1	1	2	3	3	4	1	4	1	2	3	4	4	4	2	1	1	4	1	2	3	3	2	4	4	1	2	3	4	4	3	1	1	4	4	1	2	2	2	1	3	4	1	2	3	3	4	1	4	4	2	2	3	1	3	4	4	1	2	3	3	4	4	1	4	4	2	4	2	2	2	3	4	4	1	2	3	3	3	1	4	4	1	2	3	3	1	4	4	4	1	2	2	3	4	1	4	4	1	2	3	1	3	4	2	2	3	4	4	3	2	1	1	2	3	3	4	1	2	4	4	2	2	3	4	4	4	1	4	1	2	3	3	4	3	4	1	2	3	4	4	3	4	1	1	4	1	2	2	3	1	4	4	1	2	3	3	3	4	1	1	4	2	2	3	4	1	1	4	1	2	3	3	2	1	1	4	4	4	2	2	2	1	1	3	4	4	1	2	1	2	3	3	4	4	1	2	1	1	1	1	3	4	4	4	1	2	1	2	2	3	4	4	3	1
TIME_ASKED
0	28849	28898	28947	28996	29045	29094	29149	29198	29247	29296	29345	29394	29429	29458	29487	29516	29545	29574	29603	29632	29661	29690	29742	29784	29826	29868	29910	29952	29994	30029	30058	30087	30116	30145	30174	30203	30232	30261	30290	30329	30358	30387	30416	30445	30474	30503	30532	30561	30590	30621	30642	30663	30684	30705	30726	30747	30768	30789	30810	30831	30852	30873	30894	30949	30998	31047	31096	31145	31194	31227	31254	31281	31308	31335	31362	31389	31416	31443	31470	31497	31524	31548	31572	31596	31620	31644	31668	31692	31716	31740	31764	31788	31837	31874	31911	31948	31985	32022	32059	32096	32159	32218	32277	32336	32395	32419	32438	32457	32476	32495	32514	32533	32552	32571	32590	32609	32628	32647	32666	32685	32759	32818	32877	32936	32995	33027	33054	33081	33108	33135	33162	33189	33216	33243	33270	33297	33333	33366	33399	33432	33465	33498	33531	33564	33597	33616	33632	33648	33664	33680	33696	33712	33728	33744	33760	33776	33792	33808	33824	33840	33856	33872	33888	33933	33966	33999	34032	34065	34098	34131	34164	34197	34242	34284	34326	34368	34410	34452	34494	34533	34566	34599	34632	34665	34698	34731	34764	34797	34827	34854	34881	34908	34935	34962	34989	35016	35043	35070	35097	35137	35174	35211	35248	35285	35322	35359	35396	35433	35466	35499	35532	35565	35598	35631	35664	35697	35723	35746	35769	35792	35815	35838	35861	35884	35907	35930	35953	35976	35999	36023	36046	36069	36092	36115	36138	36161	36184	36207	36230	36253	36276	36299	36327	36354	36381	36408	36435	36462	36489	36516	36543	36570	36597	36619	36638	36657	36676	36695	36714	36733	36752	36771	36790	36809	36828	36847	36866	36885	36949	36998	37047	37096	37145	37194	37259	37318	37377	37436	37495	37549	37598	37647	37696	37745	37794	37827	37854	37881	37908	37935	37962	37989	38016	38043	38070	38097	38123	38146	38169	38192	38215	38238	38261	38284	38307	38330	38353	38376	38399	38419	38438	38457	38476	38495	38514	38533	38552	38571	38590	38609	38628	38647	38666	38685	38742	38784	38826	38868	38910	38952	38994	39029	39058	39087	39116	39145	39174	39203	39232	39261	39290	39349	39398	39447	39496	39545	39594	39633	39666	39699	39732	39765	39798	39831	39864	39897	39937	39974	40011	40048	40085	40122	40159	40196	40242	40284	40326	40368	40410	40452	40494	40542	40584	40626	40668	40710	40752	40794	40849	40898	40947	40996	41045	41094	41133	41166	41199	41232	41265	41298	41331	41364	41397	41423	41446	41469	41492	41515	41538	41561	41584	41607	41630	41653	41676	41699	41749	41798	41847	41896	41945	41994	42099	42198	42297	42342	42384	42426	42468	42510	42552	42594	42699	42798	42897	42923	42946	42969	42992	43015	43038	43061	43084	43107	43130	43153	43176	43199	43237	43274	43311	43348	43385	43422	43459	43496	43549	43598	43647	43696	43745	43794	43899	43998	44097	44159	44218	44277	44336	44395	44459	44518	44577	44636	44695	44799	44898	44997	45033	45066	45099	45132	45165	45198	45231	45264	45297	45337	45374	45411	45448	45485	45522	45559	45596	45637	45674	45711	45748	45785	45822	45859	45896	45959	46018	46077	46136	46195	46249	46298	46347	46396	46445	46494	46537	46574	46611	46648	46685	46722	46759	46796	46821	46842	46863	46884	46905	46926	46947	46968	46989	47010	47031	47052	47073	47094	47199	47298	47397	47437	47474	47511	47548	47585	47622	47659	47696	47737	47774	47811	47848	47885	47922	47959	47996	48049	48098	48147	48196	48245	48294	48324	48348	48372	48396	48420	48444	48468	48492	48516	48540	48564	48588	48627	48654	48681	48708	48735	48762	48789	48816	48843	48870	48897	48937	48974	49011	49048	49085	49122	49159	49196	49233	49266	49299	49332	49365	49398	49431	49464	49497	49537	49574	49611	49648	49685	49722	49759	49796	49827	49854	49881	49908	49935	49962	49989	50016	50043	50070	50097	50149	50198	50247	50296	50345	50394	50424	50448	50472	50496	50520	50544	50568	50592	50616	50640	50664	50688	50737	50774	50811	50848	50885	50922	50959	50996	51027	51054	51081	51108	51135	51162	51189	51216	51243	51270	51297	51324	51348	51372	51396	51420	51444	51468	51492	51516	51540	51564	51588	51637	51674	51711	51748	51785	51822	51859	51896	51933	51966	51999	52032	52065	52098	52131	52164	52197	52259	52318	52377	52436	52495	52517	52534	52551	52568	52585	52602	52619	52636	52653	52670	52687	52704	52721	52738	52755	52772	52789	52859	52918	52977	53036	53095	53137	53174	53211	53248	53285	53322	53359	53396	53459	53518	53577	53636	53695	53733	53766	53799	53832	53865	53898	53931	53964	53997	54027	54054	54081	54108	54135	54162	54189	54216	54243	54270	54297	54374	54448	54522	54596	54627	54654	54681	54708	54735	54762	54789	54816	54843	54870	54897	55049	55198	55237	55274	55311	55348	55385	55422	55459	55496	55574	55648	55722	55796	55827	55854	55881	55908	55935	55962	55989	56016	56043	56070	56097	56399	56499	56598	56697	56733	56766	56799	56832	56865	56898	56931	56964	56997	57049	57098	57147	57196	57245	57294	57359	57418	57477	57536	57595
ORIGIN
26	16	6	27	19	7	11	25	14	25	23	10	2	23	14	27	27	14	3	23	26	14	20	14	4	14	16	7	27	20	4	4	2	9	1	23	11	14	14	2	2	14	2	3	24	14	14	14	2	6	27	18	7	27	20	8	5	14	17	2	23	12	2	14	5	14	23	14	4	24	11	11	25	25	14	27	19	8	14	9	9	14	23	11	2	14	14	14	13	14	10	24	14	4	1	14	14	5	18	7	27	20	8	1	14	3	8	17	12	2	14	14	14	14	14	4	24	15	4	2	16	2	3	3	26	27	23	12	14	14	10	2	23	14	2	12	16	16	14	2	27	26	20	13	20	7	2	27	20	14	3	13	7	2	14	27	27	23	14	14	8	8	8	24	15	4	8	16	8	6	2	14	2	2	8	14	27	14	3	23	12	2	23	27	14	1	14	14	14	27	14	11	14	14	14	20	8	27	3	14	4	14	14	2	14	13	26	7	13	27	1	14	4	26	7	8	27	27	14	2	14	14	14	14	14	17	14	25	2	23	14	3	14	14	14	14	11	11	14	23	16	14	10	8	27	23	2	16	14	2	16	14	14	14	2	26	14	2	2	7	26	16	1	23	16	14	14	4	26	14	3	14	16	23	23	4	23	13	3	23	14	10	27	2	14	1	14	25	14	8	2	2	23	8	1	22	3	3	3	14	2	2	27	14	14	27	14	14	16	5	26	26	25	23	23	20	3	14	14	27	14	2	2	14	13	2	23	14	3	14	3	14	1	7	14	3	26	14	23	2	8	1	23	10	27	23	14	4	26	26	14	14	26	14	14	8	5	26	11	14	26	27	14	20	14	14	3	14	14	1	1	4	2	23	17	26	20	14	27	7	14	14	1	14	14	16	26	11	1	23	10	1	14	14	16	14	14	14	27	14	2	2	26	14	4	1	3	1	14	23	14	14	14	3	15	3	3	23	1	4	23	14	3	27	27	2	27	14	14	9	9	9	7	25	2	23	23	10	1	27	14	24	27	20	14	27	14	14	25	3	14	20	16	6	27	19	7	23	23	4	14	23	14	14	2	4	14	14	14	3	23	14	14	27	1	14	25	25	14	23	2	2	2	2	9	26	20	11	26	2	1	27	14	14	14	18	2	2	2	8	5	27	18	7	20	14	14	14	14	17	22	2	23	27	27	27	3	23	14	4	4	14	25	25	4	14	4	26	23	27	27	2	1	23	11	2	27	27	27	1	14	14	7	15	14	27	3	2	26	17	7	27	14	11	14	14	2	27	27	20	11	4	3	26	23	14	4	4	15	27	23	23	3	26	26	14	2	2	2	1	23	10	2	14	14	2	14	14	27	15	15	14	2	14	27	26	16	7	27	27	2	14	27	9	20	20	2	2	20	8	16	23	14	3	24	14	4	14	3	3	14	14	14	2	2	14	14	14	10	2	23	12	14	14	14	27	14	14	27	3	14	1	23	14	7	26	19	2	14	3	3	16	20	11	2	2	14	14	2	14	3	24	14	4	14	14	1	1	26	7	27	26	14	14	13	10	1	23	12	2	23	25	25	25	14	14	24	1	8	8	16	6	27	19	7	27	2	14	20	20	20	2	23	14	26	27	14	3	23	14	26	20	3	3	14	1	7	27	20	4	4	23	9	1	23	4	2	23	26	26	7	14	27	24	15	14	1	10	6	27	18	7	27	14	14	14	14	10	2	23	2	14	2	14	3	23	14	4	27	23	23	23	14	7	27	20	14	14	14	9	1	23	11	2	14	1	14	14	14	3	24	14	1	1	14	5	27	18	7	27	20	8	27	14	17	1	23	12	2	16	8
DESTINATION
3	14	17	2	22	23	12	14	5	14	27	14	14	27	25	23	23	25	14	4	14	20	14	9	14	9	16	20	2	14	14	14	14	14	14	27	15	10	5	14	14	5	27	14	2	26	8	8	27	17	2	27	20	2	14	14	14	16	6	14	27	11	14	8	14	4	3	26	14	2	12	12	14	14	2	2	22	14	2	14	14	2	27	15	14	20	20	4	7	4	14	1	26	14	23	2	2	14	27	20	2	14	14	14	8	14	14	6	11	14	20	8	8	5	26	14	2	14	14	27	14	14	23	23	14	2	27	11	25	9	14	14	27	8	14	11	14	14	9	14	23	3	14	7	14	13	14	2	14	4	26	7	13	27	5	18	18	1	8	8	14	14	14	2	14	14	14	14	14	17	14	4	24	24	14	25	2	2	14	27	11	14	1	23	16	14	10	2	10	23	2	12	16	16	16	14	14	2	26	16	14	2	2	27	20	7	3	13	7	2	23	26	14	3	13	14	2	23	8	24	8	15	16	16	8	6	16	14	14	1	25	14	25	8	2	2	12	12	2	27	14	1	14	14	2	27	27	14	1	27	14	20	20	8	27	3	4	14	14	20	3	14	14	27	14	2	2	14	14	4	26	8	14	27	27	14	1	7	14	3	26	14	23	27	2	23	2	14	3	14	14	14	26	14	14	19	26	14	14	8	27	27	23	16	16	2	16	20	14	14	3	14	14	1	1	7	26	16	16	23	16	14	14	4	7	14	1	10	14	16	26	4	23	13	3	23	14	10	27	14	14	14	27	14	2	27	26	14	23	23	1	1	3	3	3	14	14	3	15	3	3	23	3	14	16	5	26	26	25	23	23	14	14	1	9	3	7	25	2	13	2	2	23	2	3	14	3	20	14	27	14	14	25	3	14	2	8	1	23	10	27	27	14	4	14	23	14	14	4	27	4	5	5	26	11	14	26	27	14	14	1	25	14	23	2	27	2	4	2	17	17	17	20	14	27	1	27	14	14	18	2	2	2	11	1	23	10	1	14	14	16	14	14	17	2	22	23	27	27	14	4	1	1	1	14	14	1	4	25	14	4	26	3	23	23	4	14	14	3	27	27	27	27	27	14	14	7	15	14	27	23	23	10	1	1	27	14	27	27	14	14	2	27	20	11	4	3	20	16	6	19	27	7	23	23	23	14	3	26	14	14	2	14	14	23	3	23	14	27	2	2	14	14	27	15	14	2	2	2	24	9	26	20	11	26	2	14	27	3	9	20	2	2	20	8	5	27	18	18	7	20	14	14	3	3	26	14	14	14	2	27	27	23	14	14	4	14	27	14	14	27	14	14	2	3	14	26	1	23	11	11	2	27	3	2	3	16	20	2	2	27	3	2	17	7	7	27	27	11	14	14	1	26	14	2	26	14	3	26	26	4	4	4	24	27	3	25	25	14	14	27	11	1	2	1	23	10	10	23	14	2	14	27	20	20	14	22	14	26	14	26	16	7	15	27	27	2	3	14	26	14	1	26	14	4	8	23	23	14	20	2	14	4	26	7	14	14	27	11	14	1	14	14	14	10	2	2	14	14	14	14	17	2	22	23	2	14	1	14	7	7	14	27	2	14	23	25	14	5	26	14	14	14	14	2	24	20	2	14	14	14	1	14	14	27	14	14	1	14	14	13	1	23	2	14	2	23	14	17	2	27	23	2	16	8	8	8	14	14	27	27	8	27	25	14	4	26	14	23	27	27	27	3	20	2	14	20	20	3	14	14	27	15	14	20	23	2	2	1	14	1	26	23	23	26	14	2	27	20	2	14	14	2	10	6	14	27	11	14	14	14
DUE_DATE
0	31147	30476	30045	30094	29603	30672	30727	29756	30345	29854	29903	31692	31007	30556	30585	30074	30643	30132	30161	31210	31239	30788	30840	30342	30384	30426	30468	32250	31572	31127	31156	30645	30674	30703	32472	31781	31330	30819	30848	31427	30916	30945	32714	32023	32052	31601	31090	31119	31148	32919	32220	31761	31782	31263	31824	31305	33066	33087	31368	32409	32430	31971	31452	33247	32576	31605	33394	32723	32292	32325	31812	31839	33606	31893	32940	32967	32514	32001	33768	32055	32082	33846	33150	32694	32718	32202	32226	32250	34014	32298	34062	33366	32935	32432	33489	34246	32543	34320	33637	33674	33257	32776	32835	32894	33493	34717	32996	34755	34054	33593	33612	33631	34850	33129	33148	34187	34206	33745	33224	33243	33317	35116	35175	34514	34093	34125	33612	34659	35406	33693	34740	34767	34314	33801	33828	33855	33891	35664	35697	35010	34563	34596	34089	34122	35175	35914	35210	34746	34222	34238	34254	34270	34826	36042	36058	36074	35370	35386	34922	34398	34954	34430	36186	35511	35064	35097	34590	34623	34656	34689	36462	36495	35820	35862	35424	34926	36708	35010	35052	36831	36144	35697	35730	35223	35256	35289	35322	37095	36405	36432	35979	35466	36513	35520	37287	36594	36141	36168	35655	35695	36272	37509	35806	37583	36900	36457	35954	37731	37764	36057	37830	37143	37176	36729	36222	36255	36281	38044	36327	38090	37393	36936	36959	37462	37005	38228	36511	37554	37577	37121	36604	36627	38390	36673	37716	38459	37282	37305	36788	36811	37854	38597	37905	37932	37479	36966	36993	38760	37047	37074	37641	38868	38175	37717	37196	37215	37234	38993	39012	38311	37850	37329	37348	39107	37926	37405	38444	39183	39247	38576	38145	37654	37703	38772	37817	39616	38955	38534	38593	38107	38696	38205	38254	40043	40092	39405	39432	38979	38466	39033	40260	39567	39114	39141	38628	38655	38681	38704	39747	40490	39793	39336	38819	38842	39885	39908	38911	40674	39977	39517	39536	39015	39034	39593	40812	40831	40130	39669	39148	39167	40926	40945	40964	40263	40320	39882	39384	39426	39468	39510	41292	41327	40636	40185	39674	39703	40752	40781	39790	40839	40868	40447	39956	41745	41074	40643	40152	40731	41964	40797	40290	40323	41376	40929	41442	40995	40495	40532	40569	42346	40643	42420	41737	42494	41340	41382	40884	40926	42708	42030	42072	41640	41142	41184	42966	42288	41310	41892	43147	43196	42525	42094	41603	41652	41691	43464	43497	42810	42363	41856	41889	42942	41955	42521	43744	43767	43790	43093	42636	42119	42142	43185	43928	43231	42774	42797	42307	43376	42405	42454	44243	43572	43677	43296	42855	42900	43482	42984	44766	44088	43650	43692	43257	43356	43455	43481	45244	45267	44570	44113	43596	43619	45382	45405	45428	44731	44754	44297	43795	43832	43869	44446	45683	45720	45037	44594	44107	44156	45225	45274	46043	45372	45477	45096	44655	44717	46516	44835	46634	45973	45557	45616	45135	45194	46273	46377	46476	46575	46131	45624	45657	47430	46263	47496	46809	46362	46395	45895	45932	47709	47746	47063	46620	46117	46154	46195	47972	46269	46306	48083	48120	47437	46994	47057	46576	46635	48434	48493	47827	47396	46905	46954	47003	47052	47635	48152	48909	48946	48983	48300	48337	47894	47379	48420	47421	49182	48483	48024	48045	49266	47547	47568	47589	48630	48651	48192	47757	48876	48495	47995	49772	49089	48646	48683	48180	48217	48254	50035	48332	50109	49426	48983	48480	50257	50294	48607	50396	49725	49294	49343	48852	50622	49446	48930	48954	50718	50022	49566	49050	50094	50118	49122	50886	50205	50232	49779	49266	49293	49320	51087	51114	50421	49968	49995	49495	50072	51309	49606	50663	50700	50257	49754	49791	50364	49857	51630	51663	50976	50529	50562	50055	51835	50132	51909	51226	50783	50280	50317	50354	51405	52152	52179	50466	52233	51540	51087	51114	51621	50628	50655	52447	51776	51345	50854	50903	51492	52722	52746	51030	51054	52818	52122	52146	52170	52914	51738	51222	52986	52315	51872	51909	51406	53183	51480	51517	52574	52605	52152	53379	52206	51693	51720	53487	52794	52341	52368	51855	51882	53646	51930	51954	52998	52002	53046	53070	53094	52638	52122	52146	53935	53252	52809	52846	52883	54120	52417	52454	54231	53544	53097	53130	54363	52656	52689	52722	54495	53837	53896	53475	52994	54793	53075	53092	54849	54146	53683	54900	53717	53194	54231	54248	53785	53262	53279	53836	54333	55070	55087	54437	54016	54075	53594	55393	54715	53732	53769	54826	54863	54420	53917	53954	54017	55816	54135	55934	55273	54831	54864	54357	54930	54423	56196	55509	55062	54555	54585	55152	54639	56406	56433	54720	56487	55794	55821	55368	56595	54932	55006	56820	56174	55725	55752	55779	55266	57033	57060	55347	56394	56421	55968	55455	57347	57496	55795	57572	56889	56446	56483	57000	57757	57794	56132	56206	56280	57374	57405	57432	58179	58206	57033	56520	56547	58314	57621	58368	57675	57497	57597	57156	57255	59031	58344	59097	59130	59163	59196	58029	57522	57555	57607	59396	58725	59494	58823	58872	58457	57976	58035	58634	59893
TRANSPORT_MODE
0	2	2	1	1	1	1	2	0	1	1	1	1	1	1	0	0	2	1	1	1	1	1	0	0	2	1	1	1	1	1	2	0	1	1	1	1	1	1	0	0	2	2	1	1	1	1	2	0	1	1	1	1	1	1	0	0	3	3	1	1	1	1	1	0	0	2	1	1	1	1	1	0	3	1	1	1	1	1	0	0	2	1	1	1	1	1	1	0	3	1	1	1	1	1	0	0	2	2	1	1	1	1	1	0	0	3	1	1	1	1	1	0	0	1	2	2	1	1	1	1	0	3	1	1	1	1	1	0	0	2	1	1	1	1	1	0	0	1	3	1	1	1	1	1	0	2	1	1	1	1	1	0	0	3	3	1	1	1	1	1	0	2	1	1	1	1	1	0	0	1	3	3	1	1	1	1	0	0	1	2	1	1	1	1	0	0	1	3	1	1	1	1	0	1	2	1	1	1	1	1	0	3	1	1	1	1	1	0	0	1	2	2	1	1	1	1	0	3	1	1	1	1	1	0	0	0	1	2	2	1	1	1	1	0	1	3	1	1	1	1	0	0	1	2	1	1	1	1	0	0	1	3	1	1	1	1	1	0	2	1	1	1	1	1	0	0	1	3	3	1	1	1	1	0	2	1	1	1	1	1	0	0	1	3	3	1	1	1	1	0	1	2	1	1	1	1	0	0	1	3	1	1	1	1	0	0	1	2	1	1	1	1	1	0	3	1	1	1	1	1	0	0	1	2	2	1	1	1	1	0	3	1	1	1	1	1	0	0	1	2	2	1	1	1	1	0	0	1	3	1	1	1	1	0	1	2	1	1	1	1	0	0	1	3	1	1	1	1	1	0	2	1	1	1	1	1	0	0	3	3	1	1	1	1	1	0	2	1	1	1	1	1	0	0	1	3	3	1	1	1	1	0	2	1	1	1	1	0	1	0	3	1	1	1	1	1	0	0	1	2	1	1	1	1	1	0	3	1	1	1	1	1	0	0	2	2	1	1	1	1	1	0	3	1	1	1	1	1	0	0	2	2	1	1	1	1	1	0	3	1	1	1	1	1	0	0	2	1	1	1	1	1	0	3	1	1	1	1	1	2	0	1	1	1	1	1	1	0	0	3	3	1	1	1	1	2	0	1	1	1	1	1	1	0	0	0	3	3	1	1	1	1	1	0	2	1	1	1	1	3	0	1	1	1	1	1	2	0	0	1	1	1	1	1	1	0	0	3	1	1	1	1	1	0	0	2	2	1	1	1	1	3	0	1	1	1	1	1	1	0	0	2	2	1	1	1	1	1	0	3	1	1	1	1	1	0	0	2	1	1	1	1	1	0	0	3	1	1	1	1	1	0	2	1	1	1	1	1	0	0	3	3	1	1	1	1	1	0	2	1	1	1	1	1	0	0	3	3	1	1	1	1	1	0	0	2	1	1	1	1	1	0	3	1	1	1	1	1	0	0	2	1	1	1	1	1	0	0	3	1	1	1	1	1	0	0	2	1	1	1	1	1	1	0	3	1	1	1	1	1	0	0	2	2	1	1	1	1	1	0	3	1	1	1	1	1	0	2	2	1	1	1	1	1	0	0	3	1	1	1	1	1	0	0	2	1	1	1	1	1	0	0	3	1	1	1	1	1	1	0	2	1	1	1	1	1	0	0	3	3	1	1	1	1	1	0	2	1	1	1	1	1	0	0	3	3	1	1	1	1	1	0	3	1	1	1	1	1	0	0	3	1	1	1	1	1	0	0	3	1	1	1	1	1	3	0	1	1	1	1	1	1	0	0	3	3	1	1	1	1	1	0	3	1	1	1	1	1	0	0
PATIENT_WEIGHT
108	83	86	54	114	73	86	105	89	113	62	89	143	69	102	140	54	85	97	111	92	105	100	144	150	97	73	94	91	129	108	115	37	82	109	149	66	36	126	123	57	79	62	67	72	109	125	63	88	71	137	83	78	144	144	104	49	50	63	52	73	74	51	95	81	100	83	83	93	51	126	118	64	134	52	64	128	150	73	89	134	120	93	130	113	41	101	67	62	38	30	145	84	80	144	65	97	62	93	132	37	81	52	132	110	48	34	36	90	138	62	141	115	68	71	80	52	66	41	49	54	72	47	129	68	108	88	90	144	119	134	77	123	58	112	32	128	91	147	144	56	106	31	132	148	85	110	54	138	143	69	134	74	134	64	88	141	54	48	76	149	35	43	72	74	68	42	66	47	84	59	130	94	43	98	33	39	74	50	101	70	45	133	71	137	94	40	122	135	86	131	76	56	75	35	75	103	127	119	67	145	138	86	71	106	142	139	139	113	149	32	133	121	49	117	41	145	125	116	124	87	85	73	80	59	51	49	55	127	114	134	106	45	67	60	140	126	107	31	69	116	107	135	53	148	130	145	46	60	116	118	126	46	142	109	51	145	132	128	52	142	70	73	55	38	82	82	84	54	94	96	63	121	120	76	106	54	130	100	67	52	67	80	138	118	30	122	142	42	87	84	66	129	116	59	96	120	72	150	108	106	128	34	110	40	109	76	41	59	62	150	72	60	148	96	95	48	72	114	78	105	49	91	148	73	146	78	134	104	68	75	38	32	87	32	60	59	120	99	77	145	58	67	141	76	76	82	83	118	48	150	122	147	44	36	106	50	82	146	132	132	108	99	91	61	112	117	130	59	135	67	100	80	147	75	33	102	71	98	68	52	31	130	120	69	117	110	122	98	40	69	127	76	89	75	109	123	89	96	120	30	86	48	61	130	107	135	138	149	133	102	63	109	114	75	58	81	130	73	125	145	123	107	55	74	52	87	142	64	85	107	59	49	95	57	109	72	88	140	86	98	80	104	78	45	120	62	93	34	63	144	93	103	127	137	125	113	82	102	118	38	124	130	117	113	141	104	69	76	85	117	133	80	62	130	136	145	142	95	62	65	105	141	133	55	94	88	90	126	76	101	37	35	58	37	45	60	124	61	129	101	124	106	82	91	68	94	69	138	116	107	69	143	70	130	73	115	88	65	59	89	99	116	85	67	97	144	106	55	94	57	80	122	90	85	144	105	36	31	106	52	41	31	68	109	32	143	71	87	57	47	80	84	141	145	79	143	38	120	123	139	107	77	118	73	46	77	135	104	90	60	55	93	114	86	148	107	70	118	62	85	52	100	100	38	105	78	90	87	106	60	138	132	149	32	35	33	32	145	65	34	36	123	80	150	43	68	62	68	144	82	81	38	99	54	43	43	48	77	30	81	72	117	76	130	122	150	136	108	34	117	142	51	100	42	35	49	127	100	68	142	121	116	82	45	87	139	95	76	100	46	129	141	87	82	83	137	121	114	98	39	137	122	80	68	60	81	91	57	142	89	33	43	40	32	40	144	113	125	70	125	144	101	149	89	136	52	33	33	80	129	40	109	75	125	88	91	46	95	97	142	127	86	129	80	44	69	140	118	127	104	97	113	145	78	149	133	69	120	94	32	95	86	136	56	86	119	48	139	52	64	139	102	46	110	125	73	94	119	120	76	140	56	37	31	90	115	49	119	133	39	96	74	70	79	148	87	84	89	41	115	139	117	98	73	139	125	63	61	38	129	60	40	49	129	108	66	97	110	105	141	144	105	70	148	98	84	53	137	62	33	128	124	85	144	44	137	109	81	97	89
DISTANCE_MATRIX
0	360	318	300	288	276	264	264	150	150	150	60	90	90	162	168	204	228	234	312	360	408	348	318	168	192	168	318
360	60	264	318	324	342	342	342	348	348	354	360	372	378	378	420	420	480	462	498	462	462	384	420	372	420	378	378
318	264	60	270	276	288	288	288	294	294	294	318	318	324	324	414	414	468	462	486	462	462	330	366	366	408	372	324
300	318	270	60	276	288	288	288	288	288	288	300	300	312	318	408	408	468	462	486	438	438	318	360	360	402	360	312
288	324	276	276	60	276	276	276	276	276	276	288	288	300	300	402	396	462	456	480	432	432	300	360	360	402	348	300
276	342	288	288	276	60	180	180	252	258	264	264	264	288	288	390	390	456	450	480	432	432	288	348	348	348	288	288
264	342	288	288	276	180	60	180	246	258	264	264	264	288	288	390	390	456	450	480	432	432	288	348	348	348	288	288
264	342	288	288	276	180	180	60	240	258	264	264	264	288	288	390	390	456	450	480	432	432	288	348	348	348	288	288
150	348	294	288	276	252	246	240	60	120	120	150	126	270	270	378	384	420	438	480	420	408	276	300	300	300	276	270
150	348	294	288	276	258	258	258	120	60	120	150	150	270	270	378	384	420	438	480	420	408	276	300	300	300	276	270
150	354	294	288	276	264	264	264	120	120	60	150	150	270	270	378	384	420	438	480	420	408	276	300	300	300	276	270
60	360	318	300	288	264	264	264	150	150	150	60	90	162	168	228	234	312	360	408	348	318	168	192	192	198	168	162
90	372	318	300	288	264	264	264	150	150	150	90	60	162	168	228	234	312	360	408	348	318	168	192	192	198	168	162
90	378	324	312	300	288	288	288	270	270	270	162	162	60	120	180	180	306	210	360	300	300	120	180	120	180	120	234
162	378	324	318	300	288	288	288	270	270	270	168	168	120	60	180	180	306	210	360	300	300	120	180	120	180	120	120
168	420	414	408	402	348	348	348	300	300	300	228	228	180	180	60	132	204	132	348	258	258	186	60	180	132	222	180
204	420	414	408	396	390	390	390	384	384	384	234	234	180	180	132	60	204	132	348	258	258	186	60	180	132	222	180
228	480	468	468	462	456	456	456	420	420	420	312	312	306	306	204	204	60	198	120	240	240	306	204	306	138	306	306
234	462	462	462	456	450	450	450	438	438	438	360	360	210	210	132	132	198	60	138	132	132	210	132	210	132	210	210
312	498	486	486	480	480	480	480	480	480	480	408	408	360	360	348	348	120	138	60	348	348	360	348	360	348	360	360
360	462	462	438	432	432	432	432	420	420	420	348	348	300	300	258	258	240	132	348	60	60	300	258	300	258	300	300
408	462	462	438	432	432	432	432	408	408	408	318	318	300	300	258	258	240	132	348	60	60	300	258	300	258	300	300
348	384	330	318	300	288	288	288	276	276	276	168	168	120	120	186	186	306	210	360	300	300	60	186	120	186	120	120
318	420	366	360	360	348	348	348	300	300	300	192	192	180	180	60	60	204	132	348	258	258	186	60	180	60	180	180
168	372	300	306	300	288	288	288	270	270	270	168	168	120	120	180	180	306	210	360	300	300	120	180	60	180	120	120
192	420	408	402	402	348	348	348	300	300	300	198	198	180	180	132	132	138	132	348	258	258	186	60	180	60	180	180
168	378	372	360	348	288	288	288	276	276	276	168	168	120	120	222	222	306	210	360	300	300	120	180	120	180	60	120
318	378	324	312	300	288	288	288	270	270	270	162	162	234	120	180	180	306	210	360	300	300	120	180	120	180	120	60
DEPOTS_DISTANCE
234	462	462	462	456	450	450	450	438	438	438	360	360	210	210	132	132	198	60	138	132	132	210	132	210	132	210	210	
348	384	330	318	300	288	288	288	276	276	276	168	168	120	120	186	186	306	210	360	300	300	60	186	120	186	120	120	
318	420	366	360	360	348	348	348	300	300	300	192	192	180	180	60	60	204	132	348	258	258	186	60	180	60	180	180	
LOCATION_TURN_MATRIX
100	130	122	113	112	199	136	122	129	152	173	146	151	136	158	140	176	113	122	167	194	134	110	172	114	184	100	147	
170	100	154	188	164	169	136	136	152	170	104	183	155	115	101	104	155	187	174	115	149	134	178	168	114	135	168	102	
178	146	100	161	178	114	104	165	117	139	126	169	192	109	120	179	160	152	154	134	113	140	154	179	196	196	192	181	
187	112	139	100	158	114	195	181	104	132	195	106	183	169	132	170	140	136	172	148	116	110	123	136	151	120	176	169	
188	136	122	142	100	175	164	159	112	100	167	164	135	191	132	181	104	123	142	156	108	117	193	182	116	147	156	185	
101	131	186	186	125	100	190	147	164	150	137	102	145	176	185	131	113	108	117	186	118	151	140	178	154	189	172	110	
164	164	196	105	136	110	100	186	153	151	183	193	111	157	144	123	188	142	110	163	105	190	166	187	170	171	186	126	
178	164	135	119	141	153	114	100	106	130	108	103	151	178	122	151	130	133	184	177	110	141	166	110	122	174	191	197	
171	148	183	196	188	136	147	194	100	167	100	146	168	129	128	142	172	118	174	147	105	158	156	160	120	106	119	136	
148	130	161	168	200	150	149	170	133	100	177	106	175	116	188	180	176	194	108	146	130	187	183	173	128	141	169	176	
127	196	174	105	133	163	117	192	200	123	100	171	175	140	183	115	104	186	128	153	151	175	100	146	191	117	132	197	
154	117	131	194	136	198	107	197	154	194	129	100	136	184	140	147	172	184	148	131	103	156	185	200	152	158	154	143	
149	145	108	117	165	155	189	149	132	125	125	164	100	140	199	142	101	144	163	185	117	191	200	143	113	165	102	154	
164	185	191	131	109	124	143	122	171	184	160	116	160	100	109	116	196	113	131	186	166	139	183	175	144	161	105	170	
142	199	180	168	168	115	156	178	172	112	117	160	101	191	100	147	177	177	199	158	172	188	164	175	180	168	154	195	
160	196	121	130	119	169	177	149	158	120	185	153	158	184	153	100	152	159	197	157	181	159	102	123	168	200	124	186	
124	145	140	160	196	187	112	170	128	124	196	128	199	104	123	148	100	149	114	112	117	135	105	132	138	180	198	156	
187	113	148	164	177	192	158	167	182	106	114	116	156	187	123	141	151	100	166	132	168	163	159	123	129	173	161	116	
178	126	146	128	158	183	190	116	126	192	172	152	137	169	101	103	186	134	100	184	199	137	130	160	148	113	140	150	
133	185	166	152	144	114	137	123	153	154	147	169	115	114	142	143	188	168	116	100	111	195	128	157	191	164	141	171	
106	151	187	184	192	182	195	190	195	170	149	197	183	134	128	119	183	132	101	189	100	129	151	163	147	166	104	177	
166	166	160	190	183	149	110	159	142	113	125	144	109	161	112	141	165	137	163	105	171	100	101	185	169	129	103	197	
190	122	146	177	107	160	134	134	144	117	200	115	100	117	136	198	195	141	170	172	149	199	100	106	150	116	118	145	
128	132	121	164	118	122	113	190	140	127	154	100	157	125	125	177	168	177	140	143	137	115	194	100	128	167	115	155	
186	186	104	149	184	146	130	178	180	172	109	148	187	156	120	132	162	171	152	109	153	131	150	172	100	155	124	184	
116	165	104	180	153	111	129	126	194	159	183	142	135	139	132	100	120	127	187	136	134	171	184	133	145	100	129	192	
200	132	108	124	144	128	114	109	181	131	168	146	198	195	146	176	102	139	160	159	196	197	182	185	176	171	100	146	
153	198	119	131	115	190	174	103	164	124	103	157	146	130	105	114	144	184	150	129	123	103	155	145	116	108	154	100	
DEPOTS_TO_LOCAL_TURN_MATRIX
178	126	146	128	158	183	190	116	126	192	172	152	137	169	101	103	186	134	100	184	199	137	130	160	148	113	140	150	
190	122	146	177	107	160	134	134	144	117	200	115	100	117	136	198	195	141	170	172	149	199	100	106	150	116	118	145	
128	132	121	164	118	122	113	190	140	127	154	100	157	125	125	177	168	177	140	143	137	115	194	100	128	167	115	155	
LOCAL_TO_DEPOT_TURN_MATRIX
122	174	154	172	142	117	110	184	174	108	128	148	163	131	199	197	114	166	100	116	101	163	170	140	152	187	160	150	
110	178	154	123	193	140	166	166	156	183	100	185	200	183	164	102	105	159	130	128	151	101	100	194	150	184	182	155	
172	168	179	136	182	178	187	110	160	173	146	200	143	175	175	123	132	123	160	157	163	185	106	100	172	133	185	145	

