INDEX_PROBLEM
1
PATIENTS
800
STRETCHERS
16
NUM_ROOM
28
NUM_DEPOT
3
NUM_PRIORITY
4
PRIORITY_LIST
0	1	2	3	4
PRIORITY_WEIGHT
0	1	10	18	30
PRIORITY_JOB
0	1	2	2	3	3	1	3	2	2	3	3	1	2	2	2	3	3	4	4	1	2	3	2	2	3	3	1	1	2	2	4	3	4	1	2	2	3	3	4	3	4	1	1	2	2	3	3	3	4	1	2	2	3	3	3	2	1	3	4	1	2	2	1	3	3	1	2	2	3	1	3	3	4	1	2	2	3	2	1	3	1	1	2	2	3	1	4	4	4	1	2	2	3	2	1	3	1	1	2	2	3	1	3	2	3	4	1	2	2	3	1	2	3	4	1	2	2	3	3	3	1	3	1	2	2	3	3	4	1	2	2	3	1	2	1	1	3	1	1	2	2	3	2	4	4	1	2	2	1	3	4	1	3	3	1	1	2	2	1	3	3	3	4	1	2	2	3	3	1	3	3	4	1	2	2	1	2	3	3	1	2	2	2	1	3	3	4	1	2	2	3	2	3	3	1	1	2	1	4	2	3	4	4	1	2	1	1	2	3	3	1	1	2	1	3	2	2	3	3	4	1	2	1	2	2	3	3	4	1	2	3	3	1	2	3	3	1	2	1	2	3	3	4	1	2	2	2	2	1	1	3	3	1	1	1	2	2	3	4	1	2	3	4	1	1	2	3	3	4	1	2	1	2	2	3	3	4	3	3	3	1	1	2	2	3	3	1	1	2	2	3	3	1	2	3	2	1	2	3	3	4	2	1	1	2	2	3	3	4	1	4	1	1	2	2	3	4	1	2	1	2	2	3	3	4	1	3	1	1	2	2	3	3	1	2	1	2	2	3	3	4	1	3	1	2	1	2	3	3	1	1	1	2	2	3	3	4	1	4	2	1	2	3	3	1	1	2	2	3	3	4	4	1	2	3	2	1	1	2	3	3	1	1	4	1	2	2	3	3	4	3	3	1	2	1	1	2	3	3	2	2	1	3	2	3	1	1	2	2	2	1	3	3	4	1	3	1	2	2	3	3	4	1	4	1	1	2	3	3	4	1	2	1	2	2	3	3	1	1	3	2	1	2	3	3	4	2	1	1	2	2	3	3	4	1	3	4	2	2	1	3	3	1	1	2	2	3	3	4	1	2	1	2	2	1	3	3	1	1	1	2	3	3	4	1	2	3	3	2	3	1	1	3	4	1	2	1	2	2	3	3	1	3	4	2	2	2	1	1	3	3	4	1	1	2	2	3	3	1	3	4	2	2	1	3	3	4	2	1	2	2	3	3	1	1	3	2	1	3	3	4	1	1	1	2	2	3	3	4	1	1	3	2	1	2	3	3	1	1	2	1	2	2	3	3	4	1	2	2	2	3	1	3	1	2	2	1	2	3	3	4	1	2	3	2	3	1	3	1	1	2	1	3	3	4	1	2	2	4	3	3	1	1	3	4	1	1	1	2	2	3	3	1	2	3	2	3	2	1	1	3	3	4	1	2	2	2	3	3	1	2	4	3	2	1	3	3	4	1	1	2	2	3	3	1	1	2	3	3	1	3	4	1	2	1	2	2	3	3	1	1	2	2	2	1	3	3	4	1	2	1	2	2	3	3	4	1	2	2	3	1	3	1	1	2	2	3	2	3	3	1	2	2	3	3	1	3	1	1	1	2	3	3	2	4	4	1	2	2	3	3	4	1	1	3	1	1	2	2	1	3	4	4	1	2	2	2	3	3	1	1	3	1	2	2	2	3	3	1	2	2	3	2	3	1	3	4	1	2	2	1	1	1	3	3	1	1	2	1	3	3	4	1	2	2	2	1	1	1	3	3	4	1	1	2	1	2	2	3	4	1	1	1	2	1	1	2	2	3	3	4	1	1	1	2	2	3	3	2	1
TIME_ASKED
0	28849	28898	28947	28996	29045	29094	29149	29198	29247	29296	29345	29394	29429	29458	29487	29516	29545	29574	29603	29632	29661	29690	29742	29784	29826	29868	29910	29952	29994	30029	30058	30087	30116	30145	30174	30203	30232	30261	30290	30329	30358	30387	30416	30445	30474	30503	30532	30561	30590	30621	30642	30663	30684	30705	30726	30747	30768	30789	30810	30831	30852	30873	30894	30949	30998	31047	31096	31145	31194	31227	31254	31281	31308	31335	31362	31389	31416	31443	31470	31497	31524	31548	31572	31596	31620	31644	31668	31692	31716	31740	31764	31788	31837	31874	31911	31948	31985	32022	32059	32096	32159	32218	32277	32336	32395	32419	32438	32457	32476	32495	32514	32533	32552	32571	32590	32609	32628	32647	32666	32685	32759	32818	32877	32936	32995	33027	33054	33081	33108	33135	33162	33189	33216	33243	33270	33297	33333	33366	33399	33432	33465	33498	33531	33564	33597	33616	33632	33648	33664	33680	33696	33712	33728	33744	33760	33776	33792	33808	33824	33840	33856	33872	33888	33933	33966	33999	34032	34065	34098	34131	34164	34197	34242	34284	34326	34368	34410	34452	34494	34533	34566	34599	34632	34665	34698	34731	34764	34797	34827	34854	34881	34908	34935	34962	34989	35016	35043	35070	35097	35137	35174	35211	35248	35285	35322	35359	35396	35433	35466	35499	35532	35565	35598	35631	35664	35697	35723	35746	35769	35792	35815	35838	35861	35884	35907	35930	35953	35976	35999	36023	36046	36069	36092	36115	36138	36161	36184	36207	36230	36253	36276	36299	36327	36354	36381	36408	36435	36462	36489	36516	36543	36570	36597	36619	36638	36657	36676	36695	36714	36733	36752	36771	36790	36809	36828	36847	36866	36885	36949	36998	37047	37096	37145	37194	37259	37318	37377	37436	37495	37549	37598	37647	37696	37745	37794	37827	37854	37881	37908	37935	37962	37989	38016	38043	38070	38097	38123	38146	38169	38192	38215	38238	38261	38284	38307	38330	38353	38376	38399	38419	38438	38457	38476	38495	38514	38533	38552	38571	38590	38609	38628	38647	38666	38685	38742	38784	38826	38868	38910	38952	38994	39029	39058	39087	39116	39145	39174	39203	39232	39261	39290	39349	39398	39447	39496	39545	39594	39633	39666	39699	39732	39765	39798	39831	39864	39897	39937	39974	40011	40048	40085	40122	40159	40196	40242	40284	40326	40368	40410	40452	40494	40542	40584	40626	40668	40710	40752	40794	40849	40898	40947	40996	41045	41094	41133	41166	41199	41232	41265	41298	41331	41364	41397	41423	41446	41469	41492	41515	41538	41561	41584	41607	41630	41653	41676	41699	41749	41798	41847	41896	41945	41994	42099	42198	42297	42342	42384	42426	42468	42510	42552	42594	42699	42798	42897	42923	42946	42969	42992	43015	43038	43061	43084	43107	43130	43153	43176	43199	43237	43274	43311	43348	43385	43422	43459	43496	43549	43598	43647	43696	43745	43794	43899	43998	44097	44159	44218	44277	44336	44395	44459	44518	44577	44636	44695	44799	44898	44997	45033	45066	45099	45132	45165	45198	45231	45264	45297	45337	45374	45411	45448	45485	45522	45559	45596	45637	45674	45711	45748	45785	45822	45859	45896	45959	46018	46077	46136	46195	46249	46298	46347	46396	46445	46494	46537	46574	46611	46648	46685	46722	46759	46796	46821	46842	46863	46884	46905	46926	46947	46968	46989	47010	47031	47052	47073	47094	47199	47298	47397	47437	47474	47511	47548	47585	47622	47659	47696	47737	47774	47811	47848	47885	47922	47959	47996	48049	48098	48147	48196	48245	48294	48324	48348	48372	48396	48420	48444	48468	48492	48516	48540	48564	48588	48627	48654	48681	48708	48735	48762	48789	48816	48843	48870	48897	48937	48974	49011	49048	49085	49122	49159	49196	49233	49266	49299	49332	49365	49398	49431	49464	49497	49537	49574	49611	49648	49685	49722	49759	49796	49827	49854	49881	49908	49935	49962	49989	50016	50043	50070	50097	50149	50198	50247	50296	50345	50394	50424	50448	50472	50496	50520	50544	50568	50592	50616	50640	50664	50688	50737	50774	50811	50848	50885	50922	50959	50996	51027	51054	51081	51108	51135	51162	51189	51216	51243	51270	51297	51324	51348	51372	51396	51420	51444	51468	51492	51516	51540	51564	51588	51637	51674	51711	51748	51785	51822	51859	51896	51933	51966	51999	52032	52065	52098	52131	52164	52197	52259	52318	52377	52436	52495	52517	52534	52551	52568	52585	52602	52619	52636	52653	52670	52687	52704	52721	52738	52755	52772	52789	52859	52918	52977	53036	53095	53137	53174	53211	53248	53285	53322	53359	53396	53459	53518	53577	53636	53695	53733	53766	53799	53832	53865	53898	53931	53964	53997	54027	54054	54081	54108	54135	54162	54189	54216	54243	54270	54297	54374	54448	54522	54596	54627	54654	54681	54708	54735	54762	54789	54816	54843	54870	54897	55049	55198	55237	55274	55311	55348	55385	55422	55459	55496	55574	55648	55722	55796	55827	55854	55881	55908	55935	55962	55989	56016	56043	56070	56097	56399	56499	56598	56697	56733	56766	56799	56832	56865	56898	56931	56964	56997	57049	57098	57147	57196	57245	57294	57359	57418	57477	57536	57595
ORIGIN
26	16	6	27	19	7	27	25	25	14	23	10	2	23	12	2	14	14	3	23	14	2	14	16	14	14	16	7	27	20	7	7	23	9	1	23	11	14	14	13	2	14	14	3	24	14	14	14	14	6	27	18	7	27	20	8	2	14	17	2	23	12	2	14	14	14	23	14	4	24	11	11	25	25	1	27	19	8	9	14	14	1	23	11	2	14	14	23	4	4	3	24	14	4	5	7	27	1	18	7	27	20	8	1	14	1	17	23	12	2	23	14	14	14	14	4	24	15	4	25	16	25	3	3	3	27	23	12	14	14	10	2	23	14	2	12	16	16	27	27	4	26	16	27	14	2	7	27	20	14	3	14	2	23	27	20	2	23	13	14	14	27	4	24	15	4	8	16	6	2	26	26	27	22	8	14	14	27	2	23	12	2	23	27	11	1	1	14	25	16	14	14	23	27	27	20	8	27	3	14	14	14	20	2	23	13	26	5	14	2	14	14	4	26	7	8	26	8	14	14	20	8	1	14	17	14	23	12	2	23	14	3	14	14	14	11	27	5	26	23	2	14	14	8	27	23	2	16	14	27	2	2	14	2	23	16	10	1	14	4	26	16	1	23	10	14	4	4	14	1	23	14	2	27	11	2	23	13	3	23	2	2	2	27	11	26	16	14	25	26	14	27	23	8	1	22	3	27	3	14	2	23	27	25	25	1	4	26	16	5	26	26	14	23	23	26	27	23	14	27	14	9	2	23	13	2	23	14	3	27	20	14	26	16	14	3	27	23	27	20	8	1	23	10	27	23	14	2	26	14	3	14	19	14	24	15	5	26	11	14	26	14	14	14	23	9	14	14	20	2	23	13	2	23	17	26	20	17	27	27	7	5	10	10	14	2	20	8	1	23	10	1	14	2	2	27	2	3	23	14	14	27	15	27	4	16	3	1	14	2	2	2	8	1	3	3	3	27	12	2	23	14	3	27	27	27	27	27	5	26	3	9	3	14	27	1	23	10	1	27	14	24	14	14	14	23	14	14	25	25	4	26	16	6	27	19	7	23	23	23	14	23	10	2	2	4	2	23	14	3	23	14	14	4	23	14	26	16	7	23	2	23	27	24	9	26	23	11	26	2	23	23	14	14	3	18	2	2	26	16	5	27	18	7	20	14	14	14	3	14	2	22	23	23	23	14	3	23	14	4	14	14	14	1	1	6	26	26	26	14	23	9	1	23	11	2	14	27	2	1	14	3	15	15	14	27	16	5	26	17	7	27	14	11	3	14	14	1	20	20	11	27	13	3	23	14	4	24	15	27	1	25	14	27	19	14	4	2	8	1	23	10	2	23	25	12	27	14	14	23	14	14	26	23	5	26	16	7	27	20	26	23	14	14	1	23	2	2	4	20	2	23	14	3	24	14	4	26	7	3	26	18	7	2	14	2	1	23	10	2	23	12	14	14	14	14	23	14	27	27	14	5	26	14	7	26	19	8	12	14	14	16	23	11	2	14	14	2	23	14	3	24	14	4	14	14	14	1	18	7	27	26	14	14	23	10	1	23	12	2	23	14	27	27	14	4	24	11	15	26	16	6	27	19	7	27	8	14	3	20	10	2	23	11	11	23	14	3	23	14	4	20	2	1	26	26	7	27	20	14	4	2	9	1	23	4	2	23	14	14	27	14	4	24	15	14	1	8	6	27	18	7	27	21	8	14	17	10	2	23	12	2	14	14	3	23	14	4	1	1	25	1	25	7	27	20	14	14	14	9	1	23	11	2	14	13	27	14	14	3	24	14	1	4	4	5	27	18	7	27	20	8	1	14	2	1	23	12	2	7	14
DESTINATION
3	14	17	2	22	23	2	14	14	3	27	14	14	27	11	14	25	25	14	4	26	14	9	14	9	9	16	20	2	14	13	13	27	14	14	27	15	5	5	7	27	5	26	14	2	26	8	1	1	17	2	27	20	2	14	14	14	16	6	14	27	11	14	25	25	2	3	26	14	2	12	12	14	14	23	2	22	14	14	16	16	14	27	15	14	20	20	27	14	14	14	1	26	14	14	13	2	23	27	20	2	14	14	14	2	14	6	27	11	14	1	20	8	2	26	14	2	14	14	14	14	14	23	23	23	2	27	11	25	1	14	14	27	8	14	11	14	14	23	23	14	3	14	23	4	14	20	2	14	4	26	5	27	1	18	7	14	1	7	1	26	23	14	2	14	14	14	14	17	14	14	14	2	2	14	25	16	2	14	27	11	14	1	23	12	14	14	2	14	14	2	16	27	2	2	14	14	2	26	16	20	2	7	14	1	7	3	14	10	14	4	26	14	3	13	14	14	14	4	4	14	14	14	16	6	2	27	11	14	1	25	14	25	8	2	12	23	14	3	27	27	1	3	14	2	27	27	14	25	23	27	27	8	14	1	14	14	23	26	14	3	14	14	27	14	2	14	14	4	14	27	8	27	23	20	14	1	7	14	3	27	14	14	23	12	3	14	3	14	14	4	2	26	14	14	19	26	2	14	8	14	1	2	14	14	14	14	3	14	14	3	14	10	1	1	14	3	27	1	23	10	17	27	1	7	14	1	10	14	2	11	2	3	14	3	23	2	27	2	14	14	14	27	14	2	27	26	27	23	8	14	1	22	2	2	14	14	3	15	3	3	1	1	4	27	14	26	26	7	27	27	7	14	1	9	3	7	9	2	2	13	14	14	14	3	24	14	14	14	27	14	14	25	27	27	23	27	14	3	10	10	23	14	23	14	14	14	14	2	14	14	24	14	14	14	14	14	23	11	14	1	25	14	23	2	2	2	23	14	3	26	17	26	4	23	14	27	14	14	18	2	2	20	20	20	3	1	1	14	14	14	3	14	17	2	22	23	27	27	27	15	27	14	14	14	14	14	1	25	14	4	26	3	14	27	2	3	14	20	27	27	27	2	1	14	14	27	15	14	27	27	27	1	26	14	27	14	24	3	14	14	2	27	20	11	4	4	4	26	16	14	19	7	7	1	25	14	3	26	14	4	2	2	23	23	17	14	14	14	25	27	14	14	27	15	14	26	23	27	24	26	14	11	11	26	23	14	14	3	9	20	2	4	20	26	16	5	14	7	7	20	23	7	14	3	26	14	2	14	2	23	14	3	2	22	4	14	14	14	14	27	14	14	27	14	11	23	9	9	4	2	2	14	27	14	3	16	20	2	14	14	27	16	5	14	27	27	27	14	11	14	1	26	14	2	26	14	14	13	23	14	27	20	24	15	27	14	27	14	14	27	11	15	8	1	1	3	26	23	23	25	14	3	20	20	14	22	14	11	5	5	16	27	15	27	20	26	14	1	26	14	1	26	14	4	2	2	23	27	20	2	14	4	26	27	14	14	27	11	14	1	26	23	23	26	14	2	12	14	3	14	17	2	22	23	2	14	5	26	14	14	14	27	12	12	1	25	14	5	26	14	14	14	23	14	14	20	2	14	4	14	14	14	14	27	14	14	1	4	1	23	10	14	2	14	2	23	14	17	2	27	23	2	7	14	16	6	14	14	27	11	27	2	25	14	4	26	14	23	23	14	23	14	20	2	14	20	2	2	14	14	27	15	14	2	7	23	1	26	14	1	26	23	14	14	14	2	27	20	2	14	14	14	8	27	14	27	11	14	21	8
DUE_DATE
0	31147	30476	30525	30094	30143	31392	30247	30776	30825	30394	30443	31692	31007	31036	31065	30614	30643	30132	30161	31930	31239	30788	31320	31362	30924	30966	32208	32250	31572	31607	30616	31185	30674	32443	31752	31781	31330	31359	30848	31427	30916	32685	32714	32023	32052	31601	31630	31659	31148	32919	32220	32241	31782	31803	31824	32325	33066	31887	31368	33129	32430	32451	33192	32047	32096	33345	32674	32723	32292	33525	32352	32379	31866	33633	32940	32967	32514	33021	33768	32595	33822	33846	33150	33174	32718	33942	32226	32250	32274	34038	33342	33366	32935	33452	34209	33046	34283	34320	33637	33674	33257	34516	33375	33914	33493	32977	34736	34035	34054	33593	34812	34111	33650	33129	34888	34187	34206	33745	33764	33783	35057	33916	35175	34514	34573	34125	34152	33639	35406	34713	34740	34287	35514	34821	35568	35595	34431	35664	35697	35010	35043	34596	35109	34122	34155	35914	35210	35226	35962	34778	34254	36010	34826	34842	36058	36074	35370	35386	36122	34938	34954	34970	34446	36231	35544	35577	35130	35163	36396	35229	35262	34755	36540	35862	35904	36666	35988	35550	35592	36831	36144	36177	36210	36963	35796	35829	35322	37095	36405	36432	35979	36486	36033	36060	37287	37314	36621	37368	35655	36715	36272	35769	35806	37583	36900	37657	37694	37011	36564	36597	37830	37863	37176	37929	36762	37275	37301	36844	36867	36350	38113	37416	38159	37462	37485	37028	37051	36534	38297	37601	37144	37167	38390	37693	37236	37259	38482	37785	38528	37831	37374	37397	36885	38652	37959	37986	38013	38040	38787	38814	37641	37668	38895	38917	38936	38235	38254	37793	37272	39031	38330	37869	37348	39107	39126	38425	37964	37983	37507	39296	38625	39394	38723	38772	38357	38416	37935	38534	38593	38647	39896	39945	39274	39323	38892	38925	40152	40179	39486	39513	39060	39087	40314	39621	39168	39675	40421	39724	39267	39290	38773	39816	40559	40582	39885	39908	39451	39474	38957	40717	38996	40755	40774	40073	40092	39631	39110	40869	40168	40907	40206	40225	39764	39783	39300	41082	39924	41166	41208	40530	40572	40127	40156	41385	40694	41443	40752	40781	40330	40359	39848	41647	40496	41745	41074	41843	41172	40731	40764	41997	42030	42063	41376	41409	40962	40995	40495	42272	40569	41626	42383	41700	41257	41294	42540	42582	41904	41946	41508	41550	41052	41100	42882	42204	41766	42288	43050	43092	42427	41996	42045	43294	43343	41652	43431	42744	42777	42330	42363	41856	42429	42462	43695	43001	43744	43767	43070	42613	42636	43139	43162	43905	42728	43231	42774	43997	44047	43376	43425	43474	44243	43092	43197	42756	44595	43440	44682	44004	44046	43608	43650	43152	44997	43356	45195	45221	44524	44067	44090	43573	45336	44639	45382	44685	44708	44251	44274	45497	45535	44372	44889	45646	44963	44520	44557	44054	45127	45896	45945	45274	45323	44892	44997	44556	46395	45257	44776	45855	45914	46693	45557	45616	46875	46934	46273	46377	45996	46095	45591	47364	46677	47430	46743	46776	47529	46362	46395	47635	47672	47709	47026	46583	46620	46117	47894	47215	46772	46809	47326	46883	48120	48157	46994	46517	48316	47655	48434	47773	47827	47396	47445	48694	47543	47052	48115	48152	48189	48946	48983	47820	47857	47354	49119	49140	48441	48462	48003	48024	49245	48066	47547	48588	48609	49350	48171	48192	47757	48876	49695	49015	49052	48609	48646	49883	49920	48757	49274	50035	48872	48909	48406	50183	50220	50257	49574	49627	49196	49245	48754	50543	50592	49422	49926	50670	49974	49518	49542	50766	50790	50094	50838	50142	50166	49725	49752	49239	51006	50313	50340	50367	49914	51141	49968	51195	50515	50552	51309	50626	50183	50220	49717	51494	50811	50364	50877	50430	51663	50496	51729	51762	51075	51835	50672	50709	50206	51983	51300	51337	50354	50925	50952	52179	52206	51033	50520	52287	52314	52341	51648	51675	51247	51296	52545	51874	51443	51972	51522	52026	52770	52794	51618	51642	51126	52890	52194	52218	52242	51786	51835	53072	52389	51406	51983	52500	53257	52094	52125	51612	53379	53406	52713	52740	52287	52314	53541	53568	52875	52422	52446	53670	52494	51978	53742	53046	53790	53094	53118	52662	52686	53935	53972	53289	53326	53363	54120	52957	52994	52491	54264	53577	54330	53643	53676	53229	53262	52755	54557	53896	53955	53534	54793	53615	54832	54849	54146	54163	53700	54197	53734	53751	54968	54265	54282	53819	53836	55053	53870	55087	55157	55216	54555	54134	54193	54715	53732	53769	55546	54863	54900	54457	54494	54017	55816	55875	54734	55993	56031	55344	55377	56130	54963	54456	54489	56262	55575	55605	55632	55179	55206	56433	56460	55287	56514	55821	55848	55875	55472	55546	56820	56174	56205	55752	56259	55806	57033	55860	55347	57114	56421	56448	57195	57347	57496	56335	56372	57609	57646	56963	57720	56557	56594	56132	57946	57300	57374	57405	58152	58179	58206	57033	57060	56547	58314	58341	57648	58395	57977	58077	57696	57255	59031	59064	59097	58410	59163	59196	58509	58542	58095	58147	57656	59445	59494	59543	58872	58937	58516	58575	59114	59893
TRANSPORT_MODE
0	2	1	1	1	1	1	0	2	1	1	1	1	1	2	0	1	1	1	1	1	2	0	0	2	1	1	1	1	2	1	0	1	1	1	1	1	2	0	0	2	1	1	1	1	1	2	0	1	1	1	1	1	1	0	0	0	3	1	1	1	1	1	0	2	1	1	1	1	1	3	0	1	1	1	1	1	2	0	0	2	1	1	1	1	1	3	0	1	1	1	1	1	2	0	0	2	1	1	1	1	1	3	0	0	1	1	1	1	1	1	0	0	2	1	1	1	1	1	0	0	3	1	1	1	1	1	2	1	1	1	1	1	3	0	0	3	1	1	1	1	2	1	0	1	1	1	1	1	3	0	0	3	1	1	1	1	1	2	0	0	1	1	1	1	1	1	0	0	3	1	1	1	1	2	0	0	1	1	1	1	1	1	0	3	1	1	1	1	1	0	0	2	2	1	1	1	1	3	0	1	1	1	1	1	1	0	0	2	2	1	1	1	1	3	0	0	1	1	1	1	1	1	0	0	2	1	1	1	1	1	0	0	3	1	1	1	1	1	0	2	1	1	1	1	1	0	0	1	3	3	1	1	1	1	0	2	1	1	1	1	1	0	0	3	3	1	1	1	1	1	0	2	1	1	1	1	1	0	0	0	1	3	1	1	1	1	0	1	2	1	1	1	1	0	0	1	3	1	1	1	1	0	0	1	2	1	1	1	1	1	0	3	1	1	1	1	1	0	0	1	2	2	1	1	1	1	0	1	3	1	1	1	1	0	0	1	2	2	1	1	1	1	0	0	1	3	1	1	1	1	0	0	1	2	1	1	1	1	0	1	3	1	1	1	1	1	0	1	2	1	1	1	1	0	0	1	3	3	1	1	1	1	0	0	1	2	1	1	1	1	0	0	1	1	3	3	1	1	1	0	1	2	1	1	1	0	1	0	1	1	3	1	1	1	0	0	1	1	2	1	1	1	1	0	1	3	1	1	1	1	0	0	1	2	2	1	1	1	1	0	1	3	1	1	1	1	0	0	1	1	2	2	1	1	1	0	0	1	1	3	1	1	1	0	1	1	2	1	1	1	0	0	1	1	3	1	1	1	1	0	1	2	1	1	1	1	0	0	1	1	3	3	1	1	1	0	1	2	1	1	1	1	0	0	0	1	1	3	3	1	1	1	0	1	1	2	1	1	1	0	0	1	1	3	1	1	1	0	1	1	2	1	1	1	1	0	1	3	1	1	1	1	0	0	1	2	2	1	1	1	1	0	1	3	1	1	1	1	0	0	0	1	1	2	2	1	1	1	0	1	1	3	1	1	1	0	0	1	2	1	1	1	1	0	1	1	3	1	1	1	1	0	1	2	1	1	1	1	0	0	1	3	3	1	1	1	1	0	1	2	1	1	1	1	0	0	0	1	3	3	1	1	1	1	0	1	2	1	1	1	1	0	0	1	3	1	1	1	1	0	1	2	1	1	1	1	1	0	1	3	1	1	1	1	0	0	1	2	2	1	1	1	1	0	3	1	1	1	1	1	0	0	1	2	2	1	1	1	1	0	0	1	3	1	1	1	1	0	1	2	1	1	1	1	0	0	1	3	1	1	1	1	1	0	2	1	1	1	1	1	0	0	3	3	1	1	1	1	1	0	2	1	1	1	1	1	0	0	1	3	3	1	1	1	1	0	2	1	1	1	1	1	0	0	3	1	1	1	1	1	0	0	3	1	1	1	1	1	3	1	1	1	1	1	1	0	0	3	3	1	1	1	1	3	0	1	1	1	1	1	1	0	0	0	3	3	1	1	1	1	1	0	3	1	1	1	1	1	0	0
PATIENT_WEIGHT
88	50	92	58	34	90	147	136	126	91	101	131	110	139	116	33	68	77	82	64	86	86	100	74	91	132	68	116	32	100	57	126	136	80	95	80	32	124	95	141	150	121	115	37	146	38	72	121	110	47	62	105	150	149	114	98	70	146	60	56	141	108	70	104	41	67	72	76	55	47	76	92	105	129	122	105	41	95	96	140	112	53	129	127	102	55	34	67	100	57	35	80	87	76	58	34	84	70	136	107	110	43	110	99	55	110	63	56	83	120	137	38	134	84	102	59	70	65	126	77	112	65	134	76	35	119	66	127	86	90	136	57	66	150	76	80	106	36	82	86	47	114	69	126	39	117	41	123	50	130	59	46	44	80	127	33	57	74	129	43	50	34	124	56	116	119	50	111	85	30	117	120	120	61	141	89	138	30	59	87	133	32	72	130	93	83	107	121	105	123	106	130	87	141	53	56	119	75	68	68	33	65	142	109	144	40	34	141	105	123	31	42	133	35	97	37	101	56	59	101	66	84	100	144	76	44	132	39	96	62	50	73	100	144	146	146	68	97	144	46	67	32	50	137	47	95	148	78	117	97	147	81	89	135	43	123	99	111	37	105	72	84	60	119	77	146	33	70	68	52	115	95	84	38	132	49	146	138	44	97	43	97	94	146	50	123	45	48	99	96	136	132	72	33	116	134	58	33	63	46	73	33	96	128	75	36	117	116	99	47	48	83	70	67	74	43	67	99	79	47	132	109	128	50	135	46	59	124	128	130	104	135	128	93	86	112	64	108	85	149	81	112	56	86	84	58	124	33	104	123	69	80	30	125	121	74	145	150	137	143	97	81	96	58	47	92	63	112	147	109	142	78	85	47	59	46	44	125	119	140	127	74	80	102	131	69	124	102	70	91	136	94	42	40	79	47	59	113	74	101	131	124	72	58	38	54	71	120	99	69	75	140	104	98	140	59	126	101	52	93	147	57	87	96	95	83	124	121	132	49	127	105	103	107	124	80	103	32	84	99	63	89	117	63	32	147	128	137	73	60	30	148	63	148	36	72	112	115	107	131	120	135	147	120	78	68	49	32	130	115	89	132	113	144	103	121	128	67	73	72	43	114	109	92	84	128	93	133	60	134	73	70	114	130	81	67	58	67	115	60	59	141	48	56	134	53	97	107	52	67	34	127	146	109	109	99	69	46	69	110	140	51	135	53	115	128	109	111	102	54	58	82	75	136	141	136	42	36	132	36	36	135	87	46	135	98	84	128	108	101	88	42	38	35	48	65	77	123	148	75	138	52	38	63	148	146	149	66	120	48	124	65	101	107	86	138	68	68	66	37	150	84	128	141	47	98	92	89	69	103	48	118	150	103	123	67	74	116	118	84	144	33	86	75	79	90	128	104	31	105	48	77	75	100	60	105	81	87	141	127	70	39	57	146	71	70	30	74	109	149	38	73	142	109	130	105	145	39	39	104	96	130	81	98	146	53	117	149	140	37	130	113	40	54	81	78	123	89	115	50	110	116	83	138	133	68	70	61	137	132	128	58	53	140	87	71	88	47	118	36	77	146	147	31	52	51	36	135	136	134	96	45	43	82	132	100	72	80	66	75	50	66	112	130	51	56	53	92	90	140	74	111	30	123	129	54	43	114	54	99	44	38	139	95	58	127	100	103	77	97	147	129	40	33	80	62	95	74	114	50	123	139	113	61	76	143	66	129	30	37	145	119	138	33	71	123	147	118	127	42	127	57	51	135	71	86	46	148	60	142	37	84	46	45	66	56	126	51	42	33	98	35	44	117	75	100	126	99	78	40	129	61	140	118	46	75	144	41	86	73	95
DISTANCE_MATRIX
0	360	318	300	288	276	264	264	150	150	150	60	90	90	162	168	204	228	234	312	360	408	348	318	168	192	168	318
360	60	264	318	324	342	342	342	348	348	354	360	372	378	378	420	420	480	462	498	462	462	384	420	372	420	378	378
318	264	60	270	276	288	288	288	294	294	294	318	318	324	324	414	414	468	462	486	462	462	330	366	366	408	372	324
300	318	270	60	276	288	288	288	288	288	288	300	300	312	318	408	408	468	462	486	438	438	318	360	360	402	360	312
288	324	276	276	60	276	276	276	276	276	276	288	288	300	300	402	396	462	456	480	432	432	300	360	360	402	348	300
276	342	288	288	276	60	180	180	252	258	264	264	264	288	288	390	390	456	450	480	432	432	288	348	348	348	288	288
264	342	288	288	276	180	60	180	246	258	264	264	264	288	288	390	390	456	450	480	432	432	288	348	348	348	288	288
264	342	288	288	276	180	180	60	240	258	264	264	264	288	288	390	390	456	450	480	432	432	288	348	348	348	288	288
150	348	294	288	276	252	246	240	60	120	120	150	126	270	270	378	384	420	438	480	420	408	276	300	300	300	276	270
150	348	294	288	276	258	258	258	120	60	120	150	150	270	270	378	384	420	438	480	420	408	276	300	300	300	276	270
150	354	294	288	276	264	264	264	120	120	60	150	150	270	270	378	384	420	438	480	420	408	276	300	300	300	276	270
60	360	318	300	288	264	264	264	150	150	150	60	90	162	168	228	234	312	360	408	348	318	168	192	192	198	168	162
90	372	318	300	288	264	264	264	150	150	150	90	60	162	168	228	234	312	360	408	348	318	168	192	192	198	168	162
90	378	324	312	300	288	288	288	270	270	270	162	162	60	120	180	180	306	210	360	300	300	120	180	120	180	120	234
162	378	324	318	300	288	288	288	270	270	270	168	168	120	60	180	180	306	210	360	300	300	120	180	120	180	120	120
168	420	414	408	402	348	348	348	300	300	300	228	228	180	180	60	132	204	132	348	258	258	186	60	180	132	222	180
204	420	414	408	396	390	390	390	384	384	384	234	234	180	180	132	60	204	132	348	258	258	186	60	180	132	222	180
228	480	468	468	462	456	456	456	420	420	420	312	312	306	306	204	204	60	198	120	240	240	306	204	306	138	306	306
234	462	462	462	456	450	450	450	438	438	438	360	360	210	210	132	132	198	60	138	132	132	210	132	210	132	210	210
312	498	486	486	480	480	480	480	480	480	480	408	408	360	360	348	348	120	138	60	348	348	360	348	360	348	360	360
360	462	462	438	432	432	432	432	420	420	420	348	348	300	300	258	258	240	132	348	60	60	300	258	300	258	300	300
408	462	462	438	432	432	432	432	408	408	408	318	318	300	300	258	258	240	132	348	60	60	300	258	300	258	300	300
348	384	330	318	300	288	288	288	276	276	276	168	168	120	120	186	186	306	210	360	300	300	60	186	120	186	120	120
318	420	366	360	360	348	348	348	300	300	300	192	192	180	180	60	60	204	132	348	258	258	186	60	180	60	180	180
168	372	300	306	300	288	288	288	270	270	270	168	168	120	120	180	180	306	210	360	300	300	120	180	60	180	120	120
192	420	408	402	402	348	348	348	300	300	300	198	198	180	180	132	132	138	132	348	258	258	186	60	180	60	180	180
168	378	372	360	348	288	288	288	276	276	276	168	168	120	120	222	222	306	210	360	300	300	120	180	120	180	60	120
318	378	324	312	300	288	288	288	270	270	270	162	162	234	120	180	180	306	210	360	300	300	120	180	120	180	120	60
DEPOTS_DISTANCE
234	462	462	462	456	450	450	450	438	438	438	360	360	210	210	132	132	198	60	138	132	132	210	132	210	132	210	210	
348	384	330	318	300	288	288	288	276	276	276	168	168	120	120	186	186	306	210	360	300	300	60	186	120	186	120	120	
318	420	366	360	360	348	348	348	300	300	300	192	192	180	180	60	60	204	132	348	258	258	186	60	180	60	180	180	
LOCATION_TURN_MATRIX
100	130	122	113	112	199	136	122	129	152	173	146	151	136	158	140	176	113	122	167	194	134	110	172	114	184	100	147	
170	100	154	188	164	169	136	136	152	170	104	183	155	115	101	104	155	187	174	115	149	134	178	168	114	135	168	102	
178	146	100	161	178	114	104	165	117	139	126	169	192	109	120	179	160	152	154	134	113	140	154	179	196	196	192	181	
187	112	139	100	158	114	195	181	104	132	195	106	183	169	132	170	140	136	172	148	116	110	123	136	151	120	176	169	
188	136	122	142	100	175	164	159	112	100	167	164	135	191	132	181	104	123	142	156	108	117	193	182	116	147	156	185	
101	131	186	186	125	100	190	147	164	150	137	102	145	176	185	131	113	108	117	186	118	151	140	178	154	189	172	110	
164	164	196	105	136	110	100	186	153	151	183	193	111	157	144	123	188	142	110	163	105	190	166	187	170	171	186	126	
178	164	135	119	141	153	114	100	106	130	108	103	151	178	122	151	130	133	184	177	110	141	166	110	122	174	191	197	
171	148	183	196	188	136	147	194	100	167	100	146	168	129	128	142	172	118	174	147	105	158	156	160	120	106	119	136	
148	130	161	168	200	150	149	170	133	100	177	106	175	116	188	180	176	194	108	146	130	187	183	173	128	141	169	176	
127	196	174	105	133	163	117	192	200	123	100	171	175	140	183	115	104	186	128	153	151	175	100	146	191	117	132	197	
154	117	131	194	136	198	107	197	154	194	129	100	136	184	140	147	172	184	148	131	103	156	185	200	152	158	154	143	
149	145	108	117	165	155	189	149	132	125	125	164	100	140	199	142	101	144	163	185	117	191	200	143	113	165	102	154	
164	185	191	131	109	124	143	122	171	184	160	116	160	100	109	116	196	113	131	186	166	139	183	175	144	161	105	170	
142	199	180	168	168	115	156	178	172	112	117	160	101	191	100	147	177	177	199	158	172	188	164	175	180	168	154	195	
160	196	121	130	119	169	177	149	158	120	185	153	158	184	153	100	152	159	197	157	181	159	102	123	168	200	124	186	
124	145	140	160	196	187	112	170	128	124	196	128	199	104	123	148	100	149	114	112	117	135	105	132	138	180	198	156	
187	113	148	164	177	192	158	167	182	106	114	116	156	187	123	141	151	100	166	132	168	163	159	123	129	173	161	116	
178	126	146	128	158	183	190	116	126	192	172	152	137	169	101	103	186	134	100	184	199	137	130	160	148	113	140	150	
133	185	166	152	144	114	137	123	153	154	147	169	115	114	142	143	188	168	116	100	111	195	128	157	191	164	141	171	
106	151	187	184	192	182	195	190	195	170	149	197	183	134	128	119	183	132	101	189	100	129	151	163	147	166	104	177	
166	166	160	190	183	149	110	159	142	113	125	144	109	161	112	141	165	137	163	105	171	100	101	185	169	129	103	197	
190	122	146	177	107	160	134	134	144	117	200	115	100	117	136	198	195	141	170	172	149	199	100	106	150	116	118	145	
128	132	121	164	118	122	113	190	140	127	154	100	157	125	125	177	168	177	140	143	137	115	194	100	128	167	115	155	
186	186	104	149	184	146	130	178	180	172	109	148	187	156	120	132	162	171	152	109	153	131	150	172	100	155	124	184	
116	165	104	180	153	111	129	126	194	159	183	142	135	139	132	100	120	127	187	136	134	171	184	133	145	100	129	192	
200	132	108	124	144	128	114	109	181	131	168	146	198	195	146	176	102	139	160	159	196	197	182	185	176	171	100	146	
153	198	119	131	115	190	174	103	164	124	103	157	146	130	105	114	144	184	150	129	123	103	155	145	116	108	154	100	
DEPOTS_TO_LOCAL_TURN_MATRIX
178	126	146	128	158	183	190	116	126	192	172	152	137	169	101	103	186	134	100	184	199	137	130	160	148	113	140	150	
190	122	146	177	107	160	134	134	144	117	200	115	100	117	136	198	195	141	170	172	149	199	100	106	150	116	118	145	
128	132	121	164	118	122	113	190	140	127	154	100	157	125	125	177	168	177	140	143	137	115	194	100	128	167	115	155	
LOCAL_TO_DEPOT_TURN_MATRIX
122	174	154	172	142	117	110	184	174	108	128	148	163	131	199	197	114	166	100	116	101	163	170	140	152	187	160	150	
110	178	154	123	193	140	166	166	156	183	100	185	200	183	164	102	105	159	130	128	151	101	100	194	150	184	182	155	
172	168	179	136	182	178	187	110	160	173	146	200	143	175	175	123	132	123	160	157	163	185	106	100	172	133	185	145	

