INDEX_PROBLEM
1
PATIENTS
800
STRETCHERS
16
NUM_ROOM
28
NUM_DEPOT
3
NUM_PRIORITY
4
PRIORITY_LIST
0	1	2	3	4
PRIORITY_WEIGHT
0	1	10	18	30
PRIORITY_JOB
0	1	2	3	3	4	1	2	3	2	3	3	4	1	2	4	3	2	3	4	4	1	2	4	3	3	4	1	2	2	3	3	4	4	4	1	2	3	4	3	3	4	1	2	2	3	4	4	4	4	1	2	3	3	3	4	3	1	1	4	1	2	2	3	1	3	4	1	2	2	1	4	3	3	4	4	1	2	3	2	3	4	1	2	2	4	3	1	1	4	4	4	1	2	2	3	3	3	4	1	2	2	3	4	2	1	4	4	4	1	2	2	1	3	3	4	1	2	2	3	3	1	3	4	1	2	2	1	2	3	4	4	1	2	3	4	3	1	3	4	1	2	2	2	3	4	4	4	1	2	4	2	3	1	1	3	4	1	2	1	2	3	4	4	4	1	4	3	3	2	1	1	3	3	4	1	2	2	2	3	3	4	1	4	3	2	1	2	3	4	4	1	1	2	3	3	4	1	4	3	2	1	2	3	4	4	2	2	1	2	3	3	4	4	1	4	2	1	2	3	4	4	2	1	1	1	2	3	3	4	4	1	3	2	2	1	3	3	4	2	1	2	2	3	4	4	1	4	1	2	3	1	3	4	1	2	2	2	2	3	4	4	1	3	4	2	3	1	3	4	4	1	1	2	2	3	4	4	1	3	4	2	3	1	1	3	4	4	2	3	1	2	2	3	3	1	4	2	2	1	1	3	4	4	1	3	1	2	3	3	4	1	4	3	2	2	1	3	4	4	2	4	1	2	3	3	4	3	1	1	2	2	1	3	4	4	2	1	4	1	2	3	3	4	1	4	2	2	1	3	3	4	2	1	1	2	2	3	4	4	1	3	2	3	1	3	4	1	2	1	2	2	3	4	4	1	4	3	2	3	3	1	4	1	2	2	2	3	4	4	4	1	4	3	2	3	3	1	1	4	2	2	1	2	4	3	4	3	1	3	2	2	1	1	3	4	4	1	1	1	2	3	3	4	1	4	2	2	3	1	4	4	2	3	1	2	3	3	4	4	1	3	2	2	1	3	4	4	1	2	1	2	3	3	4	4	1	4	3	2	2	3	1	3	1	2	2	2	3	4	4	1	2	4	1	3	3	1	4	1	2	1	2	3	4	4	2	1	2	4	3	3	4	1	4	1	2	1	2	3	4	4	1	2	3	4	3	3	3	4	1	1	4	1	2	2	2	3	3	1	2	4	2	3	1	1	4	4	2	1	4	2	3	3	4	1	2	3	4	2	3	1	4	4	1	1	2	3	3	4	4	1	2	3	2	3	1	4	4	1	2	1	2	3	3	4	4	2	1	2	4	2	3	1	3	1	2	2	2	3	4	4	2	2	3	4	1	3	4	1	1	2	2	1	3	4	4	1	2	3	3	2	3	4	1	1	2	2	3	1	4	4	4	1	2	3	4	3	3	4	1	1	1	2	2	2	1	3	3	4	1	2	2	3	3	4	1	1	4	2	2	2	3	3	4	1	2	2	4	4	3	4	1	4	1	2	1	3	3	3	4	1	2	2	3	4	4	1	4	4	1	2	1	2	3	3	4	1	2	2	3	3	3	1	4	1	2	3	2	1	3	4	2	2	3	3	4	3	1	1	2	2	3	4	1	2	4	1	2	3	3	4	4	3	4	1	1	2	2	3	4	4	1	2	3	3	1	4	4	2	4	1	1	1	2	2	3	1	3	1	2	3	3	4	3	1	1	4	1	2	2	3	1	4	1	3	4	1	2	2	2	1	3	4	4	1	2	1	2	1	3	3	4	1	2	2	1	1	3	4	4	1	2	1	2	1	1	3	3	4	4	1	1	1	2	2	3	3	4	2	1
TIME_ASKED
0	28849	28898	28947	28996	29045	29094	29149	29198	29247	29296	29345	29394	29429	29458	29487	29516	29545	29574	29603	29632	29661	29690	29742	29784	29826	29868	29910	29952	29994	30029	30058	30087	30116	30145	30174	30203	30232	30261	30290	30329	30358	30387	30416	30445	30474	30503	30532	30561	30590	30621	30642	30663	30684	30705	30726	30747	30768	30789	30810	30831	30852	30873	30894	30949	30998	31047	31096	31145	31194	31227	31254	31281	31308	31335	31362	31389	31416	31443	31470	31497	31524	31548	31572	31596	31620	31644	31668	31692	31716	31740	31764	31788	31837	31874	31911	31948	31985	32022	32059	32096	32159	32218	32277	32336	32395	32419	32438	32457	32476	32495	32514	32533	32552	32571	32590	32609	32628	32647	32666	32685	32759	32818	32877	32936	32995	33027	33054	33081	33108	33135	33162	33189	33216	33243	33270	33297	33333	33366	33399	33432	33465	33498	33531	33564	33597	33616	33632	33648	33664	33680	33696	33712	33728	33744	33760	33776	33792	33808	33824	33840	33856	33872	33888	33933	33966	33999	34032	34065	34098	34131	34164	34197	34242	34284	34326	34368	34410	34452	34494	34533	34566	34599	34632	34665	34698	34731	34764	34797	34827	34854	34881	34908	34935	34962	34989	35016	35043	35070	35097	35137	35174	35211	35248	35285	35322	35359	35396	35433	35466	35499	35532	35565	35598	35631	35664	35697	35723	35746	35769	35792	35815	35838	35861	35884	35907	35930	35953	35976	35999	36023	36046	36069	36092	36115	36138	36161	36184	36207	36230	36253	36276	36299	36327	36354	36381	36408	36435	36462	36489	36516	36543	36570	36597	36619	36638	36657	36676	36695	36714	36733	36752	36771	36790	36809	36828	36847	36866	36885	36949	36998	37047	37096	37145	37194	37259	37318	37377	37436	37495	37549	37598	37647	37696	37745	37794	37827	37854	37881	37908	37935	37962	37989	38016	38043	38070	38097	38123	38146	38169	38192	38215	38238	38261	38284	38307	38330	38353	38376	38399	38419	38438	38457	38476	38495	38514	38533	38552	38571	38590	38609	38628	38647	38666	38685	38742	38784	38826	38868	38910	38952	38994	39029	39058	39087	39116	39145	39174	39203	39232	39261	39290	39349	39398	39447	39496	39545	39594	39633	39666	39699	39732	39765	39798	39831	39864	39897	39937	39974	40011	40048	40085	40122	40159	40196	40242	40284	40326	40368	40410	40452	40494	40542	40584	40626	40668	40710	40752	40794	40849	40898	40947	40996	41045	41094	41133	41166	41199	41232	41265	41298	41331	41364	41397	41423	41446	41469	41492	41515	41538	41561	41584	41607	41630	41653	41676	41699	41749	41798	41847	41896	41945	41994	42099	42198	42297	42342	42384	42426	42468	42510	42552	42594	42699	42798	42897	42923	42946	42969	42992	43015	43038	43061	43084	43107	43130	43153	43176	43199	43237	43274	43311	43348	43385	43422	43459	43496	43549	43598	43647	43696	43745	43794	43899	43998	44097	44159	44218	44277	44336	44395	44459	44518	44577	44636	44695	44799	44898	44997	45033	45066	45099	45132	45165	45198	45231	45264	45297	45337	45374	45411	45448	45485	45522	45559	45596	45637	45674	45711	45748	45785	45822	45859	45896	45959	46018	46077	46136	46195	46249	46298	46347	46396	46445	46494	46537	46574	46611	46648	46685	46722	46759	46796	46821	46842	46863	46884	46905	46926	46947	46968	46989	47010	47031	47052	47073	47094	47199	47298	47397	47437	47474	47511	47548	47585	47622	47659	47696	47737	47774	47811	47848	47885	47922	47959	47996	48049	48098	48147	48196	48245	48294	48324	48348	48372	48396	48420	48444	48468	48492	48516	48540	48564	48588	48627	48654	48681	48708	48735	48762	48789	48816	48843	48870	48897	48937	48974	49011	49048	49085	49122	49159	49196	49233	49266	49299	49332	49365	49398	49431	49464	49497	49537	49574	49611	49648	49685	49722	49759	49796	49827	49854	49881	49908	49935	49962	49989	50016	50043	50070	50097	50149	50198	50247	50296	50345	50394	50424	50448	50472	50496	50520	50544	50568	50592	50616	50640	50664	50688	50737	50774	50811	50848	50885	50922	50959	50996	51027	51054	51081	51108	51135	51162	51189	51216	51243	51270	51297	51324	51348	51372	51396	51420	51444	51468	51492	51516	51540	51564	51588	51637	51674	51711	51748	51785	51822	51859	51896	51933	51966	51999	52032	52065	52098	52131	52164	52197	52259	52318	52377	52436	52495	52517	52534	52551	52568	52585	52602	52619	52636	52653	52670	52687	52704	52721	52738	52755	52772	52789	52859	52918	52977	53036	53095	53137	53174	53211	53248	53285	53322	53359	53396	53459	53518	53577	53636	53695	53733	53766	53799	53832	53865	53898	53931	53964	53997	54027	54054	54081	54108	54135	54162	54189	54216	54243	54270	54297	54374	54448	54522	54596	54627	54654	54681	54708	54735	54762	54789	54816	54843	54870	54897	55049	55198	55237	55274	55311	55348	55385	55422	55459	55496	55574	55648	55722	55796	55827	55854	55881	55908	55935	55962	55989	56016	56043	56070	56097	56399	56499	56598	56697	56733	56766	56799	56832	56865	56898	56931	56964	56997	57049	57098	57147	57196	57245	57294	57359	57418	57477	57536	57595
ORIGIN
26	16	6	27	19	7	27	14	14	4	23	10	2	23	12	14	2	14	3	23	14	2	14	16	14	14	16	7	27	20	7	1	23	9	1	23	11	14	2	13	2	14	14	3	24	14	14	14	8	6	27	18	7	27	20	8	9	14	17	2	23	12	2	14	3	14	23	14	4	24	11	11	25	25	1	27	19	8	9	14	14	1	23	11	2	14	14	7	13	4	3	24	14	4	27	7	27	1	18	7	27	20	8	1	17	8	17	23	12	2	23	14	14	14	14	4	24	15	4	25	16	25	3	3	3	27	23	12	14	14	10	2	23	14	2	12	16	16	27	27	4	26	16	20	14	2	7	27	20	14	3	13	2	2	23	20	2	23	13	14	14	27	4	24	15	4	8	16	8	2	2	26	27	22	8	14	14	27	2	23	12	2	23	27	25	1	1	14	25	16	14	11	14	27	27	20	8	27	3	14	4	14	20	2	23	13	26	14	14	2	14	14	4	26	7	8	26	1	23	14	20	8	14	14	14	14	23	12	2	23	14	3	14	14	14	14	27	5	26	23	12	14	14	8	27	23	2	16	14	2	2	2	14	2	16	26	16	1	14	4	26	16	1	23	16	14	14	4	14	1	14	14	14	27	11	2	23	13	3	23	14	2	27	11	14	26	16	14	25	14	14	27	23	8	1	22	3	3	3	1	14	23	14	25	14	1	4	26	16	5	26	26	25	23	23	26	14	23	14	14	27	9	2	23	13	2	23	14	3	14	23	20	14	16	14	3	3	26	27	20	8	1	23	10	27	23	14	4	26	14	3	14	26	14	24	15	5	26	11	14	26	27	14	14	14	9	14	14	14	1	23	13	2	23	17	26	20	14	27	27	27	7	10	10	10	10	20	8	1	23	10	1	14	14	2	27	14	14	27	14	2	27	15	27	4	16	3	1	14	3	2	14	14	3	3	3	3	23	25	2	23	14	3	27	27	2	27	7	14	14	3	9	7	7	27	1	23	10	1	27	14	24	14	14	14	27	14	14	25	3	4	26	16	6	27	19	7	23	23	23	14	14	14	2	2	26	2	23	14	3	23	14	14	4	14	14	1	25	7	23	2	27	27	24	9	26	20	11	26	2	23	23	27	14	3	18	2	2	26	16	5	27	18	7	20	14	14	14	14	17	17	2	23	27	27	14	3	23	14	4	14	14	14	1	25	14	26	26	3	14	23	9	1	23	11	2	14	27	2	1	14	14	15	15	14	27	16	5	26	17	7	27	14	11	3	14	14	2	20	20	11	4	13	3	23	14	4	4	15	27	1	25	3	3	19	14	4	2	8	1	23	10	2	23	25	12	27	14	14	27	14	14	26	23	5	26	16	7	27	20	26	27	14	3	9	23	2	2	4	20	2	23	14	3	24	14	4	26	7	3	26	14	7	2	14	23	27	23	10	2	23	12	14	14	14	27	27	14	27	27	14	11	26	14	7	26	19	8	12	14	3	16	16	11	2	14	14	27	23	14	3	24	14	4	14	14	14	26	26	7	27	26	14	14	23	10	1	23	12	2	23	14	27	14	14	14	24	11	8	23	16	6	27	19	7	27	8	14	20	20	10	2	23	11	11	5	14	3	23	14	4	20	2	23	26	14	7	27	20	14	4	2	9	1	23	4	2	23	14	2	14	14	27	24	15	14	1	26	6	27	18	7	27	21	8	17	2	10	2	23	12	2	5	14	3	23	14	4	1	1	25	14	25	7	27	20	14	14	14	9	1	23	11	2	14	13	23	14	14	3	24	14	1	4	27	5	27	18	7	27	20	8	1	2	2	1	23	12	2	14	25
DESTINATION
3	14	17	2	22	23	2	3	3	23	27	14	14	27	11	25	14	25	14	4	26	14	9	14	9	1	16	20	2	14	13	23	27	14	14	27	15	5	27	7	27	5	26	14	2	26	8	1	14	17	2	27	20	2	14	14	17	16	6	14	27	11	14	25	14	2	3	26	14	2	12	12	14	14	23	2	22	14	14	16	16	14	27	15	14	20	20	13	7	14	14	1	26	14	2	13	2	23	27	20	2	14	14	14	9	14	6	27	11	14	1	20	8	2	26	14	2	14	14	14	14	14	23	23	23	2	27	11	25	1	14	14	27	8	14	11	14	14	23	23	14	3	14	14	4	14	20	2	14	4	26	7	27	27	1	7	14	1	7	1	1	23	14	2	14	14	14	14	14	14	14	14	2	2	14	25	16	2	14	27	11	14	1	23	14	14	14	2	14	14	2	12	16	2	2	14	14	2	26	16	14	2	7	14	1	7	3	16	10	14	4	26	14	3	13	14	14	14	27	4	14	14	16	8	8	2	27	11	14	1	25	14	25	8	2	2	23	14	3	27	11	1	3	14	2	27	27	14	25	27	27	27	8	14	14	3	14	23	26	14	3	14	14	27	14	2	2	14	4	14	8	8	8	23	20	14	1	7	14	3	26	14	23	12	2	3	14	3	14	2	4	2	26	14	14	19	26	14	14	14	8	1	16	14	16	14	14	3	14	14	3	14	14	1	1	14	4	27	1	1	23	17	27	1	7	14	1	10	14	16	27	11	2	14	3	23	23	14	2	14	14	14	27	14	2	27	26	14	23	8	14	1	3	1	2	14	14	3	15	3	3	23	1	4	16	14	26	26	25	23	27	7	14	1	9	3	7	25	2	2	2	13	14	14	14	14	14	14	14	27	14	14	25	3	27	23	8	1	23	10	27	23	14	23	14	14	14	14	2	26	14	15	5	26	14	14	26	27	14	14	1	25	14	23	2	27	2	13	2	2	26	17	20	20	23	14	27	14	14	18	2	2	20	8	1	23	1	1	14	14	14	3	14	17	2	22	23	27	27	27	15	4	16	14	14	3	14	1	25	14	4	26	3	14	4	2	23	14	20	27	27	2	2	1	14	14	7	15	14	27	27	27	23	10	14	27	14	24	3	14	14	2	27	20	11	4	4	4	16	6	6	27	7	23	23	25	14	3	26	14	4	2	2	23	14	3	14	14	14	4	27	14	14	27	15	14	26	23	27	24	9	9	11	11	26	2	14	14	3	9	20	2	4	20	26	16	5	27	7	7	20	14	7	14	3	26	14	14	14	2	23	14	23	23	22	4	14	14	14	14	27	14	14	27	14	11	23	1	1	23	2	2	14	27	14	3	16	20	2	14	14	2	16	26	17	27	27	27	14	11	14	1	26	14	2	26	14	14	13	23	14	4	20	24	15	1	23	27	14	14	27	11	15	8	1	23	23	10	23	23	25	12	3	20	20	14	22	14	11	5	26	16	16	15	27	20	26	23	1	26	14	1	26	14	4	2	2	14	14	20	2	14	4	26	27	14	14	27	11	14	1	26	23	2	10	2	2	12	14	27	14	17	2	22	23	2	14	5	7	7	14	14	27	12	12	14	25	14	5	26	14	14	14	27	14	3	20	2	14	4	14	14	14	14	27	14	14	1	4	14	10	1	23	2	14	2	23	14	17	2	27	23	2	7	14	6	27	14	14	27	11	27	14	25	14	4	26	14	23	23	14	3	14	20	2	14	20	2	2	14	14	27	15	14	2	7	1	9	9	14	1	26	23	14	23	14	2	27	20	2	14	14	14	27	27	14	27	11	14	8	14
DUE_DATE
0	31147	30476	30045	30094	29603	31392	30727	30296	30825	30394	30443	29952	31727	31036	30045	30614	31123	30672	30161	30190	31959	31268	30300	30882	30924	30426	32208	31530	31572	31127	31156	30645	30674	30703	32472	31781	31330	30819	31388	31427	30916	32685	31994	32023	31572	31061	31090	31119	31148	32919	32220	31761	31782	31803	31284	31845	33066	33087	31368	33129	32430	32451	31992	33247	32096	31605	33394	32723	32772	33525	31812	32379	32406	31893	31920	33687	32994	32541	33048	32595	32082	33846	33150	33174	32178	32742	33966	33990	32274	32298	32322	34086	33415	33452	33009	33046	33083	32580	34357	33674	33737	33316	32835	33914	34693	32977	32996	33015	34774	34073	34092	34831	33650	33669	33148	34907	34206	34225	33764	33783	35057	33916	33435	35234	34573	34605	35352	34659	34206	33693	33720	35487	34794	34341	33828	34395	35631	34464	33957	35730	35043	35076	35109	34662	34155	34174	34190	35946	35242	34238	35274	34810	36026	36042	34858	34334	36090	35386	36122	35418	34954	34430	34446	34491	36264	34557	35130	35163	35676	36429	36462	35295	35340	34842	36624	35946	35988	36030	35592	35631	35124	36897	35190	35763	36276	37029	36342	35895	35385	35412	37179	37206	36513	36060	36087	35574	37341	35628	36195	36715	37472	36789	36346	35843	35880	36937	36974	37731	37044	36597	36630	36123	36156	37929	36222	37275	38021	37324	36867	36350	36373	37416	38159	38182	38205	37508	37051	37074	36557	36581	38344	37167	37670	37693	38436	37259	37282	36765	37808	38551	37854	37877	37425	36912	36939	38706	36993	38760	38067	37614	38841	37668	37155	38917	38216	38235	38254	38273	37812	37291	37310	39069	37888	37367	38406	37945	39164	37983	37507	37556	39345	39394	38723	38772	38357	37876	37935	39734	38593	38107	39176	38745	39994	40043	38892	38385	38412	39459	39006	40233	39540	39567	39114	39141	40368	38655	39701	39724	40467	40490	39313	38796	38819	40582	39405	40628	39931	39474	39497	38977	40736	39015	39574	40073	40092	40831	39650	39129	39148	40187	39186	40945	40244	39783	39840	39342	39924	41166	41208	40530	40572	41327	40156	39645	39674	40723	41472	39761	41530	40839	40388	40447	39956	41745	40054	41123	41172	41931	40764	40797	40290	41343	42096	42129	41442	41475	41035	40532	40569	42346	41183	41700	41257	42494	41340	40842	42624	41946	42708	42030	42072	41640	41142	41184	42966	41268	41850	42372	41947	41996	43245	41554	43343	42672	42711	42744	42297	41790	41823	41856	43629	41922	42495	43001	42544	42567	43790	43813	42096	43139	43162	43905	43208	42211	42774	42257	42847	44096	42945	43474	43523	44292	44397	43296	42855	42900	44682	44724	44766	44088	43650	43692	43257	45096	43455	44501	44524	44067	45290	43573	43596	44639	44182	45405	44708	44251	44274	43757	43795	45572	44409	44926	44963	45720	44557	44054	44107	45896	45225	45994	45323	44892	44997	44556	44655	46457	44776	45375	45914	45973	45557	46816	45675	46934	46273	46377	46476	46095	45591	45624	47397	46710	45723	47496	46329	46362	47595	45895	47672	46989	47746	47063	46620	46117	46154	47215	47972	47289	46306	46883	46920	46417	48194	46517	48316	47655	48434	47773	47347	46856	46905	48694	48023	47592	47095	47672	47709	47746	47243	49020	49057	47354	49119	48420	48441	48462	48003	48024	49245	48546	47547	48588	48129	49350	49371	47652	47757	48876	49695	47995	49052	48609	48646	48143	49920	49237	48794	48295	49352	48909	50146	48443	48480	50257	50294	49627	49196	49245	48754	48803	50592	49902	49446	49950	49494	50718	49002	49026	50790	50094	50838	50142	49686	49725	49212	49239	50286	51033	50340	49347	50394	49941	51168	49995	51235	50552	50589	50626	50183	49680	49717	50774	50811	50364	49857	51630	50463	49956	51729	51762	51075	51115	51872	50709	50206	50243	52020	51337	50894	50925	51432	50979	50466	52233	52260	51567	51594	51141	52368	50655	50707	50756	52545	51874	51443	50952	51522	51546	51030	52794	52818	52842	52146	52170	52194	52938	51762	51786	51295	53072	52389	52426	51983	52020	51517	53294	53325	51612	52659	52686	52713	52260	52287	51774	53541	52848	52875	51882	51906	52470	51954	53718	52002	53766	53070	53814	52638	52662	52686	52195	53972	53289	53326	52883	52380	52417	54194	52491	52524	54297	53610	54363	53676	53229	53262	52755	54557	53896	53955	53534	53593	53615	54832	53109	54866	54163	53700	54197	54934	53751	53228	54265	54282	53819	53836	53313	53870	55087	55157	54496	54555	54134	53653	55435	54752	53769	55546	54863	54420	54457	53954	54017	54616	54135	55934	55993	55311	55344	54897	54390	54423	56196	55509	55062	55095	56325	54612	54639	55686	54693	56460	56487	56514	55821	55848	55395	56672	55546	56820	56174	55725	55752	55239	55806	57033	57060	55347	57114	56421	56448	55995	57347	55756	57535	56372	55869	57646	56963	57000	57037	57794	56672	56206	56280	58094	57405	58152	57459	58206	57033	57060	56547	58314	57621	57648	58395	58697	57597	57156	57255	59031	58344	59097	58410	59163	59196	58029	58062	57555	57607	59396	59445	59494	58823	58872	58457	58516	58035	59114	59893
TRANSPORT_MODE
0	2	2	1	1	1	1	2	0	1	1	1	1	1	2	0	0	1	1	1	1	1	1	0	2	1	1	1	1	1	2	0	1	1	1	1	1	2	0	0	2	1	1	1	1	1	2	0	1	1	1	1	1	1	0	0	0	3	3	1	1	1	1	2	0	1	1	1	1	1	3	0	0	1	1	1	1	1	1	0	2	1	1	1	1	0	1	0	3	1	1	1	1	1	0	0	2	2	1	1	1	1	1	0	0	3	1	1	1	1	1	0	0	2	2	1	1	1	1	1	0	3	1	1	1	1	1	0	0	2	1	1	1	1	1	0	0	3	1	1	1	1	1	0	1	2	1	1	1	1	0	0	1	3	3	1	1	1	1	0	2	1	1	1	1	1	0	0	0	1	3	3	1	1	1	1	0	1	2	1	1	1	1	0	0	1	3	1	1	1	1	0	1	2	1	1	1	1	0	0	1	3	1	1	1	1	0	0	1	1	2	1	1	1	1	0	1	3	1	1	1	1	0	0	0	1	1	2	2	1	1	1	0	1	1	3	1	1	1	0	1	2	1	2	1	1	1	0	0	1	1	3	1	1	1	0	0	1	1	2	1	1	1	0	0	1	1	3	1	1	1	1	0	1	1	2	1	1	1	0	0	1	1	3	3	1	1	1	0	0	1	1	2	1	1	1	0	1	1	3	3	1	1	1	0	0	1	1	2	1	1	1	0	0	1	1	3	1	1	1	0	1	1	1	2	1	1	0	1	0	1	1	3	1	1	1	0	0	1	1	1	2	2	1	1	0	1	1	3	1	1	1	0	0	1	1	2	2	1	1	1	0	1	1	3	1	1	1	0	0	1	1	2	1	1	1	0	0	1	1	1	3	1	1	1	0	1	1	2	1	1	1	0	0	1	1	1	3	3	1	1	0	1	1	0	2	1	1	1	0	1	1	3	3	1	1	1	0	0	1	1	2	1	1	1	0	1	1	1	3	1	1	0	0	1	1	1	2	1	1	1	0	1	1	3	1	1	1	0	0	1	1	1	2	2	1	1	0	0	1	1	1	3	1	1	0	1	1	2	2	1	1	1	0	0	1	1	3	1	1	1	0	1	1	2	1	0	1	1	0	1	1	1	3	1	1	1	0	1	1	2	1	1	1	0	0	0	1	1	1	3	3	1	1	0	1	1	2	1	1	1	0	1	1	3	3	1	1	1	0	0	1	1	2	1	1	1	0	0	1	1	3	1	1	1	0	1	1	1	2	1	1	1	0	1	1	3	1	1	1	0	0	1	1	1	2	2	0	1	1	0	1	1	3	1	1	1	0	1	1	2	2	1	1	1	0	0	1	1	3	1	1	1	0	1	1	2	1	1	1	0	0	1	1	3	1	1	1	1	0	1	1	2	1	1	1	0	0	1	1	3	3	1	1	1	0	0	1	1	2	1	1	1	0	1	1	3	3	1	1	1	0	1	1	2	1	1	1	0	0	1	1	3	1	1	1	0	0	1	1	2	1	1	1	1	0	1	3	1	1	1	1	0	0	1	1	2	2	1	1	1	0	1	3	1	1	1	1	0	0	1	2	2	1	1	1	1	0	1	3	1	1	1	1	0	0	1	2	1	1	1	1	0	0	1	3	1	1	1	1	1	1	2	1	1	1	0	1	0	0	1	3	3	1	1	1	1	0	1	2	1	1	1	1	0	3	3	1	1	1	1	1	0	0	3	1	1	1	1	1	0	3	1	1	1	1	1	0	0	3	1	1	1	1	1	1	0	3	1	1	1	1	1	0	0	3	3	1	1	1	1	1	0	3	1	1	1	1	1	0	0
PATIENT_WEIGHT
52	128	111	84	105	68	99	33	77	126	60	81	127	31	70	40	108	87	147	46	38	46	53	133	118	114	40	106	91	62	38	79	50	70	131	150	39	95	46	62	96	116	145	46	137	58	71	150	56	112	90	95	31	138	53	131	102	38	119	63	126	36	116	55	67	111	143	57	139	98	49	81	65	32	36	94	35	68	124	70	99	64	125	47	31	123	66	52	128	94	52	62	91	73	108	34	53	126	104	131	58	63	111	128	126	138	126	114	95	116	61	67	107	138	131	63	129	35	102	79	98	107	137	140	53	97	99	61	104	101	136	87	35	136	102	71	41	135	99	112	81	102	49	46	108	101	130	128	114	32	128	132	79	66	89	94	92	71	47	89	82	103	88	77	115	62	81	140	38	150	150	81	60	64	109	126	77	131	142	69	100	47	94	147	42	122	132	134	115	127	83	133	41	49	92	94	118	71	90	84	43	129	136	43	63	83	83	32	58	37	96	117	130	131	69	45	98	32	47	139	89	94	130	142	132	67	58	112	32	149	126	144	111	62	122	66	96	127	144	75	132	150	140	84	76	48	88	125	83	72	127	98	124	145	106	84	130	54	83	74	92	59	117	46	149	60	101	73	144	128	134	122	35	140	53	150	99	134	42	55	66	60	88	135	92	133	118	66	123	55	131	65	102	134	39	80	116	104	49	141	126	142	122	40	72	35	46	142	60	140	136	137	111	104	85	31	80	60	119	118	148	49	84	36	135	114	98	101	52	122	83	41	72	145	118	53	69	43	121	136	98	117	46	68	94	71	71	140	94	75	114	139	105	111	125	128	69	143	44	130	115	129	66	134	40	107	72	137	58	92	72	47	63	67	35	146	102	69	97	82	139	76	38	87	36	71	130	147	130	83	80	98	150	138	31	134	59	139	96	132	56	79	135	37	30	44	116	65	124	146	101	86	73	129	118	106	139	112	61	125	149	81	76	132	38	108	95	36	127	145	135	149	82	103	50	147	75	117	116	85	132	105	126	110	89	103	117	142	106	49	132	136	32	41	115	136	68	44	103	122	75	64	141	134	125	106	109	54	126	42	86	30	38	56	130	107	143	90	38	38	72	121	139	63	49	78	99	129	136	107	57	147	43	103	71	123	113	124	116	30	92	115	71	145	71	79	98	57	114	132	50	72	107	120	91	43	145	133	57	143	73	147	76	78	55	65	69	131	87	75	94	42	112	77	150	77	87	101	150	130	35	63	68	89	62	131	82	70	49	79	137	50	83	37	79	108	37	134	129	134	116	123	79	147	137	59	138	132	37	133	94	56	44	41	97	120	113	121	127	78	147	59	133	32	124	72	81	76	140	66	79	142	121	47	30	96	35	45	36	108	34	119	53	45	146	30	71	71	81	80	123	73	79	105	124	145	142	84	107	46	54	97	35	110	106	122	96	81	131	62	124	37	131	72	99	119	46	105	100	137	44	129	85	54	96	96	100	102	70	69	36	81	132	142	68	96	97	149	135	75	139	51	136	44	146	132	64	30	110	87	107	74	58	59	59	127	123	63	82	150	130	87	146	115	123	55	106	108	74	97	85	52	46	35	101	150	102	129	33	50	57	52	138	130	36	91	39	113	55	136	69	74	38	67	78	144	125	72	91	113	132	90	99	148	90	135	120	61	65	51	77	81	148	34	80	62	120	59	65	131	106	54	36	49	102	107	50	66	52	37	96	142	46	136	122	112	47	74	92	34	114	54	135	116	127	93	102	69	82	53	133	99	47	111	134	149	64	101	34	125	131	137	38	129	74	141	40	108	65	106	47	110	101	66	150	49	150	31	90	40	66
DISTANCE_MATRIX
0	360	318	300	288	276	264	264	150	150	150	60	90	90	162	168	204	228	234	312	360	408	348	318	168	192	168	318
360	60	264	318	324	342	342	342	348	348	354	360	372	378	378	420	420	480	462	498	462	462	384	420	372	420	378	378
318	264	60	270	276	288	288	288	294	294	294	318	318	324	324	414	414	468	462	486	462	462	330	366	366	408	372	324
300	318	270	60	276	288	288	288	288	288	288	300	300	312	318	408	408	468	462	486	438	438	318	360	360	402	360	312
288	324	276	276	60	276	276	276	276	276	276	288	288	300	300	402	396	462	456	480	432	432	300	360	360	402	348	300
276	342	288	288	276	60	180	180	252	258	264	264	264	288	288	390	390	456	450	480	432	432	288	348	348	348	288	288
264	342	288	288	276	180	60	180	246	258	264	264	264	288	288	390	390	456	450	480	432	432	288	348	348	348	288	288
264	342	288	288	276	180	180	60	240	258	264	264	264	288	288	390	390	456	450	480	432	432	288	348	348	348	288	288
150	348	294	288	276	252	246	240	60	120	120	150	126	270	270	378	384	420	438	480	420	408	276	300	300	300	276	270
150	348	294	288	276	258	258	258	120	60	120	150	150	270	270	378	384	420	438	480	420	408	276	300	300	300	276	270
150	354	294	288	276	264	264	264	120	120	60	150	150	270	270	378	384	420	438	480	420	408	276	300	300	300	276	270
60	360	318	300	288	264	264	264	150	150	150	60	90	162	168	228	234	312	360	408	348	318	168	192	192	198	168	162
90	372	318	300	288	264	264	264	150	150	150	90	60	162	168	228	234	312	360	408	348	318	168	192	192	198	168	162
90	378	324	312	300	288	288	288	270	270	270	162	162	60	120	180	180	306	210	360	300	300	120	180	120	180	120	234
162	378	324	318	300	288	288	288	270	270	270	168	168	120	60	180	180	306	210	360	300	300	120	180	120	180	120	120
168	420	414	408	402	348	348	348	300	300	300	228	228	180	180	60	132	204	132	348	258	258	186	60	180	132	222	180
204	420	414	408	396	390	390	390	384	384	384	234	234	180	180	132	60	204	132	348	258	258	186	60	180	132	222	180
228	480	468	468	462	456	456	456	420	420	420	312	312	306	306	204	204	60	198	120	240	240	306	204	306	138	306	306
234	462	462	462	456	450	450	450	438	438	438	360	360	210	210	132	132	198	60	138	132	132	210	132	210	132	210	210
312	498	486	486	480	480	480	480	480	480	480	408	408	360	360	348	348	120	138	60	348	348	360	348	360	348	360	360
360	462	462	438	432	432	432	432	420	420	420	348	348	300	300	258	258	240	132	348	60	60	300	258	300	258	300	300
408	462	462	438	432	432	432	432	408	408	408	318	318	300	300	258	258	240	132	348	60	60	300	258	300	258	300	300
348	384	330	318	300	288	288	288	276	276	276	168	168	120	120	186	186	306	210	360	300	300	60	186	120	186	120	120
318	420	366	360	360	348	348	348	300	300	300	192	192	180	180	60	60	204	132	348	258	258	186	60	180	60	180	180
168	372	300	306	300	288	288	288	270	270	270	168	168	120	120	180	180	306	210	360	300	300	120	180	60	180	120	120
192	420	408	402	402	348	348	348	300	300	300	198	198	180	180	132	132	138	132	348	258	258	186	60	180	60	180	180
168	378	372	360	348	288	288	288	276	276	276	168	168	120	120	222	222	306	210	360	300	300	120	180	120	180	60	120
318	378	324	312	300	288	288	288	270	270	270	162	162	234	120	180	180	306	210	360	300	300	120	180	120	180	120	60
DEPOTS_DISTANCE
234	462	462	462	456	450	450	450	438	438	438	360	360	210	210	132	132	198	60	138	132	132	210	132	210	132	210	210	
348	384	330	318	300	288	288	288	276	276	276	168	168	120	120	186	186	306	210	360	300	300	60	186	120	186	120	120	
318	420	366	360	360	348	348	348	300	300	300	192	192	180	180	60	60	204	132	348	258	258	186	60	180	60	180	180	
LOCATION_TURN_MATRIX
100	130	122	113	112	199	136	122	129	152	173	146	151	136	158	140	176	113	122	167	194	134	110	172	114	184	100	147	
170	100	154	188	164	169	136	136	152	170	104	183	155	115	101	104	155	187	174	115	149	134	178	168	114	135	168	102	
178	146	100	161	178	114	104	165	117	139	126	169	192	109	120	179	160	152	154	134	113	140	154	179	196	196	192	181	
187	112	139	100	158	114	195	181	104	132	195	106	183	169	132	170	140	136	172	148	116	110	123	136	151	120	176	169	
188	136	122	142	100	175	164	159	112	100	167	164	135	191	132	181	104	123	142	156	108	117	193	182	116	147	156	185	
101	131	186	186	125	100	190	147	164	150	137	102	145	176	185	131	113	108	117	186	118	151	140	178	154	189	172	110	
164	164	196	105	136	110	100	186	153	151	183	193	111	157	144	123	188	142	110	163	105	190	166	187	170	171	186	126	
178	164	135	119	141	153	114	100	106	130	108	103	151	178	122	151	130	133	184	177	110	141	166	110	122	174	191	197	
171	148	183	196	188	136	147	194	100	167	100	146	168	129	128	142	172	118	174	147	105	158	156	160	120	106	119	136	
148	130	161	168	200	150	149	170	133	100	177	106	175	116	188	180	176	194	108	146	130	187	183	173	128	141	169	176	
127	196	174	105	133	163	117	192	200	123	100	171	175	140	183	115	104	186	128	153	151	175	100	146	191	117	132	197	
154	117	131	194	136	198	107	197	154	194	129	100	136	184	140	147	172	184	148	131	103	156	185	200	152	158	154	143	
149	145	108	117	165	155	189	149	132	125	125	164	100	140	199	142	101	144	163	185	117	191	200	143	113	165	102	154	
164	185	191	131	109	124	143	122	171	184	160	116	160	100	109	116	196	113	131	186	166	139	183	175	144	161	105	170	
142	199	180	168	168	115	156	178	172	112	117	160	101	191	100	147	177	177	199	158	172	188	164	175	180	168	154	195	
160	196	121	130	119	169	177	149	158	120	185	153	158	184	153	100	152	159	197	157	181	159	102	123	168	200	124	186	
124	145	140	160	196	187	112	170	128	124	196	128	199	104	123	148	100	149	114	112	117	135	105	132	138	180	198	156	
187	113	148	164	177	192	158	167	182	106	114	116	156	187	123	141	151	100	166	132	168	163	159	123	129	173	161	116	
178	126	146	128	158	183	190	116	126	192	172	152	137	169	101	103	186	134	100	184	199	137	130	160	148	113	140	150	
133	185	166	152	144	114	137	123	153	154	147	169	115	114	142	143	188	168	116	100	111	195	128	157	191	164	141	171	
106	151	187	184	192	182	195	190	195	170	149	197	183	134	128	119	183	132	101	189	100	129	151	163	147	166	104	177	
166	166	160	190	183	149	110	159	142	113	125	144	109	161	112	141	165	137	163	105	171	100	101	185	169	129	103	197	
190	122	146	177	107	160	134	134	144	117	200	115	100	117	136	198	195	141	170	172	149	199	100	106	150	116	118	145	
128	132	121	164	118	122	113	190	140	127	154	100	157	125	125	177	168	177	140	143	137	115	194	100	128	167	115	155	
186	186	104	149	184	146	130	178	180	172	109	148	187	156	120	132	162	171	152	109	153	131	150	172	100	155	124	184	
116	165	104	180	153	111	129	126	194	159	183	142	135	139	132	100	120	127	187	136	134	171	184	133	145	100	129	192	
200	132	108	124	144	128	114	109	181	131	168	146	198	195	146	176	102	139	160	159	196	197	182	185	176	171	100	146	
153	198	119	131	115	190	174	103	164	124	103	157	146	130	105	114	144	184	150	129	123	103	155	145	116	108	154	100	
DEPOTS_TO_LOCAL_TURN_MATRIX
178	126	146	128	158	183	190	116	126	192	172	152	137	169	101	103	186	134	100	184	199	137	130	160	148	113	140	150	
190	122	146	177	107	160	134	134	144	117	200	115	100	117	136	198	195	141	170	172	149	199	100	106	150	116	118	145	
128	132	121	164	118	122	113	190	140	127	154	100	157	125	125	177	168	177	140	143	137	115	194	100	128	167	115	155	
LOCAL_TO_DEPOT_TURN_MATRIX
122	174	154	172	142	117	110	184	174	108	128	148	163	131	199	197	114	166	100	116	101	163	170	140	152	187	160	150	
110	178	154	123	193	140	166	166	156	183	100	185	200	183	164	102	105	159	130	128	151	101	100	194	150	184	182	155	
172	168	179	136	182	178	187	110	160	173	146	200	143	175	175	123	132	123	160	157	163	185	106	100	172	133	185	145	

