INDEX_PROBLEM
1
PATIENTS
800
STRETCHERS
16
NUM_ROOM
28
NUM_DEPOT
3
NUM_PRIORITY
4
PRIORITY_LIST
0	1	2	3	4
PRIORITY_WEIGHT
0	1	10	18	30
PRIORITY_JOB
0	1	2	3	3	4	4	3	1	2	3	4	4	1	2	4	2	3	4	4	1	2	4	4	3	3	4	4	2	2	3	4	4	4	1	2	3	3	4	3	4	4	4	2	2	3	4	3	4	4	1	2	3	3	4	4	4	1	4	1	2	3	4	2	2	4	1	2	2	3	4	1	4	4	2	1	3	4	4	1	2	4	2	2	3	4	4	1	3	4	1	2	3	3	4	1	3	2	2	3	4	4	4	4	3	1	1	2	3	3	4	4	2	1	2	3	4	4	1	4	4	1	1	2	2	3	4	4	2	4	1	2	3	4	4	4	4	1	1	1	2	2	3	4	1	4	4	1	2	3	3	3	3	1	4	3	2	2	4	2	1	4	4	1	2	3	3	4	4	1	4	1	2	3	4	2	2	4	4	1	2	2	3	1	4	4	4	1	2	3	4	3	1	4	1	2	2	3	4	1	4	4	4	1	2	3	3	1	2	4	4	4	2	2	3	4	3	1	4	1	2	3	3	4	2	2	4	1	2	3	4	4	3	1	1	4	1	2	3	3	1	4	4	1	2	3	1	4	4	1	4	4	1	2	2	3	3	4	4	4	1	2	3	4	4	1	3	4	2	2	3	1	3	4	4	4	1	2	3	3	4	1	3	4	4	1	2	2	2	3	4	4	1	2	3	3	4	1	4	4	4	1	2	2	1	3	4	4	1	2	2	3	4	1	4	4	3	1	2	2	1	4	3	4	2	2	3	4	3	1	4	4	4	1	2	2	2	3	3	4	4	1	2	3	4	3	1	1	4	4	1	2	1	3	3	4	4	1	2	4	4	3	1	1	4	4	4	1	3	2	2	3	4	4	1	4	3	2	1	3	3	4	4	1	2	2	3	4	4	4	3	4	3	1	1	2	3	3	4	2	2	2	3	4	4	4	1	4	2	1	3	3	4	4	1	2	1	2	3	4	4	1	2	4	1	2	3	4	4	4	1	3	1	2	3	3	4	2	2	3	1	3	1	4	4	4	1	2	2	2	3	3	4	4	2	4	3	2	3	1	4	4	1	2	1	3	3	4	4	1	2	4	4	3	1	1	4	4	1	4	1	2	2	3	4	4	1	4	3	2	1	1	3	3	4	4	3	2	2	3	4	4	1	3	4	2	2	3	1	3	4	4	1	2	2	3	4	4	1	2	4	3	1	3	4	4	1	1	2	2	3	4	4	4	1	2	4	2	1	3	4	4	1	1	3	2	3	3	4	4	2	2	3	3	1	4	4	1	2	1	2	1	4	3	3	4	2	2	3	3	4	1	4	1	2	3	2	3	4	4	4	1	2	4	4	3	1	1	4	4	1	2	1	2	3	4	4	1	2	4	3	3	1	1	3	4	4	2	2	4	2	3	4	4	4	1	3	4	2	3	1	3	4	2	1	2	2	3	4	4	1	2	3	3	1	4	4	2	1	1	4	4	3	4	4	1	2	2	4	1	3	4	4	1	2	3	1	3	3	4	4	2	2	3	4	4	1	4	1	2	3	2	1	2	3	4	4	2	2	3	3	4	1	4	1	2	3	3	1	4	4	1	2	3	4	4	4	4	1	1	4	1	2	2	1	3	4	4	1	2	3	4	3	3	1	1	4	2	2	4	3	3	4	4	1	2	3	4	4	4	3	1	4	4	2	2	1	3	4	4	1	2	3	3	4	1	4	4	1	2	3	2	1	1	1	4	4	1	2	2	1	1	3	4	4	4	1	2	2	1	1	2	3	3	4	2	1	1	2	3	4	4	4	2	2	1	1	2	3	3	4	1	2	1	4	2	2	3	4	4	1
TIME_ASKED
0	28849	28898	28947	28996	29045	29094	29149	29198	29247	29296	29345	29394	29429	29458	29487	29516	29545	29574	29603	29632	29661	29690	29742	29784	29826	29868	29910	29952	29994	30029	30058	30087	30116	30145	30174	30203	30232	30261	30290	30329	30358	30387	30416	30445	30474	30503	30532	30561	30590	30621	30642	30663	30684	30705	30726	30747	30768	30789	30810	30831	30852	30873	30894	30949	30998	31047	31096	31145	31194	31227	31254	31281	31308	31335	31362	31389	31416	31443	31470	31497	31524	31548	31572	31596	31620	31644	31668	31692	31716	31740	31764	31788	31837	31874	31911	31948	31985	32022	32059	32096	32159	32218	32277	32336	32395	32419	32438	32457	32476	32495	32514	32533	32552	32571	32590	32609	32628	32647	32666	32685	32759	32818	32877	32936	32995	33027	33054	33081	33108	33135	33162	33189	33216	33243	33270	33297	33333	33366	33399	33432	33465	33498	33531	33564	33597	33616	33632	33648	33664	33680	33696	33712	33728	33744	33760	33776	33792	33808	33824	33840	33856	33872	33888	33933	33966	33999	34032	34065	34098	34131	34164	34197	34242	34284	34326	34368	34410	34452	34494	34533	34566	34599	34632	34665	34698	34731	34764	34797	34827	34854	34881	34908	34935	34962	34989	35016	35043	35070	35097	35137	35174	35211	35248	35285	35322	35359	35396	35433	35466	35499	35532	35565	35598	35631	35664	35697	35723	35746	35769	35792	35815	35838	35861	35884	35907	35930	35953	35976	35999	36023	36046	36069	36092	36115	36138	36161	36184	36207	36230	36253	36276	36299	36327	36354	36381	36408	36435	36462	36489	36516	36543	36570	36597	36619	36638	36657	36676	36695	36714	36733	36752	36771	36790	36809	36828	36847	36866	36885	36949	36998	37047	37096	37145	37194	37259	37318	37377	37436	37495	37549	37598	37647	37696	37745	37794	37827	37854	37881	37908	37935	37962	37989	38016	38043	38070	38097	38123	38146	38169	38192	38215	38238	38261	38284	38307	38330	38353	38376	38399	38419	38438	38457	38476	38495	38514	38533	38552	38571	38590	38609	38628	38647	38666	38685	38742	38784	38826	38868	38910	38952	38994	39029	39058	39087	39116	39145	39174	39203	39232	39261	39290	39349	39398	39447	39496	39545	39594	39633	39666	39699	39732	39765	39798	39831	39864	39897	39937	39974	40011	40048	40085	40122	40159	40196	40242	40284	40326	40368	40410	40452	40494	40542	40584	40626	40668	40710	40752	40794	40849	40898	40947	40996	41045	41094	41133	41166	41199	41232	41265	41298	41331	41364	41397	41423	41446	41469	41492	41515	41538	41561	41584	41607	41630	41653	41676	41699	41749	41798	41847	41896	41945	41994	42099	42198	42297	42342	42384	42426	42468	42510	42552	42594	42699	42798	42897	42923	42946	42969	42992	43015	43038	43061	43084	43107	43130	43153	43176	43199	43237	43274	43311	43348	43385	43422	43459	43496	43549	43598	43647	43696	43745	43794	43899	43998	44097	44159	44218	44277	44336	44395	44459	44518	44577	44636	44695	44799	44898	44997	45033	45066	45099	45132	45165	45198	45231	45264	45297	45337	45374	45411	45448	45485	45522	45559	45596	45637	45674	45711	45748	45785	45822	45859	45896	45959	46018	46077	46136	46195	46249	46298	46347	46396	46445	46494	46537	46574	46611	46648	46685	46722	46759	46796	46821	46842	46863	46884	46905	46926	46947	46968	46989	47010	47031	47052	47073	47094	47199	47298	47397	47437	47474	47511	47548	47585	47622	47659	47696	47737	47774	47811	47848	47885	47922	47959	47996	48049	48098	48147	48196	48245	48294	48324	48348	48372	48396	48420	48444	48468	48492	48516	48540	48564	48588	48627	48654	48681	48708	48735	48762	48789	48816	48843	48870	48897	48937	48974	49011	49048	49085	49122	49159	49196	49233	49266	49299	49332	49365	49398	49431	49464	49497	49537	49574	49611	49648	49685	49722	49759	49796	49827	49854	49881	49908	49935	49962	49989	50016	50043	50070	50097	50149	50198	50247	50296	50345	50394	50424	50448	50472	50496	50520	50544	50568	50592	50616	50640	50664	50688	50737	50774	50811	50848	50885	50922	50959	50996	51027	51054	51081	51108	51135	51162	51189	51216	51243	51270	51297	51324	51348	51372	51396	51420	51444	51468	51492	51516	51540	51564	51588	51637	51674	51711	51748	51785	51822	51859	51896	51933	51966	51999	52032	52065	52098	52131	52164	52197	52259	52318	52377	52436	52495	52517	52534	52551	52568	52585	52602	52619	52636	52653	52670	52687	52704	52721	52738	52755	52772	52789	52859	52918	52977	53036	53095	53137	53174	53211	53248	53285	53322	53359	53396	53459	53518	53577	53636	53695	53733	53766	53799	53832	53865	53898	53931	53964	53997	54027	54054	54081	54108	54135	54162	54189	54216	54243	54270	54297	54374	54448	54522	54596	54627	54654	54681	54708	54735	54762	54789	54816	54843	54870	54897	55049	55198	55237	55274	55311	55348	55385	55422	55459	55496	55574	55648	55722	55796	55827	55854	55881	55908	55935	55962	55989	56016	56043	56070	56097	56399	56499	56598	56697	56733	56766	56799	56832	56865	56898	56931	56964	56997	57049	57098	57147	57196	57245	57294	57359	57418	57477	57536	57595
ORIGIN
26	16	6	27	19	7	11	25	25	14	23	10	2	23	14	14	14	14	3	23	26	14	26	14	14	14	16	7	27	20	20	9	14	9	1	23	11	14	14	2	2	2	2	3	24	14	14	14	2	6	27	18	7	27	20	8	14	14	17	2	23	12	2	14	5	14	23	14	4	24	25	25	25	25	23	27	19	8	14	14	9	14	23	11	2	14	14	14	14	4	10	24	14	4	1	14	27	14	18	7	27	20	8	8	14	27	17	17	12	2	14	14	14	14	14	4	24	15	4	2	16	2	3	3	3	27	23	12	14	2	10	2	23	14	2	14	14	2	27	27	27	26	20	20	20	2	2	27	20	14	3	14	7	4	27	20	27	23	14	14	8	8	8	24	15	4	8	16	8	26	26	26	2	2	8	27	14	14	3	23	12	2	23	11	14	14	14	14	14	27	14	9	9	14	14	20	8	27	3	14	25	14	14	2	14	13	26	5	13	2	16	14	4	26	7	8	27	14	14	14	14	14	14	14	14	14	14	25	2	23	14	3	23	16	14	11	27	11	14	23	16	2	10	8	27	23	2	12	16	16	14	16	14	14	2	26	14	7	2	7	26	16	2	13	16	14	14	14	14	14	3	2	2	8	23	4	23	13	3	23	14	16	16	14	14	1	14	27	27	8	2	2	23	8	1	14	14	27	14	14	2	2	27	11	14	14	14	14	16	5	26	3	25	3	14	14	3	14	14	7	14	14	2	14	13	2	23	8	3	14	27	14	1	7	14	3	26	14	23	2	8	1	23	10	27	14	14	14	26	14	14	14	10	14	14	8	5	26	2	16	12	2	2	16	14	14	3	26	14	1	1	4	2	23	16	23	20	2	16	14	7	14	1	14	14	16	26	11	1	23	10	1	14	27	27	27	14	14	27	14	2	27	26	27	14	1	26	7	14	3	3	14	14	3	14	11	3	27	1	4	23	14	3	26	23	23	23	14	14	9	27	7	7	2	23	23	23	10	1	2	2	14	14	3	14	27	14	14	14	14	14	20	16	6	27	19	7	23	23	14	14	23	14	2	20	27	14	14	14	3	23	14	14	23	23	14	25	25	14	14	14	1	2	2	9	2	20	11	2	27	27	1	14	14	14	14	14	2	2	8	5	27	18	7	2	16	16	14	14	17	22	22	22	27	27	27	3	23	14	4	2	1	1	1	4	14	26	26	3	23	27	2	1	23	11	2	27	23	27	1	14	14	15	15	27	27	3	2	26	17	7	27	27	14	27	14	2	27	20	20	14	23	3	26	23	14	4	4	15	23	23	23	3	26	26	14	27	2	2	1	23	10	2	14	27	27	2	14	27	15	14	14	2	14	27	26	16	7	27	27	2	2	14	27	20	20	2	2	2	8	16	23	14	3	24	14	4	27	14	3	3	14	14	14	14	23	14	14	10	2	23	12	14	14	14	14	14	14	2	2	23	1	23	2	7	26	19	2	27	2	2	16	20	11	2	2	27	14	2	14	3	24	14	4	14	14	1	1	26	7	27	14	2	14	13	10	1	23	12	2	23	3	14	25	14	14	24	11	27	8	16	6	27	19	7	27	2	14	27	27	20	2	23	14	2	27	14	3	23	14	26	27	26	3	14	26	7	27	20	14	4	23	9	1	23	4	2	23	14	26	7	14	27	24	15	14	1	14	6	27	18	7	27	14	14	14	14	10	2	23	2	2	14	14	3	23	14	4	23	23	25	23	25	7	27	20	14	2	14	9	1	23	11	2	1	1	14	1	14	3	24	14	1	1	4	5	27	18	7	27	20	8	14	17	2	1	23	12	2	16	8
DESTINATION
3	14	17	2	22	23	12	14	14	3	27	14	14	27	25	25	25	25	14	4	14	9	14	9	1	9	16	20	2	14	14	14	4	14	14	27	15	5	5	14	27	27	27	14	2	26	8	8	27	17	2	27	20	2	14	14	16	16	6	14	27	11	14	25	14	2	3	26	14	2	14	14	14	14	27	2	22	14	2	26	14	2	27	15	14	20	20	20	20	14	14	1	26	14	23	2	2	4	27	20	2	14	14	14	8	2	6	6	11	14	20	8	8	26	26	14	2	14	14	27	14	14	23	23	23	2	27	11	25	14	14	14	27	8	14	9	9	14	23	23	23	3	14	14	14	14	14	2	14	4	26	5	13	14	18	7	18	1	8	8	14	14	14	2	14	14	14	14	14	14	14	14	24	24	14	2	16	16	14	27	11	14	1	12	16	2	2	2	10	23	2	14	14	2	16	14	14	2	26	20	14	2	2	27	20	7	3	14	7	14	14	26	14	3	13	14	2	8	8	8	8	15	16	16	8	2	16	14	14	1	25	14	27	14	3	12	23	12	2	27	14	14	14	14	2	27	14	11	14	14	20	14	8	8	27	3	25	13	14	20	3	14	27	7	14	16	16	16	4	4	26	27	27	14	27	14	1	7	14	3	26	14	14	25	25	23	2	23	2	14	14	14	26	14	14	10	10	23	10	8	27	27	23	12	16	2	16	20	14	14	3	26	14	26	2	2	26	16	16	13	16	16	14	4	7	14	1	14	14	8	23	4	23	13	3	23	14	8	27	14	14	14	27	14	2	8	2	2	23	8	1	1	14	3	3	14	14	3	27	14	11	14	14	14	16	5	26	3	25	23	23	14	14	1	14	27	7	14	14	2	13	2	23	8	3	14	3	20	14	27	14	14	3	23	23	23	8	1	23	10	27	23	14	23	16	23	14	20	2	14	14	5	5	26	16	12	14	23	14	14	1	25	14	14	1	1	1	4	2	17	23	20	20	27	1	1	27	14	14	14	27	16	16	26	1	23	1	10	1	16	16	14	14	17	2	22	23	27	27	26	4	1	1	14	7	2	1	4	25	14	4	26	3	27	27	1	14	14	3	26	26	23	27	27	14	27	7	15	27	2	2	23	10	1	1	2	2	27	27	14	14	2	27	20	14	14	14	20	20	6	19	19	19	23	23	23	14	3	26	14	27	14	14	14	23	3	14	14	14	27	2	14	14	27	15	14	2	1	2	24	9	26	11	11	2	2	14	27	3	9	20	2	2	2	2	5	27	18	7	7	2	7	14	3	3	26	14	14	14	27	27	27	23	14	14	4	2	27	14	14	27	14	14	2	23	2	27	2	23	11	2	2	27	3	2	3	16	20	2	2	27	27	3	2	7	7	27	27	27	14	14	1	26	14	2	26	14	2	3	26	23	4	4	4	15	27	25	25	14	14	27	11	15	2	2	1	10	10	14	14	27	14	27	27	20	14	22	14	2	27	27	16	7	15	27	27	2	3	14	26	14	1	26	14	4	16	23	23	14	20	2	4	27	8	7	14	14	27	11	14	1	14	10	14	10	2	2	12	23	14	14	17	2	22	23	2	14	1	23	2	7	14	27	2	27	23	25	14	5	26	14	2	14	14	2	14	20	2	14	4	14	1	14	14	27	14	14	1	4	14	13	10	23	2	14	2	23	3	17	2	27	23	2	16	8	16	16	14	14	27	27	27	2	25	14	4	26	14	27	27	14	27	14	20	2	14	26	27	26	14	14	27	15	14	23	23	9	23	1	14	1	26	23	23	14	14	2	27	20	2	14	14	26	6	27	14	27	11	14	14	14
DUE_DATE
0	31147	30476	30045	30094	29603	29652	30247	31496	30825	30394	29903	29952	31727	31036	30045	31094	30643	30132	30161	31930	31239	30248	30300	30882	30924	30426	30468	31530	31572	31127	30616	30645	30674	32443	31752	31301	31330	30819	31388	30887	30916	30945	31994	32023	31572	31061	31630	31119	31148	32919	32220	31761	31782	31263	31284	31305	33066	31347	33108	32409	31950	31431	32472	32527	31556	33345	32674	32723	32292	31785	33552	31839	31866	32913	33660	32487	31974	32001	33768	33075	32082	33126	33150	32694	32178	32202	33966	32790	32274	34038	33342	32886	32935	32432	34209	33046	33563	33600	33157	32654	32717	32776	32835	33434	34693	34717	34016	33555	33574	33053	33072	34111	34850	34149	33688	33167	33186	34945	33224	33243	35057	35116	34455	34514	34093	33585	33612	34659	33666	35433	34740	34287	33774	33801	33828	33855	35631	35664	35697	35010	35043	34596	34089	35862	34155	34174	35930	35226	34762	34778	34794	34810	36026	34302	34858	35354	35370	34366	35402	36138	34414	34430	36186	35511	35064	35097	34590	34623	36396	34689	36462	35775	35340	34842	35904	35946	34968	35010	36792	36111	36144	35697	36930	35223	35256	35289	37062	36375	35925	35412	35979	37206	35493	37260	36567	36594	36141	35628	37395	35695	35732	35769	37546	36863	36420	36457	37694	37011	36024	36057	36090	37143	37176	36729	36222	36795	38021	36304	38067	37370	36913	36936	36419	37462	37485	36488	38251	37554	37097	36581	36604	37167	38390	38413	36696	38459	37762	37305	37328	38551	36834	36857	38625	37932	37479	38706	36993	37020	38787	37074	37101	38868	38175	38197	37736	37755	37234	37253	37272	39031	38330	37869	37348	37367	39126	37945	37424	38463	38527	38096	39345	38194	37703	37752	37817	39616	38955	38534	38593	38107	39896	38745	38254	38303	40092	39405	39432	39459	39006	38493	38520	40287	39594	39141	39168	38655	40421	38704	38727	38750	40513	39816	39839	40582	39405	38888	38911	40674	39977	39997	39536	39015	40774	39053	39072	39631	40850	40149	40168	40907	39186	39745	39224	40263	40320	39882	39384	39966	41208	39510	39552	39587	41356	40665	40694	40723	40272	40301	39790	39819	41588	40927	40496	40005	40594	41843	41892	40191	40224	41997	41310	42063	40896	40929	40422	40455	42235	41552	40569	40606	41183	42420	42457	40754	40800	40842	42624	41466	41988	42030	41592	41100	41142	42924	41226	41808	42330	43092	41947	41996	41505	41554	43343	42672	42711	42264	41757	41790	41823	42396	41889	42462	43695	43721	43024	42567	42590	42073	43116	43139	43162	42705	42188	42211	42234	43997	42307	43376	44145	42994	43043	42552	42657	44496	43875	44640	43962	43524	43026	43068	44850	44172	43257	45096	44475	44021	43504	43527	43550	45313	44136	45359	44662	44205	44228	43711	44754	44777	44335	45572	44409	45646	43943	43980	44017	45794	45127	45176	45225	44794	44843	44352	44457	45576	44655	45257	45796	45375	46634	44953	45017	46816	46155	46934	45793	45897	45456	45555	47331	46644	45657	45690	46263	47496	47529	45822	45855	47635	45932	47709	47026	47063	46620	46117	46154	47935	46232	46809	47326	48083	48120	46957	46994	46517	46576	47175	47714	47773	47347	46856	46905	48694	47543	47052	48115	48152	47709	48946	47783	47280	47317	49094	48399	48420	47961	47442	47463	49224	48525	47526	48087	49308	48129	47610	47631	49392	49497	48876	48975	48535	48032	48069	48106	49883	49200	48217	49274	50035	48872	48369	48406	50183	50220	49057	49574	49147	49196	48705	48754	49823	49872	49422	49446	50670	48954	48978	50742	50046	50790	50094	50838	49122	49686	49725	49212	50259	50286	49833	49860	49347	51114	49401	51168	50475	50035	50552	50109	49606	49643	49680	51457	50774	49791	49824	50397	51630	51663	49956	49989	51762	51075	51835	51152	50709	50206	50243	52020	51337	50354	50925	50952	52179	52206	51033	50520	50547	51594	51621	50628	51675	51247	50756	50805	50854	52643	51492	50982	52026	51570	52794	51618	51102	52146	52890	52194	52218	51762	51246	51295	53072	52389	51946	51983	53220	51517	51554	52605	53352	53379	51666	51693	52260	51747	51774	53541	52848	52875	51882	53646	52470	51954	51978	53742	53046	52590	53814	52638	52662	52146	52195	53252	53289	52846	52343	52380	54157	52454	54231	53544	53097	53610	54363	53676	53229	52722	52755	53837	53896	53475	53534	53053	54815	53092	54849	54146	53683	53700	54917	53194	53211	54968	54265	53802	53279	53296	53313	53330	55087	55157	53476	55275	54614	54673	55435	54272	53769	53806	55583	54900	54457	53954	54557	54616	55875	55934	54253	55311	55344	54357	54930	54963	54456	54489	56262	55575	55125	54612	54639	54666	55233	56460	54747	54774	55821	55848	56595	55472	55006	55080	56894	56205	55752	55779	55266	57033	55320	55347	57114	56421	55968	56475	57347	57496	57535	55832	55869	57646	56963	57000	57757	57794	56672	56206	56280	56354	58125	57432	57459	58206	58233	57540	57087	57114	56601	57648	58395	58697	58077	57696	57255	57291	57324	58377	58410	59163	59196	58509	58062	58095	57607	59396	58725	59494	57803	58872	58937	58516	58035	58094	59893
TRANSPORT_MODE
0	2	1	1	1	1	1	0	2	2	1	1	1	1	2	0	1	1	1	1	1	2	0	0	2	1	1	1	1	1	2	0	1	1	1	1	1	1	0	0	0	2	1	1	1	1	1	0	2	1	1	1	1	1	1	0	0	3	1	1	1	1	1	0	0	2	2	1	1	1	1	3	0	1	1	1	1	1	1	0	0	2	2	1	1	1	1	3	0	1	1	1	1	1	1	0	0	2	1	1	1	1	1	0	0	3	1	1	1	1	1	1	0	2	1	1	1	1	1	0	0	3	3	1	1	1	1	2	0	1	1	1	1	1	1	0	0	3	3	1	1	1	1	2	0	1	1	1	1	1	1	0	0	3	1	1	1	1	1	0	0	2	1	1	1	1	1	1	0	3	1	1	1	1	1	0	0	2	2	1	1	1	1	3	0	1	1	1	1	1	1	0	0	2	2	1	1	1	1	3	0	1	1	1	1	1	1	0	0	0	2	1	1	1	1	1	0	3	1	1	1	1	1	1	0	0	2	1	1	1	1	1	0	3	3	1	1	1	1	2	0	1	1	1	1	1	3	0	0	3	1	1	1	1	1	2	0	1	1	1	1	1	1	0	0	3	1	1	1	1	1	0	0	2	1	1	1	1	1	0	0	3	1	1	1	1	1	0	0	1	2	2	1	1	1	1	0	3	1	1	1	1	1	0	0	2	2	1	1	1	1	1	0	3	1	1	1	1	1	0	0	2	1	1	1	1	1	0	0	3	1	1	1	1	1	0	0	1	2	1	1	1	1	0	0	1	3	3	1	1	1	1	0	2	1	1	1	1	1	0	0	1	3	3	1	1	1	1	0	2	1	1	1	1	1	0	0	1	3	1	1	1	1	0	1	2	1	1	1	1	0	0	0	1	3	1	1	1	1	0	1	1	2	1	1	1	1	0	1	3	1	1	1	1	0	0	1	2	2	1	1	1	1	0	3	1	1	1	1	1	0	0	1	2	2	1	1	1	1	0	0	1	3	1	1	1	1	0	0	1	1	2	1	1	1	0	0	1	1	3	1	1	1	1	0	1	2	1	1	1	1	0	0	1	3	3	1	1	1	1	0	1	2	1	1	1	1	0	0	1	3	3	1	1	1	1	0	1	2	1	1	1	1	0	0	0	1	1	3	1	1	1	0	1	1	2	1	1	1	1	0	1	3	1	1	1	1	0	0	1	2	2	1	1	1	1	0	1	3	1	1	1	1	0	0	1	2	2	1	1	1	1	0	1	3	1	1	1	1	0	0	0	1	1	2	1	1	1	0	1	1	3	1	1	1	1	0	1	2	1	1	1	1	0	0	1	3	3	1	1	1	1	0	1	2	1	1	1	1	0	0	1	3	3	1	1	1	1	0	0	1	2	1	1	1	1	0	0	1	1	3	1	1	1	0	0	1	1	2	1	1	1	1	1	3	1	1	1	1	0	0	1	2	2	1	1	1	1	0	3	1	1	1	1	1	0	0	1	2	2	1	1	1	1	0	1	3	1	1	1	1	0	0	0	1	2	1	1	1	1	0	1	3	1	1	1	1	1	0	1	2	1	1	1	1	0	0	1	3	3	1	1	1	1	0	2	1	1	1	1	1	0	0	1	3	3	1	1	1	1	0	2	1	1	1	1	1	0	0	0	1	3	1	1	1	1	0	1	2	1	1	1	1	1	0	3	1	1	1	1	1	0	0	3	3	1	1	1	1	1	0	3	1	1	1	1	1	0	0	3	3	1	1	1	1	1	0	3	1	1	1	1	1	0	0	1	3	1	1	1	1	0	0	3	1	1	1	1	1	1	0
PATIENT_WEIGHT
50	136	118	48	148	71	111	49	93	30	40	65	126	113	53	143	110	101	33	31	97	140	93	39	129	121	75	48	40	84	111	119	42	144	61	70	129	101	132	70	87	79	139	140	69	72	56	43	138	113	145	114	46	55	97	102	32	42	33	149	146	96	79	77	76	148	82	95	64	117	126	116	31	108	90	130	90	140	42	118	62	149	142	93	81	83	35	82	121	78	56	40	108	86	116	64	101	78	90	109	67	78	82	91	80	134	61	91	113	72	43	130	98	79	125	97	96	69	82	82	40	98	112	31	36	118	65	133	66	32	77	32	150	136	49	80	34	39	63	69	109	52	111	146	137	74	143	53	107	125	80	115	107	74	115	109	101	135	55	46	124	106	87	145	121	89	95	71	127	49	71	117	120	96	126	83	119	72	119	124	133	115	110	61	94	139	75	77	125	106	90	142	128	130	81	75	110	127	62	43	33	96	67	60	92	70	46	112	34	62	147	55	147	93	39	38	40	146	70	130	114	42	110	143	70	57	100	32	135	118	139	31	92	149	127	147	106	99	97	60	41	61	84	84	106	130	113	63	136	92	38	40	42	99	111	30	32	123	49	119	149	109	105	56	103	93	54	88	53	99	103	93	52	131	129	53	146	98	32	103	136	83	57	44	69	85	110	96	51	40	41	126	90	32	110	104	84	128	130	121	120	146	101	118	50	46	94	64	87	137	93	61	124	44	119	144	82	141	150	110	51	37	80	84	90	103	143	116	32	104	80	141	34	102	135	125	75	111	56	144	90	72	149	108	116	59	68	62	147	44	110	80	68	77	84	109	150	72	119	72	65	37	113	126	137	99	103	37	78	45	40	82	36	128	54	34	149	48	128	56	80	109	102	110	74	43	122	72	131	34	135	59	126	136	48	117	128	111	78	91	46	131	110	121	106	78	136	112	150	98	115	86	108	127	107	150	30	51	32	113	99	124	149	93	118	90	118	45	38	88	104	49	37	96	145	56	87	45	54	67	78	122	123	144	140	36	84	83	118	93	91	134	117	82	107	144	61	138	44	131	147	36	103	62	61	66	38	94	109	83	112	100	55	41	102	117	97	110	75	72	144	92	84	54	91	98	74	99	138	75	122	121	93	85	98	133	146	119	44	78	135	60	56	58	136	55	145	137	51	30	77	67	34	118	71	34	135	49	108	86	104	126	107	125	92	37	131	43	70	97	83	89	66	36	66	35	128	114	32	134	110	49	51	95	132	126	74	48	136	116	85	130	99	124	109	62	96	69	68	91	35	121	69	42	69	102	88	110	41	73	108	69	99	107	115	40	109	143	70	81	88	92	32	130	103	121	81	102	116	53	82	119	89	105	81	71	92	38	52	65	66	55	78	32	42	33	86	148	92	144	101	56	47	94	125	101	47	102	123	44	39	137	128	120	112	104	114	63	133	113	83	130	72	53	127	70	31	79	69	88	94	121	118	54	91	101	82	133	98	129	64	80	143	57	130	117	66	37	94	40	104	129	31	136	51	73	96	40	123	129	109	72	145	121	79	74	119	69	48	67	84	106	147	50	146	138	89	105	140	118	76	101	106	146	83	90	57	96	35	73	88	61	117	33	69	49	44	86	57	54	62	90	146	47	86	121	99	46	109	110	70	114	65	128	141	75	48	61	59	59	90	46	103	90	79	143	74	32	45	89	58	31	65	140	111	147	134	30	100	94	145	73	33	115	147	106	51	137	99	103	88	82	67	79	115	88	97	36	117	133	69	95	43	30	117	36	119	69	92	44	113	107	83	49	31	136	39	88	76	99	49	108	75	137	115	132	142	63	104	61	48
DISTANCE_MATRIX
0	360	318	300	288	276	264	264	150	150	150	60	90	90	162	168	204	228	234	312	360	408	348	318	168	192	168	318
360	60	264	318	324	342	342	342	348	348	354	360	372	378	378	420	420	480	462	498	462	462	384	420	372	420	378	378
318	264	60	270	276	288	288	288	294	294	294	318	318	324	324	414	414	468	462	486	462	462	330	366	366	408	372	324
300	318	270	60	276	288	288	288	288	288	288	300	300	312	318	408	408	468	462	486	438	438	318	360	360	402	360	312
288	324	276	276	60	276	276	276	276	276	276	288	288	300	300	402	396	462	456	480	432	432	300	360	360	402	348	300
276	342	288	288	276	60	180	180	252	258	264	264	264	288	288	390	390	456	450	480	432	432	288	348	348	348	288	288
264	342	288	288	276	180	60	180	246	258	264	264	264	288	288	390	390	456	450	480	432	432	288	348	348	348	288	288
264	342	288	288	276	180	180	60	240	258	264	264	264	288	288	390	390	456	450	480	432	432	288	348	348	348	288	288
150	348	294	288	276	252	246	240	60	120	120	150	126	270	270	378	384	420	438	480	420	408	276	300	300	300	276	270
150	348	294	288	276	258	258	258	120	60	120	150	150	270	270	378	384	420	438	480	420	408	276	300	300	300	276	270
150	354	294	288	276	264	264	264	120	120	60	150	150	270	270	378	384	420	438	480	420	408	276	300	300	300	276	270
60	360	318	300	288	264	264	264	150	150	150	60	90	162	168	228	234	312	360	408	348	318	168	192	192	198	168	162
90	372	318	300	288	264	264	264	150	150	150	90	60	162	168	228	234	312	360	408	348	318	168	192	192	198	168	162
90	378	324	312	300	288	288	288	270	270	270	162	162	60	120	180	180	306	210	360	300	300	120	180	120	180	120	234
162	378	324	318	300	288	288	288	270	270	270	168	168	120	60	180	180	306	210	360	300	300	120	180	120	180	120	120
168	420	414	408	402	348	348	348	300	300	300	228	228	180	180	60	132	204	132	348	258	258	186	60	180	132	222	180
204	420	414	408	396	390	390	390	384	384	384	234	234	180	180	132	60	204	132	348	258	258	186	60	180	132	222	180
228	480	468	468	462	456	456	456	420	420	420	312	312	306	306	204	204	60	198	120	240	240	306	204	306	138	306	306
234	462	462	462	456	450	450	450	438	438	438	360	360	210	210	132	132	198	60	138	132	132	210	132	210	132	210	210
312	498	486	486	480	480	480	480	480	480	480	408	408	360	360	348	348	120	138	60	348	348	360	348	360	348	360	360
360	462	462	438	432	432	432	432	420	420	420	348	348	300	300	258	258	240	132	348	60	60	300	258	300	258	300	300
408	462	462	438	432	432	432	432	408	408	408	318	318	300	300	258	258	240	132	348	60	60	300	258	300	258	300	300
348	384	330	318	300	288	288	288	276	276	276	168	168	120	120	186	186	306	210	360	300	300	60	186	120	186	120	120
318	420	366	360	360	348	348	348	300	300	300	192	192	180	180	60	60	204	132	348	258	258	186	60	180	60	180	180
168	372	300	306	300	288	288	288	270	270	270	168	168	120	120	180	180	306	210	360	300	300	120	180	60	180	120	120
192	420	408	402	402	348	348	348	300	300	300	198	198	180	180	132	132	138	132	348	258	258	186	60	180	60	180	180
168	378	372	360	348	288	288	288	276	276	276	168	168	120	120	222	222	306	210	360	300	300	120	180	120	180	60	120
318	378	324	312	300	288	288	288	270	270	270	162	162	234	120	180	180	306	210	360	300	300	120	180	120	180	120	60
DEPOTS_DISTANCE
234	462	462	462	456	450	450	450	438	438	438	360	360	210	210	132	132	198	60	138	132	132	210	132	210	132	210	210	
348	384	330	318	300	288	288	288	276	276	276	168	168	120	120	186	186	306	210	360	300	300	60	186	120	186	120	120	
318	420	366	360	360	348	348	348	300	300	300	192	192	180	180	60	60	204	132	348	258	258	186	60	180	60	180	180	
LOCATION_TURN_MATRIX
100	130	122	113	112	199	136	122	129	152	173	146	151	136	158	140	176	113	122	167	194	134	110	172	114	184	100	147	
170	100	154	188	164	169	136	136	152	170	104	183	155	115	101	104	155	187	174	115	149	134	178	168	114	135	168	102	
178	146	100	161	178	114	104	165	117	139	126	169	192	109	120	179	160	152	154	134	113	140	154	179	196	196	192	181	
187	112	139	100	158	114	195	181	104	132	195	106	183	169	132	170	140	136	172	148	116	110	123	136	151	120	176	169	
188	136	122	142	100	175	164	159	112	100	167	164	135	191	132	181	104	123	142	156	108	117	193	182	116	147	156	185	
101	131	186	186	125	100	190	147	164	150	137	102	145	176	185	131	113	108	117	186	118	151	140	178	154	189	172	110	
164	164	196	105	136	110	100	186	153	151	183	193	111	157	144	123	188	142	110	163	105	190	166	187	170	171	186	126	
178	164	135	119	141	153	114	100	106	130	108	103	151	178	122	151	130	133	184	177	110	141	166	110	122	174	191	197	
171	148	183	196	188	136	147	194	100	167	100	146	168	129	128	142	172	118	174	147	105	158	156	160	120	106	119	136	
148	130	161	168	200	150	149	170	133	100	177	106	175	116	188	180	176	194	108	146	130	187	183	173	128	141	169	176	
127	196	174	105	133	163	117	192	200	123	100	171	175	140	183	115	104	186	128	153	151	175	100	146	191	117	132	197	
154	117	131	194	136	198	107	197	154	194	129	100	136	184	140	147	172	184	148	131	103	156	185	200	152	158	154	143	
149	145	108	117	165	155	189	149	132	125	125	164	100	140	199	142	101	144	163	185	117	191	200	143	113	165	102	154	
164	185	191	131	109	124	143	122	171	184	160	116	160	100	109	116	196	113	131	186	166	139	183	175	144	161	105	170	
142	199	180	168	168	115	156	178	172	112	117	160	101	191	100	147	177	177	199	158	172	188	164	175	180	168	154	195	
160	196	121	130	119	169	177	149	158	120	185	153	158	184	153	100	152	159	197	157	181	159	102	123	168	200	124	186	
124	145	140	160	196	187	112	170	128	124	196	128	199	104	123	148	100	149	114	112	117	135	105	132	138	180	198	156	
187	113	148	164	177	192	158	167	182	106	114	116	156	187	123	141	151	100	166	132	168	163	159	123	129	173	161	116	
178	126	146	128	158	183	190	116	126	192	172	152	137	169	101	103	186	134	100	184	199	137	130	160	148	113	140	150	
133	185	166	152	144	114	137	123	153	154	147	169	115	114	142	143	188	168	116	100	111	195	128	157	191	164	141	171	
106	151	187	184	192	182	195	190	195	170	149	197	183	134	128	119	183	132	101	189	100	129	151	163	147	166	104	177	
166	166	160	190	183	149	110	159	142	113	125	144	109	161	112	141	165	137	163	105	171	100	101	185	169	129	103	197	
190	122	146	177	107	160	134	134	144	117	200	115	100	117	136	198	195	141	170	172	149	199	100	106	150	116	118	145	
128	132	121	164	118	122	113	190	140	127	154	100	157	125	125	177	168	177	140	143	137	115	194	100	128	167	115	155	
186	186	104	149	184	146	130	178	180	172	109	148	187	156	120	132	162	171	152	109	153	131	150	172	100	155	124	184	
116	165	104	180	153	111	129	126	194	159	183	142	135	139	132	100	120	127	187	136	134	171	184	133	145	100	129	192	
200	132	108	124	144	128	114	109	181	131	168	146	198	195	146	176	102	139	160	159	196	197	182	185	176	171	100	146	
153	198	119	131	115	190	174	103	164	124	103	157	146	130	105	114	144	184	150	129	123	103	155	145	116	108	154	100	
DEPOTS_TO_LOCAL_TURN_MATRIX
178	126	146	128	158	183	190	116	126	192	172	152	137	169	101	103	186	134	100	184	199	137	130	160	148	113	140	150	
190	122	146	177	107	160	134	134	144	117	200	115	100	117	136	198	195	141	170	172	149	199	100	106	150	116	118	145	
128	132	121	164	118	122	113	190	140	127	154	100	157	125	125	177	168	177	140	143	137	115	194	100	128	167	115	155	
LOCAL_TO_DEPOT_TURN_MATRIX
122	174	154	172	142	117	110	184	174	108	128	148	163	131	199	197	114	166	100	116	101	163	170	140	152	187	160	150	
110	178	154	123	193	140	166	166	156	183	100	185	200	183	164	102	105	159	130	128	151	101	100	194	150	184	182	155	
172	168	179	136	182	178	187	110	160	173	146	200	143	175	175	123	132	123	160	157	163	185	106	100	172	133	185	145	

