INDEX_PROBLEM
1
PATIENTS
800
STRETCHERS
16
NUM_ROOM
28
NUM_DEPOT
3
NUM_PRIORITY
4
PRIORITY_LIST
0	1	2	3	4
PRIORITY_WEIGHT
0	1	10	18	30
PRIORITY_JOB
0	1	2	2	3	4	4	3	1	2	3	3	4	1	2	4	2	3	3	4	1	2	3	4	3	2	3	4	4	1	2	4	3	3	4	4	1	2	3	4	2	3	4	1	2	3	3	4	4	3	4	1	2	2	3	3	4	1	4	4	4	1	2	2	3	3	4	1	2	2	3	3	1	3	4	1	2	2	1	1	3	4	4	1	2	3	3	2	4	1	4	4	1	2	2	1	2	3	4	1	2	3	3	3	4	4	1	4	1	2	2	3	2	4	4	1	2	3	3	3	4	4	1	1	4	1	2	2	1	3	3	4	1	2	2	3	4	3	1	1	4	4	1	2	2	1	3	3	4	1	2	2	3	4	3	4	1	4	1	2	2	3	3	4	4	1	2	2	3	1	3	4	1	4	1	2	2	2	3	3	4	1	2	2	3	4	3	1	4	4	1	2	1	1	2	3	4	1	2	3	3	3	4	1	4	1	2	2	2	1	4	3	4	4	1	2	3	3	3	4	1	4	1	2	2	2	4	3	4	4	1	2	3	3	4	3	4	1	1	1	2	2	3	3	4	1	2	2	2	3	3	3	4	1	1	4	1	2	1	3	3	4	1	2	2	4	3	3	4	1	4	1	2	1	2	3	3	4	4	1	2	2	4	3	4	1	4	1	2	1	2	3	3	4	1	2	2	3	3	3	4	1	4	1	2	2	1	2	3	4	1	2	3	3	4	4	4	1	1	2	2	1	2	3	4	1	2	3	4	3	3	4	4	1	1	2	2	3	1	4	4	4	1	2	3	3	4	4	4	1	1	1	2	2	2	3	3	4	1	2	2	3	4	3	4	1	1	2	2	3	2	3	4	4	1	2	2	4	3	4	3	4	4	1	1	2	1	3	3	4	1	2	2	3	3	1	4	4	1	4	1	2	2	3	3	4	1	2	4	2	3	3	4	1	1	2	2	1	2	3	4	2	2	3	3	4	4	2	4	1	1	2	2	3	1	1	4	4	1	2	3	3	3	4	1	1	2	3	2	4	2	4	4	1	2	3	3	4	3	3	4	1	1	1	2	2	3	3	4	1	2	2	3	4	1	4	2	1	1	2	3	3	2	4	4	1	2	2	3	4	3	4	4	4	1	1	2	3	1	3	4	1	2	2	3	4	3	2	4	1	1	2	3	3	1	4	1	2	2	3	3	4	3	4	1	1	2	3	3	2	1	4	2	2	3	3	4	4	4	1	1	2	2	3	4	2	1	1	1	2	3	3	4	4	3	1	2	1	2	3	4	4	2	1	2	3	3	4	4	1	3	2	2	1	1	3	3	4	1	1	2	3	3	4	4	4	3	1	1	1	2	2	3	3	2	4	1	2	2	3	4	4	3	4	1	1	2	3	3	1	2	4	4	1	2	2	3	4	4	4	1	1	2	3	3	1	1	4	1	2	2	3	3	4	3	1	1	2	3	3	4	2	1	2	2	3	3	4	4	2	3	1	1	2	2	3	4	1	1	1	2	3	3	4	4	4	1	1	2	2	3	4	4	2	1	1	2	3	3	4	1	4	1	1	2	2	3	4	4	2	1	2	3	3	4	4	3	4	1	1	1	2	2	3	3	1	4	1	2	2	3	4	3	3	1	4	1	2	3	3	1	4	4	1	2	2	3	4	3	4	1	4	1	2	3	3	2	1	4	1	2	2	3	4	4	1	4	1	2	3	3	2	3	1	1	4	1	2	2	1	2	3	3	4	1	2	2	1	2	1	3	4	4	1	2	1	2	1	3	3	4	4	1	2	1	1	2	2	3	4	1	1	2	1	1	2	3	3	4	4	2
TIME_ASKED
0	28849	28898	28947	28996	29045	29094	29149	29198	29247	29296	29345	29394	29429	29458	29487	29516	29545	29574	29603	29632	29661	29690	29742	29784	29826	29868	29910	29952	29994	30029	30058	30087	30116	30145	30174	30203	30232	30261	30290	30329	30358	30387	30416	30445	30474	30503	30532	30561	30590	30621	30642	30663	30684	30705	30726	30747	30768	30789	30810	30831	30852	30873	30894	30949	30998	31047	31096	31145	31194	31227	31254	31281	31308	31335	31362	31389	31416	31443	31470	31497	31524	31548	31572	31596	31620	31644	31668	31692	31716	31740	31764	31788	31837	31874	31911	31948	31985	32022	32059	32096	32159	32218	32277	32336	32395	32419	32438	32457	32476	32495	32514	32533	32552	32571	32590	32609	32628	32647	32666	32685	32759	32818	32877	32936	32995	33027	33054	33081	33108	33135	33162	33189	33216	33243	33270	33297	33333	33366	33399	33432	33465	33498	33531	33564	33597	33616	33632	33648	33664	33680	33696	33712	33728	33744	33760	33776	33792	33808	33824	33840	33856	33872	33888	33933	33966	33999	34032	34065	34098	34131	34164	34197	34242	34284	34326	34368	34410	34452	34494	34533	34566	34599	34632	34665	34698	34731	34764	34797	34827	34854	34881	34908	34935	34962	34989	35016	35043	35070	35097	35137	35174	35211	35248	35285	35322	35359	35396	35433	35466	35499	35532	35565	35598	35631	35664	35697	35723	35746	35769	35792	35815	35838	35861	35884	35907	35930	35953	35976	35999	36023	36046	36069	36092	36115	36138	36161	36184	36207	36230	36253	36276	36299	36327	36354	36381	36408	36435	36462	36489	36516	36543	36570	36597	36619	36638	36657	36676	36695	36714	36733	36752	36771	36790	36809	36828	36847	36866	36885	36949	36998	37047	37096	37145	37194	37259	37318	37377	37436	37495	37549	37598	37647	37696	37745	37794	37827	37854	37881	37908	37935	37962	37989	38016	38043	38070	38097	38123	38146	38169	38192	38215	38238	38261	38284	38307	38330	38353	38376	38399	38419	38438	38457	38476	38495	38514	38533	38552	38571	38590	38609	38628	38647	38666	38685	38742	38784	38826	38868	38910	38952	38994	39029	39058	39087	39116	39145	39174	39203	39232	39261	39290	39349	39398	39447	39496	39545	39594	39633	39666	39699	39732	39765	39798	39831	39864	39897	39937	39974	40011	40048	40085	40122	40159	40196	40242	40284	40326	40368	40410	40452	40494	40542	40584	40626	40668	40710	40752	40794	40849	40898	40947	40996	41045	41094	41133	41166	41199	41232	41265	41298	41331	41364	41397	41423	41446	41469	41492	41515	41538	41561	41584	41607	41630	41653	41676	41699	41749	41798	41847	41896	41945	41994	42099	42198	42297	42342	42384	42426	42468	42510	42552	42594	42699	42798	42897	42923	42946	42969	42992	43015	43038	43061	43084	43107	43130	43153	43176	43199	43237	43274	43311	43348	43385	43422	43459	43496	43549	43598	43647	43696	43745	43794	43899	43998	44097	44159	44218	44277	44336	44395	44459	44518	44577	44636	44695	44799	44898	44997	45033	45066	45099	45132	45165	45198	45231	45264	45297	45337	45374	45411	45448	45485	45522	45559	45596	45637	45674	45711	45748	45785	45822	45859	45896	45959	46018	46077	46136	46195	46249	46298	46347	46396	46445	46494	46537	46574	46611	46648	46685	46722	46759	46796	46821	46842	46863	46884	46905	46926	46947	46968	46989	47010	47031	47052	47073	47094	47199	47298	47397	47437	47474	47511	47548	47585	47622	47659	47696	47737	47774	47811	47848	47885	47922	47959	47996	48049	48098	48147	48196	48245	48294	48324	48348	48372	48396	48420	48444	48468	48492	48516	48540	48564	48588	48627	48654	48681	48708	48735	48762	48789	48816	48843	48870	48897	48937	48974	49011	49048	49085	49122	49159	49196	49233	49266	49299	49332	49365	49398	49431	49464	49497	49537	49574	49611	49648	49685	49722	49759	49796	49827	49854	49881	49908	49935	49962	49989	50016	50043	50070	50097	50149	50198	50247	50296	50345	50394	50424	50448	50472	50496	50520	50544	50568	50592	50616	50640	50664	50688	50737	50774	50811	50848	50885	50922	50959	50996	51027	51054	51081	51108	51135	51162	51189	51216	51243	51270	51297	51324	51348	51372	51396	51420	51444	51468	51492	51516	51540	51564	51588	51637	51674	51711	51748	51785	51822	51859	51896	51933	51966	51999	52032	52065	52098	52131	52164	52197	52259	52318	52377	52436	52495	52517	52534	52551	52568	52585	52602	52619	52636	52653	52670	52687	52704	52721	52738	52755	52772	52789	52859	52918	52977	53036	53095	53137	53174	53211	53248	53285	53322	53359	53396	53459	53518	53577	53636	53695	53733	53766	53799	53832	53865	53898	53931	53964	53997	54027	54054	54081	54108	54135	54162	54189	54216	54243	54270	54297	54374	54448	54522	54596	54627	54654	54681	54708	54735	54762	54789	54816	54843	54870	54897	55049	55198	55237	55274	55311	55348	55385	55422	55459	55496	55574	55648	55722	55796	55827	55854	55881	55908	55935	55962	55989	56016	56043	56070	56097	56399	56499	56598	56697	56733	56766	56799	56832	56865	56898	56931	56964	56997	57049	57098	57147	57196	57245	57294	57359	57418	57477	57536	57595
ORIGIN
26	16	6	27	19	7	11	8	25	14	23	10	2	23	14	14	2	14	3	23	14	14	2	16	14	14	16	7	27	20	7	4	2	9	1	23	11	14	23	2	14	2	14	3	24	14	14	14	8	6	27	18	7	27	20	8	14	14	17	2	23	12	2	14	3	14	23	14	4	24	11	11	25	14	1	27	19	8	14	14	14	1	23	11	2	14	14	9	13	13	27	24	14	4	1	1	14	1	18	7	27	20	8	1	14	14	14	23	12	2	14	14	14	14	14	4	24	15	4	2	16	2	2	3	3	27	23	12	12	14	10	2	23	14	2	12	16	16	14	16	4	26	20	13	7	2	7	27	20	14	3	13	7	2	23	27	27	23	14	14	14	27	4	24	15	4	8	16	8	8	2	2	26	22	8	14	27	14	2	23	12	2	23	27	14	1	1	14	25	16	14	11	11	14	27	20	8	27	3	14	4	14	20	2	23	13	26	7	13	27	7	14	4	26	7	8	27	27	14	14	14	8	14	14	14	14	23	12	2	23	14	3	14	14	14	14	11	11	14	23	16	12	14	8	27	23	2	16	14	2	2	2	14	14	2	26	14	14	2	4	26	16	1	23	16	14	14	4	26	3	14	14	16	23	27	2	23	13	3	23	14	10	27	11	14	1	14	14	14	8	2	27	23	8	1	22	3	3	3	14	2	14	14	14	14	27	27	26	16	5	26	26	25	23	23	14	3	14	14	27	14	2	2	23	13	2	23	14	3	14	3	20	1	7	7	3	26	14	23	20	8	1	23	10	27	23	14	4	26	14	14	14	26	14	14	15	5	26	11	14	26	27	14	14	14	14	3	14	14	1	1	13	2	23	17	26	20	14	27	27	27	7	14	14	14	16	14	8	1	23	10	1	14	14	2	14	14	14	27	14	2	2	26	27	4	16	3	1	27	3	1	14	14	3	15	3	3	23	1	2	23	14	3	27	27	2	27	2	14	1	1	9	7	25	25	2	23	10	1	27	14	24	27	14	14	27	14	14	25	3	27	26	16	6	27	19	7	23	23	23	14	14	14	14	2	26	2	23	14	3	23	14	14	27	2	14	1	25	14	23	2	27	2	24	9	26	20	11	26	2	14	14	27	14	14	18	2	2	2	16	5	27	18	7	20	14	14	3	14	2	2	2	23	27	27	27	3	23	14	4	14	14	14	1	14	14	4	26	3	23	27	9	1	23	11	2	14	27	2	1	14	14	7	15	14	3	27	1	26	17	7	27	14	11	3	14	2	2	27	20	11	4	3	3	23	14	4	4	15	27	1	25	3	3	26	14	4	2	2	1	23	10	2	23	25	2	27	14	27	15	15	14	26	27	27	26	16	7	27	20	26	27	14	9	20	20	2	2	4	26	26	23	14	3	24	14	4	26	7	3	26	14	14	2	2	23	14	23	10	2	23	12	14	14	14	27	14	14	27	27	14	14	26	14	7	26	19	8	12	23	3	16	20	11	2	14	14	2	16	14	3	24	14	4	14	14	26	26	26	7	27	26	14	13	13	10	1	23	12	2	23	14	14	14	14	14	24	11	8	1	16	6	27	19	7	27	8	14	20	20	20	2	23	11	4	26	14	3	23	14	4	20	4	26	14	1	7	27	20	4	2	2	9	1	23	4	2	23	14	14	14	14	27	24	15	14	26	5	6	27	18	7	27	14	8	14	2	10	2	23	12	14	5	14	3	23	14	4	1	14	25	23	25	7	27	20	14	14	14	9	1	23	11	2	14	14	10	14	14	3	24	14	1	4	14	5	27	18	7	27	20	8	1	17	2	1	23	12	2	14	14
DESTINATION
3	14	17	2	22	23	12	14	14	3	27	14	14	27	25	25	14	25	14	4	26	9	14	14	9	9	16	20	2	14	13	14	14	14	14	27	15	5	1	14	5	27	26	14	2	26	8	1	14	17	2	27	20	2	14	14	2	16	6	14	27	11	14	8	14	2	3	26	14	2	12	12	14	2	23	2	22	14	2	16	16	14	27	15	14	20	20	14	7	7	23	1	26	14	23	23	2	23	27	20	2	14	14	14	8	8	8	27	11	14	20	8	8	2	26	14	2	14	14	27	14	14	14	23	23	2	27	11	11	1	14	14	27	8	14	11	14	14	1	14	14	3	14	7	13	14	20	2	14	4	26	7	13	27	1	18	18	1	8	8	1	23	14	2	14	14	14	14	14	14	14	14	14	2	14	25	2	16	14	27	11	14	1	23	16	14	14	10	14	14	2	12	12	16	2	14	14	2	26	16	14	2	7	27	1	7	3	13	7	2	13	26	14	3	13	14	2	23	4	4	4	14	16	16	16	8	27	11	14	1	25	14	25	8	2	2	12	12	2	27	14	11	3	14	2	27	27	14	1	27	27	27	20	8	27	3	4	4	14	14	3	14	14	27	14	2	2	14	14	26	8	8	14	27	23	14	1	7	14	3	26	14	23	12	2	23	2	3	3	14	14	2	26	14	14	19	26	14	14	8	27	8	16	16	16	2	2	3	14	14	3	14	14	1	1	4	26	16	1	23	16	14	14	1	7	14	1	10	14	16	26	11	23	13	13	23	14	10	27	14	14	14	27	14	2	27	26	14	23	8	8	1	3	3	3	14	14	3	15	3	3	23	1	4	16	5	26	26	25	23	23	7	14	1	9	3	7	25	2	2	2	13	2	2	3	14	3	14	14	27	14	14	25	3	27	20	8	1	23	10	27	27	14	23	14	14	14	14	2	26	14	15	5	26	11	14	26	27	14	14	1	25	14	23	2	27	2	27	2	23	23	17	20	14	14	27	27	14	14	18	2	2	2	8	1	23	10	1	14	14	2	3	14	17	2	22	23	27	27	27	15	4	3	1	14	3	27	1	25	14	4	26	3	23	27	2	23	14	3	27	27	2	27	1	14	14	7	15	14	27	3	1	23	10	1	27	14	14	27	14	14	2	27	20	11	4	3	26	16	27	27	27	7	23	23	23	14	3	26	14	4	2	2	23	3	3	23	14	14	27	23	14	14	27	15	14	26	23	27	24	26	26	20	11	26	14	2	14	3	9	20	2	4	20	26	16	27	27	18	7	20	14	14	14	3	26	14	14	14	2	23	14	23	23	14	4	14	14	14	14	27	14	14	27	14	14	23	1	23	11	11	2	14	2	2	3	16	20	2	14	14	2	16	17	7	7	27	27	14	3	3	1	26	14	2	26	14	14	13	23	14	4	4	24	27	1	15	27	14	14	27	11	15	8	1	23	10	10	23	23	2	2	3	20	20	14	22	14	11	27	26	16	7	15	27	20	26	27	14	26	14	1	26	14	4	2	14	14	14	20	2	14	4	7	7	14	14	27	11	14	1	26	10	2	10	2	2	12	14	14	14	17	2	22	23	2	14	5	14	7	7	14	27	12	14	3	25	14	5	26	14	14	14	14	3	24	20	2	14	14	14	14	14	14	27	14	14	1	4	10	10	1	23	2	14	2	14	14	17	2	27	23	2	16	14	8	27	14	14	27	11	8	14	25	14	4	26	14	23	4	14	1	14	20	2	14	20	4	26	14	14	27	15	14	2	4	14	4	9	14	1	26	23	14	2	14	2	27	20	2	14	14	14	6	27	14	27	11	14	8	5
DUE_DATE
0	31147	30476	30525	30094	29603	29652	30247	31496	30825	30394	30443	29952	31727	31036	30045	31094	30643	30672	30161	31930	31239	30788	30300	30882	31404	30966	30468	30510	32292	31607	30616	31185	31214	30703	30732	32501	31810	31359	30848	31907	31456	30945	32714	32023	31572	31601	31090	31119	31688	31179	32940	32241	32262	31803	31824	31305	33066	31347	31368	31389	33150	32451	32472	32047	32096	31605	33394	32723	32772	32325	32352	33579	32406	31893	33660	32967	32994	33741	33768	32595	32082	32106	33870	33174	32718	32742	33246	32250	34014	32298	32322	34086	33415	33452	34209	33526	33083	32580	34357	33674	33257	33316	33375	32894	32953	34717	32996	34755	34054	34073	33612	34111	33110	33129	34888	34187	33726	33745	33764	33243	33317	35116	35175	33494	35293	34605	34632	35379	34206	34233	33720	35487	34794	34821	34368	33855	34431	35664	35697	33990	34023	35796	35109	35142	35895	34714	34730	34206	35962	35258	35274	34810	34286	34842	34318	36074	34350	36106	35402	35418	34954	34970	34446	34491	36264	35577	35610	35163	36396	35229	34722	36495	34800	36582	35904	35946	35988	35550	35592	35091	36864	36177	36210	35763	35256	35829	37062	35355	35385	37152	36459	37206	37233	36540	36087	35574	37341	36648	36195	36235	36272	35769	37546	35843	37620	36937	36974	37011	37764	36057	36630	36123	36156	37929	37242	36795	36821	36844	36327	38090	36373	38136	37439	37462	37485	36488	37051	36534	36557	38321	37624	37167	37190	36673	37236	36719	38482	38505	38528	37831	37854	37397	37425	36912	38679	37986	38013	38040	37587	37614	37641	37128	38895	38917	37196	38955	38254	38993	37812	37831	37310	39069	38368	38387	37386	37945	37964	37443	39247	37556	39345	38674	39443	38772	38357	38416	37935	37994	39793	39127	39176	38205	38794	38303	40092	38385	40152	39459	40206	39513	39060	39087	38574	40341	39648	39675	39221	39244	39267	38750	40513	38796	40559	39862	39885	40628	39931	39474	38957	40717	40016	39555	39574	39053	39072	39091	40850	40869	40168	40187	40926	40225	39764	39243	41040	40362	39924	39426	40008	40050	39552	39587	41356	41385	40694	40723	40272	41501	39790	39819	39848	41647	40976	40545	40594	40103	40152	40191	41964	41997	42030	41343	41376	41409	40962	40995	40495	42272	41589	41626	41183	40680	41257	40754	42540	42582	41904	41946	41508	42030	41592	41100	41142	42924	42246	42288	41310	41892	41407	41996	41505	41554	43343	43392	42711	43464	42297	42330	41823	43596	42909	42942	42495	42521	43744	42027	42050	43813	42096	43859	43162	43185	42728	42751	42234	43997	43327	42356	43425	42994	43043	42552	44397	44496	43875	43920	44682	44004	43566	43068	44130	44172	43797	43896	43455	43481	44524	43527	45290	45313	44616	44639	44182	45405	45428	43711	43734	45497	44815	44372	44409	44446	43943	45720	45757	45074	44647	45176	44205	45274	44303	44352	46197	45576	45195	45257	44776	45375	45434	44953	46757	46816	46875	46214	46273	45897	45996	45555	47331	46644	46677	46230	45723	47496	45789	46842	47595	47635	46952	46509	46546	47063	46080	46117	47894	47215	47252	46809	46306	46883	46380	46417	46454	48257	48316	47655	47234	48493	47347	46856	48645	47974	48023	47592	47095	47672	48189	47206	48983	49020	48337	47894	47919	49140	47421	49182	48483	48504	48045	48066	47547	48108	47589	49350	49371	48672	48297	48396	48975	49735	48032	49089	49126	48683	48720	48217	48254	48295	50072	50109	49426	49463	49020	48517	49574	50347	50396	50445	49774	49343	49392	48882	48906	49470	50694	49998	50742	50046	49590	49074	49098	50142	50886	50205	49752	49779	49266	49293	51060	49887	50394	50421	51168	51195	50035	50072	49569	51346	51383	50700	50257	50294	49791	49824	49857	50430	51663	51696	51729	51042	51075	50635	50672	51189	50206	51983	51300	51337	50894	50385	50412	50979	50466	52233	52260	51567	51114	51141	52368	51675	50707	50756	52545	51874	51923	51492	50982	51006	51030	52794	52818	52122	51666	51690	52914	52938	51222	52986	52315	52352	51909	51946	51443	52020	53257	53294	52605	52152	52179	51666	52713	53460	52767	52794	52341	52368	51855	51882	52926	52470	53694	53718	53022	53046	52590	52074	53838	53862	53886	53215	52772	52809	52306	52343	52380	54157	54194	53511	53544	53097	52590	52623	53676	54429	54462	53775	53357	53416	52935	54734	53053	54815	54832	54129	54146	53683	53160	53177	54214	54951	54248	53785	53802	53279	53296	53853	53330	55087	55157	55216	54555	54614	54193	54235	55472	53769	55546	54863	54900	54457	53954	54557	54616	55875	54194	55993	55311	54864	54897	56130	54423	54456	56229	55542	55575	55125	54612	55179	54666	56433	54720	56487	55794	55341	55368	55875	56672	55006	56820	56174	56205	55752	55239	55266	57033	55320	57087	56394	55941	55968	56475	56147	57496	57535	55832	57609	56926	56963	57720	57037	56594	56672	56206	58020	57374	57405	58152	57459	58206	57033	56520	56547	58314	57621	58368	57675	58697	57597	57696	57255	57291	59064	58377	59130	59163	58476	58509	58062	57555	59347	59396	58725	59494	59543	58872	58457	58516	58035	58094	59173
TRANSPORT_MODE
0	2	1	1	1	1	1	0	2	2	1	1	1	1	2	0	1	1	1	1	1	1	0	0	0	2	1	1	1	1	2	0	1	1	1	1	1	1	0	0	2	1	1	1	1	1	0	0	2	1	1	1	1	1	1	0	0	3	1	1	1	1	1	0	1	2	2	1	1	1	1	0	3	1	1	1	1	1	0	0	2	2	1	1	1	1	1	0	0	3	1	1	1	1	1	0	0	1	2	1	1	1	1	0	0	1	3	1	1	1	1	1	0	1	2	1	1	1	1	0	0	1	3	3	1	1	1	1	0	1	2	1	1	1	1	0	0	1	3	3	1	1	1	1	0	0	1	2	1	1	1	1	0	0	1	1	3	1	1	1	0	1	2	1	1	1	1	1	0	0	1	1	3	1	1	1	0	0	1	1	2	2	1	1	1	0	1	3	1	1	1	1	0	0	1	1	2	2	1	1	1	0	1	3	1	1	1	1	0	0	0	1	1	2	1	1	1	0	1	1	3	1	1	1	1	0	0	1	1	2	1	1	1	0	0	1	1	3	3	1	1	1	1	2	1	1	1	1	0	0	0	1	1	3	3	1	1	1	0	1	1	2	1	1	1	0	0	1	1	3	1	1	1	0	0	1	1	2	1	1	1	1	0	1	1	3	1	1	1	0	0	1	1	2	2	1	1	1	0	1	1	3	1	1	1	0	0	1	1	2	2	1	1	1	0	1	1	3	1	1	1	0	0	1	1	2	1	1	0	1	0	1	1	3	1	1	1	1	0	0	1	1	2	1	1	1	0	1	1	1	3	3	1	1	0	1	1	2	1	1	1	0	0	1	1	3	3	1	1	1	0	1	1	2	1	1	1	0	0	0	1	1	1	3	1	1	0	1	1	2	1	1	1	1	0	0	1	1	3	1	1	1	0	1	1	1	2	2	0	1	1	1	1	3	1	1	1	0	0	1	1	2	2	1	1	1	0	0	1	1	3	1	1	1	0	0	1	1	2	1	1	1	0	1	1	3	1	1	1	1	0	0	1	1	2	1	1	1	0	0	1	1	3	3	1	1	1	1	1	2	1	1	1	0	0	1	1	3	3	1	1	1	0	1	1	2	1	1	1	0	0	0	1	1	3	1	1	1	0	1	1	2	1	1	1	1	0	0	1	1	3	1	1	1	0	1	1	2	2	1	1	1	0	1	3	1	1	1	1	0	0	1	1	2	2	1	1	1	0	1	3	1	1	1	1	0	0	0	1	1	2	1	1	1	0	1	1	3	1	1	1	1	0	1	1	2	1	1	0	1	0	1	1	3	3	1	1	1	0	1	2	1	1	1	1	0	0	1	3	3	1	1	1	1	0	1	2	1	1	1	1	0	0	1	3	1	1	1	1	0	0	1	2	1	1	1	1	1	0	1	3	1	1	1	1	0	0	1	2	2	1	1	1	1	0	3	1	1	1	1	1	0	1	2	2	1	1	1	1	0	0	3	1	1	1	1	1	0	0	1	2	1	1	1	1	0	3	1	1	1	1	1	1	0	0	2	1	1	1	1	1	0	3	3	1	1	1	1	2	0	1	1	1	1	1	1	0	0	3	3	1	1	1	1	2	0	1	1	1	1	1	1	0	0	3	1	1	1	1	2	0	0	1	1	1	1	1	1	0	0	3	1	1	1	1	1	0	0	2	2	1	1	1	1	1	3	1	1	1	1	1	0	0	3	3	1	1	1	1	3	0	1	1	1	1	1	1	0	0	3	1	1	1	1	1	0	0	3	1	1	1	1	1	0	0	3	1	1	1	1	1	0	0	3	3	1	1	1	1	1	0
PATIENT_WEIGHT
50	107	110	114	118	123	141	117	48	118	131	145	110	40	90	55	66	102	143	113	65	101	31	80	150	64	134	145	54	84	118	69	147	115	43	36	149	79	33	149	137	94	132	149	102	131	87	75	99	49	33	109	55	118	38	109	142	126	30	116	82	143	45	122	53	116	140	78	121	118	128	62	102	116	60	55	124	43	65	68	78	135	35	135	85	51	146	30	72	107	48	125	138	116	82	59	78	140	103	49	57	81	42	79	109	59	133	138	79	107	109	52	61	117	93	72	91	93	67	132	57	127	57	114	135	69	81	79	61	34	31	124	97	133	78	56	34	136	76	91	78	148	140	120	97	44	122	37	147	67	105	108	134	72	100	126	61	132	78	148	141	97	35	116	123	119	60	35	131	74	147	42	72	117	36	107	110	148	119	46	70	107	76	79	46	73	65	138	76	105	77	150	37	136	46	76	106	149	119	97	48	109	71	133	73	51	141	118	38	100	121	94	108	108	128	121	126	142	42	127	122	70	143	140	60	55	138	123	61	75	104	100	34	116	120	138	112	35	127	36	43	113	94	54	140	143	127	86	41	94	87	61	113	92	142	140	96	135	86	63	81	31	45	144	107	75	77	118	139	70	62	31	112	32	50	107	137	94	119	110	69	99	118	96	148	88	115	81	45	147	70	128	64	146	65	101	100	89	144	91	37	102	93	82	74	129	31	102	119	62	127	105	138	118	121	40	67	69	81	87	150	68	133	110	132	90	107	106	37	73	37	118	63	32	134	149	42	91	42	103	123	146	88	65	111	90	37	98	81	86	113	90	150	122	102	50	106	132	117	84	63	87	128	143	125	98	64	120	129	80	32	133	61	91	121	82	97	117	75	125	56	117	99	143	143	37	114	38	43	119	62	41	104	102	130	118	96	37	80	99	128	101	91	40	112	73	56	34	126	41	88	149	84	127	128	34	113	60	119	83	65	35	96	105	118	78	36	72	102	148	67	44	101	110	54	94	114	100	118	117	54	139	45	146	65	118	103	96	40	93	150	54	67	131	117	132	90	102	42	76	84	128	88	106	123	100	85	138	91	36	128	44	44	115	108	88	49	126	97	61	148	89	76	68	87	98	129	60	58	44	107	113	96	122	73	54	113	35	120	108	127	100	33	84	94	109	83	40	43	67	101	131	42	109	121	106	105	129	110	95	46	128	147	115	81	52	141	58	104	111	61	143	112	89	32	88	137	69	137	54	118	36	126	67	128	131	80	143	60	74	58	120	105	126	72	40	67	115	80	116	38	136	78	86	117	55	94	38	48	30	81	50	144	89	36	43	99	147	78	70	38	149	81	80	128	80	96	83	79	42	83	122	81	87	63	72	128	135	107	78	69	61	40	73	70	87	133	138	54	37	67	86	67	112	147	97	31	39	42	144	75	47	66	60	64	126	67	38	98	115	149	101	141	52	34	56	80	76	124	142	87	141	73	146	118	146	97	142	64	133	36	149	40	89	116	121	88	47	109	82	57	138	94	38	68	100	58	30	55	112	97	122	130	142	75	49	68	108	39	74	123	95	144	84	56	58	117	131	35	76	47	96	147	148	69	44	53	48	78	95	98	113	136	55	108	41	35	120	130	78	125	104	88	78	118	99	68	41	78	83	116	139	136	73	134	111	75	135	140	65	40	148	103	124	138	100	145	89	86	64	37	51	105	90	123	144	114	149	124	65	76	50	39	63	128	121	70	69	108	120	65	150	33	91	71	114	146	70	61	70	148	72	137	34	66	141	133	40	135	125	40	140	47	43	129	95	144	110	84	104	101	63	139	63	137	77	54	59	45	79	41
DISTANCE_MATRIX
0	360	318	300	288	276	264	264	150	150	150	60	90	90	162	168	204	228	234	312	360	408	348	318	168	192	168	318
360	60	264	318	324	342	342	342	348	348	354	360	372	378	378	420	420	480	462	498	462	462	384	420	372	420	378	378
318	264	60	270	276	288	288	288	294	294	294	318	318	324	324	414	414	468	462	486	462	462	330	366	366	408	372	324
300	318	270	60	276	288	288	288	288	288	288	300	300	312	318	408	408	468	462	486	438	438	318	360	360	402	360	312
288	324	276	276	60	276	276	276	276	276	276	288	288	300	300	402	396	462	456	480	432	432	300	360	360	402	348	300
276	342	288	288	276	60	180	180	252	258	264	264	264	288	288	390	390	456	450	480	432	432	288	348	348	348	288	288
264	342	288	288	276	180	60	180	246	258	264	264	264	288	288	390	390	456	450	480	432	432	288	348	348	348	288	288
264	342	288	288	276	180	180	60	240	258	264	264	264	288	288	390	390	456	450	480	432	432	288	348	348	348	288	288
150	348	294	288	276	252	246	240	60	120	120	150	126	270	270	378	384	420	438	480	420	408	276	300	300	300	276	270
150	348	294	288	276	258	258	258	120	60	120	150	150	270	270	378	384	420	438	480	420	408	276	300	300	300	276	270
150	354	294	288	276	264	264	264	120	120	60	150	150	270	270	378	384	420	438	480	420	408	276	300	300	300	276	270
60	360	318	300	288	264	264	264	150	150	150	60	90	162	168	228	234	312	360	408	348	318	168	192	192	198	168	162
90	372	318	300	288	264	264	264	150	150	150	90	60	162	168	228	234	312	360	408	348	318	168	192	192	198	168	162
90	378	324	312	300	288	288	288	270	270	270	162	162	60	120	180	180	306	210	360	300	300	120	180	120	180	120	234
162	378	324	318	300	288	288	288	270	270	270	168	168	120	60	180	180	306	210	360	300	300	120	180	120	180	120	120
168	420	414	408	402	348	348	348	300	300	300	228	228	180	180	60	132	204	132	348	258	258	186	60	180	132	222	180
204	420	414	408	396	390	390	390	384	384	384	234	234	180	180	132	60	204	132	348	258	258	186	60	180	132	222	180
228	480	468	468	462	456	456	456	420	420	420	312	312	306	306	204	204	60	198	120	240	240	306	204	306	138	306	306
234	462	462	462	456	450	450	450	438	438	438	360	360	210	210	132	132	198	60	138	132	132	210	132	210	132	210	210
312	498	486	486	480	480	480	480	480	480	480	408	408	360	360	348	348	120	138	60	348	348	360	348	360	348	360	360
360	462	462	438	432	432	432	432	420	420	420	348	348	300	300	258	258	240	132	348	60	60	300	258	300	258	300	300
408	462	462	438	432	432	432	432	408	408	408	318	318	300	300	258	258	240	132	348	60	60	300	258	300	258	300	300
348	384	330	318	300	288	288	288	276	276	276	168	168	120	120	186	186	306	210	360	300	300	60	186	120	186	120	120
318	420	366	360	360	348	348	348	300	300	300	192	192	180	180	60	60	204	132	348	258	258	186	60	180	60	180	180
168	372	300	306	300	288	288	288	270	270	270	168	168	120	120	180	180	306	210	360	300	300	120	180	60	180	120	120
192	420	408	402	402	348	348	348	300	300	300	198	198	180	180	132	132	138	132	348	258	258	186	60	180	60	180	180
168	378	372	360	348	288	288	288	276	276	276	168	168	120	120	222	222	306	210	360	300	300	120	180	120	180	60	120
318	378	324	312	300	288	288	288	270	270	270	162	162	234	120	180	180	306	210	360	300	300	120	180	120	180	120	60
DEPOTS_DISTANCE
234	462	462	462	456	450	450	450	438	438	438	360	360	210	210	132	132	198	60	138	132	132	210	132	210	132	210	210	
348	384	330	318	300	288	288	288	276	276	276	168	168	120	120	186	186	306	210	360	300	300	60	186	120	186	120	120	
318	420	366	360	360	348	348	348	300	300	300	192	192	180	180	60	60	204	132	348	258	258	186	60	180	60	180	180	
LOCATION_TURN_MATRIX
100	130	122	113	112	199	136	122	129	152	173	146	151	136	158	140	176	113	122	167	194	134	110	172	114	184	100	147	
170	100	154	188	164	169	136	136	152	170	104	183	155	115	101	104	155	187	174	115	149	134	178	168	114	135	168	102	
178	146	100	161	178	114	104	165	117	139	126	169	192	109	120	179	160	152	154	134	113	140	154	179	196	196	192	181	
187	112	139	100	158	114	195	181	104	132	195	106	183	169	132	170	140	136	172	148	116	110	123	136	151	120	176	169	
188	136	122	142	100	175	164	159	112	100	167	164	135	191	132	181	104	123	142	156	108	117	193	182	116	147	156	185	
101	131	186	186	125	100	190	147	164	150	137	102	145	176	185	131	113	108	117	186	118	151	140	178	154	189	172	110	
164	164	196	105	136	110	100	186	153	151	183	193	111	157	144	123	188	142	110	163	105	190	166	187	170	171	186	126	
178	164	135	119	141	153	114	100	106	130	108	103	151	178	122	151	130	133	184	177	110	141	166	110	122	174	191	197	
171	148	183	196	188	136	147	194	100	167	100	146	168	129	128	142	172	118	174	147	105	158	156	160	120	106	119	136	
148	130	161	168	200	150	149	170	133	100	177	106	175	116	188	180	176	194	108	146	130	187	183	173	128	141	169	176	
127	196	174	105	133	163	117	192	200	123	100	171	175	140	183	115	104	186	128	153	151	175	100	146	191	117	132	197	
154	117	131	194	136	198	107	197	154	194	129	100	136	184	140	147	172	184	148	131	103	156	185	200	152	158	154	143	
149	145	108	117	165	155	189	149	132	125	125	164	100	140	199	142	101	144	163	185	117	191	200	143	113	165	102	154	
164	185	191	131	109	124	143	122	171	184	160	116	160	100	109	116	196	113	131	186	166	139	183	175	144	161	105	170	
142	199	180	168	168	115	156	178	172	112	117	160	101	191	100	147	177	177	199	158	172	188	164	175	180	168	154	195	
160	196	121	130	119	169	177	149	158	120	185	153	158	184	153	100	152	159	197	157	181	159	102	123	168	200	124	186	
124	145	140	160	196	187	112	170	128	124	196	128	199	104	123	148	100	149	114	112	117	135	105	132	138	180	198	156	
187	113	148	164	177	192	158	167	182	106	114	116	156	187	123	141	151	100	166	132	168	163	159	123	129	173	161	116	
178	126	146	128	158	183	190	116	126	192	172	152	137	169	101	103	186	134	100	184	199	137	130	160	148	113	140	150	
133	185	166	152	144	114	137	123	153	154	147	169	115	114	142	143	188	168	116	100	111	195	128	157	191	164	141	171	
106	151	187	184	192	182	195	190	195	170	149	197	183	134	128	119	183	132	101	189	100	129	151	163	147	166	104	177	
166	166	160	190	183	149	110	159	142	113	125	144	109	161	112	141	165	137	163	105	171	100	101	185	169	129	103	197	
190	122	146	177	107	160	134	134	144	117	200	115	100	117	136	198	195	141	170	172	149	199	100	106	150	116	118	145	
128	132	121	164	118	122	113	190	140	127	154	100	157	125	125	177	168	177	140	143	137	115	194	100	128	167	115	155	
186	186	104	149	184	146	130	178	180	172	109	148	187	156	120	132	162	171	152	109	153	131	150	172	100	155	124	184	
116	165	104	180	153	111	129	126	194	159	183	142	135	139	132	100	120	127	187	136	134	171	184	133	145	100	129	192	
200	132	108	124	144	128	114	109	181	131	168	146	198	195	146	176	102	139	160	159	196	197	182	185	176	171	100	146	
153	198	119	131	115	190	174	103	164	124	103	157	146	130	105	114	144	184	150	129	123	103	155	145	116	108	154	100	
DEPOTS_TO_LOCAL_TURN_MATRIX
178	126	146	128	158	183	190	116	126	192	172	152	137	169	101	103	186	134	100	184	199	137	130	160	148	113	140	150	
190	122	146	177	107	160	134	134	144	117	200	115	100	117	136	198	195	141	170	172	149	199	100	106	150	116	118	145	
128	132	121	164	118	122	113	190	140	127	154	100	157	125	125	177	168	177	140	143	137	115	194	100	128	167	115	155	
LOCAL_TO_DEPOT_TURN_MATRIX
122	174	154	172	142	117	110	184	174	108	128	148	163	131	199	197	114	166	100	116	101	163	170	140	152	187	160	150	
110	178	154	123	193	140	166	166	156	183	100	185	200	183	164	102	105	159	130	128	151	101	100	194	150	184	182	155	
172	168	179	136	182	178	187	110	160	173	146	200	143	175	175	123	132	123	160	157	163	185	106	100	172	133	185	145	

