INDEX_PROBLEM
1
PATIENTS
800
STRETCHERS
16
NUM_ROOM
28
NUM_DEPOT
3
NUM_PRIORITY
4
PRIORITY_LIST
0	1	2	3	4
PRIORITY_WEIGHT
0	1	10	18	30
PRIORITY_JOB
0	1	2	2	3	3	1	1	2	2	2	3	4	1	2	2	2	3	3	4	1	2	2	3	3	3	3	1	2	2	3	3	4	3	4	1	2	2	3	2	3	3	1	2	2	3	3	4	2	4	1	2	2	3	3	3	3	1	1	1	1	2	2	3	1	4	1	2	2	3	1	4	3	1	3	4	1	1	2	2	1	3	3	1	2	2	1	4	2	3	3	4	1	2	2	2	1	3	3	4	1	2	2	1	3	3	3	4	1	2	2	2	2	3	3	4	1	1	2	1	3	2	3	1	2	2	3	1	1	3	4	1	1	2	2	1	3	3	3	1	2	2	3	2	1	3	4	1	2	2	3	4	3	1	3	4	1	2	2	3	2	3	4	1	2	2	3	2	3	1	1	3	4	1	1	2	2	1	2	3	1	2	2	1	3	1	3	3	4	1	1	2	1	3	2	3	3	1	2	1	4	2	3	3	4	1	2	2	3	2	3	3	4	1	2	2	3	1	2	3	3	4	1	1	2	2	2	3	3	4	1	1	3	1	2	2	3	1	2	1	1	2	3	3	4	1	1	2	3	1	2	3	3	1	2	2	1	2	3	3	4	1	2	4	3	1	2	3	3	1	2	2	2	2	3	3	4	4	1	2	3	2	1	1	2	3	3	1	1	1	2	2	3	4	1	3	3	1	1	2	2	3	3	4	1	1	1	2	2	3	3	4	3	1	1	2	2	3	3	2	1	4	1	2	2	3	3	2	3	1	1	2	2	3	3	2	1	4	1	2	2	3	3	4	3	1	1	1	2	2	3	1	4	1	2	2	3	3	1	3	2	1	1	2	2	3	3	1	1	2	2	3	3	4	1	3	2	2	1	2	3	3	4	1	1	1	2	2	3	3	4	4	2	1	2	1	2	3	3	1	1	1	2	4	3	3	1	3	3	2	1	1	2	3	3	4	2	1	1	2	2	3	3	4	3	1	1	1	2	2	3	3	1	2	4	1	2	2	3	3	4	3	1	2	1	2	3	3	2	1	4	1	2	2	3	3	4	3	1	1	1	2	3	3	1	1	2	2	3	3	4	1	3	1	1	1	2	2	3	3	2	1	2	2	3	3	4	1	4	1	2	1	2	3	3	1	2	1	2	2	3	3	4	4	2	3	1	2	1	2	3	3	1	1	1	2	3	3	4	1	3	2	1	1	2	3	3	1	1	4	1	2	2	3	3	1	3	2	1	1	2	3	3	4	2	2	1	2	2	3	3	1	3	3	2	2	1	3	3	4	1	2	4	1	2	2	3	3	1	4	1	2	1	3	3	4	1	1	1	2	2	3	3	1	1	3	2	1	2	3	3	1	1	2	2	2	3	3	4	1	2	2	2	1	3	3	1	2	1	2	2	3	3	4	4	1	3	3	2	2	1	3	3	1	1	1	2	3	3	4	1	2	4	2	1	1	3	3	1	1	1	3	2	2	3	3	1	2	2	2	1	1	3	3	4	1	1	3	2	2	3	3	1	2	3	4	2	1	3	3	4	1	1	2	2	2	3	3	4	1	1	3	2	1	3	3	1	2	1	2	3	3	4	1	1	2	2	2	1	2	3	3	1	2	1	2	3	3	4	1	2	2	3	2	1	3	3	1	2	2	1	2	3	3	4	1	2	2	3	1	3	1	3	1	1	2	3	2	3	4	1	2	2	3	3	1	1	3	4	1	1	2	1	1	2	3	1	2	2	1	2	1	1	3	3	4	1	2	1	1	2	3	3	1	2	2	1	1	2	3	3	4	4	1	4	1	1	2	2	3	3	1	2	1	1	2	3	3	4	1	2
TIME_ASKED
0	28849	28898	28947	28996	29045	29094	29149	29198	29247	29296	29345	29394	29429	29458	29487	29516	29545	29574	29603	29632	29661	29690	29742	29784	29826	29868	29910	29952	29994	30029	30058	30087	30116	30145	30174	30203	30232	30261	30290	30329	30358	30387	30416	30445	30474	30503	30532	30561	30590	30621	30642	30663	30684	30705	30726	30747	30768	30789	30810	30831	30852	30873	30894	30949	30998	31047	31096	31145	31194	31227	31254	31281	31308	31335	31362	31389	31416	31443	31470	31497	31524	31548	31572	31596	31620	31644	31668	31692	31716	31740	31764	31788	31837	31874	31911	31948	31985	32022	32059	32096	32159	32218	32277	32336	32395	32419	32438	32457	32476	32495	32514	32533	32552	32571	32590	32609	32628	32647	32666	32685	32759	32818	32877	32936	32995	33027	33054	33081	33108	33135	33162	33189	33216	33243	33270	33297	33333	33366	33399	33432	33465	33498	33531	33564	33597	33616	33632	33648	33664	33680	33696	33712	33728	33744	33760	33776	33792	33808	33824	33840	33856	33872	33888	33933	33966	33999	34032	34065	34098	34131	34164	34197	34242	34284	34326	34368	34410	34452	34494	34533	34566	34599	34632	34665	34698	34731	34764	34797	34827	34854	34881	34908	34935	34962	34989	35016	35043	35070	35097	35137	35174	35211	35248	35285	35322	35359	35396	35433	35466	35499	35532	35565	35598	35631	35664	35697	35723	35746	35769	35792	35815	35838	35861	35884	35907	35930	35953	35976	35999	36023	36046	36069	36092	36115	36138	36161	36184	36207	36230	36253	36276	36299	36327	36354	36381	36408	36435	36462	36489	36516	36543	36570	36597	36619	36638	36657	36676	36695	36714	36733	36752	36771	36790	36809	36828	36847	36866	36885	36949	36998	37047	37096	37145	37194	37259	37318	37377	37436	37495	37549	37598	37647	37696	37745	37794	37827	37854	37881	37908	37935	37962	37989	38016	38043	38070	38097	38123	38146	38169	38192	38215	38238	38261	38284	38307	38330	38353	38376	38399	38419	38438	38457	38476	38495	38514	38533	38552	38571	38590	38609	38628	38647	38666	38685	38742	38784	38826	38868	38910	38952	38994	39029	39058	39087	39116	39145	39174	39203	39232	39261	39290	39349	39398	39447	39496	39545	39594	39633	39666	39699	39732	39765	39798	39831	39864	39897	39937	39974	40011	40048	40085	40122	40159	40196	40242	40284	40326	40368	40410	40452	40494	40542	40584	40626	40668	40710	40752	40794	40849	40898	40947	40996	41045	41094	41133	41166	41199	41232	41265	41298	41331	41364	41397	41423	41446	41469	41492	41515	41538	41561	41584	41607	41630	41653	41676	41699	41749	41798	41847	41896	41945	41994	42099	42198	42297	42342	42384	42426	42468	42510	42552	42594	42699	42798	42897	42923	42946	42969	42992	43015	43038	43061	43084	43107	43130	43153	43176	43199	43237	43274	43311	43348	43385	43422	43459	43496	43549	43598	43647	43696	43745	43794	43899	43998	44097	44159	44218	44277	44336	44395	44459	44518	44577	44636	44695	44799	44898	44997	45033	45066	45099	45132	45165	45198	45231	45264	45297	45337	45374	45411	45448	45485	45522	45559	45596	45637	45674	45711	45748	45785	45822	45859	45896	45959	46018	46077	46136	46195	46249	46298	46347	46396	46445	46494	46537	46574	46611	46648	46685	46722	46759	46796	46821	46842	46863	46884	46905	46926	46947	46968	46989	47010	47031	47052	47073	47094	47199	47298	47397	47437	47474	47511	47548	47585	47622	47659	47696	47737	47774	47811	47848	47885	47922	47959	47996	48049	48098	48147	48196	48245	48294	48324	48348	48372	48396	48420	48444	48468	48492	48516	48540	48564	48588	48627	48654	48681	48708	48735	48762	48789	48816	48843	48870	48897	48937	48974	49011	49048	49085	49122	49159	49196	49233	49266	49299	49332	49365	49398	49431	49464	49497	49537	49574	49611	49648	49685	49722	49759	49796	49827	49854	49881	49908	49935	49962	49989	50016	50043	50070	50097	50149	50198	50247	50296	50345	50394	50424	50448	50472	50496	50520	50544	50568	50592	50616	50640	50664	50688	50737	50774	50811	50848	50885	50922	50959	50996	51027	51054	51081	51108	51135	51162	51189	51216	51243	51270	51297	51324	51348	51372	51396	51420	51444	51468	51492	51516	51540	51564	51588	51637	51674	51711	51748	51785	51822	51859	51896	51933	51966	51999	52032	52065	52098	52131	52164	52197	52259	52318	52377	52436	52495	52517	52534	52551	52568	52585	52602	52619	52636	52653	52670	52687	52704	52721	52738	52755	52772	52789	52859	52918	52977	53036	53095	53137	53174	53211	53248	53285	53322	53359	53396	53459	53518	53577	53636	53695	53733	53766	53799	53832	53865	53898	53931	53964	53997	54027	54054	54081	54108	54135	54162	54189	54216	54243	54270	54297	54374	54448	54522	54596	54627	54654	54681	54708	54735	54762	54789	54816	54843	54870	54897	55049	55198	55237	55274	55311	55348	55385	55422	55459	55496	55574	55648	55722	55796	55827	55854	55881	55908	55935	55962	55989	56016	56043	56070	56097	56399	56499	56598	56697	56733	56766	56799	56832	56865	56898	56931	56964	56997	57049	57098	57147	57196	57245	57294	57359	57418	57477	57536	57595
ORIGIN
26	16	6	27	19	7	27	25	25	14	23	10	2	23	12	14	14	14	3	23	14	14	14	16	14	14	16	7	27	20	7	7	23	9	1	23	11	14	14	13	2	14	14	3	24	14	14	14	14	6	27	18	7	27	20	8	2	14	17	2	23	12	2	14	14	14	23	14	4	24	11	11	25	25	1	27	19	8	27	14	14	1	23	11	2	14	13	23	4	4	3	24	14	4	26	7	27	1	18	7	27	20	8	1	26	1	17	23	12	2	23	14	14	14	14	4	24	15	4	25	16	2	3	3	3	27	23	12	14	14	10	2	23	12	2	16	27	16	27	27	4	26	16	27	14	2	7	27	20	8	3	14	2	23	27	20	2	23	13	14	14	27	4	24	15	4	8	16	6	2	26	26	27	22	8	3	14	27	2	23	12	2	23	27	3	1	1	14	25	16	5	14	23	27	27	20	8	27	14	14	14	14	20	2	23	13	2	5	14	2	14	14	4	26	23	8	27	8	14	14	20	8	1	14	17	14	23	12	2	23	14	3	14	26	14	11	27	5	26	14	2	14	14	8	27	23	2	23	14	16	14	2	14	2	23	20	10	1	14	4	26	16	1	23	10	14	4	4	14	1	23	14	2	27	11	2	23	13	3	23	2	2	2	27	11	26	16	14	25	26	14	27	23	8	1	22	3	1	3	14	2	23	1	25	25	1	4	26	16	5	26	26	7	23	23	26	27	23	9	27	14	9	2	23	13	2	23	14	3	27	20	14	26	16	6	3	27	23	27	20	8	1	23	10	2	23	4	2	26	14	3	19	19	14	24	15	5	26	11	14	26	14	14	14	23	9	14	14	20	2	23	13	2	23	17	26	20	17	27	27	7	5	10	10	14	2	20	8	1	23	10	1	14	2	2	14	14	3	23	14	14	27	15	27	4	16	11	1	14	2	2	2	8	1	3	15	3	27	12	2	23	14	3	27	27	27	27	27	5	26	3	3	3	14	27	1	23	10	1	27	14	24	14	14	14	23	14	14	14	25	4	26	16	6	27	19	7	23	23	23	23	23	10	2	2	4	2	23	14	3	23	14	14	4	23	11	26	16	7	23	23	23	27	24	9	26	23	11	26	2	23	14	23	14	3	18	2	2	26	16	5	27	18	7	20	14	14	14	14	10	2	22	23	27	23	14	3	23	14	4	14	14	14	1	16	6	26	26	2	14	23	9	1	23	11	2	14	27	2	1	14	3	15	15	14	27	16	5	26	17	7	27	14	11	3	14	14	1	20	20	11	4	13	3	23	14	4	24	15	27	1	25	14	27	19	14	4	25	8	1	23	10	2	23	25	12	27	14	14	23	14	14	26	23	5	26	16	7	27	20	26	23	14	14	1	23	2	2	4	20	2	23	14	3	24	14	4	26	7	14	3	18	7	2	14	2	1	23	10	2	23	12	14	14	14	27	23	14	27	27	11	5	26	14	7	26	19	8	12	14	3	16	23	11	2	14	27	2	23	14	3	24	14	4	14	14	14	1	18	7	27	14	14	14	23	10	1	23	12	2	23	14	27	27	14	4	24	11	15	26	16	6	27	19	7	27	14	14	20	20	10	2	23	11	11	23	14	3	23	14	4	20	2	14	26	26	7	27	20	14	4	2	9	1	23	4	2	23	14	14	27	14	4	24	15	14	1	8	6	27	18	7	27	21	8	14	17	10	2	23	12	2	15	14	3	23	14	4	1	16	25	1	25	7	27	20	14	14	14	9	1	23	11	2	27	13	27	14	14	3	24	14	1	4	4	5	27	18	7	27	20	8	1	2	2	1	23	12	2	14	14
DESTINATION
3	14	17	2	22	23	2	14	14	3	27	14	14	27	11	16	25	25	14	4	26	9	9	14	25	9	16	20	2	14	13	13	27	14	14	27	15	5	5	7	27	5	26	14	2	26	8	1	1	17	2	27	20	2	14	14	14	16	6	14	27	11	14	25	25	2	3	26	14	2	12	12	14	14	23	2	22	14	2	16	16	14	27	15	14	20	7	27	14	14	14	1	26	14	3	13	2	23	27	20	2	14	14	14	14	14	6	27	11	14	1	8	2	2	26	14	2	14	14	14	14	14	23	23	23	2	27	11	25	1	14	14	27	11	14	14	23	14	23	23	14	3	14	23	4	14	20	2	14	14	26	5	27	1	18	7	14	1	7	8	26	23	14	2	14	14	14	14	17	14	14	14	2	2	14	26	16	2	14	27	11	14	1	23	14	14	14	2	14	14	14	16	27	2	2	14	14	2	16	16	20	2	7	14	1	7	14	14	10	14	4	26	14	3	27	14	2	14	4	4	14	14	14	16	6	2	27	11	14	1	25	14	25	3	2	12	23	14	3	3	27	1	3	14	2	27	27	1	25	14	20	27	8	14	1	14	14	23	26	14	3	14	14	27	14	2	14	14	4	14	27	8	27	23	20	14	1	7	14	3	27	14	14	23	12	3	14	3	14	14	4	2	26	14	14	19	26	14	14	8	14	1	23	14	14	14	14	3	14	14	3	14	20	1	1	14	3	27	14	23	10	17	27	1	7	14	1	10	14	2	11	2	3	14	17	23	2	27	2	14	14	14	27	14	14	27	14	27	23	8	14	22	22	2	2	14	14	3	15	3	3	4	1	4	27	14	26	26	7	27	27	7	14	1	9	3	7	9	2	2	13	14	14	14	3	24	14	14	14	27	14	14	25	27	27	20	25	14	3	10	2	23	14	23	14	14	12	14	2	14	14	24	14	14	14	11	14	23	11	14	1	25	14	23	2	2	2	23	14	3	26	26	26	4	23	14	27	14	14	18	2	2	20	20	20	3	1	1	1	14	14	3	14	17	2	22	23	27	27	27	27	27	14	14	14	14	14	1	25	14	4	26	2	14	27	12	3	14	20	27	27	27	2	1	14	14	27	15	14	27	27	1	1	26	14	27	14	24	3	14	14	2	27	20	11	4	4	4	16	14	14	19	7	23	1	25	14	3	26	14	4	2	2	23	14	17	14	14	14	25	27	14	14	27	15	14	26	23	27	24	26	14	11	11	26	23	14	14	3	9	20	2	4	20	26	16	5	14	7	7	20	14	7	14	3	26	14	2	14	2	23	14	3	2	22	4	14	14	14	14	27	14	14	27	14	11	23	9	9	4	2	2	14	27	14	3	16	20	2	14	14	27	16	5	14	27	27	27	14	11	14	1	26	14	2	26	14	14	13	3	23	27	20	24	15	27	14	27	14	14	27	11	15	8	1	23	3	26	23	23	12	14	3	20	20	14	22	14	11	5	26	16	27	15	27	20	23	14	1	26	14	1	26	14	4	2	2	23	27	20	2	4	4	26	27	14	14	27	11	14	1	8	23	23	26	14	2	12	14	3	14	17	2	22	23	2	15	5	14	14	14	14	27	12	12	1	25	14	5	26	14	14	14	2	14	14	20	2	14	4	14	14	14	14	27	14	14	1	4	1	23	1	14	2	14	2	23	14	17	2	27	23	2	7	14	16	6	14	14	27	11	27	14	25	14	4	26	14	23	14	14	23	14	20	2	14	4	2	2	14	14	27	15	14	23	7	23	1	26	14	1	26	23	14	14	14	2	27	20	2	14	14	14	27	27	14	27	11	14	8	4
DUE_DATE
0	31147	30476	30525	30094	30143	31392	31447	30776	30825	30874	30443	29952	31727	31036	31065	31094	30643	30672	30161	31930	31239	31268	30840	30882	30924	30966	32208	31530	31572	31127	31156	30645	31214	30703	32472	31781	31810	31359	31868	31427	31456	32685	31994	32023	31572	31601	31090	32139	31148	32919	32220	32241	31782	31803	31824	31845	33066	33087	33108	33129	32430	32451	31992	33247	31556	33345	32674	32723	32292	33525	31812	32379	33606	32433	31920	33687	33714	33021	33048	33795	32622	32646	33870	33174	33198	33942	32226	33270	32814	32838	32322	34086	33415	33452	33489	34246	33083	33120	32617	34394	33737	33796	34575	33434	33493	33517	32996	34755	34054	34073	34092	34111	33650	33669	33148	34907	34926	34225	34964	33783	34337	33916	35175	34514	34573	34125	35352	35379	34206	33693	35460	35487	34794	34821	35568	34395	34431	34464	35697	35010	35043	34596	35109	35862	34695	34174	35930	35226	35242	34778	34254	34810	36026	34842	34318	36074	35370	35386	34922	35418	34954	34430	36186	35511	35544	35097	35610	35163	36396	36429	35262	34755	36540	36582	35904	35946	36708	36030	35592	36831	36144	36177	36930	35763	36996	35829	35862	35355	37125	37152	36459	37206	36033	36540	36087	36114	37341	36648	37395	35695	36752	36309	36346	35843	37620	36937	36974	36531	37044	36597	36630	36123	37896	37209	37242	36795	38021	37324	36867	36890	36373	38136	38159	37462	37485	37508	37051	37074	36557	38321	38344	37167	38390	37693	37716	37259	38482	37785	38528	38551	37854	37397	37425	36912	38679	38706	38013	37560	38787	38094	37641	37668	38895	38197	38216	38955	38254	37793	37812	37291	39050	38349	37348	37907	39126	38425	37964	37983	39247	38576	38625	38674	38723	38292	38357	37876	37935	39734	39073	38647	39176	39945	39994	39323	38892	38925	40152	40179	40206	39513	39540	39087	38574	40341	39168	39195	40421	40444	39747	39770	39313	39336	38819	40582	40605	40628	39931	39954	39497	39517	38996	39555	40774	40793	40092	40111	39650	39669	40168	40907	39186	40945	40244	40263	39840	39882	40404	39966	41208	41250	40572	40607	40156	40185	40694	41443	39732	41501	40810	40839	40388	40447	39956	40545	41794	41843	41892	41211	41244	40797	42030	40323	42096	41409	41442	40995	41035	42272	41109	41626	42383	42420	41737	41774	41340	41382	42624	42666	41988	42030	41592	41640	41142	42924	41766	42288	42330	43092	42427	41996	42045	41554	43343	43392	43431	42744	42777	42330	42363	41856	41889	42942	43695	43001	43744	43047	42590	42613	43836	43859	43882	43185	42188	42751	42774	43997	42847	42896	43425	44194	44243	43572	43197	43296	42855	43920	44682	44724	44046	44088	43650	43692	43257	43896	45195	45221	45244	44547	44570	44113	44136	45359	44662	43665	45428	44731	44754	44297	44335	43832	44409	45646	44963	45720	45037	44594	44647	45176	45945	44254	46043	45372	45477	45096	45195	44717	45316	46575	46634	46693	46037	45616	45675	46934	46993	46377	46476	46095	46131	45624	47397	46230	47463	47496	47529	46842	46875	46435	46472	46989	47746	47063	47100	46657	46694	46195	47972	46269	48046	47363	48120	47437	46994	47057	48316	47655	48434	47773	47827	47396	47445	46954	47003	48072	47635	48872	48189	48946	48263	47820	47857	49094	49119	49140	48441	47982	48003	47484	49245	48066	48567	49308	49329	48630	48171	48192	49497	49596	47955	49735	49052	49089	48646	48683	49920	48757	49274	50035	50072	49389	48946	48983	48480	49537	49574	50347	49676	49725	49294	49343	50592	49422	49446	49950	49974	50718	49542	49566	49050	50814	50118	49122	50886	50205	50232	49779	49806	51033	49320	51087	50394	51141	49968	49995	49495	51272	51309	51346	50663	50700	50257	50294	51531	51564	50397	50910	51663	50976	50529	50562	51795	51835	51152	51189	51226	50783	50820	50317	52094	51405	51432	51459	52206	51033	51060	52287	51594	52341	51648	51675	51247	51296	50805	50854	52643	51492	51522	52026	52050	52794	51618	51642	52866	52890	52914	52218	51762	51786	51295	53072	52389	51406	52463	53220	53257	52094	52125	53352	53379	53406	52233	52740	52767	52314	52341	53568	52875	52902	52926	53670	53694	52518	52542	52026	53790	53814	52638	53142	53166	52735	52772	54009	53326	52883	52380	53437	54194	53031	53064	52557	54330	54363	53676	53709	53742	53295	53357	52876	54675	54734	53593	54095	54832	53649	53666	54883	54180	54917	54214	53751	53768	53245	55002	55019	54316	54333	54350	55087	54437	54016	54075	55334	54673	55435	54752	54309	54346	53843	55620	54937	54974	54557	55096	55875	54734	54793	56031	55344	55377	56130	55443	54996	55029	54522	56295	55605	55632	55179	56406	55233	56460	55287	56514	56541	55848	55395	55952	55546	55080	56894	56205	56232	55779	55806	57033	57060	55887	55374	57141	57168	56475	57347	57496	56815	56372	57609	56926	56963	57720	57037	57794	57872	56746	56820	56354	58125	57432	58179	58206	57513	57060	57087	58314	57621	57648	58395	58697	58077	57696	57795	57291	57324	59097	57390	59163	59196	58509	58542	58095	58147	59396	58725	59494	59543	58872	58457	58516	58035	59834	59173
TRANSPORT_MODE
0	2	2	1	1	1	1	2	0	1	1	1	1	1	2	0	2	1	1	1	1	1	2	0	0	1	1	1	1	1	2	0	0	1	1	1	1	1	1	0	0	2	1	1	1	1	1	2	0	1	1	1	1	1	1	0	0	3	3	1	1	1	1	2	0	1	1	1	1	1	3	0	0	3	1	1	1	1	1	2	0	1	1	1	1	1	3	0	0	1	1	1	1	1	1	0	0	2	1	1	1	1	1	3	0	1	1	1	1	1	1	0	0	2	2	1	1	1	1	3	0	1	1	1	1	1	2	0	0	2	1	1	1	1	1	3	0	1	1	1	1	1	2	0	0	1	1	1	1	1	1	0	0	3	1	1	1	1	1	2	0	1	1	1	1	1	1	0	0	3	3	1	1	1	1	2	0	0	1	1	1	1	1	3	0	3	1	1	1	1	1	2	0	0	1	1	1	1	1	3	0	1	1	1	1	1	2	0	0	1	1	1	1	1	1	0	0	3	1	1	1	1	1	0	0	2	2	1	1	1	1	1	0	3	1	1	1	1	1	0	0	2	2	1	1	1	1	1	0	3	1	1	1	1	1	0	0	2	1	1	1	1	1	0	0	3	1	1	1	1	1	0	0	1	2	1	1	1	1	0	0	1	3	3	1	1	1	1	0	1	2	1	1	1	1	0	0	3	3	1	1	1	1	1	0	2	1	1	1	1	1	0	0	3	1	1	1	1	1	0	0	1	2	1	1	1	1	0	0	1	3	1	1	1	1	0	0	1	1	2	1	1	1	1	0	1	3	1	1	1	1	0	1	2	2	1	1	1	1	0	0	1	3	1	1	1	1	0	1	2	2	1	1	1	1	0	0	1	3	1	1	1	1	0	0	1	2	1	1	1	1	0	0	1	1	3	1	1	1	1	0	1	1	2	1	1	1	0	0	1	3	3	1	1	1	1	0	1	2	1	1	1	1	0	0	1	3	3	1	1	1	1	0	0	1	2	1	1	1	1	0	0	1	1	3	1	1	1	0	0	1	1	2	1	1	1	1	0	1	1	3	1	1	1	0	1	2	2	1	1	1	1	0	0	1	3	1	1	1	1	0	1	2	2	1	1	1	1	0	0	1	3	1	1	1	1	0	0	1	1	2	1	1	1	0	0	1	1	3	1	1	1	1	0	1	1	2	1	1	1	0	1	3	3	1	1	1	1	0	0	1	2	1	1	1	1	0	1	3	3	1	1	1	1	0	0	1	2	1	1	1	1	0	0	1	1	3	1	1	1	0	0	1	1	2	1	1	1	1	0	1	1	3	1	1	1	0	0	1	2	2	1	1	1	1	0	1	3	1	1	1	1	0	0	1	2	2	1	1	1	1	0	1	3	1	1	1	1	0	0	1	2	1	1	1	1	0	0	1	1	3	1	1	1	1	0	1	2	1	1	1	1	0	1	3	3	1	1	1	1	0	0	1	2	1	1	1	1	0	1	3	3	1	1	1	1	0	0	1	2	1	1	1	1	0	0	1	3	1	1	1	1	0	0	1	1	2	1	1	1	1	0	1	3	1	1	1	1	0	1	2	2	1	1	1	1	0	0	3	1	1	1	1	1	0	2	2	1	1	1	1	1	0	0	3	1	1	1	1	1	0	0	1	2	1	1	1	1	0	0	1	3	1	1	1	1	1	0	1	2	1	1	1	1	0	3	3	1	1	1	1	1	0	3	1	1	1	1	1	0	0	3	3	1	1	1	1	1	0	3	1	1	1	1	1	0	0	3	1	1	1	1	1	0	0	3	1	1	1	1	1	1	0	3	1	1	1	1	1	0	0
PATIENT_WEIGHT
36	129	93	69	30	123	131	148	46	114	114	99	43	73	112	140	140	43	114	33	123	118	106	66	120	125	54	142	117	122	82	64	118	68	130	86	139	141	70	88	32	123	52	105	115	103	142	108	83	38	131	142	103	84	106	37	103	104	72	47	102	133	139	43	66	101	121	45	74	114	116	30	80	113	78	112	145	100	133	123	37	121	39	133	103	143	112	38	77	107	144	106	31	45	48	149	113	63	113	40	149	140	70	42	128	145	49	68	68	34	133	144	100	83	112	57	56	135	74	36	116	54	140	123	147	80	124	128	70	105	145	56	148	80	69	62	41	121	141	79	91	145	80	139	134	77	121	105	45	149	117	94	66	115	100	127	64	129	150	133	97	31	120	133	130	131	150	96	103	106	131	90	136	44	53	142	55	35	52	49	134	116	34	127	55	134	128	109	124	82	35	48	90	38	48	137	80	120	143	30	115	72	62	144	90	106	97	33	116	147	70	79	93	65	67	150	126	63	74	90	82	64	138	75	108	36	51	101	107	106	54	32	69	138	36	103	30	109	46	64	136	119	83	68	82	33	61	84	116	83	137	47	71	120	96	97	43	106	51	97	145	42	44	92	77	31	105	52	104	93	110	118	115	94	85	69	61	86	137	70	136	137	42	46	136	128	30	123	111	107	96	83	104	64	94	33	83	40	125	108	150	107	65	105	60	44	93	91	128	74	42	64	120	68	62	101	73	35	54	150	102	66	53	33	81	139	49	92	70	76	122	36	58	127	44	89	131	59	91	62	148	129	86	64	49	146	99	136	41	43	141	53	71	86	63	55	46	55	140	90	102	112	109	47	137	108	70	74	33	125	107	41	119	144	140	55	149	104	87	43	126	140	54	123	35	48	118	66	44	98	50	132	70	147	89	136	144	141	65	105	82	81	46	132	108	102	57	133	108	105	101	145	148	108	52	59	61	101	54	59	40	34	38	41	34	137	116	49	111	131	78	150	59	53	66	54	42	150	74	33	65	95	55	124	103	97	94	44	66	141	145	149	139	80	127	94	103	150	77	106	83	42	90	93	132	96	88	97	140	77	68	108	46	76	55	82	119	92	72	95	127	77	63	37	141	120	128	49	94	48	148	61	112	117	68	67	117	94	59	52	90	41	34	118	101	101	73	146	80	118	39	52	97	110	99	142	78	55	55	64	101	49	95	98	116	71	137	85	59	63	113	34	75	110	74	112	60	86	134	34	76	81	106	48	123	133	139	85	69	49	80	63	115	59	133	140	112	137	116	48	37	103	140	44	125	90	135	106	121	88	36	93	90	42	31	46	96	112	47	111	32	63	123	133	102	147	61	142	36	40	49	134	68	126	78	32	110	58	102	57	54	98	111	133	144	129	115	72	112	74	111	118	46	52	148	126	137	148	96	150	137	121	92	85	82	81	102	123	60	78	94	50	122	128	53	129	40	118	122	60	137	46	120	85	61	82	149	130	41	85	128	118	91	64	104	34	68	51	41	101	112	34	52	130	118	90	75	34	70	90	94	102	116	110	71	67	116	43	65	38	67	47	53	149	39	85	126	135	61	144	81	115	108	56	71	39	73	84	60	50	120	111	92	94	62	73	32	117	48	110	56	139	40	94	122	138	34	110	83	139	93	125	140	108	121	44	54	110	55	48	46	120	32	72	150	122	30	117	114	122	141	128	45	108	79	101	63	77	76	64	68	135	114	130	142	30	81	99	74	80	101	102	119	93	134	89	112	105	122	36	44	37	135	65	135	78	41	40	33	51	95	32	90	70	136	90	43	100	56	76	37	47	57	46	83	79	38	48	65	47	49
DISTANCE_MATRIX
0	360	318	300	288	276	264	264	150	150	150	60	90	90	162	168	204	228	234	312	360	408	348	318	168	192	168	318
360	60	264	318	324	342	342	342	348	348	354	360	372	378	378	420	420	480	462	498	462	462	384	420	372	420	378	378
318	264	60	270	276	288	288	288	294	294	294	318	318	324	324	414	414	468	462	486	462	462	330	366	366	408	372	324
300	318	270	60	276	288	288	288	288	288	288	300	300	312	318	408	408	468	462	486	438	438	318	360	360	402	360	312
288	324	276	276	60	276	276	276	276	276	276	288	288	300	300	402	396	462	456	480	432	432	300	360	360	402	348	300
276	342	288	288	276	60	180	180	252	258	264	264	264	288	288	390	390	456	450	480	432	432	288	348	348	348	288	288
264	342	288	288	276	180	60	180	246	258	264	264	264	288	288	390	390	456	450	480	432	432	288	348	348	348	288	288
264	342	288	288	276	180	180	60	240	258	264	264	264	288	288	390	390	456	450	480	432	432	288	348	348	348	288	288
150	348	294	288	276	252	246	240	60	120	120	150	126	270	270	378	384	420	438	480	420	408	276	300	300	300	276	270
150	348	294	288	276	258	258	258	120	60	120	150	150	270	270	378	384	420	438	480	420	408	276	300	300	300	276	270
150	354	294	288	276	264	264	264	120	120	60	150	150	270	270	378	384	420	438	480	420	408	276	300	300	300	276	270
60	360	318	300	288	264	264	264	150	150	150	60	90	162	168	228	234	312	360	408	348	318	168	192	192	198	168	162
90	372	318	300	288	264	264	264	150	150	150	90	60	162	168	228	234	312	360	408	348	318	168	192	192	198	168	162
90	378	324	312	300	288	288	288	270	270	270	162	162	60	120	180	180	306	210	360	300	300	120	180	120	180	120	234
162	378	324	318	300	288	288	288	270	270	270	168	168	120	60	180	180	306	210	360	300	300	120	180	120	180	120	120
168	420	414	408	402	348	348	348	300	300	300	228	228	180	180	60	132	204	132	348	258	258	186	60	180	132	222	180
204	420	414	408	396	390	390	390	384	384	384	234	234	180	180	132	60	204	132	348	258	258	186	60	180	132	222	180
228	480	468	468	462	456	456	456	420	420	420	312	312	306	306	204	204	60	198	120	240	240	306	204	306	138	306	306
234	462	462	462	456	450	450	450	438	438	438	360	360	210	210	132	132	198	60	138	132	132	210	132	210	132	210	210
312	498	486	486	480	480	480	480	480	480	480	408	408	360	360	348	348	120	138	60	348	348	360	348	360	348	360	360
360	462	462	438	432	432	432	432	420	420	420	348	348	300	300	258	258	240	132	348	60	60	300	258	300	258	300	300
408	462	462	438	432	432	432	432	408	408	408	318	318	300	300	258	258	240	132	348	60	60	300	258	300	258	300	300
348	384	330	318	300	288	288	288	276	276	276	168	168	120	120	186	186	306	210	360	300	300	60	186	120	186	120	120
318	420	366	360	360	348	348	348	300	300	300	192	192	180	180	60	60	204	132	348	258	258	186	60	180	60	180	180
168	372	300	306	300	288	288	288	270	270	270	168	168	120	120	180	180	306	210	360	300	300	120	180	60	180	120	120
192	420	408	402	402	348	348	348	300	300	300	198	198	180	180	132	132	138	132	348	258	258	186	60	180	60	180	180
168	378	372	360	348	288	288	288	276	276	276	168	168	120	120	222	222	306	210	360	300	300	120	180	120	180	60	120
318	378	324	312	300	288	288	288	270	270	270	162	162	234	120	180	180	306	210	360	300	300	120	180	120	180	120	60
DEPOTS_DISTANCE
234	462	462	462	456	450	450	450	438	438	438	360	360	210	210	132	132	198	60	138	132	132	210	132	210	132	210	210	
348	384	330	318	300	288	288	288	276	276	276	168	168	120	120	186	186	306	210	360	300	300	60	186	120	186	120	120	
318	420	366	360	360	348	348	348	300	300	300	192	192	180	180	60	60	204	132	348	258	258	186	60	180	60	180	180	
LOCATION_TURN_MATRIX
100	130	122	113	112	199	136	122	129	152	173	146	151	136	158	140	176	113	122	167	194	134	110	172	114	184	100	147	
170	100	154	188	164	169	136	136	152	170	104	183	155	115	101	104	155	187	174	115	149	134	178	168	114	135	168	102	
178	146	100	161	178	114	104	165	117	139	126	169	192	109	120	179	160	152	154	134	113	140	154	179	196	196	192	181	
187	112	139	100	158	114	195	181	104	132	195	106	183	169	132	170	140	136	172	148	116	110	123	136	151	120	176	169	
188	136	122	142	100	175	164	159	112	100	167	164	135	191	132	181	104	123	142	156	108	117	193	182	116	147	156	185	
101	131	186	186	125	100	190	147	164	150	137	102	145	176	185	131	113	108	117	186	118	151	140	178	154	189	172	110	
164	164	196	105	136	110	100	186	153	151	183	193	111	157	144	123	188	142	110	163	105	190	166	187	170	171	186	126	
178	164	135	119	141	153	114	100	106	130	108	103	151	178	122	151	130	133	184	177	110	141	166	110	122	174	191	197	
171	148	183	196	188	136	147	194	100	167	100	146	168	129	128	142	172	118	174	147	105	158	156	160	120	106	119	136	
148	130	161	168	200	150	149	170	133	100	177	106	175	116	188	180	176	194	108	146	130	187	183	173	128	141	169	176	
127	196	174	105	133	163	117	192	200	123	100	171	175	140	183	115	104	186	128	153	151	175	100	146	191	117	132	197	
154	117	131	194	136	198	107	197	154	194	129	100	136	184	140	147	172	184	148	131	103	156	185	200	152	158	154	143	
149	145	108	117	165	155	189	149	132	125	125	164	100	140	199	142	101	144	163	185	117	191	200	143	113	165	102	154	
164	185	191	131	109	124	143	122	171	184	160	116	160	100	109	116	196	113	131	186	166	139	183	175	144	161	105	170	
142	199	180	168	168	115	156	178	172	112	117	160	101	191	100	147	177	177	199	158	172	188	164	175	180	168	154	195	
160	196	121	130	119	169	177	149	158	120	185	153	158	184	153	100	152	159	197	157	181	159	102	123	168	200	124	186	
124	145	140	160	196	187	112	170	128	124	196	128	199	104	123	148	100	149	114	112	117	135	105	132	138	180	198	156	
187	113	148	164	177	192	158	167	182	106	114	116	156	187	123	141	151	100	166	132	168	163	159	123	129	173	161	116	
178	126	146	128	158	183	190	116	126	192	172	152	137	169	101	103	186	134	100	184	199	137	130	160	148	113	140	150	
133	185	166	152	144	114	137	123	153	154	147	169	115	114	142	143	188	168	116	100	111	195	128	157	191	164	141	171	
106	151	187	184	192	182	195	190	195	170	149	197	183	134	128	119	183	132	101	189	100	129	151	163	147	166	104	177	
166	166	160	190	183	149	110	159	142	113	125	144	109	161	112	141	165	137	163	105	171	100	101	185	169	129	103	197	
190	122	146	177	107	160	134	134	144	117	200	115	100	117	136	198	195	141	170	172	149	199	100	106	150	116	118	145	
128	132	121	164	118	122	113	190	140	127	154	100	157	125	125	177	168	177	140	143	137	115	194	100	128	167	115	155	
186	186	104	149	184	146	130	178	180	172	109	148	187	156	120	132	162	171	152	109	153	131	150	172	100	155	124	184	
116	165	104	180	153	111	129	126	194	159	183	142	135	139	132	100	120	127	187	136	134	171	184	133	145	100	129	192	
200	132	108	124	144	128	114	109	181	131	168	146	198	195	146	176	102	139	160	159	196	197	182	185	176	171	100	146	
153	198	119	131	115	190	174	103	164	124	103	157	146	130	105	114	144	184	150	129	123	103	155	145	116	108	154	100	
DEPOTS_TO_LOCAL_TURN_MATRIX
178	126	146	128	158	183	190	116	126	192	172	152	137	169	101	103	186	134	100	184	199	137	130	160	148	113	140	150	
190	122	146	177	107	160	134	134	144	117	200	115	100	117	136	198	195	141	170	172	149	199	100	106	150	116	118	145	
128	132	121	164	118	122	113	190	140	127	154	100	157	125	125	177	168	177	140	143	137	115	194	100	128	167	115	155	
LOCAL_TO_DEPOT_TURN_MATRIX
122	174	154	172	142	117	110	184	174	108	128	148	163	131	199	197	114	166	100	116	101	163	170	140	152	187	160	150	
110	178	154	123	193	140	166	166	156	183	100	185	200	183	164	102	105	159	130	128	151	101	100	194	150	184	182	155	
172	168	179	136	182	178	187	110	160	173	146	200	143	175	175	123	132	123	160	157	163	185	106	100	172	133	185	145	

