INDEX_PROBLEM
1
PATIENTS
800
STRETCHERS
16
NUM_ROOM
28
NUM_DEPOT
3
NUM_PRIORITY
4
PRIORITY_LIST
0	1	2	3	4
PRIORITY_WEIGHT
0	1	10	18	30
PRIORITY_JOB
0	1	2	3	3	4	1	2	3	2	3	4	4	1	2	3	3	3	4	4	1	2	2	4	4	3	3	4	1	2	2	3	4	3	4	4	1	2	3	3	3	4	1	2	2	3	3	4	4	4	4	1	2	3	4	3	4	1	1	3	4	1	2	2	2	3	4	4	1	2	3	3	1	1	3	4	4	1	2	1	3	2	3	3	4	1	2	4	4	1	2	3	4	4	1	2	2	3	3	4	1	2	3	4	2	1	3	4	4	1	1	2	2	2	3	3	4	4	1	2	3	2	1	3	4	4	1	2	2	3	3	4	4	1	2	3	1	2	1	3	3	4	1	1	2	2	3	4	4	1	2	4	2	3	1	3	4	1	2	2	1	2	3	4	4	1	2	4	3	3	3	1	4	4	1	2	2	4	2	3	4	1	2	3	3	3	1	1	4	4	1	2	1	3	2	3	3	4	1	2	4	2	1	1	3	4	4	1	2	4	2	3	3	4	4	1	3	3	2	2	1	3	4	4	1	2	1	2	3	3	4	1	2	4	2	3	1	4	4	1	1	2	2	3	3	4	4	1	2	3	2	3	1	3	4	1	2	1	2	2	3	4	4	1	2	4	1	3	3	1	4	1	2	2	1	2	3	4	4	1	2	3	4	3	3	4	1	4	1	2	2	2	3	4	4	1	2	3	3	3	1	1	4	1	2	2	3	2	3	3	4	1	2	4	2	3	1	1	4	4	1	1	4	2	3	3	4	1	2	3	3	2	3	1	4	4	4	1	2	1	2	3	3	4	1	2	4	2	3	1	4	4	1	1	2	2	3	3	4	4	1	2	3	2	3	1	3	4	1	2	1	2	2	3	4	4	1	2	4	3	3	1	4	1	2	1	2	2	3	4	4	1	2	4	4	3	3	4	1	1	2	2	1	4	3	4	1	2	2	3	3	3	4	1	1	4	1	2	2	2	3	3	4	1	2	3	4	2	3	1	1	4	4	2	1	4	2	3	3	4	1	2	4	2	3	1	4	4	1	1	3	2	3	3	4	4	1	2	3	4	2	3	1	4	1	2	2	3	3	4	4	1	2	2	4	3	3	1	4	1	2	1	2	2	3	4	4	2	2	3	4	1	3	4	1	1	2	2	2	3	4	4	1	2	3	3	1	3	4	1	1	2	2	3	2	1	4	4	1	2	3	3	3	4	4	1	1	1	2	2	2	3	3	4	1	2	2	4	3	3	4	1	1	4	2	2	1	3	3	4	1	2	2	4	4	3	4	1	4	1	2	1	3	3	3	4	1	2	2	3	3	4	4	1	1	2	3	2	1	3	4	1	2	2	3	3	3	4	1	1	2	3	3	2	2	4	4	2	2	3	3	4	4	1	1	2	2	3	4	1	1	4	4	1	2	3	3	4	3	4	1	1	2	2	3	4	2	1	2	3	3	4	4	4	1	1	1	2	2	3	3	1	3	4	1	2	3	3	4	3	4	1	1	1	2	2	3	2	4	3	4	1	2	2	3	4	3	4	1	4	1	2	3	1	1	3	4	1	2	2	3	4	3	4	1	1	2	3	3	2	4	4	1	2	2	3	3	4	1	1	2	3	3	4	1	2	4	1	2	2	3	3	4	3	1	1	2	2	3	4	1	1	4	1	2	3	3	4	4	2	1	4	1	2	2	3	4	1	1	2	3	3	4	1	4	1	4	1	2	2	3	1	2	3	4	4	1	2	3	1	1	1	3	4	4	1	2	1	1	2	2	3	3	4	1	1	1	2	2	3	4	4	1	2	2	1	2	3	3	4	1	1	2	1	2	2	3	4	4	1	2
TIME_ASKED
0	28849	28898	28947	28996	29045	29094	29149	29198	29247	29296	29345	29394	29429	29458	29487	29516	29545	29574	29603	29632	29661	29690	29742	29784	29826	29868	29910	29952	29994	30029	30058	30087	30116	30145	30174	30203	30232	30261	30290	30329	30358	30387	30416	30445	30474	30503	30532	30561	30590	30621	30642	30663	30684	30705	30726	30747	30768	30789	30810	30831	30852	30873	30894	30949	30998	31047	31096	31145	31194	31227	31254	31281	31308	31335	31362	31389	31416	31443	31470	31497	31524	31548	31572	31596	31620	31644	31668	31692	31716	31740	31764	31788	31837	31874	31911	31948	31985	32022	32059	32096	32159	32218	32277	32336	32395	32419	32438	32457	32476	32495	32514	32533	32552	32571	32590	32609	32628	32647	32666	32685	32759	32818	32877	32936	32995	33027	33054	33081	33108	33135	33162	33189	33216	33243	33270	33297	33333	33366	33399	33432	33465	33498	33531	33564	33597	33616	33632	33648	33664	33680	33696	33712	33728	33744	33760	33776	33792	33808	33824	33840	33856	33872	33888	33933	33966	33999	34032	34065	34098	34131	34164	34197	34242	34284	34326	34368	34410	34452	34494	34533	34566	34599	34632	34665	34698	34731	34764	34797	34827	34854	34881	34908	34935	34962	34989	35016	35043	35070	35097	35137	35174	35211	35248	35285	35322	35359	35396	35433	35466	35499	35532	35565	35598	35631	35664	35697	35723	35746	35769	35792	35815	35838	35861	35884	35907	35930	35953	35976	35999	36023	36046	36069	36092	36115	36138	36161	36184	36207	36230	36253	36276	36299	36327	36354	36381	36408	36435	36462	36489	36516	36543	36570	36597	36619	36638	36657	36676	36695	36714	36733	36752	36771	36790	36809	36828	36847	36866	36885	36949	36998	37047	37096	37145	37194	37259	37318	37377	37436	37495	37549	37598	37647	37696	37745	37794	37827	37854	37881	37908	37935	37962	37989	38016	38043	38070	38097	38123	38146	38169	38192	38215	38238	38261	38284	38307	38330	38353	38376	38399	38419	38438	38457	38476	38495	38514	38533	38552	38571	38590	38609	38628	38647	38666	38685	38742	38784	38826	38868	38910	38952	38994	39029	39058	39087	39116	39145	39174	39203	39232	39261	39290	39349	39398	39447	39496	39545	39594	39633	39666	39699	39732	39765	39798	39831	39864	39897	39937	39974	40011	40048	40085	40122	40159	40196	40242	40284	40326	40368	40410	40452	40494	40542	40584	40626	40668	40710	40752	40794	40849	40898	40947	40996	41045	41094	41133	41166	41199	41232	41265	41298	41331	41364	41397	41423	41446	41469	41492	41515	41538	41561	41584	41607	41630	41653	41676	41699	41749	41798	41847	41896	41945	41994	42099	42198	42297	42342	42384	42426	42468	42510	42552	42594	42699	42798	42897	42923	42946	42969	42992	43015	43038	43061	43084	43107	43130	43153	43176	43199	43237	43274	43311	43348	43385	43422	43459	43496	43549	43598	43647	43696	43745	43794	43899	43998	44097	44159	44218	44277	44336	44395	44459	44518	44577	44636	44695	44799	44898	44997	45033	45066	45099	45132	45165	45198	45231	45264	45297	45337	45374	45411	45448	45485	45522	45559	45596	45637	45674	45711	45748	45785	45822	45859	45896	45959	46018	46077	46136	46195	46249	46298	46347	46396	46445	46494	46537	46574	46611	46648	46685	46722	46759	46796	46821	46842	46863	46884	46905	46926	46947	46968	46989	47010	47031	47052	47073	47094	47199	47298	47397	47437	47474	47511	47548	47585	47622	47659	47696	47737	47774	47811	47848	47885	47922	47959	47996	48049	48098	48147	48196	48245	48294	48324	48348	48372	48396	48420	48444	48468	48492	48516	48540	48564	48588	48627	48654	48681	48708	48735	48762	48789	48816	48843	48870	48897	48937	48974	49011	49048	49085	49122	49159	49196	49233	49266	49299	49332	49365	49398	49431	49464	49497	49537	49574	49611	49648	49685	49722	49759	49796	49827	49854	49881	49908	49935	49962	49989	50016	50043	50070	50097	50149	50198	50247	50296	50345	50394	50424	50448	50472	50496	50520	50544	50568	50592	50616	50640	50664	50688	50737	50774	50811	50848	50885	50922	50959	50996	51027	51054	51081	51108	51135	51162	51189	51216	51243	51270	51297	51324	51348	51372	51396	51420	51444	51468	51492	51516	51540	51564	51588	51637	51674	51711	51748	51785	51822	51859	51896	51933	51966	51999	52032	52065	52098	52131	52164	52197	52259	52318	52377	52436	52495	52517	52534	52551	52568	52585	52602	52619	52636	52653	52670	52687	52704	52721	52738	52755	52772	52789	52859	52918	52977	53036	53095	53137	53174	53211	53248	53285	53322	53359	53396	53459	53518	53577	53636	53695	53733	53766	53799	53832	53865	53898	53931	53964	53997	54027	54054	54081	54108	54135	54162	54189	54216	54243	54270	54297	54374	54448	54522	54596	54627	54654	54681	54708	54735	54762	54789	54816	54843	54870	54897	55049	55198	55237	55274	55311	55348	55385	55422	55459	55496	55574	55648	55722	55796	55827	55854	55881	55908	55935	55962	55989	56016	56043	56070	56097	56399	56499	56598	56697	56733	56766	56799	56832	56865	56898	56931	56964	56997	57049	57098	57147	57196	57245	57294	57359	57418	57477	57536	57595
ORIGIN
26	16	6	27	19	7	27	8	14	14	23	10	2	23	12	14	2	14	3	23	14	14	2	16	14	14	16	7	27	20	7	9	2	9	1	23	11	14	23	2	14	2	14	3	24	14	14	14	8	6	27	18	7	27	20	8	27	14	17	2	23	12	2	3	3	14	23	14	4	24	11	11	11	14	1	27	19	8	9	14	14	1	23	11	2	14	14	7	13	13	27	24	14	4	27	14	27	1	18	7	27	20	8	1	14	14	17	23	12	2	14	14	2	14	14	4	24	15	4	25	16	2	2	3	3	27	23	12	14	14	10	2	23	14	2	12	16	16	14	27	4	26	20	13	14	2	7	27	20	14	3	13	7	2	2	20	2	23	14	14	14	27	4	24	15	4	8	16	8	2	2	26	27	22	8	14	14	2	2	23	12	2	23	27	14	1	1	14	25	16	14	14	11	27	27	20	8	27	3	14	4	14	14	20	23	13	26	26	7	2	14	14	4	26	7	8	27	1	14	2	14	8	14	14	14	14	23	12	2	23	14	3	14	14	14	14	27	27	26	23	16	2	14	8	27	23	2	16	14	2	2	2	14	14	16	26	14	14	14	4	26	16	1	23	16	14	14	4	26	26	14	14	16	2	14	2	23	13	3	23	14	10	27	11	14	11	14	14	14	25	8	27	23	8	1	22	3	3	3	14	2	27	14	14	14	27	4	26	16	5	26	26	25	23	23	14	3	14	14	27	14	2	2	23	13	2	23	14	3	14	23	20	1	7	7	3	26	14	23	20	8	1	23	10	27	23	14	4	26	14	14	14	26	14	14	15	5	26	11	14	26	27	14	14	14	14	14	14	14	1	27	13	2	23	17	26	20	14	27	27	27	14	1	10	14	16	27	8	1	23	10	1	14	14	2	27	14	14	27	14	2	2	26	27	4	16	3	1	27	3	27	14	14	3	15	3	3	3	1	2	23	14	3	27	27	2	27	7	14	1	9	9	7	25	2	1	23	10	1	27	14	24	27	14	14	27	14	14	25	3	3	26	16	6	27	19	7	23	23	23	14	14	14	14	2	26	23	23	14	3	23	14	14	27	14	14	1	25	14	23	2	27	2	24	9	26	20	11	26	2	14	14	27	14	14	18	2	2	2	16	5	27	18	7	20	14	14	14	14	17	2	2	23	27	27	27	3	23	14	4	14	14	14	1	14	14	4	26	3	23	4	9	1	23	11	2	14	27	2	1	14	14	7	15	14	27	3	5	26	17	7	27	14	11	3	14	14	2	27	20	11	4	4	3	23	14	4	4	15	27	1	25	3	26	26	14	4	2	14	1	23	10	2	23	25	2	27	14	27	15	15	14	26	23	27	26	16	7	27	20	26	27	14	3	9	20	2	2	4	20	26	23	14	3	24	14	4	26	7	3	14	26	14	2	2	23	23	23	10	2	23	12	14	14	14	27	14	14	27	27	14	23	26	14	7	26	19	8	12	14	3	16	20	11	2	14	14	16	23	14	3	24	14	4	14	14	14	26	26	7	27	26	14	14	13	10	1	23	12	2	23	14	27	14	14	14	24	11	8	8	16	6	27	19	7	27	8	14	20	14	20	2	23	11	4	1	14	3	23	14	4	20	2	23	14	1	7	27	20	4	2	2	9	1	23	4	2	23	14	3	14	14	27	24	15	14	1	23	6	27	18	7	27	14	8	17	2	10	2	23	12	14	5	14	3	23	14	4	1	25	25	14	25	7	27	20	14	14	27	9	1	23	11	2	14	14	14	14	14	3	24	14	1	4	14	5	27	18	7	27	20	8	1	17	2	1	23	12	2	14	25
DESTINATION
3	14	17	2	22	23	2	14	3	3	27	14	14	27	11	25	14	25	14	4	26	9	14	14	9	1	16	20	2	14	13	14	14	14	14	27	15	5	1	14	5	27	26	14	2	26	8	1	14	17	2	27	20	2	14	14	2	16	6	14	27	11	14	14	14	2	3	26	14	2	12	12	12	2	23	2	22	14	14	16	16	14	27	15	14	20	20	13	7	7	23	1	26	14	2	2	2	23	27	20	2	14	14	14	8	8	6	27	11	14	20	8	27	2	26	14	2	14	14	14	14	14	14	23	23	2	27	11	25	1	14	14	27	8	14	11	14	14	1	23	14	3	14	7	4	14	20	2	14	4	26	7	13	27	27	7	14	1	8	8	1	23	14	2	14	14	14	14	14	14	14	14	2	2	14	25	16	14	14	27	11	14	1	23	16	14	14	10	14	14	2	2	12	2	2	14	14	2	26	16	14	2	2	7	1	7	3	3	13	14	4	26	14	3	13	14	2	14	4	24	4	14	16	16	16	8	27	11	14	1	25	14	25	8	2	2	23	23	3	27	14	27	3	14	2	27	27	14	25	27	27	27	20	20	14	3	4	2	26	14	3	14	14	27	14	2	2	14	14	14	8	8	14	27	1	14	1	7	14	3	26	14	23	12	2	12	2	3	3	14	14	2	26	14	14	19	26	14	14	8	27	23	16	16	16	2	14	3	14	14	3	14	14	1	1	4	26	16	1	23	16	14	27	1	7	14	1	10	14	16	27	11	23	13	13	23	14	10	27	14	14	14	27	14	2	27	26	14	23	8	1	1	3	3	4	14	14	3	15	3	3	23	1	4	16	5	5	26	25	23	2	7	14	1	9	3	7	25	2	2	2	2	23	14	3	14	23	14	14	27	14	14	25	3	27	23	8	1	23	10	27	27	14	23	14	14	14	14	2	26	23	15	5	26	11	14	26	26	14	14	1	25	14	23	2	27	2	13	2	23	17	17	20	14	27	14	27	14	14	18	2	2	2	8	1	23	10	1	14	14	14	3	14	17	2	22	23	27	27	27	15	4	3	1	14	3	27	1	25	14	4	26	3	23	4	2	23	14	3	27	27	2	27	1	14	14	7	15	14	27	3	1	23	10	1	27	14	14	27	14	14	2	27	20	11	4	3	4	16	6	27	27	7	23	23	23	14	3	26	14	4	2	2	23	3	3	23	14	14	27	14	14	14	27	15	14	26	23	27	24	9	26	20	11	26	2	14	14	3	9	20	2	4	20	26	16	5	27	18	7	20	14	14	14	3	26	14	14	14	2	23	14	23	14	14	4	14	14	4	14	27	14	14	27	14	14	23	1	23	11	11	2	14	27	2	3	16	20	2	14	14	2	16	26	17	7	27	27	14	11	3	1	26	14	2	26	14	14	13	23	4	14	4	24	27	27	1	27	14	14	27	11	15	8	1	23	10	10	23	23	25	27	3	20	20	14	22	14	11	4	26	16	7	15	27	20	26	14	1	26	14	1	26	14	4	2	2	14	14	20	2	14	26	26	7	14	14	27	11	14	1	26	23	2	10	2	2	12	14	14	14	17	2	22	23	2	14	5	7	26	7	14	27	12	14	23	25	14	5	26	14	14	14	27	3	24	20	2	14	14	14	14	14	14	27	14	14	1	4	26	1	1	23	2	14	2	23	27	17	2	27	23	2	16	14	6	27	14	14	27	11	8	14	25	14	4	26	14	23	14	14	3	14	20	2	14	20	2	23	14	14	27	15	14	2	9	9	1	9	14	1	26	23	14	2	14	2	27	20	2	14	14	14	6	27	14	27	11	14	8	14
DUE_DATE
0	31147	30476	30045	30094	29603	31392	30727	30296	30825	30394	29903	29952	31727	31036	30585	30614	30643	30132	30161	31930	31239	31268	30300	30342	30924	30966	30468	32250	31572	31607	31156	30645	31214	30703	30732	32501	31810	31359	31388	31427	30916	32685	31994	32023	31572	31601	31090	31119	31148	31179	32940	32241	31782	31263	31824	31305	33066	33087	31908	31389	33150	32451	32472	32527	32096	31605	31654	33443	32772	32325	32352	33579	33606	32433	31920	31947	33714	33021	33768	32595	33102	32646	32670	32154	33918	33222	32226	32250	34014	33318	32862	32346	32395	34172	33489	33526	33083	33120	32617	34394	33737	33316	32835	33914	34693	33517	32996	33015	34774	34793	34092	34111	34130	33669	33688	33167	33186	34945	34244	33783	34337	35116	33975	33494	33553	35325	34632	34659	34206	34233	33720	33747	35514	34821	34368	35595	34911	35664	34497	34530	34023	35796	35829	35142	35175	34714	34190	34206	35962	35258	34254	35290	34826	36042	34858	34334	36090	35386	35402	36138	35434	34970	34446	34491	36264	35577	34590	35163	35196	35229	36462	34755	34800	36582	35904	35946	34968	36030	35592	35091	36864	36177	35730	35763	35796	37029	37062	35355	35385	37152	36459	37206	36033	36540	36087	36114	35601	37368	36675	35695	36752	37509	37546	36383	35880	35917	37694	37011	36024	37077	36630	36663	36156	36189	37962	36795	36821	37324	37347	38090	36913	36396	36419	38182	37485	38228	37531	37074	37097	36581	38344	37647	36650	37693	37236	38459	36742	36765	38528	38551	37854	37877	37425	37452	36939	36966	38733	38040	37587	38094	37641	38868	37695	37177	38936	38235	38974	38273	38292	37831	37310	37329	39088	38387	37386	39145	37964	37983	39247	37556	39345	38674	38723	39492	38837	38416	37935	37994	39793	39127	38696	38205	38794	38843	38352	40125	38412	40179	39486	39513	39540	39087	38574	38601	40368	39675	39221	39244	39267	40490	40513	38796	40559	39862	39885	39428	39931	39474	39497	38977	40736	40035	39034	40073	39612	40831	40850	39129	39148	40907	40926	39205	40244	39783	39840	39342	41124	40446	40008	40050	40572	40127	41356	39645	39674	39703	41472	40781	41530	40839	40388	40447	39956	41745	41074	40103	41172	40731	41964	40257	40290	42063	42096	41409	41442	40995	41035	40532	40569	42346	41663	41220	41737	41294	42540	41382	40884	42666	41988	42750	42072	42120	41682	41184	41226	43008	42330	41352	41947	41996	43245	41554	43343	42672	43431	42744	42777	42330	41823	41856	43629	42942	41955	41981	42544	42567	42050	43813	43836	43139	43162	43905	42188	42751	42234	43997	43327	43376	42945	42994	43043	42552	44397	44496	42855	44640	43962	44004	44046	43608	43650	43152	44997	44376	43995	43481	44524	44067	45290	45313	43596	43619	44662	45405	43688	44731	44274	44297	43795	45572	44889	43906	44963	44520	45757	44054	44107	45896	45945	44794	45323	44892	44997	44556	44655	46457	45796	45375	44894	45973	45557	46816	45135	46934	46273	46377	45996	46095	45591	45624	47397	46710	46743	45756	46329	46362	47595	45895	47672	46989	47746	47063	47100	46657	46154	46195	47252	47289	46846	46343	48120	46957	46454	48257	48316	47655	47714	47773	47347	46856	46905	48694	48023	47592	47635	48872	47709	47206	48983	49020	48337	48374	47919	48420	49161	47442	47463	49224	48525	48066	48087	48108	47589	47610	49371	49392	49497	48876	48975	49015	48572	48609	48106	49883	49200	49237	48254	48835	48872	48369	50146	50183	48480	49537	49574	50347	49196	49245	48754	50543	49872	49902	48906	48930	49494	48978	50742	49026	50790	50094	50838	49662	49686	49725	49212	50979	50286	50313	49860	49887	49374	49401	51168	51195	50515	50072	50589	51346	50183	49680	51457	50774	50811	50364	50397	50430	49923	51696	51729	51042	50595	50635	51152	51189	50206	50243	51300	51337	50894	50925	50412	50439	52206	52233	51540	51567	51114	50601	52368	52395	50707	50756	52545	51874	51443	51492	50982	51546	51030	52794	52818	52122	52146	51690	51174	52218	52962	52266	51835	51872	51369	51406	51443	53220	53257	53294	52605	52632	52179	52206	53433	52260	51747	53514	52821	52368	52395	51882	52446	51930	53694	53718	53742	53046	53070	52614	53118	52122	52686	52195	53972	53289	53326	52883	52380	52957	52454	54231	52524	54297	53610	53163	54396	54429	53262	52755	54557	53896	53955	53534	53053	53615	53092	54849	54866	54163	53700	53717	54214	53211	53228	54985	54282	54299	53836	53853	53330	55087	55157	54496	54075	54134	53653	55435	54752	53769	55546	54863	54900	54457	54494	54017	54616	55875	55934	55273	55311	54864	54357	56130	56163	54456	56229	55542	55095	55125	54612	54639	55686	56433	54720	56487	55794	55821	55368	54855	56672	56746	56100	55694	55725	55212	56979	55266	57033	55320	57087	56394	56421	55968	57195	56627	56296	55795	55832	57609	56926	56483	57720	57757	57794	56672	56206	56280	58094	57405	58152	58179	57486	57513	57060	57087	56574	58341	58368	58395	57977	58077	57696	57255	57291	59064	58377	58410	59163	58476	58029	58062	57555	59347	59396	58725	59494	58823	58872	58457	57976	58035	59834	59173
TRANSPORT_MODE
0	2	2	1	1	1	1	2	0	1	1	1	1	1	2	0	2	1	1	1	1	1	2	0	0	1	1	1	1	1	2	0	0	1	1	1	1	1	2	0	1	1	1	1	1	1	0	0	2	1	1	1	1	1	0	0	0	3	3	1	1	1	1	1	0	2	1	1	1	1	1	0	3	3	1	1	1	1	1	0	0	2	1	1	1	1	1	0	0	3	1	1	1	1	1	0	2	1	1	1	1	1	0	0	1	3	1	1	1	1	0	0	0	1	2	1	1	1	1	1	0	1	3	1	1	1	1	0	1	2	2	1	1	1	1	0	0	1	3	1	1	1	1	0	1	2	2	1	1	1	1	0	0	1	3	1	1	1	1	0	0	1	2	1	1	1	1	0	0	1	1	3	1	1	1	1	0	0	1	2	1	1	1	1	0	1	3	3	1	1	1	1	0	0	1	2	1	1	1	1	0	1	3	3	1	1	1	1	0	0	1	2	1	1	1	1	0	0	1	1	3	1	1	1	0	0	1	1	2	1	1	1	1	0	1	1	3	1	1	1	0	0	1	1	2	2	1	1	1	0	1	1	3	1	1	1	0	0	1	1	2	2	1	1	1	0	0	1	1	3	1	1	1	0	0	1	1	2	1	1	1	0	0	1	1	1	3	1	1	1	0	1	1	2	1	1	1	0	1	1	3	3	1	1	1	0	0	1	1	2	1	1	1	0	1	1	3	3	1	1	1	0	0	1	1	2	1	1	1	0	0	1	1	3	1	1	1	0	0	1	1	1	2	1	1	1	0	1	1	3	1	1	1	0	0	1	1	2	2	1	1	1	0	1	1	3	1	1	1	0	0	1	1	2	2	1	1	1	0	1	1	3	1	1	1	0	0	1	1	2	1	1	1	0	0	1	1	1	3	1	1	1	0	1	1	1	2	1	0	1	0	1	1	3	3	1	1	1	0	1	1	2	1	1	1	0	0	1	1	3	3	1	1	1	0	0	1	1	2	1	1	1	0	1	1	3	1	1	1	0	0	1	1	1	2	1	1	1	0	0	1	1	3	1	1	1	0	1	1	2	2	1	1	1	0	1	1	3	1	1	1	0	0	1	1	2	2	1	1	1	0	0	1	1	3	1	1	1	0	1	1	2	1	1	1	0	0	1	1	1	3	1	1	1	0	0	1	1	2	1	1	1	0	1	1	3	3	1	1	1	0	1	1	2	1	1	1	0	0	1	1	3	3	1	1	1	0	1	1	2	1	1	1	0	0	1	1	3	1	1	1	0	0	1	1	2	1	1	1	1	0	1	1	3	1	1	1	0	0	1	2	2	1	1	1	1	0	1	3	1	1	1	1	0	0	1	2	2	1	1	1	1	0	1	3	1	1	1	1	0	0	1	2	1	1	1	1	0	0	1	1	3	1	1	1	1	0	1	2	1	1	1	1	0	1	3	3	1	1	1	1	0	0	1	2	1	1	1	1	0	1	3	3	1	1	1	1	0	0	1	2	1	1	1	1	0	0	1	3	1	1	1	1	0	0	1	2	1	1	1	1	1	0	1	3	1	1	1	1	0	2	2	1	1	1	1	1	0	3	1	1	1	1	1	0	0	2	2	1	1	1	1	1	0	3	1	1	1	1	1	0	0	2	1	1	1	1	1	0	0	3	1	1	1	1	1	1	0	2	1	1	1	1	3	0	3	1	1	1	1	1	3	0	0	1	1	1	1	1	3	0	3	1	1	1	1	1	3	0	0	1	1	1	1	1	3	0	1	1	1	1	1	3	0	0	1	1	1	1	1	1	0	0	3	1	1	1	1	1	0	0
PATIENT_WEIGHT
89	78	138	138	67	42	56	49	33	81	132	54	76	62	43	86	62	127	31	61	149	99	39	60	55	139	76	73	43	72	35	75	118	63	43	59	83	110	73	76	112	147	113	117	67	53	67	66	37	140	82	61	113	94	114	114	58	92	40	134	74	143	80	52	34	148	93	102	49	36	128	40	94	108	94	45	127	150	37	118	96	100	137	37	39	34	38	38	65	125	145	94	91	124	96	38	112	91	150	30	100	123	90	140	64	142	132	122	45	48	42	60	123	75	50	41	32	68	87	49	90	128	32	135	86	72	131	31	134	73	41	120	140	122	141	87	140	107	82	93	89	68	76	145	32	77	130	51	123	49	63	134	72	125	126	60	112	99	108	88	146	59	132	53	64	128	120	119	105	37	97	48	61	85	103	57	138	98	139	111	107	34	118	117	147	80	84	100	61	129	59	55	144	89	59	116	71	106	71	81	53	143	43	100	66	112	62	89	137	36	102	49	41	147	122	35	142	132	92	74	118	55	125	149	119	75	133	43	138	44	35	148	49	124	96	75	129	130	83	105	146	110	150	60	32	87	96	96	101	88	65	75	41	117	107	59	122	38	81	140	149	31	115	91	63	81	37	98	73	106	140	117	57	41	32	89	149	69	50	79	32	111	36	101	87	104	121	36	113	123	51	68	108	95	73	106	110	124	103	147	75	108	80	118	113	121	44	145	44	125	101	58	131	83	62	31	93	110	145	113	49	101	86	132	84	58	38	147	74	122	120	84	40	30	47	63	38	97	139	105	64	122	71	121	70	79	107	124	117	63	72	74	40	62	128	71	42	131	144	124	96	110	91	60	63	71	44	76	150	90	94	65	51	37	45	128	78	117	54	65	92	119	142	131	137	119	124	44	31	123	116	104	51	86	145	109	84	117	35	126	71	125	112	92	101	92	113	123	107	103	94	59	63	104	86	38	32	142	85	141	61	133	98	54	49	98	113	96	112	84	149	114	94	110	60	140	36	144	116	105	96	105	94	130	125	143	142	44	138	117	80	128	119	51	85	44	57	87	65	81	134	60	118	89	115	100	144	108	33	38	112	146	125	88	109	111	87	98	144	92	37	113	51	72	144	126	92	126	34	38	111	116	101	48	79	130	81	120	45	51	113	44	62	114	72	133	100	108	41	68	60	127	51	133	104	150	99	96	95	120	63	122	113	33	55	113	125	96	110	37	144	111	110	108	58	128	68	61	148	150	90	49	109	67	86	113	74	81	35	135	79	122	31	134	78	124	112	41	138	68	93	146	137	120	94	49	104	61	30	54	143	150	71	102	120	86	109	100	131	35	68	80	148	121	119	44	56	84	143	115	89	131	140	135	62	138	98	96	44	96	114	102	85	150	87	33	139	35	61	79	136	134	56	121	63	144	46	44	143	56	38	95	83	70	72	123	115	107	34	134	61	143	138	98	127	115	121	149	140	74	65	118	96	150	107	67	100	145	43	50	100	84	82	39	146	100	64	73	126	138	62	73	136	119	44	83	104	150	126	39	109	101	113	34	126	133	50	94	150	42	46	116	80	34	108	93	49	32	136	84	144	145	70	126	97	114	38	140	82	58	37	46	141	78	123	127	87	104	93	36	39	150	41	104	53	52	139	120	65	52	135	125	140	137	79	53	82	33	32	117	137	100	39	135	106	75	68	94	51	131	113	113	58	141	44	48	58	111	61	105	51	73	50	124	123	94	98	133	51	46	59	79	132	64	133	59	143	43	65	97	32	99	61	134	42	109	149	35	142	147	62	41	81	98	105	73	128	74	39	66	91	98	95	94	119	126	96	124	103	66	74
DISTANCE_MATRIX
0	360	318	300	288	276	264	264	150	150	150	60	90	90	162	168	204	228	234	312	360	408	348	318	168	192	168	318
360	60	264	318	324	342	342	342	348	348	354	360	372	378	378	420	420	480	462	498	462	462	384	420	372	420	378	378
318	264	60	270	276	288	288	288	294	294	294	318	318	324	324	414	414	468	462	486	462	462	330	366	366	408	372	324
300	318	270	60	276	288	288	288	288	288	288	300	300	312	318	408	408	468	462	486	438	438	318	360	360	402	360	312
288	324	276	276	60	276	276	276	276	276	276	288	288	300	300	402	396	462	456	480	432	432	300	360	360	402	348	300
276	342	288	288	276	60	180	180	252	258	264	264	264	288	288	390	390	456	450	480	432	432	288	348	348	348	288	288
264	342	288	288	276	180	60	180	246	258	264	264	264	288	288	390	390	456	450	480	432	432	288	348	348	348	288	288
264	342	288	288	276	180	180	60	240	258	264	264	264	288	288	390	390	456	450	480	432	432	288	348	348	348	288	288
150	348	294	288	276	252	246	240	60	120	120	150	126	270	270	378	384	420	438	480	420	408	276	300	300	300	276	270
150	348	294	288	276	258	258	258	120	60	120	150	150	270	270	378	384	420	438	480	420	408	276	300	300	300	276	270
150	354	294	288	276	264	264	264	120	120	60	150	150	270	270	378	384	420	438	480	420	408	276	300	300	300	276	270
60	360	318	300	288	264	264	264	150	150	150	60	90	162	168	228	234	312	360	408	348	318	168	192	192	198	168	162
90	372	318	300	288	264	264	264	150	150	150	90	60	162	168	228	234	312	360	408	348	318	168	192	192	198	168	162
90	378	324	312	300	288	288	288	270	270	270	162	162	60	120	180	180	306	210	360	300	300	120	180	120	180	120	234
162	378	324	318	300	288	288	288	270	270	270	168	168	120	60	180	180	306	210	360	300	300	120	180	120	180	120	120
168	420	414	408	402	348	348	348	300	300	300	228	228	180	180	60	132	204	132	348	258	258	186	60	180	132	222	180
204	420	414	408	396	390	390	390	384	384	384	234	234	180	180	132	60	204	132	348	258	258	186	60	180	132	222	180
228	480	468	468	462	456	456	456	420	420	420	312	312	306	306	204	204	60	198	120	240	240	306	204	306	138	306	306
234	462	462	462	456	450	450	450	438	438	438	360	360	210	210	132	132	198	60	138	132	132	210	132	210	132	210	210
312	498	486	486	480	480	480	480	480	480	480	408	408	360	360	348	348	120	138	60	348	348	360	348	360	348	360	360
360	462	462	438	432	432	432	432	420	420	420	348	348	300	300	258	258	240	132	348	60	60	300	258	300	258	300	300
408	462	462	438	432	432	432	432	408	408	408	318	318	300	300	258	258	240	132	348	60	60	300	258	300	258	300	300
348	384	330	318	300	288	288	288	276	276	276	168	168	120	120	186	186	306	210	360	300	300	60	186	120	186	120	120
318	420	366	360	360	348	348	348	300	300	300	192	192	180	180	60	60	204	132	348	258	258	186	60	180	60	180	180
168	372	300	306	300	288	288	288	270	270	270	168	168	120	120	180	180	306	210	360	300	300	120	180	60	180	120	120
192	420	408	402	402	348	348	348	300	300	300	198	198	180	180	132	132	138	132	348	258	258	186	60	180	60	180	180
168	378	372	360	348	288	288	288	276	276	276	168	168	120	120	222	222	306	210	360	300	300	120	180	120	180	60	120
318	378	324	312	300	288	288	288	270	270	270	162	162	234	120	180	180	306	210	360	300	300	120	180	120	180	120	60
DEPOTS_DISTANCE
234	462	462	462	456	450	450	450	438	438	438	360	360	210	210	132	132	198	60	138	132	132	210	132	210	132	210	210	
348	384	330	318	300	288	288	288	276	276	276	168	168	120	120	186	186	306	210	360	300	300	60	186	120	186	120	120	
318	420	366	360	360	348	348	348	300	300	300	192	192	180	180	60	60	204	132	348	258	258	186	60	180	60	180	180	
LOCATION_TURN_MATRIX
100	130	122	113	112	199	136	122	129	152	173	146	151	136	158	140	176	113	122	167	194	134	110	172	114	184	100	147	
170	100	154	188	164	169	136	136	152	170	104	183	155	115	101	104	155	187	174	115	149	134	178	168	114	135	168	102	
178	146	100	161	178	114	104	165	117	139	126	169	192	109	120	179	160	152	154	134	113	140	154	179	196	196	192	181	
187	112	139	100	158	114	195	181	104	132	195	106	183	169	132	170	140	136	172	148	116	110	123	136	151	120	176	169	
188	136	122	142	100	175	164	159	112	100	167	164	135	191	132	181	104	123	142	156	108	117	193	182	116	147	156	185	
101	131	186	186	125	100	190	147	164	150	137	102	145	176	185	131	113	108	117	186	118	151	140	178	154	189	172	110	
164	164	196	105	136	110	100	186	153	151	183	193	111	157	144	123	188	142	110	163	105	190	166	187	170	171	186	126	
178	164	135	119	141	153	114	100	106	130	108	103	151	178	122	151	130	133	184	177	110	141	166	110	122	174	191	197	
171	148	183	196	188	136	147	194	100	167	100	146	168	129	128	142	172	118	174	147	105	158	156	160	120	106	119	136	
148	130	161	168	200	150	149	170	133	100	177	106	175	116	188	180	176	194	108	146	130	187	183	173	128	141	169	176	
127	196	174	105	133	163	117	192	200	123	100	171	175	140	183	115	104	186	128	153	151	175	100	146	191	117	132	197	
154	117	131	194	136	198	107	197	154	194	129	100	136	184	140	147	172	184	148	131	103	156	185	200	152	158	154	143	
149	145	108	117	165	155	189	149	132	125	125	164	100	140	199	142	101	144	163	185	117	191	200	143	113	165	102	154	
164	185	191	131	109	124	143	122	171	184	160	116	160	100	109	116	196	113	131	186	166	139	183	175	144	161	105	170	
142	199	180	168	168	115	156	178	172	112	117	160	101	191	100	147	177	177	199	158	172	188	164	175	180	168	154	195	
160	196	121	130	119	169	177	149	158	120	185	153	158	184	153	100	152	159	197	157	181	159	102	123	168	200	124	186	
124	145	140	160	196	187	112	170	128	124	196	128	199	104	123	148	100	149	114	112	117	135	105	132	138	180	198	156	
187	113	148	164	177	192	158	167	182	106	114	116	156	187	123	141	151	100	166	132	168	163	159	123	129	173	161	116	
178	126	146	128	158	183	190	116	126	192	172	152	137	169	101	103	186	134	100	184	199	137	130	160	148	113	140	150	
133	185	166	152	144	114	137	123	153	154	147	169	115	114	142	143	188	168	116	100	111	195	128	157	191	164	141	171	
106	151	187	184	192	182	195	190	195	170	149	197	183	134	128	119	183	132	101	189	100	129	151	163	147	166	104	177	
166	166	160	190	183	149	110	159	142	113	125	144	109	161	112	141	165	137	163	105	171	100	101	185	169	129	103	197	
190	122	146	177	107	160	134	134	144	117	200	115	100	117	136	198	195	141	170	172	149	199	100	106	150	116	118	145	
128	132	121	164	118	122	113	190	140	127	154	100	157	125	125	177	168	177	140	143	137	115	194	100	128	167	115	155	
186	186	104	149	184	146	130	178	180	172	109	148	187	156	120	132	162	171	152	109	153	131	150	172	100	155	124	184	
116	165	104	180	153	111	129	126	194	159	183	142	135	139	132	100	120	127	187	136	134	171	184	133	145	100	129	192	
200	132	108	124	144	128	114	109	181	131	168	146	198	195	146	176	102	139	160	159	196	197	182	185	176	171	100	146	
153	198	119	131	115	190	174	103	164	124	103	157	146	130	105	114	144	184	150	129	123	103	155	145	116	108	154	100	
DEPOTS_TO_LOCAL_TURN_MATRIX
178	126	146	128	158	183	190	116	126	192	172	152	137	169	101	103	186	134	100	184	199	137	130	160	148	113	140	150	
190	122	146	177	107	160	134	134	144	117	200	115	100	117	136	198	195	141	170	172	149	199	100	106	150	116	118	145	
128	132	121	164	118	122	113	190	140	127	154	100	157	125	125	177	168	177	140	143	137	115	194	100	128	167	115	155	
LOCAL_TO_DEPOT_TURN_MATRIX
122	174	154	172	142	117	110	184	174	108	128	148	163	131	199	197	114	166	100	116	101	163	170	140	152	187	160	150	
110	178	154	123	193	140	166	166	156	183	100	185	200	183	164	102	105	159	130	128	151	101	100	194	150	184	182	155	
172	168	179	136	182	178	187	110	160	173	146	200	143	175	175	123	132	123	160	157	163	185	106	100	172	133	185	145	

