INDEX_PROBLEM
1
PATIENTS
800
STRETCHERS
16
NUM_ROOM
28
NUM_DEPOT
3
NUM_PRIORITY
4
PRIORITY_LIST
0	1	2	3	4
PRIORITY_WEIGHT
0	1	10	18	30
PRIORITY_JOB
0	1	2	3	3	4	1	3	3	2	2	3	4	1	4	3	2	3	3	4	1	2	2	4	3	4	4	1	2	3	4	4	3	4	4	1	2	2	3	3	3	3	4	1	2	2	3	4	4	4	1	2	3	3	3	4	4	1	4	1	2	2	3	1	1	4	4	1	2	3	3	4	3	1	4	1	2	2	3	4	2	4	1	2	3	3	4	3	3	1	1	4	1	2	2	3	2	4	3	4	1	2	2	3	4	4	1	1	4	1	2	3	1	4	3	4	4	1	2	2	3	3	3	1	4	1	2	3	2	1	3	4	4	1	2	2	3	3	4	1	4	1	2	3	2	1	3	4	4	1	2	2	3	4	3	1	4	1	2	2	2	1	3	4	4	1	2	3	3	4	2	4	1	1	2	2	3	1	2	4	4	1	2	3	3	3	4	1	1	2	2	3	4	1	3	4	1	2	3	3	4	4	4	1	1	1	2	2	3	2	3	3	4	1	2	2	3	4	4	4	1	1	4	1	2	3	2	3	3	4	4	1	2	2	3	3	3	4	1	1	2	3	1	3	4	4	1	2	2	3	4	4	4	1	1	2	3	2	1	3	4	4	1	2	2	3	4	3	4	1	1	2	2	1	2	3	4	4	1	2	3	3	4	2	4	1	1	2	2	3	1	2	4	4	1	2	3	3	3	4	1	1	2	2	3	4	1	4	4	1	2	3	3	4	3	4	1	1	1	2	2	3	1	4	3	4	1	2	2	3	4	4	4	1	1	2	2	3	2	4	3	4	1	2	2	3	3	3	4	4	1	1	2	3	2	1	3	4	1	2	2	3	4	4	4	1	1	2	3	3	2	4	4	1	2	2	3	3	4	1	4	1	1	2	2	3	1	2	4	4	2	2	3	3	4	4	4	1	1	2	2	3	2	1	4	3	1	2	3	3	4	3	1	2	1	3	2	4	4	2	1	2	3	3	4	4	4	1	2	1	1	2	3	3	1	3	4	1	2	2	3	4	4	4	4	2	1	1	2	3	3	1	4	1	2	2	3	4	3	3	4	1	1	2	3	3	2	2	4	1	2	2	3	4	4	4	1	1	2	3	3	4	1	4	1	2	2	3	3	4	3	1	1	1	2	3	3	4	2	1	4	2	2	3	3	4	1	4	2	2	1	3	4	4	2	1	1	2	3	3	4	1	3	2	1	2	3	4	4	1	2	4	2	3	3	4	4	1	3	2	1	1	2	3	3	4	1	4	1	2	3	3	4	4	3	1	1	1	2	2	3	3	1	4	4	1	2	2	3	4	3	4	1	1	2	3	3	4	2	4	1	2	2	3	4	1	3	2	1	3	3	4	4	2	1	1	2	2	3	3	4	1	3	1	2	3	3	4	4	1	2	1	2	2	3	3	4	1	4	1	1	2	2	3	4	4	2	1	1	2	3	3	4	1	4	1	2	2	3	4	4	1	2	2	3	3	4	4	1	3	1	1	2	2	3	4	4	1	3	1	2	3	3	4	4	4	1	1	1	2	2	3	3	1	3	4	1	2	2	3	4	4	3	1	1	2	3	3	4	2	4	1	2	2	3	4	3	4	1	1	2	3	3	4	1	2	4	1	2	2	3	4	4	3	1	1	2	3	3	4	1	1	4	1	2	2	3	3	4	4	1	1	2	2	3	4	2	2	1	2	3	3	4	4	4	1	1	2	2	3	4	2	1	1	1	1	2	3	3	4	2	1	1	4	1	2	2	3	2	1	4	4	1	2	3	2	1	1	1	3	4	4	1	2	1	2	1	2	3	3	4	1	2	1	2	2	3	4	4	1	2
TIME_ASKED
0	28849	28898	28947	28996	29045	29094	29149	29198	29247	29296	29345	29394	29429	29458	29487	29516	29545	29574	29603	29632	29661	29690	29742	29784	29826	29868	29910	29952	29994	30029	30058	30087	30116	30145	30174	30203	30232	30261	30290	30329	30358	30387	30416	30445	30474	30503	30532	30561	30590	30621	30642	30663	30684	30705	30726	30747	30768	30789	30810	30831	30852	30873	30894	30949	30998	31047	31096	31145	31194	31227	31254	31281	31308	31335	31362	31389	31416	31443	31470	31497	31524	31548	31572	31596	31620	31644	31668	31692	31716	31740	31764	31788	31837	31874	31911	31948	31985	32022	32059	32096	32159	32218	32277	32336	32395	32419	32438	32457	32476	32495	32514	32533	32552	32571	32590	32609	32628	32647	32666	32685	32759	32818	32877	32936	32995	33027	33054	33081	33108	33135	33162	33189	33216	33243	33270	33297	33333	33366	33399	33432	33465	33498	33531	33564	33597	33616	33632	33648	33664	33680	33696	33712	33728	33744	33760	33776	33792	33808	33824	33840	33856	33872	33888	33933	33966	33999	34032	34065	34098	34131	34164	34197	34242	34284	34326	34368	34410	34452	34494	34533	34566	34599	34632	34665	34698	34731	34764	34797	34827	34854	34881	34908	34935	34962	34989	35016	35043	35070	35097	35137	35174	35211	35248	35285	35322	35359	35396	35433	35466	35499	35532	35565	35598	35631	35664	35697	35723	35746	35769	35792	35815	35838	35861	35884	35907	35930	35953	35976	35999	36023	36046	36069	36092	36115	36138	36161	36184	36207	36230	36253	36276	36299	36327	36354	36381	36408	36435	36462	36489	36516	36543	36570	36597	36619	36638	36657	36676	36695	36714	36733	36752	36771	36790	36809	36828	36847	36866	36885	36949	36998	37047	37096	37145	37194	37259	37318	37377	37436	37495	37549	37598	37647	37696	37745	37794	37827	37854	37881	37908	37935	37962	37989	38016	38043	38070	38097	38123	38146	38169	38192	38215	38238	38261	38284	38307	38330	38353	38376	38399	38419	38438	38457	38476	38495	38514	38533	38552	38571	38590	38609	38628	38647	38666	38685	38742	38784	38826	38868	38910	38952	38994	39029	39058	39087	39116	39145	39174	39203	39232	39261	39290	39349	39398	39447	39496	39545	39594	39633	39666	39699	39732	39765	39798	39831	39864	39897	39937	39974	40011	40048	40085	40122	40159	40196	40242	40284	40326	40368	40410	40452	40494	40542	40584	40626	40668	40710	40752	40794	40849	40898	40947	40996	41045	41094	41133	41166	41199	41232	41265	41298	41331	41364	41397	41423	41446	41469	41492	41515	41538	41561	41584	41607	41630	41653	41676	41699	41749	41798	41847	41896	41945	41994	42099	42198	42297	42342	42384	42426	42468	42510	42552	42594	42699	42798	42897	42923	42946	42969	42992	43015	43038	43061	43084	43107	43130	43153	43176	43199	43237	43274	43311	43348	43385	43422	43459	43496	43549	43598	43647	43696	43745	43794	43899	43998	44097	44159	44218	44277	44336	44395	44459	44518	44577	44636	44695	44799	44898	44997	45033	45066	45099	45132	45165	45198	45231	45264	45297	45337	45374	45411	45448	45485	45522	45559	45596	45637	45674	45711	45748	45785	45822	45859	45896	45959	46018	46077	46136	46195	46249	46298	46347	46396	46445	46494	46537	46574	46611	46648	46685	46722	46759	46796	46821	46842	46863	46884	46905	46926	46947	46968	46989	47010	47031	47052	47073	47094	47199	47298	47397	47437	47474	47511	47548	47585	47622	47659	47696	47737	47774	47811	47848	47885	47922	47959	47996	48049	48098	48147	48196	48245	48294	48324	48348	48372	48396	48420	48444	48468	48492	48516	48540	48564	48588	48627	48654	48681	48708	48735	48762	48789	48816	48843	48870	48897	48937	48974	49011	49048	49085	49122	49159	49196	49233	49266	49299	49332	49365	49398	49431	49464	49497	49537	49574	49611	49648	49685	49722	49759	49796	49827	49854	49881	49908	49935	49962	49989	50016	50043	50070	50097	50149	50198	50247	50296	50345	50394	50424	50448	50472	50496	50520	50544	50568	50592	50616	50640	50664	50688	50737	50774	50811	50848	50885	50922	50959	50996	51027	51054	51081	51108	51135	51162	51189	51216	51243	51270	51297	51324	51348	51372	51396	51420	51444	51468	51492	51516	51540	51564	51588	51637	51674	51711	51748	51785	51822	51859	51896	51933	51966	51999	52032	52065	52098	52131	52164	52197	52259	52318	52377	52436	52495	52517	52534	52551	52568	52585	52602	52619	52636	52653	52670	52687	52704	52721	52738	52755	52772	52789	52859	52918	52977	53036	53095	53137	53174	53211	53248	53285	53322	53359	53396	53459	53518	53577	53636	53695	53733	53766	53799	53832	53865	53898	53931	53964	53997	54027	54054	54081	54108	54135	54162	54189	54216	54243	54270	54297	54374	54448	54522	54596	54627	54654	54681	54708	54735	54762	54789	54816	54843	54870	54897	55049	55198	55237	55274	55311	55348	55385	55422	55459	55496	55574	55648	55722	55796	55827	55854	55881	55908	55935	55962	55989	56016	56043	56070	56097	56399	56499	56598	56697	56733	56766	56799	56832	56865	56898	56931	56964	56997	57049	57098	57147	57196	57245	57294	57359	57418	57477	57536	57595
ORIGIN
26	16	6	27	19	7	11	8	25	14	23	10	2	23	14	14	2	14	3	23	14	14	2	16	14	14	16	7	27	20	4	14	2	9	1	23	11	14	23	2	14	2	14	3	24	14	14	14	8	6	27	18	7	27	20	8	5	14	17	2	23	12	2	14	14	14	23	14	4	24	11	11	25	14	1	27	19	8	14	14	14	1	23	11	2	14	14	9	13	14	14	24	14	4	1	1	14	1	18	7	27	20	8	1	14	14	14	17	12	2	14	14	14	14	14	4	24	15	4	2	16	2	2	26	3	27	23	12	14	23	10	2	23	14	2	12	16	16	14	14	4	26	20	13	14	7	7	27	20	14	3	13	7	2	23	27	27	23	14	14	8	2	4	24	15	4	8	16	8	8	2	2	14	22	8	14	27	14	14	23	12	2	23	27	14	1	1	14	14	16	14	11	11	14	27	20	8	27	3	14	4	14	20	2	14	13	26	7	13	27	7	14	4	26	7	8	27	27	14	14	2	14	14	14	14	14	14	25	2	23	14	3	14	14	14	14	11	11	14	23	16	12	14	8	27	23	2	16	14	2	2	2	14	14	2	26	14	2	13	4	26	16	1	23	16	14	14	4	26	14	14	14	16	23	4	2	23	13	3	23	14	10	27	2	14	1	25	14	14	8	2	2	23	8	1	22	3	3	3	14	2	27	14	14	14	27	27	26	16	5	26	26	25	23	23	14	3	14	14	27	14	2	2	23	13	2	23	14	3	14	3	20	1	7	14	3	26	14	23	20	8	1	23	10	27	23	14	4	26	14	14	14	26	14	14	3	5	26	11	14	26	27	14	14	14	14	3	14	14	1	1	13	2	23	17	26	20	14	27	1	27	7	1	14	14	16	26	14	1	23	10	1	14	14	2	14	14	14	27	14	2	2	26	14	4	1	3	1	27	3	1	14	14	3	15	3	3	23	1	4	23	14	3	27	27	2	27	2	14	1	9	9	7	25	2	2	23	10	1	27	14	24	27	14	14	27	14	14	25	3	27	20	16	6	27	19	7	23	23	23	14	14	14	14	2	26	15	23	14	3	23	14	14	27	2	14	1	14	14	23	2	27	2	24	9	26	20	11	26	2	14	27	27	14	14	18	2	2	2	8	5	27	18	7	20	14	14	3	14	2	2	2	23	27	27	27	3	23	14	4	14	14	14	1	4	14	4	26	3	23	2	9	1	23	11	2	14	27	2	1	14	14	7	15	14	3	3	1	26	17	7	27	14	11	3	14	2	27	27	20	11	4	26	3	23	14	4	4	15	27	1	25	3	26	26	14	4	2	2	1	23	10	2	23	25	2	27	14	27	15	15	14	26	27	14	26	16	7	27	20	26	27	14	9	20	20	2	2	4	26	14	23	14	3	24	14	4	26	7	14	26	14	14	2	2	23	23	14	10	2	23	12	14	14	14	27	14	14	27	27	14	14	23	14	7	26	19	8	12	23	3	16	20	11	2	14	14	16	16	14	3	24	14	4	14	14	1	26	26	7	27	26	14	13	13	10	1	23	12	2	23	14	14	14	14	14	24	11	8	1	16	6	27	19	7	27	8	14	20	20	20	2	23	11	27	14	14	3	23	14	4	20	4	26	26	1	7	27	20	4	2	7	9	1	23	4	2	23	14	14	14	14	27	24	15	14	26	10	6	27	18	7	27	14	8	14	2	10	2	23	12	14	5	14	3	23	14	4	1	14	25	25	14	7	27	20	14	14	14	9	1	23	11	2	14	14	10	14	14	3	24	14	1	4	10	5	27	18	7	27	20	8	1	17	2	1	23	12	2	14	14
DESTINATION
3	14	17	2	22	23	12	14	14	3	27	14	14	27	25	25	14	25	14	4	26	9	14	14	9	9	16	20	2	14	14	10	14	14	14	27	15	5	1	14	5	27	26	14	2	26	8	1	14	17	2	27	20	2	14	14	14	16	6	14	27	11	14	8	25	2	3	26	14	2	12	12	14	2	23	2	22	14	2	16	16	14	27	15	14	20	20	14	7	2	9	1	26	14	23	23	2	23	27	20	2	14	14	14	8	8	8	6	11	14	20	8	20	2	26	14	2	14	14	27	14	14	14	14	23	2	27	11	25	1	14	14	27	8	14	11	14	14	1	1	14	3	14	7	9	13	20	2	14	4	26	7	13	27	1	18	18	1	8	8	14	14	14	2	14	14	14	14	14	14	14	14	4	2	14	25	2	16	2	27	11	14	1	23	16	14	14	10	2	14	2	12	12	16	2	14	14	2	26	16	14	2	7	27	20	7	3	13	7	2	13	26	14	3	13	14	2	23	4	4	24	15	16	16	16	8	8	14	14	1	25	14	25	8	2	2	12	12	2	27	14	11	1	14	2	27	27	14	1	27	27	27	20	8	27	3	4	14	7	14	3	14	14	27	14	2	2	14	14	4	8	8	14	27	14	14	1	7	14	3	26	14	23	27	2	23	14	3	3	14	14	14	26	14	14	19	26	14	14	8	27	23	16	16	16	2	2	3	14	14	3	14	14	1	1	4	26	16	1	23	16	14	14	1	7	14	1	10	14	16	26	11	23	13	3	23	14	10	27	14	14	14	27	14	2	27	26	14	23	8	8	1	3	3	3	26	14	3	15	3	3	23	1	4	16	5	26	26	25	23	23	7	14	1	9	3	7	25	2	23	2	13	23	2	3	14	3	20	14	27	14	14	25	3	27	20	8	1	23	10	27	27	14	4	14	23	14	14	2	26	14	15	5	26	11	14	26	27	14	14	1	25	14	23	2	27	2	27	2	23	17	17	20	14	27	27	27	14	14	18	2	2	2	8	1	23	10	1	14	14	2	14	14	17	2	22	23	27	27	27	15	4	1	1	14	3	14	1	25	14	4	26	3	23	27	2	23	3	3	27	27	2	27	1	14	14	7	15	14	27	3	2	23	1	1	27	14	14	27	14	14	2	27	20	11	4	3	26	16	27	27	27	7	23	23	23	14	3	26	14	4	2	2	23	23	3	23	14	14	27	14	14	14	27	15	14	26	23	27	24	9	26	20	11	26	14	14	14	3	9	20	2	4	20	26	16	27	18	18	7	20	14	3	14	3	26	14	14	14	2	23	14	23	14	14	4	14	14	14	14	27	14	14	27	14	14	23	1	23	11	11	2	14	2	1	3	16	20	2	14	14	2	16	17	7	7	27	27	14	3	3	1	26	14	2	26	14	14	13	9	14	4	4	24	27	1	1	25	14	14	27	11	15	8	1	23	10	10	23	23	2	2	27	20	20	14	22	14	11	27	26	16	7	15	27	20	26	14	14	26	14	1	26	14	4	2	23	14	14	20	2	14	4	7	7	14	14	27	11	14	1	26	10	2	10	2	2	12	14	14	14	17	2	22	23	2	14	5	14	7	7	14	27	12	23	16	25	14	5	26	14	14	14	14	14	24	20	2	14	14	14	13	14	14	27	14	14	1	4	10	10	1	23	2	14	2	14	14	17	2	27	23	2	16	14	8	27	14	14	27	11	8	14	25	14	4	26	14	23	4	14	14	3	20	2	14	20	4	26	14	14	27	15	14	2	4	14	9	1	14	1	26	23	14	14	14	2	27	20	2	14	14	14	6	27	14	27	11	14	8	5
DUE_DATE
0	31147	30476	30045	30094	29603	31392	30247	30296	30825	30874	30443	29952	31727	30016	30585	31094	30643	30672	30161	31930	31239	31268	30300	30882	30384	30426	32208	31530	31092	30587	30616	31185	30674	30703	32472	31781	31810	31359	31388	31427	31456	30945	32714	32023	32052	31601	31090	31119	31148	32919	32220	31761	31782	31803	31284	31305	33066	31347	33108	32409	32430	31971	33192	33247	31556	31605	33394	32723	32292	32325	31812	32379	33606	31893	33660	32967	32994	32541	32028	33075	32082	33846	33150	32694	32718	32202	32766	32790	34014	34038	32322	34086	33415	33452	33009	33526	32543	33120	32617	34394	33737	33796	33375	32894	32953	34717	34736	33015	34774	34073	33612	34831	33110	33669	33148	33167	34926	34225	34244	33783	33857	33916	35175	33494	35293	34605	34152	34659	35406	34233	33720	33747	35514	34821	34848	34395	34431	33924	35697	33990	35763	35076	34629	35142	35895	34714	34190	34206	35962	35258	35274	34810	34286	34842	36058	34334	36090	35386	35402	35418	36154	34970	34446	34491	36264	35577	35130	35163	34656	35709	34722	36495	36540	35862	35904	35466	36708	36030	35052	35091	36864	36177	35730	35763	35796	35289	37062	37095	36405	36432	35979	35466	37233	36060	35547	37314	36621	36168	36195	35695	35732	35769	37546	37583	37620	36937	36974	36531	37044	36597	36630	36123	37896	37209	37242	36795	36281	36304	36327	38090	38113	36396	38159	37462	37005	37508	37051	37074	36557	36581	38344	37647	37670	37213	37236	37259	36742	38505	38528	37831	37374	38597	37425	36912	36939	38706	38013	38040	37587	37074	37101	37128	38895	38917	38216	37755	38254	38993	37812	37291	37310	39069	38368	38387	37926	37405	37964	37443	39247	39296	38625	38674	39443	38772	38357	37876	37935	39734	39073	38647	38696	38205	39274	38303	40092	40125	39432	39459	39006	40233	39540	38547	38574	40341	39648	39195	39221	39244	38727	40490	40513	39816	39839	39382	38865	40628	38911	38934	40697	39997	39536	39555	39034	39593	39072	40831	40850	40869	40168	40187	39726	40945	39224	39783	39300	41082	40404	40446	40008	39510	39552	39587	41356	41385	40694	40723	40272	40781	39790	40359	39848	41647	40976	41025	40594	40643	40692	40191	40224	41997	42030	41343	40896	41409	42162	40995	40495	42272	41589	41626	41183	40680	40717	40754	42540	42582	41904	41466	41508	42030	41052	41100	42882	42204	42246	41808	41850	41352	43147	41456	43245	43294	42623	42672	42231	43464	42777	41790	41823	42876	42909	42462	42495	41981	42004	42027	43790	43813	43116	43139	42682	43185	43928	42211	42774	43997	43327	42896	42945	42454	43043	44292	43677	44496	43395	43920	42942	42984	44046	44808	44130	43692	43797	43356	43455	43481	45244	44547	45290	45313	44616	44159	44182	45405	44228	43711	45474	44777	44815	44372	43869	43906	43943	43980	45037	45794	45847	45176	44745	44794	46043	44352	46197	45576	45675	45257	44776	45375	45434	44953	46757	46816	46155	45734	45793	46377	46476	45555	47331	46644	46677	46230	45723	45756	45789	47562	47595	46915	46472	46509	46006	47783	46080	47857	47174	47215	46772	46809	46306	46883	48120	48157	48194	47537	47116	47175	46694	47773	48547	46856	47925	47974	47543	47592	47095	48872	47169	48226	48263	49020	47857	47354	47379	48420	49161	49182	48483	48024	48045	47526	49287	48108	48609	49350	48651	48192	47757	47856	49695	49015	48032	49089	48646	48683	48180	48217	49994	48835	49352	50109	50146	49463	49020	49057	48554	50347	48656	50445	49774	49343	49392	48882	48906	49470	50694	50718	50742	50046	50070	49614	49638	50862	49146	49185	50952	50259	50286	49833	49320	49887	49374	51141	51168	50475	50035	50072	49569	50626	49643	51420	50737	50774	50331	49824	51597	50430	50943	51696	50529	50562	50055	50095	51152	51909	51946	51263	51300	50857	50894	50385	52152	50979	52206	51513	51060	51087	50574	50601	52368	51675	52447	51776	51825	51394	51443	50952	52722	51006	52770	52794	52098	52122	51666	51150	51174	52218	52962	52986	52315	51872	51909	51406	53183	51480	53257	52574	52605	52152	51639	51666	53433	52740	52767	52314	52341	51828	51855	53622	52446	53670	53694	52998	53022	52566	52050	52074	53838	52662	53886	53215	52772	52809	52306	52343	52380	54157	54194	54231	53544	53577	53130	53163	54396	53229	52722	54495	53837	53896	53475	52994	53053	53615	54832	54849	54146	53683	53700	53177	54214	53211	54968	54265	54282	53819	53296	53853	53330	55087	55157	54496	54075	54134	53653	55435	54752	53769	55546	54863	54900	54457	53954	54017	54616	55875	55934	55273	54831	54864	54357	56130	56163	54456	56229	55542	55575	55125	55152	54639	54666	56433	56460	55767	55794	55341	54828	55875	55952	56746	56100	55694	55725	55212	55239	55266	57033	57060	56367	56394	55941	55428	56475	57347	57496	57535	57572	56889	56446	56483	55980	57037	57794	57872	56206	58020	57374	57405	56952	57459	58206	56493	56520	58287	57594	57141	57648	58395	58697	58797	57696	57255	57291	59064	58377	59130	58443	59196	58509	58062	58095	57607	59396	58725	59494	58823	58872	58457	57976	58035	59834	59173
TRANSPORT_MODE
0	2	1	1	1	1	1	0	0	2	1	1	1	1	1	0	2	1	1	1	1	1	1	0	2	1	1	1	1	1	0	0	2	2	1	1	1	1	1	0	0	2	1	1	1	1	1	0	2	2	1	1	1	1	0	1	0	3	1	1	1	1	1	0	0	0	1	2	1	1	1	1	0	3	1	1	1	1	1	1	0	2	1	1	1	1	1	0	0	3	3	1	1	1	1	1	0	0	2	1	1	1	1	1	0	1	3	3	1	1	1	1	0	0	1	2	1	1	1	1	0	0	1	3	1	1	1	1	0	0	1	2	1	1	1	1	1	0	1	3	1	1	1	1	0	0	1	2	2	1	1	1	1	0	1	3	1	1	1	1	0	0	1	2	2	1	1	1	1	0	0	1	3	1	1	1	1	0	0	1	1	2	1	1	1	0	1	1	3	1	1	1	1	0	0	1	2	1	1	1	1	0	1	3	3	1	1	1	1	0	0	1	2	1	1	1	1	0	0	1	3	3	1	1	1	1	0	0	1	1	2	1	1	1	0	0	1	1	3	1	1	1	0	1	1	2	1	1	1	1	0	1	1	3	1	1	1	0	0	1	1	2	2	1	1	1	0	1	1	3	1	1	1	0	0	1	1	2	2	1	1	1	0	0	1	1	3	1	1	1	0	0	1	1	2	1	1	1	0	1	1	3	1	1	1	1	0	0	1	1	2	1	1	1	0	1	1	3	3	1	1	1	0	0	1	1	2	1	1	1	0	1	1	3	3	1	1	1	0	0	1	1	2	1	1	1	0	0	1	1	1	3	1	1	0	0	1	1	2	1	1	1	1	0	1	1	3	1	1	1	0	1	1	2	2	1	1	1	0	0	1	1	3	1	1	1	0	0	1	1	2	2	1	1	1	0	1	1	3	1	1	1	0	0	1	0	1	2	1	1	1	0	1	1	3	1	1	1	1	0	1	1	2	1	1	1	0	1	1	3	3	1	1	1	0	0	1	1	2	1	1	1	0	0	1	1	3	3	1	1	1	0	1	1	2	1	1	1	0	0	1	1	3	1	1	1	0	0	1	1	2	1	1	1	1	0	1	3	1	1	1	1	0	1	2	2	1	1	1	1	0	0	1	3	1	1	1	1	0	0	1	2	2	1	1	1	1	0	1	1	3	1	1	1	0	0	1	1	2	1	1	1	0	1	3	1	1	1	1	1	0	0	1	2	1	1	1	1	0	1	3	3	1	1	1	1	0	0	1	2	1	1	1	1	0	1	3	3	1	1	1	1	0	0	1	2	1	1	1	1	0	0	1	3	1	1	1	1	0	1	2	1	1	1	1	1	0	1	3	1	1	1	1	0	0	2	2	1	1	1	1	1	0	3	1	1	1	1	1	0	0	2	2	1	1	1	1	1	0	0	3	1	1	1	1	1	0	0	1	2	1	1	1	1	0	3	1	1	1	1	1	1	0	2	1	1	1	1	1	0	3	3	1	1	1	1	1	0	0	2	1	1	1	1	1	0	3	3	1	1	1	1	1	0	0	2	1	1	1	1	1	0	0	3	1	1	1	1	2	0	1	1	1	1	1	1	0	0	3	1	1	1	1	1	0	0	2	2	1	1	1	1	1	0	3	1	1	1	1	1	0	0	2	2	1	1	1	1	1	0	3	1	1	1	1	1	0	0	2	1	1	1	1	1	0	3	1	1	1	1	1	0	0	0	3	1	1	1	1	1	0	3	3	1	1	1	1	1	0	3	1	1	1	1	1	0	0	3	3	1	1	1	1	1	0	0	3	1	1	1	1	1	0	3	1	1	1	1	1	0	0
PATIENT_WEIGHT
149	76	75	114	116	119	36	67	52	102	125	144	46	36	45	89	37	40	47	92	120	92	86	105	109	102	62	64	42	143	138	130	81	55	61	126	44	142	147	130	61	38	74	44	127	69	99	94	39	136	130	94	92	113	74	55	34	140	71	36	31	68	119	103	46	112	81	113	62	49	126	62	48	148	141	64	68	59	50	122	37	76	46	127	37	113	52	36	85	44	115	59	88	32	60	117	98	86	47	74	66	133	103	32	31	89	54	141	59	147	133	144	54	122	99	81	132	113	92	31	67	108	35	118	144	144	70	53	124	57	81	130	111	68	144	101	68	142	147	55	63	122	87	72	55	41	146	102	109	53	141	104	123	50	147	48	142	33	127	70	36	121	103	46	127	44	65	88	146	64	131	129	62	36	134	101	69	62	99	149	44	63	42	86	137	135	51	124	133	36	75	109	72	35	113	32	108	142	59	66	54	46	42	47	36	101	131	65	76	100	127	113	94	87	33	93	63	138	143	63	96	110	30	135	99	127	82	69	93	99	39	34	77	127	131	56	38	51	44	104	124	125	74	37	90	55	54	142	132	70	130	47	97	137	70	51	83	41	36	43	106	34	123	55	83	104	84	46	35	50	137	149	122	41	45	92	32	52	45	74	133	43	30	95	68	32	139	150	79	57	51	106	67	75	112	81	111	98	92	34	125	67	55	68	138	150	46	84	104	34	97	41	149	43	47	73	39	124	140	131	108	36	92	128	82	89	77	42	77	85	48	68	70	37	92	144	48	89	114	37	57	80	115	57	121	127	119	57	103	129	121	62	135	124	92	99	36	39	133	114	34	100	47	132	60	77	103	75	96	83	53	128	147	33	47	98	69	119	100	61	97	116	142	89	59	140	106	44	129	47	62	43	72	147	74	50	150	100	67	53	77	83	33	114	62	129	87	38	76	147	80	53	148	103	57	85	37	58	119	123	32	107	44	91	61	120	118	103	96	140	49	150	30	50	132	33	135	32	108	105	98	143	109	88	78	121	46	70	96	71	128	115	50	90	145	121	130	138	64	114	95	127	68	73	67	86	95	146	132	107	141	95	73	131	118	58	34	92	36	138	87	36	118	57	35	141	91	130	137	133	67	63	115	126	72	72	109	42	119	116	43	55	140	54	85	112	95	49	65	129	96	97	128	131	65	148	124	141	97	44	49	124	104	118	73	132	78	75	96	51	146	39	89	108	124	30	47	104	148	147	103	128	70	149	53	82	145	58	86	54	92	39	52	39	70	61	129	123	97	59	108	138	142	91	142	54	89	146	88	117	115	108	145	80	66	129	124	132	146	70	81	133	66	126	48	52	104	91	112	46	69	133	141	50	105	95	68	125	45	132	139	127	30	57	120	51	90	34	131	143	84	79	81	54	80	110	55	31	150	56	150	72	58	131	63	84	139	63	142	40	142	105	87	141	88	132	80	147	43	149	41	63	44	91	76	46	126	83	33	58	73	100	54	68	40	80	102	49	131	35	99	124	134	32	74	63	80	133	101	132	114	90	148	86	140	83	98	34	72	53	106	52	89	108	57	130	112	143	111	73	42	79	76	100	118	39	139	138	86	145	101	55	53	124	106	56	100	109	34	145	83	111	144	42	109	86	49	35	146	82	70	117	117	150	66	41	123	147	124	35	74	123	90	146	125	30	31	73	60	73	43	118	92	44	91	98	120	112	99	143	123	95	132	46	99	75	76	88	32	110	30	112	116	119	125	36	139	61	48	46	40	125	95	131	122	36	99	71	43	65	111	133	34	139	105	33	82	32	139	126	133	49	133	124	98	118	32	63	42	136	43
DISTANCE_MATRIX
0	360	318	300	288	276	264	264	150	150	150	60	90	90	162	168	204	228	234	312	360	408	348	318	168	192	168	318
360	60	264	318	324	342	342	342	348	348	354	360	372	378	378	420	420	480	462	498	462	462	384	420	372	420	378	378
318	264	60	270	276	288	288	288	294	294	294	318	318	324	324	414	414	468	462	486	462	462	330	366	366	408	372	324
300	318	270	60	276	288	288	288	288	288	288	300	300	312	318	408	408	468	462	486	438	438	318	360	360	402	360	312
288	324	276	276	60	276	276	276	276	276	276	288	288	300	300	402	396	462	456	480	432	432	300	360	360	402	348	300
276	342	288	288	276	60	180	180	252	258	264	264	264	288	288	390	390	456	450	480	432	432	288	348	348	348	288	288
264	342	288	288	276	180	60	180	246	258	264	264	264	288	288	390	390	456	450	480	432	432	288	348	348	348	288	288
264	342	288	288	276	180	180	60	240	258	264	264	264	288	288	390	390	456	450	480	432	432	288	348	348	348	288	288
150	348	294	288	276	252	246	240	60	120	120	150	126	270	270	378	384	420	438	480	420	408	276	300	300	300	276	270
150	348	294	288	276	258	258	258	120	60	120	150	150	270	270	378	384	420	438	480	420	408	276	300	300	300	276	270
150	354	294	288	276	264	264	264	120	120	60	150	150	270	270	378	384	420	438	480	420	408	276	300	300	300	276	270
60	360	318	300	288	264	264	264	150	150	150	60	90	162	168	228	234	312	360	408	348	318	168	192	192	198	168	162
90	372	318	300	288	264	264	264	150	150	150	90	60	162	168	228	234	312	360	408	348	318	168	192	192	198	168	162
90	378	324	312	300	288	288	288	270	270	270	162	162	60	120	180	180	306	210	360	300	300	120	180	120	180	120	234
162	378	324	318	300	288	288	288	270	270	270	168	168	120	60	180	180	306	210	360	300	300	120	180	120	180	120	120
168	420	414	408	402	348	348	348	300	300	300	228	228	180	180	60	132	204	132	348	258	258	186	60	180	132	222	180
204	420	414	408	396	390	390	390	384	384	384	234	234	180	180	132	60	204	132	348	258	258	186	60	180	132	222	180
228	480	468	468	462	456	456	456	420	420	420	312	312	306	306	204	204	60	198	120	240	240	306	204	306	138	306	306
234	462	462	462	456	450	450	450	438	438	438	360	360	210	210	132	132	198	60	138	132	132	210	132	210	132	210	210
312	498	486	486	480	480	480	480	480	480	480	408	408	360	360	348	348	120	138	60	348	348	360	348	360	348	360	360
360	462	462	438	432	432	432	432	420	420	420	348	348	300	300	258	258	240	132	348	60	60	300	258	300	258	300	300
408	462	462	438	432	432	432	432	408	408	408	318	318	300	300	258	258	240	132	348	60	60	300	258	300	258	300	300
348	384	330	318	300	288	288	288	276	276	276	168	168	120	120	186	186	306	210	360	300	300	60	186	120	186	120	120
318	420	366	360	360	348	348	348	300	300	300	192	192	180	180	60	60	204	132	348	258	258	186	60	180	60	180	180
168	372	300	306	300	288	288	288	270	270	270	168	168	120	120	180	180	306	210	360	300	300	120	180	60	180	120	120
192	420	408	402	402	348	348	348	300	300	300	198	198	180	180	132	132	138	132	348	258	258	186	60	180	60	180	180
168	378	372	360	348	288	288	288	276	276	276	168	168	120	120	222	222	306	210	360	300	300	120	180	120	180	60	120
318	378	324	312	300	288	288	288	270	270	270	162	162	234	120	180	180	306	210	360	300	300	120	180	120	180	120	60
DEPOTS_DISTANCE
234	462	462	462	456	450	450	450	438	438	438	360	360	210	210	132	132	198	60	138	132	132	210	132	210	132	210	210	
348	384	330	318	300	288	288	288	276	276	276	168	168	120	120	186	186	306	210	360	300	300	60	186	120	186	120	120	
318	420	366	360	360	348	348	348	300	300	300	192	192	180	180	60	60	204	132	348	258	258	186	60	180	60	180	180	
LOCATION_TURN_MATRIX
100	130	122	113	112	199	136	122	129	152	173	146	151	136	158	140	176	113	122	167	194	134	110	172	114	184	100	147	
170	100	154	188	164	169	136	136	152	170	104	183	155	115	101	104	155	187	174	115	149	134	178	168	114	135	168	102	
178	146	100	161	178	114	104	165	117	139	126	169	192	109	120	179	160	152	154	134	113	140	154	179	196	196	192	181	
187	112	139	100	158	114	195	181	104	132	195	106	183	169	132	170	140	136	172	148	116	110	123	136	151	120	176	169	
188	136	122	142	100	175	164	159	112	100	167	164	135	191	132	181	104	123	142	156	108	117	193	182	116	147	156	185	
101	131	186	186	125	100	190	147	164	150	137	102	145	176	185	131	113	108	117	186	118	151	140	178	154	189	172	110	
164	164	196	105	136	110	100	186	153	151	183	193	111	157	144	123	188	142	110	163	105	190	166	187	170	171	186	126	
178	164	135	119	141	153	114	100	106	130	108	103	151	178	122	151	130	133	184	177	110	141	166	110	122	174	191	197	
171	148	183	196	188	136	147	194	100	167	100	146	168	129	128	142	172	118	174	147	105	158	156	160	120	106	119	136	
148	130	161	168	200	150	149	170	133	100	177	106	175	116	188	180	176	194	108	146	130	187	183	173	128	141	169	176	
127	196	174	105	133	163	117	192	200	123	100	171	175	140	183	115	104	186	128	153	151	175	100	146	191	117	132	197	
154	117	131	194	136	198	107	197	154	194	129	100	136	184	140	147	172	184	148	131	103	156	185	200	152	158	154	143	
149	145	108	117	165	155	189	149	132	125	125	164	100	140	199	142	101	144	163	185	117	191	200	143	113	165	102	154	
164	185	191	131	109	124	143	122	171	184	160	116	160	100	109	116	196	113	131	186	166	139	183	175	144	161	105	170	
142	199	180	168	168	115	156	178	172	112	117	160	101	191	100	147	177	177	199	158	172	188	164	175	180	168	154	195	
160	196	121	130	119	169	177	149	158	120	185	153	158	184	153	100	152	159	197	157	181	159	102	123	168	200	124	186	
124	145	140	160	196	187	112	170	128	124	196	128	199	104	123	148	100	149	114	112	117	135	105	132	138	180	198	156	
187	113	148	164	177	192	158	167	182	106	114	116	156	187	123	141	151	100	166	132	168	163	159	123	129	173	161	116	
178	126	146	128	158	183	190	116	126	192	172	152	137	169	101	103	186	134	100	184	199	137	130	160	148	113	140	150	
133	185	166	152	144	114	137	123	153	154	147	169	115	114	142	143	188	168	116	100	111	195	128	157	191	164	141	171	
106	151	187	184	192	182	195	190	195	170	149	197	183	134	128	119	183	132	101	189	100	129	151	163	147	166	104	177	
166	166	160	190	183	149	110	159	142	113	125	144	109	161	112	141	165	137	163	105	171	100	101	185	169	129	103	197	
190	122	146	177	107	160	134	134	144	117	200	115	100	117	136	198	195	141	170	172	149	199	100	106	150	116	118	145	
128	132	121	164	118	122	113	190	140	127	154	100	157	125	125	177	168	177	140	143	137	115	194	100	128	167	115	155	
186	186	104	149	184	146	130	178	180	172	109	148	187	156	120	132	162	171	152	109	153	131	150	172	100	155	124	184	
116	165	104	180	153	111	129	126	194	159	183	142	135	139	132	100	120	127	187	136	134	171	184	133	145	100	129	192	
200	132	108	124	144	128	114	109	181	131	168	146	198	195	146	176	102	139	160	159	196	197	182	185	176	171	100	146	
153	198	119	131	115	190	174	103	164	124	103	157	146	130	105	114	144	184	150	129	123	103	155	145	116	108	154	100	
DEPOTS_TO_LOCAL_TURN_MATRIX
178	126	146	128	158	183	190	116	126	192	172	152	137	169	101	103	186	134	100	184	199	137	130	160	148	113	140	150	
190	122	146	177	107	160	134	134	144	117	200	115	100	117	136	198	195	141	170	172	149	199	100	106	150	116	118	145	
128	132	121	164	118	122	113	190	140	127	154	100	157	125	125	177	168	177	140	143	137	115	194	100	128	167	115	155	
LOCAL_TO_DEPOT_TURN_MATRIX
122	174	154	172	142	117	110	184	174	108	128	148	163	131	199	197	114	166	100	116	101	163	170	140	152	187	160	150	
110	178	154	123	193	140	166	166	156	183	100	185	200	183	164	102	105	159	130	128	151	101	100	194	150	184	182	155	
172	168	179	136	182	178	187	110	160	173	146	200	143	175	175	123	132	123	160	157	163	185	106	100	172	133	185	145	

