INDEX_PROBLEM
1
PATIENTS
800
STRETCHERS
16
NUM_ROOM
28
NUM_DEPOT
3
NUM_PRIORITY
4
PRIORITY_LIST
0	1	2	3	4
PRIORITY_WEIGHT
0	1	10	18	30
PRIORITY_JOB
0	1	1	2	3	3	4	2	1	2	2	3	3	1	1	3	2	2	3	3	1	2	3	4	2	3	3	4	1	2	2	3	4	3	3	1	2	2	3	2	3	3	4	1	2	2	3	3	4	3	4	1	1	2	3	3	3	1	4	1	2	2	3	1	1	3	4	1	1	2	2	3	4	1	3	1	2	2	3	1	2	3	1	2	2	3	3	4	2	1	1	2	2	3	3	1	2	3	4	1	2	2	3	3	3	1	4	1	1	2	3	3	1	3	4	1	2	2	3	3	4	2	1	1	1	1	2	2	3	1	3	1	2	2	3	3	3	3	1	1	4	1	2	2	3	1	3	4	1	2	2	3	4	3	3	1	1	2	2	3	2	1	3	4	1	1	2	3	3	4	4	1	1	2	2	3	2	2	3	1	1	2	2	3	3	2	1	4	1	2	2	3	1	1	3	1	2	2	3	3	4	3	1	1	2	2	3	3	2	1	3	4	1	2	2	3	3	3	1	1	2	1	3	4	3	2	4	4	1	2	2	3	3	2	1	1	1	1	2	2	3	2	4	1	2	2	3	3	3	2	1	1	1	2	2	3	3	1	4	1	2	2	3	3	3	3	4	4	1	1	2	2	3	1	3	4	1	1	2	3	3	2	2	4	1	1	2	2	3	1	2	3	1	1	2	2	3	4	1	1	2	2	3	3	2	3	4	1	2	2	3	3	1	2	1	1	2	2	3	3	4	1	2	1	2	2	3	3	4	3	1	1	2	2	3	3	4	1	3	1	2	2	3	3	1	4	3	1	1	1	2	2	3	4	1	2	2	3	3	1	3	2	1	1	1	2	2	3	3	1	2	4	1	2	2	3	3	3	3	4	1	1	2	2	3	2	3	4	1	2	2	3	3	4	1	1	2	1	3	2	3	2	4	1	1	2	2	3	1	4	1	1	2	2	3	3	2	3	1	1	2	2	3	3	4	3	1	1	2	2	3	3	1	1	2	1	2	2	3	3	4	2	1	1	2	2	3	3	4	1	2	1	2	2	3	3	1	3	1	1	1	2	2	3	4	1	4	1	2	2	3	3	3	4	1	1	1	1	2	2	3	2	3	1	2	2	3	3	3	3	1	4	1	2	2	3	1	2	3	4	1	2	2	3	3	3	1	3	4	1	2	2	1	2	3	3	1	1	2	2	3	3	1	4	1	2	2	3	2	1	3	1	1	2	2	3	1	3	3	4	1	2	2	3	1	2	3	4	1	2	2	3	2	1	3	1	2	2	3	1	2	1	3	4	1	2	2	3	3	3	1	1	1	1	2	2	1	3	4	1	2	2	3	3	4	1	1	3	4	1	1	2	2	2	3	3	1	2	2	3	3	1	3	3	4	1	2	1	2	2	3	3	4	1	2	3	3	2	1	3	3	1	3	2	1	2	2	3	4	1	1	2	1	2	3	4	1	2	1	4	2	3	3	1	1	2	2	3	1	3	3	1	2	2	2	1	3	3	4	1	2	2	3	2	2	1	3	4	1	2	2	1	1	3	3	4	1	2	2	3	3	3	1	3	1	1	2	3	1	3	4	1	2	2	3	4	1	1	3	1	1	2	2	1	3	3	4	1	2	2	3	2	3	1	1	3	3	1	2	2	2	3	3	4	1	2	2	3	4	3	1	3	4	1	2	1	1	2	3	3	1	1	2	3	3	1	3	4	1	2	2	1	1	1	3	3	1	1	1	2	2	2	3	3	1	2	1	2	1	1	1	2	3	3	4	1	1	1	2	2	3	3	4	1	2	1	1	2	2	3	3	1	2	1	4	1	2	2	3	3	1
TIME_ASKED
0	28849	28898	28947	28996	29045	29094	29149	29198	29247	29296	29345	29394	29429	29458	29487	29516	29545	29574	29603	29632	29661	29690	29742	29784	29826	29868	29910	29952	29994	30029	30058	30087	30116	30145	30174	30203	30232	30261	30290	30329	30358	30387	30416	30445	30474	30503	30532	30561	30590	30621	30642	30663	30684	30705	30726	30747	30768	30789	30810	30831	30852	30873	30894	30949	30998	31047	31096	31145	31194	31227	31254	31281	31308	31335	31362	31389	31416	31443	31470	31497	31524	31548	31572	31596	31620	31644	31668	31692	31716	31740	31764	31788	31837	31874	31911	31948	31985	32022	32059	32096	32159	32218	32277	32336	32395	32419	32438	32457	32476	32495	32514	32533	32552	32571	32590	32609	32628	32647	32666	32685	32759	32818	32877	32936	32995	33027	33054	33081	33108	33135	33162	33189	33216	33243	33270	33297	33333	33366	33399	33432	33465	33498	33531	33564	33597	33616	33632	33648	33664	33680	33696	33712	33728	33744	33760	33776	33792	33808	33824	33840	33856	33872	33888	33933	33966	33999	34032	34065	34098	34131	34164	34197	34242	34284	34326	34368	34410	34452	34494	34533	34566	34599	34632	34665	34698	34731	34764	34797	34827	34854	34881	34908	34935	34962	34989	35016	35043	35070	35097	35137	35174	35211	35248	35285	35322	35359	35396	35433	35466	35499	35532	35565	35598	35631	35664	35697	35723	35746	35769	35792	35815	35838	35861	35884	35907	35930	35953	35976	35999	36023	36046	36069	36092	36115	36138	36161	36184	36207	36230	36253	36276	36299	36327	36354	36381	36408	36435	36462	36489	36516	36543	36570	36597	36619	36638	36657	36676	36695	36714	36733	36752	36771	36790	36809	36828	36847	36866	36885	36949	36998	37047	37096	37145	37194	37259	37318	37377	37436	37495	37549	37598	37647	37696	37745	37794	37827	37854	37881	37908	37935	37962	37989	38016	38043	38070	38097	38123	38146	38169	38192	38215	38238	38261	38284	38307	38330	38353	38376	38399	38419	38438	38457	38476	38495	38514	38533	38552	38571	38590	38609	38628	38647	38666	38685	38742	38784	38826	38868	38910	38952	38994	39029	39058	39087	39116	39145	39174	39203	39232	39261	39290	39349	39398	39447	39496	39545	39594	39633	39666	39699	39732	39765	39798	39831	39864	39897	39937	39974	40011	40048	40085	40122	40159	40196	40242	40284	40326	40368	40410	40452	40494	40542	40584	40626	40668	40710	40752	40794	40849	40898	40947	40996	41045	41094	41133	41166	41199	41232	41265	41298	41331	41364	41397	41423	41446	41469	41492	41515	41538	41561	41584	41607	41630	41653	41676	41699	41749	41798	41847	41896	41945	41994	42099	42198	42297	42342	42384	42426	42468	42510	42552	42594	42699	42798	42897	42923	42946	42969	42992	43015	43038	43061	43084	43107	43130	43153	43176	43199	43237	43274	43311	43348	43385	43422	43459	43496	43549	43598	43647	43696	43745	43794	43899	43998	44097	44159	44218	44277	44336	44395	44459	44518	44577	44636	44695	44799	44898	44997	45033	45066	45099	45132	45165	45198	45231	45264	45297	45337	45374	45411	45448	45485	45522	45559	45596	45637	45674	45711	45748	45785	45822	45859	45896	45959	46018	46077	46136	46195	46249	46298	46347	46396	46445	46494	46537	46574	46611	46648	46685	46722	46759	46796	46821	46842	46863	46884	46905	46926	46947	46968	46989	47010	47031	47052	47073	47094	47199	47298	47397	47437	47474	47511	47548	47585	47622	47659	47696	47737	47774	47811	47848	47885	47922	47959	47996	48049	48098	48147	48196	48245	48294	48324	48348	48372	48396	48420	48444	48468	48492	48516	48540	48564	48588	48627	48654	48681	48708	48735	48762	48789	48816	48843	48870	48897	48937	48974	49011	49048	49085	49122	49159	49196	49233	49266	49299	49332	49365	49398	49431	49464	49497	49537	49574	49611	49648	49685	49722	49759	49796	49827	49854	49881	49908	49935	49962	49989	50016	50043	50070	50097	50149	50198	50247	50296	50345	50394	50424	50448	50472	50496	50520	50544	50568	50592	50616	50640	50664	50688	50737	50774	50811	50848	50885	50922	50959	50996	51027	51054	51081	51108	51135	51162	51189	51216	51243	51270	51297	51324	51348	51372	51396	51420	51444	51468	51492	51516	51540	51564	51588	51637	51674	51711	51748	51785	51822	51859	51896	51933	51966	51999	52032	52065	52098	52131	52164	52197	52259	52318	52377	52436	52495	52517	52534	52551	52568	52585	52602	52619	52636	52653	52670	52687	52704	52721	52738	52755	52772	52789	52859	52918	52977	53036	53095	53137	53174	53211	53248	53285	53322	53359	53396	53459	53518	53577	53636	53695	53733	53766	53799	53832	53865	53898	53931	53964	53997	54027	54054	54081	54108	54135	54162	54189	54216	54243	54270	54297	54374	54448	54522	54596	54627	54654	54681	54708	54735	54762	54789	54816	54843	54870	54897	55049	55198	55237	55274	55311	55348	55385	55422	55459	55496	55574	55648	55722	55796	55827	55854	55881	55908	55935	55962	55989	56016	56043	56070	56097	56399	56499	56598	56697	56733	56766	56799	56832	56865	56898	56931	56964	56997	57049	57098	57147	57196	57245	57294	57359	57418	57477	57536	57595
ORIGIN
26	16	6	27	19	7	27	23	1	25	23	10	2	23	12	14	23	14	3	23	14	4	26	16	14	14	16	7	27	20	8	14	23	9	1	23	11	2	23	13	2	14	14	3	24	14	4	14	14	6	27	18	7	27	20	8	1	14	10	2	23	12	2	26	27	3	23	14	4	24	15	5	26	11	7	27	19	8	27	3	14	1	23	11	2	23	13	2	23	14	3	24	14	4	26	7	14	1	18	7	27	20	8	1	23	17	1	23	12	2	23	14	14	23	14	4	24	15	4	26	16	6	27	14	3	27	23	8	1	3	10	2	23	12	2	23	14	3	14	27	4	26	16	5	26	1	7	27	20	8	1	23	10	1	23	20	2	23	13	2	27	3	4	24	15	4	26	16	6	27	19	26	27	22	8	1	14	17	2	23	12	2	23	14	3	23	14	4	25	16	5	26	25	14	27	20	8	27	23	9	1	23	20	2	23	13	2	23	14	14	14	14	4	26	16	5	27	18	7	2	20	8	1	23	10	2	23	12	2	23	14	3	23	14	4	27	11	5	26	16	6	4	19	8	27	23	9	1	23	11	2	14	14	2	23	14	3	27	14	4	26	16	5	26	17	7	27	20	14	1	23	10	1	27	11	2	23	13	3	23	14	4	27	15	14	26	16	6	27	26	15	27	23	8	1	23	10	2	22	12	2	23	14	3	27	14	4	26	16	5	26	16	7	27	9	26	27	23	9	1	23	20	2	23	13	2	23	14	3	24	14	14	26	16	6	27	18	14	27	20	8	1	23	10	2	23	12	2	26	14	3	23	14	4	24	15	5	26	16	7	27	26	3	14	23	9	1	23	11	2	23	13	2	23	14	3	24	14	4	26	7	5	27	18	7	2	20	8	1	23	10	1	23	12	2	14	14	3	23	14	4	27	15	4	26	16	6	27	11	7	2	23	8	1	23	10	2	23	12	2	23	14	3	24	14	4	7	16	5	26	16	7	26	14	27	1	23	10	1	23	11	2	14	13	2	23	14	4	24	11	4	26	16	6	27	19	7	27	14	14	1	23	10	2	23	27	2	23	14	3	23	14	4	25	11	14	26	16	7	27	20	14	27	23	9	1	23	11	2	23	14	2	23	14	3	24	14	4	26	16	5	27	18	7	27	20	3	1	23	10	2	23	2	14	23	14	3	23	14	4	24	15	27	26	16	6	27	19	14	14	23	9	1	23	11	2	14	12	2	23	14	3	24	14	14	27	16	5	26	17	7	27	20	1	1	23	10	1	23	2	14	23	13	3	23	14	4	24	15	4	1	25	6	27	19	7	14	23	8	1	23	10	2	23	12	27	14	14	3	23	14	4	11	16	5	26	16	7	27	20	8	14	23	9	1	23	11	14	23	13	2	23	14	3	24	14	4	26	14	6	27	18	7	14	11	8	1	23	10	2	23	12	26	23	14	3	23	14	27	24	15	5	26	16	7	27	19	8	14	23	9	1	23	11	14	14	13	2	23	14	3	24	14	4	1	7	5	27	18	7	27	26	14	1	23	10	1	23	12	2	23	14	14	23	14	4	24	15	2	26	16	6	27	19	7	27	14	14	1	23	10	2	23	14	2	23	14	3	23	14	4	26	16	7	14	16	7	27	20	8	14	23	9	1	23	11	2	23	13	2	27	14	4	24	15	14	1	16	6	27	18	7	27	21	8	3	23	10	2	23	12	2	23	14	3	23	14	4	14	16	5	26	16	7	27	20	14	3	14	9	1	23	11	2	23	13	2	27	14	3	24	14	4	1	7	5	27	18	7	27	20	8	1	17	10	1	23	12	2	23	14
DESTINATION
3	14	17	2	22	23	2	26	23	14	27	14	14	27	11	16	1	25	14	4	26	14	3	14	9	1	16	20	2	14	14	2	27	14	14	27	15	14	1	7	14	5	26	14	2	26	14	8	1	17	2	27	20	2	14	14	14	16	14	14	27	11	14	23	23	14	3	26	14	2	14	14	3	12	20	2	22	14	2	26	16	14	27	15	14	27	7	14	1	8	14	1	26	14	3	13	2	23	27	20	2	14	14	14	27	6	14	27	11	14	1	25	1	3	26	14	2	14	14	3	14	17	2	3	23	2	27	14	14	26	14	14	27	11	14	1	25	14	1	23	14	3	14	14	3	23	20	2	14	14	14	27	14	14	27	7	14	1	7	14	23	23	14	2	14	14	3	14	17	2	22	14	2	2	14	14	16	6	14	27	11	14	1	25	14	4	10	14	14	14	14	3	14	3	2	14	14	2	27	14	14	27	7	14	1	7	14	1	10	1	4	26	14	3	14	14	2	27	20	24	14	14	14	27	14	27	27	11	14	1	25	14	3	26	14	23	12	14	3	14	17	23	22	14	2	27	14	14	27	15	14	20	8	14	1	26	14	23	26	14	3	14	14	3	9	20	2	14	4	14	27	14	14	18	20	14	1	7	14	3	26	14	23	14	2	3	14	17	2	14	11	2	26	14	14	27	14	14	19	11	14	1	25	14	23	26	14	3	14	14	3	16	20	2	17	14	3	27	14	14	27	7	27	1	7	14	1	26	14	2	26	2	3	14	17	2	27	4	2	14	14	14	27	14	14	27	11	14	23	8	14	3	26	14	2	14	14	3	14	20	2	14	26	16	27	14	14	27	15	27	27	7	14	1	26	14	1	26	14	3	13	14	2	27	20	24	14	14	14	27	14	14	27	11	27	8	25	14	3	26	14	23	14	14	3	14	17	2	12	23	24	27	14	14	27	14	27	27	11	14	1	25	14	1	26	14	13	14	14	3	16	20	14	4	23	14	27	14	14	27	20	14	20	7	14	3	26	14	2	12	14	3	14	17	2	22	23	2	15	4	14	27	14	14	27	23	14	1	25	14	4	26	14	14	12	2	3	14	20	2	14	4	2	27	14	14	27	15	14	27	1	14	1	26	14	1	2	14	3	14	14	2	27	20	2	14	26	14	27	14	14	27	27	4	1	25	14	3	26	14	2	14	23	3	14	17	2	22	4	25	27	14	14	27	15	14	20	11	14	1	26	14	1	26	2	23	14	14	3	9	20	2	14	24	14	27	14	14	27	27	20	1	7	14	3	26	14	2	14	14	23	14	17	2	22	23	15	26	14	14	27	14	14	27	11	23	9	25	14	4	26	14	12	14	14	3	16	20	2	14	14	16	27	14	14	27	15	20	1	7	14	1	26	14	2	26	14	3	3	17	2	27	20	15	12	14	14	27	14	14	27	11	23	1	25	14	3	26	23	2	14	14	3	14	20	2	22	14	16	27	14	14	27	15	20	8	7	14	1	26	14	1	26	14	23	13	14	2	27	20	2	14	4	14	27	14	14	27	11	14	1	25	1	3	26	14	2	14	24	3	14	17	2	22	23	2	15	5	14	27	14	14	27	8	14	1	25	14	5	26	14	3	14	13	2	16	20	2	14	14	4	27	14	14	27	20	14	1	7	14	23	26	14	2	14	2	23	14	17	2	27	23	2	7	14	26	27	14	14	27	11	27	1	25	14	4	26	14	2	14	14	3	14	20	2	14	4	26	16	14	14	27	15	14	27	7	14	23	26	14	1	26	14	23	13	14	2	27	20	2	14	14	14	6	14	14	27	11	14	1	8
DUE_DATE
0	31147	31196	30525	30094	30143	29652	30727	31496	30825	30874	30443	30492	31727	31756	30585	31094	31123	30672	30701	31930	31239	30788	30300	31362	30924	30966	30468	32250	31572	31607	31156	30645	31214	31243	32472	31781	31810	31359	31868	31427	31456	30945	32714	32023	32052	31601	31630	31119	31688	31179	32940	32961	32262	31803	31824	31845	33066	31347	33108	32409	32430	31971	33192	33247	32096	31605	33394	33443	32772	32805	32352	31839	33606	32433	33660	32967	32994	32541	33768	33075	32622	33846	33150	33174	32718	32742	32226	33270	34014	34038	33342	33366	32935	32972	34209	33526	33083	32580	34357	33674	33737	33316	33375	33434	34693	32977	34736	34755	34054	33593	33612	34831	33650	33129	34888	34187	34206	33745	33764	33243	34337	35116	35175	35234	35293	34605	34632	34179	35406	34233	35460	34767	34794	34341	34368	34395	34431	35664	35697	33990	35763	35076	35109	34662	35895	34714	34190	35946	35242	35258	34794	34270	34826	34842	36058	36074	35370	35386	34922	35418	36154	34970	34446	36231	36264	35577	35130	35163	34656	34689	36462	36495	35820	35862	35424	35946	35988	35550	36792	36831	36144	36177	35730	35763	36276	37029	35322	37095	36405	36432	35979	37206	37233	36060	37287	36594	36621	36168	36195	35695	36272	37509	37546	36863	36900	36457	36494	37011	37764	36597	36090	37863	37176	37209	36762	36795	36821	38044	38067	37370	38113	36936	36419	36982	37485	36488	36511	38274	37577	37601	37144	37167	37670	38413	38436	38459	38482	37785	37808	37351	37854	36857	38625	37932	37959	37506	37533	37560	38067	38814	38841	38868	38175	38197	37736	37755	38974	37253	39012	38311	38330	37869	37888	37907	37926	37405	37424	39183	39247	38576	38625	38194	39443	38292	37817	39616	39675	39014	38593	38647	39176	39225	38254	40043	40092	39405	39432	38979	40206	39513	39060	40287	40314	39621	39648	39195	38681	40444	40467	39770	39793	39336	39359	39862	39405	38888	40651	39954	39977	39517	39536	40755	40054	40793	40812	40111	40130	39669	39688	39167	40926	40225	40964	40263	40320	39882	39924	39426	40008	41250	41292	40607	40636	40185	40214	39703	41472	40301	41530	40839	40868	40447	40496	41745	40054	40643	41892	41931	41964	41277	41310	40863	40356	42129	41442	41475	41035	41072	42309	41146	41663	42420	42457	42494	41820	41862	41424	41466	42708	42030	41052	42840	42162	42204	41766	41808	41850	41892	41407	43196	43245	42574	42623	42192	42711	42264	41757	43530	42843	42876	42429	42462	41955	43721	43744	43047	43790	42613	43116	42659	43162	42165	43928	43951	43254	43277	42847	44096	42405	44194	44243	43572	43677	43296	43395	43920	43482	44724	44766	44088	44130	43692	43797	43356	43995	45221	45244	44547	44570	44113	44136	45359	45382	44685	45428	44731	44754	44297	44335	43832	44889	45646	45683	45000	45037	44594	44647	44156	45945	45274	46043	45372	45477	45096	45195	46457	45316	46575	46634	46693	46037	46096	45675	45194	46993	45357	47196	46575	46611	46164	46197	46230	45723	47496	47529	47562	47595	46915	46952	46509	47026	46583	47820	47137	47174	46735	46772	46809	46846	48083	46380	48157	47474	47537	47116	48375	47714	47293	46807	48596	47925	47974	47543	47592	47635	48872	47709	47206	48983	48300	48337	49094	48399	47940	47961	49182	49203	48504	48525	48066	48087	49308	47589	49350	48651	48672	48297	48876	49695	48535	49772	49809	49126	49163	48720	49957	48794	48835	48332	50109	49426	49463	49020	50257	49574	49147	48656	50445	49774	49823	49392	49902	50646	49470	50694	49998	50022	49566	50790	50094	50838	49662	49146	50925	50232	50259	49806	49833	49860	51087	51114	51141	51168	50475	50515	51272	50109	49606	51383	50700	50737	50294	50331	49824	51597	51630	50463	49956	51729	51762	51075	51115	51152	50709	50746	51983	51300	51337	50894	50925	52152	50979	51006	50493	52260	51567	52314	51621	51648	51195	51247	50756	52545	51874	51443	51492	52002	52746	51570	51594	52818	51642	52146	52890	52194	52218	51762	51246	53035	53072	52389	53146	52463	52020	51517	53294	52605	53352	51639	52686	52233	52260	53487	53514	52821	52848	52395	53622	52446	52470	53694	52998	53022	53046	53790	52614	52638	52122	53886	53215	53252	52809	53326	53363	54120	52957	52454	54231	53544	53577	54330	54363	53196	53229	52722	54495	53837	53896	53475	53534	53593	54815	53632	54849	54866	54163	53700	54917	53734	53211	54968	54265	54282	53819	53296	55053	55070	53887	55157	55216	54555	54614	55393	54235	54272	53769	55546	54863	54900	54457	54974	54557	55816	55875	54734	54793	56031	55344	55377	55410	54963	54996	54489	56262	55575	55605	55152	54639	55206	56433	55260	54747	56514	55821	56568	56595	55952	55546	55620	56894	56925	56232	55779	55806	57033	55860	55347	57114	56421	56448	57195	57347	57496	56335	56372	57609	57646	57683	57000	57037	57074	56672	56746	58020	57374	58125	57432	58179	58206	58233	57540	57087	57114	56601	58368	58395	58697	58077	58176	57795	57831	57324	59097	58410	59163	59196	58509	58542	58095	58147	59396	58725	59494	57803	59592	58937	58996	58575	58634	59893
TRANSPORT_MODE
0	2	1	1	1	1	1	0	2	2	1	1	1	1	2	0	1	1	1	1	1	1	0	0	2	2	1	1	1	1	2	0	0	1	1	1	1	1	1	0	0	2	1	1	1	1	1	0	0	2	1	1	1	1	1	1	0	3	1	1	1	1	1	0	0	2	2	1	1	1	1	1	0	3	1	1	1	1	1	0	0	2	2	1	1	1	1	1	0	3	1	1	1	1	1	0	0	0	1	2	1	1	1	1	0	3	1	1	1	1	1	1	0	0	2	1	1	1	1	1	0	0	1	3	3	1	1	1	1	0	2	1	1	1	1	1	0	0	3	3	1	1	1	1	1	0	2	1	1	1	1	1	0	0	1	3	1	1	1	1	0	0	1	2	1	1	1	1	1	0	1	3	1	1	1	1	0	0	1	2	2	1	1	1	1	0	3	1	1	1	1	1	0	0	1	2	2	1	1	1	1	0	3	1	1	1	1	1	0	0	0	1	2	1	1	1	1	0	1	3	1	1	1	1	1	0	0	1	2	1	1	1	1	0	1	3	3	1	1	1	1	0	2	1	1	1	1	1	0	0	1	3	3	1	1	1	1	0	2	1	1	1	1	1	0	0	0	1	3	1	1	1	1	0	1	2	1	1	1	1	1	0	0	1	3	1	1	1	1	0	0	1	2	2	1	1	1	1	3	1	1	1	1	1	0	0	1	2	2	1	1	1	1	0	0	3	1	1	1	1	1	0	0	1	2	1	1	1	1	0	1	3	1	1	1	1	1	0	0	1	2	1	1	1	1	0	0	1	3	3	1	1	1	1	2	1	1	1	1	1	0	0	3	3	1	1	1	1	1	0	0	2	1	1	1	1	1	0	0	1	3	1	1	1	1	0	2	1	1	1	1	1	1	0	0	3	1	1	1	1	1	0	2	2	1	1	1	1	0	1	3	1	1	1	1	1	0	0	2	2	1	1	1	1	1	0	3	1	1	1	1	1	0	0	0	2	1	1	1	1	1	0	3	1	1	1	1	1	1	0	0	2	1	1	1	1	1	0	3	3	1	1	1	1	2	0	1	1	1	1	1	1	0	0	3	3	1	1	1	1	2	0	1	1	1	1	1	1	0	0	3	1	1	1	1	2	0	0	1	1	1	1	1	1	0	0	3	1	1	1	1	1	0	0	2	2	1	1	1	1	1	0	3	1	1	1	1	1	0	0	2	2	1	1	1	1	3	0	1	1	1	1	1	1	0	0	2	1	1	1	1	1	0	3	1	1	1	1	1	0	0	0	1	2	1	1	1	1	0	1	3	3	1	1	1	1	0	2	1	1	1	1	1	0	0	3	3	1	1	1	1	1	0	2	1	1	1	1	1	0	0	3	1	1	1	1	1	0	0	2	1	1	1	1	1	0	0	1	3	1	1	1	1	0	0	1	2	1	1	1	1	1	3	1	1	1	1	1	0	0	2	2	1	1	1	1	1	0	3	1	1	1	1	1	0	0	2	2	1	1	1	1	1	0	0	3	1	1	1	1	1	0	0	1	2	1	1	1	1	0	0	1	3	1	1	1	1	1	0	2	1	1	1	1	1	0	3	3	1	1	1	1	1	0	2	1	1	1	1	1	0	0	0	3	3	1	1	1	1	1	0	2	1	1	1	1	1	0	0	1	3	1	1	1	1	0	0	1	2	1	1	1	1	1	0	3	1	1	1	1	1	0	3	3	1	1	1	1	3	0	1	1	1	1	1	1	0	0	0	3	3	1	1	1	1	1	0	3	1	1	1	1	1	0	0	3	1	1	1	1	1	0	0	3	1	1	1	1	1	1	0
PATIENT_WEIGHT
87	72	80	118	80	49	96	134	129	82	50	108	80	42	77	146	121	66	84	35	115	140	92	122	144	107	71	53	132	149	76	52	59	44	40	85	121	37	83	122	129	139	31	62	74	92	64	105	44	148	101	131	87	49	33	127	147	35	96	143	109	33	104	42	33	47	94	128	113	140	37	139	92	72	37	82	106	131	140	46	150	95	115	134	106	96	86	78	66	133	56	55	51	37	39	106	140	131	45	106	99	57	76	32	61	91	150	122	36	67	77	131	52	126	85	110	56	85	49	81	142	89	57	84	113	99	66	65	100	47	98	142	36	122	73	49	115	131	47	60	66	59	149	58	45	121	129	129	103	129	145	133	66	146	87	136	115	61	133	37	125	33	142	147	90	73	109	147	51	122	77	82	133	92	57	125	59	111	130	84	72	73	54	118	130	76	40	108	73	140	131	42	134	66	136	83	65	32	102	35	58	56	110	76	104	102	85	81	131	39	38	42	43	127	141	146	34	101	72	137	147	150	65	45	68	121	85	95	129	34	93	70	137	73	65	126	146	59	60	96	49	39	76	45	47	146	105	66	95	61	51	110	89	82	82	64	62	114	74	65	120	108	111	71	119	103	112	31	66	113	108	124	42	127	101	132	85	88	115	45	44	108	104	97	138	120	88	120	67	101	64	34	115	58	99	149	41	116	93	111	146	121	47	110	145	112	140	124	79	140	96	105	143	53	146	42	51	148	59	104	112	52	108	79	85	30	100	103	142	45	110	143	109	130	120	42	110	109	73	121	62	90	83	52	137	96	144	146	96	87	47	79	54	149	80	124	77	88	48	76	33	88	80	136	52	55	145	120	83	89	84	38	112	50	143	101	122	129	82	104	56	89	57	126	43	62	40	68	107	82	96	125	45	124	93	55	35	78	133	145	140	53	135	39	36	96	116	31	110	141	87	143	56	60	31	114	47	93	34	148	99	47	100	75	141	119	31	33	61	117	77	35	82	74	81	141	135	48	149	37	117	134	76	64	136	37	133	121	110	104	62	147	100	117	39	141	77	43	112	130	120	38	101	54	80	64	54	61	109	93	144	68	106	74	132	51	118	84	88	45	30	31	88	75	75	94	33	111	59	74	38	136	93	121	107	131	63	100	75	113	148	93	35	40	61	131	110	34	43	135	56	40	116	112	140	54	117	148	89	79	87	122	76	32	118	98	77	130	40	111	111	132	133	109	144	76	139	72	132	103	85	141	106	92	88	138	129	123	48	115	35	99	90	85	72	44	84	96	136	39	80	120	116	86	39	85	136	131	33	149	33	33	64	32	59	77	61	129	59	95	114	76	101	74	98	62	120	111	90	37	105	60	121	63	147	150	43	138	137	110	56	135	107	117	93	132	150	70	31	83	77	65	55	63	92	150	109	54	103	41	78	84	87	131	135	81	71	69	133	67	98	110	100	42	111	113	99	123	115	74	146	42	113	95	52	48	49	143	88	86	34	44	121	145	144	51	95	31	65	87	130	129	103	46	104	127	72	34	142	144	68	116	45	131	55	103	129	105	107	143	146	44	150	34	135	119	79	110	53	54	132	91	124	114	39	40	90	36	149	116	127	82	128	112	60	34	75	77	50	93	111	80	42	144	131	32	51	46	80	126	58	59	96	131	149	96	50	148	74	63	94	57	129	87	123	89	49	90	137	79	33	115	42	115	102	107	133	72	51	60	43	143	58	123	85	92	78	137	92	90	98	106	38	52	134	62	57	113	128	46	47	131	39	143	37	44	116	83	72	91	147	38	115	37	94	131	66	113	133	43	127	87	88	65	98	31	111	113	69	76	41
DISTANCE_MATRIX
0	360	318	300	288	276	264	264	150	150	150	60	90	90	162	168	204	228	234	312	360	408	348	318	168	192	168	318
360	60	264	318	324	342	342	342	348	348	354	360	372	378	378	420	420	480	462	498	462	462	384	420	372	420	378	378
318	264	60	270	276	288	288	288	294	294	294	318	318	324	324	414	414	468	462	486	462	462	330	366	366	408	372	324
300	318	270	60	276	288	288	288	288	288	288	300	300	312	318	408	408	468	462	486	438	438	318	360	360	402	360	312
288	324	276	276	60	276	276	276	276	276	276	288	288	300	300	402	396	462	456	480	432	432	300	360	360	402	348	300
276	342	288	288	276	60	180	180	252	258	264	264	264	288	288	390	390	456	450	480	432	432	288	348	348	348	288	288
264	342	288	288	276	180	60	180	246	258	264	264	264	288	288	390	390	456	450	480	432	432	288	348	348	348	288	288
264	342	288	288	276	180	180	60	240	258	264	264	264	288	288	390	390	456	450	480	432	432	288	348	348	348	288	288
150	348	294	288	276	252	246	240	60	120	120	150	126	270	270	378	384	420	438	480	420	408	276	300	300	300	276	270
150	348	294	288	276	258	258	258	120	60	120	150	150	270	270	378	384	420	438	480	420	408	276	300	300	300	276	270
150	354	294	288	276	264	264	264	120	120	60	150	150	270	270	378	384	420	438	480	420	408	276	300	300	300	276	270
60	360	318	300	288	264	264	264	150	150	150	60	90	162	168	228	234	312	360	408	348	318	168	192	192	198	168	162
90	372	318	300	288	264	264	264	150	150	150	90	60	162	168	228	234	312	360	408	348	318	168	192	192	198	168	162
90	378	324	312	300	288	288	288	270	270	270	162	162	60	120	180	180	306	210	360	300	300	120	180	120	180	120	234
162	378	324	318	300	288	288	288	270	270	270	168	168	120	60	180	180	306	210	360	300	300	120	180	120	180	120	120
168	420	414	408	402	348	348	348	300	300	300	228	228	180	180	60	132	204	132	348	258	258	186	60	180	132	222	180
204	420	414	408	396	390	390	390	384	384	384	234	234	180	180	132	60	204	132	348	258	258	186	60	180	132	222	180
228	480	468	468	462	456	456	456	420	420	420	312	312	306	306	204	204	60	198	120	240	240	306	204	306	138	306	306
234	462	462	462	456	450	450	450	438	438	438	360	360	210	210	132	132	198	60	138	132	132	210	132	210	132	210	210
312	498	486	486	480	480	480	480	480	480	480	408	408	360	360	348	348	120	138	60	348	348	360	348	360	348	360	360
360	462	462	438	432	432	432	432	420	420	420	348	348	300	300	258	258	240	132	348	60	60	300	258	300	258	300	300
408	462	462	438	432	432	432	432	408	408	408	318	318	300	300	258	258	240	132	348	60	60	300	258	300	258	300	300
348	384	330	318	300	288	288	288	276	276	276	168	168	120	120	186	186	306	210	360	300	300	60	186	120	186	120	120
318	420	366	360	360	348	348	348	300	300	300	192	192	180	180	60	60	204	132	348	258	258	186	60	180	60	180	180
168	372	300	306	300	288	288	288	270	270	270	168	168	120	120	180	180	306	210	360	300	300	120	180	60	180	120	120
192	420	408	402	402	348	348	348	300	300	300	198	198	180	180	132	132	138	132	348	258	258	186	60	180	60	180	180
168	378	372	360	348	288	288	288	276	276	276	168	168	120	120	222	222	306	210	360	300	300	120	180	120	180	60	120
318	378	324	312	300	288	288	288	270	270	270	162	162	234	120	180	180	306	210	360	300	300	120	180	120	180	120	60
DEPOTS_DISTANCE
234	462	462	462	456	450	450	450	438	438	438	360	360	210	210	132	132	198	60	138	132	132	210	132	210	132	210	210	
348	384	330	318	300	288	288	288	276	276	276	168	168	120	120	186	186	306	210	360	300	300	60	186	120	186	120	120	
318	420	366	360	360	348	348	348	300	300	300	192	192	180	180	60	60	204	132	348	258	258	186	60	180	60	180	180	
LOCATION_TURN_MATRIX
100	130	122	113	112	199	136	122	129	152	173	146	151	136	158	140	176	113	122	167	194	134	110	172	114	184	100	147	
170	100	154	188	164	169	136	136	152	170	104	183	155	115	101	104	155	187	174	115	149	134	178	168	114	135	168	102	
178	146	100	161	178	114	104	165	117	139	126	169	192	109	120	179	160	152	154	134	113	140	154	179	196	196	192	181	
187	112	139	100	158	114	195	181	104	132	195	106	183	169	132	170	140	136	172	148	116	110	123	136	151	120	176	169	
188	136	122	142	100	175	164	159	112	100	167	164	135	191	132	181	104	123	142	156	108	117	193	182	116	147	156	185	
101	131	186	186	125	100	190	147	164	150	137	102	145	176	185	131	113	108	117	186	118	151	140	178	154	189	172	110	
164	164	196	105	136	110	100	186	153	151	183	193	111	157	144	123	188	142	110	163	105	190	166	187	170	171	186	126	
178	164	135	119	141	153	114	100	106	130	108	103	151	178	122	151	130	133	184	177	110	141	166	110	122	174	191	197	
171	148	183	196	188	136	147	194	100	167	100	146	168	129	128	142	172	118	174	147	105	158	156	160	120	106	119	136	
148	130	161	168	200	150	149	170	133	100	177	106	175	116	188	180	176	194	108	146	130	187	183	173	128	141	169	176	
127	196	174	105	133	163	117	192	200	123	100	171	175	140	183	115	104	186	128	153	151	175	100	146	191	117	132	197	
154	117	131	194	136	198	107	197	154	194	129	100	136	184	140	147	172	184	148	131	103	156	185	200	152	158	154	143	
149	145	108	117	165	155	189	149	132	125	125	164	100	140	199	142	101	144	163	185	117	191	200	143	113	165	102	154	
164	185	191	131	109	124	143	122	171	184	160	116	160	100	109	116	196	113	131	186	166	139	183	175	144	161	105	170	
142	199	180	168	168	115	156	178	172	112	117	160	101	191	100	147	177	177	199	158	172	188	164	175	180	168	154	195	
160	196	121	130	119	169	177	149	158	120	185	153	158	184	153	100	152	159	197	157	181	159	102	123	168	200	124	186	
124	145	140	160	196	187	112	170	128	124	196	128	199	104	123	148	100	149	114	112	117	135	105	132	138	180	198	156	
187	113	148	164	177	192	158	167	182	106	114	116	156	187	123	141	151	100	166	132	168	163	159	123	129	173	161	116	
178	126	146	128	158	183	190	116	126	192	172	152	137	169	101	103	186	134	100	184	199	137	130	160	148	113	140	150	
133	185	166	152	144	114	137	123	153	154	147	169	115	114	142	143	188	168	116	100	111	195	128	157	191	164	141	171	
106	151	187	184	192	182	195	190	195	170	149	197	183	134	128	119	183	132	101	189	100	129	151	163	147	166	104	177	
166	166	160	190	183	149	110	159	142	113	125	144	109	161	112	141	165	137	163	105	171	100	101	185	169	129	103	197	
190	122	146	177	107	160	134	134	144	117	200	115	100	117	136	198	195	141	170	172	149	199	100	106	150	116	118	145	
128	132	121	164	118	122	113	190	140	127	154	100	157	125	125	177	168	177	140	143	137	115	194	100	128	167	115	155	
186	186	104	149	184	146	130	178	180	172	109	148	187	156	120	132	162	171	152	109	153	131	150	172	100	155	124	184	
116	165	104	180	153	111	129	126	194	159	183	142	135	139	132	100	120	127	187	136	134	171	184	133	145	100	129	192	
200	132	108	124	144	128	114	109	181	131	168	146	198	195	146	176	102	139	160	159	196	197	182	185	176	171	100	146	
153	198	119	131	115	190	174	103	164	124	103	157	146	130	105	114	144	184	150	129	123	103	155	145	116	108	154	100	
DEPOTS_TO_LOCAL_TURN_MATRIX
178	126	146	128	158	183	190	116	126	192	172	152	137	169	101	103	186	134	100	184	199	137	130	160	148	113	140	150	
190	122	146	177	107	160	134	134	144	117	200	115	100	117	136	198	195	141	170	172	149	199	100	106	150	116	118	145	
128	132	121	164	118	122	113	190	140	127	154	100	157	125	125	177	168	177	140	143	137	115	194	100	128	167	115	155	
LOCAL_TO_DEPOT_TURN_MATRIX
122	174	154	172	142	117	110	184	174	108	128	148	163	131	199	197	114	166	100	116	101	163	170	140	152	187	160	150	
110	178	154	123	193	140	166	166	156	183	100	185	200	183	164	102	105	159	130	128	151	101	100	194	150	184	182	155	
172	168	179	136	182	178	187	110	160	173	146	200	143	175	175	123	132	123	160	157	163	185	106	100	172	133	185	145	

