INDEX_PROBLEM
1
PATIENTS
800
STRETCHERS
16
NUM_ROOM
28
NUM_DEPOT
3
NUM_PRIORITY
4
PRIORITY_LIST
0	1	2	3	4
PRIORITY_WEIGHT
0	1	10	18	30
PRIORITY_JOB
0	1	2	3	3	3	2	3	2	2	3	1	2	3	2	3	3	3	2	2	3	3	4	3	4	1	2	3	3	3	4	3	4	1	2	3	1	2	3	3	2	3	2	4	1	2	3	3	4	2	3	3	4	2	3	3	4	1	2	3	1	1	1	1	2	2	3	3	2	2	3	2	3	1	3	4	1	2	1	1	2	3	3	4	1	2	3	2	3	1	3	1	2	2	2	1	1	3	4	1	2	3	3	4	3	3	1	3	2	2	3	2	2	1	4	1	2	3	4	3	4	2	3	1	1	2	2	1	1	2	3	4	1	2	3	3	4	2	1	1	3	1	2	1	1	2	3	4	1	2	2	3	3	2	1	1	3	4	1	2	1	1	2	3	3	2	2	3	3	4	2	3	1	1	2	2	1	1	3	3	4	2	2	3	2	4	3	1	1	2	3	1	2	1	3	4	1	2	3	3	2	3	1	4	1	2	2	1	2	2	3	4	1	2	3	3	4	2	1	1	3	2	2	3	1	2	2	1	2	3	3	3	3	4	3	2	1	1	2	3	1	1	1	4	1	2	3	3	2	4	3	1	1	1	2	3	2	1	1	4	1	2	2	3	2	3	3	1	1	4	1	2	2	1	2	3	3	2	2	3	4	2	3	3	1	1	2	3	1	2	1	3	4	2	2	3	4	3	2	1	1	2	3	3	2	1	1	4	1	2	3	1	3	4	2	1	2	2	3	4	2	1	1	1	2	3	3	2	3	3	2	1	2	3	4	1	2	1	2	1	2	3	3	2	3	3	4	2	1	1	3	1	2	1	2	2	3	3	4	1	3	4	3	1	1	2	3	4	1	1	1	1	2	2	3	1	3	2	3	1	1	2	3	3	1	2	2	4	1	2	2	3	3	4	2	3	1	1	2	3	1	1	2	3	2	3	2	3	1	4	2	1	2	3	3	4	1	1	3	2	2	3	4	1	3	3	4	1	2	2	3	2	1	2	1	1	3	3	1	1	2	3	3	2	2	3	4	1	1	2	1	1	2	3	3	2	2	3	3	1	1	2	3	1	2	2	1	2	3	3	4	4	3	3	3	1	1	2	2	3	2	1	1	4	1	2	3	3	4	2	3	1	1	1	2	3	1	1	2	3	1	2	2	3	3	2	3	3	1	1	2	3	1	2	1	3	4	2	2	3	4	3	3	1	1	2	3	2	1	2	1	3	4	2	2	3	4	3	2	1	1	2	3	3	1	1	1	4	1	2	3	4	3	3	2	1	1	2	2	3	2	1	2	1	2	3	3	3	3	4	3	2	1	1	2	3	1	2	4	1	2	3	3	3	4	1	3	1	1	2	2	2	1	1	3	4	1	2	3	2	3	3	1	1	3	4	1	1	1	2	2	3	4	1	2	2	3	3	1	1	2	3	1	2	1	2	2	3	3	2	2	4	3	3	1	3	1	2	1	2	1	1	3	3	4	2	2	3	4	2	1	3	1	2	3	1	1	2	3	4	1	2	3	3	3	2	1	4	1	2	2	1	1	2	3	1	2	3	3	3	4	3	3	1	1	2	2	2	1	3	4	1	2	3	3	2	2	3	1	1	3	2	1	2	1	2	3	4	1	2	3	3	2	1	1	3	3	1	1	2	1	2	3	4	1	2	3	3	4	1	2	3	1	1	2	2	1	2	3	3	4	2	3	3	1	2	3	1	2	1	1	4	1	1	2	3	3	1	2	1	1	2	2	3	4	2	1	2	1	1	1	2	3	1	2	1	1	3	4	1	2	2	1	1	1	1	3	1	2	2	1	1	2	1	1	2	3	4	1	2	2
TIME_ASKED
0	28849	28898	28947	28996	29045	29094	29149	29198	29247	29296	29345	29394	29429	29458	29487	29516	29545	29574	29603	29632	29661	29690	29742	29784	29826	29868	29910	29952	29994	30029	30058	30087	30116	30145	30174	30203	30232	30261	30290	30329	30358	30387	30416	30445	30474	30503	30532	30561	30590	30621	30642	30663	30684	30705	30726	30747	30768	30789	30810	30831	30852	30873	30894	30949	30998	31047	31096	31145	31194	31227	31254	31281	31308	31335	31362	31389	31416	31443	31470	31497	31524	31548	31572	31596	31620	31644	31668	31692	31716	31740	31764	31788	31837	31874	31911	31948	31985	32022	32059	32096	32159	32218	32277	32336	32395	32419	32438	32457	32476	32495	32514	32533	32552	32571	32590	32609	32628	32647	32666	32685	32759	32818	32877	32936	32995	33027	33054	33081	33108	33135	33162	33189	33216	33243	33270	33297	33333	33366	33399	33432	33465	33498	33531	33564	33597	33616	33632	33648	33664	33680	33696	33712	33728	33744	33760	33776	33792	33808	33824	33840	33856	33872	33888	33933	33966	33999	34032	34065	34098	34131	34164	34197	34242	34284	34326	34368	34410	34452	34494	34533	34566	34599	34632	34665	34698	34731	34764	34797	34827	34854	34881	34908	34935	34962	34989	35016	35043	35070	35097	35137	35174	35211	35248	35285	35322	35359	35396	35433	35466	35499	35532	35565	35598	35631	35664	35697	35723	35746	35769	35792	35815	35838	35861	35884	35907	35930	35953	35976	35999	36023	36046	36069	36092	36115	36138	36161	36184	36207	36230	36253	36276	36299	36327	36354	36381	36408	36435	36462	36489	36516	36543	36570	36597	36619	36638	36657	36676	36695	36714	36733	36752	36771	36790	36809	36828	36847	36866	36885	36949	36998	37047	37096	37145	37194	37259	37318	37377	37436	37495	37549	37598	37647	37696	37745	37794	37827	37854	37881	37908	37935	37962	37989	38016	38043	38070	38097	38123	38146	38169	38192	38215	38238	38261	38284	38307	38330	38353	38376	38399	38419	38438	38457	38476	38495	38514	38533	38552	38571	38590	38609	38628	38647	38666	38685	38742	38784	38826	38868	38910	38952	38994	39029	39058	39087	39116	39145	39174	39203	39232	39261	39290	39349	39398	39447	39496	39545	39594	39633	39666	39699	39732	39765	39798	39831	39864	39897	39937	39974	40011	40048	40085	40122	40159	40196	40242	40284	40326	40368	40410	40452	40494	40542	40584	40626	40668	40710	40752	40794	40849	40898	40947	40996	41045	41094	41133	41166	41199	41232	41265	41298	41331	41364	41397	41423	41446	41469	41492	41515	41538	41561	41584	41607	41630	41653	41676	41699	41749	41798	41847	41896	41945	41994	42099	42198	42297	42342	42384	42426	42468	42510	42552	42594	42699	42798	42897	42923	42946	42969	42992	43015	43038	43061	43084	43107	43130	43153	43176	43199	43237	43274	43311	43348	43385	43422	43459	43496	43549	43598	43647	43696	43745	43794	43899	43998	44097	44159	44218	44277	44336	44395	44459	44518	44577	44636	44695	44799	44898	44997	45033	45066	45099	45132	45165	45198	45231	45264	45297	45337	45374	45411	45448	45485	45522	45559	45596	45637	45674	45711	45748	45785	45822	45859	45896	45959	46018	46077	46136	46195	46249	46298	46347	46396	46445	46494	46537	46574	46611	46648	46685	46722	46759	46796	46821	46842	46863	46884	46905	46926	46947	46968	46989	47010	47031	47052	47073	47094	47199	47298	47397	47437	47474	47511	47548	47585	47622	47659	47696	47737	47774	47811	47848	47885	47922	47959	47996	48049	48098	48147	48196	48245	48294	48324	48348	48372	48396	48420	48444	48468	48492	48516	48540	48564	48588	48627	48654	48681	48708	48735	48762	48789	48816	48843	48870	48897	48937	48974	49011	49048	49085	49122	49159	49196	49233	49266	49299	49332	49365	49398	49431	49464	49497	49537	49574	49611	49648	49685	49722	49759	49796	49827	49854	49881	49908	49935	49962	49989	50016	50043	50070	50097	50149	50198	50247	50296	50345	50394	50424	50448	50472	50496	50520	50544	50568	50592	50616	50640	50664	50688	50737	50774	50811	50848	50885	50922	50959	50996	51027	51054	51081	51108	51135	51162	51189	51216	51243	51270	51297	51324	51348	51372	51396	51420	51444	51468	51492	51516	51540	51564	51588	51637	51674	51711	51748	51785	51822	51859	51896	51933	51966	51999	52032	52065	52098	52131	52164	52197	52259	52318	52377	52436	52495	52517	52534	52551	52568	52585	52602	52619	52636	52653	52670	52687	52704	52721	52738	52755	52772	52789	52859	52918	52977	53036	53095	53137	53174	53211	53248	53285	53322	53359	53396	53459	53518	53577	53636	53695	53733	53766	53799	53832	53865	53898	53931	53964	53997	54027	54054	54081	54108	54135	54162	54189	54216	54243	54270	54297	54374	54448	54522	54596	54627	54654	54681	54708	54735	54762	54789	54816	54843	54870	54897	55049	55198	55237	55274	55311	55348	55385	55422	55459	55496	55574	55648	55722	55796	55827	55854	55881	55908	55935	55962	55989	56016	56043	56070	56097	56399	56499	56598	56697	56733	56766	56799	56832	56865	56898	56931	56964	56997	57049	57098	57147	57196	57245	57294	57359	57418	57477	57536	57595
ORIGIN
26	16	6	27	19	1	27	23	27	25	23	10	2	2	14	14	23	14	3	23	16	4	26	16	14	26	16	7	27	14	27	7	23	9	1	23	23	14	23	13	14	23	14	3	24	14	20	14	14	6	27	18	7	27	20	8	1	14	17	2	23	23	2	26	1	27	23	14	4	14	4	5	26	1	7	27	19	8	14	3	14	1	23	11	2	23	13	2	23	2	3	24	14	4	5	1	7	1	18	7	27	20	27	1	23	14	17	23	12	2	2	14	14	14	14	4	24	15	4	26	16	6	3	3	23	27	23	14	14	3	10	2	23	12	14	23	14	3	14	27	4	26	16	7	14	1	7	27	20	8	14	23	10	1	23	27	2	23	14	2	14	27	4	24	15	4	26	16	6	24	26	26	26	22	8	14	3	14	17	23	12	2	27	14	3	23	27	14	25	16	5	1	25	14	27	20	8	27	14	14	1	23	20	2	23	13	2	27	14	14	14	14	4	26	16	5	27	18	17	14	20	8	1	3	14	17	2	12	2	23	14	3	23	14	14	27	27	11	26	25	25	14	4	8	27	23	14	1	23	11	2	2	14	2	23	14	16	14	27	4	26	16	5	14	17	7	27	4	26	1	23	14	14	2	27	2	23	13	3	23	14	4	27	11	14	14	16	6	14	3	26	27	23	8	1	22	10	2	23	14	2	23	14	14	27	15	27	26	16	5	1	9	7	27	9	14	27	23	9	1	9	20	2	23	13	2	27	14	5	24	20	14	26	16	6	3	26	14	23	2	8	1	23	10	2	23	12	17	26	14	3	23	14	14	27	15	5	26	25	3	27	26	14	3	14	9	1	16	20	2	17	13	2	23	14	1	24	14	4	1	7	5	27	26	14	2	11	8	1	23	10	1	23	12	2	14	14	3	23	14	14	27	11	4	26	16	6	27	11	7	4	14	14	1	23	20	2	14	4	2	23	14	3	7	14	4	14	7	5	26	16	1	1	26	14	1	23	10	1	14	11	2	14	14	2	23	14	14	14	24	11	20	16	6	27	19	7	27	22	3	14	23	10	12	23	14	14	23	14	3	23	14	4	25	11	14	1	16	7	1	26	14	1	23	9	1	23	11	2	1	14	24	14	14	27	20	20	14	20	16	5	27	18	7	27	20	8	3	14	10	22	23	23	2	2	14	3	23	14	4	24	15	1	1	16	6	27	26	14	14	12	9	1	23	11	2	23	12	2	27	14	3	24	27	14	14	1	5	26	17	7	27	20	3	14	14	10	1	20	20	2	14	14	3	23	14	4	24	15	4	14	25	25	14	14	14	2	14	8	1	23	10	2	23	12	23	14	14	14	23	14	27	11	27	5	26	16	7	27	20	8	14	14	3	1	20	2	14	26	16	2	23	14	3	24	14	4	27	26	14	26	14	2	2	14	14	1	23	10	2	23	12	2	14	14	3	23	14	14	27	11	8	26	16	7	27	19	8	14	14	14	1	23	2	14	14	14	16	23	14	3	24	14	4	1	14	14	27	18	2	26	26	14	23	23	10	1	23	12	2	23	14	14	27	14	27	11	11	14	26	16	6	27	19	7	27	8	14	14	20	10	2	14	16	5	23	14	3	23	14	4	26	14	1	26	16	7	27	14	23	2	23	9	1	23	11	2	23	4	27	27	14	4	11	14	1	1	16	6	27	18	7	27	21	3	24	3	10	22	23	2	23	2	14	3	23	14	14	25	16	1	26	16	7	27	14	3	2	14	9	1	23	11	4	23	13	27	2	14	3	24	14	1	14	1	5	27	18	7	27	20	8	12	14	17	1	23	23	2	7	7
DESTINATION
3	14	17	2	22	23	2	26	2	14	27	14	14	14	25	16	1	25	14	4	14	14	3	14	9	3	16	20	2	4	23	13	27	14	14	27	1	5	1	7	5	1	26	14	2	20	7	8	1	17	2	27	20	2	14	14	14	16	6	14	27	1	27	23	14	23	3	26	14	2	14	14	3	23	20	2	22	14	4	26	16	14	27	15	14	27	7	14	1	27	14	1	26	14	14	23	13	23	27	20	2	14	2	14	27	26	6	27	11	14	27	20	8	1	26	14	2	14	14	3	14	17	23	23	27	2	27	4	5	26	14	14	27	11	8	1	25	14	1	23	14	3	14	13	2	23	20	2	14	14	4	27	14	14	1	18	14	1	8	27	1	23	14	2	14	14	3	14	17	2	14	14	14	2	14	4	26	16	6	27	11	14	23	25	14	4	23	10	14	14	14	23	14	3	2	14	14	2	16	16	14	27	7	14	1	7	14	23	10	1	4	26	14	3	14	14	2	27	6	4	14	14	14	26	16	6	24	11	14	1	25	14	3	26	2	23	23	12	3	14	14	3	23	14	2	27	5	14	27	15	27	27	20	14	1	9	14	1	23	14	3	14	14	2	9	20	2	14	14	14	27	5	5	27	18	14	1	7	14	3	26	14	23	12	2	2	14	17	3	23	14	2	26	14	14	19	14	14	27	8	27	1	25	1	23	11	2	3	14	14	23	14	20	2	17	4	3	27	14	14	17	7	27	1	7	14	23	26	14	2	11	2	3	14	17	23	14	4	27	14	14	14	27	14	14	27	11	6	23	8	14	3	10	2	23	14	14	3	14	26	2	14	4	26	16	14	14	16	7	27	9	7	14	1	26	23	1	26	14	23	13	14	2	14	5	24	20	14	14	27	14	14	27	11	24	20	8	14	3	10	2	23	12	14	3	14	17	2	12	23	14	15	15	14	27	7	27	26	14	14	1	25	14	13	26	14	1	13	14	3	16	24	24	14	4	14	27	14	14	8	20	14	20	8	14	3	26	1	1	2	12	14	14	17	2	22	23	2	2	26	4	27	14	11	7	16	4	1	25	14	4	26	14	14	12	2	23	14	20	24	14	4	14	27	14	14	27	15	14	14	1	1	1	26	23	11	11	2	14	14	14	2	27	20	2	14	14	26	16	14	19	7	7	27	22	25	14	3	26	14	2	14	23	23	14	17	2	14	4	25	11	14	14	27	15	14	27	11	27	23	26	14	1	23	2	1	14	14	3	9	20	2	14	26	16	16	14	14	7	7	27	20	8	14	3	26	14	2	14	14	8	14	14	3	4	4	24	15	14	14	27	14	14	27	11	1	9	9	1	4	2	23	12	2	14	3	16	20	2	14	14	16	5	26	14	7	27	20	3	14	14	1	26	14	2	26	14	23	3	3	14	4	24	24	15	4	14	27	14	14	27	11	14	8	8	14	3	2	2	23	12	14	3	14	20	2	22	14	16	5	5	14	27	27	20	20	8	14	1	26	14	1	26	14	23	2	2	2	27	24	14	14	4	27	27	14	14	27	11	14	1	1	1	23	10	23	12	12	2	3	14	17	2	22	23	2	14	5	16	7	14	27	8	14	14	1	25	14	5	26	14	3	2	23	14	16	20	2	4	1	14	27	14	14	27	20	14	1	14	23	23	26	14	12	2	23	14	14	17	2	27	23	2	7	26	2	26	14	19	7	27	7	27	25	14	4	2	2	14	14	23	3	14	20	2	4	26	14	16	14	14	27	15	14	27	7	23	27	26	14	1	2	23	4	23	14	2	27	20	2	14	14	11	16	6	14	27	7	27	21	23
DUE_DATE
0	31147	30476	30045	30094	30143	30672	30247	30776	30825	30394	31643	30972	30527	31036	30585	30614	30643	31152	31181	30730	30759	30248	30840	30342	32124	31446	31008	31050	31092	30587	31156	30645	32414	31723	31272	32501	31810	31359	31388	31907	31456	31965	30974	32743	32052	31601	31630	31119	32168	31719	31740	31221	32262	31803	31824	31305	33066	32367	31908	33129	33150	33171	33192	32527	32576	32145	32194	32723	32772	32325	32832	32379	33606	32433	31920	33687	32994	33741	33768	33075	32622	32646	32130	33894	33198	32742	33246	32790	34014	32838	34062	33366	33415	33452	34209	34246	33083	32580	34357	33674	33257	33316	32835	33434	33493	34717	33536	34035	34054	33593	34092	34111	34850	33129	34888	34187	33726	33205	33764	33243	34337	33916	35175	35234	34573	34605	35352	35379	34686	34233	33720	35487	34794	34341	34368	33855	34911	35664	35697	34530	35763	35076	35829	35862	35175	34714	34190	35946	35242	35258	34794	34810	35306	36042	36058	34874	34350	36106	35402	36138	36154	35450	34986	35031	35544	35577	35130	35163	34656	35709	35262	36495	36540	35862	35904	36666	36708	35550	35592	35091	36144	36177	35730	36243	35256	35829	37062	37095	36405	35952	37179	36486	37233	36060	35547	37314	36621	36168	36195	36715	36272	37509	35806	37583	36900	36937	37694	37011	37044	36597	36090	37863	37176	36729	36762	36255	37301	38044	38067	36890	37393	37416	36959	38182	37485	37508	38251	37554	37097	37121	37144	37167	36650	37213	37716	38459	38482	37785	37328	38551	38574	38597	36885	38652	37959	37506	37533	38040	37047	37614	38841	38868	38895	38197	37736	38235	38974	38993	37272	39031	38330	38349	37888	38387	37926	37945	39164	39183	37507	39296	38625	38674	39443	38772	38357	38416	38955	39014	38593	38107	39176	38745	38794	40043	40092	39405	38952	40179	39486	40233	39060	38547	39594	39621	39168	38655	39221	39724	40467	40490	39793	39336	39359	39862	40605	40628	38911	40674	39977	39517	40736	39555	39034	40073	40812	40111	40130	39669	39148	40187	40926	40945	40964	40263	39840	39882	40404	39966	40008	40530	41292	40607	40156	39645	41414	40723	41472	40781	41530	40839	40388	40447	40976	40545	40594	40103	41172	41931	41964	40797	42030	41343	42096	41409	41442	40995	41035	40532	42309	41146	40643	41220	42457	42494	41820	41382	40884	42666	42708	42750	42792	42120	42162	41724	42966	41808	42330	41892	43147	43196	42525	42094	42143	43392	42711	42744	41757	43530	42843	42876	42429	42462	41955	43001	42544	43767	43790	43093	42636	43859	43882	43185	42728	43231	42774	43277	42847	44096	42405	43474	44243	43572	43197	43296	42855	44640	44682	43524	44046	44088	43650	43152	44997	43896	43995	43481	45244	44547	44570	44113	44616	45359	44662	45405	45428	44251	44274	45497	45535	44852	44409	44446	44963	45000	44557	44054	45847	45896	45225	45994	46043	45372	44997	45096	45675	45737	45316	45375	46634	46693	46037	45616	46875	46214	46273	47097	46476	46095	46131	45624	45657	46230	46263	46296	47529	47562	46875	46915	46472	46989	47746	47783	46080	47857	47174	46735	46772	46269	47326	46883	48120	48157	48194	47537	47116	48375	48434	47773	47347	48596	47925	47974	47543	47592	48115	47672	47709	48946	48983	48300	47857	49094	48399	49140	47961	47442	48483	48504	48045	47526	48087	48108	49329	49350	48651	48192	48777	49596	48975	49735	48572	48069	49126	49163	48720	48217	48794	49315	50072	50109	49426	48983	49020	50257	50294	50347	48656	50445	49774	49343	48852	49422	49446	49950	50694	50718	50022	50046	49590	50094	50838	50142	50886	50205	49752	49779	49806	49833	49320	49887	50394	51141	51168	50475	50035	51272	50589	49606	51383	50700	50257	50294	50331	49824	51597	50430	51663	51696	51009	51042	51075	51835	51872	50709	50206	51983	51300	50857	51374	50925	50952	52179	52206	51033	50520	52287	52314	52341	51648	51675	51247	50756	52545	51874	51923	51492	51522	52746	52770	52074	51618	52842	52146	52890	52194	52218	51762	51786	52315	52352	51369	51946	51983	53220	52057	53294	52605	53352	52659	53406	53433	52260	52287	51774	52821	52848	52395	51882	52926	53670	52494	53718	53022	52566	53790	53814	53118	52662	52146	53935	53252	52809	52846	52883	53400	54157	52454	54231	53544	53577	54330	54363	53676	53229	54462	53775	53357	53416	53475	52994	53593	53615	54832	54849	54146	54163	54180	54917	53734	53211	54968	54265	53802	53819	54316	54333	53870	55087	55157	54016	54555	55334	54673	55435	54752	54309	53806	55583	54900	54457	54494	55037	55816	55875	54734	54793	56031	56064	55377	56130	55443	54996	54489	56262	55575	55125	55152	54639	56406	55713	55260	56487	56514	55821	55848	56595	55952	55546	55620	55154	56205	55752	55779	57006	56313	55860	57087	56394	57141	57168	55455	57347	57496	56815	56372	56409	57646	56963	57720	57757	57074	57152	56746	56280	57374	58125	57432	58179	58206	58233	57540	57087	58314	57621	58368	58395	57497	57057	58896	58275	58311	59064	59097	59130	59163	57996	59229	58542	58575	59347	59396	58725	59494	59543	58872	58457	57976	59775	59114	59173
TRANSPORT_MODE
0	2	1	1	1	0	0	0	2	2	1	1	1	0	0	0	2	1	1	1	2	0	0	0	2	1	1	1	2	0	0	0	1	1	1	1	2	0	0	0	2	1	1	1	1	0	0	0	0	2	1	1	1	1	0	0	0	3	1	1	1	0	0	0	0	2	2	1	1	1	0	0	0	3	1	1	1	1	0	0	0	2	2	1	1	1	0	0	0	3	1	1	1	1	0	0	0	2	2	1	1	1	0	0	0	0	3	1	1	1	1	0	0	0	2	1	1	1	0	0	0	0	1	3	3	1	1	0	0	0	2	1	1	1	1	0	0	0	3	3	1	1	1	0	0	0	2	1	1	1	1	0	0	0	3	3	1	1	1	0	0	0	2	1	1	1	1	0	0	0	0	1	3	1	1	0	0	0	1	2	2	1	1	0	0	0	1	3	1	1	1	0	0	0	2	2	1	1	1	0	0	0	3	1	1	1	1	0	0	0	2	2	1	1	1	0	0	0	0	3	1	1	1	1	0	0	0	1	2	1	1	0	0	0	0	1	3	3	1	1	0	0	0	1	2	1	1	1	0	0	0	3	3	1	1	1	0	0	0	2	1	1	1	1	0	0	0	3	3	1	1	1	0	0	0	2	1	1	1	1	0	0	0	0	1	3	1	1	0	0	0	1	2	2	1	1	0	0	0	1	3	1	1	1	0	0	0	2	2	1	1	1	0	0	0	3	1	1	1	1	0	0	0	2	2	1	1	1	0	0	0	3	1	1	1	1	0	0	0	0	2	1	1	1	0	0	0	1	3	3	1	1	0	0	0	2	1	1	1	1	0	0	0	3	3	1	1	1	0	0	0	2	1	1	1	1	0	0	0	3	3	1	1	1	0	0	0	2	1	1	1	0	1	0	0	0	3	1	1	1	0	0	0	2	2	0	1	1	1	0	0	3	1	1	1	1	0	0	0	2	2	1	1	3	0	0	0	1	1	1	1	2	0	0	0	2	1	1	1	3	0	0	0	1	1	1	1	1	0	0	0	0	2	1	1	1	0	0	0	3	3	1	1	1	0	0	0	2	1	1	1	0	0	0	0	3	3	1	1	1	0	0	0	2	1	1	1	1	0	0	0	3	3	1	1	1	0	0	0	2	1	1	1	1	0	0	0	0	3	1	1	1	0	0	0	2	2	1	1	1	0	0	0	3	1	1	1	0	0	0	0	2	2	1	1	1	0	0	0	3	1	1	1	1	0	0	0	2	2	1	1	1	0	0	0	3	1	1	1	1	0	0	0	2	1	1	1	0	0	0	0	1	3	3	1	1	0	0	2	1	1	1	0	0	0	0	1	3	3	1	1	0	0	0	2	1	1	1	1	0	0	0	3	3	1	1	1	0	0	0	2	1	1	1	1	0	0	0	0	3	1	1	1	0	0	0	1	2	2	1	1	0	0	0	3	1	1	1	0	0	0	0	1	2	2	1	1	0	0	0	3	1	1	1	1	0	0	0	2	2	1	1	1	0	0	0	3	1	1	1	1	0	0	0	2	1	1	1	0	0	0	0	1	3	3	1	1	0	0	2	1	1	1	0	0	0	0	1	3	3	1	1	0	0	0	2	1	1	1	1	0	0	0	3	3	1	1	1	0	0	0	2	1	1	1	1	0	0	0	3	1	1	1	0	0	0	0	2	2	1	1	1	0	0	3	1	1	1	0	0	0	0	3	3	1	1	1	0	0	0	3	1	1	1	1	0	0	0	3	3	1	1	1	0	0	0	3	1	1	1	1	0	0	0	3	3	1	1	0	1	0	0	0	3	3	1	1	1	0	0	0
PATIENT_WEIGHT
79	40	118	123	54	50	41	45	52	103	62	113	100	50	87	55	41	107	93	32	146	109	144	107	78	45	60	77	38	91	112	131	55	81	114	47	67	149	51	86	48	34	56	53	71	45	95	145	143	146	150	143	102	78	72	58	71	67	100	101	55	134	145	86	110	136	65	57	44	52	101	50	124	42	95	72	126	61	139	142	103	138	100	49	77	112	70	60	72	77	133	120	122	62	79	127	89	107	133	107	96	98	144	64	39	91	71	117	147	79	33	79	96	35	50	116	131	117	56	122	41	74	141	102	52	87	141	99	85	118	69	34	55	81	85	104	70	59	118	78	124	92	47	148	90	103	72	139	44	116	81	42	90	86	82	82	51	114	96	120	122	77	117	129	150	135	96	70	143	31	149	128	100	33	32	149	36	40	116	70	119	116	54	82	58	135	114	116	61	87	139	50	47	107	68	130	81	50	85	143	63	72	126	100	33	144	49	134	34	61	37	79	81	55	34	111	35	88	82	119	120	98	100	101	148	140	58	36	37	87	34	149	54	79	52	114	91	30	37	36	85	78	35	96	134	66	57	114	125	99	75	143	98	67	111	138	72	54	32	82	66	37	36	76	76	38	125	110	41	81	96	83	125	59	107	140	102	123	144	33	121	80	128	102	48	127	80	39	80	132	82	145	59	49	60	63	71	35	94	112	39	141	37	123	118	50	35	143	120	111	117	50	66	81	58	87	53	150	91	145	43	103	37	51	111	77	136	114	100	102	144	74	45	85	40	40	95	116	75	30	83	130	75	134	92	83	145	45	52	108	43	94	53	42	95	127	68	89	110	98	79	97	53	74	92	128	140	121	71	79	97	89	52	127	97	72	106	52	130	122	75	135	124	55	67	127	38	43	101	75	48	92	120	144	98	32	68	139	145	143	32	70	69	84	69	144	31	96	148	141	109	73	103	51	37	102	79	136	34	40	40	32	72	74	68	68	48	150	92	107	72	37	117	64	100	70	101	56	38	73	52	62	68	44	94	85	43	104	79	103	121	90	85	60	38	43	66	122	35	81	85	83	67	52	85	48	147	136	56	94	51	113	93	116	75	93	110	129	148	53	94	64	145	49	31	143	33	37	77	71	120	140	133	92	55	36	48	55	47	49	60	148	80	79	60	108	30	89	70	45	115	61	63	120	89	144	56	37	84	121	113	142	120	52	53	72	72	64	81	93	131	80	123	150	127	107	62	109	101	130	56	148	76	69	120	38	88	85	53	43	35	134	85	117	145	122	123	50	117	102	123	139	111	122	149	143	107	30	132	70	41	114	88	56	138	110	32	139	147	121	125	103	41	78	138	62	93	107	98	51	132	59	69	68	110	37	55	134	117	108	56	120	140	80	137	108	134	133	125	106	135	36	139	132	67	30	95	131	104	72	103	86	48	141	126	82	55	141	96	71	135	73	136	135	131	71	35	41	81	66	138	119	139	50	61	76	130	72	144	138	77	144	90	68	110	143	41	54	42	106	137	75	115	97	109	87	70	136	56	64	111	54	111	51	62	31	148	126	102	45	67	112	148	31	114	62	43	87	36	87	123	104	106	88	59	37	123	77	66	139	72	144	110	84	133	58	129	96	36	140	88	53	133	94	57	52	44	57	126	35	97	33	37	100	70	57	84	36	49	104	81	30	130	38	56	118	39	140	36	130	68	87	106	97	103	51	49	90	100	66	140	104	141	129	107	99	100	133	55	90	110	107	60	79	126	55	31	58	73	110	100	65	148	97	93	73	144	30	103	49	74	130	98	149	147	47	52	63	143	130	97	111	145	64	32	107	57	146	35	143	137
DISTANCE_MATRIX
0	360	318	300	288	276	264	264	150	150	150	60	90	90	162	168	204	228	234	312	360	408	348	318	168	192	168	318
360	60	264	318	324	342	342	342	348	348	354	360	372	378	378	420	420	480	462	498	462	462	384	420	372	420	378	378
318	264	60	270	276	288	288	288	294	294	294	318	318	324	324	414	414	468	462	486	462	462	330	366	366	408	372	324
300	318	270	60	276	288	288	288	288	288	288	300	300	312	318	408	408	468	462	486	438	438	318	360	360	402	360	312
288	324	276	276	60	276	276	276	276	276	276	288	288	300	300	402	396	462	456	480	432	432	300	360	360	402	348	300
276	342	288	288	276	60	180	180	252	258	264	264	264	288	288	390	390	456	450	480	432	432	288	348	348	348	288	288
264	342	288	288	276	180	60	180	246	258	264	264	264	288	288	390	390	456	450	480	432	432	288	348	348	348	288	288
264	342	288	288	276	180	180	60	240	258	264	264	264	288	288	390	390	456	450	480	432	432	288	348	348	348	288	288
150	348	294	288	276	252	246	240	60	120	120	150	126	270	270	378	384	420	438	480	420	408	276	300	300	300	276	270
150	348	294	288	276	258	258	258	120	60	120	150	150	270	270	378	384	420	438	480	420	408	276	300	300	300	276	270
150	354	294	288	276	264	264	264	120	120	60	150	150	270	270	378	384	420	438	480	420	408	276	300	300	300	276	270
60	360	318	300	288	264	264	264	150	150	150	60	90	162	168	228	234	312	360	408	348	318	168	192	192	198	168	162
90	372	318	300	288	264	264	264	150	150	150	90	60	162	168	228	234	312	360	408	348	318	168	192	192	198	168	162
90	378	324	312	300	288	288	288	270	270	270	162	162	60	120	180	180	306	210	360	300	300	120	180	120	180	120	234
162	378	324	318	300	288	288	288	270	270	270	168	168	120	60	180	180	306	210	360	300	300	120	180	120	180	120	120
168	420	414	408	402	348	348	348	300	300	300	228	228	180	180	60	132	204	132	348	258	258	186	60	180	132	222	180
204	420	414	408	396	390	390	390	384	384	384	234	234	180	180	132	60	204	132	348	258	258	186	60	180	132	222	180
228	480	468	468	462	456	456	456	420	420	420	312	312	306	306	204	204	60	198	120	240	240	306	204	306	138	306	306
234	462	462	462	456	450	450	450	438	438	438	360	360	210	210	132	132	198	60	138	132	132	210	132	210	132	210	210
312	498	486	486	480	480	480	480	480	480	480	408	408	360	360	348	348	120	138	60	348	348	360	348	360	348	360	360
360	462	462	438	432	432	432	432	420	420	420	348	348	300	300	258	258	240	132	348	60	60	300	258	300	258	300	300
408	462	462	438	432	432	432	432	408	408	408	318	318	300	300	258	258	240	132	348	60	60	300	258	300	258	300	300
348	384	330	318	300	288	288	288	276	276	276	168	168	120	120	186	186	306	210	360	300	300	60	186	120	186	120	120
318	420	366	360	360	348	348	348	300	300	300	192	192	180	180	60	60	204	132	348	258	258	186	60	180	60	180	180
168	372	300	306	300	288	288	288	270	270	270	168	168	120	120	180	180	306	210	360	300	300	120	180	60	180	120	120
192	420	408	402	402	348	348	348	300	300	300	198	198	180	180	132	132	138	132	348	258	258	186	60	180	60	180	180
168	378	372	360	348	288	288	288	276	276	276	168	168	120	120	222	222	306	210	360	300	300	120	180	120	180	60	120
318	378	324	312	300	288	288	288	270	270	270	162	162	234	120	180	180	306	210	360	300	300	120	180	120	180	120	60
DEPOTS_DISTANCE
234	462	462	462	456	450	450	450	438	438	438	360	360	210	210	132	132	198	60	138	132	132	210	132	210	132	210	210	
348	384	330	318	300	288	288	288	276	276	276	168	168	120	120	186	186	306	210	360	300	300	60	186	120	186	120	120	
318	420	366	360	360	348	348	348	300	300	300	192	192	180	180	60	60	204	132	348	258	258	186	60	180	60	180	180	
LOCATION_TURN_MATRIX
100	130	122	113	112	199	136	122	129	152	173	146	151	136	158	140	176	113	122	167	194	134	110	172	114	184	100	147	
170	100	154	188	164	169	136	136	152	170	104	183	155	115	101	104	155	187	174	115	149	134	178	168	114	135	168	102	
178	146	100	161	178	114	104	165	117	139	126	169	192	109	120	179	160	152	154	134	113	140	154	179	196	196	192	181	
187	112	139	100	158	114	195	181	104	132	195	106	183	169	132	170	140	136	172	148	116	110	123	136	151	120	176	169	
188	136	122	142	100	175	164	159	112	100	167	164	135	191	132	181	104	123	142	156	108	117	193	182	116	147	156	185	
101	131	186	186	125	100	190	147	164	150	137	102	145	176	185	131	113	108	117	186	118	151	140	178	154	189	172	110	
164	164	196	105	136	110	100	186	153	151	183	193	111	157	144	123	188	142	110	163	105	190	166	187	170	171	186	126	
178	164	135	119	141	153	114	100	106	130	108	103	151	178	122	151	130	133	184	177	110	141	166	110	122	174	191	197	
171	148	183	196	188	136	147	194	100	167	100	146	168	129	128	142	172	118	174	147	105	158	156	160	120	106	119	136	
148	130	161	168	200	150	149	170	133	100	177	106	175	116	188	180	176	194	108	146	130	187	183	173	128	141	169	176	
127	196	174	105	133	163	117	192	200	123	100	171	175	140	183	115	104	186	128	153	151	175	100	146	191	117	132	197	
154	117	131	194	136	198	107	197	154	194	129	100	136	184	140	147	172	184	148	131	103	156	185	200	152	158	154	143	
149	145	108	117	165	155	189	149	132	125	125	164	100	140	199	142	101	144	163	185	117	191	200	143	113	165	102	154	
164	185	191	131	109	124	143	122	171	184	160	116	160	100	109	116	196	113	131	186	166	139	183	175	144	161	105	170	
142	199	180	168	168	115	156	178	172	112	117	160	101	191	100	147	177	177	199	158	172	188	164	175	180	168	154	195	
160	196	121	130	119	169	177	149	158	120	185	153	158	184	153	100	152	159	197	157	181	159	102	123	168	200	124	186	
124	145	140	160	196	187	112	170	128	124	196	128	199	104	123	148	100	149	114	112	117	135	105	132	138	180	198	156	
187	113	148	164	177	192	158	167	182	106	114	116	156	187	123	141	151	100	166	132	168	163	159	123	129	173	161	116	
178	126	146	128	158	183	190	116	126	192	172	152	137	169	101	103	186	134	100	184	199	137	130	160	148	113	140	150	
133	185	166	152	144	114	137	123	153	154	147	169	115	114	142	143	188	168	116	100	111	195	128	157	191	164	141	171	
106	151	187	184	192	182	195	190	195	170	149	197	183	134	128	119	183	132	101	189	100	129	151	163	147	166	104	177	
166	166	160	190	183	149	110	159	142	113	125	144	109	161	112	141	165	137	163	105	171	100	101	185	169	129	103	197	
190	122	146	177	107	160	134	134	144	117	200	115	100	117	136	198	195	141	170	172	149	199	100	106	150	116	118	145	
128	132	121	164	118	122	113	190	140	127	154	100	157	125	125	177	168	177	140	143	137	115	194	100	128	167	115	155	
186	186	104	149	184	146	130	178	180	172	109	148	187	156	120	132	162	171	152	109	153	131	150	172	100	155	124	184	
116	165	104	180	153	111	129	126	194	159	183	142	135	139	132	100	120	127	187	136	134	171	184	133	145	100	129	192	
200	132	108	124	144	128	114	109	181	131	168	146	198	195	146	176	102	139	160	159	196	197	182	185	176	171	100	146	
153	198	119	131	115	190	174	103	164	124	103	157	146	130	105	114	144	184	150	129	123	103	155	145	116	108	154	100	
DEPOTS_TO_LOCAL_TURN_MATRIX
178	126	146	128	158	183	190	116	126	192	172	152	137	169	101	103	186	134	100	184	199	137	130	160	148	113	140	150	
190	122	146	177	107	160	134	134	144	117	200	115	100	117	136	198	195	141	170	172	149	199	100	106	150	116	118	145	
128	132	121	164	118	122	113	190	140	127	154	100	157	125	125	177	168	177	140	143	137	115	194	100	128	167	115	155	
LOCAL_TO_DEPOT_TURN_MATRIX
122	174	154	172	142	117	110	184	174	108	128	148	163	131	199	197	114	166	100	116	101	163	170	140	152	187	160	150	
110	178	154	123	193	140	166	166	156	183	100	185	200	183	164	102	105	159	130	128	151	101	100	194	150	184	182	155	
172	168	179	136	182	178	187	110	160	173	146	200	143	175	175	123	132	123	160	157	163	185	106	100	172	133	185	145	

