INDEX_PROBLEM
1
PATIENTS
800
STRETCHERS
16
NUM_ROOM
28
NUM_DEPOT
3
NUM_PRIORITY
4
PRIORITY_LIST
0	1	2	3	4
PRIORITY_WEIGHT
0	1	10	18	30
PRIORITY_JOB
0	2	3	4	2	3	3	4	3	3	4	2	3	4	4	4	4	1	2	3	4	4	3	4	3	2	3	4	4	1	4	4	2	3	4	4	2	4	3	4	3	3	4	4	2	3	4	4	4	4	4	2	3	3	4	3	4	1	1	3	4	2	2	1	2	3	4	2	1	1	4	3	4	1	4	3	4	2	2	1	1	3	4	4	1	1	4	3	4	1	2	3	4	2	2	1	2	3	4	4	4	1	4	4	3	1	2	3	4	1	3	2	3	2	3	4	4	2	4	3	4	4	1	3	4	4	1	1	2	2	3	4	2	1	3	4	4	3	4	4	1	2	1	2	1	3	4	2	3	1	3	4	4	2	4	4	4	1	2	1	2	1	3	4	4	2	3	4	4	3	1	1	3	4	2	3	2	1	3	4	4	1	4	4	3	1	1	2	3	4	2	2	1	4	2	3	4	4	1	4	3	1	1	2	3	4	2	1	3	4	4	2	3	4	1	4	3	4	4	1	2	3	1	1	2	3	4	4	2	3	4	3	4	4	1	4	2	3	2	1	2	4	1	2	3	4	3	4	4	2	2	1	3	4	4	1	1	4	1	2	3	4	3	4	4	2	1	2	3	4	4	1	2	1	1	2	3	4	3	4	4	4	4	1	1	2	3	3	2	1	4	4	2	3	4	4	3	4	1	1	1	2	2	2	1	4	3	4	2	3	4	3	4	1	1	4	2	1	2	1	1	4	3	4	4	2	3	3	4	4	4	1	4	1	2	1	3	2	2	3	4	4	2	4	4	4	3	1	4	2	1	2	2	3	4	4	2	2	3	4	3	3	1	4	2	3	1	2	1	4	4	1	2	3	4	4	4	2	4	1	4	2	3	1	1	4	4	1	2	3	4	4	3	3	4	1	1	4	2	3	1	2	3	4	4	2	4	3	2	3	4	1	1	4	1	2	1	2	2	3	4	2	4	3	4	3	1	1	4	4	2	1	1	1	2	3	4	2	4	4	3	3	1	4	4	2	2	1	4	4	1	2	3	4	4	4	4	2	3	1	4	3	2	1	4	2	3	4	4	3	4	3	2	2	2	1	3	2	1	1	4	3	4	4	1	4	4	3	2	2	3	1	4	2	1	3	3	4	4	1	4	2	4	4	2	3	4	1	1	4	1	3	2	2	3	4	2	4	4	3	4	3	4	1	1	4	1	2	2	2	2	3	4	2	3	4	3	1	1	4	4	1	2	1	4	1	2	3	4	2	3	4	4	3	1	1	4	4	3	2	1	4	3	1	2	4	4	4	3	4	2	3	1	4	2	3	1	4	2	3	4	2	4	3	4	2	3	1	4	2	2	2	1	3	4	4	1	2	4	3	4	3	1	4	2	3	2	1	2	4	4	4	1	2	4	4	4	1	3	1	4	2	3	3	1	2	4	4	2	3	3	4	3	4	1	1	4	2	1	2	2	3	3	2	3	4	4	4	3	4	1	1	1	2	1	2	1	3	4	4	2	3	4	4	4	1	1	4	4	1	3	1	2	3	2	3	4	2	3	4	3	4	4	1	4	2	1	2	3	3	4	4	2	3	3	4	4	3	1	2	3	4	1	2	2	4	1	2	3	4	3	4	4	1	4	2	3	4	1	1	2	4	1	2	3	4	4	3	4	1	2	1	3	4	4	2	1	2	2	3	4	2	3	4	4	1	1	3	3	4	3	1	2	1	2	3	4	1	2	1	1	4	1	2	3	1	2	1	2	1	4	2	3	1	1	3	2	1	4	4	4	1	1	2	2	1	2	3	4	2	1	2	1	1	3	4	4	1	2	1	3
TIME_ASKED
0	28849	28898	28947	28996	29045	29094	29149	29198	29247	29296	29345	29394	29429	29458	29487	29516	29545	29574	29603	29632	29661	29690	29742	29784	29826	29868	29910	29952	29994	30029	30058	30087	30116	30145	30174	30203	30232	30261	30290	30329	30358	30387	30416	30445	30474	30503	30532	30561	30590	30621	30642	30663	30684	30705	30726	30747	30768	30789	30810	30831	30852	30873	30894	30949	30998	31047	31096	31145	31194	31227	31254	31281	31308	31335	31362	31389	31416	31443	31470	31497	31524	31548	31572	31596	31620	31644	31668	31692	31716	31740	31764	31788	31837	31874	31911	31948	31985	32022	32059	32096	32159	32218	32277	32336	32395	32419	32438	32457	32476	32495	32514	32533	32552	32571	32590	32609	32628	32647	32666	32685	32759	32818	32877	32936	32995	33027	33054	33081	33108	33135	33162	33189	33216	33243	33270	33297	33333	33366	33399	33432	33465	33498	33531	33564	33597	33616	33632	33648	33664	33680	33696	33712	33728	33744	33760	33776	33792	33808	33824	33840	33856	33872	33888	33933	33966	33999	34032	34065	34098	34131	34164	34197	34242	34284	34326	34368	34410	34452	34494	34533	34566	34599	34632	34665	34698	34731	34764	34797	34827	34854	34881	34908	34935	34962	34989	35016	35043	35070	35097	35137	35174	35211	35248	35285	35322	35359	35396	35433	35466	35499	35532	35565	35598	35631	35664	35697	35723	35746	35769	35792	35815	35838	35861	35884	35907	35930	35953	35976	35999	36023	36046	36069	36092	36115	36138	36161	36184	36207	36230	36253	36276	36299	36327	36354	36381	36408	36435	36462	36489	36516	36543	36570	36597	36619	36638	36657	36676	36695	36714	36733	36752	36771	36790	36809	36828	36847	36866	36885	36949	36998	37047	37096	37145	37194	37259	37318	37377	37436	37495	37549	37598	37647	37696	37745	37794	37827	37854	37881	37908	37935	37962	37989	38016	38043	38070	38097	38123	38146	38169	38192	38215	38238	38261	38284	38307	38330	38353	38376	38399	38419	38438	38457	38476	38495	38514	38533	38552	38571	38590	38609	38628	38647	38666	38685	38742	38784	38826	38868	38910	38952	38994	39029	39058	39087	39116	39145	39174	39203	39232	39261	39290	39349	39398	39447	39496	39545	39594	39633	39666	39699	39732	39765	39798	39831	39864	39897	39937	39974	40011	40048	40085	40122	40159	40196	40242	40284	40326	40368	40410	40452	40494	40542	40584	40626	40668	40710	40752	40794	40849	40898	40947	40996	41045	41094	41133	41166	41199	41232	41265	41298	41331	41364	41397	41423	41446	41469	41492	41515	41538	41561	41584	41607	41630	41653	41676	41699	41749	41798	41847	41896	41945	41994	42099	42198	42297	42342	42384	42426	42468	42510	42552	42594	42699	42798	42897	42923	42946	42969	42992	43015	43038	43061	43084	43107	43130	43153	43176	43199	43237	43274	43311	43348	43385	43422	43459	43496	43549	43598	43647	43696	43745	43794	43899	43998	44097	44159	44218	44277	44336	44395	44459	44518	44577	44636	44695	44799	44898	44997	45033	45066	45099	45132	45165	45198	45231	45264	45297	45337	45374	45411	45448	45485	45522	45559	45596	45637	45674	45711	45748	45785	45822	45859	45896	45959	46018	46077	46136	46195	46249	46298	46347	46396	46445	46494	46537	46574	46611	46648	46685	46722	46759	46796	46821	46842	46863	46884	46905	46926	46947	46968	46989	47010	47031	47052	47073	47094	47199	47298	47397	47437	47474	47511	47548	47585	47622	47659	47696	47737	47774	47811	47848	47885	47922	47959	47996	48049	48098	48147	48196	48245	48294	48324	48348	48372	48396	48420	48444	48468	48492	48516	48540	48564	48588	48627	48654	48681	48708	48735	48762	48789	48816	48843	48870	48897	48937	48974	49011	49048	49085	49122	49159	49196	49233	49266	49299	49332	49365	49398	49431	49464	49497	49537	49574	49611	49648	49685	49722	49759	49796	49827	49854	49881	49908	49935	49962	49989	50016	50043	50070	50097	50149	50198	50247	50296	50345	50394	50424	50448	50472	50496	50520	50544	50568	50592	50616	50640	50664	50688	50737	50774	50811	50848	50885	50922	50959	50996	51027	51054	51081	51108	51135	51162	51189	51216	51243	51270	51297	51324	51348	51372	51396	51420	51444	51468	51492	51516	51540	51564	51588	51637	51674	51711	51748	51785	51822	51859	51896	51933	51966	51999	52032	52065	52098	52131	52164	52197	52259	52318	52377	52436	52495	52517	52534	52551	52568	52585	52602	52619	52636	52653	52670	52687	52704	52721	52738	52755	52772	52789	52859	52918	52977	53036	53095	53137	53174	53211	53248	53285	53322	53359	53396	53459	53518	53577	53636	53695	53733	53766	53799	53832	53865	53898	53931	53964	53997	54027	54054	54081	54108	54135	54162	54189	54216	54243	54270	54297	54374	54448	54522	54596	54627	54654	54681	54708	54735	54762	54789	54816	54843	54870	54897	55049	55198	55237	55274	55311	55348	55385	55422	55459	55496	55574	55648	55722	55796	55827	55854	55881	55908	55935	55962	55989	56016	56043	56070	56097	56399	56499	56598	56697	56733	56766	56799	56832	56865	56898	56931	56964	56997	57049	57098	57147	57196	57245	57294	57359	57418	57477	57536	57595
ORIGIN
26	16	6	27	19	25	27	23	14	25	23	10	2	22	22	14	22	14	3	23	14	14	26	16	23	14	14	7	9	14	14	7	9	9	1	23	14	14	23	4	9	2	27	3	2	2	14	14	3	6	27	18	7	27	20	8	1	14	17	2	23	3	2	26	3	14	23	14	14	19	8	14	14	2	2	27	14	9	9	3	14	14	23	11	14	14	11	14	14	4	14	24	1	5	5	1	14	27	18	7	27	27	27	1	12	25	17	23	20	2	14	14	24	23	14	4	24	15	25	23	16	14	26	3	14	2	14	14	9	2	10	2	23	14	14	14	5	14	26	26	9	14	20	4	9	9	23	27	20	14	14	23	4	2	27	20	27	14	2	2	14	11	14	24	15	4	8	16	8	27	27	26	14	14	14	14	27	14	14	23	12	2	4	14	14	8	27	14	14	9	9	5	14	14	1	20	8	2	14	3	4	4	1	2	14	5	5	1	14	23	14	14	4	11	27	5	27	23	23	20	2	14	14	14	14	2	27	25	2	23	14	3	1	14	25	27	11	11	14	25	16	5	14	8	27	23	4	23	16	26	26	14	14	14	14	14	14	14	5	7	26	4	5	14	23	1	5	26	14	2	14	14	2	27	5	4	23	13	3	23	2	2	14	2	14	25	14	14	24	26	14	23	23	8	23	14	10	2	14	5	2	14	14	1	14	1	1	27	16	5	23	14	24	4	14	20	20	14	14	4	1	14	14	4	13	2	27	14	5	1	14	14	14	7	14	3	27	27	11	14	8	1	23	10	23	14	12	27	26	26	4	16	14	23	25	2	5	26	14	2	14	12	2	14	2	14	16	1	2	2	2	4	2	23	14	14	1	23	14	14	7	14	2	26	14	26	17	26	1	23	10	1	23	14	17	26	14	14	14	1	10	10	11	14	14	26	11	26	3	14	27	14	27	5	5	27	10	11	24	27	23	14	3	14	14	1	14	14	14	26	26	4	24	3	4	20	23	10	1	14	1	24	6	6	14	27	14	14	14	14	6	2	16	6	27	19	7	27	22	12	12	10	12	3	3	12	1	3	14	3	23	14	1	23	10	2	2	1	14	4	4	26	23	1	9	26	1	11	26	26	17	14	7	14	14	2	2	2	5	2	5	27	18	7	23	24	2	14	14	17	2	22	23	2	2	2	3	23	14	25	24	23	26	14	26	4	14	4	26	14	27	26	1	23	11	27	23	14	1	23	14	14	24	15	14	1	20	1	26	17	7	14	14	2	24	14	2	2	27	14	20	14	5	20	23	14	4	24	15	4	5	22	22	3	3	26	14	26	3	1	23	10	2	3	26	3	3	3	27	27	15	2	26	23	14	26	16	7	27	14	11	2	7	3	9	20	20	26	2	14	14	23	14	3	24	14	4	2	3	3	3	26	14	2	14	14	2	27	10	2	26	12	14	2	26	14	14	14	14	26	14	26	26	14	7	1	19	2	14	14	1	3	16	2	2	1	15	27	14	14	3	24	14	11	11	20	1	26	18	2	2	26	14	2	3	10	1	23	12	2	23	22	14	23	14	23	3	11	15	14	16	6	27	19	3	27	14	3	3	20	20	14	22	14	1	5	14	3	23	14	20	20	23	9	26	14	7	26	26	20	20	14	9	1	23	26	14	23	4	14	14	14	27	11	11	14	1	2	6	27	18	1	27	21	14	14	17	10	22	27	26	2	2	14	3	23	26	14	19	16	25	14	14	7	27	14	14	27	27	9	1	23	3	20	4	13	14	14	14	3	24	20	20	1	14	5	27	18	7	27	20	8	26	17	2	1	23	2	7	1	1
DESTINATION
3	14	17	2	22	14	2	26	3	14	27	14	14	19	19	16	2	25	14	4	9	9	3	14	27	1	1	20	14	4	4	13	14	14	14	27	5	5	1	14	14	27	18	14	27	27	20	8	26	17	2	27	20	2	14	14	24	16	6	14	27	14	27	23	14	26	3	26	2	22	14	9	2	22	22	2	1	14	14	26	16	26	27	15	9	9	20	4	9	14	9	1	23	14	14	23	4	2	27	20	2	2	2	14	11	14	6	27	7	27	20	8	1	27	26	14	2	14	14	27	14	3	14	23	4	14	8	8	14	27	14	14	27	9	9	5	14	9	14	14	14	4	11	14	14	14	1	2	14	5	5	1	14	14	18	7	18	20	27	27	1	12	20	2	14	14	14	14	14	2	23	14	4	15	25	25	23	16	5	27	11	14	14	25	16	14	2	2	10	14	14	14	5	26	14	14	14	14	9	14	14	14	23	27	20	14	14	23	4	1	5	26	14	15	2	14	2	27	27	14	24	4	8	16	8	27	2	14	14	1	25	14	24	26	14	23	12	12	4	14	14	14	5	14	2	27	14	1	14	14	14	1	20	2	3	3	4	4	14	20	3	14	14	4	1	23	14	14	4	27	5	5	27	23	14	14	1	7	14	3	27	27	25	27	25	14	3	3	1	14	2	27	26	14	4	16	14	14	5	14	27	4	4	23	16	23	14	2	14	14	27	16	1	14	5	7	7	4	5	14	23	2	3	14	7	14	2	26	14	23	5	5	4	13	3	23	2	2	12	26	14	14	27	14	1	10	11	23	23	23	23	14	10	1	14	27	14	3	5	27	10	11	27	1	27	16	14	24	14	14	14	14	14	1	26	4	24	1	4	4	13	2	27	14	5	14	6	14	14	27	14	14	1	5	6	14	8	1	10	23	14	14	12	3	10	3	12	3	14	1	2	25	2	14	14	2	14	12	1	2	1	25	14	4	26	23	2	4	4	14	14	14	1	23	14	7	27	14	14	2	23	2	17	17	26	23	10	1	1	1	17	14	14	17	2	22	23	2	2	11	11	14	11	26	26	11	14	26	25	14	4	26	14	3	14	27	27	23	3	14	14	14	1	23	14	14	24	15	14	14	6	4	20	10	1	14	14	24	14	14	14	2	27	20	1	1	24	2	16	6	27	19	7	27	27	22	14	3	26	14	2	27	3	1	3	23	3	23	14	26	2	3	14	27	15	2	7	26	23	1	9	26	1	11	26	23	7	14	3	9	20	26	2	14	2	5	27	27	18	5	7	1	14	14	3	26	14	2	14	14	14	2	2	23	23	14	25	14	26	14	27	14	14	26	14	26	26	26	23	23	11	27	14	1	1	3	16	20	2	1	15	27	20	26	17	7	7	14	14	2	20	1	26	14	2	26	14	24	23	23	23	14	4	24	15	4	22	23	14	14	3	11	15	14	3	1	10	2	2	3	26	3	3	20	20	14	22	14	1	5	14	26	16	27	27	14	11	2	9	26	14	1	26	20	20	14	23	14	27	24	24	14	4	14	14	14	14	27	11	14	1	2	10	27	2	1	26	12	14	1	14	17	2	22	26	2	2	26	26	14	7	26	19	2	14	14	25	14	5	26	14	14	27	14	14	3	20	14	14	11	11	20	14	14	27	3	20	1	14	2	10	10	23	12	12	2	23	22	17	2	27	14	2	7	1	16	6	14	19	23	3	27	14	25	14	4	14	5	22	14	14	5	3	20	2	20	20	23	23	14	14	27	14	14	14	7	9	9	26	14	1	14	14	23	4	14	2	27	20	2	14	14	3	6	27	14	27	27	21	14	14
DUE_DATE
0	30427	29996	29505	30574	30143	30192	29707	30296	30345	29854	30923	30492	29987	30016	30045	30074	31843	31152	30701	30190	30219	30788	30300	30882	31404	30966	30468	30510	32292	30587	30616	31665	31214	30703	30732	31781	30790	31359	30848	31427	31456	30945	30974	32023	31572	31061	31090	31119	31148	31179	32220	31761	31782	31263	31824	31305	33066	33087	31908	31389	32430	32451	33192	32527	32096	31605	32674	33443	33492	31785	32352	31839	33606	31893	32460	31947	32994	33021	33768	33795	32622	32106	32130	33894	33918	32202	32766	32250	34014	33318	32862	32346	33415	33452	34209	33526	33083	32580	32617	32654	34457	32776	32835	33434	34693	33997	33536	33015	34774	33593	34092	33631	34130	33669	33148	33167	34206	33205	33764	33243	33317	35116	33975	33494	33553	35325	35352	34659	34686	34233	33720	34767	35514	34341	33828	33855	34431	33924	33957	35730	35043	35796	35109	35862	34695	34174	35210	34746	35962	34778	34254	34270	35306	34302	34318	34334	36090	35386	36122	35418	36154	34970	34446	34491	35544	35097	34590	34623	35196	36429	36462	35295	34800	35862	35424	35946	36708	35550	35052	35091	36864	35157	35190	35763	36996	37029	36342	35895	35385	36432	36459	37206	35493	36540	36087	35574	35601	37368	35655	36235	37472	37509	36826	36383	35880	36937	37694	36531	36024	36057	37110	36663	36156	37929	36222	36795	36281	36304	38067	37370	36913	38136	38159	37462	37005	36488	36511	37554	37097	36581	37144	36627	36650	38413	36696	37739	37282	37785	38528	37831	36834	38597	37905	37452	36939	37506	36993	37020	38067	38094	38841	37668	37155	37177	38936	38955	37234	38993	38292	37831	37310	37869	37348	37367	38406	39145	38444	37983	37507	37556	39345	38674	39443	39492	38837	38416	37935	38534	38053	38107	38156	38205	39994	40043	39372	38925	38952	39459	40206	38493	38520	39567	39114	38601	38628	39195	38681	40444	40467	40490	39793	39816	39839	40582	38865	39428	38911	39954	39497	38977	39536	39015	40774	40793	39072	40111	40850	40149	40888	40907	39186	39745	39224	39243	40320	39882	39924	39426	39468	39510	41292	39587	41356	40665	41414	40243	40752	40781	40330	39819	39848	40927	39956	40005	40054	40643	41892	40191	41244	41997	41310	41343	40896	40389	40422	41475	41515	41072	40569	41146	41183	42420	40717	41774	41340	42582	41904	42666	40968	41010	42792	42120	41682	41184	41226	41268	42330	41352	43147	41456	42525	42094	43343	43392	41691	41724	43497	42810	42363	41856	41889	42462	42495	41981	43744	43767	42050	43093	42636	43859	43162	42705	42188	42211	43254	42257	42847	43376	42945	42454	44243	44292	42657	44496	43875	44640	43962	44004	43566	43068	44130	43152	43797	43356	43995	45221	45244	43527	43550	44593	45336	45359	45382	44685	44228	43711	44754	43757	43795	44372	44409	45646	43943	43980	45037	45074	45847	44156	44205	45994	45323	44892	44457	44556	44655	44717	45796	45375	46634	44953	45557	46096	46875	45194	46273	45897	45456	45555	46131	45624	46197	46710	46743	46776	47529	46362	46875	47635	47672	45969	46546	46043	46080	47857	46154	46195	46772	47289	47326	46883	48120	46417	47474	48257	47116	47175	46694	46753	48547	46856	47925	46954	47003	48072	47635	47132	48909	48946	47243	49020	47857	48374	48399	47940	47421	48462	47463	47484	48045	47526	48087	47568	49329	49350	47631	49392	48777	48876	48975	49015	48572	48069	49126	48683	48180	48757	49994	50035	48332	48369	50146	49463	50220	48517	50294	49627	49196	48705	49774	49343	48852	48882	49446	50670	50694	48978	49002	49566	50070	50814	49098	49662	50886	50205	49212	49239	49266	49833	49320	50367	49914	51141	49428	50475	50035	51272	49569	50626	50183	49680	50737	49754	50331	49824	50877	50430	51663	49956	51009	51042	51075	51835	50672	50169	50206	51983	51300	50317	50894	50385	50952	52179	50466	51513	51060	51567	52314	51621	50628	50655	50707	52496	51825	50854	50903	50952	52722	51546	52770	51054	52098	51642	51666	52890	52194	51198	51222	52266	51835	51872	51369	51946	51443	53220	53257	51554	52605	53352	52659	52686	52233	52260	52767	52314	51801	51828	51855	52422	51906	53670	53694	53718	53022	53766	53070	53814	52638	52122	52146	53215	52772	52269	52306	52343	54120	54157	52454	52491	54264	53097	54330	53643	53196	53709	53262	52755	53837	53416	52935	53534	53053	53075	54832	53109	54146	54883	54180	53717	53734	53211	53228	54265	53802	53819	53296	53313	53870	55087	54437	54016	53535	55334	54673	54715	53732	55509	54826	54383	53880	54457	53954	54017	55816	54135	55214	54793	54291	56064	56097	55410	54423	56196	55509	55062	54555	54585	55152	54639	56406	55713	56460	55287	54774	54801	55848	56595	55952	56026	55620	55154	56205	55752	55239	55266	57033	57060	55887	55914	55401	55968	57195	56627	57496	56815	56372	55869	57646	56963	57720	57757	56054	57872	57226	56820	58094	57405	58152	57459	58206	56493	57540	57087	58314	58341	57168	57675	58697	57057	57156	57255	59031	59064	58377	58410	59163	58476	58029	57522	58575	59347	58676	59445	59494	58343	57852	57917	59716	59055	59834	58693
TRANSPORT_MODE
0	2	2	1	1	1	0	0	0	2	1	1	1	2	0	0	2	1	1	1	2	0	0	0	0	1	1	1	2	2	0	0	1	1	1	1	2	0	0	0	0	1	1	1	1	2	0	0	0	1	1	1	1	0	0	0	0	3	3	1	1	1	0	0	0	2	1	1	1	3	0	0	0	3	1	1	1	2	0	0	0	1	1	1	1	3	0	0	0	3	1	1	1	2	0	0	0	1	1	1	1	3	0	0	0	1	1	1	1	0	0	0	0	2	2	1	1	1	0	0	0	0	3	1	1	1	2	0	0	2	1	1	1	3	0	0	0	1	1	1	2	2	0	0	0	1	1	1	1	3	0	0	0	0	1	1	1	1	2	0	0	0	1	1	1	1	0	0	0	0	3	3	1	1	2	0	0	0	1	1	1	1	0	0	0	3	3	1	1	1	0	0	0	0	2	1	1	1	3	0	0	3	1	1	1	1	0	0	0	0	2	1	1	1	3	0	0	0	1	1	1	1	0	0	0	0	2	2	1	1	1	0	0	0	3	1	1	1	0	0	0	2	2	1	1	1	0	0	0	0	1	3	1	1	1	0	0	2	2	1	1	1	0	0	0	0	3	1	1	1	1	0	0	0	2	1	1	1	0	0	0	0	1	3	3	1	1	0	0	0	1	2	1	1	0	0	0	1	3	3	1	1	0	0	0	0	1	2	1	1	1	0	0	3	3	1	1	1	0	0	0	0	1	2	1	1	1	0	0	0	1	3	1	1	0	0	0	0	1	2	2	1	1	0	0	0	1	3	1	1	0	0	0	1	2	2	1	1	0	0	0	1	3	1	1	1	0	0	0	1	2	2	1	1	0	0	0	0	1	3	1	1	1	0	0	1	2	1	1	0	0	0	0	1	1	3	3	1	0	0	0	1	2	1	0	1	0	0	0	1	1	3	3	1	0	0	0	1	1	2	1	1	0	0	0	1	3	3	1	1	0	0	0	1	2	1	1	1	0	0	0	1	3	1	1	0	0	0	0	1	1	2	2	1	0	0	0	1	1	3	1	0	0	0	1	1	2	2	1	0	0	0	0	1	1	3	1	1	0	0	1	2	2	1	1	0	0	0	0	1	1	3	1	1	0	0	1	2	2	1	0	1	0	0	0	1	1	3	3	1	0	0	0	1	1	2	1	0	0	0	0	1	1	3	3	1	0	0	0	1	1	2	1	1	0	0	1	3	3	1	1	0	0	0	0	1	2	1	1	1	0	0	0	1	3	3	1	1	0	0	0	0	1	1	2	1	1	0	0	0	1	1	3	1	0	0	0	1	2	2	1	1	0	0	0	1	1	3	1	1	0	0	0	1	2	2	1	1	0	0	0	1	3	1	1	1	0	0	0	1	2	2	1	1	0	0	0	0	1	3	1	1	1	0	0	0	1	2	1	1	0	0	0	1	3	3	1	1	0	0	0	1	2	1	1	1	0	0	0	1	3	3	1	1	0	0	0	1	2	1	1	1	0	0	0	3	3	1	1	1	0	0	0	0	1	2	1	1	1	0	0	0	1	3	1	1	0	0	0	1	2	2	1	1	0	0	0	1	3	1	1	1	0	0	0	2	2	1	1	1	0	0	0	3	1	1	1	1	0	0	0	2	2	1	1	1	0	0	0	0	1	3	1	1	1	0	0	0	2	1	1	1	0	0	0	3	3	1	1	1	0	0	0	3	1	1	1	3	0	0	3	1	1	1	1	0	0	0	0	3	1	1	1	3	0	0	0	3	1	1	1	1	0	0	0	3	1	1	1	1	0	0	0	3	1	1	1	0	0	0	0
PATIENT_WEIGHT
52	83	123	124	133	101	80	73	33	96	118	135	78	134	50	81	90	117	60	93	79	34	47	100	40	148	87	78	39	90	125	80	102	104	34	50	65	53	54	114	70	59	65	37	119	50	106	44	58	58	67	135	108	113	63	40	33	108	104	99	37	126	38	125	98	106	109	122	91	37	85	111	77	142	144	66	51	82	41	89	132	43	116	38	102	145	150	63	91	147	38	113	126	115	137	82	148	136	52	107	148	60	91	136	73	98	111	46	150	110	127	43	133	147	138	119	130	49	118	98	102	69	47	49	44	138	117	33	143	83	114	34	62	64	54	42	43	123	110	53	139	116	79	71	50	53	60	90	123	80	141	39	140	91	82	98	68	148	130	43	94	66	65	131	127	139	95	136	31	53	64	139	85	93	60	108	113	44	100	116	61	148	54	137	45	52	85	99	123	143	143	96	87	108	51	89	128	91	70	37	74	134	83	93	98	143	59	61	140	104	87	70	110	94	124	65	117	102	95	146	58	42	147	85	58	64	137	36	42	92	59	73	89	66	118	48	63	144	91	71	94	58	131	147	84	55	33	53	92	43	147	131	84	101	137	95	37	78	30	101	99	132	115	40	130	132	125	129	126	79	98	31	32	122	69	141	60	41	103	105	99	132	137	103	46	42	54	52	31	146	52	45	91	43	121	141	120	136	105	147	141	58	93	57	139	101	110	99	121	95	143	76	49	141	89	132	61	80	36	94	130	48	131	107	118	83	81	93	104	119	147	64	103	108	42	129	119	117	127	41	127	82	131	115	111	48	125	141	37	142	127	62	102	63	66	89	63	127	133	86	119	138	150	65	55	141	36	135	77	72	49	57	115	137	95	100	61	150	92	58	80	104	41	143	98	96	47	82	48	105	146	98	65	89	34	41	87	139	142	103	117	53	100	65	55	77	84	73	136	123	113	121	43	49	96	60	109	77	43	113	41	63	121	94	42	57	97	82	108	34	110	39	54	101	102	77	75	71	35	74	131	97	143	87	103	61	139	150	74	88	118	107	30	30	84	41	42	76	134	111	123	113	102	142	142	122	104	66	120	61	111	34	89	147	94	68	88	48	75	145	120	105	85	139	30	65	40	60	68	34	61	30	108	39	45	95	69	146	73	69	66	124	149	78	136	128	76	135	89	87	140	133	109	146	80	117	131	75	53	133	45	101	115	73	103	119	115	45	82	75	56	107	50	51	69	53	103	150	86	52	106	33	59	97	139	48	111	34	112	74	138	58	33	54	103	146	122	124	82	114	111	87	58	128	111	133	126	105	145	78	80	87	63	60	85	90	108	38	125	71	96	58	41	81	134	83	107	32	50	150	86	64	51	111	111	51	40	92	115	95	122	39	125	108	96	123	131	56	101	44	87	132	101	30	95	135	127	57	106	133	137	79	46	130	51	104	67	103	149	46	90	66	64	31	59	57	48	126	80	84	59	66	46	39	61	82	44	79	141	109	56	126	78	56	100	90	126	84	148	47	90	40	52	114	92	32	74	56	143	76	94	126	108	143	37	123	96	138	90	94	91	131	140	120	46	101	116	30	69	91	83	91	103	141	37	111	140	118	41	37	144	35	78	65	93	107	120	126	86	140	76	83	117	78	131	148	87	88	58	34	37	117	79	65	70	143	34	34	47	148	40	60	148	86	141	144	49	98	86	113	85	89	119	139	80	55	37	127	148	52	138	75	47	85	71	31	71	68	89	137	113	137	46	75	63	51	59	74	108	91	74	95	38	74	119	128	110	114	106	52	34	69	115	102	46	125	66	99	103	85	79	86	81	52	93	114	35	142	66	34	42
DISTANCE_MATRIX
0	360	318	300	288	276	264	264	150	150	150	60	90	90	162	168	204	228	234	312	360	408	348	318	168	192	168	318
360	60	264	318	324	342	342	342	348	348	354	360	372	378	378	420	420	480	462	498	462	462	384	420	372	420	378	378
318	264	60	270	276	288	288	288	294	294	294	318	318	324	324	414	414	468	462	486	462	462	330	366	366	408	372	324
300	318	270	60	276	288	288	288	288	288	288	300	300	312	318	408	408	468	462	486	438	438	318	360	360	402	360	312
288	324	276	276	60	276	276	276	276	276	276	288	288	300	300	402	396	462	456	480	432	432	300	360	360	402	348	300
276	342	288	288	276	60	180	180	252	258	264	264	264	288	288	390	390	456	450	480	432	432	288	348	348	348	288	288
264	342	288	288	276	180	60	180	246	258	264	264	264	288	288	390	390	456	450	480	432	432	288	348	348	348	288	288
264	342	288	288	276	180	180	60	240	258	264	264	264	288	288	390	390	456	450	480	432	432	288	348	348	348	288	288
150	348	294	288	276	252	246	240	60	120	120	150	126	270	270	378	384	420	438	480	420	408	276	300	300	300	276	270
150	348	294	288	276	258	258	258	120	60	120	150	150	270	270	378	384	420	438	480	420	408	276	300	300	300	276	270
150	354	294	288	276	264	264	264	120	120	60	150	150	270	270	378	384	420	438	480	420	408	276	300	300	300	276	270
60	360	318	300	288	264	264	264	150	150	150	60	90	162	168	228	234	312	360	408	348	318	168	192	192	198	168	162
90	372	318	300	288	264	264	264	150	150	150	90	60	162	168	228	234	312	360	408	348	318	168	192	192	198	168	162
90	378	324	312	300	288	288	288	270	270	270	162	162	60	120	180	180	306	210	360	300	300	120	180	120	180	120	234
162	378	324	318	300	288	288	288	270	270	270	168	168	120	60	180	180	306	210	360	300	300	120	180	120	180	120	120
168	420	414	408	402	348	348	348	300	300	300	228	228	180	180	60	132	204	132	348	258	258	186	60	180	132	222	180
204	420	414	408	396	390	390	390	384	384	384	234	234	180	180	132	60	204	132	348	258	258	186	60	180	132	222	180
228	480	468	468	462	456	456	456	420	420	420	312	312	306	306	204	204	60	198	120	240	240	306	204	306	138	306	306
234	462	462	462	456	450	450	450	438	438	438	360	360	210	210	132	132	198	60	138	132	132	210	132	210	132	210	210
312	498	486	486	480	480	480	480	480	480	480	408	408	360	360	348	348	120	138	60	348	348	360	348	360	348	360	360
360	462	462	438	432	432	432	432	420	420	420	348	348	300	300	258	258	240	132	348	60	60	300	258	300	258	300	300
408	462	462	438	432	432	432	432	408	408	408	318	318	300	300	258	258	240	132	348	60	60	300	258	300	258	300	300
348	384	330	318	300	288	288	288	276	276	276	168	168	120	120	186	186	306	210	360	300	300	60	186	120	186	120	120
318	420	366	360	360	348	348	348	300	300	300	192	192	180	180	60	60	204	132	348	258	258	186	60	180	60	180	180
168	372	300	306	300	288	288	288	270	270	270	168	168	120	120	180	180	306	210	360	300	300	120	180	60	180	120	120
192	420	408	402	402	348	348	348	300	300	300	198	198	180	180	132	132	138	132	348	258	258	186	60	180	60	180	180
168	378	372	360	348	288	288	288	276	276	276	168	168	120	120	222	222	306	210	360	300	300	120	180	120	180	60	120
318	378	324	312	300	288	288	288	270	270	270	162	162	234	120	180	180	306	210	360	300	300	120	180	120	180	120	60
DEPOTS_DISTANCE
234	462	462	462	456	450	450	450	438	438	438	360	360	210	210	132	132	198	60	138	132	132	210	132	210	132	210	210	
348	384	330	318	300	288	288	288	276	276	276	168	168	120	120	186	186	306	210	360	300	300	60	186	120	186	120	120	
318	420	366	360	360	348	348	348	300	300	300	192	192	180	180	60	60	204	132	348	258	258	186	60	180	60	180	180	
LOCATION_TURN_MATRIX
100	130	122	113	112	199	136	122	129	152	173	146	151	136	158	140	176	113	122	167	194	134	110	172	114	184	100	147	
170	100	154	188	164	169	136	136	152	170	104	183	155	115	101	104	155	187	174	115	149	134	178	168	114	135	168	102	
178	146	100	161	178	114	104	165	117	139	126	169	192	109	120	179	160	152	154	134	113	140	154	179	196	196	192	181	
187	112	139	100	158	114	195	181	104	132	195	106	183	169	132	170	140	136	172	148	116	110	123	136	151	120	176	169	
188	136	122	142	100	175	164	159	112	100	167	164	135	191	132	181	104	123	142	156	108	117	193	182	116	147	156	185	
101	131	186	186	125	100	190	147	164	150	137	102	145	176	185	131	113	108	117	186	118	151	140	178	154	189	172	110	
164	164	196	105	136	110	100	186	153	151	183	193	111	157	144	123	188	142	110	163	105	190	166	187	170	171	186	126	
178	164	135	119	141	153	114	100	106	130	108	103	151	178	122	151	130	133	184	177	110	141	166	110	122	174	191	197	
171	148	183	196	188	136	147	194	100	167	100	146	168	129	128	142	172	118	174	147	105	158	156	160	120	106	119	136	
148	130	161	168	200	150	149	170	133	100	177	106	175	116	188	180	176	194	108	146	130	187	183	173	128	141	169	176	
127	196	174	105	133	163	117	192	200	123	100	171	175	140	183	115	104	186	128	153	151	175	100	146	191	117	132	197	
154	117	131	194	136	198	107	197	154	194	129	100	136	184	140	147	172	184	148	131	103	156	185	200	152	158	154	143	
149	145	108	117	165	155	189	149	132	125	125	164	100	140	199	142	101	144	163	185	117	191	200	143	113	165	102	154	
164	185	191	131	109	124	143	122	171	184	160	116	160	100	109	116	196	113	131	186	166	139	183	175	144	161	105	170	
142	199	180	168	168	115	156	178	172	112	117	160	101	191	100	147	177	177	199	158	172	188	164	175	180	168	154	195	
160	196	121	130	119	169	177	149	158	120	185	153	158	184	153	100	152	159	197	157	181	159	102	123	168	200	124	186	
124	145	140	160	196	187	112	170	128	124	196	128	199	104	123	148	100	149	114	112	117	135	105	132	138	180	198	156	
187	113	148	164	177	192	158	167	182	106	114	116	156	187	123	141	151	100	166	132	168	163	159	123	129	173	161	116	
178	126	146	128	158	183	190	116	126	192	172	152	137	169	101	103	186	134	100	184	199	137	130	160	148	113	140	150	
133	185	166	152	144	114	137	123	153	154	147	169	115	114	142	143	188	168	116	100	111	195	128	157	191	164	141	171	
106	151	187	184	192	182	195	190	195	170	149	197	183	134	128	119	183	132	101	189	100	129	151	163	147	166	104	177	
166	166	160	190	183	149	110	159	142	113	125	144	109	161	112	141	165	137	163	105	171	100	101	185	169	129	103	197	
190	122	146	177	107	160	134	134	144	117	200	115	100	117	136	198	195	141	170	172	149	199	100	106	150	116	118	145	
128	132	121	164	118	122	113	190	140	127	154	100	157	125	125	177	168	177	140	143	137	115	194	100	128	167	115	155	
186	186	104	149	184	146	130	178	180	172	109	148	187	156	120	132	162	171	152	109	153	131	150	172	100	155	124	184	
116	165	104	180	153	111	129	126	194	159	183	142	135	139	132	100	120	127	187	136	134	171	184	133	145	100	129	192	
200	132	108	124	144	128	114	109	181	131	168	146	198	195	146	176	102	139	160	159	196	197	182	185	176	171	100	146	
153	198	119	131	115	190	174	103	164	124	103	157	146	130	105	114	144	184	150	129	123	103	155	145	116	108	154	100	
DEPOTS_TO_LOCAL_TURN_MATRIX
178	126	146	128	158	183	190	116	126	192	172	152	137	169	101	103	186	134	100	184	199	137	130	160	148	113	140	150	
190	122	146	177	107	160	134	134	144	117	200	115	100	117	136	198	195	141	170	172	149	199	100	106	150	116	118	145	
128	132	121	164	118	122	113	190	140	127	154	100	157	125	125	177	168	177	140	143	137	115	194	100	128	167	115	155	
LOCAL_TO_DEPOT_TURN_MATRIX
122	174	154	172	142	117	110	184	174	108	128	148	163	131	199	197	114	166	100	116	101	163	170	140	152	187	160	150	
110	178	154	123	193	140	166	166	156	183	100	185	200	183	164	102	105	159	130	128	151	101	100	194	150	184	182	155	
172	168	179	136	182	178	187	110	160	173	146	200	143	175	175	123	132	123	160	157	163	185	106	100	172	133	185	145	

