INDEX_PROBLEM
1
PATIENTS
800
STRETCHERS
16
NUM_ROOM
28
NUM_DEPOT
3
NUM_PRIORITY
4
PRIORITY_LIST
0	1	2	3	4
PRIORITY_WEIGHT
0	1	10	18	30
PRIORITY_JOB
0	1	2	3	4	2	4	4	3	3	4	4	1	4	4	3	2	3	4	2	3	4	4	4	4	4	2	3	3	4	4	4	4	2	2	3	4	4	3	4	4	2	3	4	4	4	3	4	4	1	2	3	4	4	3	4	4	1	2	3	4	4	1	2	1	1	2	3	4	4	4	3	1	1	2	4	3	2	1	2	4	2	3	4	4	4	3	4	1	1	4	2	2	2	1	2	3	4	4	2	3	4	4	3	1	1	4	4	1	1	3	1	4	2	3	4	2	3	4	4	3	4	1	4	1	2	1	2	2	3	4	4	2	4	4	3	3	1	4	2	3	1	2	3	4	4	2	2	4	4	4	3	3	1	4	3	2	1	1	2	4	4	4	1	2	3	4	4	1	3	1	4	2	3	2	1	4	4	1	2	3	4	3	4	2	4	1	1	2	3	3	1	2	4	4	2	3	4	3	4	4	1	1	4	2	3	1	2	4	2	3	4	2	3	4	3	4	1	1	4	4	2	1	2	4	1	2	3	4	2	4	4	4	3	1	1	4	1	1	3	2	3	2	4	4	2	3	4	3	1	3	1	4	4	2	3	1	2	3	4	4	2	4	4	4	2	3	1	4	2	2	2	1	3	4	4	1	2	3	4	4	2	3	4	1	4	2	1	3	1	3	4	1	2	3	4	3	4	4	1	4	2	3	2	1	2	4	4	2	3	4	3	4	4	3	1	1	2	3	1	2	4	4	3	4	2	3	4	3	4	4	1	1	4	1	2	1	2	2	3	4	2	3	4	4	3	4	4	1	1	1	1	1	2	2	3	4	2	3	3	4	4	4	1	4	2	3	1	2	3	3	4	4	2	3	3	4	4	3	4	1	2	3	1	2	2	4	4	1	2	3	3	4	4	4	4	4	1	2	3	1	2	4	1	2	3	4	3	4	3	1	4	1	2	3	4	1	2	1	2	3	4	4	4	4	3	2	1	1	3	3	3	2	1	4	2	3	4	4	4	4	3	1	1	1	2	3	2	2	3	4	4	4	2	3	4	4	4	3	1	1	1	2	3	1	1	2	4	4	2	3	4	3	4	4	4	1	2	3	1	2	1	4	2	3	3	4	3	4	4	2	2	1	3	4	4	3	1	4	1	2	3	4	3	4	4	2	2	1	3	4	1	2	1	2	2	3	4	4	2	4	3	4	3	1	4	4	2	1	1	2	3	4	2	3	3	4	3	3	1	1	4	2	1	3	2	3	4	4	1	4	4	4	3	1	1	2	3	4	1	2	2	4	2	3	4	1	2	4	4	3	1	1	3	4	4	1	2	2	3	4	1	2	4	3	1	4	1	3	4	4	1	2	1	2	3	4	4	2	3	4	4	1	3	4	4	1	3	2	1	2	3	4	4	2	4	3	4	1	3	4	1	2	2	2	2	3	4	2	3	1	4	3	4	4	4	1	2	3	1	1	1	4	4	2	1	3	4	3	2	1	3	4	4	2	3	1	2	3	4	4	1	4	4	4	1	1	2	3	4	1	2	2	3	2	3	4	4	1	4	4	3	1	1	2	3	4	3	1	1	2	3	4	4	1	4	3	4	1	2	3	4	1	2	2	4	2	3	4	2	3	4	4	1	4	3	4	1	2	1	2	4	1	2	3	4	3	4	4	2	1	2	3	4	1	1	2	2	3	4	4	2	4	3	4	1	3	4	1	1	1	1	2	2	3	4	1	1	3	2	1	4	2	3	4	1	2	2	1	1	4	2	3	2	1	1	1	1	4	4	1	2	1	2	3	1	2	3	4	2	1	2	2	1	1	3	4	4	1	2	1
TIME_ASKED
0	28849	28898	28947	28996	29045	29094	29149	29198	29247	29296	29345	29394	29429	29458	29487	29516	29545	29574	29603	29632	29661	29690	29742	29784	29826	29868	29910	29952	29994	30029	30058	30087	30116	30145	30174	30203	30232	30261	30290	30329	30358	30387	30416	30445	30474	30503	30532	30561	30590	30621	30642	30663	30684	30705	30726	30747	30768	30789	30810	30831	30852	30873	30894	30949	30998	31047	31096	31145	31194	31227	31254	31281	31308	31335	31362	31389	31416	31443	31470	31497	31524	31548	31572	31596	31620	31644	31668	31692	31716	31740	31764	31788	31837	31874	31911	31948	31985	32022	32059	32096	32159	32218	32277	32336	32395	32419	32438	32457	32476	32495	32514	32533	32552	32571	32590	32609	32628	32647	32666	32685	32759	32818	32877	32936	32995	33027	33054	33081	33108	33135	33162	33189	33216	33243	33270	33297	33333	33366	33399	33432	33465	33498	33531	33564	33597	33616	33632	33648	33664	33680	33696	33712	33728	33744	33760	33776	33792	33808	33824	33840	33856	33872	33888	33933	33966	33999	34032	34065	34098	34131	34164	34197	34242	34284	34326	34368	34410	34452	34494	34533	34566	34599	34632	34665	34698	34731	34764	34797	34827	34854	34881	34908	34935	34962	34989	35016	35043	35070	35097	35137	35174	35211	35248	35285	35322	35359	35396	35433	35466	35499	35532	35565	35598	35631	35664	35697	35723	35746	35769	35792	35815	35838	35861	35884	35907	35930	35953	35976	35999	36023	36046	36069	36092	36115	36138	36161	36184	36207	36230	36253	36276	36299	36327	36354	36381	36408	36435	36462	36489	36516	36543	36570	36597	36619	36638	36657	36676	36695	36714	36733	36752	36771	36790	36809	36828	36847	36866	36885	36949	36998	37047	37096	37145	37194	37259	37318	37377	37436	37495	37549	37598	37647	37696	37745	37794	37827	37854	37881	37908	37935	37962	37989	38016	38043	38070	38097	38123	38146	38169	38192	38215	38238	38261	38284	38307	38330	38353	38376	38399	38419	38438	38457	38476	38495	38514	38533	38552	38571	38590	38609	38628	38647	38666	38685	38742	38784	38826	38868	38910	38952	38994	39029	39058	39087	39116	39145	39174	39203	39232	39261	39290	39349	39398	39447	39496	39545	39594	39633	39666	39699	39732	39765	39798	39831	39864	39897	39937	39974	40011	40048	40085	40122	40159	40196	40242	40284	40326	40368	40410	40452	40494	40542	40584	40626	40668	40710	40752	40794	40849	40898	40947	40996	41045	41094	41133	41166	41199	41232	41265	41298	41331	41364	41397	41423	41446	41469	41492	41515	41538	41561	41584	41607	41630	41653	41676	41699	41749	41798	41847	41896	41945	41994	42099	42198	42297	42342	42384	42426	42468	42510	42552	42594	42699	42798	42897	42923	42946	42969	42992	43015	43038	43061	43084	43107	43130	43153	43176	43199	43237	43274	43311	43348	43385	43422	43459	43496	43549	43598	43647	43696	43745	43794	43899	43998	44097	44159	44218	44277	44336	44395	44459	44518	44577	44636	44695	44799	44898	44997	45033	45066	45099	45132	45165	45198	45231	45264	45297	45337	45374	45411	45448	45485	45522	45559	45596	45637	45674	45711	45748	45785	45822	45859	45896	45959	46018	46077	46136	46195	46249	46298	46347	46396	46445	46494	46537	46574	46611	46648	46685	46722	46759	46796	46821	46842	46863	46884	46905	46926	46947	46968	46989	47010	47031	47052	47073	47094	47199	47298	47397	47437	47474	47511	47548	47585	47622	47659	47696	47737	47774	47811	47848	47885	47922	47959	47996	48049	48098	48147	48196	48245	48294	48324	48348	48372	48396	48420	48444	48468	48492	48516	48540	48564	48588	48627	48654	48681	48708	48735	48762	48789	48816	48843	48870	48897	48937	48974	49011	49048	49085	49122	49159	49196	49233	49266	49299	49332	49365	49398	49431	49464	49497	49537	49574	49611	49648	49685	49722	49759	49796	49827	49854	49881	49908	49935	49962	49989	50016	50043	50070	50097	50149	50198	50247	50296	50345	50394	50424	50448	50472	50496	50520	50544	50568	50592	50616	50640	50664	50688	50737	50774	50811	50848	50885	50922	50959	50996	51027	51054	51081	51108	51135	51162	51189	51216	51243	51270	51297	51324	51348	51372	51396	51420	51444	51468	51492	51516	51540	51564	51588	51637	51674	51711	51748	51785	51822	51859	51896	51933	51966	51999	52032	52065	52098	52131	52164	52197	52259	52318	52377	52436	52495	52517	52534	52551	52568	52585	52602	52619	52636	52653	52670	52687	52704	52721	52738	52755	52772	52789	52859	52918	52977	53036	53095	53137	53174	53211	53248	53285	53322	53359	53396	53459	53518	53577	53636	53695	53733	53766	53799	53832	53865	53898	53931	53964	53997	54027	54054	54081	54108	54135	54162	54189	54216	54243	54270	54297	54374	54448	54522	54596	54627	54654	54681	54708	54735	54762	54789	54816	54843	54870	54897	55049	55198	55237	55274	55311	55348	55385	55422	55459	55496	55574	55648	55722	55796	55827	55854	55881	55908	55935	55962	55989	56016	56043	56070	56097	56399	56499	56598	56697	56733	56766	56799	56832	56865	56898	56931	56964	56997	57049	57098	57147	57196	57245	57294	57359	57418	57477	57536	57595
ORIGIN
26	16	6	27	19	23	27	23	25	14	23	10	2	16	14	14	14	14	3	23	14	14	26	16	14	14	14	7	9	14	7	2	9	9	1	23	23	14	23	4	14	2	27	3	2	14	14	14	27	6	27	18	7	27	20	8	11	14	17	2	23	3	2	26	14	14	23	14	14	14	8	14	14	25	25	27	14	9	3	14	14	14	23	11	14	4	11	14	27	14	14	24	1	1	5	1	14	27	18	7	27	20	27	1	23	17	23	23	20	2	14	14	14	23	14	4	24	15	25	23	16	5	26	3	14	2	14	9	9	2	10	2	23	14	14	14	5	16	26	27	9	14	20	20	5	9	23	27	20	14	14	5	2	2	4	2	27	14	2	14	14	27	14	24	15	4	8	16	20	2	26	26	14	14	14	27	14	14	14	23	12	2	4	14	14	5	27	14	14	9	9	9	5	14	1	20	8	2	3	3	4	14	14	2	14	14	5	5	27	4	14	14	4	11	27	5	27	23	20	20	2	14	14	14	14	1	27	25	2	23	14	3	1	14	5	5	27	11	14	14	25	5	14	8	27	23	4	23	23	12	14	14	14	14	14	14	14	14	5	7	26	4	5	14	23	2	3	26	26	15	2	14	16	2	5	4	23	13	3	23	2	2	26	14	14	1	25	25	14	24	14	23	23	8	23	14	10	2	14	5	14	27	5	14	1	1	1	27	16	5	23	14	3	14	1	20	3	14	14	4	1	14	14	4	13	2	27	14	5	6	14	14	14	7	14	14	3	27	11	14	8	1	23	10	23	14	12	3	26	14	4	16	14	14	25	2	5	26	14	2	14	12	2	2	14	14	27	16	23	2	2	4	2	23	14	14	23	1	14	14	7	7	26	26	14	17	17	26	1	23	10	1	1	1	17	14	14	14	27	14	14	1	11	14	14	26	11	3	11	14	10	14	27	5	26	27	27	2	11	27	23	14	3	14	14	14	1	14	1	26	26	4	3	24	4	20	23	10	1	14	14	24	14	14	14	27	14	14	14	24	6	2	16	6	27	19	7	27	22	10	10	3	23	12	23	12	1	3	14	3	23	14	3	26	2	3	1	25	13	4	26	2	23	1	9	26	14	11	26	23	17	27	27	14	8	2	2	2	5	2	5	27	18	7	2	24	2	14	17	14	22	23	23	2	2	2	3	23	14	25	24	23	26	25	25	4	26	26	26	14	27	26	1	23	11	27	23	14	27	23	14	26	15	15	14	1	20	1	26	17	7	14	14	2	14	14	14	2	20	20	14	1	5	20	23	14	4	2	15	4	5	14	3	14	3	3	2	27	3	1	23	10	2	3	26	3	14	14	14	27	2	2	7	1	14	26	16	7	27	14	11	14	14	3	3	20	26	26	2	14	14	23	14	3	24	14	4	3	3	14	3	14	14	14	14	1	14	27	10	2	26	12	14	2	26	14	27	14	26	26	14	14	26	14	7	1	19	2	14	14	3	16	16	2	2	1	15	1	14	14	3	24	14	11	11	20	1	26	18	2	26	14	26	26	3	10	1	23	12	2	23	22	5	23	14	23	11	11	15	14	16	6	27	19	3	27	14	24	3	20	20	14	22	14	1	9	14	3	23	14	20	20	23	9	26	14	7	26	20	20	3	14	9	1	23	26	14	23	4	6	14	14	27	11	14	14	1	2	6	27	18	14	27	21	14	14	17	10	22	27	2	2	1	14	3	23	26	14	8	16	14	14	14	7	27	14	14	27	2	9	1	23	14	14	4	13	3	14	14	3	24	3	1	14	14	5	27	18	7	27	20	8	25	22	17	1	23	2	2	7	1
DESTINATION
3	14	17	2	22	27	2	26	14	3	27	14	14	14	8	16	25	25	14	4	9	9	3	14	9	1	1	20	14	4	13	27	14	14	14	27	1	5	1	14	5	27	18	14	27	20	8	25	23	17	2	27	20	2	14	14	12	16	6	14	27	14	27	23	25	26	3	26	2	2	14	9	2	14	14	2	1	14	26	16	16	26	27	15	9	14	20	5	2	9	9	1	23	23	14	23	4	2	27	20	2	14	2	14	27	6	27	27	7	27	20	8	20	27	26	14	2	14	14	27	14	14	14	23	4	14	8	14	14	27	14	14	27	9	9	5	14	14	14	23	14	4	11	11	14	14	1	2	14	5	5	14	27	27	14	27	18	20	27	1	1	23	20	2	14	14	14	14	14	27	14	14	4	15	25	23	16	5	5	27	11	14	14	25	16	14	2	10	10	14	14	14	14	26	14	14	14	14	14	14	14	5	9	27	20	20	14	14	2	14	5	26	14	15	2	14	2	27	14	14	24	4	8	16	16	23	2	14	14	1	25	14	24	26	14	14	23	12	4	2	14	14	5	14	2	27	14	1	1	11	1	1	20	1	2	3	3	4	14	20	3	14	14	4	1	14	14	14	14	11	27	5	14	27	14	14	1	7	14	3	27	27	14	25	25	23	14	14	3	1	2	27	26	14	4	16	14	14	25	14	8	23	14	4	23	23	14	2	14	14	27	16	23	2	23	7	26	4	5	14	23	2	3	14	7	14	2	26	14	17	16	5	4	13	3	3	23	2	12	26	14	14	27	14	1	10	11	14	23	8	23	14	10	2	14	27	14	3	5	27	2	11	27	27	16	16	23	14	3	14	14	14	14	1	26	4	3	24	4	4	13	13	14	14	5	6	6	14	14	27	14	14	14	24	6	2	8	8	23	10	10	23	12	3	10	3	12	23	12	1	14	8	2	14	3	2	2	14	12	2	1	25	14	4	26	2	23	2	23	14	14	14	23	1	14	7	27	14	14	2	2	2	5	26	1	23	10	1	1	1	17	14	14	17	2	22	23	2	2	14	14	14	3	11	3	11	14	26	25	14	4	26	26	14	27	26	23	14	7	14	14	14	1	23	14	14	26	15	14	1	6	23	23	10	14	14	14	14	14	14	14	2	27	20	14	1	24	16	6	16	19	7	7	27	22	22	14	3	26	14	2	27	3	14	14	23	14	14	3	26	2	3	14	27	15	2	7	1	2	1	9	14	11	11	26	23	7	14	3	9	20	26	2	14	2	5	5	27	7	7	2	24	14	14	3	26	14	14	14	14	14	3	23	3	26	26	24	23	26	14	27	14	14	26	14	26	1	1	1	23	27	27	23	14	1	3	16	20	2	1	15	1	1	26	26	7	14	14	14	2	20	1	26	14	2	26	14	26	23	20	23	4	2	15	4	14	5	23	14	14	3	11	15	14	3	1	23	2	3	3	26	5	3	20	20	14	22	14	1	5	26	16	16	27	27	14	11	14	9	26	14	1	26	20	20	14	23	14	27	24	14	4	3	3	14	14	14	27	11	14	1	2	14	27	10	1	12	12	14	2	14	17	2	22	26	2	2	1	26	14	7	26	19	2	14	14	25	14	5	26	14	14	27	14	14	3	20	14	11	11	26	3	14	14	27	3	3	1	14	17	3	10	23	12	2	2	23	22	17	2	27	16	2	7	1	16	6	14	19	23	27	14	24	25	14	4	14	16	14	14	9	9	3	20	2	20	20	23	22	14	14	27	26	9	14	7	14	9	26	14	1	14	23	4	4	14	2	27	20	2	14	14	14	2	6	14	27	27	27	21	14
DUE_DATE
0	31147	30476	30045	29554	30623	29652	29707	30296	30345	29854	29903	31692	29987	30016	30585	31094	30643	30132	31181	30730	30219	30248	30300	30342	30384	31446	31008	31050	30552	30587	30616	30645	31694	31723	31272	30761	30790	31359	30848	30887	31936	31485	30974	31003	31032	31601	31090	31119	32888	32199	31740	31221	31242	31803	31284	31305	33066	32367	31908	31389	31410	33171	32472	33247	33296	32625	32194	31703	31752	31785	32352	33579	33606	32913	31920	32487	32994	33741	33048	32055	33102	32646	32130	32154	32178	32742	32226	33990	34014	32298	33342	33366	33415	34172	33489	33046	32543	32580	33637	33194	32717	32776	33375	34634	34693	32977	32996	34755	34774	33593	34812	33091	34130	33669	33148	34187	33726	33205	33224	33783	33317	35116	33435	35234	34573	35325	34632	34659	34206	33693	33720	34767	33774	33801	34368	34395	35631	33924	34977	34530	35763	35076	34629	34122	34155	35194	35210	34206	34222	34238	34794	34810	36026	34302	34858	35354	36090	36106	35402	34398	34414	34430	36186	35511	35064	34557	34590	36363	35196	36429	34722	35775	35340	35862	36624	34926	34968	36750	36072	35631	35124	35697	35190	36243	35256	37029	37062	36375	35925	35952	37179	36486	35493	35520	36567	36114	35601	36168	35655	35695	37472	37509	35806	36863	36420	37657	36974	35991	37044	36597	36090	37143	36696	36189	36762	36255	38021	38044	36327	36350	37393	38136	37439	36442	38205	37508	37051	36534	37577	36581	36604	36627	37190	38413	38436	36719	38482	38505	37328	37831	37374	37877	36885	36912	37959	37506	36993	37560	38787	37614	38841	37128	37155	38197	37736	38955	38254	37793	37272	37291	38330	37329	37348	37367	38406	37945	39164	37443	38527	38576	38625	39394	38243	37752	37817	39616	38955	38534	38053	38107	39176	38745	38254	40043	38352	39405	40152	38979	40206	39033	38520	40287	39594	39141	38628	39195	38681	38704	40467	38750	39793	39336	39839	40582	39885	38888	38911	39954	39497	38977	39536	39015	39034	39593	40812	40831	40130	39669	40888	40187	39186	39205	39764	39243	40320	39882	39384	39966	39468	39510	41292	41327	39616	41385	40694	41443	40752	40781	40330	39819	40868	40447	39956	40005	40594	40103	40152	41931	41964	41997	42030	42063	41376	41409	40962	40455	41515	41072	41109	40606	40643	40680	42457	40754	41820	41382	42624	41946	41508	41550	41052	41100	42162	41724	41766	41268	41310	41892	41407	43196	42525	42094	43343	42672	42711	41724	41757	43530	42843	42396	42429	41922	41955	41981	42004	42027	43790	43093	42636	43859	43162	42165	43928	43231	42774	42257	42847	42356	42945	44194	42503	44292	43677	43296	42855	44640	43962	44724	44046	43608	43110	43152	43257	43356	43995	44501	45244	45267	44090	44113	44136	44639	45382	43665	44708	44251	43734	43757	43795	43832	44409	45646	45683	45720	45037	44594	45127	45176	44745	44254	44303	44352	45477	45096	44655	44717	44776	45375	46634	46693	46757	46096	45675	46934	46993	46377	45456	45555	46611	46164	45657	46230	45723	45756	45789	47562	46875	46435	47672	46989	47746	46043	47100	46657	46694	46195	46772	46269	46306	47363	47400	48157	46994	46517	46576	47175	48434	46753	48547	47876	47445	46954	47543	47052	47095	48152	48189	48946	47783	47280	49057	48374	49119	48420	48441	47982	47463	47484	48525	47526	48087	47568	48129	49350	47631	47652	48777	49596	49695	49015	48572	48069	49126	48683	48720	48217	48794	48835	50072	50109	48406	49463	50220	49057	49574	49147	48656	48705	50494	48803	48852	48882	49446	50670	50694	49998	49542	49026	50790	50094	50118	49122	50166	49725	49212	50979	50286	49293	49320	49887	51114	51141	49968	49455	49495	51272	50589	50626	50183	49680	51457	50774	49791	50364	51597	49890	51663	50496	49989	50022	51795	51115	51872	51189	50746	50243	50280	51337	50894	50385	50412	52179	51006	50493	50520	52287	51114	51621	52368	51675	51247	50756	50805	51874	50903	51492	50982	52746	51570	51054	52818	52122	52146	52170	52194	51738	51222	52266	51835	53072	51369	51946	51443	51480	51517	53294	52605	52152	53379	53406	53433	51720	51747	52794	53541	52368	51855	52422	52926	53670	52494	51978	52002	53046	52590	53814	53118	52662	52146	52195	53972	52269	52306	52343	54120	54157	53474	53031	52524	54297	53610	53643	53196	53709	53262	52755	52817	54616	52935	52994	53593	54815	54832	54129	53666	53143	53700	54917	54934	54231	53768	53245	53262	55019	53296	53853	53330	55087	54437	54016	53535	55334	54673	54715	53732	54789	54346	53843	54900	54457	53954	54017	55816	54135	54734	54253	56031	55344	56097	55410	54423	56196	55509	55062	54555	55125	54612	54639	55686	56433	55740	55287	54774	56541	56568	55875	55952	55546	55080	55154	56205	55212	55779	55266	57033	55860	55347	57114	57141	57168	57195	56627	56776	56335	55832	57609	57646	56483	57000	57757	56054	57152	56746	56280	58094	57405	57432	58179	58206	56493	57540	57087	57594	58341	58368	58395	58697	57057	57156	58995	58311	59064	58377	57930	59163	58476	58029	57522	58575	59347	58676	58725	59494	59543	58392	57917	57976	59775	59114	59893
TRANSPORT_MODE
0	2	1	1	1	2	0	0	0	1	1	1	2	0	0	0	2	1	1	1	2	0	0	0	1	1	1	1	0	0	0	2	2	1	1	1	0	0	0	0	2	1	1	1	1	0	0	0	2	2	1	1	1	0	0	0	0	3	1	1	1	1	0	0	0	2	1	1	1	0	0	0	3	3	1	1	1	0	0	0	2	1	1	1	0	0	0	0	3	3	1	1	1	0	0	0	1	2	1	1	1	0	0	0	3	3	1	1	1	0	0	0	0	1	2	1	1	1	0	0	0	1	3	1	1	0	0	0	1	2	2	1	1	0	0	0	1	3	1	1	0	0	0	1	2	2	1	1	0	0	0	0	1	3	1	1	1	0	0	0	1	2	2	1	1	0	0	0	0	1	3	1	1	1	0	0	1	2	2	1	1	0	0	0	0	1	3	3	1	1	0	0	0	1	2	1	1	0	0	0	1	3	3	1	1	0	0	0	0	1	1	2	1	1	0	0	1	3	3	1	1	0	0	0	0	1	1	2	1	1	0	0	0	1	3	3	1	1	0	0	0	1	2	1	1	1	0	0	0	0	1	3	1	1	0	0	0	1	1	2	2	1	0	0	0	1	1	3	1	1	0	0	0	1	2	2	1	1	0	0	0	0	1	1	3	1	1	0	0	0	1	1	2	2	1	0	0	0	1	3	1	1	1	0	0	0	1	2	1	1	0	0	0	1	1	3	3	1	0	0	0	0	1	1	2	1	1	0	0	0	1	3	3	1	1	0	0	0	1	1	2	1	1	0	0	0	1	1	3	3	1	0	0	0	1	2	1	1	1	0	0	0	1	3	1	1	0	0	0	0	1	1	2	2	1	0	0	0	1	1	3	1	1	0	0	0	1	2	2	1	1	0	0	0	0	1	1	3	1	1	0	0	1	2	2	1	1	0	0	0	0	1	3	1	1	1	0	0	0	1	2	1	1	0	0	0	1	3	3	1	1	0	0	0	1	1	2	1	1	0	0	0	1	3	3	1	1	0	0	0	0	1	1	2	1	1	0	0	0	1	3	3	1	1	0	0	0	1	2	1	1	1	0	0	0	1	3	1	1	0	0	0	1	2	2	1	1	0	0	0	0	1	3	1	1	1	0	0	1	2	2	1	1	0	0	0	0	1	3	1	1	1	0	0	0	1	2	2	1	1	0	0	0	1	3	1	1	1	0	0	0	1	2	1	1	0	0	0	1	3	3	1	1	0	0	0	1	2	1	1	1	0	0	0	3	3	1	1	1	0	0	0	0	1	2	1	1	1	0	0	0	3	3	1	1	1	0	0	2	1	1	1	1	0	0	0	0	3	1	1	1	0	0	0	2	2	1	1	1	0	0	0	3	1	1	1	1	0	0	0	2	2	1	1	1	0	0	0	3	1	1	1	1	0	0	0	2	2	1	1	3	0	0	0	1	1	1	1	2	0	0	0	1	1	1	3	0	0	0	0	3	1	1	1	1	0	0	0	2	1	1	1	0	0	0	3	3	1	1	1	0	0	0	0	2	1	1	1	1	0	0	0	3	3	1	1	1	0	0	0	2	1	1	1	3	0	0	0	1	1	1	2	0	0	0	2	1	1	1	1	0	0	0	3	1	1	1	0	0	0	0	2	2	1	1	1	0	0	0	0	3	1	1	1	1	0	0	2	2	1	1	1	0	0	0	3	1	1	1	3	0	0	0	1	1	1	3	0	0	0	3	1	1	1	1	0	0	0	0	3	1	1	1	0	0	0	3	3	1	1	1	0	0	0	0	3	1	1	1	1	0	0	0	3	3	1	1	1	0	0	0
PATIENT_WEIGHT
41	121	79	146	72	69	30	131	121	89	83	37	142	63	32	72	80	67	131	123	131	71	56	74	111	61	69	126	100	131	102	123	57	43	110	112	36	134	98	121	121	59	41	114	113	105	143	129	51	52	106	69	104	63	63	147	66	68	132	136	130	83	56	95	130	61	144	39	99	55	114	96	85	126	76	128	78	64	136	130	108	55	45	109	88	81	128	125	61	106	127	141	94	101	60	142	44	107	129	104	56	44	98	39	32	147	147	45	74	125	55	148	109	48	87	145	150	94	72	129	129	133	65	64	100	107	135	63	101	38	107	83	122	121	68	130	125	63	122	64	83	95	108	50	37	41	66	66	141	57	35	114	83	82	129	81	82	74	123	86	102	47	48	77	107	43	136	46	48	133	149	79	108	126	137	91	113	110	105	95	147	75	59	121	147	135	93	54	148	141	47	72	109	147	77	119	32	143	109	149	41	71	98	144	145	76	100	50	65	108	104	43	120	146	79	83	53	150	130	87	41	118	97	136	140	150	112	98	105	53	113	139	105	35	68	101	98	57	143	150	71	145	148	150	124	65	66	147	34	82	44	78	121	49	100	109	143	65	58	114	79	43	34	62	92	118	92	119	127	58	64	138	103	53	104	44	108	82	109	103	55	49	131	100	146	60	90	84	139	31	111	66	140	137	54	95	124	113	79	54	40	134	51	122	134	65	76	56	56	116	79	136	99	122	137	61	99	143	121	92	101	146	93	113	125	56	64	144	120	129	120	148	56	82	120	121	110	77	32	58	113	35	67	150	137	109	54	71	64	76	142	140	127	86	134	71	137	150	42	132	81	143	121	42	99	58	30	113	138	150	61	95	100	93	149	145	99	101	54	128	121	31	62	146	71	50	36	82	49	140	60	75	69	136	141	55	80	86	86	136	56	86	117	39	107	133	116	102	31	72	126	101	69	149	35	133	86	49	141	30	71	39	53	50	44	41	108	146	45	137	114	73	148	91	56	30	100	146	124	46	141	96	150	134	104	75	94	58	132	32	77	147	139	65	124	124	131	52	39	79	87	68	42	146	74	72	39	132	61	73	137	103	136	109	147	64	88	67	79	47	129	72	40	39	87	79	61	73	70	95	101	145	117	104	91	50	116	74	119	59	91	125	150	79	68	134	57	108	135	45	64	43	98	83	122	135	129	70	69	58	136	90	113	136	95	135	105	34	121	60	54	133	58	90	83	72	52	64	122	48	60	55	62	130	130	92	95	138	110	46	115	36	124	32	73	139	33	39	70	62	51	139	89	117	42	47	64	127	125	30	34	77	89	74	82	35	44	73	118	149	80	130	131	118	65	73	39	57	58	56	138	135	73	42	52	96	128	139	105	111	94	131	105	49	32	83	73	70	31	125	61	117	67	105	80	90	117	134	108	82	70	74	102	103	84	102	32	62	33	125	133	37	61	132	50	127	64	109	121	44	132	31	137	113	56	141	33	148	107	121	70	39	113	39	88	97	30	43	144	67	150	142	53	105	95	83	62	109	90	142	38	129	120	119	79	38	34	133	41	122	50	88	83	71	103	103	48	66	38	86	119	38	122	75	71	45	141	102	74	79	144	31	59	52	41	57	72	146	38	89	143	135	119	150	60	80	140	109	80	51	58	73	74	60	87	48	79	51	39	37	93	37	73	120	89	139	56	63	106	39	128	54	60	109	80	96	54	148	60	97	86	116	106	59	67	132	44	98	104	139	129	99	92	140	82	125	114	73	54	139	80	68	73	32	140	57	80	55	64	112	98	34	92	82	132	112	64	103	82	119	130	104	47	76	78	60	107	136	91	74	109
DISTANCE_MATRIX
0	360	318	300	288	276	264	264	150	150	150	60	90	90	162	168	204	228	234	312	360	408	348	318	168	192	168	318
360	60	264	318	324	342	342	342	348	348	354	360	372	378	378	420	420	480	462	498	462	462	384	420	372	420	378	378
318	264	60	270	276	288	288	288	294	294	294	318	318	324	324	414	414	468	462	486	462	462	330	366	366	408	372	324
300	318	270	60	276	288	288	288	288	288	288	300	300	312	318	408	408	468	462	486	438	438	318	360	360	402	360	312
288	324	276	276	60	276	276	276	276	276	276	288	288	300	300	402	396	462	456	480	432	432	300	360	360	402	348	300
276	342	288	288	276	60	180	180	252	258	264	264	264	288	288	390	390	456	450	480	432	432	288	348	348	348	288	288
264	342	288	288	276	180	60	180	246	258	264	264	264	288	288	390	390	456	450	480	432	432	288	348	348	348	288	288
264	342	288	288	276	180	180	60	240	258	264	264	264	288	288	390	390	456	450	480	432	432	288	348	348	348	288	288
150	348	294	288	276	252	246	240	60	120	120	150	126	270	270	378	384	420	438	480	420	408	276	300	300	300	276	270
150	348	294	288	276	258	258	258	120	60	120	150	150	270	270	378	384	420	438	480	420	408	276	300	300	300	276	270
150	354	294	288	276	264	264	264	120	120	60	150	150	270	270	378	384	420	438	480	420	408	276	300	300	300	276	270
60	360	318	300	288	264	264	264	150	150	150	60	90	162	168	228	234	312	360	408	348	318	168	192	192	198	168	162
90	372	318	300	288	264	264	264	150	150	150	90	60	162	168	228	234	312	360	408	348	318	168	192	192	198	168	162
90	378	324	312	300	288	288	288	270	270	270	162	162	60	120	180	180	306	210	360	300	300	120	180	120	180	120	234
162	378	324	318	300	288	288	288	270	270	270	168	168	120	60	180	180	306	210	360	300	300	120	180	120	180	120	120
168	420	414	408	402	348	348	348	300	300	300	228	228	180	180	60	132	204	132	348	258	258	186	60	180	132	222	180
204	420	414	408	396	390	390	390	384	384	384	234	234	180	180	132	60	204	132	348	258	258	186	60	180	132	222	180
228	480	468	468	462	456	456	456	420	420	420	312	312	306	306	204	204	60	198	120	240	240	306	204	306	138	306	306
234	462	462	462	456	450	450	450	438	438	438	360	360	210	210	132	132	198	60	138	132	132	210	132	210	132	210	210
312	498	486	486	480	480	480	480	480	480	480	408	408	360	360	348	348	120	138	60	348	348	360	348	360	348	360	360
360	462	462	438	432	432	432	432	420	420	420	348	348	300	300	258	258	240	132	348	60	60	300	258	300	258	300	300
408	462	462	438	432	432	432	432	408	408	408	318	318	300	300	258	258	240	132	348	60	60	300	258	300	258	300	300
348	384	330	318	300	288	288	288	276	276	276	168	168	120	120	186	186	306	210	360	300	300	60	186	120	186	120	120
318	420	366	360	360	348	348	348	300	300	300	192	192	180	180	60	60	204	132	348	258	258	186	60	180	60	180	180
168	372	300	306	300	288	288	288	270	270	270	168	168	120	120	180	180	306	210	360	300	300	120	180	60	180	120	120
192	420	408	402	402	348	348	348	300	300	300	198	198	180	180	132	132	138	132	348	258	258	186	60	180	60	180	180
168	378	372	360	348	288	288	288	276	276	276	168	168	120	120	222	222	306	210	360	300	300	120	180	120	180	60	120
318	378	324	312	300	288	288	288	270	270	270	162	162	234	120	180	180	306	210	360	300	300	120	180	120	180	120	60
DEPOTS_DISTANCE
234	462	462	462	456	450	450	450	438	438	438	360	360	210	210	132	132	198	60	138	132	132	210	132	210	132	210	210	
348	384	330	318	300	288	288	288	276	276	276	168	168	120	120	186	186	306	210	360	300	300	60	186	120	186	120	120	
318	420	366	360	360	348	348	348	300	300	300	192	192	180	180	60	60	204	132	348	258	258	186	60	180	60	180	180	
LOCATION_TURN_MATRIX
100	130	122	113	112	199	136	122	129	152	173	146	151	136	158	140	176	113	122	167	194	134	110	172	114	184	100	147	
170	100	154	188	164	169	136	136	152	170	104	183	155	115	101	104	155	187	174	115	149	134	178	168	114	135	168	102	
178	146	100	161	178	114	104	165	117	139	126	169	192	109	120	179	160	152	154	134	113	140	154	179	196	196	192	181	
187	112	139	100	158	114	195	181	104	132	195	106	183	169	132	170	140	136	172	148	116	110	123	136	151	120	176	169	
188	136	122	142	100	175	164	159	112	100	167	164	135	191	132	181	104	123	142	156	108	117	193	182	116	147	156	185	
101	131	186	186	125	100	190	147	164	150	137	102	145	176	185	131	113	108	117	186	118	151	140	178	154	189	172	110	
164	164	196	105	136	110	100	186	153	151	183	193	111	157	144	123	188	142	110	163	105	190	166	187	170	171	186	126	
178	164	135	119	141	153	114	100	106	130	108	103	151	178	122	151	130	133	184	177	110	141	166	110	122	174	191	197	
171	148	183	196	188	136	147	194	100	167	100	146	168	129	128	142	172	118	174	147	105	158	156	160	120	106	119	136	
148	130	161	168	200	150	149	170	133	100	177	106	175	116	188	180	176	194	108	146	130	187	183	173	128	141	169	176	
127	196	174	105	133	163	117	192	200	123	100	171	175	140	183	115	104	186	128	153	151	175	100	146	191	117	132	197	
154	117	131	194	136	198	107	197	154	194	129	100	136	184	140	147	172	184	148	131	103	156	185	200	152	158	154	143	
149	145	108	117	165	155	189	149	132	125	125	164	100	140	199	142	101	144	163	185	117	191	200	143	113	165	102	154	
164	185	191	131	109	124	143	122	171	184	160	116	160	100	109	116	196	113	131	186	166	139	183	175	144	161	105	170	
142	199	180	168	168	115	156	178	172	112	117	160	101	191	100	147	177	177	199	158	172	188	164	175	180	168	154	195	
160	196	121	130	119	169	177	149	158	120	185	153	158	184	153	100	152	159	197	157	181	159	102	123	168	200	124	186	
124	145	140	160	196	187	112	170	128	124	196	128	199	104	123	148	100	149	114	112	117	135	105	132	138	180	198	156	
187	113	148	164	177	192	158	167	182	106	114	116	156	187	123	141	151	100	166	132	168	163	159	123	129	173	161	116	
178	126	146	128	158	183	190	116	126	192	172	152	137	169	101	103	186	134	100	184	199	137	130	160	148	113	140	150	
133	185	166	152	144	114	137	123	153	154	147	169	115	114	142	143	188	168	116	100	111	195	128	157	191	164	141	171	
106	151	187	184	192	182	195	190	195	170	149	197	183	134	128	119	183	132	101	189	100	129	151	163	147	166	104	177	
166	166	160	190	183	149	110	159	142	113	125	144	109	161	112	141	165	137	163	105	171	100	101	185	169	129	103	197	
190	122	146	177	107	160	134	134	144	117	200	115	100	117	136	198	195	141	170	172	149	199	100	106	150	116	118	145	
128	132	121	164	118	122	113	190	140	127	154	100	157	125	125	177	168	177	140	143	137	115	194	100	128	167	115	155	
186	186	104	149	184	146	130	178	180	172	109	148	187	156	120	132	162	171	152	109	153	131	150	172	100	155	124	184	
116	165	104	180	153	111	129	126	194	159	183	142	135	139	132	100	120	127	187	136	134	171	184	133	145	100	129	192	
200	132	108	124	144	128	114	109	181	131	168	146	198	195	146	176	102	139	160	159	196	197	182	185	176	171	100	146	
153	198	119	131	115	190	174	103	164	124	103	157	146	130	105	114	144	184	150	129	123	103	155	145	116	108	154	100	
DEPOTS_TO_LOCAL_TURN_MATRIX
178	126	146	128	158	183	190	116	126	192	172	152	137	169	101	103	186	134	100	184	199	137	130	160	148	113	140	150	
190	122	146	177	107	160	134	134	144	117	200	115	100	117	136	198	195	141	170	172	149	199	100	106	150	116	118	145	
128	132	121	164	118	122	113	190	140	127	154	100	157	125	125	177	168	177	140	143	137	115	194	100	128	167	115	155	
LOCAL_TO_DEPOT_TURN_MATRIX
122	174	154	172	142	117	110	184	174	108	128	148	163	131	199	197	114	166	100	116	101	163	170	140	152	187	160	150	
110	178	154	123	193	140	166	166	156	183	100	185	200	183	164	102	105	159	130	128	151	101	100	194	150	184	182	155	
172	168	179	136	182	178	187	110	160	173	146	200	143	175	175	123	132	123	160	157	163	185	106	100	172	133	185	145	

