INDEX_PROBLEM
1
PATIENTS
800
STRETCHERS
16
NUM_ROOM
28
NUM_DEPOT
3
NUM_PRIORITY
4
PRIORITY_LIST
0	1	2	3	4
PRIORITY_WEIGHT
0	1	10	18	30
PRIORITY_JOB
0	1	2	3	3	3	2	3	2	2	3	1	2	4	2	3	3	3	2	2	3	3	2	3	4	1	2	3	3	3	4	4	1	2	3	4	1	3	2	3	2	2	3	4	1	4	2	3	3	2	3	3	2	2	2	3	3	1	3	4	1	1	1	1	2	2	3	3	2	2	4	4	3	1	3	1	2	3	1	1	3	4	1	2	2	1	2	3	4	3	4	1	2	2	1	2	1	3	4	1	2	3	2	3	3	1	3	2	2	3	2	1	2	2	1	2	3	3	3	3	4	1	1	2	2	3	1	1	2	4	1	2	3	3	3	4	3	1	1	4	1	2	1	1	2	3	1	2	2	1	3	4	2	1	3	4	1	2	1	2	1	3	3	1	2	2	3	3	2	3	1	3	1	2	2	1	2	1	3	3	4	2	2	3	4	1	3	1	2	3	1	2	3	3	4	2	2	1	3	4	3	3	4	1	2	2	1	1	2	3	1	2	4	1	2	3	3	1	3	3	1	2	2	1	2	2	3	1	2	3	4	2	3	3	1	1	3	2	2	1	1	4	3	1	2	3	3	3	1	1	1	3	4	2	2	1	1	2	3	4	1	2	3	4	2	3	1	1	3	3	4	2	1	2	1	2	3	3	1	3	2	3	1	2	2	3	1	2	1	2	1	2	3	3	2	3	4	3	1	2	3	4	1	1	2	1	2	3	3	2	3	4	3	2	1	3	4	1	1	1	2	2	3	3	4	2	1	3	3	1	2	1	3	4	1	1	2	2	2	2	3	1	2	3	3	4	2	1	1	3	3	1	1	2	2	3	1	3	4	3	1	2	1	1	3	3	2	1	1	4	2	2	3	4	3	2	3	1	1	1	2	3	2	1	1	3	3	4	1	2	3	4	2	3	1	1	3	2	2	2	1	2	4	1	1	2	3	3	3	3	1	2	2	1	2	1	4	3	1	2	3	3	3	3	2	4	1	2	2	3	1	2	1	1	2	3	3	4	3	3	4	1	1	2	3	4	2	1	2	1	1	2	2	3	2	3	3	1	2	1	1	3	2	1	2	3	4	2	2	3	4	3	3	3	1	1	1	2	1	1	3	3	2	2	3	2	2	3	3	4	1	1	1	2	1	1	2	3	3	4	1	2	2	3	3	3	4	1	1	2	1	2	1	2	2	3	1	2	4	3	3	1	3	2	2	1	1	3	2	3	1	2	3	4	3	2	3	4	1	2	2	2	1	1	3	4	1	2	3	3	3	2	3	1	1	2	3	2	2	1	4	1	2	2	3	3	3	4	2	1	2	1	1	3	1	2	1	3	2	2	3	3	3	3	4	1	1	1	2	1	2	1	3	3	2	2	3	4	2	3	4	1	1	1	2	1	2	1	3	3	4	1	2	3	2	3	3	3	1	1	2	1	2	1	2	2	3	4	1	2	4	3	3	3	1	3	2	1	1	2	2	3	1	1	2	3	3	2	3	1	2	2	3	1	2	3	4	1	2	3	3	3	2	3	2	4	1	1	2	3	1	1	2	4	1	2	2	3	3	4	3	1	1	2	3	3	1	2	1	2	2	3	1	3	3	4	2	2	1	1	3	3	1	2	4	2	2	3	1	3	4	1	2	1	1	3	3	1	2	1	4	1	2	3	2	4	3	3	2	1	1	1	2	2	2	1	1	3	1	2	3	3	3	3	4	1	2	2	3	2	1	1	1	1	1	2	3	2	1	1	1	3	2	2	3	2	1	2	1	1	4	1	2	1	1	2	1	3	3	4	1	1	1	2	1	1	1	2	3	4	1	2	1	1	1	2	2	3	2	1	2
TIME_ASKED
0	28849	28898	28947	28996	29045	29094	29149	29198	29247	29296	29345	29394	29429	29458	29487	29516	29545	29574	29603	29632	29661	29690	29742	29784	29826	29868	29910	29952	29994	30029	30058	30087	30116	30145	30174	30203	30232	30261	30290	30329	30358	30387	30416	30445	30474	30503	30532	30561	30590	30621	30642	30663	30684	30705	30726	30747	30768	30789	30810	30831	30852	30873	30894	30949	30998	31047	31096	31145	31194	31227	31254	31281	31308	31335	31362	31389	31416	31443	31470	31497	31524	31548	31572	31596	31620	31644	31668	31692	31716	31740	31764	31788	31837	31874	31911	31948	31985	32022	32059	32096	32159	32218	32277	32336	32395	32419	32438	32457	32476	32495	32514	32533	32552	32571	32590	32609	32628	32647	32666	32685	32759	32818	32877	32936	32995	33027	33054	33081	33108	33135	33162	33189	33216	33243	33270	33297	33333	33366	33399	33432	33465	33498	33531	33564	33597	33616	33632	33648	33664	33680	33696	33712	33728	33744	33760	33776	33792	33808	33824	33840	33856	33872	33888	33933	33966	33999	34032	34065	34098	34131	34164	34197	34242	34284	34326	34368	34410	34452	34494	34533	34566	34599	34632	34665	34698	34731	34764	34797	34827	34854	34881	34908	34935	34962	34989	35016	35043	35070	35097	35137	35174	35211	35248	35285	35322	35359	35396	35433	35466	35499	35532	35565	35598	35631	35664	35697	35723	35746	35769	35792	35815	35838	35861	35884	35907	35930	35953	35976	35999	36023	36046	36069	36092	36115	36138	36161	36184	36207	36230	36253	36276	36299	36327	36354	36381	36408	36435	36462	36489	36516	36543	36570	36597	36619	36638	36657	36676	36695	36714	36733	36752	36771	36790	36809	36828	36847	36866	36885	36949	36998	37047	37096	37145	37194	37259	37318	37377	37436	37495	37549	37598	37647	37696	37745	37794	37827	37854	37881	37908	37935	37962	37989	38016	38043	38070	38097	38123	38146	38169	38192	38215	38238	38261	38284	38307	38330	38353	38376	38399	38419	38438	38457	38476	38495	38514	38533	38552	38571	38590	38609	38628	38647	38666	38685	38742	38784	38826	38868	38910	38952	38994	39029	39058	39087	39116	39145	39174	39203	39232	39261	39290	39349	39398	39447	39496	39545	39594	39633	39666	39699	39732	39765	39798	39831	39864	39897	39937	39974	40011	40048	40085	40122	40159	40196	40242	40284	40326	40368	40410	40452	40494	40542	40584	40626	40668	40710	40752	40794	40849	40898	40947	40996	41045	41094	41133	41166	41199	41232	41265	41298	41331	41364	41397	41423	41446	41469	41492	41515	41538	41561	41584	41607	41630	41653	41676	41699	41749	41798	41847	41896	41945	41994	42099	42198	42297	42342	42384	42426	42468	42510	42552	42594	42699	42798	42897	42923	42946	42969	42992	43015	43038	43061	43084	43107	43130	43153	43176	43199	43237	43274	43311	43348	43385	43422	43459	43496	43549	43598	43647	43696	43745	43794	43899	43998	44097	44159	44218	44277	44336	44395	44459	44518	44577	44636	44695	44799	44898	44997	45033	45066	45099	45132	45165	45198	45231	45264	45297	45337	45374	45411	45448	45485	45522	45559	45596	45637	45674	45711	45748	45785	45822	45859	45896	45959	46018	46077	46136	46195	46249	46298	46347	46396	46445	46494	46537	46574	46611	46648	46685	46722	46759	46796	46821	46842	46863	46884	46905	46926	46947	46968	46989	47010	47031	47052	47073	47094	47199	47298	47397	47437	47474	47511	47548	47585	47622	47659	47696	47737	47774	47811	47848	47885	47922	47959	47996	48049	48098	48147	48196	48245	48294	48324	48348	48372	48396	48420	48444	48468	48492	48516	48540	48564	48588	48627	48654	48681	48708	48735	48762	48789	48816	48843	48870	48897	48937	48974	49011	49048	49085	49122	49159	49196	49233	49266	49299	49332	49365	49398	49431	49464	49497	49537	49574	49611	49648	49685	49722	49759	49796	49827	49854	49881	49908	49935	49962	49989	50016	50043	50070	50097	50149	50198	50247	50296	50345	50394	50424	50448	50472	50496	50520	50544	50568	50592	50616	50640	50664	50688	50737	50774	50811	50848	50885	50922	50959	50996	51027	51054	51081	51108	51135	51162	51189	51216	51243	51270	51297	51324	51348	51372	51396	51420	51444	51468	51492	51516	51540	51564	51588	51637	51674	51711	51748	51785	51822	51859	51896	51933	51966	51999	52032	52065	52098	52131	52164	52197	52259	52318	52377	52436	52495	52517	52534	52551	52568	52585	52602	52619	52636	52653	52670	52687	52704	52721	52738	52755	52772	52789	52859	52918	52977	53036	53095	53137	53174	53211	53248	53285	53322	53359	53396	53459	53518	53577	53636	53695	53733	53766	53799	53832	53865	53898	53931	53964	53997	54027	54054	54081	54108	54135	54162	54189	54216	54243	54270	54297	54374	54448	54522	54596	54627	54654	54681	54708	54735	54762	54789	54816	54843	54870	54897	55049	55198	55237	55274	55311	55348	55385	55422	55459	55496	55574	55648	55722	55796	55827	55854	55881	55908	55935	55962	55989	56016	56043	56070	56097	56399	56499	56598	56697	56733	56766	56799	56832	56865	56898	56931	56964	56997	57049	57098	57147	57196	57245	57294	57359	57418	57477	57536	57595
ORIGIN
26	16	6	27	19	25	27	23	25	14	23	10	2	14	22	14	14	14	3	23	5	4	26	16	14	14	16	7	9	14	27	7	1	9	1	23	14	14	23	4	2	2	27	3	2	14	14	27	27	6	27	18	7	27	20	8	14	14	17	2	23	14	2	26	23	14	23	14	4	19	4	5	14	1	1	27	14	14	14	3	14	1	23	11	2	14	14	14	14	23	27	24	1	5	5	1	14	1	18	7	27	27	27	1	11	27	17	23	12	2	14	14	20	14	14	4	24	15	4	7	16	26	3	3	23	2	14	14	2	23	10	2	23	4	14	23	14	4	16	14	14	27	14	4	9	1	7	27	20	14	14	23	13	23	27	20	2	14	2	14	15	15	4	24	15	4	26	16	8	27	26	26	14	14	14	23	14	25	17	23	12	2	27	14	14	1	1	14	14	11	8	1	25	14	27	20	8	23	2	14	1	23	20	2	14	14	4	1	7	6	14	14	4	11	27	5	27	14	14	14	2	14	3	3	14	2	2	25	2	23	14	3	23	14	6	27	11	11	23	25	16	14	4	8	27	23	14	1	14	12	3	2	14	2	14	16	14	14	4	4	26	16	5	14	17	17	8	17	14	14	14	2	14	2	6	2	23	13	3	23	10	10	24	24	14	25	25	14	3	26	3	23	23	8	1	22	10	2	27	23	2	5	5	14	25	27	27	26	16	5	1	9	3	1	1	14	14	14	14	2	9	20	2	23	13	2	27	14	5	6	17	17	14	7	14	3	14	14	15	2	8	1	23	10	2	23	12	27	26	26	14	19	14	23	27	3	5	26	25	3	14	26	2	3	3	14	23	14	23	2	2	13	2	23	14	1	23	23	7	1	7	14	14	26	14	26	2	14	1	23	10	1	17	14	2	14	14	14	27	14	14	27	11	27	26	1	6	23	3	7	23	23	26	3	14	26	10	14	26	26	23	14	3	7	14	14	27	7	7	26	26	23	3	1	14	1	23	10	1	14	14	2	2	24	2	27	14	9	5	14	24	20	16	6	27	19	7	27	22	3	23	3	27	14	14	12	23	23	14	3	23	14	1	24	3	3	1	1	14	13	13	26	1	23	9	26	14	11	26	26	4	14	14	14	14	8	2	14	20	8	5	27	18	7	2	20	14	14	14	2	22	23	14	2	2	2	3	23	14	25	24	7	1	7	14	4	26	4	26	14	4	9	1	23	11	2	23	14	14	27	14	26	15	14	14	14	1	5	26	17	7	27	11	14	2	14	2	27	20	14	20	3	14	3	23	14	4	2	15	4	14	22	14	3	26	14	23	25	23	1	23	10	2	23	12	23	14	14	27	27	15	14	2	1	14	26	16	7	27	20	8	1	14	3	9	9	20	2	20	26	14	23	14	3	24	14	4	2	8	26	3	26	14	3	14	14	2	14	10	2	1	12	2	14	1	14	14	14	14	27	11	1	9	14	7	5	19	8	14	14	5	3	23	20	2	14	14	2	23	14	3	24	14	4	14	3	3	26	18	2	14	2	26	3	23	10	1	23	12	2	23	14	25	25	14	27	23	11	14	14	16	6	27	19	23	27	8	23	23	14	10	2	22	14	16	14	14	3	23	14	4	20	5	27	1	14	7	1	26	14	23	14	9	1	23	11	14	23	4	26	27	14	27	11	11	14	1	1	6	27	18	16	27	21	3	14	17	10	22	22	27	2	14	14	3	23	27	8	19	16	8	8	14	7	27	26	14	14	14	9	1	23	23	3	23	13	3	14	14	3	24	3	1	27	14	5	27	18	7	27	20	8	23	17	2	1	23	2	2	7	26
DESTINATION
3	14	17	2	22	14	2	26	14	3	27	14	14	8	19	16	1	25	14	4	14	14	3	14	9	1	16	20	14	3	23	13	23	14	14	27	5	5	1	14	27	27	18	14	27	20	8	23	23	17	2	27	20	2	14	14	20	16	6	14	27	25	27	23	27	26	3	26	14	22	14	14	2	14	14	2	16	4	4	26	16	14	27	15	14	9	16	4	9	27	23	1	23	14	14	23	4	23	27	20	2	2	2	14	15	2	6	27	11	27	20	8	14	15	26	14	2	14	14	23	14	14	23	23	27	14	4	5	14	1	14	14	27	14	8	1	25	14	14	1	2	23	2	14	14	23	20	2	14	5	4	1	7	1	18	7	14	20	27	1	11	11	14	2	14	14	3	14	14	2	14	14	4	15	4	7	16	14	6	27	11	14	23	25	16	23	23	2	10	12	14	23	14	3	2	14	14	27	14	16	14	27	7	27	20	8	14	23	13	17	4	26	14	15	2	14	2	16	1	4	24	4	26	26	8	27	24	14	14	1	25	14	3	26	17	23	12	12	27	14	14	25	23	14	2	27	5	14	25	11	14	27	20	27	2	14	1	1	14	14	3	14	14	2	9	6	14	6	4	16	5	27	5	27	17	14	1	7	14	3	14	14	2	2	25	14	14	3	23	14	26	27	26	14	14	19	14	14	23	4	27	14	14	1	14	23	2	3	14	14	23	14	23	14	14	4	4	16	5	14	17	7	27	1	7	14	23	26	14	17	6	6	2	13	3	23	10	10	11	14	14	14	27	14	14	27	11	23	23	23	1	22	10	27	23	26	14	3	14	26	2	14	27	26	26	16	1	9	3	27	27	7	14	1	26	23	3	27	20	23	13	2	2	14	5	14	24	2	14	27	14	14	9	5	24	2	8	1	23	10	2	23	12	23	3	23	17	27	14	23	27	27	3	26	25	3	14	26	14	3	1	25	14	13	26	2	2	13	13	14	14	1	23	24	4	14	27	14	14	8	2	14	14	2	14	23	1	17	14	26	2	14	14	17	2	22	23	2	2	26	1	26	23	3	10	11	7	1	25	14	4	26	14	1	26	26	23	23	3	7	7	14	14	27	14	14	26	15	14	14	14	1	1	10	1	14	14	2	14	14	14	2	27	20	14	14	2	20	16	27	19	7	1	27	27	22	14	3	26	14	2	23	23	23	3	23	14	23	14	25	14	14	14	27	15	14	27	26	26	23	9	14	11	26	2	1	14	14	3	9	20	2	20	20	14	20	27	18	7	2	7	26	8	14	3	26	14	14	14	14	8	2	3	23	14	25	4	14	1	14	27	14	14	27	11	1	4	9	23	23	11	2	14	14	5	3	16	20	2	14	14	14	1	26	17	17	7	27	11	3	3	1	26	14	2	26	14	24	14	3	23	14	4	23	2	4	22	25	14	14	23	11	14	8	23	1	10	10	2	23	12	23	14	20	20	14	22	14	16	1	14	26	27	7	27	20	8	27	1	26	14	1	26	14	4	14	26	14	27	24	3	24	14	26	27	14	14	27	11	14	1	1	14	14	2	23	1	12	2	16	14	17	2	22	27	2	14	1	1	9	14	27	19	8	14	8	25	14	5	26	14	14	14	2	23	3	20	24	14	4	1	3	14	14	27	20	3	1	14	3	23	10	23	12	12	2	23	14	17	2	27	14	2	7	26	16	6	14	19	19	23	27	8	25	14	4	2	14	22	14	14	14	3	20	2	14	4	8	5	14	14	27	27	14	27	7	14	9	26	14	1	14	23	23	4	14	2	27	20	2	14	14	27	6	27	14	27	27	27	21	3
DUE_DATE
0	31147	30476	30045	30094	30143	30672	30247	30776	30825	30394	31643	30972	29987	31036	30585	30614	30643	31152	31181	30730	30759	31268	30840	30342	32124	31446	31008	31050	31092	30587	30616	32385	31694	31243	30732	32501	31330	31839	31388	31907	31936	31485	30974	32743	31032	32081	31630	31659	32168	31719	31740	32241	32262	32283	31824	31845	33066	31887	31368	33129	33150	33171	33192	32527	32576	32145	32194	32723	32772	31785	31812	32379	33606	32433	33660	32967	32514	33741	33768	32595	32082	33846	33150	33174	33918	33222	32766	32250	32814	32298	34062	33366	33415	34172	33489	34246	33083	32580	34357	33674	33257	33796	33375	33434	34693	33517	34016	34035	33574	34073	34812	34111	34130	34869	34168	33707	33726	33745	33764	33243	35057	35116	34455	34514	34093	35325	35352	34659	33666	35433	34740	34287	34314	34341	33828	34395	35631	35664	33957	35730	35043	35796	35829	35142	34695	35914	35210	35226	35962	34778	34254	35290	36026	34842	34318	36074	35370	36106	35402	36138	34954	34970	36186	35511	35544	35097	35130	35643	35196	36429	35262	36495	35820	35862	36624	35946	36708	35550	35592	35091	36144	36177	35730	35223	36996	35829	37062	36375	35925	37152	36459	36006	36033	35520	36567	36594	37341	36168	35655	36235	36272	35769	37546	36863	36900	37657	37694	37011	36564	37797	37110	36123	37896	37209	36762	36795	38021	36844	36867	38090	37393	37416	38159	37462	37485	37028	38251	37554	37097	36581	37624	37167	37190	38413	38436	37259	37762	37785	38528	38551	36834	37397	38625	37932	37479	37506	37533	38760	38787	38814	37641	37128	38175	38197	38936	38955	38254	37793	37272	39031	38330	37869	37348	38387	37926	39145	39164	37983	38047	37556	38625	39394	38723	39492	38837	38416	38475	39734	38593	39127	38696	39945	39274	39323	38892	40125	39432	40179	39486	40233	39540	39087	39114	39621	39168	38655	39221	40444	39747	39290	38773	40536	40559	39862	40605	39908	39451	39474	39977	39517	38996	39555	40054	40793	39612	39091	40850	40869	40888	40187	40206	39745	39764	39243	40320	41082	39924	39966	41208	40530	41292	40127	39616	41385	41414	40723	40752	40781	40810	40359	41588	40927	40496	40545	40054	41123	41892	41931	40764	40797	42030	42063	41376	41409	40962	42195	41035	40532	41109	42346	41663	42420	42457	41294	41340	41862	42624	42666	40968	42030	42072	41640	41142	41724	42246	41808	43050	43092	43147	42476	42045	42574	43343	43392	42231	42264	41757	43530	42843	42396	41889	42942	42495	43721	43744	42567	43070	43093	43116	43859	43162	42165	43928	43951	43254	42797	42847	42896	42945	44194	43523	43572	44397	43776	44595	42900	43482	44724	44046	43608	43650	43692	43797	44376	43455	45221	44524	44547	44090	45313	44616	45359	45382	44685	44228	44251	43734	44297	44335	43832	45609	45646	44963	44520	44017	45074	45847	45176	45945	45994	45323	45372	44997	45576	45195	45257	46516	45855	46634	46693	45557	46096	46875	46214	45793	45357	46476	46575	46131	45624	46197	46230	46263	47496	47529	47562	46875	47635	47672	46509	46546	47063	47100	46657	47174	47215	46772	46809	46306	48083	48120	48157	47474	48257	48316	47655	47234	47293	46807	48596	47925	47974	47543	47592	47635	47132	48909	48946	48263	49020	48337	49094	48399	48420	47961	49182	48483	47484	48045	48066	49287	48108	48609	48630	49371	49392	48297	48876	48495	49735	49052	48609	48106	48683	49200	48757	48254	50035	49352	49389	49426	50183	50220	49057	48554	50347	49676	49245	49294	49343	49872	49422	50646	50670	49974	49518	50022	50046	50790	49074	50838	50142	50166	49725	49752	49779	49266	50313	51060	50367	51114	51141	49968	51195	50515	51272	50109	50626	50663	50220	50257	50294	50331	49824	51597	51630	51663	50976	51729	51042	51795	50635	50672	51189	51226	50783	50280	51337	50894	50385	52152	52179	52206	51513	52260	51567	52314	51141	51168	50655	52447	51776	51345	51874	51443	51492	51522	52746	52770	52074	52818	52122	52866	52170	52194	51738	51222	52986	52315	51332	51909	51946	51983	53220	52057	52574	53325	53352	52659	52686	52233	53460	53487	52794	52341	52368	52875	52422	53646	52950	52974	52518	53742	53046	52590	52074	53838	53142	52686	52735	52772	53289	52846	53363	52380	54157	54194	53511	53064	54297	54330	53643	52656	54429	53742	53775	53357	53416	52935	53534	54793	54815	54112	53649	53666	54883	54180	54917	54214	54231	53768	54985	53802	53819	53296	54333	54350	55087	55157	54016	54075	55334	54673	53695	54752	54789	54346	55583	54420	53917	55694	55037	55816	55875	54734	54793	56031	55344	56097	54390	56163	55476	55029	55542	54555	55125	55152	55659	56406	56433	56460	55767	55794	55821	56568	56595	55472	56746	56100	55694	55725	55752	55779	55266	57033	56340	56367	55914	56421	57168	57195	57347	57496	57535	56852	56409	56926	57683	57720	57757	56594	57152	57226	56820	57374	58125	57432	58179	58206	56493	58260	57567	58314	58341	57648	58395	57497	57597	57156	58995	59031	59064	58377	59130	59163	59196	58509	58062	57555	59347	58676	59445	59494	59543	58872	58937	58516	59055	59834	59173
TRANSPORT_MODE
0	2	1	1	1	0	0	0	2	2	1	1	1	0	0	0	2	1	1	1	2	0	0	0	2	1	1	1	2	0	0	0	1	1	1	1	2	0	0	0	2	1	1	1	2	0	0	0	0	1	1	1	1	1	0	0	0	3	1	1	1	0	0	0	0	2	2	1	1	1	0	0	0	3	1	1	1	2	0	0	2	1	1	1	0	3	0	0	0	1	1	1	1	2	0	0	0	2	1	1	1	1	0	0	0	3	1	1	1	1	0	0	0	0	2	1	1	1	0	0	0	3	3	1	1	1	0	0	0	2	1	1	1	1	0	0	0	3	3	1	1	2	0	0	0	1	1	1	1	3	0	0	0	3	1	1	1	1	0	0	0	2	1	1	1	1	0	0	0	0	3	1	1	1	0	0	0	0	2	2	1	1	1	0	0	3	1	1	1	2	0	0	0	2	1	1	1	3	0	0	0	1	1	1	1	2	0	0	0	2	1	1	1	3	0	0	0	0	1	1	1	1	1	0	0	0	2	1	1	1	0	0	0	0	3	3	1	1	2	0	0	0	1	1	1	1	0	0	0	3	3	1	1	1	0	0	0	2	1	1	1	1	0	0	0	0	3	3	1	1	1	0	0	0	2	1	1	1	1	0	0	0	3	1	1	1	0	0	0	0	1	2	2	1	1	0	0	0	3	1	1	1	0	0	0	1	2	2	1	1	0	0	0	1	3	1	1	1	0	0	0	2	1	2	1	0	1	0	0	0	1	3	1	1	1	0	0	0	1	2	1	1	0	0	0	0	1	3	3	1	1	0	0	1	2	1	1	0	0	0	0	1	3	3	1	1	0	0	0	1	2	1	1	1	0	0	0	1	3	3	1	1	0	0	0	0	1	2	1	1	1	0	0	0	1	3	1	1	0	0	0	1	1	0	2	2	1	0	0	1	3	1	1	0	0	0	0	1	1	2	2	1	0	0	0	1	3	1	1	1	0	0	0	1	2	2	1	1	0	0	0	1	3	1	1	1	0	0	0	0	1	2	1	1	0	0	0	1	1	3	3	1	0	0	0	1	2	1	1	0	0	0	0	1	1	3	3	1	0	0	1	2	1	1	1	0	0	0	0	1	3	3	1	1	0	0	0	1	2	1	1	1	0	0	0	1	1	3	1	0	0	0	0	1	1	2	2	1	0	0	1	3	1	1	0	0	0	0	1	1	2	2	1	0	0	0	1	1	3	1	1	0	0	0	1	2	2	1	1	0	0	0	1	3	1	1	1	0	0	0	1	2	2	1	0	1	0	0	0	1	1	3	3	1	0	0	0	1	2	1	1	0	0	0	1	1	3	3	1	0	0	0	1	2	1	1	1	0	0	0	1	3	3	1	1	0	0	0	1	2	1	1	1	0	0	0	0	1	3	3	1	1	0	0	0	1	1	2	1	1	0	0	0	1	3	1	1	0	0	0	1	2	2	0	1	1	0	0	1	3	1	1	1	0	0	0	1	2	2	1	1	0	0	0	0	1	3	1	1	1	0	0	0	1	2	2	1	1	0	0	0	1	3	1	1	1	0	0	0	1	2	1	1	0	0	0	0	1	3	3	1	1	0	0	1	2	1	1	1	0	0	0	1	3	3	1	1	0	0	0	1	2	1	1	0	1	0	0	0	1	3	3	1	1	0	0	0	1	2	1	1	1	0	0	0	3	1	1	1	0	0	0	1	3	3	1	1	0	0	0	3	1	1	1	1	0	0	0	3	3	1	1	1	0	0	0	3	1	1	1	1	0	0	0	0	3	3	1	1	1	0	0	0	3	1	1	1	1	0	0	0
PATIENT_WEIGHT
126	40	71	37	87	91	120	116	101	95	147	125	79	57	76	149	115	33	57	92	49	146	111	97	86	126	121	126	67	72	96	47	36	124	117	39	91	141	148	30	67	58	148	73	102	87	127	59	84	119	64	98	52	91	132	145	44	67	97	65	146	90	52	77	144	38	46	66	93	141	55	39	80	96	70	98	31	71	74	78	83	68	71	87	73	52	98	120	49	45	111	150	131	33	30	55	134	101	56	78	124	82	138	105	53	52	94	129	126	59	64	149	59	134	114	79	88	138	90	146	96	137	83	35	73	72	58	115	137	68	89	99	93	95	136	67	118	149	36	71	40	96	135	134	121	133	53	148	91	132	52	138	69	39	121	47	134	110	41	85	75	36	146	95	99	142	70	36	101	101	132	48	113	150	78	98	60	41	107	133	77	144	54	135	110	55	40	47	93	146	37	84	31	98	74	79	89	129	138	143	46	143	32	63	59	75	76	135	68	66	126	83	126	67	119	120	133	34	143	46	133	78	139	126	90	102	68	33	41	130	76	147	138	31	95	43	74	124	145	76	126	51	65	124	127	104	148	120	100	94	102	101	54	43	54	141	111	80	113	138	133	85	34	98	111	96	53	135	106	91	123	81	120	127	130	88	82	124	60	80	144	30	64	129	138	110	56	62	82	150	93	110	109	72	148	86	70	70	34	72	57	80	82	61	133	146	80	75	75	132	147	60	107	82	49	83	107	102	76	99	134	80	70	76	121	112	41	39	43	89	53	32	84	146	55	48	92	146	137	68	31	75	148	71	132	93	124	143	144	75	49	55	79	33	86	76	66	98	106	35	47	54	80	129	68	128	62	77	46	128	92	126	55	86	136	68	90	105	143	122	59	98	92	42	60	142	120	60	122	76	55	145	136	62	32	31	130	59	90	69	49	31	89	32	82	137	138	69	40	87	59	90	86	132	33	86	39	122	147	40	33	144	108	78	44	148	49	146	51	148	134	135	117	74	150	80	67	87	86	141	119	75	141	107	118	102	132	142	69	30	104	61	62	89	114	38	149	98	72	44	67	72	50	84	142	71	123	50	66	102	143	31	119	149	31	110	134	66	67	105	128	129	63	129	129	77	81	33	61	122	77	124	31	34	117	75	120	73	134	31	67	76	122	45	118	79	132	144	34	72	66	30	135	69	116	70	32	91	79	97	88	101	143	128	43	59	43	86	77	81	73	41	36	133	108	135	60	46	102	61	148	129	147	97	41	143	132	57	113	67	134	40	98	146	55	86	102	122	134	60	114	134	132	65	90	100	129	142	101	129	46	86	110	117	141	85	109	75	83	70	67	35	38	59	30	113	87	127	93	128	124	64	114	87	129	65	78	55	69	110	131	95	118	46	62	146	41	73	119	67	106	128	123	71	109	128	42	101	90	118	49	65	89	96	131	107	96	82	105	44	40	150	69	45	64	125	47	138	77	121	95	61	98	71	56	139	110	53	79	97	76	32	142	120	127	72	123	51	141	80	69	70	128	144	131	128	49	54	124	89	91	119	88	49	76	131	112	139	51	122	46	33	42	67	54	121	77	39	120	143	130	140	34	66	150	58	63	123	41	130	130	61	100	63	83	74	139	131	68	125	139	59	101	49	117	50	68	107	50	41	141	57	120	95	36	30	121	114	148	89	47	129	124	128	118	38	90	91	102	91	150	34	97	68	65	71	137	57	89	83	69	113	74	71	136	133	58	75	55	92	59	126	38	67	110	64	49	51	37	124	101	79	122	42	62	120	123	128	132	90	54	57	101	41	98	117	118	78	91	78	85	50	87	48	35	131	103	68	64	43	84
DISTANCE_MATRIX
0	360	318	300	288	276	264	264	150	150	150	60	90	90	162	168	204	228	234	312	360	408	348	318	168	192	168	318
360	60	264	318	324	342	342	342	348	348	354	360	372	378	378	420	420	480	462	498	462	462	384	420	372	420	378	378
318	264	60	270	276	288	288	288	294	294	294	318	318	324	324	414	414	468	462	486	462	462	330	366	366	408	372	324
300	318	270	60	276	288	288	288	288	288	288	300	300	312	318	408	408	468	462	486	438	438	318	360	360	402	360	312
288	324	276	276	60	276	276	276	276	276	276	288	288	300	300	402	396	462	456	480	432	432	300	360	360	402	348	300
276	342	288	288	276	60	180	180	252	258	264	264	264	288	288	390	390	456	450	480	432	432	288	348	348	348	288	288
264	342	288	288	276	180	60	180	246	258	264	264	264	288	288	390	390	456	450	480	432	432	288	348	348	348	288	288
264	342	288	288	276	180	180	60	240	258	264	264	264	288	288	390	390	456	450	480	432	432	288	348	348	348	288	288
150	348	294	288	276	252	246	240	60	120	120	150	126	270	270	378	384	420	438	480	420	408	276	300	300	300	276	270
150	348	294	288	276	258	258	258	120	60	120	150	150	270	270	378	384	420	438	480	420	408	276	300	300	300	276	270
150	354	294	288	276	264	264	264	120	120	60	150	150	270	270	378	384	420	438	480	420	408	276	300	300	300	276	270
60	360	318	300	288	264	264	264	150	150	150	60	90	162	168	228	234	312	360	408	348	318	168	192	192	198	168	162
90	372	318	300	288	264	264	264	150	150	150	90	60	162	168	228	234	312	360	408	348	318	168	192	192	198	168	162
90	378	324	312	300	288	288	288	270	270	270	162	162	60	120	180	180	306	210	360	300	300	120	180	120	180	120	234
162	378	324	318	300	288	288	288	270	270	270	168	168	120	60	180	180	306	210	360	300	300	120	180	120	180	120	120
168	420	414	408	402	348	348	348	300	300	300	228	228	180	180	60	132	204	132	348	258	258	186	60	180	132	222	180
204	420	414	408	396	390	390	390	384	384	384	234	234	180	180	132	60	204	132	348	258	258	186	60	180	132	222	180
228	480	468	468	462	456	456	456	420	420	420	312	312	306	306	204	204	60	198	120	240	240	306	204	306	138	306	306
234	462	462	462	456	450	450	450	438	438	438	360	360	210	210	132	132	198	60	138	132	132	210	132	210	132	210	210
312	498	486	486	480	480	480	480	480	480	480	408	408	360	360	348	348	120	138	60	348	348	360	348	360	348	360	360
360	462	462	438	432	432	432	432	420	420	420	348	348	300	300	258	258	240	132	348	60	60	300	258	300	258	300	300
408	462	462	438	432	432	432	432	408	408	408	318	318	300	300	258	258	240	132	348	60	60	300	258	300	258	300	300
348	384	330	318	300	288	288	288	276	276	276	168	168	120	120	186	186	306	210	360	300	300	60	186	120	186	120	120
318	420	366	360	360	348	348	348	300	300	300	192	192	180	180	60	60	204	132	348	258	258	186	60	180	60	180	180
168	372	300	306	300	288	288	288	270	270	270	168	168	120	120	180	180	306	210	360	300	300	120	180	60	180	120	120
192	420	408	402	402	348	348	348	300	300	300	198	198	180	180	132	132	138	132	348	258	258	186	60	180	60	180	180
168	378	372	360	348	288	288	288	276	276	276	168	168	120	120	222	222	306	210	360	300	300	120	180	120	180	60	120
318	378	324	312	300	288	288	288	270	270	270	162	162	234	120	180	180	306	210	360	300	300	120	180	120	180	120	60
DEPOTS_DISTANCE
234	462	462	462	456	450	450	450	438	438	438	360	360	210	210	132	132	198	60	138	132	132	210	132	210	132	210	210	
348	384	330	318	300	288	288	288	276	276	276	168	168	120	120	186	186	306	210	360	300	300	60	186	120	186	120	120	
318	420	366	360	360	348	348	348	300	300	300	192	192	180	180	60	60	204	132	348	258	258	186	60	180	60	180	180	
LOCATION_TURN_MATRIX
100	130	122	113	112	199	136	122	129	152	173	146	151	136	158	140	176	113	122	167	194	134	110	172	114	184	100	147	
170	100	154	188	164	169	136	136	152	170	104	183	155	115	101	104	155	187	174	115	149	134	178	168	114	135	168	102	
178	146	100	161	178	114	104	165	117	139	126	169	192	109	120	179	160	152	154	134	113	140	154	179	196	196	192	181	
187	112	139	100	158	114	195	181	104	132	195	106	183	169	132	170	140	136	172	148	116	110	123	136	151	120	176	169	
188	136	122	142	100	175	164	159	112	100	167	164	135	191	132	181	104	123	142	156	108	117	193	182	116	147	156	185	
101	131	186	186	125	100	190	147	164	150	137	102	145	176	185	131	113	108	117	186	118	151	140	178	154	189	172	110	
164	164	196	105	136	110	100	186	153	151	183	193	111	157	144	123	188	142	110	163	105	190	166	187	170	171	186	126	
178	164	135	119	141	153	114	100	106	130	108	103	151	178	122	151	130	133	184	177	110	141	166	110	122	174	191	197	
171	148	183	196	188	136	147	194	100	167	100	146	168	129	128	142	172	118	174	147	105	158	156	160	120	106	119	136	
148	130	161	168	200	150	149	170	133	100	177	106	175	116	188	180	176	194	108	146	130	187	183	173	128	141	169	176	
127	196	174	105	133	163	117	192	200	123	100	171	175	140	183	115	104	186	128	153	151	175	100	146	191	117	132	197	
154	117	131	194	136	198	107	197	154	194	129	100	136	184	140	147	172	184	148	131	103	156	185	200	152	158	154	143	
149	145	108	117	165	155	189	149	132	125	125	164	100	140	199	142	101	144	163	185	117	191	200	143	113	165	102	154	
164	185	191	131	109	124	143	122	171	184	160	116	160	100	109	116	196	113	131	186	166	139	183	175	144	161	105	170	
142	199	180	168	168	115	156	178	172	112	117	160	101	191	100	147	177	177	199	158	172	188	164	175	180	168	154	195	
160	196	121	130	119	169	177	149	158	120	185	153	158	184	153	100	152	159	197	157	181	159	102	123	168	200	124	186	
124	145	140	160	196	187	112	170	128	124	196	128	199	104	123	148	100	149	114	112	117	135	105	132	138	180	198	156	
187	113	148	164	177	192	158	167	182	106	114	116	156	187	123	141	151	100	166	132	168	163	159	123	129	173	161	116	
178	126	146	128	158	183	190	116	126	192	172	152	137	169	101	103	186	134	100	184	199	137	130	160	148	113	140	150	
133	185	166	152	144	114	137	123	153	154	147	169	115	114	142	143	188	168	116	100	111	195	128	157	191	164	141	171	
106	151	187	184	192	182	195	190	195	170	149	197	183	134	128	119	183	132	101	189	100	129	151	163	147	166	104	177	
166	166	160	190	183	149	110	159	142	113	125	144	109	161	112	141	165	137	163	105	171	100	101	185	169	129	103	197	
190	122	146	177	107	160	134	134	144	117	200	115	100	117	136	198	195	141	170	172	149	199	100	106	150	116	118	145	
128	132	121	164	118	122	113	190	140	127	154	100	157	125	125	177	168	177	140	143	137	115	194	100	128	167	115	155	
186	186	104	149	184	146	130	178	180	172	109	148	187	156	120	132	162	171	152	109	153	131	150	172	100	155	124	184	
116	165	104	180	153	111	129	126	194	159	183	142	135	139	132	100	120	127	187	136	134	171	184	133	145	100	129	192	
200	132	108	124	144	128	114	109	181	131	168	146	198	195	146	176	102	139	160	159	196	197	182	185	176	171	100	146	
153	198	119	131	115	190	174	103	164	124	103	157	146	130	105	114	144	184	150	129	123	103	155	145	116	108	154	100	
DEPOTS_TO_LOCAL_TURN_MATRIX
178	126	146	128	158	183	190	116	126	192	172	152	137	169	101	103	186	134	100	184	199	137	130	160	148	113	140	150	
190	122	146	177	107	160	134	134	144	117	200	115	100	117	136	198	195	141	170	172	149	199	100	106	150	116	118	145	
128	132	121	164	118	122	113	190	140	127	154	100	157	125	125	177	168	177	140	143	137	115	194	100	128	167	115	155	
LOCAL_TO_DEPOT_TURN_MATRIX
122	174	154	172	142	117	110	184	174	108	128	148	163	131	199	197	114	166	100	116	101	163	170	140	152	187	160	150	
110	178	154	123	193	140	166	166	156	183	100	185	200	183	164	102	105	159	130	128	151	101	100	194	150	184	182	155	
172	168	179	136	182	178	187	110	160	173	146	200	143	175	175	123	132	123	160	157	163	185	106	100	172	133	185	145	

