INDEX_PROBLEM
1
PATIENTS
800
STRETCHERS
16
NUM_ROOM
28
NUM_DEPOT
3
NUM_PRIORITY
4
PRIORITY_LIST
0	1	2	3	4
PRIORITY_WEIGHT
0	1	10	18	30
PRIORITY_JOB
0	1	2	3	4	2	3	4	3	3	4	4	2	4	4	4	3	4	4	2	2	3	4	4	3	4	2	3	4	4	4	3	4	1	2	3	4	4	4	3	4	2	3	4	4	4	4	3	1	2	3	4	2	4	4	4	4	1	1	3	4	4	2	1	2	3	2	3	4	4	4	4	3	1	1	2	2	3	1	2	2	4	2	3	4	4	4	4	3	1	1	1	2	3	3	1	2	4	4	2	3	4	4	4	4	1	1	1	3	2	1	3	2	4	4	4	2	3	4	3	4	4	1	4	2	3	1	2	3	1	4	4	2	2	3	3	4	4	4	1	2	3	4	2	2	1	4	1	2	3	4	3	4	4	1	2	3	4	4	2	1	3	1	2	3	4	4	4	4	4	1	2	1	3	4	2	2	1	2	3	4	4	2	3	4	3	3	1	1	3	4	3	1	2	4	2	3	4	4	1	4	3	1	1	2	3	4	2	1	2	4	4	2	3	4	4	4	4	3	1	1	1	2	3	1	3	1	4	4	2	3	4	4	3	4	4	2	1	3	4	2	1	2	4	2	3	3	4	3	4	4	2	1	3	4	4	3	1	2	1	2	3	4	2	3	4	4	3	1	4	4	1	2	1	2	2	3	4	4	2	4	3	4	1	3	1	4	4	2	3	1	2	3	4	2	3	3	4	4	3	1	1	4	2	1	2	1	3	3	4	4	1	2	4	4	1	1	3	4	2	2	2	3	3	3	4	4	4	1	4	4	1	1	2	3	4	1	1	2	3	2	3	4	4	2	4	4	3	3	1	4	4	1	2	3	1	2	3	3	4	2	4	3	4	3	1	4	4	1	2	1	2	3	4	2	3	4	3	4	2	1	4	4	1	2	2	1	2	3	4	2	4	3	4	4	3	4	1	2	3	4	1	3	1	4	4	2	3	3	3	4	4	1	1	4	2	3	2	1	2	4	4	1	2	3	3	4	1	1	4	2	3	3	1	2	4	4	4	1	2	3	3	4	4	1	1	4	4	2	2	1	2	3	4	1	2	3	3	4	4	1	4	4	2	1	1	2	1	3	4	4	2	3	3	4	3	1	4	4	1	2	3	2	3	4	2	3	4	4	4	3	1	1	4	1	2	3	2	2	1	4	2	3	4	4	4	4	3	1	1	2	3	4	2	1	3	4	2	3	1	4	4	3	1	4	4	2	3	1	2	1	4	4	4	1	2	3	4	4	1	1	3	4	2	2	1	2	3	3	4	4	1	1	4	4	1	2	3	4	2	2	1	2	4	3	4	4	1	2	3	4	3	1	3	4	2	1	3	1	3	4	4	2	3	4	3	4	1	4	4	1	2	1	2	1	2	3	4	2	3	4	3	4	1	4	4	4	1	2	2	1	2	3	4	2	3	4	3	4	2	1	4	1	2	3	1	3	1	4	4	2	3	4	4	4	1	1	4	4	2	2	1	2	3	4	4	1	3	4	4	1	1	2	3	4	1	2	2	3	2	3	4	4	1	4	4	1	1	2	3	4	1	2	1	3	2	3	4	4	1	4	4	4	1	2	3	4	3	1	2	4	2	3	4	2	4	3	4	1	3	4	4	1	2	1	2	2	2	3	4	2	4	3	4	1	3	4	4	1	2	1	2	2	3	4	4	2	4	3	4	1	3	4	1	2	1	1	2	3	4	4	2	4	4	4	1	1	3	4	4	1	3	2	1	1	2	3	4	2	2	1	1	1	4	2	2	1	2	1	1	3	4	2	1	2	1	2	1	3	4	4	1	1	3	2	1	1	2	3	4	2	2	1	1	3	4	4	3	1	1	2
TIME_ASKED
0	28849	28898	28947	28996	29045	29094	29149	29198	29247	29296	29345	29394	29429	29458	29487	29516	29545	29574	29603	29632	29661	29690	29742	29784	29826	29868	29910	29952	29994	30029	30058	30087	30116	30145	30174	30203	30232	30261	30290	30329	30358	30387	30416	30445	30474	30503	30532	30561	30590	30621	30642	30663	30684	30705	30726	30747	30768	30789	30810	30831	30852	30873	30894	30949	30998	31047	31096	31145	31194	31227	31254	31281	31308	31335	31362	31389	31416	31443	31470	31497	31524	31548	31572	31596	31620	31644	31668	31692	31716	31740	31764	31788	31837	31874	31911	31948	31985	32022	32059	32096	32159	32218	32277	32336	32395	32419	32438	32457	32476	32495	32514	32533	32552	32571	32590	32609	32628	32647	32666	32685	32759	32818	32877	32936	32995	33027	33054	33081	33108	33135	33162	33189	33216	33243	33270	33297	33333	33366	33399	33432	33465	33498	33531	33564	33597	33616	33632	33648	33664	33680	33696	33712	33728	33744	33760	33776	33792	33808	33824	33840	33856	33872	33888	33933	33966	33999	34032	34065	34098	34131	34164	34197	34242	34284	34326	34368	34410	34452	34494	34533	34566	34599	34632	34665	34698	34731	34764	34797	34827	34854	34881	34908	34935	34962	34989	35016	35043	35070	35097	35137	35174	35211	35248	35285	35322	35359	35396	35433	35466	35499	35532	35565	35598	35631	35664	35697	35723	35746	35769	35792	35815	35838	35861	35884	35907	35930	35953	35976	35999	36023	36046	36069	36092	36115	36138	36161	36184	36207	36230	36253	36276	36299	36327	36354	36381	36408	36435	36462	36489	36516	36543	36570	36597	36619	36638	36657	36676	36695	36714	36733	36752	36771	36790	36809	36828	36847	36866	36885	36949	36998	37047	37096	37145	37194	37259	37318	37377	37436	37495	37549	37598	37647	37696	37745	37794	37827	37854	37881	37908	37935	37962	37989	38016	38043	38070	38097	38123	38146	38169	38192	38215	38238	38261	38284	38307	38330	38353	38376	38399	38419	38438	38457	38476	38495	38514	38533	38552	38571	38590	38609	38628	38647	38666	38685	38742	38784	38826	38868	38910	38952	38994	39029	39058	39087	39116	39145	39174	39203	39232	39261	39290	39349	39398	39447	39496	39545	39594	39633	39666	39699	39732	39765	39798	39831	39864	39897	39937	39974	40011	40048	40085	40122	40159	40196	40242	40284	40326	40368	40410	40452	40494	40542	40584	40626	40668	40710	40752	40794	40849	40898	40947	40996	41045	41094	41133	41166	41199	41232	41265	41298	41331	41364	41397	41423	41446	41469	41492	41515	41538	41561	41584	41607	41630	41653	41676	41699	41749	41798	41847	41896	41945	41994	42099	42198	42297	42342	42384	42426	42468	42510	42552	42594	42699	42798	42897	42923	42946	42969	42992	43015	43038	43061	43084	43107	43130	43153	43176	43199	43237	43274	43311	43348	43385	43422	43459	43496	43549	43598	43647	43696	43745	43794	43899	43998	44097	44159	44218	44277	44336	44395	44459	44518	44577	44636	44695	44799	44898	44997	45033	45066	45099	45132	45165	45198	45231	45264	45297	45337	45374	45411	45448	45485	45522	45559	45596	45637	45674	45711	45748	45785	45822	45859	45896	45959	46018	46077	46136	46195	46249	46298	46347	46396	46445	46494	46537	46574	46611	46648	46685	46722	46759	46796	46821	46842	46863	46884	46905	46926	46947	46968	46989	47010	47031	47052	47073	47094	47199	47298	47397	47437	47474	47511	47548	47585	47622	47659	47696	47737	47774	47811	47848	47885	47922	47959	47996	48049	48098	48147	48196	48245	48294	48324	48348	48372	48396	48420	48444	48468	48492	48516	48540	48564	48588	48627	48654	48681	48708	48735	48762	48789	48816	48843	48870	48897	48937	48974	49011	49048	49085	49122	49159	49196	49233	49266	49299	49332	49365	49398	49431	49464	49497	49537	49574	49611	49648	49685	49722	49759	49796	49827	49854	49881	49908	49935	49962	49989	50016	50043	50070	50097	50149	50198	50247	50296	50345	50394	50424	50448	50472	50496	50520	50544	50568	50592	50616	50640	50664	50688	50737	50774	50811	50848	50885	50922	50959	50996	51027	51054	51081	51108	51135	51162	51189	51216	51243	51270	51297	51324	51348	51372	51396	51420	51444	51468	51492	51516	51540	51564	51588	51637	51674	51711	51748	51785	51822	51859	51896	51933	51966	51999	52032	52065	52098	52131	52164	52197	52259	52318	52377	52436	52495	52517	52534	52551	52568	52585	52602	52619	52636	52653	52670	52687	52704	52721	52738	52755	52772	52789	52859	52918	52977	53036	53095	53137	53174	53211	53248	53285	53322	53359	53396	53459	53518	53577	53636	53695	53733	53766	53799	53832	53865	53898	53931	53964	53997	54027	54054	54081	54108	54135	54162	54189	54216	54243	54270	54297	54374	54448	54522	54596	54627	54654	54681	54708	54735	54762	54789	54816	54843	54870	54897	55049	55198	55237	55274	55311	55348	55385	55422	55459	55496	55574	55648	55722	55796	55827	55854	55881	55908	55935	55962	55989	56016	56043	56070	56097	56399	56499	56598	56697	56733	56766	56799	56832	56865	56898	56931	56964	56997	57049	57098	57147	57196	57245	57294	57359	57418	57477	57536	57595
ORIGIN
26	16	6	27	19	14	27	23	27	25	23	10	2	14	14	9	14	14	3	23	1	14	26	16	14	27	14	7	9	14	7	2	9	9	1	23	23	14	23	4	14	2	27	3	2	14	14	14	27	6	27	18	7	27	20	8	27	14	17	2	23	14	2	26	2	14	23	14	14	14	8	14	14	25	25	27	14	9	9	3	14	14	23	11	14	4	11	14	14	14	14	24	1	5	5	1	14	27	18	7	27	20	27	1	27	20	23	23	20	2	2	14	14	23	14	4	24	15	25	7	16	5	3	3	14	22	14	9	16	2	10	2	23	14	14	14	5	26	26	26	14	14	14	20	5	9	23	27	20	14	14	23	2	14	27	27	27	2	2	14	2	27	14	24	15	4	8	16	23	2	26	26	14	14	14	14	23	14	14	23	12	2	4	14	14	5	4	14	14	14	14	5	14	14	1	20	8	2	3	3	4	23	1	2	14	5	4	1	27	4	14	14	4	11	27	5	27	27	14	20	2	14	14	14	14	1	27	25	2	23	14	3	1	14	26	27	27	11	23	25	25	16	14	8	27	23	4	23	23	12	14	14	14	27	27	16	14	1	5	7	26	4	5	14	23	2	3	5	14	15	2	14	2	2	5	4	23	13	3	23	2	25	26	14	14	1	25	14	14	26	14	23	23	8	23	14	10	2	14	14	2	27	5	1	1	11	1	27	16	5	23	14	3	14	1	20	3	14	14	2	1	14	14	4	13	2	27	14	5	6	14	14	1	7	14	3	27	14	14	14	8	1	23	10	23	14	12	3	26	14	4	19	14	14	25	2	5	26	14	2	14	12	2	2	14	14	23	14	23	2	23	4	2	23	14	14	23	1	14	14	14	23	26	26	14	17	16	26	1	23	10	1	1	1	17	14	14	14	27	14	1	10	11	14	14	26	11	3	11	14	27	14	3	5	26	26	2	11	27	27	23	14	3	14	14	14	1	14	14	26	26	3	3	24	4	20	23	10	1	14	14	24	14	14	14	27	14	14	14	24	6	2	16	6	27	19	7	27	22	10	12	12	23	12	1	2	8	3	14	3	23	14	3	26	14	3	25	14	13	13	26	2	23	1	9	26	14	11	26	23	7	7	27	14	8	2	2	2	5	2	5	27	18	7	2	24	14	14	14	14	22	23	23	23	14	2	3	23	14	25	24	23	26	14	26	4	26	26	14	2	26	26	1	23	11	27	23	14	27	14	23	26	15	26	14	1	20	1	26	17	7	14	14	2	14	14	14	2	20	20	1	5	2	20	23	14	4	2	15	4	5	23	14	14	3	3	2	27	3	1	23	10	2	3	26	3	3	14	14	27	2	7	1	2	14	26	16	7	27	14	11	14	14	3	3	20	26	20	14	26	14	23	14	3	24	14	4	3	2	3	3	14	14	14	14	14	14	27	10	2	1	12	14	2	2	14	27	14	14	26	14	26	26	14	7	26	19	2	14	27	3	16	16	2	1	15	1	1	14	14	3	24	14	11	11	14	1	26	18	2	26	14	26	14	3	10	1	23	12	2	23	22	22	14	14	23	11	15	14	14	16	6	27	19	23	27	14	24	20	20	20	14	14	1	23	9	14	3	23	14	20	20	14	9	26	14	7	1	20	20	8	14	9	1	23	26	14	23	4	14	14	14	27	11	14	1	2	2	6	27	18	14	27	21	14	14	17	10	22	27	2	2	1	14	3	23	14	14	8	16	14	25	14	7	27	14	14	1	14	9	1	23	14	14	4	13	27	14	14	3	24	3	1	14	3	5	27	18	7	27	20	8	25	17	17	1	23	2	7	1	23
DESTINATION
3	14	17	2	22	3	2	26	2	14	27	14	14	8	16	14	25	25	14	4	14	9	3	14	9	23	1	20	14	4	13	27	14	14	14	27	1	5	1	14	5	27	18	14	27	20	8	25	23	17	2	27	20	2	14	14	23	16	6	14	27	1	27	23	27	26	3	26	2	2	14	9	16	14	14	2	4	14	14	26	16	26	27	15	9	14	20	5	9	9	9	1	23	14	14	23	4	2	27	20	2	14	2	14	2	14	27	27	7	27	27	8	20	27	26	14	2	14	14	23	14	14	23	23	4	19	8	14	14	27	14	14	27	9	9	5	14	14	14	14	2	2	3	11	14	14	1	2	14	5	5	1	27	4	18	18	18	27	27	1	27	23	20	2	14	14	14	14	1	27	14	14	4	15	4	25	7	16	5	27	11	14	14	25	16	14	14	2	10	4	4	14	5	26	14	14	14	14	14	14	14	1	23	27	20	14	14	23	2	14	5	26	14	15	2	14	2	2	5	14	24	4	8	8	16	23	2	14	14	1	25	14	24	26	14	23	23	12	27	14	14	14	5	14	2	27	14	1	1	11	1	1	8	23	23	14	4	23	14	20	3	14	14	4	1	14	14	14	4	11	27	5	27	27	14	14	1	7	14	3	27	14	14	1	2	23	14	3	3	14	26	27	26	14	4	16	14	14	25	8	27	23	14	23	23	12	14	2	14	14	27	16	23	2	23	7	26	4	5	14	23	2	3	14	7	14	2	26	14	17	16	4	23	13	3	23	2	25	26	26	14	14	27	14	1	10	11	14	23	8	23	22	10	2	14	27	14	3	5	27	2	11	27	27	16	5	1	9	3	14	1	14	14	1	26	4	3	24	4	4	2	27	14	14	5	6	14	14	14	27	14	14	14	24	6	2	8	1	23	10	23	14	12	3	10	3	12	23	12	1	2	8	26	14	3	3	14	12	2	2	1	25	14	4	26	2	23	4	2	14	14	23	23	1	14	7	27	14	14	2	2	2	5	2	1	23	10	1	1	1	17	14	14	17	2	22	23	2	2	14	11	11	3	11	14	27	14	26	25	14	4	26	26	14	2	26	14	3	7	7	14	14	1	23	14	14	26	15	14	1	20	20	23	10	14	14	14	24	14	14	14	2	27	20	14	1	5	2	16	16	19	7	7	7	10	22	14	3	26	14	2	27	3	3	3	23	14	14	26	14	3	3	14	27	15	2	7	1	2	26	1	14	11	14	26	23	7	14	3	9	20	26	2	14	26	5	5	27	7	7	24	14	14	14	3	26	14	14	14	14	14	27	3	3	26	26	24	23	26	14	27	14	14	26	14	26	26	1	1	23	27	23	14	27	1	3	16	20	2	1	15	1	1	26	26	7	14	11	2	14	20	1	26	14	2	26	14	26	14	26	23	4	2	2	15	4	5	23	14	14	23	11	15	14	14	1	23	2	2	3	26	3	3	20	20	14	22	14	1	23	26	16	16	27	14	11	14	14	9	26	14	1	26	20	20	8	23	14	27	24	14	4	3	2	14	14	14	27	11	14	1	2	2	10	10	1	12	14	2	2	14	17	2	22	27	2	2	1	14	7	7	26	2	14	27	14	25	14	5	26	14	14	1	14	14	3	20	24	11	11	14	3	14	14	27	3	3	1	14	3	10	10	23	12	2	23	22	22	17	2	27	16	2	7	1	16	6	14	19	23	27	14	24	25	14	4	16	16	14	14	9	14	3	20	2	20	20	14	9	14	14	27	26	9	14	7	2	1	26	14	1	14	23	4	14	14	2	27	20	2	14	14	14	6	6	14	27	27	21	14	27
DUE_DATE
0	31147	30476	30045	29554	30623	30192	29707	30296	30345	29854	29903	30972	29987	30016	30045	30614	30103	30132	31181	31210	30759	30248	30300	30882	30384	31446	31008	30510	30552	30587	31156	30645	32414	31723	31272	30761	30790	30819	31388	30887	31936	31485	30974	31003	31032	31061	31630	32859	32168	31719	31200	32241	31242	31263	31284	31305	33066	33087	31908	31389	31410	32451	33192	32527	32096	32625	32194	31703	31752	31785	31812	32379	33606	33633	32940	32967	32514	33741	33048	33075	32082	33126	32670	32154	32178	32202	32226	32790	34014	34038	34062	33366	32935	32972	34209	33526	32543	32580	33637	33194	32717	32776	32835	32894	34693	34717	34736	33555	34054	34793	33612	34111	33110	33129	33148	34187	33726	33205	33764	33243	33317	35116	33435	34514	34093	35325	34632	34179	35406	33693	33720	34767	34794	34341	34368	33855	33891	33924	35697	35010	34563	34056	35109	35142	35895	34174	35930	35226	34762	34238	34794	34270	34286	36042	35338	34874	34350	34366	35402	36138	34954	36170	35466	35031	34524	34557	34590	34623	34656	36429	35742	36495	35340	34842	35904	35946	36708	36030	35592	35091	35124	36177	35730	35223	35796	35829	37062	37095	35925	35412	35979	37206	36513	35520	36567	36114	35601	35628	37395	35695	36272	37509	37546	36863	36420	35917	36974	37731	37044	36057	36090	37143	36696	36189	36222	36255	36281	36844	38067	38090	38113	37416	36959	38182	37005	38228	36511	36534	37577	37121	36604	36627	37190	36673	36696	37739	38482	37305	36788	37831	38574	37877	36885	37932	37479	37506	36993	37560	37047	37074	38121	38868	37695	37177	37196	37755	38974	38273	39012	38311	37850	37329	38368	37907	37386	37405	37964	39183	37507	37556	39345	38674	39443	38772	38837	38416	37935	37994	39073	38107	38696	38205	39994	38843	40092	38385	38412	39459	39006	40233	39540	39087	38574	39621	39168	39195	38681	38704	39267	40490	40513	38796	39839	40582	39885	40628	39451	39474	38957	38977	40736	40035	39034	39053	40812	40831	39650	39129	40168	40187	40206	39745	39764	39783	39300	39342	39384	41166	39468	39510	41292	41327	40636	40185	39674	41443	41472	40781	40330	40839	40388	39907	39956	41025	40054	40103	40692	40731	41964	40257	40290	42063	41376	40929	42162	41475	41035	41072	40569	41626	40643	41220	40717	41294	42540	40842	40884	42666	41988	42750	42072	41640	41142	42204	41766	41268	41850	41352	42427	43196	41505	41554	43343	42672	42711	43464	42777	42330	41823	42876	41889	42462	41955	41981	42544	42027	43790	43093	42636	42119	43882	42705	43928	42211	42234	43277	42847	42896	42945	42454	42503	44292	44397	42756	43875	43440	43962	44724	44046	43068	43110	44892	44277	43896	43995	43481	45244	45267	43550	44593	44136	44159	45382	44685	43688	43711	43734	45497	44815	44372	44409	43906	43943	45720	45757	44054	44107	45176	45225	45994	45323	44892	44457	46296	45675	45257	45316	44835	44894	46693	45017	45076	46155	46934	46993	46377	47196	46095	45591	45624	46677	46230	46263	45756	46329	47562	45855	45895	47672	46989	46546	47063	46620	46117	47174	46735	46232	46269	46306	46883	48120	48157	46454	48257	47596	47175	47714	47773	48547	46856	47925	47494	47003	47052	47095	47132	47709	48946	48983	48300	47857	47354	48399	49140	47961	47442	48483	48024	49245	47526	47547	48108	49329	47610	47631	48672	48297	49596	48975	49735	48032	48069	48106	49883	49200	48757	48254	48295	50072	50109	48946	48443	49500	49537	50294	49627	49196	49245	48754	48803	50592	50622	48906	48930	50694	49998	49542	49026	50070	50094	50838	50142	49146	49725	49212	49239	51006	50313	49860	49347	49914	51141	49968	49455	50515	51272	50109	51346	50183	49680	49717	50774	50331	49824	50397	49890	51663	49956	49989	51762	51075	51835	51152	51909	51226	50783	50280	51337	50894	50385	50952	50439	52206	50493	50520	50547	52314	51621	51648	52395	51727	51296	50805	51874	51443	50952	51522	51006	52050	52794	51078	52842	52146	51690	52914	51738	52962	51246	51295	52352	51909	51406	51443	51480	53257	53294	51585	51612	52659	52686	53433	52740	52287	51774	51801	53568	52395	51882	51906	53670	53694	52998	52542	52026	53790	53094	53118	52662	53166	52735	52232	52269	54046	52343	52380	54157	54194	53511	53064	52557	54330	53643	54396	53229	53742	53295	52817	52876	54675	52994	53053	53075	54832	54129	53666	53143	53700	54917	54214	53211	54248	53785	53262	54299	53296	53853	53330	55087	53957	53476	53535	55334	54673	55435	54752	54789	54826	54383	53880	54937	53954	54557	54076	55875	54734	54253	54291	56064	55377	56130	55443	55476	55029	54522	54555	55605	54612	55179	54666	56433	55260	54747	56514	55821	56568	56595	55952	55546	55080	55154	56205	55212	55239	55266	57033	57060	55887	55374	55401	57168	55995	56627	57496	57535	56852	56409	55906	56963	57000	57757	57794	57872	56206	57300	57374	58125	57432	58179	58206	57033	56520	57567	58314	57621	58368	57675	58697	57597	57156	57255	59031	59064	57897	58410	59163	59196	58509	58062	57555	58627	58676	59445	59494	58343	57852	57917	58516	59775	59834	59173
TRANSPORT_MODE
0	2	2	1	1	2	0	0	0	1	1	1	1	0	0	0	2	2	1	1	1	0	0	0	2	1	1	1	2	0	0	0	2	1	1	1	1	0	0	0	0	2	1	1	1	2	0	0	2	1	1	1	1	0	0	0	0	3	3	1	1	1	0	0	0	0	2	1	1	1	0	0	0	3	3	1	1	1	0	0	0	2	1	1	1	1	0	0	0	3	3	1	1	1	0	0	0	0	2	1	1	1	1	0	0	3	3	1	1	1	0	0	0	0	1	2	1	1	1	0	0	0	3	1	1	1	0	0	0	0	2	2	1	1	1	0	0	0	1	3	1	1	1	0	0	0	2	2	1	1	1	0	0	0	3	1	1	1	1	0	0	0	2	2	1	1	1	0	0	0	0	1	3	1	1	1	0	0	0	1	2	1	1	0	0	0	1	3	3	1	1	0	0	0	0	1	2	1	1	1	0	0	3	3	1	1	1	0	0	0	0	1	2	1	1	1	0	0	0	3	3	1	1	1	0	0	0	0	1	2	1	1	1	0	0	0	1	3	1	1	0	0	0	1	2	2	1	1	0	0	0	1	3	1	1	1	0	0	0	2	2	1	1	1	0	0	0	1	3	1	1	1	0	0	0	2	2	1	1	1	0	0	0	0	1	3	1	1	1	0	0	0	1	2	1	1	0	0	0	1	3	3	1	1	0	0	0	0	1	2	1	1	1	0	0	3	3	1	1	1	0	0	0	0	1	2	1	1	1	0	0	3	3	1	1	1	0	0	0	0	1	2	1	1	1	0	0	0	1	3	1	1	0	0	0	0	1	2	2	1	1	0	0	0	1	3	1	1	1	0	0	2	2	1	1	1	0	0	0	0	3	1	1	1	1	0	0	0	2	2	1	1	1	0	0	0	1	3	1	1	1	0	0	0	1	0	2	1	1	0	0	0	3	3	1	1	1	0	0	0	1	2	1	1	1	0	0	3	3	1	1	1	0	0	0	0	2	1	1	1	1	0	0	0	3	3	1	1	1	0	0	0	2	1	1	1	0	1	0	0	3	1	1	1	0	0	0	0	2	2	1	1	1	0	0	0	3	1	1	1	2	0	0	2	1	1	1	1	0	0	0	0	3	1	1	1	2	0	0	0	2	1	1	1	1	0	0	0	3	1	1	1	1	0	0	0	2	1	1	3	0	0	0	3	1	1	1	1	0	0	0	0	2	1	1	1	0	0	0	3	3	1	1	1	0	0	0	0	2	1	1	1	3	0	0	3	1	1	1	1	0	0	0	0	2	1	1	1	1	0	0	0	3	1	1	1	0	0	0	2	2	1	1	1	0	0	0	3	1	1	1	0	0	0	0	2	2	1	1	1	0	0	0	3	1	1	1	1	0	0	0	2	2	1	1	1	0	0	0	0	3	1	1	1	1	0	0	0	2	1	1	1	0	0	0	3	3	1	1	1	0	0	0	2	1	1	1	0	0	0	3	3	1	1	1	0	0	0	0	2	1	1	1	1	0	0	3	3	1	1	1	0	0	0	0	2	1	1	1	1	0	0	0	3	1	1	1	0	0	0	2	2	1	1	1	0	0	0	3	1	1	1	0	0	0	0	2	2	1	1	1	0	0	0	3	1	1	1	1	0	0	0	2	2	1	1	1	0	0	0	3	1	1	1	1	0	0	0	2	1	1	1	0	0	0	3	3	1	1	1	0	0	0	0	3	1	1	1	0	0	0	3	3	1	1	1	0	0	0	3	1	1	1	3	0	0	0	3	1	1	1	1	0	0	0	0	3	1	1	1	1	0	0	3	1	1	1	0	0	0	0
PATIENT_WEIGHT
47	80	105	79	64	147	129	69	46	63	45	39	141	64	115	93	80	40	98	131	117	128	36	105	120	91	142	31	89	138	87	58	88	115	63	51	69	127	116	81	44	136	146	56	60	146	102	75	116	143	88	67	39	139	39	40	40	73	123	88	126	84	46	51	66	129	141	61	46	45	77	88	53	146	101	98	149	122	133	57	149	126	131	48	71	118	44	31	80	109	97	147	51	112	112	103	93	123	46	99	124	95	77	132	103	127	36	59	150	36	54	107	44	124	35	116	120	137	147	78	51	86	34	133	103	123	119	143	35	37	55	61	95	84	54	30	42	118	34	43	148	57	99	37	50	49	45	74	48	119	118	43	48	99	123	77	64	122	82	128	123	78	130	58	45	148	57	148	123	146	80	48	118	47	119	85	94	54	113	146	89	37	81	83	143	46	89	107	130	89	118	73	75	107	113	43	45	49	135	128	70	72	52	148	59	71	74	62	51	124	116	89	56	78	63	92	53	31	149	110	49	90	121	56	38	30	117	106	119	58	136	126	32	135	109	101	116	40	72	64	77	123	136	73	74	125	40	118	71	97	45	81	98	138	148	99	111	109	99	64	92	49	114	82	35	108	76	114	92	93	103	145	115	76	35	80	60	145	97	92	98	45	95	124	55	116	150	109	145	42	107	77	40	44	49	102	30	142	33	58	71	59	110	42	74	101	88	100	121	35	126	48	55	93	86	87	32	63	56	33	95	70	118	120	109	47	128	54	98	87	101	54	128	58	63	111	45	86	103	100	85	49	139	130	140	45	47	127	116	31	49	117	124	137	52	31	104	89	117	132	40	33	115	33	133	84	105	89	71	76	105	121	122	80	55	117	140	32	60	119	79	33	137	144	34	91	98	131	47	107	120	148	128	47	150	108	135	106	99	55	91	65	54	149	37	75	124	31	68	77	58	82	102	45	129	82	136	35	121	148	44	116	114	32	145	129	103	137	97	131	88	66	59	74	71	137	96	44	103	48	128	120	149	49	141	30	111	76	55	56	145	87	131	70	134	148	80	42	121	42	146	34	33	46	53	32	109	62	119	34	47	124	124	57	76	149	113	74	125	42	39	100	77	131	97	149	116	106	34	43	57	38	30	50	135	68	130	46	81	56	147	39	107	120	124	92	77	108	39	96	150	76	61	45	94	91	88	90	78	73	62	93	36	51	43	137	97	85	61	83	44	91	96	56	53	150	72	67	70	34	146	129	128	111	143	97	82	89	118	116	138	53	92	52	33	64	42	141	93	98	149	148	123	67	145	92	89	86	35	119	41	83	96	79	113	80	49	83	38	123	118	59	81	82	80	48	60	68	145	78	135	72	42	105	110	79	34	54	143	86	101	30	91	66	52	131	57	146	44	101	37	46	67	87	113	30	130	39	37	132	31	74	78	87	32	93	78	106	114	77	58	70	108	101	131	56	30	150	62	88	72	141	92	139	98	63	131	93	87	109	97	59	126	93	65	121	82	101	32	81	40	98	45	77	85	51	113	104	43	45	114	75	82	69	86	78	123	145	68	53	96	137	127	32	70	116	106	124	38	63	69	132	132	147	60	123	79	67	39	87	120	144	57	46	97	61	53	144	144	36	67	85	127	36	142	97	72	138	113	116	117	77	75	109	105	34	89	112	30	141	135	71	37	113	89	89	45	60	76	81	115	60	136	119	79	112	114	45	68	137	141	115	101	122	46	146	68	60	106	63	36	34	42	77	125	59	130	95	88	42	62	138	64	98	46	87	107	87	102	100	38	49	73	69	73	131	136	88	91	82	89	92	103	148	121	131	93	76	40	54	81
DISTANCE_MATRIX
0	360	318	300	288	276	264	264	150	150	150	60	90	90	162	168	204	228	234	312	360	408	348	318	168	192	168	318
360	60	264	318	324	342	342	342	348	348	354	360	372	378	378	420	420	480	462	498	462	462	384	420	372	420	378	378
318	264	60	270	276	288	288	288	294	294	294	318	318	324	324	414	414	468	462	486	462	462	330	366	366	408	372	324
300	318	270	60	276	288	288	288	288	288	288	300	300	312	318	408	408	468	462	486	438	438	318	360	360	402	360	312
288	324	276	276	60	276	276	276	276	276	276	288	288	300	300	402	396	462	456	480	432	432	300	360	360	402	348	300
276	342	288	288	276	60	180	180	252	258	264	264	264	288	288	390	390	456	450	480	432	432	288	348	348	348	288	288
264	342	288	288	276	180	60	180	246	258	264	264	264	288	288	390	390	456	450	480	432	432	288	348	348	348	288	288
264	342	288	288	276	180	180	60	240	258	264	264	264	288	288	390	390	456	450	480	432	432	288	348	348	348	288	288
150	348	294	288	276	252	246	240	60	120	120	150	126	270	270	378	384	420	438	480	420	408	276	300	300	300	276	270
150	348	294	288	276	258	258	258	120	60	120	150	150	270	270	378	384	420	438	480	420	408	276	300	300	300	276	270
150	354	294	288	276	264	264	264	120	120	60	150	150	270	270	378	384	420	438	480	420	408	276	300	300	300	276	270
60	360	318	300	288	264	264	264	150	150	150	60	90	162	168	228	234	312	360	408	348	318	168	192	192	198	168	162
90	372	318	300	288	264	264	264	150	150	150	90	60	162	168	228	234	312	360	408	348	318	168	192	192	198	168	162
90	378	324	312	300	288	288	288	270	270	270	162	162	60	120	180	180	306	210	360	300	300	120	180	120	180	120	234
162	378	324	318	300	288	288	288	270	270	270	168	168	120	60	180	180	306	210	360	300	300	120	180	120	180	120	120
168	420	414	408	402	348	348	348	300	300	300	228	228	180	180	60	132	204	132	348	258	258	186	60	180	132	222	180
204	420	414	408	396	390	390	390	384	384	384	234	234	180	180	132	60	204	132	348	258	258	186	60	180	132	222	180
228	480	468	468	462	456	456	456	420	420	420	312	312	306	306	204	204	60	198	120	240	240	306	204	306	138	306	306
234	462	462	462	456	450	450	450	438	438	438	360	360	210	210	132	132	198	60	138	132	132	210	132	210	132	210	210
312	498	486	486	480	480	480	480	480	480	480	408	408	360	360	348	348	120	138	60	348	348	360	348	360	348	360	360
360	462	462	438	432	432	432	432	420	420	420	348	348	300	300	258	258	240	132	348	60	60	300	258	300	258	300	300
408	462	462	438	432	432	432	432	408	408	408	318	318	300	300	258	258	240	132	348	60	60	300	258	300	258	300	300
348	384	330	318	300	288	288	288	276	276	276	168	168	120	120	186	186	306	210	360	300	300	60	186	120	186	120	120
318	420	366	360	360	348	348	348	300	300	300	192	192	180	180	60	60	204	132	348	258	258	186	60	180	60	180	180
168	372	300	306	300	288	288	288	270	270	270	168	168	120	120	180	180	306	210	360	300	300	120	180	60	180	120	120
192	420	408	402	402	348	348	348	300	300	300	198	198	180	180	132	132	138	132	348	258	258	186	60	180	60	180	180
168	378	372	360	348	288	288	288	276	276	276	168	168	120	120	222	222	306	210	360	300	300	120	180	120	180	60	120
318	378	324	312	300	288	288	288	270	270	270	162	162	234	120	180	180	306	210	360	300	300	120	180	120	180	120	60
DEPOTS_DISTANCE
234	462	462	462	456	450	450	450	438	438	438	360	360	210	210	132	132	198	60	138	132	132	210	132	210	132	210	210	
348	384	330	318	300	288	288	288	276	276	276	168	168	120	120	186	186	306	210	360	300	300	60	186	120	186	120	120	
318	420	366	360	360	348	348	348	300	300	300	192	192	180	180	60	60	204	132	348	258	258	186	60	180	60	180	180	
LOCATION_TURN_MATRIX
100	130	122	113	112	199	136	122	129	152	173	146	151	136	158	140	176	113	122	167	194	134	110	172	114	184	100	147	
170	100	154	188	164	169	136	136	152	170	104	183	155	115	101	104	155	187	174	115	149	134	178	168	114	135	168	102	
178	146	100	161	178	114	104	165	117	139	126	169	192	109	120	179	160	152	154	134	113	140	154	179	196	196	192	181	
187	112	139	100	158	114	195	181	104	132	195	106	183	169	132	170	140	136	172	148	116	110	123	136	151	120	176	169	
188	136	122	142	100	175	164	159	112	100	167	164	135	191	132	181	104	123	142	156	108	117	193	182	116	147	156	185	
101	131	186	186	125	100	190	147	164	150	137	102	145	176	185	131	113	108	117	186	118	151	140	178	154	189	172	110	
164	164	196	105	136	110	100	186	153	151	183	193	111	157	144	123	188	142	110	163	105	190	166	187	170	171	186	126	
178	164	135	119	141	153	114	100	106	130	108	103	151	178	122	151	130	133	184	177	110	141	166	110	122	174	191	197	
171	148	183	196	188	136	147	194	100	167	100	146	168	129	128	142	172	118	174	147	105	158	156	160	120	106	119	136	
148	130	161	168	200	150	149	170	133	100	177	106	175	116	188	180	176	194	108	146	130	187	183	173	128	141	169	176	
127	196	174	105	133	163	117	192	200	123	100	171	175	140	183	115	104	186	128	153	151	175	100	146	191	117	132	197	
154	117	131	194	136	198	107	197	154	194	129	100	136	184	140	147	172	184	148	131	103	156	185	200	152	158	154	143	
149	145	108	117	165	155	189	149	132	125	125	164	100	140	199	142	101	144	163	185	117	191	200	143	113	165	102	154	
164	185	191	131	109	124	143	122	171	184	160	116	160	100	109	116	196	113	131	186	166	139	183	175	144	161	105	170	
142	199	180	168	168	115	156	178	172	112	117	160	101	191	100	147	177	177	199	158	172	188	164	175	180	168	154	195	
160	196	121	130	119	169	177	149	158	120	185	153	158	184	153	100	152	159	197	157	181	159	102	123	168	200	124	186	
124	145	140	160	196	187	112	170	128	124	196	128	199	104	123	148	100	149	114	112	117	135	105	132	138	180	198	156	
187	113	148	164	177	192	158	167	182	106	114	116	156	187	123	141	151	100	166	132	168	163	159	123	129	173	161	116	
178	126	146	128	158	183	190	116	126	192	172	152	137	169	101	103	186	134	100	184	199	137	130	160	148	113	140	150	
133	185	166	152	144	114	137	123	153	154	147	169	115	114	142	143	188	168	116	100	111	195	128	157	191	164	141	171	
106	151	187	184	192	182	195	190	195	170	149	197	183	134	128	119	183	132	101	189	100	129	151	163	147	166	104	177	
166	166	160	190	183	149	110	159	142	113	125	144	109	161	112	141	165	137	163	105	171	100	101	185	169	129	103	197	
190	122	146	177	107	160	134	134	144	117	200	115	100	117	136	198	195	141	170	172	149	199	100	106	150	116	118	145	
128	132	121	164	118	122	113	190	140	127	154	100	157	125	125	177	168	177	140	143	137	115	194	100	128	167	115	155	
186	186	104	149	184	146	130	178	180	172	109	148	187	156	120	132	162	171	152	109	153	131	150	172	100	155	124	184	
116	165	104	180	153	111	129	126	194	159	183	142	135	139	132	100	120	127	187	136	134	171	184	133	145	100	129	192	
200	132	108	124	144	128	114	109	181	131	168	146	198	195	146	176	102	139	160	159	196	197	182	185	176	171	100	146	
153	198	119	131	115	190	174	103	164	124	103	157	146	130	105	114	144	184	150	129	123	103	155	145	116	108	154	100	
DEPOTS_TO_LOCAL_TURN_MATRIX
178	126	146	128	158	183	190	116	126	192	172	152	137	169	101	103	186	134	100	184	199	137	130	160	148	113	140	150	
190	122	146	177	107	160	134	134	144	117	200	115	100	117	136	198	195	141	170	172	149	199	100	106	150	116	118	145	
128	132	121	164	118	122	113	190	140	127	154	100	157	125	125	177	168	177	140	143	137	115	194	100	128	167	115	155	
LOCAL_TO_DEPOT_TURN_MATRIX
122	174	154	172	142	117	110	184	174	108	128	148	163	131	199	197	114	166	100	116	101	163	170	140	152	187	160	150	
110	178	154	123	193	140	166	166	156	183	100	185	200	183	164	102	105	159	130	128	151	101	100	194	150	184	182	155	
172	168	179	136	182	178	187	110	160	173	146	200	143	175	175	123	132	123	160	157	163	185	106	100	172	133	185	145	

