INDEX_PROBLEM
1
PATIENTS
800
STRETCHERS
16
NUM_ROOM
28
NUM_DEPOT
3
NUM_PRIORITY
4
PRIORITY_LIST
0	1	2	3	4
PRIORITY_WEIGHT
0	1	10	18	30
PRIORITY_JOB
0	2	2	3	1	2	2	3	2	3	3	2	2	3	3	3	4	1	2	3	3	3	3	3	4	1	2	3	4	1	3	4	2	2	3	4	1	2	3	3	2	2	3	3	2	2	3	3	3	3	4	1	2	4	3	3	4	1	1	3	3	2	1	1	1	2	2	3	4	1	1	4	3	1	2	3	3	1	2	1	2	2	3	4	1	1	2	3	3	1	2	2	3	4	1	1	2	2	1	2	3	3	1	3	4	3	2	2	3	4	1	2	2	1	1	2	3	3	2	3	4	2	1	2	3	4	1	1	1	2	2	3	3	1	2	4	3	2	1	3	4	1	2	1	2	1	2	3	1	2	3	3	3	2	1	1	3	4	2	2	2	1	3	1	2	3	3	4	3	2	3	1	1	3	2	2	2	1	1	3	4	1	2	3	4	2	1	1	3	1	2	1	2	1	4	3	4	1	2	1	3	2	1	2	3	4	1	1	2	1	3	2	3	3	2	2	3	2	3	1	3	4	1	2	1	2	1	2	3	3	2	2	3	4	3	1	3	4	1	2	2	1	3	3	1	2	3	4	2	3	1	1	4	1	2	2	2	1	1	3	1	2	3	3	2	3	3	1	4	2	2	3	2	1	2	1	2	3	3	4	2	3	3	1	1	2	2	3	1	2	1	4	1	2	3	1	4	3	3	1	3	1	2	3	1	2	1	4	1	2	2	1	4	3	2	1	3	1	2	3	1	2	1	3	4	1	2	3	1	3	2	2	3	1	2	2	1	2	1	3	3	2	2	3	3	4	3	3	1	4	1	2	3	2	1	3	2	2	3	1	4	3	3	4	1	2	2	3	1	1	2	2	1	3	3	1	2	3	3	1	4	1	2	2	3	1	2	3	1	2	4	4	2	3	1	1	1	2	2	3	2	1	2	3	3	1	2	3	3	4	1	1	1	3	2	2	1	2	1	3	4	1	2	1	3	4	3	1	3	3	1	2	1	2	1	3	3	4	1	1	2	3	3	2	2	3	1	1	2	1	2	2	3	3	2	2	3	3	4	1	3	4	1	2	1	2	1	2	3	3	2	2	3	3	4	1	3	4	1	2	1	1	3	3	1	2	3	3	2	2	3	1	4	4	1	2	1	2	1	2	3	1	2	3	2	3	3	1	1	3	3	2	1	2	1	2	3	4	1	4	3	3	1	1	2	3	3	2	1	1	4	2	2	3	4	1	3	2	1	1	2	3	3	1	2	1	3	1	2	3	4	1	3	2	3	1	2	2	3	2	1	1	3	4	1	2	3	2	4	3	2	1	2	3	3	1	2	1	1	2	3	3	2	3	4	3	2	1	3	4	1	1	1	2	2	3	3	1	2	2	3	3	1	3	4	4	1	1	1	2	2	2	3	1	2	3	3	1	2	1	1	3	3	2	2	1	2	2	3	4	3	4	3	1	1	1	2	3	2	1	1	3	2	2	3	4	3	2	3	1	1	1	2	3	2	1	1	3	3	1	2	3	4	2	3	1	1	2	2	2	1	2	4	3	4	1	2	3	3	3	4	1	2	2	3	2	1	1	3	1	2	3	3	3	3	2	2	1	2	2	3	4	1	1	1	2	3	3	1	3	3	2	2	1	2	3	4	1	1	2	2	2	3	4	3	1	3	4	1	1	1	2	3	2	2	2	1	2	3	3	1	3	3	4	3	1	1	2	3	3	1	1	2	1	2	2	3	1	1	1	1	4	1	2	3	2	1	2	2	1	3	1	2	1	1	1	2	1	3	4	2	1	1	1	2	1	2	3	4	1	1	1	2	1	2	3	3	1	2	1	2
TIME_ASKED
0	28849	28898	28947	28996	29045	29094	29149	29198	29247	29296	29345	29394	29429	29458	29487	29516	29545	29574	29603	29632	29661	29690	29742	29784	29826	29868	29910	29952	29994	30029	30058	30087	30116	30145	30174	30203	30232	30261	30290	30329	30358	30387	30416	30445	30474	30503	30532	30561	30590	30621	30642	30663	30684	30705	30726	30747	30768	30789	30810	30831	30852	30873	30894	30949	30998	31047	31096	31145	31194	31227	31254	31281	31308	31335	31362	31389	31416	31443	31470	31497	31524	31548	31572	31596	31620	31644	31668	31692	31716	31740	31764	31788	31837	31874	31911	31948	31985	32022	32059	32096	32159	32218	32277	32336	32395	32419	32438	32457	32476	32495	32514	32533	32552	32571	32590	32609	32628	32647	32666	32685	32759	32818	32877	32936	32995	33027	33054	33081	33108	33135	33162	33189	33216	33243	33270	33297	33333	33366	33399	33432	33465	33498	33531	33564	33597	33616	33632	33648	33664	33680	33696	33712	33728	33744	33760	33776	33792	33808	33824	33840	33856	33872	33888	33933	33966	33999	34032	34065	34098	34131	34164	34197	34242	34284	34326	34368	34410	34452	34494	34533	34566	34599	34632	34665	34698	34731	34764	34797	34827	34854	34881	34908	34935	34962	34989	35016	35043	35070	35097	35137	35174	35211	35248	35285	35322	35359	35396	35433	35466	35499	35532	35565	35598	35631	35664	35697	35723	35746	35769	35792	35815	35838	35861	35884	35907	35930	35953	35976	35999	36023	36046	36069	36092	36115	36138	36161	36184	36207	36230	36253	36276	36299	36327	36354	36381	36408	36435	36462	36489	36516	36543	36570	36597	36619	36638	36657	36676	36695	36714	36733	36752	36771	36790	36809	36828	36847	36866	36885	36949	36998	37047	37096	37145	37194	37259	37318	37377	37436	37495	37549	37598	37647	37696	37745	37794	37827	37854	37881	37908	37935	37962	37989	38016	38043	38070	38097	38123	38146	38169	38192	38215	38238	38261	38284	38307	38330	38353	38376	38399	38419	38438	38457	38476	38495	38514	38533	38552	38571	38590	38609	38628	38647	38666	38685	38742	38784	38826	38868	38910	38952	38994	39029	39058	39087	39116	39145	39174	39203	39232	39261	39290	39349	39398	39447	39496	39545	39594	39633	39666	39699	39732	39765	39798	39831	39864	39897	39937	39974	40011	40048	40085	40122	40159	40196	40242	40284	40326	40368	40410	40452	40494	40542	40584	40626	40668	40710	40752	40794	40849	40898	40947	40996	41045	41094	41133	41166	41199	41232	41265	41298	41331	41364	41397	41423	41446	41469	41492	41515	41538	41561	41584	41607	41630	41653	41676	41699	41749	41798	41847	41896	41945	41994	42099	42198	42297	42342	42384	42426	42468	42510	42552	42594	42699	42798	42897	42923	42946	42969	42992	43015	43038	43061	43084	43107	43130	43153	43176	43199	43237	43274	43311	43348	43385	43422	43459	43496	43549	43598	43647	43696	43745	43794	43899	43998	44097	44159	44218	44277	44336	44395	44459	44518	44577	44636	44695	44799	44898	44997	45033	45066	45099	45132	45165	45198	45231	45264	45297	45337	45374	45411	45448	45485	45522	45559	45596	45637	45674	45711	45748	45785	45822	45859	45896	45959	46018	46077	46136	46195	46249	46298	46347	46396	46445	46494	46537	46574	46611	46648	46685	46722	46759	46796	46821	46842	46863	46884	46905	46926	46947	46968	46989	47010	47031	47052	47073	47094	47199	47298	47397	47437	47474	47511	47548	47585	47622	47659	47696	47737	47774	47811	47848	47885	47922	47959	47996	48049	48098	48147	48196	48245	48294	48324	48348	48372	48396	48420	48444	48468	48492	48516	48540	48564	48588	48627	48654	48681	48708	48735	48762	48789	48816	48843	48870	48897	48937	48974	49011	49048	49085	49122	49159	49196	49233	49266	49299	49332	49365	49398	49431	49464	49497	49537	49574	49611	49648	49685	49722	49759	49796	49827	49854	49881	49908	49935	49962	49989	50016	50043	50070	50097	50149	50198	50247	50296	50345	50394	50424	50448	50472	50496	50520	50544	50568	50592	50616	50640	50664	50688	50737	50774	50811	50848	50885	50922	50959	50996	51027	51054	51081	51108	51135	51162	51189	51216	51243	51270	51297	51324	51348	51372	51396	51420	51444	51468	51492	51516	51540	51564	51588	51637	51674	51711	51748	51785	51822	51859	51896	51933	51966	51999	52032	52065	52098	52131	52164	52197	52259	52318	52377	52436	52495	52517	52534	52551	52568	52585	52602	52619	52636	52653	52670	52687	52704	52721	52738	52755	52772	52789	52859	52918	52977	53036	53095	53137	53174	53211	53248	53285	53322	53359	53396	53459	53518	53577	53636	53695	53733	53766	53799	53832	53865	53898	53931	53964	53997	54027	54054	54081	54108	54135	54162	54189	54216	54243	54270	54297	54374	54448	54522	54596	54627	54654	54681	54708	54735	54762	54789	54816	54843	54870	54897	55049	55198	55237	55274	55311	55348	55385	55422	55459	55496	55574	55648	55722	55796	55827	55854	55881	55908	55935	55962	55989	56016	56043	56070	56097	56399	56499	56598	56697	56733	56766	56799	56832	56865	56898	56931	56964	56997	57049	57098	57147	57196	57245	57294	57359	57418	57477	57536	57595
ORIGIN
26	16	6	27	19	1	27	23	25	25	23	10	2	14	14	14	23	14	3	23	14	4	26	16	16	26	16	7	27	27	27	7	23	9	1	23	14	14	23	13	14	23	14	3	24	2	14	14	14	6	27	18	7	27	20	8	1	14	17	2	23	12	2	26	14	27	23	14	4	14	4	5	26	1	7	27	19	8	14	3	14	1	23	11	2	23	13	2	23	27	3	24	14	4	5	1	7	1	18	7	27	20	27	1	23	2	17	23	12	2	2	14	14	14	14	4	24	15	4	26	16	6	3	14	7	27	23	14	3	1	10	2	23	12	14	23	14	3	14	14	4	26	16	14	7	23	7	27	20	8	14	23	10	1	23	27	2	23	14	14	14	27	4	24	15	4	26	16	6	24	26	26	14	22	8	3	3	14	17	23	12	2	27	14	3	23	27	14	25	16	5	1	25	14	27	20	8	27	14	14	1	23	20	2	23	13	2	27	14	14	14	14	4	26	16	5	27	18	14	14	20	8	1	3	14	17	14	12	2	23	14	3	23	14	14	27	15	5	26	25	14	4	19	8	27	23	14	1	23	11	2	14	12	2	23	14	14	27	4	4	26	16	5	14	17	7	27	26	8	1	23	14	2	27	4	2	23	13	3	23	14	4	27	11	14	26	16	6	3	26	2	27	23	8	1	22	10	2	23	14	2	23	14	14	27	15	14	26	16	5	1	9	7	27	9	14	27	23	9	1	9	20	2	23	13	2	27	14	5	24	20	4	26	16	6	3	26	14	23	20	8	1	23	10	2	23	12	17	2	14	3	23	14	14	14	15	5	26	25	3	27	26	14	27	23	9	1	16	20	2	17	13	2	23	14	1	24	14	4	27	16	5	27	26	14	26	11	8	1	23	10	1	23	12	2	14	14	3	23	14	14	27	11	4	26	16	6	27	11	7	6	10	14	1	23	20	2	14	4	2	23	14	3	16	14	4	14	7	5	26	16	1	1	26	14	1	23	10	1	3	11	2	14	14	2	23	14	14	27	11	4	26	16	6	27	19	7	27	22	10	14	23	10	12	23	14	14	23	14	3	23	14	4	25	11	14	26	16	7	1	26	14	27	23	9	1	23	11	2	1	14	14	23	14	27	20	20	14	20	16	5	27	18	7	27	20	8	3	14	10	22	23	23	2	2	14	3	23	14	4	24	15	1	25	16	6	27	14	14	12	23	9	1	23	11	2	23	12	2	27	14	3	24	27	14	1	16	5	26	17	7	27	20	3	14	14	10	1	20	20	2	14	13	3	23	14	4	24	15	4	14	25	6	27	14	14	2	14	8	1	23	10	2	23	12	27	14	14	3	23	14	27	11	14	5	26	16	7	27	20	8	14	14	9	1	20	2	14	26	16	2	23	14	3	24	14	4	27	14	14	26	14	2	14	14	7	1	23	10	2	23	12	2	14	14	3	23	14	27	11	23	5	26	16	7	27	19	8	14	14	3	1	23	2	14	14	16	2	23	14	3	24	14	4	1	14	14	27	18	2	26	14	14	1	23	10	1	23	12	2	23	14	14	27	14	27	11	14	2	26	16	6	27	19	7	27	22	14	1	23	10	2	14	16	2	23	14	3	23	14	4	26	14	1	14	16	7	27	14	23	14	23	9	1	23	11	2	23	4	14	27	14	4	27	11	14	1	16	6	27	18	7	27	21	8	24	3	10	2	23	22	23	2	14	3	23	14	14	25	16	1	26	16	7	27	26	14	3	14	9	1	23	11	4	23	13	2	2	14	3	24	14	14	27	1	5	27	18	7	27	20	8	1	14	17	1	23	23	2	7	14
DESTINATION
3	14	17	2	22	23	2	26	14	14	27	14	14	4	25	16	1	25	14	4	9	14	3	14	14	3	16	20	2	23	23	13	27	14	14	27	5	5	1	7	2	1	26	14	2	27	20	8	1	17	2	27	20	2	14	14	14	16	6	14	27	11	27	23	25	23	3	26	14	2	14	14	3	23	20	2	22	14	4	26	16	14	27	15	14	27	7	14	1	23	14	1	26	14	14	23	13	23	27	20	2	14	2	14	27	24	6	27	11	14	27	20	8	1	26	14	2	14	14	3	14	17	23	3	23	2	27	5	26	23	14	14	27	11	8	1	25	14	8	26	14	3	14	2	13	1	20	2	14	14	4	27	14	14	27	18	14	1	8	1	1	23	14	2	14	14	3	14	17	2	14	14	4	2	14	26	26	16	6	27	11	14	23	25	14	4	23	10	14	14	14	23	14	3	2	14	14	2	16	16	14	27	7	14	1	7	14	23	10	1	4	26	14	3	14	14	2	27	4	4	14	14	14	26	16	6	26	11	14	1	25	14	3	26	2	23	14	14	3	14	3	23	22	14	2	27	5	14	27	15	27	20	11	14	1	9	1	23	14	14	3	14	14	2	9	20	2	14	14	14	27	5	27	18	14	14	1	7	14	3	26	14	23	12	2	3	14	17	23	14	14	2	26	14	14	19	14	14	27	8	14	1	25	1	23	11	1	3	14	14	23	14	20	2	17	4	3	27	14	14	17	7	27	1	7	14	23	26	14	2	11	14	3	14	17	23	14	4	27	14	14	14	27	14	14	27	11	6	27	25	14	3	10	10	2	14	14	3	14	26	2	14	4	2	27	14	14	16	7	27	9	7	14	1	26	23	1	26	14	23	14	14	2	14	3	14	20	14	14	27	14	14	27	11	24	20	8	14	3	10	2	23	12	14	3	14	17	2	12	23	17	14	15	14	27	7	27	26	14	14	1	25	14	16	26	14	1	13	14	3	16	24	24	14	4	14	27	14	14	14	20	14	20	8	14	3	26	1	23	12	14	3	14	17	2	22	23	2	2	14	4	27	14	11	7	4	4	1	25	14	4	26	14	14	12	2	3	14	20	24	14	4	2	27	14	14	27	15	14	14	1	1	1	26	23	11	11	2	14	14	14	2	27	20	2	14	14	26	16	14	19	7	7	27	22	25	14	3	26	14	2	14	23	14	14	17	2	4	25	11	27	14	14	27	15	14	27	11	27	23	26	14	1	23	2	14	14	14	3	9	20	2	14	26	16	16	14	14	7	7	27	20	7	14	3	26	14	2	14	14	8	14	17	2	4	4	24	15	14	14	27	14	14	27	11	23	9	9	14	4	2	23	12	16	14	3	16	20	2	14	14	16	5	14	14	7	27	20	3	14	14	1	26	14	2	26	14	23	3	3	14	4	24	15	4	13	14	27	14	14	27	11	14	8	1	14	3	2	23	12	27	14	3	14	20	2	22	14	16	5	26	14	27	27	20	8	14	14	1	26	14	1	26	14	23	2	2	2	27	24	14	4	4	14	27	14	14	27	11	14	1	1	1	23	26	23	12	2	24	3	14	17	2	22	23	2	19	5	14	27	14	27	8	14	14	1	25	14	5	26	14	3	2	23	2	16	20	2	4	1	4	27	14	14	27	20	14	1	14	1	23	26	14	23	12	2	23	14	17	2	27	23	2	7	14	2	26	14	14	27	19	7	27	25	14	4	2	2	14	14	23	3	14	20	2	14	4	26	16	14	14	27	15	14	27	7	14	27	26	14	1	26	2	23	23	14	2	27	20	2	14	14	14	16	6	14	27	7	27	21	8
DUE_DATE
0	30427	30476	30045	31294	30623	30672	30247	30776	30345	30394	30923	30972	30527	30556	30585	30074	31843	31152	30701	30730	30759	30788	30840	30342	32124	31446	31008	30510	32292	31127	30616	31665	31694	31243	30732	32501	31810	31359	31388	31907	31936	31485	31514	32023	32052	31601	31630	31659	31688	31179	32940	32241	31242	31803	31824	31305	33066	33087	31908	31929	32430	33171	33192	33247	32576	32625	32194	31703	33492	33525	31812	32379	33606	32913	32460	32487	33714	33021	33768	33075	33102	32646	32130	33894	33918	33222	32766	32790	34014	33318	33342	32886	32395	34172	34209	33526	33563	34320	33637	33194	33257	34516	33375	32894	33493	33997	34016	33555	33034	34793	34092	34111	34850	34869	34168	33707	33726	34225	33764	33243	34337	35116	34455	34034	33553	35325	35352	35379	34686	34713	34260	34287	35514	34821	33828	34395	34911	35664	34497	33990	35763	35076	35829	35142	35895	35194	34730	35946	35242	34778	34794	34810	35306	36042	36058	34874	34350	35386	35402	35418	36154	34970	36186	35511	35064	35097	34590	35163	35676	35229	36462	36495	35340	35862	35904	35946	36708	36750	35592	35091	36864	36177	35730	35223	36276	37029	37062	35895	37125	36432	37179	36486	37233	35520	36087	35574	37341	36648	37395	36235	36752	37509	36826	36383	35880	37657	37694	37011	37764	36597	37110	36663	36696	37209	37242	36795	37301	36844	38067	36890	36373	38136	37439	38182	37485	38228	37531	37074	37097	37601	37624	37167	36650	37213	38436	37259	36742	38505	37808	37831	38574	37397	37425	38652	37959	37506	36993	38040	37587	38814	38841	37128	38895	38197	38216	38235	38974	38993	37812	39031	38330	37869	37888	38387	37926	37945	39164	37443	38527	38576	38145	38674	39443	38772	39557	38896	38475	38534	38053	39127	38696	38745	39994	40043	39372	39405	38952	40179	39486	40233	38520	40287	39594	39141	40368	38655	39221	39244	40467	39290	40513	39816	39359	40582	39885	40628	38911	40674	39977	39997	40736	39015	39574	40073	40812	39631	40850	40149	39688	40907	40206	40945	39764	39243	41040	40362	39924	41166	40008	40530	40572	40127	41356	40665	40694	41443	40752	41501	40330	40359	40868	40927	40496	40545	40054	40643	40692	41931	40224	41997	41310	40863	41376	42129	40962	41475	41515	41072	42309	40606	41183	41220	40717	42494	41820	41862	41424	42666	42708	42030	42072	42840	41682	41724	42966	42288	41850	41892	43147	41456	43245	42574	42623	42192	43431	42744	42297	43530	42843	41856	41889	42942	42495	43721	43744	43767	43070	43093	42636	43139	43882	43185	42728	42751	43974	43277	42847	42896	42405	44194	44243	44292	43197	43776	43875	44640	43962	44724	43566	43068	44850	44172	44997	43896	43455	44021	45244	44067	44090	45313	44616	45359	44662	45405	44228	44251	43734	45497	45535	44852	44409	44446	44963	45000	44557	45794	45847	45176	45945	45274	45323	44892	44997	45576	45675	45257	45316	44835	46634	45493	45017	46816	46155	46934	46273	47097	46476	46095	46131	46644	46677	46230	46263	45756	47529	46362	45855	47635	46952	47709	47746	46583	46620	47857	47174	46735	46772	47289	47326	46883	48120	46417	46454	48257	47596	48375	47714	48493	47827	47396	48645	47974	47543	48072	47635	47672	48909	48946	47783	47820	48337	49094	48399	49140	48441	47982	47463	49224	47505	48066	48087	49308	49329	48630	48171	48192	48777	49596	49695	47995	49052	49089	48646	48143	49920	48757	49274	50035	50072	49389	48946	48983	50220	49537	50294	49147	50396	49725	49294	48803	50592	49422	49926	49470	50694	49998	50022	49566	50070	50814	50838	49662	49146	50925	50232	49779	50286	49293	49860	50367	51114	50421	49968	49995	51235	50552	51309	51346	50663	50220	50257	50774	50331	49824	50397	50910	51663	50496	49989	51762	51795	51835	51152	51189	50746	50783	52020	51337	51374	50925	50952	52179	51006	50493	50520	52287	52314	52341	51648	51675	51727	51296	52545	51874	51443	51492	52722	52026	52770	52794	51618	51642	52146	52170	52914	52218	52242	51786	51295	51872	51369	51946	53183	53220	53257	52574	52125	52632	53379	53406	52233	52740	52767	52314	51801	52368	52875	52422	53646	53670	53694	52998	52542	53046	53790	53814	52638	52662	53886	53215	52772	52269	53326	52883	54120	54157	53474	53511	53544	54297	53610	52623	53196	52689	54462	53775	53357	53416	53475	52994	54793	54095	54112	53649	54146	54883	54900	53717	54934	54231	53768	53785	53802	53819	54316	54333	55070	54367	54437	54016	53535	55334	55393	55435	54752	54309	54346	55583	54420	54457	54974	55037	55816	55155	54734	54253	56031	56064	55377	55410	55443	54996	54489	55062	56295	55125	54612	56379	56406	56433	55740	55287	55794	55821	55848	56595	55952	55546	55620	56894	55725	55752	55239	55806	57033	57060	56367	55914	55941	57168	57195	56627	57496	56815	56852	56409	57646	57683	57720	57757	56054	57872	57226	56820	57374	58125	57432	57459	58206	57033	58260	57567	58314	58341	58368	57675	58697	57597	57156	58275	59031	59064	59097	58410	59163	58476	58029	57522	59295	59347	59396	58725	59494	58823	58392	58457	59716	59055	59834	59173
TRANSPORT_MODE
0	2	2	1	1	1	0	0	0	2	1	1	1	2	0	0	2	1	1	1	2	0	0	0	0	1	1	1	1	2	0	0	2	1	1	1	2	0	0	0	0	1	1	1	1	2	0	0	0	1	1	1	1	0	0	0	0	3	3	1	1	1	0	0	0	0	2	1	1	1	3	0	0	3	1	1	1	2	0	0	0	1	1	1	1	3	0	0	0	3	1	1	1	1	0	0	0	0	2	1	1	1	3	0	0	0	1	1	1	1	0	0	0	0	2	2	1	1	1	0	0	0	3	1	1	1	2	0	0	0	2	1	1	1	1	0	0	0	3	1	1	1	2	0	0	0	2	1	1	1	1	0	0	0	0	3	1	1	1	1	0	0	2	1	1	1	0	0	0	0	0	3	3	1	1	1	0	0	0	2	1	1	1	1	0	0	3	3	1	1	1	0	0	0	0	2	1	1	1	3	0	0	3	1	1	1	1	0	0	0	0	2	1	1	1	1	0	0	0	3	1	1	1	0	0	0	0	2	2	1	1	1	0	0	0	3	1	1	1	1	0	0	2	2	1	1	1	0	0	0	0	3	1	1	1	2	0	0	0	2	1	1	1	1	0	0	0	3	1	1	1	2	0	0	0	1	1	1	1	0	0	0	0	3	3	1	1	1	0	0	0	2	1	1	1	3	0	0	0	3	1	1	1	1	0	0	0	2	1	1	1	3	0	0	0	3	1	1	1	1	0	0	0	2	1	1	1	0	3	0	0	1	1	1	1	0	0	0	0	2	2	1	1	1	0	0	0	0	3	1	1	1	2	0	0	2	1	1	1	3	0	0	0	1	1	1	1	2	0	0	0	2	1	1	1	3	0	0	0	0	1	1	1	1	2	0	0	1	1	1	1	0	0	0	0	3	3	1	1	2	0	0	0	0	1	1	1	1	0	0	0	3	3	1	1	1	0	0	0	2	1	1	1	3	0	0	0	3	1	1	1	1	0	0	0	2	1	1	1	3	0	0	0	1	1	1	1	0	0	0	0	2	2	1	1	1	0	0	0	3	1	1	1	0	0	0	0	2	2	1	1	1	0	0	0	3	1	1	1	1	0	0	2	2	1	1	0	1	0	0	0	3	1	1	1	1	0	0	0	2	1	1	1	0	0	0	0	3	3	1	1	1	0	0	0	2	1	1	1	0	0	0	3	3	1	1	1	0	0	0	0	2	1	1	1	1	0	0	3	3	1	1	1	0	0	0	0	2	1	1	1	1	0	0	0	3	1	1	1	0	0	0	0	2	1	2	1	1	0	0	0	3	1	1	1	0	0	0	2	2	1	1	1	0	0	0	1	3	1	1	1	0	0	0	2	2	1	1	1	0	0	0	3	1	1	1	1	0	0	0	2	1	1	1	0	0	0	0	1	3	3	1	1	0	0	0	2	1	1	1	0	0	0	3	3	1	1	1	0	0	0	2	1	1	1	1	0	0	0	3	3	1	1	1	0	0	0	0	2	1	1	1	1	0	0	3	1	1	1	0	0	0	0	2	2	1	1	1	0	0	0	3	1	1	1	0	0	0	2	2	1	1	1	0	0	0	0	3	1	1	1	1	0	0	2	2	1	1	1	0	0	0	0	3	1	1	1	2	0	0	2	1	1	1	0	1	0	0	0	3	3	1	1	1	0	0	0	2	1	1	1	0	0	0	0	3	3	1	1	1	0	0	0	3	1	1	1	3	0	0	3	1	1	1	1	0	0	0	0	3	1	1	1	3	0	0	0	3	1	1	1	1	0	0	0	3	1	1	1	1	0	0	0	3	1	1	1	0	0	0	0
PATIENT_WEIGHT
130	48	141	49	135	93	48	141	39	130	45	135	118	101	139	150	41	37	82	68	89	72	74	73	124	128	97	148	126	39	32	63	101	109	145	68	40	138	44	72	42	81	123	129	37	50	88	107	42	119	66	62	101	82	104	132	94	122	130	83	125	60	40	145	146	79	135	67	114	74	89	68	67	129	134	50	141	44	150	47	53	98	140	135	118	89	96	110	96	115	118	125	89	129	97	124	132	146	118	35	72	114	73	73	67	94	88	81	115	148	105	125	149	45	98	104	60	89	38	81	100	118	101	131	139	150	118	35	94	52	118	74	129	143	118	118	118	70	84	53	138	147	145	53	54	47	36	80	55	87	104	80	83	35	130	143	102	40	75	107	109	105	30	129	64	43	146	128	47	86	129	139	30	83	76	112	121	97	44	92	133	94	49	103	83	59	71	45	144	130	102	102	130	95	77	41	30	115	138	116	48	31	123	62	41	75	75	90	112	102	72	128	85	30	62	143	144	142	98	121	68	58	88	149	126	67	94	83	40	58	130	53	67	87	123	69	148	127	140	74	43	103	117	88	106	126	141	115	118	120	76	59	124	123	38	112	66	37	30	139	144	72	129	125	60	55	108	125	68	123	132	51	48	114	126	37	143	65	58	140	76	37	58	48	52	145	100	131	77	91	146	109	110	65	122	33	43	65	88	137	71	128	67	62	101	81	112	52	118	110	52	64	150	99	128	121	45	142	141	50	43	52	99	90	134	100	143	36	114	148	115	72	98	57	67	78	145	88	131	99	83	144	95	132	84	99	58	101	98	99	81	61	33	137	145	124	81	60	120	58	145	115	142	55	149	148	81	127	134	67	150	78	97	90	33	106	32	38	81	112	116	148	45	94	54	129	48	37	76	33	102	119	100	51	62	128	65	97	72	127	67	73	140	120	138	46	114	100	85	125	72	109	62	44	86	101	90	97	133	55	107	134	85	76	89	104	41	118	46	45	95	73	62	89	82	85	110	78	45	48	52	65	121	43	47	96	129	100	102	58	58	96	134	77	40	88	75	37	33	107	47	36	126	120	40	137	95	68	97	106	124	62	42	33	51	44	65	36	36	56	40	111	97	44	31	143	34	33	46	143	70	47	115	130	78	106	129	36	83	78	132	37	58	32	128	126	119	36	67	110	144	128	45	91	98	84	50	89	77	32	38	118	121	100	128	79	132	49	77	40	100	77	62	127	41	93	145	106	49	75	69	101	149	101	59	127	109	148	30	125	33	143	70	86	39	63	31	49	75	99	142	58	31	95	69	138	44	81	76	126	145	116	79	144	137	85	78	80	62	68	101	65	105	149	100	130	86	92	122	109	104	72	70	43	61	37	97	74	129	91	96	99	83	101	149	121	149	109	140	67	37	35	150	142	124	70	75	72	114	147	64	143	72	48	120	123	88	125	55	129	143	85	89	103	42	63	147	101	48	37	131	46	91	145	146	34	44	66	51	89	136	39	141	106	35	146	38	147	45	30	148	43	56	116	113	69	126	143	130	39	31	90	109	38	100	59	74	79	65	95	34	82	122	129	66	128	125	103	43	88	116	105	125	49	95	61	79	53	34	61	55	93	63	97	53	31	111	75	74	91	55	48	132	40	138	44	148	122	71	123	77	126	86	147	109	111	86	107	50	113	149	111	129	115	42	61	85	119	119	77	75	34	89	89	92	30	104	85	139	31	67	117	104	41	112	142	134	131	44	65	51	30	93	125	144	59	112	66	90	102	88	64	95	46	33	115	83	96	44	83	57	45	113	40	82	63	91	130	68	103	30	71	145	144	132	90	40	59	76	38	95
DISTANCE_MATRIX
0	360	318	300	288	276	264	264	150	150	150	60	90	90	162	168	204	228	234	312	360	408	348	318	168	192	168	318
360	60	264	318	324	342	342	342	348	348	354	360	372	378	378	420	420	480	462	498	462	462	384	420	372	420	378	378
318	264	60	270	276	288	288	288	294	294	294	318	318	324	324	414	414	468	462	486	462	462	330	366	366	408	372	324
300	318	270	60	276	288	288	288	288	288	288	300	300	312	318	408	408	468	462	486	438	438	318	360	360	402	360	312
288	324	276	276	60	276	276	276	276	276	276	288	288	300	300	402	396	462	456	480	432	432	300	360	360	402	348	300
276	342	288	288	276	60	180	180	252	258	264	264	264	288	288	390	390	456	450	480	432	432	288	348	348	348	288	288
264	342	288	288	276	180	60	180	246	258	264	264	264	288	288	390	390	456	450	480	432	432	288	348	348	348	288	288
264	342	288	288	276	180	180	60	240	258	264	264	264	288	288	390	390	456	450	480	432	432	288	348	348	348	288	288
150	348	294	288	276	252	246	240	60	120	120	150	126	270	270	378	384	420	438	480	420	408	276	300	300	300	276	270
150	348	294	288	276	258	258	258	120	60	120	150	150	270	270	378	384	420	438	480	420	408	276	300	300	300	276	270
150	354	294	288	276	264	264	264	120	120	60	150	150	270	270	378	384	420	438	480	420	408	276	300	300	300	276	270
60	360	318	300	288	264	264	264	150	150	150	60	90	162	168	228	234	312	360	408	348	318	168	192	192	198	168	162
90	372	318	300	288	264	264	264	150	150	150	90	60	162	168	228	234	312	360	408	348	318	168	192	192	198	168	162
90	378	324	312	300	288	288	288	270	270	270	162	162	60	120	180	180	306	210	360	300	300	120	180	120	180	120	234
162	378	324	318	300	288	288	288	270	270	270	168	168	120	60	180	180	306	210	360	300	300	120	180	120	180	120	120
168	420	414	408	402	348	348	348	300	300	300	228	228	180	180	60	132	204	132	348	258	258	186	60	180	132	222	180
204	420	414	408	396	390	390	390	384	384	384	234	234	180	180	132	60	204	132	348	258	258	186	60	180	132	222	180
228	480	468	468	462	456	456	456	420	420	420	312	312	306	306	204	204	60	198	120	240	240	306	204	306	138	306	306
234	462	462	462	456	450	450	450	438	438	438	360	360	210	210	132	132	198	60	138	132	132	210	132	210	132	210	210
312	498	486	486	480	480	480	480	480	480	480	408	408	360	360	348	348	120	138	60	348	348	360	348	360	348	360	360
360	462	462	438	432	432	432	432	420	420	420	348	348	300	300	258	258	240	132	348	60	60	300	258	300	258	300	300
408	462	462	438	432	432	432	432	408	408	408	318	318	300	300	258	258	240	132	348	60	60	300	258	300	258	300	300
348	384	330	318	300	288	288	288	276	276	276	168	168	120	120	186	186	306	210	360	300	300	60	186	120	186	120	120
318	420	366	360	360	348	348	348	300	300	300	192	192	180	180	60	60	204	132	348	258	258	186	60	180	60	180	180
168	372	300	306	300	288	288	288	270	270	270	168	168	120	120	180	180	306	210	360	300	300	120	180	60	180	120	120
192	420	408	402	402	348	348	348	300	300	300	198	198	180	180	132	132	138	132	348	258	258	186	60	180	60	180	180
168	378	372	360	348	288	288	288	276	276	276	168	168	120	120	222	222	306	210	360	300	300	120	180	120	180	60	120
318	378	324	312	300	288	288	288	270	270	270	162	162	234	120	180	180	306	210	360	300	300	120	180	120	180	120	60
DEPOTS_DISTANCE
234	462	462	462	456	450	450	450	438	438	438	360	360	210	210	132	132	198	60	138	132	132	210	132	210	132	210	210	
348	384	330	318	300	288	288	288	276	276	276	168	168	120	120	186	186	306	210	360	300	300	60	186	120	186	120	120	
318	420	366	360	360	348	348	348	300	300	300	192	192	180	180	60	60	204	132	348	258	258	186	60	180	60	180	180	
LOCATION_TURN_MATRIX
100	130	122	113	112	199	136	122	129	152	173	146	151	136	158	140	176	113	122	167	194	134	110	172	114	184	100	147	
170	100	154	188	164	169	136	136	152	170	104	183	155	115	101	104	155	187	174	115	149	134	178	168	114	135	168	102	
178	146	100	161	178	114	104	165	117	139	126	169	192	109	120	179	160	152	154	134	113	140	154	179	196	196	192	181	
187	112	139	100	158	114	195	181	104	132	195	106	183	169	132	170	140	136	172	148	116	110	123	136	151	120	176	169	
188	136	122	142	100	175	164	159	112	100	167	164	135	191	132	181	104	123	142	156	108	117	193	182	116	147	156	185	
101	131	186	186	125	100	190	147	164	150	137	102	145	176	185	131	113	108	117	186	118	151	140	178	154	189	172	110	
164	164	196	105	136	110	100	186	153	151	183	193	111	157	144	123	188	142	110	163	105	190	166	187	170	171	186	126	
178	164	135	119	141	153	114	100	106	130	108	103	151	178	122	151	130	133	184	177	110	141	166	110	122	174	191	197	
171	148	183	196	188	136	147	194	100	167	100	146	168	129	128	142	172	118	174	147	105	158	156	160	120	106	119	136	
148	130	161	168	200	150	149	170	133	100	177	106	175	116	188	180	176	194	108	146	130	187	183	173	128	141	169	176	
127	196	174	105	133	163	117	192	200	123	100	171	175	140	183	115	104	186	128	153	151	175	100	146	191	117	132	197	
154	117	131	194	136	198	107	197	154	194	129	100	136	184	140	147	172	184	148	131	103	156	185	200	152	158	154	143	
149	145	108	117	165	155	189	149	132	125	125	164	100	140	199	142	101	144	163	185	117	191	200	143	113	165	102	154	
164	185	191	131	109	124	143	122	171	184	160	116	160	100	109	116	196	113	131	186	166	139	183	175	144	161	105	170	
142	199	180	168	168	115	156	178	172	112	117	160	101	191	100	147	177	177	199	158	172	188	164	175	180	168	154	195	
160	196	121	130	119	169	177	149	158	120	185	153	158	184	153	100	152	159	197	157	181	159	102	123	168	200	124	186	
124	145	140	160	196	187	112	170	128	124	196	128	199	104	123	148	100	149	114	112	117	135	105	132	138	180	198	156	
187	113	148	164	177	192	158	167	182	106	114	116	156	187	123	141	151	100	166	132	168	163	159	123	129	173	161	116	
178	126	146	128	158	183	190	116	126	192	172	152	137	169	101	103	186	134	100	184	199	137	130	160	148	113	140	150	
133	185	166	152	144	114	137	123	153	154	147	169	115	114	142	143	188	168	116	100	111	195	128	157	191	164	141	171	
106	151	187	184	192	182	195	190	195	170	149	197	183	134	128	119	183	132	101	189	100	129	151	163	147	166	104	177	
166	166	160	190	183	149	110	159	142	113	125	144	109	161	112	141	165	137	163	105	171	100	101	185	169	129	103	197	
190	122	146	177	107	160	134	134	144	117	200	115	100	117	136	198	195	141	170	172	149	199	100	106	150	116	118	145	
128	132	121	164	118	122	113	190	140	127	154	100	157	125	125	177	168	177	140	143	137	115	194	100	128	167	115	155	
186	186	104	149	184	146	130	178	180	172	109	148	187	156	120	132	162	171	152	109	153	131	150	172	100	155	124	184	
116	165	104	180	153	111	129	126	194	159	183	142	135	139	132	100	120	127	187	136	134	171	184	133	145	100	129	192	
200	132	108	124	144	128	114	109	181	131	168	146	198	195	146	176	102	139	160	159	196	197	182	185	176	171	100	146	
153	198	119	131	115	190	174	103	164	124	103	157	146	130	105	114	144	184	150	129	123	103	155	145	116	108	154	100	
DEPOTS_TO_LOCAL_TURN_MATRIX
178	126	146	128	158	183	190	116	126	192	172	152	137	169	101	103	186	134	100	184	199	137	130	160	148	113	140	150	
190	122	146	177	107	160	134	134	144	117	200	115	100	117	136	198	195	141	170	172	149	199	100	106	150	116	118	145	
128	132	121	164	118	122	113	190	140	127	154	100	157	125	125	177	168	177	140	143	137	115	194	100	128	167	115	155	
LOCAL_TO_DEPOT_TURN_MATRIX
122	174	154	172	142	117	110	184	174	108	128	148	163	131	199	197	114	166	100	116	101	163	170	140	152	187	160	150	
110	178	154	123	193	140	166	166	156	183	100	185	200	183	164	102	105	159	130	128	151	101	100	194	150	184	182	155	
172	168	179	136	182	178	187	110	160	173	146	200	143	175	175	123	132	123	160	157	163	185	106	100	172	133	185	145	

