INDEX_PROBLEM
1
PATIENTS
800
STRETCHERS
16
NUM_ROOM
28
NUM_DEPOT
3
NUM_PRIORITY
4
PRIORITY_LIST
0	1	2	3	4
PRIORITY_WEIGHT
0	1	10	18	30
PRIORITY_JOB
0	2	3	3	1	2	3	4	3	3	4	4	2	2	4	3	4	3	4	2	3	3	4	3	4	1	2	3	4	3	4	3	4	2	3	3	1	4	4	3	2	3	4	4	2	4	3	4	3	3	3	4	1	2	4	3	3	1	1	3	4	2	1	1	2	2	3	4	1	1	4	1	3	2	3	4	4	2	2	1	4	1	2	3	4	2	3	4	4	1	3	3	4	1	2	1	1	2	3	4	4	1	3	4	3	2	3	3	1	2	2	1	2	3	4	2	2	4	3	4	3	4	1	3	4	1	2	1	1	3	4	1	2	3	4	3	2	1	1	3	4	2	2	1	2	3	3	4	1	4	4	3	3	1	1	2	3	4	1	2	1	4	2	3	3	4	4	3	4	3	1	1	1	2	3	2	1	1	4	2	2	3	4	4	3	4	1	1	2	3	2	1	2	4	1	2	3	4	3	4	3	1	4	2	3	2	1	2	1	4	1	2	3	4	4	3	3	4	1	2	3	3	1	2	1	2	4	1	2	3	4	4	3	4	2	1	2	3	4	1	2	1	1	2	3	4	3	4	3	1	1	1	2	3	2	1	2	4	4	2	3	4	4	3	3	4	1	1	1	2	2	1	2	3	4	4	2	3	4	3	3	4	3	4	1	1	1	2	1	1	2	3	4	2	2	3	4	3	3	1	4	1	2	1	2	2	3	4	1	2	4	4	3	3	1	4	4	2	1	2	2	2	3	4	1	2	4	4	3	3	4	1	4	2	1	2	1	3	3	4	1	2	4	3	3	2	3	4	1	2	2	1	1	3	4	1	2	4	4	3	2	3	4	1	1	2	2	1	2	2	3	4	2	4	3	4	4	3	4	1	1	4	2	1	2	1	2	3	4	4	3	4	3	2	3	1	1	3	1	2	1	4	1	2	3	2	4	1	3	2	3	1	4	2	2	1	3	4	1	2	3	4	4	4	2	2	1	3	2	2	1	3	4	2	3	4	4	4	4	3	1	2	1	3	4	2	1	2	1	2	3	3	4	1	4	3	3	2	3	4	1	2	1	2	2	3	4	1	4	2	3	4	2	3	4	1	1	2	1	2	2	2	3	4	4	4	3	4	4	2	3	4	1	1	1	2	1	1	2	3	4	4	3	3	4	2	3	1	1	3	1	2	1	4	1	2	3	2	3	4	3	2	3	1	1	4	2	1	2	3	1	2	4	4	4	3	4	2	2	1	3	2	1	2	2	4	2	3	4	1	4	3	4	2	3	1	4	4	1	1	1	2	3	3	4	1	3	4	3	4	2	3	1	4	2	2	1	2	3	4	1	2	3	4	3	2	3	4	1	2	2	1	2	3	4	2	3	4	4	3	2	4	4	1	1	1	1	2	1	2	3	4	2	3	3	4	3	3	4	1	1	1	1	2	1	2	2	3	4	2	2	4	3	3	1	1	4	1	1	1	2	3	2	3	4	2	2	4	3	3	1	4	2	2	1	2	4	3	4	4	1	2	4	3	4	3	4	1	2	3	1	2	1	3	4	1	2	3	3	3	4	3	4	2	1	3	3	1	2	4	1	2	3	4	3	4	4	1	2	1	2	3	4	2	1	2	3	4	4	3	4	3	2	1	1	1	2	3	2	1	2	4	2	3	3	4	4	3	4	1	1	1	2	3	1	1	1	4	2	3	3	4	3	3	4	1	1	1	2	3	2	1	2	4	1	2	2	3	1	2	2	1	4	2	3	1	2	1	1	4	1	1	1	2	2	1	1	1	3	4	4	2	2	1	2	1	1	3	3	4	2	1	2	1	1	2	3	4	1	1	2
TIME_ASKED
0	28849	28898	28947	28996	29045	29094	29149	29198	29247	29296	29345	29394	29429	29458	29487	29516	29545	29574	29603	29632	29661	29690	29742	29784	29826	29868	29910	29952	29994	30029	30058	30087	30116	30145	30174	30203	30232	30261	30290	30329	30358	30387	30416	30445	30474	30503	30532	30561	30590	30621	30642	30663	30684	30705	30726	30747	30768	30789	30810	30831	30852	30873	30894	30949	30998	31047	31096	31145	31194	31227	31254	31281	31308	31335	31362	31389	31416	31443	31470	31497	31524	31548	31572	31596	31620	31644	31668	31692	31716	31740	31764	31788	31837	31874	31911	31948	31985	32022	32059	32096	32159	32218	32277	32336	32395	32419	32438	32457	32476	32495	32514	32533	32552	32571	32590	32609	32628	32647	32666	32685	32759	32818	32877	32936	32995	33027	33054	33081	33108	33135	33162	33189	33216	33243	33270	33297	33333	33366	33399	33432	33465	33498	33531	33564	33597	33616	33632	33648	33664	33680	33696	33712	33728	33744	33760	33776	33792	33808	33824	33840	33856	33872	33888	33933	33966	33999	34032	34065	34098	34131	34164	34197	34242	34284	34326	34368	34410	34452	34494	34533	34566	34599	34632	34665	34698	34731	34764	34797	34827	34854	34881	34908	34935	34962	34989	35016	35043	35070	35097	35137	35174	35211	35248	35285	35322	35359	35396	35433	35466	35499	35532	35565	35598	35631	35664	35697	35723	35746	35769	35792	35815	35838	35861	35884	35907	35930	35953	35976	35999	36023	36046	36069	36092	36115	36138	36161	36184	36207	36230	36253	36276	36299	36327	36354	36381	36408	36435	36462	36489	36516	36543	36570	36597	36619	36638	36657	36676	36695	36714	36733	36752	36771	36790	36809	36828	36847	36866	36885	36949	36998	37047	37096	37145	37194	37259	37318	37377	37436	37495	37549	37598	37647	37696	37745	37794	37827	37854	37881	37908	37935	37962	37989	38016	38043	38070	38097	38123	38146	38169	38192	38215	38238	38261	38284	38307	38330	38353	38376	38399	38419	38438	38457	38476	38495	38514	38533	38552	38571	38590	38609	38628	38647	38666	38685	38742	38784	38826	38868	38910	38952	38994	39029	39058	39087	39116	39145	39174	39203	39232	39261	39290	39349	39398	39447	39496	39545	39594	39633	39666	39699	39732	39765	39798	39831	39864	39897	39937	39974	40011	40048	40085	40122	40159	40196	40242	40284	40326	40368	40410	40452	40494	40542	40584	40626	40668	40710	40752	40794	40849	40898	40947	40996	41045	41094	41133	41166	41199	41232	41265	41298	41331	41364	41397	41423	41446	41469	41492	41515	41538	41561	41584	41607	41630	41653	41676	41699	41749	41798	41847	41896	41945	41994	42099	42198	42297	42342	42384	42426	42468	42510	42552	42594	42699	42798	42897	42923	42946	42969	42992	43015	43038	43061	43084	43107	43130	43153	43176	43199	43237	43274	43311	43348	43385	43422	43459	43496	43549	43598	43647	43696	43745	43794	43899	43998	44097	44159	44218	44277	44336	44395	44459	44518	44577	44636	44695	44799	44898	44997	45033	45066	45099	45132	45165	45198	45231	45264	45297	45337	45374	45411	45448	45485	45522	45559	45596	45637	45674	45711	45748	45785	45822	45859	45896	45959	46018	46077	46136	46195	46249	46298	46347	46396	46445	46494	46537	46574	46611	46648	46685	46722	46759	46796	46821	46842	46863	46884	46905	46926	46947	46968	46989	47010	47031	47052	47073	47094	47199	47298	47397	47437	47474	47511	47548	47585	47622	47659	47696	47737	47774	47811	47848	47885	47922	47959	47996	48049	48098	48147	48196	48245	48294	48324	48348	48372	48396	48420	48444	48468	48492	48516	48540	48564	48588	48627	48654	48681	48708	48735	48762	48789	48816	48843	48870	48897	48937	48974	49011	49048	49085	49122	49159	49196	49233	49266	49299	49332	49365	49398	49431	49464	49497	49537	49574	49611	49648	49685	49722	49759	49796	49827	49854	49881	49908	49935	49962	49989	50016	50043	50070	50097	50149	50198	50247	50296	50345	50394	50424	50448	50472	50496	50520	50544	50568	50592	50616	50640	50664	50688	50737	50774	50811	50848	50885	50922	50959	50996	51027	51054	51081	51108	51135	51162	51189	51216	51243	51270	51297	51324	51348	51372	51396	51420	51444	51468	51492	51516	51540	51564	51588	51637	51674	51711	51748	51785	51822	51859	51896	51933	51966	51999	52032	52065	52098	52131	52164	52197	52259	52318	52377	52436	52495	52517	52534	52551	52568	52585	52602	52619	52636	52653	52670	52687	52704	52721	52738	52755	52772	52789	52859	52918	52977	53036	53095	53137	53174	53211	53248	53285	53322	53359	53396	53459	53518	53577	53636	53695	53733	53766	53799	53832	53865	53898	53931	53964	53997	54027	54054	54081	54108	54135	54162	54189	54216	54243	54270	54297	54374	54448	54522	54596	54627	54654	54681	54708	54735	54762	54789	54816	54843	54870	54897	55049	55198	55237	55274	55311	55348	55385	55422	55459	55496	55574	55648	55722	55796	55827	55854	55881	55908	55935	55962	55989	56016	56043	56070	56097	56399	56499	56598	56697	56733	56766	56799	56832	56865	56898	56931	56964	56997	57049	57098	57147	57196	57245	57294	57359	57418	57477	57536	57595
ORIGIN
26	16	6	27	19	25	27	23	14	14	23	10	2	14	14	14	14	14	3	23	4	14	26	16	14	27	14	7	9	14	7	2	14	9	1	23	14	14	23	4	2	2	2	3	2	14	14	27	9	6	27	18	7	27	20	8	14	14	17	2	23	14	2	26	3	14	23	14	14	8	4	14	14	25	14	27	14	9	3	14	14	14	23	11	2	3	14	14	14	26	3	24	1	5	5	1	14	4	18	7	27	27	27	1	27	14	14	23	20	2	14	14	26	14	14	4	24	15	4	7	16	25	5	5	3	22	14	14	16	2	10	2	23	4	14	14	5	26	27	27	14	14	16	5	9	1	23	27	20	14	14	23	2	14	14	27	27	2	2	14	2	15	14	24	15	4	8	16	23	15	4	26	14	14	14	14	23	14	14	23	12	2	27	14	14	5	4	14	27	14	14	8	5	25	1	20	8	23	23	14	1	2	1	2	14	5	4	1	27	14	14	14	4	11	27	5	27	14	11	20	11	14	14	14	1	14	14	25	2	23	14	3	1	14	6	27	27	14	23	25	16	14	16	8	27	23	14	23	23	12	14	14	14	27	27	16	14	2	1	7	26	4	5	14	23	17	8	3	26	15	2	14	2	2	16	4	23	13	3	23	2	10	3	14	14	14	25	14	24	26	26	17	23	8	23	22	10	2	14	14	2	5	5	1	1	11	27	27	16	5	1	9	3	1	23	20	20	14	14	2	1	24	14	4	13	2	27	14	5	6	14	14	14	7	14	3	27	14	27	2	8	1	23	10	23	14	12	6	26	14	4	19	14	23	2	8	5	26	25	3	14	10	2	2	14	23	23	14	23	23	8	4	2	23	14	1	23	23	7	14	7	23	23	26	14	14	5	2	1	23	10	1	1	14	11	14	14	14	27	14	1	27	11	23	26	1	14	3	1	14	23	14	14	3	14	26	26	2	2	26	23	14	3	7	14	14	14	14	1	26	23	23	23	1	20	20	23	10	1	14	14	24	14	14	14	14	14	14	11	5	5	2	16	6	27	19	7	27	22	23	27	12	26	23	27	12	27	3	14	3	23	14	3	26	3	3	1	25	14	13	1	14	2	1	9	26	14	11	26	26	14	27	7	27	14	14	8	2	14	26	5	27	18	7	2	24	14	14	14	14	2	22	23	23	2	27	3	23	14	26	24	7	1	23	26	25	25	4	26	14	26	26	1	23	11	27	14	14	27	23	14	14	26	15	14	14	1	1	26	17	7	14	11	14	2	14	14	27	27	20	14	2	15	20	23	14	4	2	15	4	22	23	14	3	26	26	3	23	14	1	23	10	2	3	12	2	14	3	3	27	27	15	2	1	23	26	16	7	27	14	2	14	14	14	3	20	20	26	20	20	8	23	14	3	24	14	4	2	11	14	3	14	14	14	14	14	2	14	10	2	1	12	14	14	14	27	27	14	14	26	11	1	4	14	7	26	19	2	14	3	3	3	16	20	2	1	14	1	14	14	3	24	14	11	3	1	1	1	18	14	2	26	14	24	3	10	1	23	12	2	23	24	25	14	14	27	23	11	15	1	16	6	27	19	23	27	1	24	20	20	20	22	14	14	16	9	14	3	23	14	20	20	1	14	26	14	7	26	26	20	26	2	9	1	23	26	14	23	26	23	14	14	27	11	11	14	1	14	6	27	18	14	27	21	16	14	17	10	22	22	27	2	14	14	3	23	27	8	8	16	25	25	25	7	27	26	14	14	2	9	1	23	14	11	4	13	27	14	14	3	24	3	3	1	3	5	27	18	7	27	20	8	23	17	2	1	23	2	2	7	14
DESTINATION
3	14	17	2	22	14	2	26	3	3	27	14	14	8	8	16	25	25	14	4	14	9	3	14	1	23	1	20	14	4	13	27	26	14	14	27	5	5	1	14	27	27	27	14	27	20	8	23	14	17	2	27	20	2	14	14	26	16	6	14	27	25	27	23	14	5	3	26	2	14	14	9	16	14	16	2	4	14	26	16	5	26	27	15	14	14	16	5	9	14	26	1	23	14	14	23	4	14	27	20	2	2	2	14	2	9	9	27	7	27	20	8	14	4	26	14	2	14	14	23	14	14	14	14	23	19	4	4	14	14	14	14	27	14	8	5	14	14	23	23	2	2	14	14	14	23	1	2	14	5	4	1	27	5	4	18	18	27	27	1	27	11	20	2	14	14	14	14	1	11	14	14	4	15	4	4	7	16	26	27	11	14	23	25	16	14	14	2	23	4	4	14	14	14	14	14	14	27	27	16	14	14	23	27	20	14	14	23	2	2	3	26	14	15	2	14	2	16	15	14	15	4	8	16	23	25	26	14	14	1	25	14	24	26	17	23	23	2	27	14	14	5	14	14	2	27	5	1	1	11	1	20	20	23	23	14	1	14	23	20	3	14	14	2	1	6	14	14	14	11	27	5	27	27	14	14	1	7	14	3	27	14	14	25	25	2	14	3	1	14	14	6	26	14	4	19	14	14	8	8	27	14	14	23	23	12	2	2	14	14	23	14	23	14	1	7	7	4	5	14	23	1	8	14	7	14	23	26	14	17	16	4	4	13	3	23	2	10	23	14	14	14	27	14	1	10	11	17	23	8	23	22	10	1	27	14	14	3	14	26	2	14	27	27	16	1	1	9	3	3	14	14	14	1	26	23	3	3	20	4	13	27	27	14	5	5	14	14	14	27	14	14	14	5	15	2	8	8	23	10	23	23	12	27	3	23	26	23	23	1	27	8	8	26	25	3	3	14	14	3	1	25	14	13	26	2	4	8	23	14	1	1	1	14	7	7	27	14	14	8	2	2	2	2	1	10	1	1	15	14	14	14	14	17	2	22	23	2	2	27	23	11	14	1	23	11	23	26	25	14	4	26	26	14	26	26	23	14	3	7	23	1	27	23	14	14	26	15	14	14	1	23	20	23	10	1	14	24	2	14	14	2	27	20	14	1	5	2	16	16	27	19	7	7	22	23	14	3	26	3	2	23	23	27	3	14	14	23	14	26	3	3	14	27	15	2	2	1	23	1	26	26	14	11	26	26	14	14	3	9	20	26	20	20	14	26	5	18	18	7	2	27	11	14	3	26	14	14	14	14	2	27	3	23	14	14	26	7	2	14	27	14	14	26	11	24	4	26	26	23	23	11	27	14	27	3	16	20	2	1	14	1	1	1	26	7	7	14	11	14	14	1	26	14	2	26	14	14	15	20	23	4	4	2	15	4	22	25	14	14	23	11	15	1	1	23	23	2	2	3	12	24	14	20	20	14	22	14	16	26	26	26	16	7	27	14	1	14	9	26	14	1	26	20	26	23	23	23	27	3	24	14	4	2	14	14	14	27	11	14	1	2	14	10	10	23	1	12	14	14	14	17	2	22	27	2	14	1	14	7	7	19	2	2	14	14	25	14	5	26	14	14	14	1	14	3	20	14	14	11	3	27	14	14	27	3	3	1	3	1	10	1	23	12	12	2	23	25	17	2	27	16	2	7	14	16	6	14	19	19	23	27	1	25	14	4	2	14	14	14	14	14	14	20	2	14	20	20	24	14	14	27	26	20	14	7	2	9	26	14	1	14	14	23	26	14	2	27	20	2	14	14	27	6	27	14	27	27	27	21	16
DUE_DATE
0	30427	29996	30045	31294	30623	30192	29707	30296	30345	29854	29903	30972	31007	30016	30585	30074	30643	30132	31181	30730	30759	30248	30840	30342	32124	31446	31008	30510	31092	30587	31156	30645	31694	31243	31272	32501	30790	30819	31388	31907	31456	30945	30974	32023	31032	31601	31090	31659	31688	31719	31200	32961	32262	31263	31824	31845	33066	33087	31908	31389	32430	33171	33192	32527	32576	32145	31654	33443	33492	31785	33552	32379	32886	32433	31920	31947	32994	33021	33768	32055	33822	33126	32670	32154	33198	32742	32226	32250	34014	32838	32862	32346	34135	33452	34209	34246	33563	33120	32617	32654	34457	33316	32835	33434	33973	33517	33536	34755	34054	34073	34812	34111	33650	33129	34168	34187	33186	33745	33224	33783	33317	35116	33975	33494	35293	34605	35352	35379	34206	33693	35460	34767	34314	33801	34368	34875	35631	35664	34497	33990	35043	35076	35829	35142	34695	34714	34190	35946	34222	34238	34794	34810	36026	36042	35338	34874	34350	36106	35402	36138	34414	35450	34986	35031	34524	34557	35130	34623	35196	36429	36462	36495	35820	35382	35904	36666	36708	35010	36072	36111	35664	35157	35190	35763	35256	37029	37062	36375	35925	36432	37179	36486	35493	37260	36567	36114	35601	36168	35655	36235	37472	35769	36826	36383	36900	37657	36974	37731	36024	37797	37110	36663	36156	36189	36762	36795	36281	38044	37347	36890	36913	38136	37439	38182	37485	36488	38251	37554	37097	36581	36604	37167	36650	37693	38436	37739	37282	36765	38528	37831	38574	38597	37905	37452	36939	37506	36993	37560	38787	38814	38841	38148	37695	38197	38936	38235	37234	37253	38292	37831	37310	37329	37888	37907	37386	39145	39164	39183	38527	38576	39345	38674	38243	37752	37817	38896	38475	37994	38593	38647	38156	38745	38254	40043	40092	40125	39432	40179	40206	39513	39060	38547	39594	39621	39168	38655	39221	39244	40467	38750	40513	39816	40559	39862	39885	39428	38911	40674	39977	38977	38996	39555	39574	40793	39072	39091	40130	40869	40168	40187	40206	39745	39224	40983	40320	39342	39384	39966	40008	39510	41292	39587	40636	41385	40694	41443	40272	40301	39790	41559	40868	39907	40496	40545	41074	40643	40152	41931	41244	41277	42030	42063	40896	40389	42162	41475	40495	40532	41109	41626	41183	40680	42457	42494	41820	41862	42624	41946	41988	41550	41052	42120	41142	41724	41226	41268	41850	41352	43147	43196	41505	42574	43343	42672	43431	42744	42297	41790	41823	42396	41889	42462	42975	42521	43744	43767	42590	43813	43116	43859	42142	43905	43208	42751	43254	42257	44047	42896	43425	42994	44243	42552	43677	43776	44595	43440	42942	44724	44046	43608	43110	43152	43257	44376	44475	45221	44044	44547	44570	45313	44136	43619	44662	44205	43688	43711	43734	43757	44335	45572	44889	45646	44483	43980	45037	45794	45127	45896	45225	44794	44843	44352	46197	44556	45195	45257	45796	45375	44894	46693	46037	46816	46155	46214	45793	45357	47196	45555	46611	46164	45657	46710	46263	45756	47529	47562	46875	47635	46952	46989	47026	46583	46080	46117	46154	46735	46232	46269	47326	46883	46380	48157	48194	48257	47596	48375	48434	47773	47347	46856	46905	47494	47543	47052	48115	47672	48909	48946	47783	49020	48337	49094	47379	49140	48441	47982	48483	48024	47505	48066	48567	48108	49329	49350	47631	48672	49497	48876	48495	49735	49052	48069	48106	48143	48720	48217	49274	49315	50072	48909	49426	50183	49500	49537	48554	49627	49196	48705	50494	48803	49392	48882	49926	49470	50694	48978	49002	50766	50790	50814	50118	49662	49686	49185	50952	49779	49266	49833	49320	50367	49914	51141	49428	50475	50515	51272	50589	50146	49643	51420	50737	50294	49791	50364	50877	50430	49923	51696	51009	51042	51795	51115	50672	50169	51226	50783	50280	50317	50894	51405	50412	50439	52206	52233	52260	52287	51594	52341	51648	51195	50707	51776	51345	51394	50903	51492	51522	51006	52770	52794	52818	52842	52146	52890	52194	52218	51762	51246	52315	52352	51369	51946	51983	53220	53257	51554	53325	53352	53379	52686	52233	52740	52287	51774	52821	52848	51855	52422	52446	53670	51954	52998	53022	53766	53070	52074	52638	52122	52146	53935	53252	52269	52846	52343	52920	52417	54194	53511	53064	54297	53610	54363	53196	52689	54462	53775	53357	53416	53475	52994	53593	53075	54112	54849	53666	53683	54900	54197	53194	54951	54248	53785	53262	53819	53296	53313	55070	54367	55157	54496	54075	53594	54673	55435	54752	54309	53806	53843	54420	53917	54494	55037	55816	55875	55934	55273	54831	55344	56097	55410	54423	55476	55029	55062	54555	54585	55152	54639	56406	56433	56460	55767	55314	56541	56568	56595	54932	56026	55620	55694	55185	55752	55779	55266	57033	57060	57087	56394	55941	56448	57195	56627	55756	57535	56852	56889	56446	57683	57000	57037	57794	56132	57226	56820	58094	57405	58152	58179	56466	58233	58260	58287	57594	57621	58368	58395	58697	57597	57156	57255	58311	58344	59097	58410	59163	59196	58029	58062	57555	58627	59396	58725	59494	59543	58872	58457	57976	59775	59834	59173
TRANSPORT_MODE
0	2	2	1	1	1	0	0	0	2	1	1	1	2	0	0	0	1	1	1	1	0	0	0	2	2	1	1	1	0	0	0	2	1	1	1	2	0	0	0	2	1	1	1	2	0	0	0	0	1	1	1	1	1	0	0	0	3	3	1	1	1	0	0	0	2	1	1	1	3	0	0	0	1	1	1	1	0	0	0	0	2	2	1	1	1	0	0	0	3	1	1	1	2	0	0	0	2	1	1	1	3	0	0	0	1	1	1	1	1	0	0	0	2	2	1	1	1	0	0	0	0	3	1	1	1	2	0	0	1	1	1	1	0	0	0	0	3	3	1	1	2	0	0	0	1	1	1	1	0	0	0	0	3	3	1	1	1	0	0	0	2	1	1	1	1	0	0	0	0	3	3	1	1	1	0	0	0	1	2	1	1	1	0	0	0	3	1	1	1	0	0	0	1	2	2	1	1	0	0	0	3	1	1	1	0	0	0	0	1	2	2	1	1	0	0	0	1	3	1	1	1	0	0	0	0	1	2	2	1	1	0	0	0	1	3	1	1	1	0	0	0	1	2	1	1	0	0	0	1	3	3	1	1	0	0	0	1	2	1	1	0	0	0	0	1	1	3	3	1	0	0	0	1	1	2	1	1	0	0	0	0	1	1	3	3	1	0	0	0	1	1	2	1	1	0	0	0	1	3	1	1	0	0	0	1	1	2	2	1	0	0	0	1	3	1	1	0	0	0	0	1	1	2	2	1	0	0	0	1	1	3	1	1	0	0	0	1	1	2	2	1	0	0	0	0	1	1	3	1	1	0	0	1	1	2	1	0	0	0	0	1	1	3	3	1	0	0	0	1	1	2	1	0	0	0	0	1	1	3	3	1	0	0	0	1	1	2	1	1	0	0	0	1	1	3	3	1	0	0	0	1	1	2	1	1	0	0	0	1	1	3	1	0	0	0	0	1	1	2	2	1	0	0	1	1	3	1	0	0	0	0	1	1	1	2	2	0	0	0	1	1	3	1	1	0	0	0	0	1	1	2	2	1	0	0	0	1	1	1	3	1	0	0	1	1	2	2	0	1	0	0	0	1	1	3	3	1	0	0	0	1	1	2	1	0	0	0	0	1	1	1	3	3	0	0	0	1	1	2	1	1	0	0	0	1	1	3	3	1	0	0	0	1	1	1	2	1	0	0	0	1	1	3	3	1	0	0	0	1	1	2	1	1	0	0	0	1	1	3	1	0	0	0	0	1	1	2	2	1	0	0	0	1	1	3	1	1	0	0	0	1	1	2	2	1	0	0	0	0	1	1	3	1	1	0	0	1	1	2	2	1	0	0	0	0	1	1	3	1	1	0	0	1	1	2	1	0	0	0	0	1	1	3	3	1	0	0	0	1	1	2	1	1	0	0	0	1	1	3	3	1	0	0	0	0	1	1	2	1	1	0	0	1	3	3	1	1	0	0	0	0	1	1	2	1	1	0	0	1	3	1	1	0	0	0	0	1	1	2	2	1	0	0	0	1	1	3	1	1	0	0	0	1	1	2	2	1	0	0	0	0	1	1	3	1	1	0	0	1	2	2	1	1	0	0	0	0	1	3	1	1	1	0	0	1	2	1	1	0	0	0	0	1	3	3	1	1	0	0	0	1	2	1	1	1	0	0	0	1	3	3	1	1	0	0	0	1	2	1	1	1	0	0	0	3	3	1	1	1	0	0	0	1	3	1	1	1	0	0	0	3	1	1	1	0	0	0	0	1	3	3	1	1	0	0	0	3	1	1	1	1	0	0	0	3	3	1	1	1	0	0	0	3	1	1	1	1	0	0	0
PATIENT_WEIGHT
116	118	96	112	48	39	59	73	46	142	45	133	100	33	98	147	32	110	41	116	41	127	148	69	39	80	123	101	52	124	84	111	139	142	109	128	121	79	145	78	38	135	91	148	122	45	118	100	65	131	117	107	64	106	35	91	33	105	67	139	54	114	110	65	72	81	41	37	130	102	147	118	146	87	125	83	50	102	34	94	118	87	118	115	51	61	37	48	50	70	127	70	109	104	37	128	142	112	99	75	59	95	49	67	46	65	96	74	147	61	40	46	116	90	38	64	119	111	72	118	41	86	37	73	135	100	101	139	87	112	37	58	96	130	99	113	43	47	131	142	78	86	122	43	96	149	64	52	143	73	105	80	31	115	57	130	88	38	92	77	48	142	75	120	44	86	42	122	32	30	89	60	68	82	93	78	126	149	137	134	134	111	95	146	80	47	38	45	35	62	40	98	102	46	121	146	74	145	36	94	38	50	39	87	47	109	148	107	52	118	144	62	121	67	107	64	70	41	118	58	74	113	67	56	139	83	98	110	43	124	122	53	83	98	145	104	138	115	97	148	77	108	106	133	66	94	96	56	33	110	89	106	137	44	46	49	50	143	107	66	118	41	50	65	54	89	108	88	146	62	117	128	55	64	126	67	100	140	94	97	133	128	149	116	105	139	87	140	134	88	119	132	123	39	122	69	59	143	93	116	113	96	35	138	139	122	33	48	93	133	77	126	85	42	147	97	88	95	94	44	142	117	126	30	67	82	111	148	81	99	79	48	101	128	114	122	91	92	42	148	122	135	106	112	45	100	77	109	148	74	63	146	115	65	90	146	147	99	61	40	34	96	130	64	139	91	137	130	83	94	109	117	58	79	148	108	48	83	58	134	134	111	131	66	57	146	66	139	113	144	148	146	80	62	128	82	40	81	38	51	93	39	49	39	53	102	81	42	35	123	31	131	118	146	49	94	34	73	49	141	38	127	119	42	31	147	118	70	44	138	33	32	31	113	91	34	98	135	44	119	145	53	66	41	32	62	45	31	133	89	93	150	91	114	62	136	53	34	134	42	47	117	121	40	148	41	78	46	105	30	117	102	120	103	115	126	120	146	102	85	86	122	50	65	51	62	38	127	88	37	130	109	49	87	104	38	54	116	129	76	94	130	121	114	142	121	38	110	85	123	73	129	98	30	41	34	90	141	143	83	85	90	108	138	103	136	39	94	71	73	46	120	136	58	71	80	79	40	121	46	71	31	150	47	110	34	132	74	47	111	113	53	43	110	84	101	64	78	101	144	84	39	50	77	116	131	44	70	81	139	108	77	49	124	66	69	86	84	64	59	100	147	78	146	143	83	65	148	137	102	94	40	101	67	140	105	111	122	118	149	131	139	114	100	108	48	49	94	148	83	143	85	142	77	67	55	101	149	35	54	62	93	84	76	134	81	91	51	80	111	129	67	98	142	139	83	84	69	59	45	82	74	70	132	84	70	143	30	59	47	137	47	90	144	99	114	131	79	50	60	88	37	76	52	133	54	126	81	50	127	40	102	56	130	34	139	37	107	115	119	131	38	58	148	104	107	145	120	78	98	128	51	110	83	47	145	53	121	131	117	70	123	140	46	87	33	91	87	108	91	143	114	30	130	36	33	37	150	62	49	105	99	128	54	36	53	93	127	33	110	126	90	40	91	84	39	60	36	107	98	88	79	118	83	109	82	120	106	126	132	70	82	81	138	41	90	54	77	94	99	138	63	59	78	92	107	72	134	101	104	112	54	45	140	43	140	56	129	139	89	73	129	85	34	137	101	62	100	102	43	121	77	91	90	56	79	109	78	72	37	121
DISTANCE_MATRIX
0	360	318	300	288	276	264	264	150	150	150	60	90	90	162	168	204	228	234	312	360	408	348	318	168	192	168	318
360	60	264	318	324	342	342	342	348	348	354	360	372	378	378	420	420	480	462	498	462	462	384	420	372	420	378	378
318	264	60	270	276	288	288	288	294	294	294	318	318	324	324	414	414	468	462	486	462	462	330	366	366	408	372	324
300	318	270	60	276	288	288	288	288	288	288	300	300	312	318	408	408	468	462	486	438	438	318	360	360	402	360	312
288	324	276	276	60	276	276	276	276	276	276	288	288	300	300	402	396	462	456	480	432	432	300	360	360	402	348	300
276	342	288	288	276	60	180	180	252	258	264	264	264	288	288	390	390	456	450	480	432	432	288	348	348	348	288	288
264	342	288	288	276	180	60	180	246	258	264	264	264	288	288	390	390	456	450	480	432	432	288	348	348	348	288	288
264	342	288	288	276	180	180	60	240	258	264	264	264	288	288	390	390	456	450	480	432	432	288	348	348	348	288	288
150	348	294	288	276	252	246	240	60	120	120	150	126	270	270	378	384	420	438	480	420	408	276	300	300	300	276	270
150	348	294	288	276	258	258	258	120	60	120	150	150	270	270	378	384	420	438	480	420	408	276	300	300	300	276	270
150	354	294	288	276	264	264	264	120	120	60	150	150	270	270	378	384	420	438	480	420	408	276	300	300	300	276	270
60	360	318	300	288	264	264	264	150	150	150	60	90	162	168	228	234	312	360	408	348	318	168	192	192	198	168	162
90	372	318	300	288	264	264	264	150	150	150	90	60	162	168	228	234	312	360	408	348	318	168	192	192	198	168	162
90	378	324	312	300	288	288	288	270	270	270	162	162	60	120	180	180	306	210	360	300	300	120	180	120	180	120	234
162	378	324	318	300	288	288	288	270	270	270	168	168	120	60	180	180	306	210	360	300	300	120	180	120	180	120	120
168	420	414	408	402	348	348	348	300	300	300	228	228	180	180	60	132	204	132	348	258	258	186	60	180	132	222	180
204	420	414	408	396	390	390	390	384	384	384	234	234	180	180	132	60	204	132	348	258	258	186	60	180	132	222	180
228	480	468	468	462	456	456	456	420	420	420	312	312	306	306	204	204	60	198	120	240	240	306	204	306	138	306	306
234	462	462	462	456	450	450	450	438	438	438	360	360	210	210	132	132	198	60	138	132	132	210	132	210	132	210	210
312	498	486	486	480	480	480	480	480	480	480	408	408	360	360	348	348	120	138	60	348	348	360	348	360	348	360	360
360	462	462	438	432	432	432	432	420	420	420	348	348	300	300	258	258	240	132	348	60	60	300	258	300	258	300	300
408	462	462	438	432	432	432	432	408	408	408	318	318	300	300	258	258	240	132	348	60	60	300	258	300	258	300	300
348	384	330	318	300	288	288	288	276	276	276	168	168	120	120	186	186	306	210	360	300	300	60	186	120	186	120	120
318	420	366	360	360	348	348	348	300	300	300	192	192	180	180	60	60	204	132	348	258	258	186	60	180	60	180	180
168	372	300	306	300	288	288	288	270	270	270	168	168	120	120	180	180	306	210	360	300	300	120	180	60	180	120	120
192	420	408	402	402	348	348	348	300	300	300	198	198	180	180	132	132	138	132	348	258	258	186	60	180	60	180	180
168	378	372	360	348	288	288	288	276	276	276	168	168	120	120	222	222	306	210	360	300	300	120	180	120	180	60	120
318	378	324	312	300	288	288	288	270	270	270	162	162	234	120	180	180	306	210	360	300	300	120	180	120	180	120	60
DEPOTS_DISTANCE
234	462	462	462	456	450	450	450	438	438	438	360	360	210	210	132	132	198	60	138	132	132	210	132	210	132	210	210	
348	384	330	318	300	288	288	288	276	276	276	168	168	120	120	186	186	306	210	360	300	300	60	186	120	186	120	120	
318	420	366	360	360	348	348	348	300	300	300	192	192	180	180	60	60	204	132	348	258	258	186	60	180	60	180	180	
LOCATION_TURN_MATRIX
100	130	122	113	112	199	136	122	129	152	173	146	151	136	158	140	176	113	122	167	194	134	110	172	114	184	100	147	
170	100	154	188	164	169	136	136	152	170	104	183	155	115	101	104	155	187	174	115	149	134	178	168	114	135	168	102	
178	146	100	161	178	114	104	165	117	139	126	169	192	109	120	179	160	152	154	134	113	140	154	179	196	196	192	181	
187	112	139	100	158	114	195	181	104	132	195	106	183	169	132	170	140	136	172	148	116	110	123	136	151	120	176	169	
188	136	122	142	100	175	164	159	112	100	167	164	135	191	132	181	104	123	142	156	108	117	193	182	116	147	156	185	
101	131	186	186	125	100	190	147	164	150	137	102	145	176	185	131	113	108	117	186	118	151	140	178	154	189	172	110	
164	164	196	105	136	110	100	186	153	151	183	193	111	157	144	123	188	142	110	163	105	190	166	187	170	171	186	126	
178	164	135	119	141	153	114	100	106	130	108	103	151	178	122	151	130	133	184	177	110	141	166	110	122	174	191	197	
171	148	183	196	188	136	147	194	100	167	100	146	168	129	128	142	172	118	174	147	105	158	156	160	120	106	119	136	
148	130	161	168	200	150	149	170	133	100	177	106	175	116	188	180	176	194	108	146	130	187	183	173	128	141	169	176	
127	196	174	105	133	163	117	192	200	123	100	171	175	140	183	115	104	186	128	153	151	175	100	146	191	117	132	197	
154	117	131	194	136	198	107	197	154	194	129	100	136	184	140	147	172	184	148	131	103	156	185	200	152	158	154	143	
149	145	108	117	165	155	189	149	132	125	125	164	100	140	199	142	101	144	163	185	117	191	200	143	113	165	102	154	
164	185	191	131	109	124	143	122	171	184	160	116	160	100	109	116	196	113	131	186	166	139	183	175	144	161	105	170	
142	199	180	168	168	115	156	178	172	112	117	160	101	191	100	147	177	177	199	158	172	188	164	175	180	168	154	195	
160	196	121	130	119	169	177	149	158	120	185	153	158	184	153	100	152	159	197	157	181	159	102	123	168	200	124	186	
124	145	140	160	196	187	112	170	128	124	196	128	199	104	123	148	100	149	114	112	117	135	105	132	138	180	198	156	
187	113	148	164	177	192	158	167	182	106	114	116	156	187	123	141	151	100	166	132	168	163	159	123	129	173	161	116	
178	126	146	128	158	183	190	116	126	192	172	152	137	169	101	103	186	134	100	184	199	137	130	160	148	113	140	150	
133	185	166	152	144	114	137	123	153	154	147	169	115	114	142	143	188	168	116	100	111	195	128	157	191	164	141	171	
106	151	187	184	192	182	195	190	195	170	149	197	183	134	128	119	183	132	101	189	100	129	151	163	147	166	104	177	
166	166	160	190	183	149	110	159	142	113	125	144	109	161	112	141	165	137	163	105	171	100	101	185	169	129	103	197	
190	122	146	177	107	160	134	134	144	117	200	115	100	117	136	198	195	141	170	172	149	199	100	106	150	116	118	145	
128	132	121	164	118	122	113	190	140	127	154	100	157	125	125	177	168	177	140	143	137	115	194	100	128	167	115	155	
186	186	104	149	184	146	130	178	180	172	109	148	187	156	120	132	162	171	152	109	153	131	150	172	100	155	124	184	
116	165	104	180	153	111	129	126	194	159	183	142	135	139	132	100	120	127	187	136	134	171	184	133	145	100	129	192	
200	132	108	124	144	128	114	109	181	131	168	146	198	195	146	176	102	139	160	159	196	197	182	185	176	171	100	146	
153	198	119	131	115	190	174	103	164	124	103	157	146	130	105	114	144	184	150	129	123	103	155	145	116	108	154	100	
DEPOTS_TO_LOCAL_TURN_MATRIX
178	126	146	128	158	183	190	116	126	192	172	152	137	169	101	103	186	134	100	184	199	137	130	160	148	113	140	150	
190	122	146	177	107	160	134	134	144	117	200	115	100	117	136	198	195	141	170	172	149	199	100	106	150	116	118	145	
128	132	121	164	118	122	113	190	140	127	154	100	157	125	125	177	168	177	140	143	137	115	194	100	128	167	115	155	
LOCAL_TO_DEPOT_TURN_MATRIX
122	174	154	172	142	117	110	184	174	108	128	148	163	131	199	197	114	166	100	116	101	163	170	140	152	187	160	150	
110	178	154	123	193	140	166	166	156	183	100	185	200	183	164	102	105	159	130	128	151	101	100	194	150	184	182	155	
172	168	179	136	182	178	187	110	160	173	146	200	143	175	175	123	132	123	160	157	163	185	106	100	172	133	185	145	

