INDEX_PROBLEM
1
PATIENTS
800
STRETCHERS
16
NUM_ROOM
28
NUM_DEPOT
3
NUM_PRIORITY
4
PRIORITY_LIST
0	1	2	3	4
PRIORITY_WEIGHT
0	1	10	18	30
PRIORITY_JOB
0	2	2	3	1	2	2	3	2	3	3	2	2	3	3	4	4	1	2	3	3	3	2	3	3	1	2	3	4	1	4	3	2	2	3	4	1	4	2	3	2	2	3	3	2	2	3	4	3	3	4	1	2	2	3	3	4	1	1	3	3	2	1	1	1	2	3	2	1	1	3	3	4	1	4	3	3	1	2	1	1	2	3	4	1	1	3	2	3	1	2	2	3	1	2	1	2	2	3	3	4	1	3	4	2	1	2	2	3	1	2	1	2	1	2	3	3	2	3	3	3	4	1	2	3	4	1	1	1	2	3	3	2	1	3	4	3	2	3	4	1	2	1	2	1	2	3	1	2	1	2	3	3	2	4	3	3	1	2	1	2	1	2	3	4	1	2	3	4	3	1	1	2	3	2	2	1	1	2	3	3	1	3	4	3	1	1	2	3	3	2	1	1	4	2	2	3	4	1	3	2	1	1	2	3	3	2	1	2	3	4	1	2	3	1	3	2	3	3	1	2	2	1	1	2	2	3	4	1	2	3	3	4	3	1	3	2	2	1	1	1	3	1	2	3	3	3	4	3	2	2	1	2	3	4	1	1	4	1	2	3	3	2	3	3	2	1	1	2	3	4	1	2	1	1	2	2	3	2	3	3	4	4	1	1	1	2	2	1	1	3	3	2	2	3	4	3	3	1	1	1	2	1	2	1	3	3	3	2	2	3	2	3	1	1	4	2	1	2	1	1	3	3	3	4	1	2	2	3	4	3	1	4	1	2	1	2	1	2	2	3	4	1	3	3	4	2	1	3	2	1	2	1	2	3	3	1	2	3	3	2	3	1	3	2	2	1	2	1	3	4	1	2	3	3	3	4	2	3	1	4	1	2	1	1	3	4	1	2	2	3	3	2	2	3	1	1	4	2	2	1	1	2	3	3	2	4	3	1	2	3	1	1	3	1	2	1	1	2	3	3	2	3	2	3	2	1	1	3	4	2	1	1	1	2	3	3	1	3	3	2	2	1	3	4	2	2	1	4	4	1	2	2	3	3	3	4	1	2	1	3	2	1	1	3	2	2	3	4	3	3	2	2	1	2	1	3	2	1	1	3	2	3	4	1	3	3	2	2	2	3	1	3	1	1	2	2	3	4	1	3	2	4	3	2	2	3	1	1	4	1	2	1	1	2	3	2	3	4	3	3	2	3	1	1	3	1	2	1	1	2	3	3	2	2	3	2	1	1	3	4	1	2	1	3	1	2	3	3	1	2	3	3	2	1	1	3	4	2	2	1	4	2	1	2	3	4	3	3	4	1	2	1	3	1	2	1	3	2	2	3	1	3	2	3	2	3	1	3	2	1	2	1	2	3	4	1	2	3	2	3	3	1	3	1	2	2	1	2	3	4	4	1	2	3	3	4	1	2	1	3	1	2	2	1	1	3	3	2	2	3	3	2	3	1	1	4	1	1	2	1	2	3	2	2	3	4	3	2	3	1	1	1	2	1	2	1	3	3	4	1	2	3	3	3	1	1	3	4	1	2	1	2	2	2	2	3	1	2	4	3	4	3	1	3	2	1	1	2	2	3	4	1	2	2	3	3	3	1	2	2	3	1	1	2	3	1	2	3	3	2	3	3	1	4	1	2	3	1	1	2	4	1	2	2	3	4	2	3	1	1	1	2	3	3	2	1	1	2	2	3	1	3	4	3	1	1	2	3	3	2	1	1	1	2	2	3	1	2	1	1	4	1	2	3	1	2	1	2	1	3	1	2	1	1	2	1	1	3	4	4	1	1	1	2	1	2	2	3	1	1	2	1	1	2	3	3	1	2	1	2
TIME_ASKED
0	28849	28898	28947	28996	29045	29094	29149	29198	29247	29296	29345	29394	29429	29458	29487	29516	29545	29574	29603	29632	29661	29690	29742	29784	29826	29868	29910	29952	29994	30029	30058	30087	30116	30145	30174	30203	30232	30261	30290	30329	30358	30387	30416	30445	30474	30503	30532	30561	30590	30621	30642	30663	30684	30705	30726	30747	30768	30789	30810	30831	30852	30873	30894	30949	30998	31047	31096	31145	31194	31227	31254	31281	31308	31335	31362	31389	31416	31443	31470	31497	31524	31548	31572	31596	31620	31644	31668	31692	31716	31740	31764	31788	31837	31874	31911	31948	31985	32022	32059	32096	32159	32218	32277	32336	32395	32419	32438	32457	32476	32495	32514	32533	32552	32571	32590	32609	32628	32647	32666	32685	32759	32818	32877	32936	32995	33027	33054	33081	33108	33135	33162	33189	33216	33243	33270	33297	33333	33366	33399	33432	33465	33498	33531	33564	33597	33616	33632	33648	33664	33680	33696	33712	33728	33744	33760	33776	33792	33808	33824	33840	33856	33872	33888	33933	33966	33999	34032	34065	34098	34131	34164	34197	34242	34284	34326	34368	34410	34452	34494	34533	34566	34599	34632	34665	34698	34731	34764	34797	34827	34854	34881	34908	34935	34962	34989	35016	35043	35070	35097	35137	35174	35211	35248	35285	35322	35359	35396	35433	35466	35499	35532	35565	35598	35631	35664	35697	35723	35746	35769	35792	35815	35838	35861	35884	35907	35930	35953	35976	35999	36023	36046	36069	36092	36115	36138	36161	36184	36207	36230	36253	36276	36299	36327	36354	36381	36408	36435	36462	36489	36516	36543	36570	36597	36619	36638	36657	36676	36695	36714	36733	36752	36771	36790	36809	36828	36847	36866	36885	36949	36998	37047	37096	37145	37194	37259	37318	37377	37436	37495	37549	37598	37647	37696	37745	37794	37827	37854	37881	37908	37935	37962	37989	38016	38043	38070	38097	38123	38146	38169	38192	38215	38238	38261	38284	38307	38330	38353	38376	38399	38419	38438	38457	38476	38495	38514	38533	38552	38571	38590	38609	38628	38647	38666	38685	38742	38784	38826	38868	38910	38952	38994	39029	39058	39087	39116	39145	39174	39203	39232	39261	39290	39349	39398	39447	39496	39545	39594	39633	39666	39699	39732	39765	39798	39831	39864	39897	39937	39974	40011	40048	40085	40122	40159	40196	40242	40284	40326	40368	40410	40452	40494	40542	40584	40626	40668	40710	40752	40794	40849	40898	40947	40996	41045	41094	41133	41166	41199	41232	41265	41298	41331	41364	41397	41423	41446	41469	41492	41515	41538	41561	41584	41607	41630	41653	41676	41699	41749	41798	41847	41896	41945	41994	42099	42198	42297	42342	42384	42426	42468	42510	42552	42594	42699	42798	42897	42923	42946	42969	42992	43015	43038	43061	43084	43107	43130	43153	43176	43199	43237	43274	43311	43348	43385	43422	43459	43496	43549	43598	43647	43696	43745	43794	43899	43998	44097	44159	44218	44277	44336	44395	44459	44518	44577	44636	44695	44799	44898	44997	45033	45066	45099	45132	45165	45198	45231	45264	45297	45337	45374	45411	45448	45485	45522	45559	45596	45637	45674	45711	45748	45785	45822	45859	45896	45959	46018	46077	46136	46195	46249	46298	46347	46396	46445	46494	46537	46574	46611	46648	46685	46722	46759	46796	46821	46842	46863	46884	46905	46926	46947	46968	46989	47010	47031	47052	47073	47094	47199	47298	47397	47437	47474	47511	47548	47585	47622	47659	47696	47737	47774	47811	47848	47885	47922	47959	47996	48049	48098	48147	48196	48245	48294	48324	48348	48372	48396	48420	48444	48468	48492	48516	48540	48564	48588	48627	48654	48681	48708	48735	48762	48789	48816	48843	48870	48897	48937	48974	49011	49048	49085	49122	49159	49196	49233	49266	49299	49332	49365	49398	49431	49464	49497	49537	49574	49611	49648	49685	49722	49759	49796	49827	49854	49881	49908	49935	49962	49989	50016	50043	50070	50097	50149	50198	50247	50296	50345	50394	50424	50448	50472	50496	50520	50544	50568	50592	50616	50640	50664	50688	50737	50774	50811	50848	50885	50922	50959	50996	51027	51054	51081	51108	51135	51162	51189	51216	51243	51270	51297	51324	51348	51372	51396	51420	51444	51468	51492	51516	51540	51564	51588	51637	51674	51711	51748	51785	51822	51859	51896	51933	51966	51999	52032	52065	52098	52131	52164	52197	52259	52318	52377	52436	52495	52517	52534	52551	52568	52585	52602	52619	52636	52653	52670	52687	52704	52721	52738	52755	52772	52789	52859	52918	52977	53036	53095	53137	53174	53211	53248	53285	53322	53359	53396	53459	53518	53577	53636	53695	53733	53766	53799	53832	53865	53898	53931	53964	53997	54027	54054	54081	54108	54135	54162	54189	54216	54243	54270	54297	54374	54448	54522	54596	54627	54654	54681	54708	54735	54762	54789	54816	54843	54870	54897	55049	55198	55237	55274	55311	55348	55385	55422	55459	55496	55574	55648	55722	55796	55827	55854	55881	55908	55935	55962	55989	56016	56043	56070	56097	56399	56499	56598	56697	56733	56766	56799	56832	56865	56898	56931	56964	56997	57049	57098	57147	57196	57245	57294	57359	57418	57477	57536	57595
ORIGIN
26	16	6	27	19	25	27	23	14	25	23	10	2	22	22	14	14	14	3	23	14	4	26	16	5	14	16	7	9	27	27	7	1	9	1	23	14	14	23	4	1	2	27	3	2	2	14	14	27	6	27	18	7	27	20	8	14	14	17	2	23	3	2	26	3	14	23	14	4	19	4	5	14	1	1	27	14	14	14	3	14	1	23	11	2	14	13	14	14	23	27	24	1	5	5	1	14	1	18	7	27	27	27	1	11	12	17	23	12	2	14	14	20	14	14	4	24	15	4	7	16	14	26	3	23	2	14	14	14	23	10	2	23	4	14	23	14	4	14	14	14	27	7	4	9	1	7	27	20	14	14	23	13	2	27	20	2	14	2	2	14	15	4	24	15	4	26	16	8	27	1	26	14	14	14	14	23	14	17	23	12	2	27	14	14	4	1	14	14	11	8	1	25	14	27	20	8	27	2	14	1	23	20	2	14	14	4	1	7	6	14	14	4	26	27	5	27	14	14	14	2	14	3	14	14	2	2	25	2	23	14	3	23	14	4	27	11	11	23	25	16	14	4	8	27	23	14	1	16	3	3	2	14	2	16	16	14	14	4	4	26	16	5	14	17	17	4	26	14	14	14	14	2	1	6	2	23	13	3	23	10	10	14	24	14	25	14	14	3	26	3	23	23	8	1	22	10	2	25	23	2	5	5	14	14	27	27	26	16	5	1	9	3	1	14	14	14	14	14	2	9	20	2	23	13	2	27	14	5	9	17	17	14	7	14	3	14	14	15	2	8	1	23	10	2	23	12	27	26	26	14	19	14	23	27	3	5	26	25	3	14	26	3	2	3	14	14	23	7	2	2	13	2	23	14	1	23	23	4	1	7	14	23	26	14	26	2	14	1	23	10	1	17	14	2	14	14	14	14	14	27	27	11	6	26	1	6	23	3	7	26	23	26	14	14	26	10	14	26	26	23	14	3	7	14	14	27	7	7	26	26	23	3	1	14	1	23	10	1	14	14	2	24	24	2	27	14	14	14	27	24	20	16	6	27	19	7	27	22	12	12	3	17	27	27	12	23	23	14	3	23	14	1	24	3	3	3	1	14	13	13	26	1	23	9	1	14	11	26	26	2	4	14	14	14	8	8	14	20	8	5	27	18	7	2	20	14	14	14	17	2	22	23	2	2	2	3	23	14	25	24	15	1	7	1	6	14	4	26	14	4	9	1	23	11	2	23	14	14	27	14	14	26	15	14	14	1	5	26	17	7	27	11	3	2	14	2	2	27	14	20	3	14	3	23	14	4	2	15	4	14	22	22	3	3	26	14	25	23	1	23	10	2	23	12	23	14	14	27	23	15	14	2	1	14	26	16	7	27	20	8	27	14	3	9	20	20	2	20	26	14	23	14	3	24	14	4	2	3	3	3	26	14	14	14	14	2	14	10	2	1	12	2	14	1	14	14	14	14	27	11	1	9	16	7	5	19	8	14	8	5	3	23	2	2	14	14	2	23	14	3	24	14	4	1	3	1	26	18	2	2	26	14	3	23	10	1	23	12	2	23	14	14	25	14	27	23	11	14	14	16	6	27	19	23	27	8	23	14	14	10	2	22	14	16	14	14	3	23	14	4	26	5	1	26	14	7	26	26	14	23	14	9	1	23	11	14	23	4	26	14	14	27	11	11	14	1	1	6	27	18	16	27	21	3	14	17	10	22	23	27	2	14	14	3	23	27	8	19	16	25	8	14	7	27	14	3	14	14	9	1	23	23	3	23	13	23	14	14	3	24	3	3	1	14	5	27	18	7	27	20	8	23	17	2	1	23	2	7	26	26
DESTINATION
3	14	17	2	22	14	2	26	3	14	27	14	14	19	19	16	1	25	14	4	9	14	3	14	14	1	16	20	14	23	23	13	23	14	14	27	5	5	1	14	23	27	18	14	27	27	20	8	23	17	2	27	20	2	14	14	20	16	6	14	27	14	27	23	14	26	3	26	14	22	14	14	2	14	14	2	16	4	4	26	16	14	27	15	14	9	7	4	9	27	23	1	23	14	14	23	4	23	27	20	2	2	2	14	15	11	6	27	11	27	20	8	14	1	26	14	2	14	14	23	14	3	14	23	27	14	4	4	5	1	14	14	27	14	8	1	25	14	1	1	2	23	13	14	14	23	20	2	14	5	4	1	7	14	18	7	14	20	27	27	1	11	14	2	14	14	3	14	14	2	14	14	4	15	4	4	7	16	6	27	11	14	23	25	16	14	23	2	10	12	14	23	14	3	2	14	14	2	14	16	14	27	7	27	20	8	14	23	13	17	4	26	14	3	2	14	2	1	1	4	24	4	26	16	8	27	24	14	14	1	25	14	3	26	14	23	12	12	27	14	14	25	23	14	2	27	5	14	14	14	14	27	20	27	14	14	1	1	14	14	3	14	14	2	9	6	14	14	4	16	5	5	27	14	17	14	1	7	14	3	14	14	25	2	25	14	3	3	23	14	26	27	26	14	14	19	14	14	14	4	27	14	14	1	16	23	2	3	14	14	23	14	23	14	4	4	4	16	5	14	17	7	27	1	7	14	23	26	14	17	6	6	2	13	3	23	10	10	11	14	14	14	27	14	14	27	11	23	23	23	1	22	10	27	23	26	14	3	14	26	10	14	26	27	26	16	9	3	20	27	27	7	14	1	26	23	3	27	14	23	13	2	27	14	5	14	24	2	14	27	14	14	9	5	24	2	8	1	10	2	23	23	12	17	3	23	17	27	14	23	3	27	3	25	25	3	14	26	14	3	1	25	14	13	26	2	2	13	13	14	14	1	23	24	4	14	27	14	14	8	2	14	2	2	14	23	10	1	1	23	2	14	14	17	2	22	23	2	2	11	11	26	6	23	23	11	7	1	25	14	4	26	14	1	26	26	26	23	3	7	7	14	14	27	14	14	26	15	14	14	24	14	1	10	1	14	14	2	14	14	14	2	27	20	14	14	2	20	16	6	27	19	7	27	27	22	14	3	26	14	2	14	23	23	23	17	3	23	14	25	14	14	14	27	15	14	27	26	1	23	9	1	14	11	2	1	14	14	3	9	20	2	20	26	14	20	27	27	18	5	7	26	8	14	3	26	14	14	14	14	8	2	2	23	23	14	25	14	1	14	27	14	14	27	11	1	9	9	23	4	11	2	14	14	5	3	16	20	2	14	14	2	1	26	17	7	7	27	11	3	3	1	26	14	2	26	14	24	23	23	23	14	4	2	15	4	22	25	14	14	23	11	14	8	23	1	10	2	2	23	12	23	14	14	20	14	22	14	16	14	14	26	27	27	27	20	8	27	1	26	14	1	26	14	23	14	23	14	27	24	24	14	4	26	27	14	14	27	11	14	1	1	10	14	2	23	1	12	2	16	14	17	2	22	27	2	14	1	9	16	14	27	19	8	14	8	25	14	5	26	14	3	14	23	14	3	20	14	14	4	1	3	14	14	27	20	3	1	14	3	10	10	23	12	12	2	23	14	17	2	27	14	2	7	26	16	6	14	19	7	23	27	8	25	14	4	2	14	22	14	14	14	3	20	2	4	26	5	5	14	14	27	27	14	27	7	1	9	26	14	1	14	14	23	4	14	2	27	20	2	14	14	27	6	27	14	27	27	21	3	3
DUE_DATE
0	30427	30476	30045	31294	30623	30672	30247	30776	30345	30394	30923	30972	30527	30556	30045	30074	31843	31152	30701	30730	30759	31268	30840	30882	32124	31446	31008	30510	32292	30587	31156	31665	31694	31243	30732	32501	30790	31839	31388	31907	31936	31485	31514	32023	32052	31601	31090	31659	31688	31179	32940	32241	32262	31803	31824	31305	33066	33087	31908	31929	32430	33171	33192	33247	32576	32145	32674	33443	33492	32325	32352	31839	33606	31893	32460	32487	33714	33021	33768	33795	33102	32646	32130	33894	33918	32742	33246	32790	34014	33318	33342	32886	34135	33452	34209	33526	33563	33120	33157	32654	34457	33316	32835	33914	34693	33997	34016	33555	34774	34073	34812	34111	34850	34149	33688	33707	34206	33745	33764	33783	33317	35116	34455	34034	33553	35325	35352	35379	34686	34233	34260	34767	35514	34341	33828	34395	34911	34464	33957	35730	35043	35796	35109	35862	35175	34714	35930	35226	35962	35258	34794	34810	35306	34302	34858	34874	36090	35386	36122	35418	36154	35450	34986	34491	36264	35577	35130	34623	35196	36429	36462	35775	35340	35862	35904	36666	36708	36030	35592	35631	36864	35697	35190	35763	36996	37029	36342	35895	35925	36432	37179	37206	35493	36540	36567	36114	35601	37368	36195	36715	37472	37509	36826	36383	36420	36937	37694	37011	36564	36057	37830	37143	36696	37929	36762	37275	36821	36844	38067	37370	37393	38136	38159	37462	37485	37028	36511	38274	37577	37121	37144	36627	37190	38413	37236	37739	37762	38505	38528	38551	37374	38597	37905	37452	37479	37506	36993	37560	38067	38094	38841	38148	37695	37177	38936	38955	37234	38993	38292	37831	37850	38349	37888	37907	38406	39145	39164	38463	38047	37556	39345	38674	39443	39492	38837	38896	38475	39014	38593	38647	38156	38205	39994	40043	40092	39405	39432	40179	40206	39033	39060	39567	39594	39141	38628	39195	39221	40444	40467	40490	39793	40536	39839	40582	39405	39428	39451	39954	39977	39517	40016	39555	40774	40793	39072	40111	40850	40149	40888	40907	39726	39745	39764	39243	41040	40362	40404	39966	39468	40050	41292	39587	41356	40665	41414	40723	41472	40781	40810	40359	39848	41647	40496	40545	40054	41123	41892	40731	41244	41997	41310	42063	41376	40929	40962	42195	41515	41072	41109	41626	41183	42420	41257	41774	41820	42582	41904	42666	41508	41010	42792	42120	41682	41724	41766	41268	42330	41892	43147	41456	43245	42574	43343	43392	42231	41724	43497	42810	42843	42396	42429	42942	42975	42521	43744	43767	42050	43093	43116	43859	43882	43185	42728	42751	43254	42257	42847	44096	43425	42994	44243	44292	43197	44496	43875	44640	44682	44004	43566	43608	44130	43692	44277	43896	44475	45221	45244	44067	43550	44593	45336	45359	45382	44685	44228	44251	45474	44297	44335	44852	44889	45646	44483	43980	45037	45074	45847	44156	44205	45994	45323	45372	44997	45096	45195	44717	46516	45855	46634	45493	46037	46816	46875	45734	46273	46377	45996	45555	46131	46164	46677	46710	47463	46776	47529	46362	46875	47635	47672	46509	47026	46583	46080	47857	46694	46735	47252	47289	47326	46883	48120	46957	48194	48257	47596	47655	47234	46753	48547	47396	47925	46954	47543	48072	48115	47672	48909	48946	47243	49020	48337	49094	49119	48420	47961	48462	48003	47484	48045	48066	48567	48108	49329	49350	48171	49392	48777	49596	49695	49015	48572	48609	49126	49163	48720	49237	49994	50035	48872	48369	50146	49463	50220	49057	50294	49627	49196	49245	50494	49823	49392	49422	49926	50670	50694	49518	49002	50046	50070	50814	49098	50142	50886	50205	49752	49239	49806	49833	49320	51087	50394	51141	49968	51195	50515	51272	50109	50626	50663	50220	51457	50294	50811	50364	50877	50430	51663	50496	51009	51762	51075	51835	51152	50709	50206	51983	51300	50857	51374	50925	50952	52179	51006	52233	51540	51567	52314	51621	51168	50655	50707	52496	51825	51394	51443	50952	52722	52026	52770	51594	52818	52122	52146	52890	52914	51738	51762	52266	52315	51872	51909	52426	51983	53220	53257	51554	53325	53352	52659	53406	52713	52260	52767	52794	52341	51828	52395	52902	52446	53670	53694	53718	53022	53766	53070	53814	52638	52662	52146	53935	53252	52809	52846	52883	54120	54157	52994	52491	54264	53577	54330	53643	53676	53709	53742	53295	54557	53896	52935	53534	53053	53615	54832	53649	54146	54883	54900	54197	54214	53751	53228	54985	54282	54299	53836	53853	53870	55087	54437	54496	54075	55334	55393	54715	54272	55509	54826	54383	54420	54937	54494	54557	55816	54135	55934	55273	54831	56064	56097	55410	54423	56196	55509	55542	55095	54585	55632	55179	56406	56433	56460	55767	55314	55341	55848	56595	56672	56026	56100	55694	56925	55752	55239	55806	57033	57060	56367	55914	55941	56448	57195	57347	57496	56815	56852	56409	57646	56963	57720	57757	56054	57872	57226	56820	58094	57405	58152	57459	58206	57033	58260	57567	58314	58341	57648	58395	58697	57597	57156	57255	59031	59064	59097	58410	59163	58476	58509	58062	59295	59347	58676	59445	59494	58823	58392	58457	59716	59055	59834	59173
TRANSPORT_MODE
0	2	2	1	1	1	0	0	0	2	1	1	1	2	0	0	2	1	1	1	2	0	0	0	0	1	1	1	2	2	0	0	1	1	1	1	2	0	0	0	0	1	1	1	1	2	0	0	0	1	1	1	1	0	0	0	0	3	3	1	1	1	0	0	0	2	1	1	1	3	0	0	0	3	1	1	1	2	0	0	0	1	1	1	1	3	0	0	0	3	1	1	1	2	0	0	0	1	1	1	1	3	0	0	0	1	1	1	1	0	0	0	0	2	2	1	1	1	0	0	0	0	3	1	1	1	2	0	0	2	1	1	1	3	0	0	0	1	1	1	2	2	0	0	0	1	1	1	1	3	0	0	0	0	1	1	1	1	2	0	0	0	1	1	1	1	0	0	0	0	3	3	1	1	2	0	0	0	1	1	1	1	0	0	0	3	3	1	1	1	0	0	0	0	2	1	1	1	3	0	0	3	1	1	1	1	0	0	0	0	2	1	1	1	3	0	0	0	1	1	1	1	0	0	0	0	2	2	1	1	1	0	0	0	3	1	1	1	0	0	0	2	2	1	1	1	0	0	0	0	1	3	1	1	1	0	0	2	2	1	1	1	0	0	0	0	3	1	1	1	1	0	0	0	2	1	1	1	0	0	0	0	1	3	3	1	1	0	0	0	1	2	1	1	0	0	0	1	3	3	1	1	0	0	0	0	1	2	1	1	1	0	0	3	3	1	1	1	0	0	0	0	1	2	1	1	1	0	0	0	1	3	1	1	0	0	0	0	1	2	2	1	1	0	0	0	1	3	1	1	0	0	0	1	2	2	1	1	0	0	0	1	3	1	1	1	0	0	0	1	2	2	1	1	0	0	0	0	1	3	1	1	1	0	0	1	2	1	1	0	0	0	0	1	1	3	3	1	0	0	0	1	2	1	0	1	0	0	0	1	1	3	3	1	0	0	0	1	1	2	1	1	0	0	0	1	3	3	1	1	0	0	0	1	2	1	1	1	0	0	0	1	3	1	1	0	0	0	0	1	1	2	2	1	0	0	0	1	1	3	1	0	0	0	1	1	2	2	1	0	0	0	0	1	1	3	1	1	0	0	1	2	2	1	1	0	0	0	0	1	1	3	1	1	0	0	1	2	2	1	0	1	0	0	0	1	1	3	3	1	0	0	0	1	1	2	1	0	0	0	0	1	1	3	3	1	0	0	0	1	1	2	1	1	0	0	1	3	3	1	1	0	0	0	0	1	2	1	1	1	0	0	0	1	3	3	1	1	0	0	0	0	1	1	2	1	1	0	0	0	1	1	3	1	0	0	0	1	2	2	1	1	0	0	0	1	1	3	1	1	0	0	0	1	2	2	1	1	0	0	0	1	3	1	1	1	0	0	0	1	2	2	1	1	0	0	0	0	1	3	1	1	1	0	0	0	1	2	1	1	0	0	0	1	3	3	1	1	0	0	0	1	2	1	1	1	0	0	0	1	3	3	1	1	0	0	0	1	2	1	1	1	0	0	0	3	3	1	1	1	0	0	0	0	1	2	1	1	1	0	0	0	1	3	1	1	0	0	0	1	2	2	1	1	0	0	0	1	3	1	1	1	0	0	0	2	2	1	1	1	0	0	0	3	1	1	1	1	0	0	0	2	2	1	1	1	0	0	0	0	1	3	1	1	1	0	0	0	2	1	1	1	0	0	0	3	3	1	1	1	0	0	0	3	1	1	1	3	0	0	3	1	1	1	1	0	0	0	0	3	1	1	1	3	0	0	0	3	1	1	1	1	0	0	0	3	1	1	1	1	0	0	0	3	1	1	1	0	0	0	0
PATIENT_WEIGHT
150	146	102	117	32	102	68	36	145	78	63	91	145	38	143	135	112	77	74	83	75	59	77	78	101	148	57	73	109	47	126	39	56	35	144	131	97	107	118	145	101	41	67	119	47	127	37	75	108	141	109	34	70	100	56	55	52	73	113	30	107	138	109	76	54	131	84	53	134	129	79	82	121	69	81	128	31	109	86	117	129	113	71	48	36	81	107	118	80	109	113	108	139	86	111	146	85	73	96	32	137	54	60	51	109	135	57	63	40	140	57	49	100	62	143	89	34	114	134	131	123	71	45	38	71	109	81	124	114	34	94	133	61	123	48	103	123	54	67	104	35	38	107	135	47	30	101	100	39	118	83	34	146	141	55	102	63	42	79	147	88	119	82	97	45	82	32	94	117	148	126	30	56	40	36	110	73	112	130	103	60	112	146	50	89	83	68	116	37	102	94	55	118	56	83	58	90	148	30	52	52	110	86	114	81	52	84	124	103	64	107	86	121	147	55	96	37	150	61	91	85	48	83	94	114	35	141	150	60	131	119	136	53	150	67	95	97	94	139	103	74	35	148	101	107	107	83	50	53	103	54	120	30	46	111	100	67	45	46	62	111	135	67	54	132	72	138	42	118	52	32	134	114	33	150	69	88	71	60	53	117	143	135	49	122	110	68	67	148	120	120	149	48	144	98	35	110	127	32	140	75	121	51	140	51	75	97	64	131	150	81	61	65	37	77	81	39	33	95	51	120	35	68	47	80	41	94	141	59	120	133	76	101	73	48	48	98	49	57	126	67	115	123	129	113	91	143	117	148	56	82	55	31	95	60	130	133	140	121	141	66	111	55	116	137	116	142	56	142	62	76	137	53	68	37	128	57	32	64	64	81	127	42	92	102	101	65	85	85	47	34	107	67	75	133	96	78	120	36	117	33	71	105	124	88	96	45	50	119	145	73	132	45	85	103	84	92	86	118	48	99	30	102	138	115	107	36	44	81	52	130	75	77	144	48	136	136	124	100	147	49	105	109	141	63	32	66	42	39	61	144	71	145	140	81	32	149	121	46	94	81	48	72	31	148	93	104	59	75	32	56	42	42	114	119	31	31	114	67	88	94	114	131	94	137	145	115	118	93	38	89	131	57	67	146	130	68	120	44	36	63	116	78	82	123	118	81	63	95	71	52	132	137	66	108	127	87	35	65	35	118	121	56	119	31	36	81	44	87	98	59	99	91	71	125	98	111	144	42	146	73	32	96	78	44	35	60	115	33	125	68	112	82	116	90	59	108	125	41	68	30	149	100	52	103	38	85	136	62	102	83	142	103	81	55	131	130	49	54	98	126	46	40	120	95	35	46	91	129	96	115	34	93	71	86	150	53	36	121	57	91	79	56	54	135	75	57	33	77	48	127	123	76	135	105	144	61	31	32	116	120	143	52	133	56	93	150	80	79	104	108	106	135	81	93	137	137	106	64	80	66	130	144	60	102	52	136	127	100	113	103	91	72	125	120	93	90	145	133	105	103	46	70	120	115	81	105	144	143	127	90	66	95	54	104	37	86	45	92	118	43	52	74	108	136	77	132	44	147	30	37	98	129	75	72	30	94	98	51	99	105	130	117	108	102	101	108	141	48	143	97	72	91	108	118	140	75	103	101	80	128	86	99	143	40	136	99	78	78	149	60	77	62	146	70	71	138	118	76	100	31	145	112	124	38	107	40	101	33	130	146	52	57	133	44	68	58	68	39	100	32	41	132	141	73	90	96	120	90	49	96	142	137	107	49	50	60	121	51	41	36	150	92	127	133	73	71	92	149	64	88	63	81	67	51	111	80	41	100	30	119
DISTANCE_MATRIX
0	360	318	300	288	276	264	264	150	150	150	60	90	90	162	168	204	228	234	312	360	408	348	318	168	192	168	318
360	60	264	318	324	342	342	342	348	348	354	360	372	378	378	420	420	480	462	498	462	462	384	420	372	420	378	378
318	264	60	270	276	288	288	288	294	294	294	318	318	324	324	414	414	468	462	486	462	462	330	366	366	408	372	324
300	318	270	60	276	288	288	288	288	288	288	300	300	312	318	408	408	468	462	486	438	438	318	360	360	402	360	312
288	324	276	276	60	276	276	276	276	276	276	288	288	300	300	402	396	462	456	480	432	432	300	360	360	402	348	300
276	342	288	288	276	60	180	180	252	258	264	264	264	288	288	390	390	456	450	480	432	432	288	348	348	348	288	288
264	342	288	288	276	180	60	180	246	258	264	264	264	288	288	390	390	456	450	480	432	432	288	348	348	348	288	288
264	342	288	288	276	180	180	60	240	258	264	264	264	288	288	390	390	456	450	480	432	432	288	348	348	348	288	288
150	348	294	288	276	252	246	240	60	120	120	150	126	270	270	378	384	420	438	480	420	408	276	300	300	300	276	270
150	348	294	288	276	258	258	258	120	60	120	150	150	270	270	378	384	420	438	480	420	408	276	300	300	300	276	270
150	354	294	288	276	264	264	264	120	120	60	150	150	270	270	378	384	420	438	480	420	408	276	300	300	300	276	270
60	360	318	300	288	264	264	264	150	150	150	60	90	162	168	228	234	312	360	408	348	318	168	192	192	198	168	162
90	372	318	300	288	264	264	264	150	150	150	90	60	162	168	228	234	312	360	408	348	318	168	192	192	198	168	162
90	378	324	312	300	288	288	288	270	270	270	162	162	60	120	180	180	306	210	360	300	300	120	180	120	180	120	234
162	378	324	318	300	288	288	288	270	270	270	168	168	120	60	180	180	306	210	360	300	300	120	180	120	180	120	120
168	420	414	408	402	348	348	348	300	300	300	228	228	180	180	60	132	204	132	348	258	258	186	60	180	132	222	180
204	420	414	408	396	390	390	390	384	384	384	234	234	180	180	132	60	204	132	348	258	258	186	60	180	132	222	180
228	480	468	468	462	456	456	456	420	420	420	312	312	306	306	204	204	60	198	120	240	240	306	204	306	138	306	306
234	462	462	462	456	450	450	450	438	438	438	360	360	210	210	132	132	198	60	138	132	132	210	132	210	132	210	210
312	498	486	486	480	480	480	480	480	480	480	408	408	360	360	348	348	120	138	60	348	348	360	348	360	348	360	360
360	462	462	438	432	432	432	432	420	420	420	348	348	300	300	258	258	240	132	348	60	60	300	258	300	258	300	300
408	462	462	438	432	432	432	432	408	408	408	318	318	300	300	258	258	240	132	348	60	60	300	258	300	258	300	300
348	384	330	318	300	288	288	288	276	276	276	168	168	120	120	186	186	306	210	360	300	300	60	186	120	186	120	120
318	420	366	360	360	348	348	348	300	300	300	192	192	180	180	60	60	204	132	348	258	258	186	60	180	60	180	180
168	372	300	306	300	288	288	288	270	270	270	168	168	120	120	180	180	306	210	360	300	300	120	180	60	180	120	120
192	420	408	402	402	348	348	348	300	300	300	198	198	180	180	132	132	138	132	348	258	258	186	60	180	60	180	180
168	378	372	360	348	288	288	288	276	276	276	168	168	120	120	222	222	306	210	360	300	300	120	180	120	180	60	120
318	378	324	312	300	288	288	288	270	270	270	162	162	234	120	180	180	306	210	360	300	300	120	180	120	180	120	60
DEPOTS_DISTANCE
234	462	462	462	456	450	450	450	438	438	438	360	360	210	210	132	132	198	60	138	132	132	210	132	210	132	210	210	
348	384	330	318	300	288	288	288	276	276	276	168	168	120	120	186	186	306	210	360	300	300	60	186	120	186	120	120	
318	420	366	360	360	348	348	348	300	300	300	192	192	180	180	60	60	204	132	348	258	258	186	60	180	60	180	180	
LOCATION_TURN_MATRIX
100	130	122	113	112	199	136	122	129	152	173	146	151	136	158	140	176	113	122	167	194	134	110	172	114	184	100	147	
170	100	154	188	164	169	136	136	152	170	104	183	155	115	101	104	155	187	174	115	149	134	178	168	114	135	168	102	
178	146	100	161	178	114	104	165	117	139	126	169	192	109	120	179	160	152	154	134	113	140	154	179	196	196	192	181	
187	112	139	100	158	114	195	181	104	132	195	106	183	169	132	170	140	136	172	148	116	110	123	136	151	120	176	169	
188	136	122	142	100	175	164	159	112	100	167	164	135	191	132	181	104	123	142	156	108	117	193	182	116	147	156	185	
101	131	186	186	125	100	190	147	164	150	137	102	145	176	185	131	113	108	117	186	118	151	140	178	154	189	172	110	
164	164	196	105	136	110	100	186	153	151	183	193	111	157	144	123	188	142	110	163	105	190	166	187	170	171	186	126	
178	164	135	119	141	153	114	100	106	130	108	103	151	178	122	151	130	133	184	177	110	141	166	110	122	174	191	197	
171	148	183	196	188	136	147	194	100	167	100	146	168	129	128	142	172	118	174	147	105	158	156	160	120	106	119	136	
148	130	161	168	200	150	149	170	133	100	177	106	175	116	188	180	176	194	108	146	130	187	183	173	128	141	169	176	
127	196	174	105	133	163	117	192	200	123	100	171	175	140	183	115	104	186	128	153	151	175	100	146	191	117	132	197	
154	117	131	194	136	198	107	197	154	194	129	100	136	184	140	147	172	184	148	131	103	156	185	200	152	158	154	143	
149	145	108	117	165	155	189	149	132	125	125	164	100	140	199	142	101	144	163	185	117	191	200	143	113	165	102	154	
164	185	191	131	109	124	143	122	171	184	160	116	160	100	109	116	196	113	131	186	166	139	183	175	144	161	105	170	
142	199	180	168	168	115	156	178	172	112	117	160	101	191	100	147	177	177	199	158	172	188	164	175	180	168	154	195	
160	196	121	130	119	169	177	149	158	120	185	153	158	184	153	100	152	159	197	157	181	159	102	123	168	200	124	186	
124	145	140	160	196	187	112	170	128	124	196	128	199	104	123	148	100	149	114	112	117	135	105	132	138	180	198	156	
187	113	148	164	177	192	158	167	182	106	114	116	156	187	123	141	151	100	166	132	168	163	159	123	129	173	161	116	
178	126	146	128	158	183	190	116	126	192	172	152	137	169	101	103	186	134	100	184	199	137	130	160	148	113	140	150	
133	185	166	152	144	114	137	123	153	154	147	169	115	114	142	143	188	168	116	100	111	195	128	157	191	164	141	171	
106	151	187	184	192	182	195	190	195	170	149	197	183	134	128	119	183	132	101	189	100	129	151	163	147	166	104	177	
166	166	160	190	183	149	110	159	142	113	125	144	109	161	112	141	165	137	163	105	171	100	101	185	169	129	103	197	
190	122	146	177	107	160	134	134	144	117	200	115	100	117	136	198	195	141	170	172	149	199	100	106	150	116	118	145	
128	132	121	164	118	122	113	190	140	127	154	100	157	125	125	177	168	177	140	143	137	115	194	100	128	167	115	155	
186	186	104	149	184	146	130	178	180	172	109	148	187	156	120	132	162	171	152	109	153	131	150	172	100	155	124	184	
116	165	104	180	153	111	129	126	194	159	183	142	135	139	132	100	120	127	187	136	134	171	184	133	145	100	129	192	
200	132	108	124	144	128	114	109	181	131	168	146	198	195	146	176	102	139	160	159	196	197	182	185	176	171	100	146	
153	198	119	131	115	190	174	103	164	124	103	157	146	130	105	114	144	184	150	129	123	103	155	145	116	108	154	100	
DEPOTS_TO_LOCAL_TURN_MATRIX
178	126	146	128	158	183	190	116	126	192	172	152	137	169	101	103	186	134	100	184	199	137	130	160	148	113	140	150	
190	122	146	177	107	160	134	134	144	117	200	115	100	117	136	198	195	141	170	172	149	199	100	106	150	116	118	145	
128	132	121	164	118	122	113	190	140	127	154	100	157	125	125	177	168	177	140	143	137	115	194	100	128	167	115	155	
LOCAL_TO_DEPOT_TURN_MATRIX
122	174	154	172	142	117	110	184	174	108	128	148	163	131	199	197	114	166	100	116	101	163	170	140	152	187	160	150	
110	178	154	123	193	140	166	166	156	183	100	185	200	183	164	102	105	159	130	128	151	101	100	194	150	184	182	155	
172	168	179	136	182	178	187	110	160	173	146	200	143	175	175	123	132	123	160	157	163	185	106	100	172	133	185	145	

