INDEX_PROBLEM
1
PATIENTS
800
STRETCHERS
16
NUM_ROOM
28
NUM_DEPOT
3
NUM_PRIORITY
4
PRIORITY_LIST
0	1	2	3	4
PRIORITY_WEIGHT
0	1	10	18	30
PRIORITY_JOB
0	1	2	3	4	2	3	4	3	2	3	4	1	4	3	3	2	3	4	1	2	4	3	4	3	4	2	3	3	3	4	3	4	1	2	3	4	4	4	3	4	2	3	3	4	4	3	3	1	2	3	4	2	4	3	4	3	1	2	4	3	1	1	2	1	2	3	4	1	4	3	4	1	4	1	2	3	2	1	2	4	2	3	3	4	3	4	3	1	1	4	1	2	1	1	2	3	3	4	2	3	3	4	3	1	1	4	1	2	1	2	1	3	3	4	4	2	2	4	4	3	1	3	1	2	2	1	2	3	4	4	1	2	4	3	4	2	1	3	4	2	1	1	2	3	4	4	1	2	3	3	4	1	3	1	4	2	3	2	1	3	4	4	3	1	2	2	4	3	3	1	4	2	2	1	2	1	3	4	1	2	4	3	4	4	3	1	1	4	1	2	1	2	2	3	4	2	3	4	3	3	1	1	4	4	2	2	1	3	1	2	3	4	2	4	3	3	3	1	1	3	4	1	2	1	4	1	2	3	4	4	4	3	2	2	1	3	2	1	2	4	1	2	2	3	4	4	3	4	1	2	1	3	1	2	2	4	2	3	4	4	4	3	4	1	1	2	1	3	4	2	1	2	3	3	4	4	3	3	4	2	1	2	1	3	4	1	2	1	2	2	3	4	4	3	4	1	2	1	1	3	2	1	2	3	4	2	2	3	4	4	3	4	2	1	1	3	2	1	2	4	4	1	2	3	4	3	4	4	2	1	1	3	1	2	1	3	3	4	1	2	3	4	3	4	4	4	1	2	2	1	2	2	3	1	2	3	3	4	4	4	4	1	2	1	2	2	1	2	3	4	2	3	3	4	3	4	4	1	1	2	2	1	2	3	4	2	3	3	3	4	4	1	4	1	2	1	3	2	1	4	2	2	4	3	3	4	3	2	1	2	1	1	3	1	2	2	4	4	2	2	4	4	3	3	2	3	1	1	1	2	1	4	4	4	1	2	3	3	3	4	2	1	1	3	2	1	1	4	3	4	4	1	2	4	3	4	3	4	2	1	1	2	2	1	2	3	2	1	3	3	4	4	4	4	1	2	2	2	1	2	3	4	1	2	3	3	4	3	4	4	1	1	2	2	1	2	3	4	2	3	3	3	4	3	4	1	2	1	3	1	1	2	4	2	2	3	4	4	3	4	1	2	1	3	4	2	1	2	2	2	3	4	4	3	4	3	2	3	1	1	4	1	2	1	4	1	2	3	4	3	4	4	2	3	1	1	3	2	1	2	4	1	2	3	3	4	3	4	4	2	1	1	2	1	1	2	3	1	2	3	4	3	4	4	3	4	2	1	2	1	2	2	3	2	3	4	4	4	3	3	1	2	1	3	4	1	2	1	2	3	3	4	1	4	3	4	1	2	3	1	4	4	2	1	2	3	3	1	2	3	3	4	3	4	1	4	2	1	2	1	2	3	2	3	2	4	3	4	4	4	1	1	1	2	1	2	2	3	4	2	3	3	3	4	3	1	1	4	1	1	2	1	2	3	4	4	2	3	4	3	3	1	1	3	1	1	2	1	2	3	4	4	2	3	4	4	2	1	3	2	2	1	2	1	3	4	4	1	2	3	4	3	3	1	4	2	3	2	1	3	4	1	2	3	2	3	4	3	4	1	2	3	3	1	2	1	4	1	2	3	4	4	3	4	1	2	2	3	4	1	2	1	1	2	3	4	2	2	1	1	1	4	1	2	1	2	1	2	1	3	4	2	3	1	1	1	1	3	4	1	2	1	2	1	1	2	3	4	2	2	1	2	1	1	3	3	4	1	2	1
TIME_ASKED
0	28849	28898	28947	28996	29045	29094	29149	29198	29247	29296	29345	29394	29429	29458	29487	29516	29545	29574	29603	29632	29661	29690	29742	29784	29826	29868	29910	29952	29994	30029	30058	30087	30116	30145	30174	30203	30232	30261	30290	30329	30358	30387	30416	30445	30474	30503	30532	30561	30590	30621	30642	30663	30684	30705	30726	30747	30768	30789	30810	30831	30852	30873	30894	30949	30998	31047	31096	31145	31194	31227	31254	31281	31308	31335	31362	31389	31416	31443	31470	31497	31524	31548	31572	31596	31620	31644	31668	31692	31716	31740	31764	31788	31837	31874	31911	31948	31985	32022	32059	32096	32159	32218	32277	32336	32395	32419	32438	32457	32476	32495	32514	32533	32552	32571	32590	32609	32628	32647	32666	32685	32759	32818	32877	32936	32995	33027	33054	33081	33108	33135	33162	33189	33216	33243	33270	33297	33333	33366	33399	33432	33465	33498	33531	33564	33597	33616	33632	33648	33664	33680	33696	33712	33728	33744	33760	33776	33792	33808	33824	33840	33856	33872	33888	33933	33966	33999	34032	34065	34098	34131	34164	34197	34242	34284	34326	34368	34410	34452	34494	34533	34566	34599	34632	34665	34698	34731	34764	34797	34827	34854	34881	34908	34935	34962	34989	35016	35043	35070	35097	35137	35174	35211	35248	35285	35322	35359	35396	35433	35466	35499	35532	35565	35598	35631	35664	35697	35723	35746	35769	35792	35815	35838	35861	35884	35907	35930	35953	35976	35999	36023	36046	36069	36092	36115	36138	36161	36184	36207	36230	36253	36276	36299	36327	36354	36381	36408	36435	36462	36489	36516	36543	36570	36597	36619	36638	36657	36676	36695	36714	36733	36752	36771	36790	36809	36828	36847	36866	36885	36949	36998	37047	37096	37145	37194	37259	37318	37377	37436	37495	37549	37598	37647	37696	37745	37794	37827	37854	37881	37908	37935	37962	37989	38016	38043	38070	38097	38123	38146	38169	38192	38215	38238	38261	38284	38307	38330	38353	38376	38399	38419	38438	38457	38476	38495	38514	38533	38552	38571	38590	38609	38628	38647	38666	38685	38742	38784	38826	38868	38910	38952	38994	39029	39058	39087	39116	39145	39174	39203	39232	39261	39290	39349	39398	39447	39496	39545	39594	39633	39666	39699	39732	39765	39798	39831	39864	39897	39937	39974	40011	40048	40085	40122	40159	40196	40242	40284	40326	40368	40410	40452	40494	40542	40584	40626	40668	40710	40752	40794	40849	40898	40947	40996	41045	41094	41133	41166	41199	41232	41265	41298	41331	41364	41397	41423	41446	41469	41492	41515	41538	41561	41584	41607	41630	41653	41676	41699	41749	41798	41847	41896	41945	41994	42099	42198	42297	42342	42384	42426	42468	42510	42552	42594	42699	42798	42897	42923	42946	42969	42992	43015	43038	43061	43084	43107	43130	43153	43176	43199	43237	43274	43311	43348	43385	43422	43459	43496	43549	43598	43647	43696	43745	43794	43899	43998	44097	44159	44218	44277	44336	44395	44459	44518	44577	44636	44695	44799	44898	44997	45033	45066	45099	45132	45165	45198	45231	45264	45297	45337	45374	45411	45448	45485	45522	45559	45596	45637	45674	45711	45748	45785	45822	45859	45896	45959	46018	46077	46136	46195	46249	46298	46347	46396	46445	46494	46537	46574	46611	46648	46685	46722	46759	46796	46821	46842	46863	46884	46905	46926	46947	46968	46989	47010	47031	47052	47073	47094	47199	47298	47397	47437	47474	47511	47548	47585	47622	47659	47696	47737	47774	47811	47848	47885	47922	47959	47996	48049	48098	48147	48196	48245	48294	48324	48348	48372	48396	48420	48444	48468	48492	48516	48540	48564	48588	48627	48654	48681	48708	48735	48762	48789	48816	48843	48870	48897	48937	48974	49011	49048	49085	49122	49159	49196	49233	49266	49299	49332	49365	49398	49431	49464	49497	49537	49574	49611	49648	49685	49722	49759	49796	49827	49854	49881	49908	49935	49962	49989	50016	50043	50070	50097	50149	50198	50247	50296	50345	50394	50424	50448	50472	50496	50520	50544	50568	50592	50616	50640	50664	50688	50737	50774	50811	50848	50885	50922	50959	50996	51027	51054	51081	51108	51135	51162	51189	51216	51243	51270	51297	51324	51348	51372	51396	51420	51444	51468	51492	51516	51540	51564	51588	51637	51674	51711	51748	51785	51822	51859	51896	51933	51966	51999	52032	52065	52098	52131	52164	52197	52259	52318	52377	52436	52495	52517	52534	52551	52568	52585	52602	52619	52636	52653	52670	52687	52704	52721	52738	52755	52772	52789	52859	52918	52977	53036	53095	53137	53174	53211	53248	53285	53322	53359	53396	53459	53518	53577	53636	53695	53733	53766	53799	53832	53865	53898	53931	53964	53997	54027	54054	54081	54108	54135	54162	54189	54216	54243	54270	54297	54374	54448	54522	54596	54627	54654	54681	54708	54735	54762	54789	54816	54843	54870	54897	55049	55198	55237	55274	55311	55348	55385	55422	55459	55496	55574	55648	55722	55796	55827	55854	55881	55908	55935	55962	55989	56016	56043	56070	56097	56399	56499	56598	56697	56733	56766	56799	56832	56865	56898	56931	56964	56997	57049	57098	57147	57196	57245	57294	57359	57418	57477	57536	57595
ORIGIN
26	16	6	27	19	25	27	23	14	4	23	10	2	14	14	14	16	14	3	23	4	14	26	16	14	14	14	7	9	14	7	24	14	9	1	23	14	14	23	4	14	2	2	3	2	14	14	27	9	6	27	18	7	27	20	8	14	14	17	2	23	14	2	26	3	14	23	14	14	19	4	5	14	25	14	27	14	9	3	14	14	14	23	11	2	3	14	14	14	26	3	24	1	5	1	14	27	4	18	7	27	27	27	1	27	14	14	23	20	2	14	14	14	14	14	4	24	15	4	7	16	25	5	5	3	22	14	14	14	2	10	2	23	4	14	14	16	4	26	27	14	14	14	5	1	1	23	27	20	14	14	23	2	2	14	27	27	2	2	14	2	15	14	24	15	4	8	16	23	15	4	26	14	14	14	23	14	14	14	23	12	2	27	14	14	5	5	14	27	14	14	8	5	25	1	20	8	23	23	14	1	23	1	2	14	5	4	1	1	14	14	14	4	11	27	5	27	14	27	20	11	14	2	14	1	14	14	25	2	23	14	3	1	14	6	26	27	14	23	25	25	14	16	8	27	23	14	23	23	12	14	14	14	27	27	16	16	2	1	7	26	4	5	14	23	17	8	26	26	15	2	14	14	2	16	4	23	13	3	23	2	10	3	14	14	1	25	14	24	14	26	17	23	8	23	22	10	2	14	2	2	5	1	1	14	11	27	27	16	5	1	9	3	1	23	20	20	14	14	2	2	24	14	4	13	2	27	14	5	6	14	14	14	7	14	3	3	14	27	2	8	1	23	10	23	23	12	6	6	14	4	19	19	23	2	8	5	26	25	3	14	10	2	2	14	23	14	14	14	23	8	4	2	23	14	1	23	23	7	8	7	23	26	23	26	14	5	2	1	23	10	1	1	14	11	14	14	14	27	14	14	27	11	23	26	1	14	23	1	14	23	27	14	3	3	14	26	2	2	26	23	14	3	7	14	14	27	14	14	1	26	23	23	1	20	20	23	10	1	14	14	24	14	14	14	27	14	14	9	5	5	2	16	6	27	19	7	27	22	23	27	12	23	26	27	12	27	3	14	3	23	14	3	26	3	3	1	25	14	13	26	14	2	1	9	26	14	11	26	26	14	27	27	14	14	8	17	2	14	26	5	27	18	7	2	24	14	14	14	14	2	22	23	23	2	27	3	23	14	26	24	7	1	26	25	25	4	26	26	14	26	26	1	23	11	27	14	14	27	27	14	26	26	15	14	14	1	1	26	17	7	14	11	14	2	14	14	27	27	20	14	2	15	20	23	14	4	2	15	4	22	23	14	3	26	3	2	23	14	1	23	10	2	3	12	14	14	3	3	27	27	15	2	1	23	26	16	7	27	14	1	14	14	3	9	20	20	26	20	20	8	23	14	3	24	14	4	2	11	3	3	14	14	14	14	14	2	14	10	2	1	12	14	14	14	14	27	14	14	26	11	1	4	14	7	26	19	2	14	3	16	3	16	20	2	1	14	1	14	14	3	24	14	11	3	1	1	26	18	14	2	26	14	24	3	10	1	23	12	2	23	24	25	14	14	27	23	11	15	1	16	6	27	19	23	27	1	14	20	20	20	22	14	16	16	9	14	3	23	14	20	20	14	14	26	14	7	26	26	20	26	2	9	1	23	26	14	23	26	23	14	14	27	11	11	14	1	14	6	27	18	14	27	21	16	14	17	10	22	22	27	2	14	14	3	23	27	8	8	16	25	14	25	7	27	14	14	26	26	9	1	23	14	11	4	13	27	14	14	3	24	3	1	3	1	5	27	18	7	27	20	8	23	17	2	1	23	2	2	7	14
DESTINATION
3	14	17	2	22	14	2	26	3	23	27	14	14	8	8	16	14	25	14	4	14	9	3	14	9	9	1	20	14	4	13	1	26	14	14	27	5	5	1	14	5	27	27	14	27	20	8	23	14	17	2	27	20	2	14	14	26	16	6	14	27	25	27	23	14	5	3	26	2	22	14	14	16	14	16	2	4	14	26	16	5	26	27	15	14	14	16	5	9	14	26	1	23	14	23	4	2	14	27	20	2	2	2	14	2	9	9	27	7	27	20	8	8	4	26	14	2	14	14	23	14	14	14	14	23	19	4	5	5	14	14	14	27	14	8	5	14	14	14	23	2	2	3	14	23	23	1	2	14	5	4	1	27	14	4	18	18	27	27	1	27	11	20	2	14	14	14	14	1	11	14	14	4	15	4	7	16	8	26	27	11	14	23	25	16	14	14	2	23	4	4	14	14	14	14	14	14	27	27	16	14	1	23	27	20	14	14	23	23	2	3	26	14	15	2	14	2	16	2	14	15	4	24	16	23	8	26	14	14	1	25	14	24	26	17	14	23	2	27	14	14	25	14	14	2	27	5	1	1	11	20	1	20	23	23	14	14	14	23	20	3	14	14	2	1	6	14	14	14	11	27	5	5	27	14	14	1	7	14	3	27	14	14	25	25	23	14	3	1	5	14	6	26	14	4	19	14	14	8	27	27	14	23	23	1	12	2	2	14	14	23	14	23	14	1	7	7	4	5	14	14	1	8	14	7	14	23	26	14	17	16	4	4	13	3	23	23	10	23	14	14	14	27	14	1	27	11	17	17	8	23	22	22	1	27	14	14	3	14	26	2	14	27	27	5	1	9	2	9	3	14	14	14	1	26	23	3	3	20	14	13	27	14	3	14	5	14	14	14	27	14	14	14	5	15	2	8	8	23	10	10	23	12	27	3	23	26	27	23	1	27	2	8	26	26	25	3	14	14	3	1	25	14	13	26	2	2	8	4	23	14	1	1	14	7	7	27	14	14	8	2	2	5	2	1	23	10	1	17	14	14	14	14	17	2	22	23	2	2	27	23	11	1	14	23	11	23	26	25	14	4	26	26	14	26	26	23	14	3	7	14	1	27	23	14	14	26	15	14	14	1	23	23	10	1	14	9	24	2	14	14	2	27	20	14	1	5	2	16	16	27	19	7	7	22	23	14	3	26	3	2	23	23	3	14	14	23	14	3	26	3	3	14	27	15	2	2	1	23	2	26	14	14	11	26	26	14	14	3	9	20	26	20	20	14	26	5	18	18	7	2	27	11	14	3	26	14	14	14	14	2	27	3	23	14	26	24	7	2	14	27	14	14	26	11	16	4	26	26	23	23	11	27	14	27	3	16	20	2	1	14	1	1	26	17	7	7	14	11	14	14	1	26	14	2	26	14	14	15	23	23	4	2	2	15	4	22	25	14	14	23	11	15	1	1	1	23	2	2	3	12	24	14	20	20	14	22	14	16	26	16	26	16	7	27	14	1	14	9	26	14	1	26	20	26	23	23	14	27	3	24	14	4	2	14	14	14	27	11	14	1	2	14	10	10	23	1	12	14	14	14	17	2	22	27	2	14	4	14	14	7	19	2	14	14	14	25	14	5	26	14	14	26	1	14	3	20	14	14	11	3	27	14	14	27	3	3	1	3	1	10	1	23	12	12	2	23	25	17	2	27	16	2	7	14	16	6	14	19	19	23	27	1	25	14	4	2	14	14	14	14	3	14	20	2	20	20	14	14	14	14	27	26	20	14	7	2	9	26	14	1	14	23	26	24	14	2	27	20	2	14	14	27	6	27	14	27	27	27	21	16
DUE_DATE
0	31147	30476	30045	29554	30623	30192	29707	30296	30825	30394	29903	31692	29987	30556	30585	31094	30643	30132	31901	31210	30219	30788	30300	30882	30384	31446	31008	31050	31092	30587	31156	30645	32414	31723	31272	30761	30790	30819	31388	30887	31936	31485	31514	31003	31032	31601	31630	32859	32168	31719	31200	32241	31242	31803	31284	31845	33066	32367	31368	31929	33150	33171	32472	33247	32576	32145	31654	33443	31752	32325	31812	33579	31866	33633	32940	32487	32994	33741	33048	32055	33102	32646	32670	32154	32718	32202	32766	33990	34014	32298	34062	33366	34135	34172	33489	33046	33083	32580	33637	33194	33257	32776	33375	34634	34693	32977	34736	34035	34774	34073	34812	33631	33650	33129	33148	34187	34206	33205	33224	33783	35057	33916	35175	34514	34573	35325	34632	34179	33666	33693	35460	34767	33774	34341	33828	34875	35631	34464	33957	35010	35763	35796	35109	34662	34155	34174	35930	35226	34762	34778	34254	36010	34826	36042	34318	35354	34890	35386	36122	34938	34414	34430	34986	36231	35544	35577	34590	35163	35196	36429	34722	35775	35820	36582	35904	36666	35508	35010	36792	36111	35124	35697	35190	35223	35796	37029	37062	35355	37125	36432	37179	36486	36513	36060	35547	36594	36141	35628	36195	36235	37472	37509	35806	35843	36900	36937	37694	36531	37764	37077	36630	36123	37176	36189	36762	36795	36821	38044	38067	36890	36373	38136	37439	38182	36465	38228	37531	37074	36557	36581	36604	37167	37670	37693	38436	37259	37762	38505	37808	36811	38574	37877	37905	37452	36939	36966	37533	37020	38787	38094	38841	37668	38895	38197	38216	37215	38254	37793	37272	37291	37310	37869	37348	39107	39126	38425	39164	37983	37507	38576	39345	38674	38243	38292	37817	37876	38475	38534	38053	39127	39896	39225	39994	38843	38352	40125	39432	40179	39486	39513	39060	38547	38574	39141	38628	40395	39701	40444	40467	39290	39793	40536	39839	39382	38865	39908	39931	39474	38957	38977	39536	39015	40054	40793	40812	39631	40130	40869	40168	39167	39186	40945	40244	39783	39300	39882	39384	39426	40488	41250	41292	40127	41356	40665	41414	40243	40272	39761	41530	40839	40388	39907	40496	40005	40054	40103	41892	41211	41244	41997	41310	41343	40896	42129	41442	40995	41035	40532	40569	40606	40643	42420	41737	42494	41820	41862	42624	41946	41508	41010	42072	41640	41682	41184	41766	41268	41310	43092	43147	42476	42525	43294	42623	42192	41691	42744	42297	42330	42363	41856	41889	43662	41955	43721	43024	43767	42590	43093	43836	42119	43162	43185	42188	42751	42774	42257	42847	43376	44145	43474	44243	44292	43197	44496	43875	43920	42942	42984	44046	44088	43110	43152	43797	43896	44475	44021	45244	45267	45290	44593	45336	43619	43642	43665	45428	44731	44274	44297	44335	43832	44889	45646	45683	44520	45037	45794	45847	44156	44745	44254	44303	46092	45477	44556	45195	44717	45316	44835	45914	46693	46757	46096	46155	46934	46273	45897	46476	47295	46131	46164	45657	45690	45723	45756	47529	46842	46875	46915	47672	46989	46546	46043	47820	47137	46694	46735	46232	46809	46306	46343	48120	48157	47474	47537	48316	47655	47234	46753	47827	47396	47445	47494	47003	47592	47095	48872	48189	48946	47783	49020	49057	48374	47379	48420	48441	47982	47463	47484	48045	47526	49287	48588	49329	48150	47631	48672	49497	48876	48975	49015	48572	48069	48106	48683	48180	48757	49274	48835	50072	50109	48406	50183	49500	50257	48554	50347	49676	49245	48754	49343	48852	48882	49926	49470	50694	50718	49542	50046	50790	50094	49098	50862	50166	49725	49752	49239	49806	49293	49320	50367	51114	51141	50448	51195	51235	50552	50109	51346	50663	50220	49717	50294	49791	49824	50397	49890	50943	51696	51009	51762	51075	51115	50672	51189	50746	50243	50280	50317	50894	50925	52152	51459	52206	51033	50520	52287	51594	52341	51648	51195	51247	50756	52545	50854	51443	50952	52722	52026	51570	52794	51078	51102	52146	52890	52194	51738	51762	52986	52315	51872	51909	51406	51983	51480	53257	51554	52605	53352	52659	53406	52713	52260	52767	52314	52821	51828	52395	51882	51906	51930	53694	53718	53742	53046	53790	53094	53118	52662	52146	53215	52772	52809	52846	52343	52920	54157	54194	52491	54264	54297	53610	54363	53676	53229	52722	52755	53837	53416	52935	53534	53593	54815	54832	53649	54866	54883	54180	54917	54214	53751	53228	53245	54282	53819	53296	53313	54350	55087	53957	54496	54555	55334	54673	55435	54272	53769	53806	55583	54900	54457	53954	54557	54616	55875	54194	55273	54831	55344	56097	54930	54423	56196	55509	55062	55575	55125	54612	55179	54666	56433	55740	55287	55314	56541	55848	56595	54932	56746	56100	55694	55185	55212	55779	55266	57033	56340	56367	55914	55401	57168	56475	57347	57496	56815	56372	55869	56926	56963	57720	57757	57794	56132	57946	57300	58094	57405	58152	57459	58206	57033	56520	57567	57114	58341	58368	58395	58697	57597	57156	58995	58311	59064	58377	59130	59163	58476	58029	57522	58575	58627	59396	58725	59494	59543	58392	58457	57976	59775	59114	59893
TRANSPORT_MODE
0	2	1	1	1	2	0	0	0	1	1	1	2	0	0	0	2	1	1	1	1	0	0	0	2	1	1	1	2	0	0	0	2	1	1	1	2	0	0	0	1	1	1	1	2	0	0	0	2	1	1	1	1	0	0	0	0	3	1	1	1	2	0	0	0	1	1	1	3	0	0	0	3	1	1	1	2	0	0	0	1	1	1	1	0	0	0	0	3	3	1	1	1	0	0	0	0	2	1	1	1	1	0	0	3	3	1	1	1	0	0	0	0	2	1	1	1	1	0	0	0	3	1	1	1	0	0	0	2	2	1	1	1	0	0	0	0	3	1	1	1	0	0	0	1	2	2	1	1	0	0	0	0	1	3	1	1	1	0	0	2	1	2	0	1	1	0	0	0	1	3	1	1	1	0	0	0	1	2	1	1	0	0	0	0	1	3	3	1	1	0	0	0	1	2	1	1	0	0	0	1	3	3	1	1	0	0	0	0	1	1	2	1	1	0	0	0	1	3	3	1	1	0	0	0	1	1	2	1	1	0	0	0	1	1	3	1	0	0	0	1	1	0	2	2	1	0	0	0	1	1	3	1	0	0	0	1	1	2	2	1	0	0	0	0	1	1	3	1	1	0	0	1	1	2	2	1	0	0	0	0	1	1	3	1	1	0	0	0	1	1	2	1	0	0	0	1	1	3	3	1	0	0	0	0	1	1	2	1	0	0	0	1	1	3	3	1	0	0	0	1	1	2	1	1	0	0	0	1	1	3	3	1	0	0	0	0	1	1	1	2	1	0	0	0	1	1	3	1	0	0	0	1	1	2	2	1	0	0	0	1	1	3	1	0	0	0	0	1	1	2	2	1	0	0	0	1	1	1	3	1	0	0	0	1	1	2	2	1	0	0	0	0	1	1	1	3	1	0	0	1	1	2	2	1	0	0	0	0	1	1	3	3	1	0	0	0	1	1	2	1	0	0	0	1	1	1	3	3	0	0	0	0	1	1	1	2	1	0	0	1	1	3	3	1	0	0	0	0	1	1	1	2	1	0	0	0	1	1	1	3	3	0	0	0	1	1	2	1	1	0	0	0	1	1	3	1	0	0	0	1	1	2	0	1	2	0	0	0	1	1	1	3	1	0	0	0	1	1	2	2	1	0	0	0	1	1	1	3	1	0	0	0	1	1	2	2	1	0	0	0	1	1	3	1	1	0	0	0	1	1	2	1	0	0	0	0	1	1	3	3	1	0	0	0	1	1	1	2	1	0	0	0	1	1	3	3	1	0	0	0	1	1	1	2	0	1	0	0	1	1	3	3	1	0	0	0	1	1	2	1	1	0	0	0	0	1	1	3	1	0	0	0	1	1	2	2	1	0	0	0	1	1	3	1	1	0	0	0	1	1	2	2	1	0	0	0	0	1	1	3	1	1	0	0	1	1	2	2	1	0	0	0	1	1	3	1	1	0	0	0	1	1	2	1	0	0	0	0	1	1	3	3	1	0	0	0	1	1	2	1	1	0	0	0	1	3	3	1	1	0	0	0	1	1	2	1	1	0	0	0	1	3	3	1	1	0	0	0	1	2	1	1	1	0	0	0	1	3	1	1	0	0	0	0	1	2	2	1	1	0	0	0	1	3	1	1	1	0	0	1	2	2	1	1	0	0	0	0	1	3	1	1	1	0	0	0	1	2	2	1	1	0	0	0	3	1	1	1	1	0	0	0	3	1	1	1	0	0	0	3	3	1	1	1	0	0	0	0	3	1	1	1	1	0	0	3	3	1	1	1	0	0	0	0	3	1	1	1	1	0	0	0	3	3	1	1	1	0	0	0
PATIENT_WEIGHT
79	86	54	54	138	56	74	135	89	78	109	73	101	100	54	144	117	81	99	150	150	52	89	81	78	127	80	52	50	79	62	72	91	61	77	148	52	146	36	44	123	37	140	141	73	98	88	123	115	85	82	50	78	118	116	75	119	77	103	81	127	72	65	45	74	147	67	126	119	73	66	74	70	46	43	98	82	72	109	133	69	31	67	57	71	147	61	69	83	68	63	65	68	112	99	39	114	110	59	87	87	91	61	120	83	107	117	110	59	104	64	73	32	88	118	77	60	126	116	42	38	109	80	34	143	111	132	95	83	89	137	140	105	39	76	88	138	117	61	116	58	34	99	47	87	107	144	115	137	128	141	99	142	44	39	108	118	91	133	145	141	99	126	150	34	111	51	131	115	33	50	48	143	88	77	145	122	76	118	139	46	121	115	61	103	146	38	144	50	84	140	107	39	128	39	150	104	144	61	62	78	119	122	73	62	72	98	71	41	78	40	130	31	74	134	88	93	112	75	58	44	82	100	30	138	36	120	124	101	130	60	90	35	74	114	78	148	114	98	112	98	145	59	90	104	127	83	46	84	30	133	61	35	109	41	96	63	85	126	31	96	82	64	131	66	104	119	91	133	128	107	113	44	100	66	112	40	31	82	119	104	77	71	117	150	66	125	121	90	112	54	78	62	114	67	60	125	104	59	65	82	108	75	45	146	115	107	107	95	136	127	81	32	45	123	90	34	112	68	75	83	78	50	53	47	113	135	107	64	48	32	35	49	86	69	54	63	105	91	115	137	42	127	51	37	124	119	110	57	40	88	143	57	104	60	68	116	90	42	140	148	66	50	63	33	60	149	127	35	107	68	56	77	109	85	83	141	30	125	34	90	39	144	48	108	104	111	150	60	104	132	111	143	113	64	84	50	140	56	114	137	128	33	130	39	79	79	41	114	122	123	49	150	84	42	110	117	52	108	100	31	83	54	125	70	112	143	108	124	134	81	127	103	132	142	111	56	64	149	36	95	128	137	52	81	79	49	110	41	42	121	134	65	90	59	81	92	43	95	120	59	131	79	77	115	130	108	64	103	41	41	112	122	93	95	66	144	78	114	54	76	117	83	113	79	126	86	97	148	126	99	63	79	86	114	107	35	77	68	41	104	102	123	144	141	125	121	80	149	147	62	50	96	126	125	46	77	116	115	148	45	58	145	148	131	108	107	77	58	61	44	52	52	98	78	91	96	34	76	58	117	120	96	63	97	101	102	135	150	141	84	136	38	93	78	83	33	150	112	94	99	67	38	109	55	104	135	148	41	61	113	89	127	55	44	99	129	80	38	69	36	118	57	61	115	120	118	44	51	80	100	56	72	80	67	99	101	111	142	86	113	35	99	31	110	54	57	112	68	72	35	41	113	114	45	62	133	123	78	91	136	62	78	101	48	98	92	80	63	56	40	44	68	47	67	59	79	111	60	112	144	37	137	122	114	40	126	73	108	114	131	106	139	69	119	107	112	59	60	127	34	78	131	102	143	104	51	53	49	107	58	42	116	62	130	49	77	115	56	94	69	113	73	88	43	74	38	106	83	59	106	41	55	147	117	144	44	142	45	141	132	78	143	94	146	81	127	95	39	42	60	87	43	110	133	51	141	115	49	105	121	145	123	130	68	38	89	146	146	76	55	111	83	65	43	59	98	67	36	77	92	144	34	100	47	118	100	147	70	100	91	78	126	41	56	31	103	75	142	123	120	79	110	64	90	99	134	129	81	51	98	133	72	40	91	96	58	119	46	53	89	114	122	72	74	44	87	122	83	113	57	100	47	30	65	76	37	75	126	32	33
DISTANCE_MATRIX
0	360	318	300	288	276	264	264	150	150	150	60	90	90	162	168	204	228	234	312	360	408	348	318	168	192	168	318
360	60	264	318	324	342	342	342	348	348	354	360	372	378	378	420	420	480	462	498	462	462	384	420	372	420	378	378
318	264	60	270	276	288	288	288	294	294	294	318	318	324	324	414	414	468	462	486	462	462	330	366	366	408	372	324
300	318	270	60	276	288	288	288	288	288	288	300	300	312	318	408	408	468	462	486	438	438	318	360	360	402	360	312
288	324	276	276	60	276	276	276	276	276	276	288	288	300	300	402	396	462	456	480	432	432	300	360	360	402	348	300
276	342	288	288	276	60	180	180	252	258	264	264	264	288	288	390	390	456	450	480	432	432	288	348	348	348	288	288
264	342	288	288	276	180	60	180	246	258	264	264	264	288	288	390	390	456	450	480	432	432	288	348	348	348	288	288
264	342	288	288	276	180	180	60	240	258	264	264	264	288	288	390	390	456	450	480	432	432	288	348	348	348	288	288
150	348	294	288	276	252	246	240	60	120	120	150	126	270	270	378	384	420	438	480	420	408	276	300	300	300	276	270
150	348	294	288	276	258	258	258	120	60	120	150	150	270	270	378	384	420	438	480	420	408	276	300	300	300	276	270
150	354	294	288	276	264	264	264	120	120	60	150	150	270	270	378	384	420	438	480	420	408	276	300	300	300	276	270
60	360	318	300	288	264	264	264	150	150	150	60	90	162	168	228	234	312	360	408	348	318	168	192	192	198	168	162
90	372	318	300	288	264	264	264	150	150	150	90	60	162	168	228	234	312	360	408	348	318	168	192	192	198	168	162
90	378	324	312	300	288	288	288	270	270	270	162	162	60	120	180	180	306	210	360	300	300	120	180	120	180	120	234
162	378	324	318	300	288	288	288	270	270	270	168	168	120	60	180	180	306	210	360	300	300	120	180	120	180	120	120
168	420	414	408	402	348	348	348	300	300	300	228	228	180	180	60	132	204	132	348	258	258	186	60	180	132	222	180
204	420	414	408	396	390	390	390	384	384	384	234	234	180	180	132	60	204	132	348	258	258	186	60	180	132	222	180
228	480	468	468	462	456	456	456	420	420	420	312	312	306	306	204	204	60	198	120	240	240	306	204	306	138	306	306
234	462	462	462	456	450	450	450	438	438	438	360	360	210	210	132	132	198	60	138	132	132	210	132	210	132	210	210
312	498	486	486	480	480	480	480	480	480	480	408	408	360	360	348	348	120	138	60	348	348	360	348	360	348	360	360
360	462	462	438	432	432	432	432	420	420	420	348	348	300	300	258	258	240	132	348	60	60	300	258	300	258	300	300
408	462	462	438	432	432	432	432	408	408	408	318	318	300	300	258	258	240	132	348	60	60	300	258	300	258	300	300
348	384	330	318	300	288	288	288	276	276	276	168	168	120	120	186	186	306	210	360	300	300	60	186	120	186	120	120
318	420	366	360	360	348	348	348	300	300	300	192	192	180	180	60	60	204	132	348	258	258	186	60	180	60	180	180
168	372	300	306	300	288	288	288	270	270	270	168	168	120	120	180	180	306	210	360	300	300	120	180	60	180	120	120
192	420	408	402	402	348	348	348	300	300	300	198	198	180	180	132	132	138	132	348	258	258	186	60	180	60	180	180
168	378	372	360	348	288	288	288	276	276	276	168	168	120	120	222	222	306	210	360	300	300	120	180	120	180	60	120
318	378	324	312	300	288	288	288	270	270	270	162	162	234	120	180	180	306	210	360	300	300	120	180	120	180	120	60
DEPOTS_DISTANCE
234	462	462	462	456	450	450	450	438	438	438	360	360	210	210	132	132	198	60	138	132	132	210	132	210	132	210	210	
348	384	330	318	300	288	288	288	276	276	276	168	168	120	120	186	186	306	210	360	300	300	60	186	120	186	120	120	
318	420	366	360	360	348	348	348	300	300	300	192	192	180	180	60	60	204	132	348	258	258	186	60	180	60	180	180	
LOCATION_TURN_MATRIX
100	130	122	113	112	199	136	122	129	152	173	146	151	136	158	140	176	113	122	167	194	134	110	172	114	184	100	147	
170	100	154	188	164	169	136	136	152	170	104	183	155	115	101	104	155	187	174	115	149	134	178	168	114	135	168	102	
178	146	100	161	178	114	104	165	117	139	126	169	192	109	120	179	160	152	154	134	113	140	154	179	196	196	192	181	
187	112	139	100	158	114	195	181	104	132	195	106	183	169	132	170	140	136	172	148	116	110	123	136	151	120	176	169	
188	136	122	142	100	175	164	159	112	100	167	164	135	191	132	181	104	123	142	156	108	117	193	182	116	147	156	185	
101	131	186	186	125	100	190	147	164	150	137	102	145	176	185	131	113	108	117	186	118	151	140	178	154	189	172	110	
164	164	196	105	136	110	100	186	153	151	183	193	111	157	144	123	188	142	110	163	105	190	166	187	170	171	186	126	
178	164	135	119	141	153	114	100	106	130	108	103	151	178	122	151	130	133	184	177	110	141	166	110	122	174	191	197	
171	148	183	196	188	136	147	194	100	167	100	146	168	129	128	142	172	118	174	147	105	158	156	160	120	106	119	136	
148	130	161	168	200	150	149	170	133	100	177	106	175	116	188	180	176	194	108	146	130	187	183	173	128	141	169	176	
127	196	174	105	133	163	117	192	200	123	100	171	175	140	183	115	104	186	128	153	151	175	100	146	191	117	132	197	
154	117	131	194	136	198	107	197	154	194	129	100	136	184	140	147	172	184	148	131	103	156	185	200	152	158	154	143	
149	145	108	117	165	155	189	149	132	125	125	164	100	140	199	142	101	144	163	185	117	191	200	143	113	165	102	154	
164	185	191	131	109	124	143	122	171	184	160	116	160	100	109	116	196	113	131	186	166	139	183	175	144	161	105	170	
142	199	180	168	168	115	156	178	172	112	117	160	101	191	100	147	177	177	199	158	172	188	164	175	180	168	154	195	
160	196	121	130	119	169	177	149	158	120	185	153	158	184	153	100	152	159	197	157	181	159	102	123	168	200	124	186	
124	145	140	160	196	187	112	170	128	124	196	128	199	104	123	148	100	149	114	112	117	135	105	132	138	180	198	156	
187	113	148	164	177	192	158	167	182	106	114	116	156	187	123	141	151	100	166	132	168	163	159	123	129	173	161	116	
178	126	146	128	158	183	190	116	126	192	172	152	137	169	101	103	186	134	100	184	199	137	130	160	148	113	140	150	
133	185	166	152	144	114	137	123	153	154	147	169	115	114	142	143	188	168	116	100	111	195	128	157	191	164	141	171	
106	151	187	184	192	182	195	190	195	170	149	197	183	134	128	119	183	132	101	189	100	129	151	163	147	166	104	177	
166	166	160	190	183	149	110	159	142	113	125	144	109	161	112	141	165	137	163	105	171	100	101	185	169	129	103	197	
190	122	146	177	107	160	134	134	144	117	200	115	100	117	136	198	195	141	170	172	149	199	100	106	150	116	118	145	
128	132	121	164	118	122	113	190	140	127	154	100	157	125	125	177	168	177	140	143	137	115	194	100	128	167	115	155	
186	186	104	149	184	146	130	178	180	172	109	148	187	156	120	132	162	171	152	109	153	131	150	172	100	155	124	184	
116	165	104	180	153	111	129	126	194	159	183	142	135	139	132	100	120	127	187	136	134	171	184	133	145	100	129	192	
200	132	108	124	144	128	114	109	181	131	168	146	198	195	146	176	102	139	160	159	196	197	182	185	176	171	100	146	
153	198	119	131	115	190	174	103	164	124	103	157	146	130	105	114	144	184	150	129	123	103	155	145	116	108	154	100	
DEPOTS_TO_LOCAL_TURN_MATRIX
178	126	146	128	158	183	190	116	126	192	172	152	137	169	101	103	186	134	100	184	199	137	130	160	148	113	140	150	
190	122	146	177	107	160	134	134	144	117	200	115	100	117	136	198	195	141	170	172	149	199	100	106	150	116	118	145	
128	132	121	164	118	122	113	190	140	127	154	100	157	125	125	177	168	177	140	143	137	115	194	100	128	167	115	155	
LOCAL_TO_DEPOT_TURN_MATRIX
122	174	154	172	142	117	110	184	174	108	128	148	163	131	199	197	114	166	100	116	101	163	170	140	152	187	160	150	
110	178	154	123	193	140	166	166	156	183	100	185	200	183	164	102	105	159	130	128	151	101	100	194	150	184	182	155	
172	168	179	136	182	178	187	110	160	173	146	200	143	175	175	123	132	123	160	157	163	185	106	100	172	133	185	145	

