INDEX_PROBLEM
1
PATIENTS
800
STRETCHERS
16
NUM_ROOM
28
NUM_DEPOT
3
NUM_PRIORITY
4
PRIORITY_LIST
0	1	2	3	4
PRIORITY_WEIGHT
0	1	10	18	30
PRIORITY_JOB
0	2	3	4	1	2	3	4	4	3	4	2	3	4	3	4	4	1	2	3	4	3	4	4	3	4	2	3	4	4	4	4	4	2	3	4	4	3	4	4	3	2	3	3	4	2	4	3	4	3	4	4	1	2	4	3	4	1	1	3	4	2	2	1	2	1	3	4	4	1	1	4	4	1	2	3	4	2	1	2	1	3	3	4	4	4	1	4	4	2	3	4	2	3	2	1	3	3	3	4	4	2	4	3	4	1	3	4	4	1	2	2	3	4	2	3	4	2	3	3	4	4	1	4	4	1	2	1	1	2	3	4	2	3	4	4	3	4	1	4	2	3	4	1	2	1	4	2	3	3	4	3	4	3	1	1	4	2	3	3	2	1	4	4	1	2	3	4	4	3	1	1	4	2	3	2	2	3	4	4	1	2	1	4	4	3	1	3	4	2	3	1	1	2	4	4	4	1	1	4	1	4	2	3	4	2	2	1	3	3	3	4	4	4	2	4	4	3	1	3	4	1	2	2	1	2	3	4	2	3	4	4	3	4	4	1	4	1	2	3	2	1	4	3	2	4	1	4	3	4	2	4	4	1	2	3	1	1	4	2	3	4	4	3	4	2	1	1	4	4	2	1	3	2	3	4	4	1	3	4	4	3	1	1	2	3	2	1	2	2	3	3	4	4	1	2	4	4	1	1	3	4	4	1	1	2	3	2	3	4	4	1	4	4	1	2	3	4	1	2	1	3	2	3	4	4	4	4	3	4	1	2	3	4	3	2	1	2	4	1	2	3	2	4	3	4	4	3	1	4	4	1	2	1	2	3	4	4	2	4	3	4	2	3	1	4	4	1	1	1	2	3	4	2	4	3	4	2	3	1	1	4	4	1	3	2	4	2	3	4	4	4	3	4	1	1	1	2	4	1	2	2	3	2	3	4	1	4	4	4	1	1	1	2	3	2	1	1	4	2	3	4	4	3	4	4	1	4	1	2	2	1	3	3	3	4	2	3	4	4	4	4	4	1	4	2	2	1	2	2	3	4	2	2	3	4	3	4	4	2	1	3	4	2	1	1	4	1	2	3	4	4	3	4	2	1	3	4	4	2	1	1	1	2	3	4	4	3	4	4	1	1	2	3	3	2	1	4	4	2	3	4	4	3	4	4	4	1	1	2	2	2	1	2	2	3	4	2	3	4	4	4	1	1	4	1	1	1	2	3	2	3	4	2	3	4	3	4	1	4	1	1	3	2	4	2	3	4	2	3	4	4	4	4	1	4	4	1	3	2	1	2	3	4	2	2	3	4	4	3	4	1	2	3	2	1	4	4	1	2	3	3	4	4	1	4	1	2	3	4	2	1	4	1	2	3	3	4	4	4	3	4	1	1	2	3	2	1	3	4	4	2	3	4	4	3	4	4	4	1	1	2	2	1	2	2	3	2	3	4	4	3	4	4	1	1	1	2	2	1	1	3	4	2	3	4	4	3	4	1	1	4	3	1	2	2	1	2	4	4	2	3	4	4	3	4	1	4	2	3	2	1	2	3	4	4	2	2	4	4	4	3	1	4	2	3	2	1	2	4	1	2	3	4	3	4	3	2	1	3	4	4	1	3	1	4	1	2	3	4	4	4	4	2	1	3	4	4	2	1	3	2	3	4	4	4	3	4	4	2	1	1	3	3	2	1	2	4	2	3	4	1	3	4	4	1	1	2	3	4	2	1	1	1	2	3	4	4	2	1	2	1	1	4	1	2	1	3	2	1	3	4	2	3	1	2	2	1	4	4	2	1	1	2	1	3	1	1	4	4	2	1	3	1	2	3	3	4	2	1	2
TIME_ASKED
0	28849	28898	28947	28996	29045	29094	29149	29198	29247	29296	29345	29394	29429	29458	29487	29516	29545	29574	29603	29632	29661	29690	29742	29784	29826	29868	29910	29952	29994	30029	30058	30087	30116	30145	30174	30203	30232	30261	30290	30329	30358	30387	30416	30445	30474	30503	30532	30561	30590	30621	30642	30663	30684	30705	30726	30747	30768	30789	30810	30831	30852	30873	30894	30949	30998	31047	31096	31145	31194	31227	31254	31281	31308	31335	31362	31389	31416	31443	31470	31497	31524	31548	31572	31596	31620	31644	31668	31692	31716	31740	31764	31788	31837	31874	31911	31948	31985	32022	32059	32096	32159	32218	32277	32336	32395	32419	32438	32457	32476	32495	32514	32533	32552	32571	32590	32609	32628	32647	32666	32685	32759	32818	32877	32936	32995	33027	33054	33081	33108	33135	33162	33189	33216	33243	33270	33297	33333	33366	33399	33432	33465	33498	33531	33564	33597	33616	33632	33648	33664	33680	33696	33712	33728	33744	33760	33776	33792	33808	33824	33840	33856	33872	33888	33933	33966	33999	34032	34065	34098	34131	34164	34197	34242	34284	34326	34368	34410	34452	34494	34533	34566	34599	34632	34665	34698	34731	34764	34797	34827	34854	34881	34908	34935	34962	34989	35016	35043	35070	35097	35137	35174	35211	35248	35285	35322	35359	35396	35433	35466	35499	35532	35565	35598	35631	35664	35697	35723	35746	35769	35792	35815	35838	35861	35884	35907	35930	35953	35976	35999	36023	36046	36069	36092	36115	36138	36161	36184	36207	36230	36253	36276	36299	36327	36354	36381	36408	36435	36462	36489	36516	36543	36570	36597	36619	36638	36657	36676	36695	36714	36733	36752	36771	36790	36809	36828	36847	36866	36885	36949	36998	37047	37096	37145	37194	37259	37318	37377	37436	37495	37549	37598	37647	37696	37745	37794	37827	37854	37881	37908	37935	37962	37989	38016	38043	38070	38097	38123	38146	38169	38192	38215	38238	38261	38284	38307	38330	38353	38376	38399	38419	38438	38457	38476	38495	38514	38533	38552	38571	38590	38609	38628	38647	38666	38685	38742	38784	38826	38868	38910	38952	38994	39029	39058	39087	39116	39145	39174	39203	39232	39261	39290	39349	39398	39447	39496	39545	39594	39633	39666	39699	39732	39765	39798	39831	39864	39897	39937	39974	40011	40048	40085	40122	40159	40196	40242	40284	40326	40368	40410	40452	40494	40542	40584	40626	40668	40710	40752	40794	40849	40898	40947	40996	41045	41094	41133	41166	41199	41232	41265	41298	41331	41364	41397	41423	41446	41469	41492	41515	41538	41561	41584	41607	41630	41653	41676	41699	41749	41798	41847	41896	41945	41994	42099	42198	42297	42342	42384	42426	42468	42510	42552	42594	42699	42798	42897	42923	42946	42969	42992	43015	43038	43061	43084	43107	43130	43153	43176	43199	43237	43274	43311	43348	43385	43422	43459	43496	43549	43598	43647	43696	43745	43794	43899	43998	44097	44159	44218	44277	44336	44395	44459	44518	44577	44636	44695	44799	44898	44997	45033	45066	45099	45132	45165	45198	45231	45264	45297	45337	45374	45411	45448	45485	45522	45559	45596	45637	45674	45711	45748	45785	45822	45859	45896	45959	46018	46077	46136	46195	46249	46298	46347	46396	46445	46494	46537	46574	46611	46648	46685	46722	46759	46796	46821	46842	46863	46884	46905	46926	46947	46968	46989	47010	47031	47052	47073	47094	47199	47298	47397	47437	47474	47511	47548	47585	47622	47659	47696	47737	47774	47811	47848	47885	47922	47959	47996	48049	48098	48147	48196	48245	48294	48324	48348	48372	48396	48420	48444	48468	48492	48516	48540	48564	48588	48627	48654	48681	48708	48735	48762	48789	48816	48843	48870	48897	48937	48974	49011	49048	49085	49122	49159	49196	49233	49266	49299	49332	49365	49398	49431	49464	49497	49537	49574	49611	49648	49685	49722	49759	49796	49827	49854	49881	49908	49935	49962	49989	50016	50043	50070	50097	50149	50198	50247	50296	50345	50394	50424	50448	50472	50496	50520	50544	50568	50592	50616	50640	50664	50688	50737	50774	50811	50848	50885	50922	50959	50996	51027	51054	51081	51108	51135	51162	51189	51216	51243	51270	51297	51324	51348	51372	51396	51420	51444	51468	51492	51516	51540	51564	51588	51637	51674	51711	51748	51785	51822	51859	51896	51933	51966	51999	52032	52065	52098	52131	52164	52197	52259	52318	52377	52436	52495	52517	52534	52551	52568	52585	52602	52619	52636	52653	52670	52687	52704	52721	52738	52755	52772	52789	52859	52918	52977	53036	53095	53137	53174	53211	53248	53285	53322	53359	53396	53459	53518	53577	53636	53695	53733	53766	53799	53832	53865	53898	53931	53964	53997	54027	54054	54081	54108	54135	54162	54189	54216	54243	54270	54297	54374	54448	54522	54596	54627	54654	54681	54708	54735	54762	54789	54816	54843	54870	54897	55049	55198	55237	55274	55311	55348	55385	55422	55459	55496	55574	55648	55722	55796	55827	55854	55881	55908	55935	55962	55989	56016	56043	56070	56097	56399	56499	56598	56697	56733	56766	56799	56832	56865	56898	56931	56964	56997	57049	57098	57147	57196	57245	57294	57359	57418	57477	57536	57595
ORIGIN
26	16	6	27	19	25	27	23	14	25	23	10	2	14	14	14	14	14	3	23	14	14	26	16	14	27	14	7	9	20	14	7	9	9	1	23	14	14	23	4	26	2	27	3	2	14	14	14	27	6	27	18	7	27	20	8	27	14	17	2	23	14	2	26	3	3	23	14	14	14	8	14	14	25	14	27	14	9	9	3	14	14	23	11	14	3	11	14	14	26	3	24	1	5	1	14	14	4	18	7	27	20	27	1	27	17	14	23	20	2	14	14	23	7	14	4	24	15	25	7	16	5	3	5	3	22	14	9	16	26	10	2	23	14	14	14	5	26	27	27	14	14	14	5	9	4	23	27	20	14	14	23	2	14	14	27	27	2	2	2	14	2	14	24	15	4	8	16	23	9	26	14	14	14	14	23	14	14	14	23	12	2	4	14	14	5	14	14	27	14	14	5	14	14	1	20	8	2	3	14	4	23	1	2	14	5	4	1	27	14	14	14	4	11	27	5	27	27	20	20	11	14	14	14	1	14	14	25	2	23	14	3	1	14	4	26	27	14	23	25	25	16	16	8	27	23	14	23	23	12	14	14	14	27	27	16	16	1	1	7	26	4	5	14	23	2	3	26	26	15	2	14	2	2	16	4	23	13	3	23	2	25	26	14	14	14	25	14	24	26	14	17	23	8	23	22	10	2	14	14	2	5	5	1	1	11	27	27	16	5	1	9	3	14	14	20	20	14	14	2	1	24	14	4	13	2	27	14	5	6	27	14	14	7	14	3	27	14	27	2	8	1	23	10	23	14	12	6	26	14	4	19	14	14	2	8	5	26	25	3	14	10	2	2	2	23	23	14	23	2	8	4	2	23	14	1	23	1	14	8	14	23	26	26	14	17	5	2	1	23	10	1	1	1	11	14	14	14	27	14	1	10	11	23	14	1	11	3	1	14	14	27	14	3	26	26	2	14	2	26	23	14	3	7	14	14	14	14	1	26	26	23	3	1	20	20	23	10	1	14	14	24	14	14	14	14	14	14	14	24	5	2	16	6	27	19	7	27	22	27	10	12	23	23	1	14	27	3	14	3	23	14	3	26	3	3	1	14	13	13	26	2	2	1	9	26	14	11	26	26	7	27	7	14	8	2	2	2	14	26	5	27	18	7	2	24	14	14	17	14	22	23	2	23	2	27	3	23	14	26	24	23	26	25	26	4	26	26	14	14	26	26	1	23	11	27	23	14	23	27	14	26	15	14	15	14	1	1	26	17	7	14	11	14	2	14	14	2	27	20	14	2	15	20	23	14	4	2	15	4	22	14	14	3	3	2	23	23	14	1	23	10	2	3	26	2	3	3	3	27	2	7	2	1	23	26	16	7	27	14	11	14	14	14	3	9	20	26	20	20	8	23	14	3	24	14	4	2	11	14	3	14	14	14	14	14	2	14	10	2	1	12	14	14	7	2	27	14	14	14	26	1	4	14	7	26	19	2	14	14	27	3	16	20	2	16	1	1	14	14	3	24	14	11	3	1	14	1	18	14	2	26	14	24	3	10	1	23	12	2	23	24	25	25	14	27	23	11	15	1	16	6	27	19	23	27	1	14	14	20	20	22	22	14	16	9	14	3	23	14	20	20	1	9	9	14	7	1	26	20	26	2	9	1	23	26	14	23	26	23	14	14	27	11	11	14	1	14	6	27	18	14	27	21	16	14	17	10	22	22	27	2	14	14	3	23	27	8	8	16	25	14	25	7	27	26	14	14	14	9	1	23	14	11	4	13	14	27	14	3	24	3	3	1	3	5	27	18	7	27	20	8	23	17	2	1	23	2	2	7	14
DESTINATION
3	14	17	2	22	14	2	26	3	14	27	14	14	8	8	16	25	25	14	4	9	9	3	14	25	23	1	20	14	11	4	13	14	14	14	27	5	5	1	14	3	27	18	14	27	20	20	8	23	17	2	27	20	2	14	14	23	16	6	14	27	25	27	23	14	26	3	26	2	2	14	9	16	14	16	2	4	14	14	26	16	26	27	15	9	14	20	5	9	14	26	1	23	14	23	4	4	14	27	20	2	14	2	14	2	6	9	27	7	27	20	8	27	23	26	14	2	14	14	23	14	14	23	14	23	19	4	14	14	14	14	14	27	9	8	5	14	14	23	23	2	2	3	14	14	14	1	2	14	5	4	1	27	4	4	18	18	27	27	27	1	27	20	2	14	14	14	14	1	14	14	4	4	15	4	7	16	5	26	27	11	14	14	25	16	14	10	2	23	4	4	14	5	26	14	14	14	14	14	16	14	1	23	27	20	14	14	23	2	2	3	26	14	15	2	14	2	2	14	14	15	4	8	16	23	9	26	14	14	1	25	14	24	26	14	14	23	2	27	14	14	14	14	14	2	27	1	1	1	11	5	20	20	23	23	14	14	23	23	20	3	14	14	2	1	14	14	14	14	11	27	5	27	27	14	14	1	7	14	3	27	14	14	25	25	2	14	3	1	14	4	6	26	14	4	19	14	14	25	16	27	14	14	23	23	12	2	2	14	14	23	14	23	2	16	7	7	4	5	14	23	1	8	14	7	14	23	26	14	17	2	4	4	13	3	23	2	25	23	14	14	14	27	14	1	10	11	17	23	8	23	22	10	2	27	14	14	3	14	26	2	14	27	27	27	1	1	9	3	14	14	14	14	1	26	23	3	24	4	14	4	27	14	14	5	6	14	14	14	27	14	14	14	24	15	2	8	8	23	10	23	14	12	27	10	23	12	23	23	1	8	2	8	26	3	3	14	10	14	3	1	25	14	13	26	2	8	4	23	14	14	1	23	14	7	7	27	14	14	8	2	2	2	2	2	10	10	1	1	1	14	14	14	17	2	22	23	2	2	23	14	11	3	1	14	1	23	26	25	14	4	26	26	14	26	26	23	3	7	7	14	14	27	23	14	14	26	15	14	14	20	23	20	10	14	14	24	24	2	14	14	2	27	20	14	1	5	16	6	16	19	7	27	7	22	23	14	3	26	3	2	27	3	14	3	23	14	3	26	26	3	3	14	27	15	2	7	1	1	2	26	14	11	26	11	26	14	14	3	9	20	26	20	20	14	26	5	27	18	7	2	27	11	14	3	26	14	14	14	14	2	3	3	23	26	24	4	7	2	14	27	14	14	26	14	24	26	26	26	23	27	23	27	14	27	3	16	20	2	1	15	1	1	1	26	17	7	14	11	14	14	1	26	14	2	26	14	14	15	20	23	4	4	2	15	4	22	25	14	14	23	11	15	1	23	14	23	2	10	2	3	24	14	20	20	14	22	14	16	1	23	26	16	7	27	16	14	14	9	26	14	1	26	20	26	23	8	23	27	3	24	14	4	2	14	14	14	27	11	14	1	2	14	14	10	23	1	12	14	14	14	17	2	22	27	2	14	4	4	7	7	19	19	2	14	14	25	14	5	26	14	14	14	14	14	3	20	24	14	11	3	27	14	14	27	3	3	1	3	1	3	10	23	12	12	2	23	25	17	2	27	16	2	7	14	16	6	14	19	19	23	27	1	25	14	4	2	14	14	14	14	9	14	20	2	14	20	20	1	14	14	27	26	20	14	7	9	2	26	14	1	26	14	23	26	14	2	27	20	2	14	14	27	6	27	14	27	27	27	21	16
DUE_DATE
0	30427	29996	29505	31294	30623	30192	29707	29756	30345	29854	30923	30492	29987	30556	30045	30074	31843	31152	30701	30190	30759	30248	30300	30882	30384	31446	31008	30510	30552	30587	30616	30645	31694	31243	30732	30761	31330	30819	30848	31427	31936	31485	31514	31003	32052	31061	31630	31119	31688	31179	31200	32961	32262	31263	31824	31305	33066	33087	31908	31389	32430	32451	33192	32527	33296	32145	31654	31703	33492	33525	31812	31839	33606	32913	32460	31947	32994	33741	33048	33795	32622	32646	32130	32154	32178	33942	32226	32250	33294	32838	32322	33366	32935	33452	34209	33046	33083	33120	32617	32654	33737	32776	33375	32894	34693	33517	32996	33015	34774	34073	34092	33631	33110	34149	33688	33167	34206	33745	33764	33243	33317	35116	33435	33494	35293	34605	35352	35379	34686	34233	33720	34767	34314	33801	33828	34395	33891	35664	33957	35010	34563	34056	35829	35142	35895	34174	35210	34746	34762	34238	34794	34270	34826	36042	36058	34334	35370	34906	34922	35418	36154	34430	34446	36231	35544	35097	34590	34623	35196	36429	36462	34755	35820	35382	35904	35946	35508	35010	35052	36831	36144	36897	35190	35223	35796	37029	35862	35355	36405	35952	37179	37206	36513	35520	35547	35574	37341	37368	35655	37435	35732	36789	36346	35843	36900	36937	37694	36531	36564	36597	36090	36123	36156	37209	36222	36255	36821	38044	36867	36350	38113	37416	37439	38182	37485	37028	36511	37554	37097	36581	36604	37167	36650	36673	38436	36719	38482	37785	37328	37831	38574	36857	37425	37932	36939	38706	36993	37560	37047	38094	37101	37128	38895	38197	37736	38955	38974	37253	38292	37831	37310	37329	37888	37367	38406	39145	39164	37443	37507	38576	39345	38194	38723	38292	37817	37876	39675	38534	38053	38107	38696	39945	39994	39323	38892	39405	40152	39459	39486	39033	39060	38547	38574	40341	39648	38655	38681	40444	40467	39290	38773	38796	40559	40582	39885	39428	39931	39474	38957	38977	40736	39015	39034	40793	40092	39631	39110	40869	40168	40907	39726	40225	39764	39243	39300	39342	39384	39966	39468	41250	40572	40127	39616	40185	40694	41443	40752	39761	41530	40839	40388	40927	39956	40545	40054	40103	40692	41931	40224	40257	42030	41343	42096	41409	40962	40455	40495	41552	40569	41146	40643	41700	41257	42494	40800	40842	42624	42666	42708	42030	41592	41100	42162	41184	41766	41268	42330	41892	43147	43196	41505	41554	43343	42192	42711	41724	42777	42330	41823	41856	41889	42462	41955	43721	43744	43767	43070	42073	43836	43139	43162	42705	43208	42751	42234	43997	42307	42356	42405	44194	44243	44292	43677	43296	43875	44640	44682	42984	44046	43608	43110	43152	43797	43356	43455	45221	43504	45267	44570	44593	45336	44159	44182	44205	43688	44731	44274	43757	43795	43832	43869	43906	45683	43980	45037	45074	45847	45176	45225	44794	44303	45372	45477	45096	44655	45257	44776	44835	45914	46693	45557	45076	46155	46934	46993	45357	47196	46575	46131	45624	45657	46230	45723	46776	47529	46362	45855	45895	46952	47709	47746	47783	47100	46657	46154	46195	46772	46269	46306	48083	48120	47437	46994	47057	47596	48375	46694	46753	47827	47396	46905	46954	47543	47052	47095	47132	48909	48946	48263	48300	48337	49094	48399	48420	47961	47442	48483	48024	47505	47526	47547	49308	49329	47610	49371	49392	49497	48876	48495	49015	48572	48069	49126	48683	48180	48757	48254	50035	48332	50109	50146	48983	49500	48517	49574	49147	48656	49725	49294	48803	48852	48882	48906	50670	48954	48978	50742	49566	50070	50814	50118	49662	49146	50205	50232	49779	49266	49293	49860	49347	51114	50421	49968	50475	51235	49532	49569	51346	50663	50220	50257	49754	49791	51564	49857	51630	50943	50496	49989	51042	51795	50095	51872	51189	50746	50783	50280	50317	50354	50925	50412	52179	52206	51513	51060	51567	52314	51141	50628	50655	51727	51296	50805	50854	51443	50952	50982	51006	52770	52794	52098	52122	52866	52170	52194	51738	52242	51786	51295	51332	51909	51406	51443	53220	53257	53294	52605	52632	53379	53406	52233	51720	52767	52314	51801	51828	52395	51882	53646	53670	51954	52518	53742	53046	53070	53814	53118	52122	52146	53215	52772	52269	52306	52883	52380	54157	52454	53511	53064	53577	54330	53643	53196	52689	52722	53775	53837	52876	52935	52994	53593	54815	53092	54129	53666	54163	54900	54197	53194	54951	54248	53785	53262	53819	53296	53853	54350	55087	53957	53476	53535	55334	54193	55435	53732	55509	54826	54383	53880	53917	53954	54017	55096	55875	54734	54253	54291	55344	56097	54930	55443	54996	54489	54522	54555	55125	54612	54639	55686	56433	56460	55287	55314	55821	56568	55875	54932	56026	55620	55154	56925	55752	55239	55266	57033	57060	56367	55914	55401	56448	57195	57347	57496	56815	56372	55869	55906	56963	57720	57037	57794	57872	56206	58020	57374	58125	56952	57459	58206	57033	56520	57567	57114	58341	57648	57675	58697	57057	57156	58275	59031	59064	58377	59130	57963	59196	59229	57522	57555	58627	59396	58245	59494	58823	58392	58457	57976	59055	59834	59173
TRANSPORT_MODE
0	2	2	1	1	1	0	0	0	2	1	1	1	2	0	0	2	1	1	1	2	0	0	0	0	1	1	1	1	2	0	0	0	1	1	1	1	0	0	0	0	2	2	1	1	1	0	0	0	2	1	1	1	1	0	0	0	3	3	1	1	1	0	0	0	0	2	1	1	1	3	0	0	3	1	1	1	1	0	0	0	0	2	1	1	1	3	0	0	1	1	1	1	0	0	0	0	2	2	1	1	1	0	0	0	3	1	1	1	1	0	0	0	0	2	2	1	1	1	0	0	0	3	1	1	1	2	0	0	0	2	1	1	1	1	0	0	0	3	1	1	1	2	0	0	0	1	1	1	1	0	0	0	0	3	3	1	1	1	0	0	0	2	1	1	1	1	0	0	0	3	3	1	1	1	0	0	0	2	1	1	1	3	0	0	0	3	1	1	1	1	0	0	0	2	1	1	1	3	0	0	0	1	1	1	1	0	0	0	0	2	2	1	1	1	0	0	0	3	1	1	1	1	0	0	0	2	2	1	1	1	0	0	0	0	3	1	1	1	2	0	0	2	1	1	1	3	0	0	0	0	1	1	1	1	2	0	0	1	1	1	1	0	0	0	0	3	3	1	1	2	0	0	0	1	1	1	1	0	0	0	0	3	3	1	1	1	0	0	0	0	1	2	1	1	1	0	0	3	3	1	1	1	0	0	0	0	2	1	1	1	1	0	0	3	1	1	1	0	0	0	0	2	2	1	1	1	0	0	0	3	1	1	1	0	0	0	0	1	2	2	1	1	0	0	0	0	1	3	1	1	1	0	0	2	2	1	1	1	0	0	0	0	1	3	1	1	1	0	0	2	1	1	1	0	0	0	0	1	3	3	1	1	0	0	0	1	2	1	1	0	0	0	0	1	3	3	1	1	0	0	0	1	1	2	1	0	1	0	0	1	3	3	1	1	0	0	0	1	2	1	1	1	0	0	0	3	1	1	1	0	0	0	0	1	2	2	1	1	0	0	0	1	3	1	1	0	0	0	0	1	1	2	2	1	0	0	0	1	1	3	1	1	0	0	0	1	2	2	1	1	0	0	0	1	3	1	1	1	0	0	0	1	2	1	1	0	0	0	1	3	3	1	1	0	0	0	1	2	1	1	0	0	0	0	1	1	3	3	1	0	0	0	0	1	1	2	1	1	0	0	1	3	3	1	1	0	0	0	0	1	2	1	1	1	0	0	1	3	1	1	0	0	0	0	1	2	2	1	1	0	0	0	1	3	1	1	0	0	0	0	1	1	2	2	1	0	0	0	1	1	3	1	1	0	0	1	2	2	1	1	0	0	0	0	1	3	1	1	1	0	0	1	2	2	1	0	1	0	0	0	1	3	3	1	1	0	0	0	1	2	1	1	0	0	0	0	1	1	3	3	1	0	0	0	1	1	2	1	1	0	0	0	1	3	3	1	1	0	0	0	1	2	1	1	1	0	0	0	3	3	1	1	1	0	0	0	1	2	1	1	1	0	0	0	1	3	1	1	0	0	0	0	1	2	2	1	1	0	0	0	1	3	1	1	1	0	0	0	1	2	2	1	1	0	0	0	1	3	1	1	1	0	0	0	2	2	1	1	1	0	0	0	1	3	1	1	1	0	0	0	2	1	1	1	0	0	0	0	1	3	3	1	1	0	0	0	1	2	1	1	1	0	0	0	3	3	1	1	1	0	0	0	3	1	1	1	1	0	0	0	3	3	1	1	1	0	0	0	3	1	1	1	1	0	0	0	3	1	1	1	0	0	0	0	1	3	3	1	1	0	0	0	3	1	1	1	1	0	0	0
PATIENT_WEIGHT
45	39	51	89	117	120	63	72	134	150	144	98	124	125	106	148	117	49	63	59	130	141	74	114	79	125	150	69	94	118	32	144	82	125	141	75	77	84	105	44	81	109	65	137	102	59	115	120	37	46	88	140	79	63	66	73	98	105	110	50	116	39	138	67	69	104	116	126	47	73	114	30	75	135	119	35	125	123	97	94	82	149	98	58	144	41	94	122	92	135	130	76	73	100	115	126	41	50	38	84	66	99	87	140	122	51	134	81	90	64	31	130	150	94	132	150	105	84	131	134	69	142	47	101	43	65	115	47	57	42	75	112	104	49	150	80	52	97	42	129	84	138	105	73	73	92	65	121	99	122	60	125	40	120	63	31	146	79	80	65	73	94	134	42	31	119	101	63	139	134	116	77	107	83	124	143	59	115	115	145	143	90	83	115	51	149	88	139	103	51	132	113	124	99	137	102	40	31	69	75	72	46	73	65	38	106	47	134	76	137	129	130	46	103	139	140	147	48	128	131	114	142	37	150	46	80	35	61	41	54	110	126	100	85	94	72	32	79	31	144	128	107	75	135	91	35	120	132	32	91	147	89	71	118	97	105	43	75	128	39	148	84	141	44	63	132	68	145	65	148	70	38	101	32	50	88	43	74	109	35	42	84	122	119	50	83	141	102	77	98	106	86	130	86	136	47	103	126	98	37	127	136	85	87	46	80	134	115	150	35	63	62	102	69	98	118	129	138	54	32	141	88	96	47	38	131	64	36	96	109	55	96	105	115	79	146	47	54	109	129	119	109	52	73	102	34	86	39	75	33	73	107	86	120	82	54	98	79	34	39	111	68	110	135	83	52	99	111	40	100	142	35	33	92	80	115	149	112	105	55	46	69	145	49	109	92	98	94	114	130	43	31	90	120	127	108	116	56	100	130	41	96	32	94	108	88	41	128	109	61	32	124	34	119	144	136	121	86	64	89	66	81	142	86	66	48	109	99	129	60	105	86	96	119	79	41	89	101	63	74	112	74	110	68	107	113	113	148	88	44	40	55	44	56	113	127	111	46	118	85	83	139	105	132	42	105	63	44	87	61	110	122	75	150	103	139	45	121	51	71	35	114	149	69	58	118	101	133	145	41	139	52	132	62	122	61	53	130	61	37	53	120	66	65	33	60	81	103	128	133	83	57	138	60	119	135	66	134	32	79	42	59	47	127	92	138	82	128	96	48	46	107	96	66	120	110	85	87	92	51	110	41	80	83	53	32	81	92	119	72	118	48	32	122	35	41	59	79	100	39	124	52	45	128	61	102	139	76	70	60	50	57	60	36	95	46	45	70	50	51	89	119	103	117	72	30	46	81	32	123	117	34	38	34	30	77	52	131	69	145	92	91	146	73	79	49	91	122	92	56	117	123	118	63	36	44	150	35	66	46	88	129	65	35	38	71	71	69	130	99	142	98	103	68	149	59	30	41	61	82	126	127	134	90	114	145	73	55	133	140	142	38	51	50	89	48	86	125	47	120	140	60	104	103	62	98	113	30	76	52	112	67	129	37	58	94	36	52	76	62	50	40	133	124	63	38	113	144	105	38	105	145	134	142	65	98	86	102	94	145	108	90	145	128	69	46	88	40	46	98	88	62	43	101	101	70	114	129	55	124	114	117	129	77	75	66	54	60	102	69	76	137	58	132	110	65	51	87	52	86	63	32	103	130	61	92	104	107	147	132	31	94	74	143	99	80	135	30	106	116	101	36	122	85	78	140	100	77	68	53	42	68	72	34	146	147	70	88	112	59	126	77	93	60	122	67	88	111	143	147	38	34	127	84	51	41	60	95	72	38	56
DISTANCE_MATRIX
0	360	318	300	288	276	264	264	150	150	150	60	90	90	162	168	204	228	234	312	360	408	348	318	168	192	168	318
360	60	264	318	324	342	342	342	348	348	354	360	372	378	378	420	420	480	462	498	462	462	384	420	372	420	378	378
318	264	60	270	276	288	288	288	294	294	294	318	318	324	324	414	414	468	462	486	462	462	330	366	366	408	372	324
300	318	270	60	276	288	288	288	288	288	288	300	300	312	318	408	408	468	462	486	438	438	318	360	360	402	360	312
288	324	276	276	60	276	276	276	276	276	276	288	288	300	300	402	396	462	456	480	432	432	300	360	360	402	348	300
276	342	288	288	276	60	180	180	252	258	264	264	264	288	288	390	390	456	450	480	432	432	288	348	348	348	288	288
264	342	288	288	276	180	60	180	246	258	264	264	264	288	288	390	390	456	450	480	432	432	288	348	348	348	288	288
264	342	288	288	276	180	180	60	240	258	264	264	264	288	288	390	390	456	450	480	432	432	288	348	348	348	288	288
150	348	294	288	276	252	246	240	60	120	120	150	126	270	270	378	384	420	438	480	420	408	276	300	300	300	276	270
150	348	294	288	276	258	258	258	120	60	120	150	150	270	270	378	384	420	438	480	420	408	276	300	300	300	276	270
150	354	294	288	276	264	264	264	120	120	60	150	150	270	270	378	384	420	438	480	420	408	276	300	300	300	276	270
60	360	318	300	288	264	264	264	150	150	150	60	90	162	168	228	234	312	360	408	348	318	168	192	192	198	168	162
90	372	318	300	288	264	264	264	150	150	150	90	60	162	168	228	234	312	360	408	348	318	168	192	192	198	168	162
90	378	324	312	300	288	288	288	270	270	270	162	162	60	120	180	180	306	210	360	300	300	120	180	120	180	120	234
162	378	324	318	300	288	288	288	270	270	270	168	168	120	60	180	180	306	210	360	300	300	120	180	120	180	120	120
168	420	414	408	402	348	348	348	300	300	300	228	228	180	180	60	132	204	132	348	258	258	186	60	180	132	222	180
204	420	414	408	396	390	390	390	384	384	384	234	234	180	180	132	60	204	132	348	258	258	186	60	180	132	222	180
228	480	468	468	462	456	456	456	420	420	420	312	312	306	306	204	204	60	198	120	240	240	306	204	306	138	306	306
234	462	462	462	456	450	450	450	438	438	438	360	360	210	210	132	132	198	60	138	132	132	210	132	210	132	210	210
312	498	486	486	480	480	480	480	480	480	480	408	408	360	360	348	348	120	138	60	348	348	360	348	360	348	360	360
360	462	462	438	432	432	432	432	420	420	420	348	348	300	300	258	258	240	132	348	60	60	300	258	300	258	300	300
408	462	462	438	432	432	432	432	408	408	408	318	318	300	300	258	258	240	132	348	60	60	300	258	300	258	300	300
348	384	330	318	300	288	288	288	276	276	276	168	168	120	120	186	186	306	210	360	300	300	60	186	120	186	120	120
318	420	366	360	360	348	348	348	300	300	300	192	192	180	180	60	60	204	132	348	258	258	186	60	180	60	180	180
168	372	300	306	300	288	288	288	270	270	270	168	168	120	120	180	180	306	210	360	300	300	120	180	60	180	120	120
192	420	408	402	402	348	348	348	300	300	300	198	198	180	180	132	132	138	132	348	258	258	186	60	180	60	180	180
168	378	372	360	348	288	288	288	276	276	276	168	168	120	120	222	222	306	210	360	300	300	120	180	120	180	60	120
318	378	324	312	300	288	288	288	270	270	270	162	162	234	120	180	180	306	210	360	300	300	120	180	120	180	120	60
DEPOTS_DISTANCE
234	462	462	462	456	450	450	450	438	438	438	360	360	210	210	132	132	198	60	138	132	132	210	132	210	132	210	210	
348	384	330	318	300	288	288	288	276	276	276	168	168	120	120	186	186	306	210	360	300	300	60	186	120	186	120	120	
318	420	366	360	360	348	348	348	300	300	300	192	192	180	180	60	60	204	132	348	258	258	186	60	180	60	180	180	
LOCATION_TURN_MATRIX
100	130	122	113	112	199	136	122	129	152	173	146	151	136	158	140	176	113	122	167	194	134	110	172	114	184	100	147	
170	100	154	188	164	169	136	136	152	170	104	183	155	115	101	104	155	187	174	115	149	134	178	168	114	135	168	102	
178	146	100	161	178	114	104	165	117	139	126	169	192	109	120	179	160	152	154	134	113	140	154	179	196	196	192	181	
187	112	139	100	158	114	195	181	104	132	195	106	183	169	132	170	140	136	172	148	116	110	123	136	151	120	176	169	
188	136	122	142	100	175	164	159	112	100	167	164	135	191	132	181	104	123	142	156	108	117	193	182	116	147	156	185	
101	131	186	186	125	100	190	147	164	150	137	102	145	176	185	131	113	108	117	186	118	151	140	178	154	189	172	110	
164	164	196	105	136	110	100	186	153	151	183	193	111	157	144	123	188	142	110	163	105	190	166	187	170	171	186	126	
178	164	135	119	141	153	114	100	106	130	108	103	151	178	122	151	130	133	184	177	110	141	166	110	122	174	191	197	
171	148	183	196	188	136	147	194	100	167	100	146	168	129	128	142	172	118	174	147	105	158	156	160	120	106	119	136	
148	130	161	168	200	150	149	170	133	100	177	106	175	116	188	180	176	194	108	146	130	187	183	173	128	141	169	176	
127	196	174	105	133	163	117	192	200	123	100	171	175	140	183	115	104	186	128	153	151	175	100	146	191	117	132	197	
154	117	131	194	136	198	107	197	154	194	129	100	136	184	140	147	172	184	148	131	103	156	185	200	152	158	154	143	
149	145	108	117	165	155	189	149	132	125	125	164	100	140	199	142	101	144	163	185	117	191	200	143	113	165	102	154	
164	185	191	131	109	124	143	122	171	184	160	116	160	100	109	116	196	113	131	186	166	139	183	175	144	161	105	170	
142	199	180	168	168	115	156	178	172	112	117	160	101	191	100	147	177	177	199	158	172	188	164	175	180	168	154	195	
160	196	121	130	119	169	177	149	158	120	185	153	158	184	153	100	152	159	197	157	181	159	102	123	168	200	124	186	
124	145	140	160	196	187	112	170	128	124	196	128	199	104	123	148	100	149	114	112	117	135	105	132	138	180	198	156	
187	113	148	164	177	192	158	167	182	106	114	116	156	187	123	141	151	100	166	132	168	163	159	123	129	173	161	116	
178	126	146	128	158	183	190	116	126	192	172	152	137	169	101	103	186	134	100	184	199	137	130	160	148	113	140	150	
133	185	166	152	144	114	137	123	153	154	147	169	115	114	142	143	188	168	116	100	111	195	128	157	191	164	141	171	
106	151	187	184	192	182	195	190	195	170	149	197	183	134	128	119	183	132	101	189	100	129	151	163	147	166	104	177	
166	166	160	190	183	149	110	159	142	113	125	144	109	161	112	141	165	137	163	105	171	100	101	185	169	129	103	197	
190	122	146	177	107	160	134	134	144	117	200	115	100	117	136	198	195	141	170	172	149	199	100	106	150	116	118	145	
128	132	121	164	118	122	113	190	140	127	154	100	157	125	125	177	168	177	140	143	137	115	194	100	128	167	115	155	
186	186	104	149	184	146	130	178	180	172	109	148	187	156	120	132	162	171	152	109	153	131	150	172	100	155	124	184	
116	165	104	180	153	111	129	126	194	159	183	142	135	139	132	100	120	127	187	136	134	171	184	133	145	100	129	192	
200	132	108	124	144	128	114	109	181	131	168	146	198	195	146	176	102	139	160	159	196	197	182	185	176	171	100	146	
153	198	119	131	115	190	174	103	164	124	103	157	146	130	105	114	144	184	150	129	123	103	155	145	116	108	154	100	
DEPOTS_TO_LOCAL_TURN_MATRIX
178	126	146	128	158	183	190	116	126	192	172	152	137	169	101	103	186	134	100	184	199	137	130	160	148	113	140	150	
190	122	146	177	107	160	134	134	144	117	200	115	100	117	136	198	195	141	170	172	149	199	100	106	150	116	118	145	
128	132	121	164	118	122	113	190	140	127	154	100	157	125	125	177	168	177	140	143	137	115	194	100	128	167	115	155	
LOCAL_TO_DEPOT_TURN_MATRIX
122	174	154	172	142	117	110	184	174	108	128	148	163	131	199	197	114	166	100	116	101	163	170	140	152	187	160	150	
110	178	154	123	193	140	166	166	156	183	100	185	200	183	164	102	105	159	130	128	151	101	100	194	150	184	182	155	
172	168	179	136	182	178	187	110	160	173	146	200	143	175	175	123	132	123	160	157	163	185	106	100	172	133	185	145	

