INDEX_PROBLEM
1
PATIENTS
800
STRETCHERS
16
NUM_ROOM
28
NUM_DEPOT
3
NUM_PRIORITY
4
PRIORITY_LIST
0	1	2	3	4
PRIORITY_WEIGHT
0	1	10	18	30
PRIORITY_JOB
0	1	2	3	4	2	3	4	3	2	3	4	2	4	3	3	3	4	4	1	2	4	4	3	3	4	2	3	3	3	4	4	4	1	2	3	4	3	4	3	2	3	3	4	1	4	3	3	2	3	4	4	2	4	4	3	3	1	2	3	2	3	1	2	1	4	4	1	2	4	4	3	4	1	1	3	4	2	2	1	2	3	3	4	1	1	3	4	1	2	3	4	4	1	2	1	3	2	3	3	4	1	3	4	4	1	1	2	3	4	1	2	1	3	2	2	3	4	2	3	4	4	1	3	4	4	2	2	1	1	2	3	4	2	3	4	3	1	3	3	4	1	2	1	2	2	3	4	2	3	4	3	3	1	1	3	4	1	2	2	1	3	4	4	2	2	4	3	4	1	1	3	4	2	3	2	1	2	4	1	2	3	3	4	3	1	1	4	2	3	1	2	2	4	3	4	1	2	1	4	3	1	3	4	2	3	1	2	1	4	3	4	4	1	1	3	3	4	1	2	3	4	2	1	2	1	2	3	4	1	2	3	4	3	4	1	3	4	4	2	1	2	1	2	3	4	2	3	4	3	1	3	3	4	1	1	2	2	3	4	2	1	4	3	3	2	3	3	4	1	2	1	1	2	3	4	2	2	4	4	4	3	1	1	3	1	2	3	2	1	2	4	4	1	1	3	4	4	1	2	3	4	2	1	2	1	3	3	4	1	3	4	3	4	1	1	2	3	4	2	1	2	2	3	3	4	1	3	3	4	1	1	2	3	4	1	1	2	3	4	2	2	3	1	3	4	4	1	2	3	4	1	2	1	4	1	2	3	4	3	4	3	1	2	3	4	2	1	2	4	1	2	3	4	4	3	3	2	2	1	3	3	4	1	1	2	1	2	3	4	2	4	3	4	1	4	1	2	3	1	1	2	2	3	4	4	3	4	3	1	1	1	1	2	3	2	1	2	4	2	3	4	4	3	4	4	1	1	1	2	2	1	2	3	3	4	2	3	3	3	4	1	1	4	1	2	2	1	2	3	3	4	2	2	3	4	3	4	4	1	1	2	1	1	2	3	4	1	2	3	3	4	3	2	4	1	2	3	1	2	1	4	4	1	2	3	4	4	3	4	1	2	3	3	2	2	1	4	4	1	2	3	4	3	4	2	4	1	2	2	3	1	2	1	1	2	3	4	3	4	3	4	1	1	2	2	1	2	2	3	4	2	3	4	3	4	4	1	1	4	1	1	2	2	4	2	3	4	2	3	3	4	3	3	1	1	4	1	1	2	1	2	3	4	2	2	3	4	4	3	1	4	1	1	2	1	2	3	4	4	2	3	4	3	2	1	3	2	2	2	1	2	3	4	4	1	2	4	4	3	3	1	4	2	3	2	1	1	3	4	1	2	3	4	3	3	2	4	1	4	2	2	1	2	3	1	2	3	4	4	4	3	1	4	1	1	2	2	2	1	2	3	4	2	3	4	3	4	4	1	1	4	1	2	1	2	2	3	4	2	3	3	4	3	1	1	3	4	1	1	2	1	4	2	3	4	2	2	3	4	3	3	1	1	3	1	2	1	2	2	4	4	2	2	4	3	4	1	3	4	2	1	2	2	3	4	4	1	2	4	3	4	1	3	1	4	2	3	1	2	3	4	1	2	3	3	3	4	1	4	1	2	2	3	2	1	1	4	1	2	3	4	3	4	4	1	2	2	3	4	2	1	2	1	2	3	4	2	1	2	1	1	4	1	2	1	1	2	1	3	4	2	3	1	1	2	1	1	3	4	1	2	1	2	1	1	2	3	4	2	2	1	2	1	1	2	3	4	1	1	2
TIME_ASKED
0	28849	28898	28947	28996	29045	29094	29149	29198	29247	29296	29345	29394	29429	29458	29487	29516	29545	29574	29603	29632	29661	29690	29742	29784	29826	29868	29910	29952	29994	30029	30058	30087	30116	30145	30174	30203	30232	30261	30290	30329	30358	30387	30416	30445	30474	30503	30532	30561	30590	30621	30642	30663	30684	30705	30726	30747	30768	30789	30810	30831	30852	30873	30894	30949	30998	31047	31096	31145	31194	31227	31254	31281	31308	31335	31362	31389	31416	31443	31470	31497	31524	31548	31572	31596	31620	31644	31668	31692	31716	31740	31764	31788	31837	31874	31911	31948	31985	32022	32059	32096	32159	32218	32277	32336	32395	32419	32438	32457	32476	32495	32514	32533	32552	32571	32590	32609	32628	32647	32666	32685	32759	32818	32877	32936	32995	33027	33054	33081	33108	33135	33162	33189	33216	33243	33270	33297	33333	33366	33399	33432	33465	33498	33531	33564	33597	33616	33632	33648	33664	33680	33696	33712	33728	33744	33760	33776	33792	33808	33824	33840	33856	33872	33888	33933	33966	33999	34032	34065	34098	34131	34164	34197	34242	34284	34326	34368	34410	34452	34494	34533	34566	34599	34632	34665	34698	34731	34764	34797	34827	34854	34881	34908	34935	34962	34989	35016	35043	35070	35097	35137	35174	35211	35248	35285	35322	35359	35396	35433	35466	35499	35532	35565	35598	35631	35664	35697	35723	35746	35769	35792	35815	35838	35861	35884	35907	35930	35953	35976	35999	36023	36046	36069	36092	36115	36138	36161	36184	36207	36230	36253	36276	36299	36327	36354	36381	36408	36435	36462	36489	36516	36543	36570	36597	36619	36638	36657	36676	36695	36714	36733	36752	36771	36790	36809	36828	36847	36866	36885	36949	36998	37047	37096	37145	37194	37259	37318	37377	37436	37495	37549	37598	37647	37696	37745	37794	37827	37854	37881	37908	37935	37962	37989	38016	38043	38070	38097	38123	38146	38169	38192	38215	38238	38261	38284	38307	38330	38353	38376	38399	38419	38438	38457	38476	38495	38514	38533	38552	38571	38590	38609	38628	38647	38666	38685	38742	38784	38826	38868	38910	38952	38994	39029	39058	39087	39116	39145	39174	39203	39232	39261	39290	39349	39398	39447	39496	39545	39594	39633	39666	39699	39732	39765	39798	39831	39864	39897	39937	39974	40011	40048	40085	40122	40159	40196	40242	40284	40326	40368	40410	40452	40494	40542	40584	40626	40668	40710	40752	40794	40849	40898	40947	40996	41045	41094	41133	41166	41199	41232	41265	41298	41331	41364	41397	41423	41446	41469	41492	41515	41538	41561	41584	41607	41630	41653	41676	41699	41749	41798	41847	41896	41945	41994	42099	42198	42297	42342	42384	42426	42468	42510	42552	42594	42699	42798	42897	42923	42946	42969	42992	43015	43038	43061	43084	43107	43130	43153	43176	43199	43237	43274	43311	43348	43385	43422	43459	43496	43549	43598	43647	43696	43745	43794	43899	43998	44097	44159	44218	44277	44336	44395	44459	44518	44577	44636	44695	44799	44898	44997	45033	45066	45099	45132	45165	45198	45231	45264	45297	45337	45374	45411	45448	45485	45522	45559	45596	45637	45674	45711	45748	45785	45822	45859	45896	45959	46018	46077	46136	46195	46249	46298	46347	46396	46445	46494	46537	46574	46611	46648	46685	46722	46759	46796	46821	46842	46863	46884	46905	46926	46947	46968	46989	47010	47031	47052	47073	47094	47199	47298	47397	47437	47474	47511	47548	47585	47622	47659	47696	47737	47774	47811	47848	47885	47922	47959	47996	48049	48098	48147	48196	48245	48294	48324	48348	48372	48396	48420	48444	48468	48492	48516	48540	48564	48588	48627	48654	48681	48708	48735	48762	48789	48816	48843	48870	48897	48937	48974	49011	49048	49085	49122	49159	49196	49233	49266	49299	49332	49365	49398	49431	49464	49497	49537	49574	49611	49648	49685	49722	49759	49796	49827	49854	49881	49908	49935	49962	49989	50016	50043	50070	50097	50149	50198	50247	50296	50345	50394	50424	50448	50472	50496	50520	50544	50568	50592	50616	50640	50664	50688	50737	50774	50811	50848	50885	50922	50959	50996	51027	51054	51081	51108	51135	51162	51189	51216	51243	51270	51297	51324	51348	51372	51396	51420	51444	51468	51492	51516	51540	51564	51588	51637	51674	51711	51748	51785	51822	51859	51896	51933	51966	51999	52032	52065	52098	52131	52164	52197	52259	52318	52377	52436	52495	52517	52534	52551	52568	52585	52602	52619	52636	52653	52670	52687	52704	52721	52738	52755	52772	52789	52859	52918	52977	53036	53095	53137	53174	53211	53248	53285	53322	53359	53396	53459	53518	53577	53636	53695	53733	53766	53799	53832	53865	53898	53931	53964	53997	54027	54054	54081	54108	54135	54162	54189	54216	54243	54270	54297	54374	54448	54522	54596	54627	54654	54681	54708	54735	54762	54789	54816	54843	54870	54897	55049	55198	55237	55274	55311	55348	55385	55422	55459	55496	55574	55648	55722	55796	55827	55854	55881	55908	55935	55962	55989	56016	56043	56070	56097	56399	56499	56598	56697	56733	56766	56799	56832	56865	56898	56931	56964	56997	57049	57098	57147	57196	57245	57294	57359	57418	57477	57536	57595
ORIGIN
26	16	6	27	19	25	27	23	25	14	23	10	2	14	22	14	14	14	3	23	5	4	26	16	5	14	16	7	9	14	27	7	1	9	1	23	14	14	23	4	2	2	27	3	2	14	14	27	27	6	27	18	7	27	20	8	4	14	17	2	23	14	2	26	14	14	23	14	4	19	4	5	14	14	1	27	14	14	14	3	14	1	23	11	2	14	14	14	23	23	27	24	1	5	1	14	14	1	18	7	27	27	27	1	11	23	17	23	12	2	2	14	14	14	14	4	24	15	4	7	16	26	26	3	23	2	22	14	14	23	10	2	23	4	14	23	14	14	16	14	14	27	16	4	4	1	7	27	20	14	14	23	13	2	23	20	2	14	2	2	14	15	4	24	15	4	26	16	8	15	26	26	14	14	14	23	14	14	17	23	12	2	27	14	14	1	14	14	14	11	8	1	25	14	27	20	8	23	23	14	1	23	20	2	14	14	4	1	7	6	14	14	4	11	27	5	27	14	11	14	2	14	3	3	14	14	2	25	2	23	14	3	1	14	6	6	11	11	23	23	25	16	4	8	27	23	14	1	14	12	2	2	14	2	14	16	14	14	4	4	26	4	5	14	17	17	8	17	14	14	14	14	2	16	6	2	23	13	3	23	10	10	3	24	14	25	25	14	14	26	17	23	23	8	23	22	10	2	14	23	2	5	5	14	25	11	27	26	16	5	1	9	3	1	2	1	14	14	14	14	2	9	2	23	13	2	27	14	5	6	5	17	14	7	14	3	14	14	15	2	8	1	23	10	2	23	12	3	26	26	14	19	14	14	27	3	5	26	25	3	14	26	14	3	3	14	23	14	23	2	2	13	2	23	14	1	23	14	7	27	7	14	14	26	14	17	2	14	1	23	10	1	17	14	11	14	14	14	27	14	14	27	11	27	26	1	6	23	3	11	23	26	26	3	14	26	2	14	26	26	23	14	3	7	14	14	27	27	7	26	26	23	3	1	14	1	23	10	1	14	14	24	2	24	2	27	14	9	5	14	24	20	16	6	27	19	7	27	22	12	23	3	27	14	17	12	23	23	14	3	23	14	1	24	3	14	1	1	14	13	26	26	1	23	9	26	14	11	26	26	14	14	14	14	8	2	26	14	20	8	5	27	18	7	2	24	14	14	14	2	22	22	23	2	2	2	3	23	14	25	24	7	7	1	14	4	4	26	14	14	4	9	1	23	11	2	23	14	27	27	14	26	15	14	14	14	1	5	26	17	7	27	11	14	14	14	2	27	27	20	14	3	14	3	23	14	4	2	15	4	22	22	14	26	14	2	23	25	23	1	23	10	2	23	12	14	14	14	27	15	14	2	2	1	14	26	16	7	27	20	8	14	14	3	9	20	2	20	20	26	14	23	14	3	24	14	4	2	8	26	3	26	14	14	14	14	2	14	10	2	1	12	14	14	14	1	14	14	14	14	27	1	9	14	7	5	19	8	14	14	5	3	23	20	2	14	14	2	23	14	3	24	14	4	3	3	3	26	18	14	2	26	26	3	23	10	1	23	12	2	23	14	4	22	14	27	23	14	11	14	16	6	27	19	23	27	8	14	23	14	10	14	22	14	16	14	14	3	23	14	4	20	14	27	27	14	7	1	1	26	23	14	9	1	23	11	14	23	14	26	27	14	27	11	11	14	1	1	6	27	18	16	27	21	3	16	17	10	22	22	27	2	14	14	3	23	27	8	19	16	14	8	14	7	27	26	14	14	14	9	1	23	23	3	23	13	1	3	14	3	24	20	3	1	14	5	27	18	7	27	20	8	23	14	17	1	23	2	2	7	26
DESTINATION
3	14	17	2	22	14	2	26	14	3	27	14	14	8	19	16	1	25	14	4	14	14	3	14	14	1	16	20	14	3	23	13	23	14	14	27	5	5	1	14	27	27	18	14	27	20	8	23	23	17	2	27	20	2	14	14	14	16	6	14	27	25	27	23	25	26	3	26	14	22	14	14	2	2	14	2	16	4	4	26	16	14	27	15	14	9	16	4	1	27	23	1	23	14	23	4	4	23	27	20	2	2	2	14	15	27	6	27	11	27	27	20	8	4	26	14	2	14	14	23	14	14	14	23	27	14	19	4	5	1	14	14	27	14	8	1	25	1	14	1	2	23	14	14	14	23	20	2	14	5	4	1	7	14	1	7	14	20	27	27	1	11	14	2	14	14	3	14	14	11	14	14	4	15	4	7	16	26	6	27	11	14	23	25	16	23	10	2	10	12	14	23	14	3	2	14	14	27	27	16	14	1	7	27	20	8	14	23	13	17	4	26	14	15	2	14	2	16	15	4	24	4	26	26	16	8	24	14	14	1	25	14	24	26	17	17	12	12	27	27	14	14	23	14	2	27	5	14	25	11	27	27	20	27	2	14	1	1	14	14	3	14	14	2	9	6	14	6	4	16	5	5	27	14	17	14	1	7	14	3	14	14	14	2	25	14	14	3	3	14	6	27	26	14	4	19	14	14	8	4	27	14	14	1	14	12	2	3	14	14	23	14	23	14	14	14	4	16	5	5	14	17	27	1	7	14	23	26	14	17	14	6	2	13	3	23	10	10	11	14	14	14	27	14	14	27	11	14	23	23	1	22	10	2	23	26	14	3	14	26	2	14	5	26	26	16	1	9	3	27	27	7	14	1	26	23	3	1	20	2	13	2	2	14	5	6	24	2	14	27	14	14	9	5	15	2	2	1	23	10	2	23	12	23	3	23	17	27	14	12	27	3	3	26	25	3	14	26	14	3	1	25	14	13	26	2	2	2	13	14	14	1	23	24	4	14	27	14	14	8	2	2	14	2	14	23	1	17	14	26	2	14	14	17	2	22	23	2	2	11	1	26	23	3	6	11	7	1	25	14	4	26	14	1	26	26	23	23	3	7	14	14	14	27	14	14	26	15	14	14	1	1	1	10	14	14	14	2	14	14	14	2	27	20	14	1	2	20	16	27	19	19	7	27	27	22	14	3	26	14	2	23	23	23	3	23	23	14	1	25	14	14	14	27	15	14	27	1	23	23	9	14	11	26	2	1	14	14	3	9	20	2	20	20	20	8	27	18	18	7	2	26	8	14	3	26	14	14	14	14	2	2	3	14	25	24	4	14	1	14	27	14	14	27	11	4	4	9	23	11	2	14	14	14	5	3	16	20	2	14	14	1	1	26	17	7	27	11	11	3	3	1	26	14	2	26	14	24	14	3	23	14	4	2	2	4	22	25	14	14	23	11	15	8	25	23	10	10	10	2	23	23	14	20	20	14	22	14	16	1	14	26	27	7	27	20	8	27	1	26	14	1	26	14	26	14	26	14	27	3	24	14	14	26	27	14	14	27	11	14	1	1	14	2	2	23	1	10	12	16	14	17	2	22	27	2	14	9	1	9	14	5	19	8	14	8	25	14	5	26	14	14	26	2	2	3	20	24	24	14	1	3	14	14	27	20	3	1	4	3	23	10	23	12	12	2	23	14	17	2	27	14	2	7	26	14	6	14	19	19	23	27	8	25	14	4	2	14	22	14	16	14	3	20	2	14	4	20	5	14	14	27	27	14	27	7	23	14	26	14	1	11	14	23	4	14	2	27	20	2	14	14	27	1	6	14	27	27	27	21	3
DUE_DATE
0	31147	30476	30045	29554	30623	30192	29707	30296	30825	30394	29903	30972	29987	30556	30585	30614	30103	30132	31901	31210	30219	30248	30840	30882	30384	31446	31008	31050	31092	30587	30616	30645	32414	31723	31272	30761	31330	30819	31388	31907	31456	31485	30974	32743	31032	31601	31630	32139	31688	31179	31200	32241	31242	31263	31824	31845	33066	32367	31908	32409	31950	33171	32472	33247	31556	31605	33394	32723	31752	31785	32352	31839	33606	33633	32460	31947	32994	33021	33768	33075	32622	32646	32130	33894	33918	32742	32226	33990	33294	32838	32322	32346	34135	33452	34209	33046	33563	33120	33157	32654	34457	33316	32835	32894	34693	34717	34016	33555	33034	34793	34092	34831	33650	34149	34168	33707	33186	34225	33764	33243	33317	35116	33975	33494	33553	34605	34632	35379	35406	34713	34260	33747	34794	34341	33828	34395	35631	34464	34497	33990	35763	35076	35829	35142	35175	34714	34190	35226	34762	34238	34794	34810	36026	36042	34858	34334	36090	35386	35402	36138	34954	34430	34446	35511	35544	34557	35130	34623	36396	36429	35262	34755	35820	35382	35904	36666	35988	35010	36792	36111	35664	35697	35190	35763	36996	37029	35322	36375	35925	37152	36459	36486	35493	36060	35547	37314	36621	37368	35655	36235	37472	36309	35806	36863	36420	37657	36974	37731	36024	36597	36090	36123	37896	37929	36762	36795	36281	38044	37347	36890	36373	37416	38159	37462	38205	37508	37051	36534	38297	37601	37144	36627	37190	36673	38436	37259	36742	36765	37808	38551	37854	38597	37905	37452	36939	37986	37533	37020	37587	38814	37641	37668	37155	38917	38936	38235	38254	37793	37272	38311	39050	37329	37888	37907	38406	37945	37964	37443	39247	38576	39345	39394	38723	38292	37817	38896	38955	37994	38053	38107	38696	39945	39994	38843	40092	39405	38952	39459	40206	39513	38520	38547	40314	40341	39168	38655	38681	40444	39747	39290	38773	39816	40559	39862	40605	39428	39451	38934	40697	39517	38996	39555	39034	40793	40812	40111	39650	39129	40168	40907	40206	40225	39764	39783	39300	41082	39924	39966	39468	41250	41292	40607	40156	39645	41414	41443	40752	40301	39790	40839	40868	40447	41696	40545	40054	40103	41892	41211	40764	40257	42030	41343	42096	40389	42162	41475	41035	40532	41109	40606	41183	42420	41737	41294	40800	41862	42624	41946	40968	42750	42072	41640	41142	41184	41766	41808	42330	42372	43147	41996	42045	41554	43343	43392	42711	43464	42777	42330	41823	42876	41889	42462	41955	43721	42004	43767	43070	42613	43836	43859	43162	43185	42728	42211	42234	42797	42307	42896	44145	44194	44243	44292	43677	43296	43875	44640	43962	42984	44046	43608	43110	43152	43797	43356	43455	45221	45244	45267	44570	44593	45336	44639	44182	44205	43688	44731	44274	44297	44335	43832	45609	45646	43943	45720	45037	45074	45847	45176	44745	44794	44303	45372	45477	45096	44655	45257	44776	44835	46634	46693	46037	46816	46875	46214	45793	45357	47196	46575	46131	46164	45657	46230	46743	45756	47529	46842	46395	47635	46952	47709	46006	46043	47820	47137	46694	46195	46232	46809	46306	48083	47400	46957	46994	47537	47596	48375	46694	46753	48547	47876	47445	46954	47543	47052	48115	47132	48909	48226	48263	47820	49057	48374	49119	49140	48441	47982	47463	48024	47505	48066	47547	49308	49329	48630	48651	49392	48777	48876	48495	47995	49052	48609	48106	48683	48180	48217	49994	50035	48332	50109	50146	49463	49500	48517	49574	49147	48656	49725	49294	49343	48852	49422	49446	50670	50694	48978	50742	50766	50070	50814	50118	49662	49146	50205	50232	49779	49266	49293	49860	51087	49374	51141	51168	50475	51235	50552	50109	49606	49643	50700	50257	49754	50331	50844	51597	50430	50943	50976	51009	51762	51075	50635	50132	50169	51946	51263	50280	50317	50894	50925	52152	50439	51486	51033	51540	52287	52314	51141	50628	52395	51727	51296	50805	51394	51443	51972	50982	52746	51030	52074	52098	52842	52146	51690	52914	52218	51762	51246	51295	51332	51909	53146	51443	53220	53257	52574	52605	52632	53379	52686	52233	51720	52767	52314	51801	52368	51855	51882	53646	53670	51954	53718	53022	53766	53070	53094	52638	52122	53166	52735	52772	52269	52846	54083	54120	52957	52454	54231	54264	53577	54330	52623	53676	53229	52722	53775	53837	53416	52935	53534	53593	54815	54832	53649	54866	54163	54900	54197	54214	53211	53228	54265	54282	53279	53836	53313	55070	53887	53417	54496	55275	54614	54673	54235	53732	53769	55546	54863	53880	54457	53954	55757	54616	55875	54194	55273	54831	56064	55377	54930	54423	56196	55509	55062	55095	55125	54612	56379	54666	56433	55740	55767	55314	55821	56568	56595	54932	56746	56100	55694	55185	55752	55239	55266	57033	56340	56367	55914	55401	56448	57195	56627	57496	56815	56372	55869	56926	57683	57000	57757	57794	56132	57946	57300	58094	58125	57432	58179	57006	56493	57540	57087	58314	58341	57648	58395	58697	57597	57156	58995	58311	59064	58377	59130	59163	58476	58029	57522	58575	58627	59396	58725	59494	59543	58872	58457	57976	59775	59834	59173
TRANSPORT_MODE
0	2	1	1	1	2	0	0	0	1	1	1	2	0	0	0	2	1	1	1	1	0	0	0	2	1	1	1	2	0	0	0	2	1	1	1	2	0	0	0	1	1	1	1	2	0	0	0	2	1	1	1	1	0	0	0	0	3	1	1	1	1	0	0	0	2	1	1	1	0	0	0	0	3	3	1	1	1	0	0	0	2	1	1	1	3	0	0	3	1	1	1	1	0	0	0	0	2	1	1	1	3	0	0	0	3	1	1	1	1	0	0	0	0	2	1	1	1	1	0	0	0	3	1	1	1	0	0	0	2	2	1	1	1	0	0	0	3	1	1	1	2	0	0	0	2	1	1	1	1	0	0	0	0	3	1	1	1	2	0	0	2	1	1	1	1	0	0	0	0	3	1	1	1	1	0	0	0	2	1	1	1	0	0	0	3	3	1	1	1	0	0	0	0	2	1	1	1	3	0	0	3	1	1	1	1	0	0	0	0	2	1	1	1	3	0	0	0	3	1	1	1	1	0	0	0	2	1	1	1	1	0	0	0	0	3	1	1	1	0	0	0	2	2	1	1	1	0	0	0	3	1	1	1	2	0	0	2	1	1	1	3	0	0	0	0	1	1	1	1	2	0	0	0	2	1	1	1	1	0	0	0	0	3	1	1	1	2	0	0	0	1	1	1	3	0	0	0	3	1	1	1	2	0	0	0	1	1	1	1	0	0	0	0	3	3	1	1	1	0	0	0	2	1	1	1	1	0	0	0	3	3	1	1	1	0	0	0	0	2	1	1	1	1	0	0	0	3	1	1	1	0	0	0	2	2	1	1	1	0	0	0	3	1	1	1	0	0	0	2	2	1	1	1	0	0	0	0	1	3	1	1	1	0	0	0	2	2	1	1	1	0	0	0	0	1	3	1	1	1	0	0	2	1	1	1	0	0	0	0	3	3	1	1	1	0	0	0	2	1	1	1	0	0	0	1	3	3	1	1	0	0	0	0	1	2	1	1	1	0	0	3	3	1	1	1	0	0	0	0	1	2	1	1	1	0	0	0	1	3	1	1	0	0	0	1	2	2	1	1	0	0	0	0	1	3	1	1	0	0	0	1	2	2	1	1	0	0	0	1	3	1	1	1	0	0	0	1	2	2	1	1	0	0	0	0	1	3	1	1	1	0	0	0	1	2	1	1	0	0	0	1	3	3	1	1	0	0	0	1	2	1	1	0	0	0	1	3	3	1	1	0	0	0	0	1	2	1	1	1	0	0	0	1	3	3	1	1	0	0	0	1	2	1	1	1	0	0	0	1	3	1	1	0	0	0	1	2	2	1	1	0	0	0	1	3	1	1	0	0	0	0	1	2	2	1	1	0	0	0	1	3	1	1	1	0	0	0	1	2	2	1	1	0	0	0	0	1	3	1	1	1	0	0	1	2	2	1	0	1	0	0	0	1	3	3	1	1	0	0	0	1	2	1	1	0	0	0	1	3	3	1	1	0	0	0	1	2	1	1	1	0	0	0	3	3	1	1	1	0	0	0	0	1	2	1	1	1	0	0	0	1	3	3	1	1	0	0	0	2	1	1	1	1	0	0	0	3	1	1	1	0	0	0	2	2	1	1	1	0	0	0	0	1	3	1	1	1	0	0	2	2	1	1	1	0	0	0	0	1	3	1	1	1	0	0	0	2	2	1	1	1	0	0	0	3	1	1	1	1	0	0	0	3	1	1	1	0	0	0	3	3	1	1	1	0	0	0	3	1	1	1	1	0	0	0	3	3	1	1	1	0	0	0	0	3	1	1	1	1	0	0	0	3	3	1	1	1	0	0	0
PATIENT_WEIGHT
91	134	43	123	71	45	33	117	136	122	142	131	147	148	50	106	122	67	99	127	56	95	147	43	40	39	75	97	81	98	138	33	39	105	93	118	110	111	99	128	105	98	104	65	61	93	98	109	64	38	54	91	146	44	145	44	136	102	51	33	43	102	33	141	106	144	92	130	82	34	42	112	69	91	81	75	92	81	73	63	37	72	112	133	57	53	132	73	120	89	86	82	42	119	82	143	100	72	73	69	149	67	63	96	74	150	45	131	31	89	53	36	137	127	130	45	133	43	69	141	62	142	63	85	96	90	71	40	122	127	44	74	96	148	30	100	147	148	117	126	102	78	115	107	40	31	103	97	65	66	120	74	87	71	119	107	50	40	93	87	114	120	59	56	32	69	44	125	115	42	108	103	78	52	49	106	99	44	90	50	86	105	94	132	31	91	33	38	94	116	54	136	46	124	61	107	39	131	110	126	129	51	98	127	138	104	88	95	108	94	76	77	119	89	124	44	68	80	122	150	85	121	76	113	51	95	120	83	108	128	138	93	141	47	103	102	137	138	30	90	83	99	131	80	81	109	116	77	114	128	99	40	89	113	84	35	134	54	84	106	88	41	126	105	92	102	59	55	37	69	51	61	51	125	109	93	52	125	116	58	107	131	36	38	44	38	94	89	64	138	87	98	45	73	119	100	75	136	32	98	45	116	139	53	68	129	107	74	118	56	149	99	61	70	135	74	75	76	42	143	55	59	77	93	96	99	136	51	132	147	119	72	40	114	117	38	75	118	40	43	147	96	147	114	64	86	94	92	70	64	106	37	147	50	77	40	66	45	31	103	59	148	95	31	38	53	87	121	54	60	130	135	81	42	70	147	113	137	80	51	97	67	89	48	49	92	48	142	94	104	129	81	68	121	106	107	41	44	53	87	64	93	79	109	94	52	84	150	100	125	58	34	70	64	112	47	105	113	49	80	144	81	145	115	146	45	128	70	93	110	58	124	149	51	105	54	108	62	44	80	61	119	110	109	118	116	146	46	44	88	35	90	90	68	97	43	136	56	75	67	134	141	127	144	45	137	136	116	51	140	116	80	70	115	55	117	30	43	56	120	134	139	124	130	42	48	108	83	141	94	148	73	74	100	90	139	149	134	79	110	54	127	124	133	149	78	131	37	52	73	146	55	95	83	89	90	52	110	42	104	79	76	73	115	71	130	90	117	102	124	52	52	44	74	36	60	98	108	109	83	124	43	114	129	145	139	51	44	85	138	38	34	91	94	140	113	86	117	111	150	90	113	50	105	138	42	81	91	74	139	31	105	61	131	121	33	118	114	138	85	57	78	47	117	67	79	103	73	105	33	128	44	62	82	32	39	124	58	35	69	106	132	102	37	136	65	92	52	70	110	132	68	105	120	62	96	147	143	30	53	58	145	36	143	48	129	134	33	140	118	85	38	139	145	107	64	144	44	52	125	69	114	138	115	136	120	123	81	53	150	125	60	69	93	111	70	114	70	36	111	112	32	150	131	119	33	46	132	31	58	142	150	66	105	109	35	112	44	95	34	88	54	60	138	42	53	142	133	130	136	121	113	82	62	136	87	117	101	70	103	40	43	117	41	148	47	63	58	127	139	91	100	141	104	54	30	107	70	32	125	129	111	98	83	115	44	110	103	63	63	86	133	113	78	49	88	96	125	30	31	118	73	99	47	111	68	85	52	131	49	144	135	71	66	82	47	88	130	58	32	106	141	104	48	132	131	30	91	34	90	76	81	118	136	57	83	110	106	103	35	72	145	118	103	87	106	83	134	84	130	81	99	36	65	59	40	128	123	66	134	134
DISTANCE_MATRIX
0	360	318	300	288	276	264	264	150	150	150	60	90	90	162	168	204	228	234	312	360	408	348	318	168	192	168	318
360	60	264	318	324	342	342	342	348	348	354	360	372	378	378	420	420	480	462	498	462	462	384	420	372	420	378	378
318	264	60	270	276	288	288	288	294	294	294	318	318	324	324	414	414	468	462	486	462	462	330	366	366	408	372	324
300	318	270	60	276	288	288	288	288	288	288	300	300	312	318	408	408	468	462	486	438	438	318	360	360	402	360	312
288	324	276	276	60	276	276	276	276	276	276	288	288	300	300	402	396	462	456	480	432	432	300	360	360	402	348	300
276	342	288	288	276	60	180	180	252	258	264	264	264	288	288	390	390	456	450	480	432	432	288	348	348	348	288	288
264	342	288	288	276	180	60	180	246	258	264	264	264	288	288	390	390	456	450	480	432	432	288	348	348	348	288	288
264	342	288	288	276	180	180	60	240	258	264	264	264	288	288	390	390	456	450	480	432	432	288	348	348	348	288	288
150	348	294	288	276	252	246	240	60	120	120	150	126	270	270	378	384	420	438	480	420	408	276	300	300	300	276	270
150	348	294	288	276	258	258	258	120	60	120	150	150	270	270	378	384	420	438	480	420	408	276	300	300	300	276	270
150	354	294	288	276	264	264	264	120	120	60	150	150	270	270	378	384	420	438	480	420	408	276	300	300	300	276	270
60	360	318	300	288	264	264	264	150	150	150	60	90	162	168	228	234	312	360	408	348	318	168	192	192	198	168	162
90	372	318	300	288	264	264	264	150	150	150	90	60	162	168	228	234	312	360	408	348	318	168	192	192	198	168	162
90	378	324	312	300	288	288	288	270	270	270	162	162	60	120	180	180	306	210	360	300	300	120	180	120	180	120	234
162	378	324	318	300	288	288	288	270	270	270	168	168	120	60	180	180	306	210	360	300	300	120	180	120	180	120	120
168	420	414	408	402	348	348	348	300	300	300	228	228	180	180	60	132	204	132	348	258	258	186	60	180	132	222	180
204	420	414	408	396	390	390	390	384	384	384	234	234	180	180	132	60	204	132	348	258	258	186	60	180	132	222	180
228	480	468	468	462	456	456	456	420	420	420	312	312	306	306	204	204	60	198	120	240	240	306	204	306	138	306	306
234	462	462	462	456	450	450	450	438	438	438	360	360	210	210	132	132	198	60	138	132	132	210	132	210	132	210	210
312	498	486	486	480	480	480	480	480	480	480	408	408	360	360	348	348	120	138	60	348	348	360	348	360	348	360	360
360	462	462	438	432	432	432	432	420	420	420	348	348	300	300	258	258	240	132	348	60	60	300	258	300	258	300	300
408	462	462	438	432	432	432	432	408	408	408	318	318	300	300	258	258	240	132	348	60	60	300	258	300	258	300	300
348	384	330	318	300	288	288	288	276	276	276	168	168	120	120	186	186	306	210	360	300	300	60	186	120	186	120	120
318	420	366	360	360	348	348	348	300	300	300	192	192	180	180	60	60	204	132	348	258	258	186	60	180	60	180	180
168	372	300	306	300	288	288	288	270	270	270	168	168	120	120	180	180	306	210	360	300	300	120	180	60	180	120	120
192	420	408	402	402	348	348	348	300	300	300	198	198	180	180	132	132	138	132	348	258	258	186	60	180	60	180	180
168	378	372	360	348	288	288	288	276	276	276	168	168	120	120	222	222	306	210	360	300	300	120	180	120	180	60	120
318	378	324	312	300	288	288	288	270	270	270	162	162	234	120	180	180	306	210	360	300	300	120	180	120	180	120	60
DEPOTS_DISTANCE
234	462	462	462	456	450	450	450	438	438	438	360	360	210	210	132	132	198	60	138	132	132	210	132	210	132	210	210	
348	384	330	318	300	288	288	288	276	276	276	168	168	120	120	186	186	306	210	360	300	300	60	186	120	186	120	120	
318	420	366	360	360	348	348	348	300	300	300	192	192	180	180	60	60	204	132	348	258	258	186	60	180	60	180	180	
LOCATION_TURN_MATRIX
100	130	122	113	112	199	136	122	129	152	173	146	151	136	158	140	176	113	122	167	194	134	110	172	114	184	100	147	
170	100	154	188	164	169	136	136	152	170	104	183	155	115	101	104	155	187	174	115	149	134	178	168	114	135	168	102	
178	146	100	161	178	114	104	165	117	139	126	169	192	109	120	179	160	152	154	134	113	140	154	179	196	196	192	181	
187	112	139	100	158	114	195	181	104	132	195	106	183	169	132	170	140	136	172	148	116	110	123	136	151	120	176	169	
188	136	122	142	100	175	164	159	112	100	167	164	135	191	132	181	104	123	142	156	108	117	193	182	116	147	156	185	
101	131	186	186	125	100	190	147	164	150	137	102	145	176	185	131	113	108	117	186	118	151	140	178	154	189	172	110	
164	164	196	105	136	110	100	186	153	151	183	193	111	157	144	123	188	142	110	163	105	190	166	187	170	171	186	126	
178	164	135	119	141	153	114	100	106	130	108	103	151	178	122	151	130	133	184	177	110	141	166	110	122	174	191	197	
171	148	183	196	188	136	147	194	100	167	100	146	168	129	128	142	172	118	174	147	105	158	156	160	120	106	119	136	
148	130	161	168	200	150	149	170	133	100	177	106	175	116	188	180	176	194	108	146	130	187	183	173	128	141	169	176	
127	196	174	105	133	163	117	192	200	123	100	171	175	140	183	115	104	186	128	153	151	175	100	146	191	117	132	197	
154	117	131	194	136	198	107	197	154	194	129	100	136	184	140	147	172	184	148	131	103	156	185	200	152	158	154	143	
149	145	108	117	165	155	189	149	132	125	125	164	100	140	199	142	101	144	163	185	117	191	200	143	113	165	102	154	
164	185	191	131	109	124	143	122	171	184	160	116	160	100	109	116	196	113	131	186	166	139	183	175	144	161	105	170	
142	199	180	168	168	115	156	178	172	112	117	160	101	191	100	147	177	177	199	158	172	188	164	175	180	168	154	195	
160	196	121	130	119	169	177	149	158	120	185	153	158	184	153	100	152	159	197	157	181	159	102	123	168	200	124	186	
124	145	140	160	196	187	112	170	128	124	196	128	199	104	123	148	100	149	114	112	117	135	105	132	138	180	198	156	
187	113	148	164	177	192	158	167	182	106	114	116	156	187	123	141	151	100	166	132	168	163	159	123	129	173	161	116	
178	126	146	128	158	183	190	116	126	192	172	152	137	169	101	103	186	134	100	184	199	137	130	160	148	113	140	150	
133	185	166	152	144	114	137	123	153	154	147	169	115	114	142	143	188	168	116	100	111	195	128	157	191	164	141	171	
106	151	187	184	192	182	195	190	195	170	149	197	183	134	128	119	183	132	101	189	100	129	151	163	147	166	104	177	
166	166	160	190	183	149	110	159	142	113	125	144	109	161	112	141	165	137	163	105	171	100	101	185	169	129	103	197	
190	122	146	177	107	160	134	134	144	117	200	115	100	117	136	198	195	141	170	172	149	199	100	106	150	116	118	145	
128	132	121	164	118	122	113	190	140	127	154	100	157	125	125	177	168	177	140	143	137	115	194	100	128	167	115	155	
186	186	104	149	184	146	130	178	180	172	109	148	187	156	120	132	162	171	152	109	153	131	150	172	100	155	124	184	
116	165	104	180	153	111	129	126	194	159	183	142	135	139	132	100	120	127	187	136	134	171	184	133	145	100	129	192	
200	132	108	124	144	128	114	109	181	131	168	146	198	195	146	176	102	139	160	159	196	197	182	185	176	171	100	146	
153	198	119	131	115	190	174	103	164	124	103	157	146	130	105	114	144	184	150	129	123	103	155	145	116	108	154	100	
DEPOTS_TO_LOCAL_TURN_MATRIX
178	126	146	128	158	183	190	116	126	192	172	152	137	169	101	103	186	134	100	184	199	137	130	160	148	113	140	150	
190	122	146	177	107	160	134	134	144	117	200	115	100	117	136	198	195	141	170	172	149	199	100	106	150	116	118	145	
128	132	121	164	118	122	113	190	140	127	154	100	157	125	125	177	168	177	140	143	137	115	194	100	128	167	115	155	
LOCAL_TO_DEPOT_TURN_MATRIX
122	174	154	172	142	117	110	184	174	108	128	148	163	131	199	197	114	166	100	116	101	163	170	140	152	187	160	150	
110	178	154	123	193	140	166	166	156	183	100	185	200	183	164	102	105	159	130	128	151	101	100	194	150	184	182	155	
172	168	179	136	182	178	187	110	160	173	146	200	143	175	175	123	132	123	160	157	163	185	106	100	172	133	185	145	

