INDEX_PROBLEM
1
PATIENTS
800
STRETCHERS
16
NUM_ROOM
28
NUM_DEPOT
3
NUM_PRIORITY
4
PRIORITY_LIST
0	1	2	3	4
PRIORITY_WEIGHT
0	1	10	18	30
PRIORITY_JOB
0	1	2	3	3	2	3	2	2	3	1	2	3	3	3	3	3	4	1	2	3	3	4	3	1	2	2	3	4	2	4	4	3	1	2	3	3	2	2	3	3	2	3	4	1	2	4	3	3	2	3	3	4	2	3	4	2	1	2	3	1	2	1	1	1	3	3	1	3	1	4	3	2	2	4	1	2	2	2	2	1	3	4	1	2	1	3	3	4	3	3	2	2	3	1	2	1	2	4	1	2	3	3	3	3	1	1	3	2	2	2	1	2	4	3	4	1	2	3	2	4	3	1	1	3	1	2	1	1	1	3	4	1	2	1	2	3	3	1	2	3	4	1	2	2	1	2	3	2	2	1	2	3	3	3	3	4	1	1	2	1	2	2	3	3	2	2	4	3	2	1	3	1	2	3	1	1	2	3	4	1	2	1	4	4	3	3	1	2	2	3	1	1	2	4	1	2	3	1	2	3	3	3	2	2	3	4	1	2	1	2	1	2	3	3	3	3	4	1	1	2	2	3	2	1	1	3	1	3	2	3	4	3	4	1	1	1	2	3	2	1	2	4	1	2	2	1	3	4	2	1	3	1	2	3	1	1	2	3	1	2	3	2	1	3	2	3	3	4	1	2	1	1	2	3	3	2	2	3	3	3	4	2	1	4	1	2	3	1	1	2	3	2	2	3	1	3	4	4	1	2	2	3	1	2	3	2	1	3	3	1	2	3	3	1	1	2	2	3	4	1	2	1	1	2	3	1	2	3	3	1	3	4	2	2	1	2	1	4	3	1	2	3	3	3	4	3	1	1	3	2	2	2	1	3	4	1	2	1	3	2	1	1	3	3	4	1	2	1	1	3	2	3	1	2	1	4	2	3	2	3	3	1	2	1	1	2	3	3	3	2	3	3	3	2	1	2	4	1	1	2	1	2	3	3	2	2	4	2	3	1	3	4	1	2	1	1	4	3	3	1	2	3	2	3	3	1	4	1	2	2	1	2	1	1	3	4	1	2	2	3	3	1	1	3	3	2	2	2	1	1	2	3	4	1	3	3	4	2	1	1	3	3	2	1	1	2	2	3	2	1	4	3	2	1	1	3	4	3	1	2	1	1	2	3	4	1	3	3	2	1	2	2	3	2	1	2	3	4	1	2	3	3	3	3	3	2	1	2	3	1	1	2	1	1	2	3	3	4	4	4	3	2	1	2	3	1	2	1	1	2	3	3	4	1	2	3	3	1	2	3	4	1	1	2	1	2	2	3	3	2	3	3	1	1	1	2	3	2	1	2	2	4	2	2	3	3	3	4	1	1	1	2	3	1	1	1	3	2	2	3	4	3	4	2	1	1	1	2	3	2	1	1	3	1	2	3	4	3	2	3	1	1	2	2	2	2	1	3	3	4	1	2	3	3	3	3	3	1	2	2	2	2	1	1	3	1	2	3	3	4	3	2	1	4	2	3	1	2	2	1	2	3	3	4	3	3	2	1	1	2	3	1	1	1	2	2	2	3	4	3	1	3	4	1	1	1	2	3	3	2	2	1	2	2	3	1	3	3	4	3	2	1	1	3	3	2	1	1	4	2	2	3	1	2	3	1	1	2	3	3	2	1	1	4	1	2	3	2	3	2	3	3	1	1	1	2	3	2	1	2	4	1	2	3	3	3	3	4	1	2	2	3	2	1	1	1	4	1	2	3	3	3	2	3	1	2	2	3	1	2	1	1	1	2	3	1	1	2	1	3	4	1	2	1	2	1	2	1	1	3	4	1	1	2	1	1	2	2	3	1	2	1	1	2	1	3	3	2	1	2	1	2	1	1	2	3	4	1	2	1
TIME_ASKED
0	28849	28898	28947	28996	29045	29094	29149	29198	29247	29296	29345	29394	29429	29458	29487	29516	29545	29574	29603	29632	29661	29690	29742	29784	29826	29868	29910	29952	29994	30029	30058	30087	30116	30145	30174	30203	30232	30261	30290	30329	30358	30387	30416	30445	30474	30503	30532	30561	30590	30621	30642	30663	30684	30705	30726	30747	30768	30789	30810	30831	30852	30873	30894	30949	30998	31047	31096	31145	31194	31227	31254	31281	31308	31335	31362	31389	31416	31443	31470	31497	31524	31548	31572	31596	31620	31644	31668	31692	31716	31740	31764	31788	31837	31874	31911	31948	31985	32022	32059	32096	32159	32218	32277	32336	32395	32419	32438	32457	32476	32495	32514	32533	32552	32571	32590	32609	32628	32647	32666	32685	32759	32818	32877	32936	32995	33027	33054	33081	33108	33135	33162	33189	33216	33243	33270	33297	33333	33366	33399	33432	33465	33498	33531	33564	33597	33616	33632	33648	33664	33680	33696	33712	33728	33744	33760	33776	33792	33808	33824	33840	33856	33872	33888	33933	33966	33999	34032	34065	34098	34131	34164	34197	34242	34284	34326	34368	34410	34452	34494	34533	34566	34599	34632	34665	34698	34731	34764	34797	34827	34854	34881	34908	34935	34962	34989	35016	35043	35070	35097	35137	35174	35211	35248	35285	35322	35359	35396	35433	35466	35499	35532	35565	35598	35631	35664	35697	35723	35746	35769	35792	35815	35838	35861	35884	35907	35930	35953	35976	35999	36023	36046	36069	36092	36115	36138	36161	36184	36207	36230	36253	36276	36299	36327	36354	36381	36408	36435	36462	36489	36516	36543	36570	36597	36619	36638	36657	36676	36695	36714	36733	36752	36771	36790	36809	36828	36847	36866	36885	36949	36998	37047	37096	37145	37194	37259	37318	37377	37436	37495	37549	37598	37647	37696	37745	37794	37827	37854	37881	37908	37935	37962	37989	38016	38043	38070	38097	38123	38146	38169	38192	38215	38238	38261	38284	38307	38330	38353	38376	38399	38419	38438	38457	38476	38495	38514	38533	38552	38571	38590	38609	38628	38647	38666	38685	38742	38784	38826	38868	38910	38952	38994	39029	39058	39087	39116	39145	39174	39203	39232	39261	39290	39349	39398	39447	39496	39545	39594	39633	39666	39699	39732	39765	39798	39831	39864	39897	39937	39974	40011	40048	40085	40122	40159	40196	40242	40284	40326	40368	40410	40452	40494	40542	40584	40626	40668	40710	40752	40794	40849	40898	40947	40996	41045	41094	41133	41166	41199	41232	41265	41298	41331	41364	41397	41423	41446	41469	41492	41515	41538	41561	41584	41607	41630	41653	41676	41699	41749	41798	41847	41896	41945	41994	42099	42198	42297	42342	42384	42426	42468	42510	42552	42594	42699	42798	42897	42923	42946	42969	42992	43015	43038	43061	43084	43107	43130	43153	43176	43199	43237	43274	43311	43348	43385	43422	43459	43496	43549	43598	43647	43696	43745	43794	43899	43998	44097	44159	44218	44277	44336	44395	44459	44518	44577	44636	44695	44799	44898	44997	45033	45066	45099	45132	45165	45198	45231	45264	45297	45337	45374	45411	45448	45485	45522	45559	45596	45637	45674	45711	45748	45785	45822	45859	45896	45959	46018	46077	46136	46195	46249	46298	46347	46396	46445	46494	46537	46574	46611	46648	46685	46722	46759	46796	46821	46842	46863	46884	46905	46926	46947	46968	46989	47010	47031	47052	47073	47094	47199	47298	47397	47437	47474	47511	47548	47585	47622	47659	47696	47737	47774	47811	47848	47885	47922	47959	47996	48049	48098	48147	48196	48245	48294	48324	48348	48372	48396	48420	48444	48468	48492	48516	48540	48564	48588	48627	48654	48681	48708	48735	48762	48789	48816	48843	48870	48897	48937	48974	49011	49048	49085	49122	49159	49196	49233	49266	49299	49332	49365	49398	49431	49464	49497	49537	49574	49611	49648	49685	49722	49759	49796	49827	49854	49881	49908	49935	49962	49989	50016	50043	50070	50097	50149	50198	50247	50296	50345	50394	50424	50448	50472	50496	50520	50544	50568	50592	50616	50640	50664	50688	50737	50774	50811	50848	50885	50922	50959	50996	51027	51054	51081	51108	51135	51162	51189	51216	51243	51270	51297	51324	51348	51372	51396	51420	51444	51468	51492	51516	51540	51564	51588	51637	51674	51711	51748	51785	51822	51859	51896	51933	51966	51999	52032	52065	52098	52131	52164	52197	52259	52318	52377	52436	52495	52517	52534	52551	52568	52585	52602	52619	52636	52653	52670	52687	52704	52721	52738	52755	52772	52789	52859	52918	52977	53036	53095	53137	53174	53211	53248	53285	53322	53359	53396	53459	53518	53577	53636	53695	53733	53766	53799	53832	53865	53898	53931	53964	53997	54027	54054	54081	54108	54135	54162	54189	54216	54243	54270	54297	54374	54448	54522	54596	54627	54654	54681	54708	54735	54762	54789	54816	54843	54870	54897	55049	55198	55237	55274	55311	55348	55385	55422	55459	55496	55574	55648	55722	55796	55827	55854	55881	55908	55935	55962	55989	56016	56043	56070	56097	56399	56499	56598	56697	56733	56766	56799	56832	56865	56898	56931	56964	56997	57049	57098	57147	57196	57245	57294	57359	57418	57477	57536	57595
ORIGIN
26	16	6	27	19	1	27	23	25	1	23	10	2	14	14	14	23	14	3	23	2	4	26	16	14	26	16	7	27	27	7	14	23	9	1	23	11	14	23	13	2	23	14	3	24	2	14	14	14	6	27	18	7	27	20	8	1	14	10	2	23	12	2	26	27	3	23	14	4	14	15	5	26	16	7	27	19	8	14	3	14	1	23	11	2	2	13	2	23	14	3	24	14	4	1	7	14	1	18	7	27	20	8	1	23	2	17	23	12	2	14	14	14	23	14	4	24	15	4	26	16	6	11	14	7	27	23	14	14	3	10	2	23	12	14	23	14	3	14	14	4	26	16	7	14	1	7	27	20	8	14	23	10	1	23	11	2	23	14	14	27	3	4	24	15	4	26	16	6	27	26	7	27	22	8	3	14	17	2	23	12	2	27	14	3	23	14	4	25	16	5	1	25	14	27	20	8	27	14	9	1	23	11	2	23	13	2	27	14	14	14	14	4	26	16	5	27	18	14	2	20	8	1	14	17	2	23	12	2	23	14	3	23	14	14	27	15	5	26	25	14	4	19	8	27	23	14	1	23	11	2	23	12	2	23	14	14	27	14	4	26	16	5	14	17	7	27	20	8	1	23	14	2	27	11	2	23	13	3	23	14	4	27	11	4	26	16	6	3	26	15	27	23	8	1	3	10	2	23	12	2	23	14	14	27	14	4	26	16	5	1	16	7	27	9	8	27	23	9	1	14	20	2	23	13	2	27	14	3	24	20	4	26	16	6	3	26	14	27	20	8	1	23	10	2	23	12	17	2	14	3	23	14	14	24	15	5	26	25	7	27	26	14	27	23	9	1	16	20	2	23	13	2	23	14	14	24	14	4	26	16	5	27	26	14	2	20	8	1	23	10	1	23	12	2	17	14	3	23	14	14	27	15	4	26	16	6	27	11	7	2	23	8	1	23	20	2	23	12	2	23	14	3	24	14	4	14	16	5	26	16	1	26	14	27	1	23	10	1	23	11	2	14	14	2	23	14	14	27	11	4	26	16	6	27	19	7	27	22	14	14	23	10	2	23	27	2	23	14	3	23	14	4	25	11	14	26	16	7	1	26	14	27	23	9	1	23	11	2	23	14	2	23	14	27	20	14	4	26	16	5	27	18	7	27	20	8	3	23	10	22	23	2	14	23	14	3	23	14	4	24	15	5	14	16	6	27	26	14	14	23	9	1	23	11	2	23	12	2	23	14	3	24	15	14	27	16	5	26	17	7	27	20	3	14	23	10	1	20	2	14	23	13	3	23	14	4	24	15	4	25	14	6	27	14	2	14	23	8	1	23	10	2	23	12	27	14	14	3	23	14	27	11	16	5	26	16	7	27	20	8	14	23	9	1	20	2	14	23	13	2	23	14	3	24	14	4	26	14	6	27	14	2	14	11	8	1	23	10	2	23	12	2	14	14	3	23	14	27	24	15	5	26	16	7	27	19	8	14	23	9	1	23	2	14	14	13	2	23	14	3	24	14	4	1	7	14	27	18	7	2	26	14	1	23	10	1	23	12	2	23	14	14	27	14	4	27	11	2	26	16	6	27	19	7	27	14	14	1	23	10	2	22	14	2	23	14	3	23	14	4	26	16	7	14	16	7	27	26	14	14	23	9	1	23	11	2	23	13	14	23	14	4	27	11	14	1	16	6	27	18	7	27	21	8	3	23	10	2	23	23	2	23	14	3	23	14	4	25	16	5	26	16	7	27	26	14	3	14	9	1	23	11	27	23	13	2	23	14	3	24	14	14	1	7	5	27	18	7	27	20	8	1	14	17	1	23	12	2	7	14
DESTINATION
3	14	17	2	22	23	2	26	14	14	27	14	14	4	25	16	1	25	14	4	27	14	3	14	9	3	16	20	2	23	13	2	27	14	14	27	15	5	1	7	14	1	26	14	2	27	20	8	1	17	2	27	20	2	14	14	14	16	14	14	27	11	27	23	23	14	3	26	14	2	14	14	3	14	20	2	22	14	4	26	16	14	27	15	14	27	7	14	1	26	14	1	26	14	23	13	2	23	27	20	2	14	14	14	27	24	6	27	11	14	20	8	1	3	26	14	2	14	14	3	14	17	12	3	23	2	27	15	5	26	14	14	27	11	8	1	25	14	1	26	14	3	14	13	2	23	20	2	14	14	4	27	14	14	27	20	14	1	8	1	23	23	14	2	14	14	3	14	17	2	14	23	2	2	14	26	16	6	14	27	11	14	23	25	14	4	26	14	14	14	14	23	14	3	2	14	14	2	16	14	14	27	15	14	1	7	14	23	10	1	4	26	14	3	14	14	2	27	4	24	14	14	14	16	6	27	27	11	14	1	25	14	3	26	2	23	14	14	3	14	3	23	22	14	2	27	5	14	27	15	27	27	11	14	1	9	1	23	26	14	3	14	14	2	9	20	2	14	14	14	27	5	27	18	20	14	1	7	14	3	26	14	23	12	14	3	14	17	23	14	11	2	26	14	14	26	14	14	27	11	14	1	25	1	23	26	14	3	14	14	23	16	20	2	17	14	3	27	14	14	16	7	27	1	7	14	23	26	14	2	11	14	3	14	17	23	14	4	2	14	14	14	27	14	14	27	11	6	27	25	14	3	10	2	2	14	14	3	14	20	2	14	4	2	27	14	14	16	7	27	27	7	14	1	26	1	1	26	14	3	14	14	2	14	3	24	14	14	14	27	14	14	27	11	27	6	25	14	3	10	2	23	14	14	3	14	17	2	12	23	24	27	14	14	27	7	27	27	11	14	1	25	14	1	26	14	1	14	14	3	16	24	14	4	23	14	27	14	14	27	20	14	20	8	14	3	26	1	23	12	14	3	14	17	2	22	23	2	2	15	4	27	14	27	7	23	14	1	25	14	4	26	14	14	12	2	3	14	20	24	14	4	2	27	14	14	27	15	14	27	1	14	1	26	23	11	2	14	3	14	14	2	27	20	2	14	14	26	27	14	19	7	27	4	1	25	14	3	26	14	2	14	14	2	14	17	2	14	4	25	27	14	14	27	15	14	27	11	27	1	26	14	1	11	2	23	14	14	3	9	20	2	14	26	16	27	14	14	7	27	20	1	7	14	3	26	14	2	14	14	14	3	17	2	4	24	15	26	14	14	27	14	14	27	11	23	9	25	14	4	2	23	12	14	14	3	16	20	2	14	14	16	27	14	14	7	27	20	1	7	14	1	26	14	2	26	14	3	3	17	2	4	24	15	12	14	14	27	14	14	27	11	14	8	25	14	3	2	23	2	14	14	3	14	20	2	22	14	16	27	14	14	27	27	20	8	7	14	1	26	14	1	26	14	23	13	2	2	27	20	24	14	4	14	27	14	14	27	11	14	1	25	1	23	26	14	23	12	24	3	14	17	2	22	23	2	15	5	14	27	14	27	19	8	14	1	25	14	5	26	14	3	14	13	2	16	20	2	14	3	4	27	14	14	27	20	14	1	7	1	3	26	14	23	12	2	23	14	17	2	27	23	2	7	14	26	27	14	14	27	7	27	1	25	14	4	2	14	14	14	14	3	14	20	2	14	4	26	16	14	14	27	15	23	27	7	14	1	26	14	1	26	2	23	13	14	2	27	20	2	14	14	14	16	6	14	27	11	27	21	8
DUE_DATE
0	31147	30476	30045	30094	30623	30192	30727	30776	30345	31594	30923	30492	30527	30556	30585	30614	30103	31872	31181	30730	30759	30248	30840	32082	31404	31446	31008	30510	31572	30587	30616	31185	32414	31723	31272	31301	31810	31839	31388	31427	31936	31485	30974	32743	32052	31061	31630	31659	32168	31719	31740	31221	32262	31803	31284	32325	33066	32367	31908	33129	32430	33171	33192	33247	32096	32145	33394	32243	33492	31785	32352	32859	32886	31893	33660	32967	32994	33021	33048	33795	32622	32106	33870	33174	33918	32742	32766	32250	32814	32838	33342	33366	32935	34172	33489	34246	33563	32580	34357	33674	33257	33316	33375	33434	34693	34717	33536	34035	34054	34073	34812	34111	33110	33669	33148	34907	34206	33745	34244	33243	33857	35116	35175	34034	35293	34605	35352	35379	35406	34233	33720	35487	34794	35541	34848	34395	34431	35664	34977	34530	34023	35796	35109	35142	35895	35194	34730	35226	35242	35978	35274	34810	34826	34842	34858	34334	36090	36106	35402	36138	35434	35450	34986	35031	35544	35577	34590	35163	35676	36429	35262	36495	35820	35382	36624	36666	35988	35550	35052	36831	36144	36897	35190	35223	35796	35829	37062	36375	36405	35952	37179	37206	36513	35520	37287	36594	36141	37368	36675	36235	36272	36309	36826	36863	36420	35917	37694	37011	37764	37077	37830	37143	36696	36729	36762	36795	36281	38044	38067	37370	37393	36936	37439	38182	38205	37028	38251	37074	37577	37121	36604	37167	36650	38413	38436	38459	37762	37305	37808	38551	37854	36857	38625	37932	37959	38706	37533	37020	38067	38814	37641	38868	38175	37717	38936	38955	38254	37793	39012	38311	37850	38349	39088	37907	38406	37945	37964	37443	39247	38576	39345	39394	38723	38292	38357	38896	38955	38534	38593	38647	38156	39225	39994	38303	40092	39405	38952	40179	40206	39513	39060	39567	39594	39141	40368	39195	38681	38704	40467	39770	39793	39336	40559	39862	39405	39908	40651	39474	39497	40717	40016	39555	39574	40793	40812	40111	40130	39669	39148	40907	40206	40945	40964	40263	39840	41082	40404	39966	40008	41250	40092	39587	40636	40665	41414	40723	41472	39761	40330	41559	40868	40447	40496	40545	40054	40643	41892	41931	40764	41277	41310	41343	42096	40929	40422	42195	41515	42272	41109	41626	42383	42420	41257	41294	40800	42582	41904	42666	42708	41550	42072	41640	42882	42204	42966	41268	42330	41892	42427	41996	42045	43294	42623	43392	43431	42744	42297	42330	42363	42876	42429	42462	42495	43001	43744	43047	42050	43813	43836	43139	43882	43185	42728	42751	43254	43277	42307	43376	42945	44194	43043	42552	44397	43776	44595	44640	42942	43524	43566	44808	44130	43692	44277	43896	43995	45221	43504	45267	44570	44593	45336	44639	45382	45405	44228	43711	45474	44777	44815	44372	44409	45646	45683	44520	44557	45074	45127	45176	45945	45994	45323	44892	44457	46296	45195	45257	44776	45855	46634	46693	45557	45616	46155	46934	46993	46377	46476	46095	46611	47364	45657	46230	46743	47496	47529	46362	45855	46435	47672	46989	47746	47783	47100	46657	46154	47935	46772	46809	47326	48083	47400	47437	46994	47537	48316	47655	47234	46753	48547	47876	47445	47494	47543	47592	47635	48152	48909	48226	47783	49020	49057	48374	49119	49140	48441	47982	48003	47484	47505	47526	48087	48588	49329	48630	48171	49392	48777	49596	49695	49015	48572	48609	48106	49883	49200	48757	48794	50035	49352	48909	48406	50183	50220	49537	50294	49627	49676	49245	49294	49823	49392	49422	50646	50670	50694	49998	49542	50046	50790	50094	50118	49122	50166	50205	49752	49779	49806	49293	51060	51087	51114	50421	49968	51195	51235	51272	50109	50626	50663	50220	49717	50294	49791	50844	51597	51630	51663	50976	50529	51042	51795	51835	50672	51909	51226	50783	50280	50857	51374	50925	52152	52179	51486	51513	51540	51567	52314	51141	51168	50655	52447	51776	51345	51394	51443	51492	51522	52746	52050	52074	52098	52122	52866	52890	51714	52938	52242	51786	51835	51332	51909	52426	53183	51480	52537	52094	53325	52632	52659	53406	52713	52260	52287	51774	52341	52368	52875	53622	53646	52950	52494	53718	53742	53766	53070	53094	53118	52662	52146	52735	53972	52809	52306	54083	54120	54157	53474	53031	53064	53577	53610	54363	53676	53709	53262	54495	53357	53416	52935	53534	54073	54815	54832	53649	53666	54163	54900	54917	53194	54231	54248	53785	55002	54299	53836	55053	55070	54367	53957	54016	54555	55334	55393	53695	55472	54789	54346	54863	54420	54937	54494	54557	55816	55875	55934	55273	54831	55344	56097	55410	54423	56196	55509	55062	55095	55125	55152	54639	56406	55713	55740	55287	55794	56541	56568	56595	54932	56746	56100	55694	55725	55752	56259	55806	57033	56340	56367	55914	57141	56448	57195	57347	57496	56815	56372	57609	57646	56963	57720	56557	56054	57872	57226	58020	57374	58125	57432	58179	58206	57033	56520	58287	58314	57621	58368	58395	57977	58077	57696	58995	58311	59064	59097	58410	59163	57996	58029	58542	59295	58627	59396	58725	59494	59543	58872	58457	57976	59775	59114	59893
TRANSPORT_MODE
0	2	1	1	1	2	0	0	2	1	1	1	2	0	0	0	1	1	1	1	2	0	0	0	2	1	1	1	2	0	0	0	0	1	1	1	1	2	0	0	0	1	1	1	2	0	0	0	0	2	1	1	1	1	0	0	0	3	1	1	1	2	0	0	0	2	1	1	1	3	0	0	0	1	1	1	1	2	0	0	0	2	1	1	1	3	0	0	0	1	1	1	1	2	0	0	0	0	1	1	1	1	0	0	0	3	3	1	1	1	0	0	0	0	2	1	1	1	1	0	0	0	3	3	1	1	2	0	0	0	1	1	1	1	3	0	0	0	3	1	1	1	2	0	0	0	1	1	1	1	3	0	0	0	1	1	1	1	0	0	0	0	2	2	1	1	1	0	0	0	3	1	1	1	1	0	0	0	2	2	1	1	3	0	0	0	1	1	1	1	2	0	0	0	2	1	1	1	3	0	0	0	1	1	1	1	2	0	0	0	0	1	1	1	1	0	0	0	3	3	1	1	1	0	0	0	0	2	1	1	1	1	0	0	3	3	1	1	2	0	0	0	1	1	1	1	3	0	0	0	3	1	1	1	2	0	0	0	1	1	1	0	1	3	0	0	0	1	1	1	2	0	0	0	2	1	1	1	1	0	0	0	0	3	1	1	1	2	0	0	0	2	1	1	1	3	0	0	1	1	1	1	2	0	0	0	2	1	1	1	3	0	0	0	0	1	1	1	1	2	0	0	0	1	1	1	3	0	0	0	3	1	1	1	2	0	0	0	0	1	1	1	1	0	0	0	0	3	3	1	1	1	0	0	2	1	1	1	3	0	0	0	3	1	1	1	2	0	0	0	0	1	1	1	1	3	0	0	0	1	1	1	1	0	0	0	2	2	1	1	1	0	0	0	0	3	1	1	1	0	0	0	2	2	1	1	1	0	0	0	3	1	1	1	1	0	0	0	2	2	1	1	1	0	0	0	3	1	1	1	1	0	0	0	0	2	1	1	1	0	0	0	3	3	1	1	1	0	0	0	0	2	1	1	1	0	0	0	1	3	3	1	1	0	0	0	2	1	1	1	1	0	0	0	3	3	1	1	1	0	0	0	2	1	1	1	1	0	0	0	3	1	1	1	0	0	0	0	2	2	1	1	1	0	0	0	1	3	1	1	0	0	0	0	1	2	2	1	1	0	0	0	1	3	1	1	1	0	0	0	2	2	1	1	1	0	0	0	3	1	1	1	1	0	0	0	2	1	1	1	0	0	0	3	3	1	1	1	0	0	0	0	1	2	1	1	0	0	0	1	3	3	1	1	0	0	0	1	2	1	1	1	0	0	0	3	3	1	1	1	0	0	0	2	1	1	1	1	0	0	0	3	1	1	1	0	0	0	0	2	2	1	1	1	0	0	0	1	3	1	1	0	0	0	0	1	2	2	1	1	0	0	1	3	1	1	1	0	0	0	2	2	1	1	1	0	0	0	3	1	1	1	1	0	0	0	2	2	1	1	0	1	0	0	0	3	3	1	1	1	0	0	0	2	1	1	1	0	0	0	0	1	3	3	1	1	0	0	0	2	1	1	1	1	0	0	3	3	1	1	1	0	0	0	2	1	1	1	1	0	0	0	0	3	3	1	1	1	0	0	0	2	1	1	1	1	0	0	0	3	1	1	1	0	0	0	0	2	2	1	1	1	0	0	0	3	1	1	1	1	0	0	3	3	1	1	3	0	0	0	1	1	1	1	3	0	0	0	0	3	1	1	1	3	0	0	0	1	1	1	1	1	0	0	0	3	1	1	1	0	0	0	0	3	3	1	1	1	0	0	0
PATIENT_WEIGHT
138	129	43	135	147	98	122	92	61	121	63	102	141	73	43	46	82	81	58	76	35	71	149	34	102	116	125	51	76	96	148	123	50	46	86	126	150	131	85	139	111	56	58	130	64	61	36	125	145	129	87	102	133	76	48	82	135	116	131	142	140	142	42	119	121	83	94	131	105	99	65	138	125	67	70	62	107	57	30	63	112	82	150	109	125	32	33	70	73	37	33	126	99	121	146	127	115	61	145	40	53	141	130	73	116	134	142	133	150	129	81	35	104	143	97	59	110	54	81	130	31	52	130	59	30	99	30	104	118	150	132	44	141	142	92	61	55	41	138	144	57	55	140	48	46	136	34	99	56	96	30	142	92	121	133	37	143	147	97	109	49	60	87	147	129	106	116	74	82	129	50	78	73	89	55	77	53	98	76	128	105	65	51	94	140	39	37	88	52	135	118	93	49	106	60	96	106	55	51	99	48	136	76	135	83	79	132	86	68	51	68	117	35	108	113	142	45	41	129	144	63	133	74	140	121	92	134	147	44	68	72	78	30	113	88	53	111	42	84	87	108	65	104	111	42	125	75	137	72	148	89	56	34	73	86	91	84	72	59	38	92	118	125	146	145	102	114	92	112	149	110	67	81	60	35	44	135	124	91	111	105	101	86	76	134	89	97	88	132	60	72	112	93	81	59	68	77	143	51	144	145	34	66	49	52	45	45	103	43	82	86	46	99	149	120	58	126	35	56	101	30	86	79	35	102	65	47	135	137	44	47	135	138	35	44	115	70	39	61	130	71	44	77	89	48	78	106	99	141	60	68	56	45	102	38	131	113	65	127	38	97	73	37	55	123	94	72	126	71	37	81	111	98	44	49	136	42	44	57	103	119	83	46	127	108	74	129	64	69	54	89	84	48	148	150	119	140	82	86	61	141	138	146	47	40	123	59	94	87	115	140	59	83	88	79	57	39	31	98	105	108	62	92	130	31	123	111	84	109	76	132	112	30	120	104	39	77	123	129	38	130	121	90	145	128	77	30	83	60	93	51	32	146	79	83	100	103	66	139	59	125	143	86	119	127	69	93	149	41	71	72	128	76	63	43	127	122	61	82	42	79	63	100	47	111	143	31	71	48	47	32	86	64	44	149	73	86	103	113	99	110	62	127	94	42	146	142	79	116	40	40	106	68	37	143	59	39	137	149	141	111	59	42	109	145	146	52	101	110	38	83	75	79	150	89	48	41	141	81	33	32	57	119	130	133	89	145	47	124	34	60	70	52	67	137	91	101	141	105	102	101	105	112	106	116	31	67	108	74	32	62	149	104	56	146	56	52	78	81	127	59	96	48	110	119	48	116	141	148	128	137	148	112	94	43	36	58	82	129	57	136	142	145	36	139	68	140	65	55	73	39	45	125	70	62	122	65	32	83	69	91	83	111	79	30	94	94	63	83	148	110	77	43	92	76	37	148	52	150	66	106	93	80	138	33	124	104	95	43	123	135	93	142	136	100	123	90	144	112	89	120	123	100	120	142	40	35	98	104	120	77	80	32	35	122	135	136	63	74	102	84	94	91	148	107	55	145	65	76	141	115	134	41	77	35	99	92	84	126	64	98	58	119	122	124	82	77	60	137	106	145	127	59	40	90	70	137	100	69	85	91	54	70	95	146	113	76	36	41	129	95	41	43	45	34	74	107	84	45	52	74	75	51	68	96	41	95	64	95	112	100	88	31	71	132	61	88	80	33	129	58	138	37	76	69	37	52	30	52	91	108	111	78	121	103	50	46	80	56	144	47	68	77	133	132	125	135	84	56	106	54	138	78	73	44	128	125	78	124	124	44
DISTANCE_MATRIX
0	360	318	300	288	276	264	264	150	150	150	60	90	90	162	168	204	228	234	312	360	408	348	318	168	192	168	318
360	60	264	318	324	342	342	342	348	348	354	360	372	378	378	420	420	480	462	498	462	462	384	420	372	420	378	378
318	264	60	270	276	288	288	288	294	294	294	318	318	324	324	414	414	468	462	486	462	462	330	366	366	408	372	324
300	318	270	60	276	288	288	288	288	288	288	300	300	312	318	408	408	468	462	486	438	438	318	360	360	402	360	312
288	324	276	276	60	276	276	276	276	276	276	288	288	300	300	402	396	462	456	480	432	432	300	360	360	402	348	300
276	342	288	288	276	60	180	180	252	258	264	264	264	288	288	390	390	456	450	480	432	432	288	348	348	348	288	288
264	342	288	288	276	180	60	180	246	258	264	264	264	288	288	390	390	456	450	480	432	432	288	348	348	348	288	288
264	342	288	288	276	180	180	60	240	258	264	264	264	288	288	390	390	456	450	480	432	432	288	348	348	348	288	288
150	348	294	288	276	252	246	240	60	120	120	150	126	270	270	378	384	420	438	480	420	408	276	300	300	300	276	270
150	348	294	288	276	258	258	258	120	60	120	150	150	270	270	378	384	420	438	480	420	408	276	300	300	300	276	270
150	354	294	288	276	264	264	264	120	120	60	150	150	270	270	378	384	420	438	480	420	408	276	300	300	300	276	270
60	360	318	300	288	264	264	264	150	150	150	60	90	162	168	228	234	312	360	408	348	318	168	192	192	198	168	162
90	372	318	300	288	264	264	264	150	150	150	90	60	162	168	228	234	312	360	408	348	318	168	192	192	198	168	162
90	378	324	312	300	288	288	288	270	270	270	162	162	60	120	180	180	306	210	360	300	300	120	180	120	180	120	234
162	378	324	318	300	288	288	288	270	270	270	168	168	120	60	180	180	306	210	360	300	300	120	180	120	180	120	120
168	420	414	408	402	348	348	348	300	300	300	228	228	180	180	60	132	204	132	348	258	258	186	60	180	132	222	180
204	420	414	408	396	390	390	390	384	384	384	234	234	180	180	132	60	204	132	348	258	258	186	60	180	132	222	180
228	480	468	468	462	456	456	456	420	420	420	312	312	306	306	204	204	60	198	120	240	240	306	204	306	138	306	306
234	462	462	462	456	450	450	450	438	438	438	360	360	210	210	132	132	198	60	138	132	132	210	132	210	132	210	210
312	498	486	486	480	480	480	480	480	480	480	408	408	360	360	348	348	120	138	60	348	348	360	348	360	348	360	360
360	462	462	438	432	432	432	432	420	420	420	348	348	300	300	258	258	240	132	348	60	60	300	258	300	258	300	300
408	462	462	438	432	432	432	432	408	408	408	318	318	300	300	258	258	240	132	348	60	60	300	258	300	258	300	300
348	384	330	318	300	288	288	288	276	276	276	168	168	120	120	186	186	306	210	360	300	300	60	186	120	186	120	120
318	420	366	360	360	348	348	348	300	300	300	192	192	180	180	60	60	204	132	348	258	258	186	60	180	60	180	180
168	372	300	306	300	288	288	288	270	270	270	168	168	120	120	180	180	306	210	360	300	300	120	180	60	180	120	120
192	420	408	402	402	348	348	348	300	300	300	198	198	180	180	132	132	138	132	348	258	258	186	60	180	60	180	180
168	378	372	360	348	288	288	288	276	276	276	168	168	120	120	222	222	306	210	360	300	300	120	180	120	180	60	120
318	378	324	312	300	288	288	288	270	270	270	162	162	234	120	180	180	306	210	360	300	300	120	180	120	180	120	60
DEPOTS_DISTANCE
234	462	462	462	456	450	450	450	438	438	438	360	360	210	210	132	132	198	60	138	132	132	210	132	210	132	210	210	
348	384	330	318	300	288	288	288	276	276	276	168	168	120	120	186	186	306	210	360	300	300	60	186	120	186	120	120	
318	420	366	360	360	348	348	348	300	300	300	192	192	180	180	60	60	204	132	348	258	258	186	60	180	60	180	180	
LOCATION_TURN_MATRIX
100	130	122	113	112	199	136	122	129	152	173	146	151	136	158	140	176	113	122	167	194	134	110	172	114	184	100	147	
170	100	154	188	164	169	136	136	152	170	104	183	155	115	101	104	155	187	174	115	149	134	178	168	114	135	168	102	
178	146	100	161	178	114	104	165	117	139	126	169	192	109	120	179	160	152	154	134	113	140	154	179	196	196	192	181	
187	112	139	100	158	114	195	181	104	132	195	106	183	169	132	170	140	136	172	148	116	110	123	136	151	120	176	169	
188	136	122	142	100	175	164	159	112	100	167	164	135	191	132	181	104	123	142	156	108	117	193	182	116	147	156	185	
101	131	186	186	125	100	190	147	164	150	137	102	145	176	185	131	113	108	117	186	118	151	140	178	154	189	172	110	
164	164	196	105	136	110	100	186	153	151	183	193	111	157	144	123	188	142	110	163	105	190	166	187	170	171	186	126	
178	164	135	119	141	153	114	100	106	130	108	103	151	178	122	151	130	133	184	177	110	141	166	110	122	174	191	197	
171	148	183	196	188	136	147	194	100	167	100	146	168	129	128	142	172	118	174	147	105	158	156	160	120	106	119	136	
148	130	161	168	200	150	149	170	133	100	177	106	175	116	188	180	176	194	108	146	130	187	183	173	128	141	169	176	
127	196	174	105	133	163	117	192	200	123	100	171	175	140	183	115	104	186	128	153	151	175	100	146	191	117	132	197	
154	117	131	194	136	198	107	197	154	194	129	100	136	184	140	147	172	184	148	131	103	156	185	200	152	158	154	143	
149	145	108	117	165	155	189	149	132	125	125	164	100	140	199	142	101	144	163	185	117	191	200	143	113	165	102	154	
164	185	191	131	109	124	143	122	171	184	160	116	160	100	109	116	196	113	131	186	166	139	183	175	144	161	105	170	
142	199	180	168	168	115	156	178	172	112	117	160	101	191	100	147	177	177	199	158	172	188	164	175	180	168	154	195	
160	196	121	130	119	169	177	149	158	120	185	153	158	184	153	100	152	159	197	157	181	159	102	123	168	200	124	186	
124	145	140	160	196	187	112	170	128	124	196	128	199	104	123	148	100	149	114	112	117	135	105	132	138	180	198	156	
187	113	148	164	177	192	158	167	182	106	114	116	156	187	123	141	151	100	166	132	168	163	159	123	129	173	161	116	
178	126	146	128	158	183	190	116	126	192	172	152	137	169	101	103	186	134	100	184	199	137	130	160	148	113	140	150	
133	185	166	152	144	114	137	123	153	154	147	169	115	114	142	143	188	168	116	100	111	195	128	157	191	164	141	171	
106	151	187	184	192	182	195	190	195	170	149	197	183	134	128	119	183	132	101	189	100	129	151	163	147	166	104	177	
166	166	160	190	183	149	110	159	142	113	125	144	109	161	112	141	165	137	163	105	171	100	101	185	169	129	103	197	
190	122	146	177	107	160	134	134	144	117	200	115	100	117	136	198	195	141	170	172	149	199	100	106	150	116	118	145	
128	132	121	164	118	122	113	190	140	127	154	100	157	125	125	177	168	177	140	143	137	115	194	100	128	167	115	155	
186	186	104	149	184	146	130	178	180	172	109	148	187	156	120	132	162	171	152	109	153	131	150	172	100	155	124	184	
116	165	104	180	153	111	129	126	194	159	183	142	135	139	132	100	120	127	187	136	134	171	184	133	145	100	129	192	
200	132	108	124	144	128	114	109	181	131	168	146	198	195	146	176	102	139	160	159	196	197	182	185	176	171	100	146	
153	198	119	131	115	190	174	103	164	124	103	157	146	130	105	114	144	184	150	129	123	103	155	145	116	108	154	100	
DEPOTS_TO_LOCAL_TURN_MATRIX
178	126	146	128	158	183	190	116	126	192	172	152	137	169	101	103	186	134	100	184	199	137	130	160	148	113	140	150	
190	122	146	177	107	160	134	134	144	117	200	115	100	117	136	198	195	141	170	172	149	199	100	106	150	116	118	145	
128	132	121	164	118	122	113	190	140	127	154	100	157	125	125	177	168	177	140	143	137	115	194	100	128	167	115	155	
LOCAL_TO_DEPOT_TURN_MATRIX
122	174	154	172	142	117	110	184	174	108	128	148	163	131	199	197	114	166	100	116	101	163	170	140	152	187	160	150	
110	178	154	123	193	140	166	166	156	183	100	185	200	183	164	102	105	159	130	128	151	101	100	194	150	184	182	155	
172	168	179	136	182	178	187	110	160	173	146	200	143	175	175	123	132	123	160	157	163	185	106	100	172	133	185	145	

