INDEX_PROBLEM
1
PATIENTS
800
STRETCHERS
16
NUM_ROOM
28
NUM_DEPOT
3
NUM_PRIORITY
4
PRIORITY_LIST
0	1	2	3	4
PRIORITY_WEIGHT
0	1	10	18	30
PRIORITY_JOB
0	1	2	3	3	2	3	2	2	3	1	2	3	3	3	2	3	4	1	2	3	3	3	4	1	2	2	3	4	3	3	4	3	1	2	3	3	1	4	2	3	2	2	3	4	3	2	3	1	2	3	3	2	3	4	3	3	1	2	3	4	1	1	1	1	2	3	3	2	1	4	3	4	2	3	4	1	2	2	1	2	2	3	1	2	1	2	3	3	3	3	1	2	2	1	2	1	3	4	1	1	2	3	3	4	1	2	3	3	4	2	1	1	2	2	3	1	3	3	4	3	1	1	2	3	3	2	1	1	2	2	3	4	1	2	3	3	1	1	2	3	3	2	1	1	4	1	2	3	3	2	3	3	1	1	2	2	2	2	1	1	3	4	1	2	3	4	3	3	1	3	2	2	2	1	2	1	3	1	2	3	3	4	3	4	1	4	2	2	3	1	2	1	1	2	3	3	4	2	3	3	1	1	2	3	4	1	2	1	2	1	2	2	3	3	3	4	4	1	1	1	2	2	1	1	2	3	3	2	2	3	3	4	3	1	1	1	2	1	1	2	3	3	4	2	2	3	2	3	3	1	1	1	2	1	1	2	3	3	4	1	2	3	2	3	3	1	4	1	2	1	1	3	2	2	3	4	1	4	3	3	2	1	3	3	2	1	1	1	2	2	3	1	2	4	3	2	3	3	1	4	2	2	1	2	2	3	1	2	3	3	3	2	3	1	4	1	2	1	2	1	3	4	1	2	3	3	4	3	2	1	1	3	4	2	2	1	1	2	3	3	3	4	3	3	2	2	1	1	3	2	1	1	1	2	3	3	2	2	3	3	2	3	1	1	4	1	2	1	1	2	3	3	4	2	3	4	1	2	1	3	2	1	2	1	2	2	3	4	3	3	4	2	1	2	1	3	1	2	1	3	2	2	3	3	4	2	3	1	2	1	3	3	1	1	2	2	2	3	4	1	3	2	3	2	3	1	3	1	1	2	1	2	3	4	1	3	2	4	3	2	2	3	1	1	4	2	1	2	1	2	3	3	3	4	3	2	2	2	3	1	1	1	1	1	1	2	3	3	4	3	3	2	2	2	1	1	3	1	2	2	1	2	3	3	4	3	3	4	1	2	1	1	3	1	2	2	2	1	2	3	4	3	3	4	1	1	2	1	3	1	1	2	3	2	2	3	4	3	2	3	1	2	1	3	3	1	1	2	2	2	3	1	2	3	2	3	3	3	1	4	1	1	2	1	2	3	4	1	2	3	3	3	2	3	1	4	1	2	1	2	1	2	3	3	2	4	3	2	2	3	1	1	1	1	2	1	2	3	3	2	2	4	3	2	3	1	1	4	1	1	2	1	2	3	3	1	2	3	3	4	3	1	1	4	1	1	2	2	2	2	2	3	4	1	3	3	4	2	3	1	3	1	1	1	2	2	2	3	1	2	3	2	3	1	3	2	2	1	1	3	3	4	1	2	3	4	2	3	3	1	1	2	3	2	1	2	4	1	2	2	3	3	2	3	4	1	1	2	3	1	2	1	2	3	2	2	3	3	4	3	1	1	1	2	3	1	1	1	3	2	2	3	4	2	3	4	1	1	1	2	3	1	2	1	3	1	2	3	4	2	3	3	1	1	1	2	2	2	1	2	3	4	1	2	3	2	3	3	4	1	3	2	2	1	2	1	3	1	2	3	3	3	2	4	1	2	2	3	1	1	1	1	1	1	2	3	3	2	2	1	1	4	1	2	3	1	2	1	1	1	4	1	2	2	1	1	1	2	3	1	2	1	1	2	1	3	3	2	2	1	1	2	1	1	2	3	4	1	2	1
TIME_ASKED
0	28849	28898	28947	28996	29045	29094	29149	29198	29247	29296	29345	29394	29429	29458	29487	29516	29545	29574	29603	29632	29661	29690	29742	29784	29826	29868	29910	29952	29994	30029	30058	30087	30116	30145	30174	30203	30232	30261	30290	30329	30358	30387	30416	30445	30474	30503	30532	30561	30590	30621	30642	30663	30684	30705	30726	30747	30768	30789	30810	30831	30852	30873	30894	30949	30998	31047	31096	31145	31194	31227	31254	31281	31308	31335	31362	31389	31416	31443	31470	31497	31524	31548	31572	31596	31620	31644	31668	31692	31716	31740	31764	31788	31837	31874	31911	31948	31985	32022	32059	32096	32159	32218	32277	32336	32395	32419	32438	32457	32476	32495	32514	32533	32552	32571	32590	32609	32628	32647	32666	32685	32759	32818	32877	32936	32995	33027	33054	33081	33108	33135	33162	33189	33216	33243	33270	33297	33333	33366	33399	33432	33465	33498	33531	33564	33597	33616	33632	33648	33664	33680	33696	33712	33728	33744	33760	33776	33792	33808	33824	33840	33856	33872	33888	33933	33966	33999	34032	34065	34098	34131	34164	34197	34242	34284	34326	34368	34410	34452	34494	34533	34566	34599	34632	34665	34698	34731	34764	34797	34827	34854	34881	34908	34935	34962	34989	35016	35043	35070	35097	35137	35174	35211	35248	35285	35322	35359	35396	35433	35466	35499	35532	35565	35598	35631	35664	35697	35723	35746	35769	35792	35815	35838	35861	35884	35907	35930	35953	35976	35999	36023	36046	36069	36092	36115	36138	36161	36184	36207	36230	36253	36276	36299	36327	36354	36381	36408	36435	36462	36489	36516	36543	36570	36597	36619	36638	36657	36676	36695	36714	36733	36752	36771	36790	36809	36828	36847	36866	36885	36949	36998	37047	37096	37145	37194	37259	37318	37377	37436	37495	37549	37598	37647	37696	37745	37794	37827	37854	37881	37908	37935	37962	37989	38016	38043	38070	38097	38123	38146	38169	38192	38215	38238	38261	38284	38307	38330	38353	38376	38399	38419	38438	38457	38476	38495	38514	38533	38552	38571	38590	38609	38628	38647	38666	38685	38742	38784	38826	38868	38910	38952	38994	39029	39058	39087	39116	39145	39174	39203	39232	39261	39290	39349	39398	39447	39496	39545	39594	39633	39666	39699	39732	39765	39798	39831	39864	39897	39937	39974	40011	40048	40085	40122	40159	40196	40242	40284	40326	40368	40410	40452	40494	40542	40584	40626	40668	40710	40752	40794	40849	40898	40947	40996	41045	41094	41133	41166	41199	41232	41265	41298	41331	41364	41397	41423	41446	41469	41492	41515	41538	41561	41584	41607	41630	41653	41676	41699	41749	41798	41847	41896	41945	41994	42099	42198	42297	42342	42384	42426	42468	42510	42552	42594	42699	42798	42897	42923	42946	42969	42992	43015	43038	43061	43084	43107	43130	43153	43176	43199	43237	43274	43311	43348	43385	43422	43459	43496	43549	43598	43647	43696	43745	43794	43899	43998	44097	44159	44218	44277	44336	44395	44459	44518	44577	44636	44695	44799	44898	44997	45033	45066	45099	45132	45165	45198	45231	45264	45297	45337	45374	45411	45448	45485	45522	45559	45596	45637	45674	45711	45748	45785	45822	45859	45896	45959	46018	46077	46136	46195	46249	46298	46347	46396	46445	46494	46537	46574	46611	46648	46685	46722	46759	46796	46821	46842	46863	46884	46905	46926	46947	46968	46989	47010	47031	47052	47073	47094	47199	47298	47397	47437	47474	47511	47548	47585	47622	47659	47696	47737	47774	47811	47848	47885	47922	47959	47996	48049	48098	48147	48196	48245	48294	48324	48348	48372	48396	48420	48444	48468	48492	48516	48540	48564	48588	48627	48654	48681	48708	48735	48762	48789	48816	48843	48870	48897	48937	48974	49011	49048	49085	49122	49159	49196	49233	49266	49299	49332	49365	49398	49431	49464	49497	49537	49574	49611	49648	49685	49722	49759	49796	49827	49854	49881	49908	49935	49962	49989	50016	50043	50070	50097	50149	50198	50247	50296	50345	50394	50424	50448	50472	50496	50520	50544	50568	50592	50616	50640	50664	50688	50737	50774	50811	50848	50885	50922	50959	50996	51027	51054	51081	51108	51135	51162	51189	51216	51243	51270	51297	51324	51348	51372	51396	51420	51444	51468	51492	51516	51540	51564	51588	51637	51674	51711	51748	51785	51822	51859	51896	51933	51966	51999	52032	52065	52098	52131	52164	52197	52259	52318	52377	52436	52495	52517	52534	52551	52568	52585	52602	52619	52636	52653	52670	52687	52704	52721	52738	52755	52772	52789	52859	52918	52977	53036	53095	53137	53174	53211	53248	53285	53322	53359	53396	53459	53518	53577	53636	53695	53733	53766	53799	53832	53865	53898	53931	53964	53997	54027	54054	54081	54108	54135	54162	54189	54216	54243	54270	54297	54374	54448	54522	54596	54627	54654	54681	54708	54735	54762	54789	54816	54843	54870	54897	55049	55198	55237	55274	55311	55348	55385	55422	55459	55496	55574	55648	55722	55796	55827	55854	55881	55908	55935	55962	55989	56016	56043	56070	56097	56399	56499	56598	56697	56733	56766	56799	56832	56865	56898	56931	56964	56997	57049	57098	57147	57196	57245	57294	57359	57418	57477	57536	57595
ORIGIN
26	16	6	27	19	25	27	23	14	14	23	10	2	22	14	1	14	14	3	23	14	4	26	16	14	14	16	7	9	27	7	1	1	9	1	23	14	14	23	4	14	2	27	3	2	2	14	14	11	6	27	18	7	27	20	8	14	14	17	2	23	3	2	26	1	14	23	14	4	14	4	5	14	19	1	27	14	14	14	3	14	1	23	11	2	14	13	14	14	14	27	24	1	5	23	14	5	1	18	7	27	20	27	1	11	12	17	23	12	2	2	14	14	14	14	4	24	15	4	7	16	14	26	3	23	2	14	14	2	23	10	2	23	12	14	23	14	4	14	14	14	27	7	4	9	1	7	27	20	8	14	23	13	14	27	20	2	14	2	14	15	1	4	24	15	4	26	16	8	27	26	26	14	14	14	23	14	7	17	23	12	2	27	14	14	1	14	14	14	11	8	1	25	14	27	20	8	27	14	14	1	23	20	2	14	14	4	1	7	6	14	14	4	26	16	5	27	14	14	14	2	14	3	14	14	17	2	25	2	23	14	3	23	14	6	27	11	11	23	25	16	14	4	8	27	23	14	1	16	11	3	2	14	2	16	16	14	14	4	4	26	16	5	14	17	7	4	26	14	14	14	2	2	2	6	2	23	13	3	23	10	10	14	14	14	25	14	3	27	2	3	23	23	8	1	22	10	2	14	23	2	5	5	14	14	27	27	26	16	5	1	9	3	27	14	14	14	14	14	2	9	20	2	23	13	2	27	14	5	9	17	14	14	7	14	3	14	26	15	2	8	1	23	10	2	23	12	27	26	26	14	19	14	23	27	3	5	26	25	3	14	26	14	2	3	14	23	14	23	2	2	13	2	23	14	1	23	14	4	27	7	14	23	26	14	26	2	14	1	23	10	1	14	14	2	14	14	14	27	14	14	27	11	6	26	1	6	23	11	7	26	26	26	14	26	10	26	14	26	26	23	14	3	7	14	14	7	27	7	26	23	3	23	1	14	1	23	10	1	14	14	2	14	24	2	14	27	14	14	27	24	20	16	6	27	19	7	27	22	3	12	3	17	17	27	12	23	23	14	3	23	14	4	24	3	14	3	1	25	14	13	26	1	23	9	1	14	11	2	26	2	4	14	14	27	14	8	14	20	8	5	27	18	7	27	20	14	14	14	17	17	2	22	2	2	2	3	23	14	25	24	15	1	1	14	6	4	26	14	14	4	9	1	23	11	2	23	12	2	27	14	3	26	15	14	14	1	5	26	17	7	27	11	3	14	14	2	2	27	20	2	23	14	3	23	14	4	2	15	4	14	22	14	3	26	14	2	25	23	1	23	10	2	23	12	23	14	14	27	23	15	14	27	1	14	26	16	7	27	20	8	27	14	3	9	20	20	2	20	26	14	23	14	3	24	14	4	27	3	3	3	26	14	14	14	11	2	14	10	2	1	12	2	14	14	27	14	14	14	27	1	1	9	16	7	5	19	8	14	8	5	20	23	2	2	14	14	2	23	14	3	24	14	4	1	3	1	26	18	2	26	14	23	3	23	10	1	23	12	2	23	14	14	14	14	27	11	14	23	14	16	6	27	19	23	27	8	23	14	14	10	2	22	14	16	14	14	3	23	14	4	26	5	1	26	14	7	26	26	14	23	14	9	1	23	11	14	23	4	27	14	14	27	11	11	14	1	1	6	27	18	16	27	21	3	14	17	10	22	23	27	2	14	14	3	23	27	8	19	16	23	8	14	7	27	14	14	3	14	9	1	23	23	14	23	13	23	3	14	3	24	3	3	1	14	5	27	18	7	27	20	8	23	17	2	1	23	2	2	7	26
DESTINATION
3	14	17	2	22	14	2	26	3	3	27	14	14	19	16	23	1	25	14	4	9	14	3	14	1	1	16	20	14	23	13	23	23	14	14	27	5	5	1	14	5	27	18	14	27	27	20	8	12	17	2	27	20	2	14	14	20	16	6	14	27	14	27	23	23	26	3	26	14	2	14	14	2	22	14	2	16	4	4	26	16	14	27	15	14	9	7	4	9	9	23	1	23	14	1	4	14	23	27	20	2	14	2	14	15	11	6	27	11	27	27	20	8	1	26	14	2	14	14	23	14	3	14	23	27	14	4	5	14	1	14	14	27	11	8	1	25	14	1	1	2	23	13	14	14	23	20	2	14	14	4	1	7	5	18	7	14	20	27	1	11	14	14	2	14	14	3	14	14	2	14	14	4	15	4	7	16	13	6	27	11	14	23	25	16	23	10	2	10	12	14	23	14	3	2	14	14	2	16	16	14	1	7	27	20	8	14	23	13	17	4	26	14	3	14	14	2	1	1	4	24	4	26	16	8	6	24	14	14	1	25	14	3	26	17	23	12	12	27	14	14	25	23	14	2	27	5	14	14	15	14	27	20	27	14	14	1	1	14	14	3	14	14	2	9	20	14	14	4	16	5	27	27	27	17	14	1	7	14	3	14	14	25	25	2	14	3	23	2	24	26	27	26	14	14	19	14	14	8	4	27	14	14	1	16	23	2	3	14	14	23	14	23	2	4	4	4	16	5	14	17	7	27	1	7	14	23	26	14	17	6	2	2	13	3	23	10	14	11	14	14	14	27	14	14	27	11	23	23	23	1	22	10	27	23	26	14	3	14	26	10	14	4	27	26	16	1	9	3	27	27	7	14	1	26	23	3	26	14	2	13	2	27	14	5	14	24	2	14	27	14	14	5	5	24	2	8	1	23	10	2	23	12	17	3	23	17	27	12	23	3	3	3	25	3	14	3	26	14	3	1	25	14	13	26	2	13	2	13	14	1	23	1	24	4	14	27	14	14	8	2	14	20	2	14	1	23	10	1	23	2	14	14	17	2	22	23	2	2	26	11	26	6	6	23	11	7	1	25	14	4	26	14	1	26	26	26	23	14	3	7	14	14	27	14	14	26	15	14	14	24	14	1	10	23	1	14	2	14	14	14	2	27	20	2	14	2	16	20	6	6	27	19	27	27	22	14	3	26	14	2	14	23	23	3	17	23	14	4	25	14	14	14	27	15	14	27	11	27	23	9	14	14	11	2	1	14	14	3	9	20	2	20	26	8	8	27	27	18	7	27	7	8	14	3	26	14	14	14	14	8	2	3	23	14	25	24	14	1	14	27	14	14	27	11	1	9	1	23	4	11	2	23	14	5	3	16	20	2	14	14	2	5	26	17	7	7	27	11	3	3	1	26	14	2	26	14	23	23	23	23	14	4	2	15	12	22	25	14	14	23	11	14	8	1	23	10	2	2	23	23	23	14	14	20	14	22	14	16	14	14	7	27	27	27	20	8	27	1	26	14	1	26	14	23	14	23	14	27	24	14	4	27	26	27	14	14	27	11	14	1	1	10	2	2	23	12	2	1	16	14	17	2	22	27	2	14	1	9	16	14	27	19	8	14	8	25	14	5	26	14	3	14	23	14	3	20	14	14	4	1	3	14	14	27	20	3	1	14	23	10	1	23	12	12	2	23	14	17	2	27	14	2	7	26	16	6	14	19	7	23	27	8	25	14	4	2	14	22	14	1	14	3	20	2	4	4	26	5	14	14	27	27	9	27	7	1	14	26	14	1	14	14	23	4	14	2	27	20	2	14	14	27	6	27	14	27	27	27	21	3
DUE_DATE
0	31147	30476	30045	30094	30623	30192	30727	30776	30345	31594	30923	30492	30527	30556	31065	30614	30103	31872	31181	30730	30759	30788	30300	32082	31404	31446	31008	30510	31092	31127	30616	31185	32414	31723	31272	31301	32530	30819	31868	31427	31936	31965	31514	31003	31572	32081	31630	32859	32168	31719	31740	32241	31782	31263	31824	31845	33066	32367	31908	31389	33150	33171	33192	33247	32576	32145	32194	32723	33492	31785	32352	31839	32886	32433	31920	33687	32994	33021	33768	33075	33102	32646	33870	33174	33918	33222	32766	32790	32814	32838	34062	33366	33415	34172	33489	34246	33083	32580	34357	34394	33737	33316	33375	32894	34693	33997	33536	33555	33034	34073	34812	34831	34130	34149	33688	34907	33726	33745	33224	33783	35057	35116	34455	34034	34093	34605	35352	35379	34686	34713	34260	33747	35514	34821	34368	34395	35631	35664	34977	34530	34563	35076	35829	35862	34155	35914	35210	34746	34762	35258	34794	34810	36026	36042	35338	35354	35370	35386	36122	36138	34954	34430	36186	35511	35064	34557	35130	35163	36396	35229	35742	35775	35820	36582	35904	36666	35508	36750	36072	35631	35664	35157	35730	35223	36996	35289	36342	36375	35925	37152	36459	37206	37233	36540	36087	36114	35601	36648	36195	36235	37472	37509	36826	36383	35880	37657	36974	37731	37044	37797	37110	37143	36696	36729	36762	36255	36281	38044	38067	38090	37393	37416	38159	38182	37485	37028	37051	37554	37577	37121	37144	36627	37190	38413	38436	38459	37762	38505	38528	37831	37374	37397	36885	37932	37959	37506	38013	37560	37587	38814	38841	38868	38175	38917	38936	38235	37774	37793	37272	39031	38330	37869	38368	37907	37926	39145	37424	39183	38527	39296	39345	38194	38723	38772	38357	37876	39675	37994	38593	38647	39176	39945	38794	38843	39372	40125	40152	40179	39486	39513	39060	40287	39594	38601	39168	39675	39221	39244	40467	38750	39793	39816	40559	39862	39885	39428	40651	39954	39497	39517	39536	40035	39574	40793	39072	40831	40130	40869	40168	40907	39726	39205	40964	40263	39840	39882	39384	39966	40488	41250	41292	40127	39616	40665	40694	41443	41472	40781	40330	40359	40388	39907	40496	40545	41074	41123	41892	41931	40764	41277	42030	42063	42096	41409	40962	40995	41515	41552	41109	41146	41663	41220	42457	42494	40800	42582	41904	42666	42708	42030	41592	41640	41142	42204	41766	41268	43050	42372	43147	41996	42525	43294	42623	43392	42711	42744	42297	41790	42363	42396	41889	42942	43695	43001	43744	42567	43790	43093	43836	42659	43162	43185	42728	42751	42234	43277	42847	44096	43425	44194	43043	43092	44397	44496	43875	43920	43962	43524	43026	44808	43650	44172	43797	44376	43995	45221	44044	45267	45290	44593	45336	44639	44182	43665	45428	44251	44754	43757	44335	44852	44889	44446	45683	45720	44017	45074	45847	45176	45945	45274	44843	44892	44997	44556	45195	45737	45796	45855	45434	46693	46757	46816	46875	46934	46993	46377	45996	46095	45591	46164	46197	46710	46743	46776	47529	47562	46395	47635	46952	46989	47746	47063	46620	46657	46154	46735	46772	46269	48046	47363	48120	48157	46994	48257	47596	47655	47714	48493	47827	47396	46905	47494	47543	47052	48835	48872	48189	48946	47783	49020	49057	48374	47919	48420	48441	47982	47463	48024	48525	48066	49287	48588	49329	48150	48171	49392	49497	48876	48975	49015	48572	49809	49126	48683	49200	48757	48794	48835	50072	48369	50146	50183	49500	50257	49574	49147	48656	50445	49774	49343	49392	49422	49926	49470	50694	48978	50742	50046	50790	50094	50838	50142	49686	49725	50232	49239	49806	50313	50340	49887	51114	51141	51168	51195	50515	51272	50589	50146	50183	50700	50737	49754	50331	50844	50397	51630	51663	49956	51729	51762	51075	51835	51152	50709	50746	51983	51300	50857	50894	50385	50952	52179	52206	50493	52260	52287	51594	51621	51648	51675	51727	51296	50805	52594	51443	51492	50982	52026	51570	52794	51618	52842	52866	52890	52194	52218	52242	51786	53035	52352	51909	52426	51983	53220	52057	52574	52605	53352	53379	52206	52233	51720	53487	52794	52341	51828	52875	52422	52446	53670	53694	52998	52542	53046	53790	53094	52098	53862	53166	53215	52772	52809	53326	52883	52380	54157	54194	53511	53064	54297	53610	54363	53676	53229	53742	53775	53357	53416	52935	53534	54793	54815	54832	54129	53666	54883	54900	54917	53734	54231	54248	53785	53262	54299	53836	53313	55070	55087	55157	54496	54075	55334	54673	55435	54272	55509	54826	54383	53880	54937	54494	54557	55816	55875	55934	55273	55311	55344	56097	55410	54963	54456	56229	55542	55095	55605	55152	55179	54666	56433	55260	55767	55794	56541	55848	56595	55472	56746	56100	55694	55725	55752	56259	55266	57033	56340	56367	55914	57141	57168	57195	57347	57496	57535	56852	56409	56446	56963	57000	57757	57794	56132	57946	57300	56894	58125	57432	58179	58206	58233	56520	58287	57594	57621	58368	58395	58697	58077	57696	58995	58311	59064	59097	58410	59163	57996	58029	58542	58575	59347	59396	58725	59494	59543	58872	58457	57976	59775	59114	59893
TRANSPORT_MODE
0	2	1	1	1	2	0	0	2	1	1	1	2	0	0	0	1	1	1	1	2	0	0	0	2	1	1	1	2	0	0	0	0	1	1	1	1	2	0	0	0	1	1	1	2	0	0	0	2	1	1	1	1	0	0	0	0	3	1	1	1	2	0	0	0	2	1	1	1	3	0	0	0	1	1	1	1	2	0	0	0	2	1	1	1	3	0	0	0	1	1	1	1	2	0	0	0	1	1	1	3	0	0	0	0	3	1	1	1	2	0	0	0	1	1	1	1	0	0	0	0	3	3	1	1	1	0	0	0	2	1	1	1	1	0	0	0	3	3	1	1	1	0	0	0	2	1	1	1	1	0	0	0	3	1	1	1	0	0	0	0	2	2	1	1	1	0	0	0	3	1	1	1	0	0	0	0	1	2	2	1	1	0	0	0	3	1	1	1	1	0	0	0	2	2	1	1	1	0	0	0	3	1	1	1	1	0	0	0	0	2	1	1	1	0	0	0	1	3	3	1	1	0	0	0	0	1	2	1	1	0	0	0	1	3	3	1	1	0	0	0	1	2	1	1	1	0	0	0	1	3	3	1	1	0	0	0	1	2	1	1	1	0	0	0	1	3	1	1	0	0	0	0	1	2	2	1	1	0	0	0	1	3	1	1	0	0	0	0	1	1	2	2	1	0	0	0	1	1	3	1	1	0	0	0	1	2	2	1	1	0	0	0	1	3	1	1	1	0	0	0	1	2	1	1	0	0	0	0	1	3	3	1	1	0	0	0	1	1	2	1	0	0	0	0	1	1	3	3	1	0	0	0	1	1	2	1	1	0	0	0	1	1	3	3	1	0	0	0	1	1	2	1	1	0	0	0	1	1	3	1	0	0	0	1	1	2	2	1	0	0	0	0	1	1	3	1	0	0	0	1	1	2	0	2	1	0	0	1	1	3	1	1	0	0	0	1	1	2	2	1	0	0	0	1	1	3	1	1	0	0	0	1	1	2	2	0	1	0	0	0	1	1	3	3	1	0	0	0	1	1	2	1	0	0	0	0	1	1	1	3	3	0	0	0	1	1	2	1	1	0	0	0	1	1	3	3	1	0	0	0	1	1	2	1	1	0	0	0	1	1	3	3	1	0	0	0	1	1	2	1	1	0	0	0	0	1	1	3	1	0	0	0	1	1	2	2	1	0	0	0	1	1	3	1	1	0	0	0	1	1	2	2	1	0	0	0	1	1	3	1	1	0	0	0	1	1	2	2	1	0	0	0	1	1	3	1	1	0	0	0	0	1	1	2	1	0	0	0	1	1	3	3	1	0	0	0	1	1	2	1	1	0	0	0	1	3	3	1	1	0	0	0	1	2	1	1	1	0	0	0	1	3	3	1	1	0	0	0	0	1	2	1	1	1	0	0	0	1	1	3	1	0	0	0	0	1	1	2	2	1	0	0	1	3	1	1	1	0	0	0	1	2	2	1	1	0	0	0	1	3	1	1	1	0	0	0	1	2	2	1	1	0	0	0	1	3	1	1	1	0	0	0	0	1	2	1	1	0	0	0	1	3	3	1	1	0	0	0	1	2	1	1	1	0	0	0	1	3	3	1	1	0	0	0	2	1	1	1	1	0	0	0	3	3	1	1	1	0	0	0	2	1	1	1	1	0	0	0	0	3	1	1	1	0	0	0	1	2	2	1	1	0	0	0	3	1	1	1	1	0	0	0	3	3	1	1	1	0	0	0	3	1	1	1	1	0	0	0	3	3	1	1	1	0	0	0	3	1	1	1	1	0	0	0	3	1	1	1	0	0	0	0	3	3	1	1	1	0	0	0
PATIENT_WEIGHT
146	90	75	70	60	135	59	45	52	53	55	122	30	132	130	129	128	84	146	84	90	55	55	76	69	89	70	57	100	52	123	119	54	136	134	75	42	64	123	146	41	40	36	69	49	149	141	101	133	58	62	72	124	62	40	124	31	115	116	94	131	125	134	130	56	143	88	75	137	82	142	138	36	105	63	122	107	46	59	78	122	55	131	30	73	121	93	135	150	70	47	82	141	58	80	40	122	88	115	39	47	77	102	88	126	78	145	51	133	133	87	141	64	109	115	95	102	77	47	138	96	113	37	124	82	48	92	69	64	49	140	94	75	76	86	102	80	66	47	113	123	141	69	113	55	95	103	56	48	63	141	54	35	43	138	114	132	50	54	126	31	69	33	79	37	41	134	82	80	88	69	114	148	76	31	89	113	118	119	57	116	85	142	147	37	74	143	52	125	55	34	39	70	95	56	62	115	90	116	126	82	108	43	124	35	125	59	77	92	138	72	124	107	69	44	104	85	59	50	130	54	72	107	95	99	54	79	115	83	96	80	126	133	122	146	59	59	135	87	31	104	122	52	111	89	125	140	70	50	123	146	69	106	91	120	67	50	84	49	43	93	46	30	52	96	48	47	132	74	134	97	118	72	140	131	59	30	91	136	50	94	98	92	97	34	89	103	97	135	36	100	117	107	99	89	78	75	116	79	39	108	81	31	82	146	141	135	98	51	36	129	103	125	74	95	56	62	70	149	53	121	132	87	67	141	105	149	102	66	81	82	52	104	59	110	132	137	132	48	57	83	36	130	97	36	49	120	103	101	136	97	74	143	102	89	128	110	147	54	140	83	54	45	149	115	42	35	92	33	46	150	116	41	63	140	79	117	81	48	129	108	47	136	43	48	109	137	86	111	39	40	82	93	84	58	31	62	47	40	140	39	123	72	115	131	68	132	75	127	52	71	113	105	43	124	76	147	94	86	111	147	110	92	108	108	97	132	108	38	83	113	53	83	39	48	96	82	107	117	105	150	77	37	141	96	36	85	72	76	63	132	52	58	87	95	92	37	52	36	92	112	96	142	129	133	104	146	98	62	82	50	110	112	69	66	64	34	53	82	93	150	72	93	90	51	30	110	108	79	112	55	127	56	119	53	73	106	78	134	44	94	119	139	35	38	58	128	82	49	84	140	112	103	60	118	149	116	108	108	47	129	108	114	58	75	67	112	36	111	139	83	128	57	102	39	124	107	119	126	35	130	135	86	101	150	131	56	52	78	101	100	116	125	89	70	64	106	111	46	75	59	148	47	86	144	65	90	64	147	81	102	48	57	32	41	87	103	102	99	115	58	144	148	143	118	140	50	58	56	91	116	42	126	41	39	64	64	67	104	85	87	34	104	98	131	145	75	54	99	68	99	35	70	148	122	116	32	127	30	90	85	139	32	80	107	137	62	65	100	102	143	34	115	143	87	78	97	31	36	121	110	98	109	53	104	103	39	108	136	46	111	147	89	34	36	34	120	65	126	111	108	50	44	73	38	99	98	60	38	118	105	49	30	124	58	103	67	86	125	51	146	48	136	84	134	128	84	114	122	41	117	34	92	94	75	53	66	127	86	90	41	130	70	31	150	94	56	52	70	150	47	105	136	53	117	90	55	131	114	146	101	149	99	56	112	40	71	106	35	73	75	130	45	76	57	132	147	133	41	64	91	136	78	79	37	51	57	54	73	96	41	36	112	110	149	113	108	51	39	70	81	127	105	71	149	110	136	100	113	117	89	35	47	64	130	56	57	66	63	131	42	105	87	64	97	103	122	135	74	82	39	102	63	135	83	128	113	114	108	133	77
DISTANCE_MATRIX
0	360	318	300	288	276	264	264	150	150	150	60	90	90	162	168	204	228	234	312	360	408	348	318	168	192	168	318
360	60	264	318	324	342	342	342	348	348	354	360	372	378	378	420	420	480	462	498	462	462	384	420	372	420	378	378
318	264	60	270	276	288	288	288	294	294	294	318	318	324	324	414	414	468	462	486	462	462	330	366	366	408	372	324
300	318	270	60	276	288	288	288	288	288	288	300	300	312	318	408	408	468	462	486	438	438	318	360	360	402	360	312
288	324	276	276	60	276	276	276	276	276	276	288	288	300	300	402	396	462	456	480	432	432	300	360	360	402	348	300
276	342	288	288	276	60	180	180	252	258	264	264	264	288	288	390	390	456	450	480	432	432	288	348	348	348	288	288
264	342	288	288	276	180	60	180	246	258	264	264	264	288	288	390	390	456	450	480	432	432	288	348	348	348	288	288
264	342	288	288	276	180	180	60	240	258	264	264	264	288	288	390	390	456	450	480	432	432	288	348	348	348	288	288
150	348	294	288	276	252	246	240	60	120	120	150	126	270	270	378	384	420	438	480	420	408	276	300	300	300	276	270
150	348	294	288	276	258	258	258	120	60	120	150	150	270	270	378	384	420	438	480	420	408	276	300	300	300	276	270
150	354	294	288	276	264	264	264	120	120	60	150	150	270	270	378	384	420	438	480	420	408	276	300	300	300	276	270
60	360	318	300	288	264	264	264	150	150	150	60	90	162	168	228	234	312	360	408	348	318	168	192	192	198	168	162
90	372	318	300	288	264	264	264	150	150	150	90	60	162	168	228	234	312	360	408	348	318	168	192	192	198	168	162
90	378	324	312	300	288	288	288	270	270	270	162	162	60	120	180	180	306	210	360	300	300	120	180	120	180	120	234
162	378	324	318	300	288	288	288	270	270	270	168	168	120	60	180	180	306	210	360	300	300	120	180	120	180	120	120
168	420	414	408	402	348	348	348	300	300	300	228	228	180	180	60	132	204	132	348	258	258	186	60	180	132	222	180
204	420	414	408	396	390	390	390	384	384	384	234	234	180	180	132	60	204	132	348	258	258	186	60	180	132	222	180
228	480	468	468	462	456	456	456	420	420	420	312	312	306	306	204	204	60	198	120	240	240	306	204	306	138	306	306
234	462	462	462	456	450	450	450	438	438	438	360	360	210	210	132	132	198	60	138	132	132	210	132	210	132	210	210
312	498	486	486	480	480	480	480	480	480	480	408	408	360	360	348	348	120	138	60	348	348	360	348	360	348	360	360
360	462	462	438	432	432	432	432	420	420	420	348	348	300	300	258	258	240	132	348	60	60	300	258	300	258	300	300
408	462	462	438	432	432	432	432	408	408	408	318	318	300	300	258	258	240	132	348	60	60	300	258	300	258	300	300
348	384	330	318	300	288	288	288	276	276	276	168	168	120	120	186	186	306	210	360	300	300	60	186	120	186	120	120
318	420	366	360	360	348	348	348	300	300	300	192	192	180	180	60	60	204	132	348	258	258	186	60	180	60	180	180
168	372	300	306	300	288	288	288	270	270	270	168	168	120	120	180	180	306	210	360	300	300	120	180	60	180	120	120
192	420	408	402	402	348	348	348	300	300	300	198	198	180	180	132	132	138	132	348	258	258	186	60	180	60	180	180
168	378	372	360	348	288	288	288	276	276	276	168	168	120	120	222	222	306	210	360	300	300	120	180	120	180	60	120
318	378	324	312	300	288	288	288	270	270	270	162	162	234	120	180	180	306	210	360	300	300	120	180	120	180	120	60
DEPOTS_DISTANCE
234	462	462	462	456	450	450	450	438	438	438	360	360	210	210	132	132	198	60	138	132	132	210	132	210	132	210	210	
348	384	330	318	300	288	288	288	276	276	276	168	168	120	120	186	186	306	210	360	300	300	60	186	120	186	120	120	
318	420	366	360	360	348	348	348	300	300	300	192	192	180	180	60	60	204	132	348	258	258	186	60	180	60	180	180	
LOCATION_TURN_MATRIX
100	130	122	113	112	199	136	122	129	152	173	146	151	136	158	140	176	113	122	167	194	134	110	172	114	184	100	147	
170	100	154	188	164	169	136	136	152	170	104	183	155	115	101	104	155	187	174	115	149	134	178	168	114	135	168	102	
178	146	100	161	178	114	104	165	117	139	126	169	192	109	120	179	160	152	154	134	113	140	154	179	196	196	192	181	
187	112	139	100	158	114	195	181	104	132	195	106	183	169	132	170	140	136	172	148	116	110	123	136	151	120	176	169	
188	136	122	142	100	175	164	159	112	100	167	164	135	191	132	181	104	123	142	156	108	117	193	182	116	147	156	185	
101	131	186	186	125	100	190	147	164	150	137	102	145	176	185	131	113	108	117	186	118	151	140	178	154	189	172	110	
164	164	196	105	136	110	100	186	153	151	183	193	111	157	144	123	188	142	110	163	105	190	166	187	170	171	186	126	
178	164	135	119	141	153	114	100	106	130	108	103	151	178	122	151	130	133	184	177	110	141	166	110	122	174	191	197	
171	148	183	196	188	136	147	194	100	167	100	146	168	129	128	142	172	118	174	147	105	158	156	160	120	106	119	136	
148	130	161	168	200	150	149	170	133	100	177	106	175	116	188	180	176	194	108	146	130	187	183	173	128	141	169	176	
127	196	174	105	133	163	117	192	200	123	100	171	175	140	183	115	104	186	128	153	151	175	100	146	191	117	132	197	
154	117	131	194	136	198	107	197	154	194	129	100	136	184	140	147	172	184	148	131	103	156	185	200	152	158	154	143	
149	145	108	117	165	155	189	149	132	125	125	164	100	140	199	142	101	144	163	185	117	191	200	143	113	165	102	154	
164	185	191	131	109	124	143	122	171	184	160	116	160	100	109	116	196	113	131	186	166	139	183	175	144	161	105	170	
142	199	180	168	168	115	156	178	172	112	117	160	101	191	100	147	177	177	199	158	172	188	164	175	180	168	154	195	
160	196	121	130	119	169	177	149	158	120	185	153	158	184	153	100	152	159	197	157	181	159	102	123	168	200	124	186	
124	145	140	160	196	187	112	170	128	124	196	128	199	104	123	148	100	149	114	112	117	135	105	132	138	180	198	156	
187	113	148	164	177	192	158	167	182	106	114	116	156	187	123	141	151	100	166	132	168	163	159	123	129	173	161	116	
178	126	146	128	158	183	190	116	126	192	172	152	137	169	101	103	186	134	100	184	199	137	130	160	148	113	140	150	
133	185	166	152	144	114	137	123	153	154	147	169	115	114	142	143	188	168	116	100	111	195	128	157	191	164	141	171	
106	151	187	184	192	182	195	190	195	170	149	197	183	134	128	119	183	132	101	189	100	129	151	163	147	166	104	177	
166	166	160	190	183	149	110	159	142	113	125	144	109	161	112	141	165	137	163	105	171	100	101	185	169	129	103	197	
190	122	146	177	107	160	134	134	144	117	200	115	100	117	136	198	195	141	170	172	149	199	100	106	150	116	118	145	
128	132	121	164	118	122	113	190	140	127	154	100	157	125	125	177	168	177	140	143	137	115	194	100	128	167	115	155	
186	186	104	149	184	146	130	178	180	172	109	148	187	156	120	132	162	171	152	109	153	131	150	172	100	155	124	184	
116	165	104	180	153	111	129	126	194	159	183	142	135	139	132	100	120	127	187	136	134	171	184	133	145	100	129	192	
200	132	108	124	144	128	114	109	181	131	168	146	198	195	146	176	102	139	160	159	196	197	182	185	176	171	100	146	
153	198	119	131	115	190	174	103	164	124	103	157	146	130	105	114	144	184	150	129	123	103	155	145	116	108	154	100	
DEPOTS_TO_LOCAL_TURN_MATRIX
178	126	146	128	158	183	190	116	126	192	172	152	137	169	101	103	186	134	100	184	199	137	130	160	148	113	140	150	
190	122	146	177	107	160	134	134	144	117	200	115	100	117	136	198	195	141	170	172	149	199	100	106	150	116	118	145	
128	132	121	164	118	122	113	190	140	127	154	100	157	125	125	177	168	177	140	143	137	115	194	100	128	167	115	155	
LOCAL_TO_DEPOT_TURN_MATRIX
122	174	154	172	142	117	110	184	174	108	128	148	163	131	199	197	114	166	100	116	101	163	170	140	152	187	160	150	
110	178	154	123	193	140	166	166	156	183	100	185	200	183	164	102	105	159	130	128	151	101	100	194	150	184	182	155	
172	168	179	136	182	178	187	110	160	173	146	200	143	175	175	123	132	123	160	157	163	185	106	100	172	133	185	145	

