INDEX_PROBLEM
1
PATIENTS
800
STRETCHERS
16
NUM_ROOM
28
NUM_DEPOT
3
NUM_PRIORITY
4
PRIORITY_LIST
0	1	2	3	4
PRIORITY_WEIGHT
0	1	10	18	30
PRIORITY_JOB
0	2	3	4	4	4	3	4	2	3	4	2	2	4	3	4	3	4	2	3	4	4	4	4	4	1	2	3	4	3	4	4	4	2	3	4	1	3	4	4	2	4	3	4	2	3	4	4	4	3	4	4	4	2	4	3	4	1	3	4	2	1	2	1	2	2	3	4	2	3	4	3	4	1	4	4	1	2	2	1	2	3	4	4	2	3	4	3	4	1	4	1	2	3	3	1	1	4	4	2	3	4	4	4	4	3	1	4	2	3	4	2	3	1	4	2	3	3	4	4	4	3	4	1	1	2	3	2	1	2	4	4	1	2	3	4	4	3	1	1	4	2	3	2	1	2	4	4	1	2	3	4	4	3	1	1	4	4	2	3	1	1	3	4	4	2	3	4	3	4	2	4	1	2	3	3	1	2	3	4	4	2	3	4	3	4	4	1	1	2	3	1	2	2	4	4	2	3	4	4	3	4	1	4	1	2	3	1	2	3	4	4	2	3	4	4	4	3	1	1	4	2	3	4	1	2	3	2	3	3	4	4	3	4	4	2	1	1	3	4	1	2	1	4	1	2	3	4	3	4	4	1	1	2	3	4	2	2	1	4	1	2	3	4	3	4	4	1	1	4	2	3	2	1	3	4	4	2	3	4	4	3	4	3	2	1	3	3	1	2	1	4	4	2	3	4	4	4	3	1	1	2	3	4	3	2	1	4	2	3	4	1	4	4	3	1	2	3	4	4	2	2	1	2	3	4	4	2	4	4	3	1	3	4	4	2	2	1	3	1	3	3	4	2	4	3	4	3	1	1	4	1	2	1	2	2	3	4	4	2	4	4	3	1	1	3	4	4	1	2	2	1	2	3	4	2	4	3	4	1	1	3	4	4	1	2	3	4	1	2	3	4	4	4	3	4	1	2	3	4	1	1	2	4	2	3	3	4	1	4	3	1	2	3	4	4	1	2	4	2	3	4	4	1	3	4	4	1	2	3	4	3	1	2	2	2	4	4	1	1	3	4	4	2	3	4	4	2	1	2	1	1	3	4	4	2	3	4	3	1	1	3	4	1	2	3	1	2	3	4	4	4	4	3	4	1	1	2	3	4	2	1	2	4	1	2	3	4	4	3	4	1	1	2	3	4	2	1	2	4	1	2	3	4	4	3	4	3	1	2	3	4	1	3	1	4	4	2	3	4	4	4	3	1	1	2	3	2	1	2	1	4	4	2	3	4	4	4	3	1	1	2	3	4	2	2	1	4	2	3	4	4	4	4	3	1	1	2	3	4	2	1	3	2	3	4	4	4	4	4	4	2	1	1	3	4	1	2	4	1	2	3	3	4	4	1	4	1	1	2	3	2	1	2	4	4	1	2	3	3	4	4	1	1	4	4	2	2	1	2	3	4	4	1	2	3	4	4	1	1	3	4	2	3	1	2	3	4	4	2	3	4	4	3	1	4	2	2	1	2	1	2	3	4	4	2	3	4	4	3	1	4	1	2	3	2	1	2	4	4	2	3	4	4	4	3	1	4	1	2	3	1	1	2	4	2	3	4	4	4	4	4	4	1	1	2	3	3	1	4	4	2	2	3	4	3	2	3	1	1	4	2	1	2	2	3	4	4	1	2	4	4	3	1	1	3	4	2	1	2	1	3	4	4	1	2	4	4	4	1	3	4	2	1	2	3	1	3	4	4	4	2	4	3	1	3	4	2	2	1	2	4	1	1	2	3	4	1	2	1	1	2	3	4	4	3	1	2	1	1	1	2	3	1	3	1	1	4	4	2	3	2	2	1	1	1	4	1	2	2	2	1	2	1	1	3	4	4	1	3	2
TIME_ASKED
0	28849	28898	28947	28996	29045	29094	29149	29198	29247	29296	29345	29394	29429	29458	29487	29516	29545	29574	29603	29632	29661	29690	29742	29784	29826	29868	29910	29952	29994	30029	30058	30087	30116	30145	30174	30203	30232	30261	30290	30329	30358	30387	30416	30445	30474	30503	30532	30561	30590	30621	30642	30663	30684	30705	30726	30747	30768	30789	30810	30831	30852	30873	30894	30949	30998	31047	31096	31145	31194	31227	31254	31281	31308	31335	31362	31389	31416	31443	31470	31497	31524	31548	31572	31596	31620	31644	31668	31692	31716	31740	31764	31788	31837	31874	31911	31948	31985	32022	32059	32096	32159	32218	32277	32336	32395	32419	32438	32457	32476	32495	32514	32533	32552	32571	32590	32609	32628	32647	32666	32685	32759	32818	32877	32936	32995	33027	33054	33081	33108	33135	33162	33189	33216	33243	33270	33297	33333	33366	33399	33432	33465	33498	33531	33564	33597	33616	33632	33648	33664	33680	33696	33712	33728	33744	33760	33776	33792	33808	33824	33840	33856	33872	33888	33933	33966	33999	34032	34065	34098	34131	34164	34197	34242	34284	34326	34368	34410	34452	34494	34533	34566	34599	34632	34665	34698	34731	34764	34797	34827	34854	34881	34908	34935	34962	34989	35016	35043	35070	35097	35137	35174	35211	35248	35285	35322	35359	35396	35433	35466	35499	35532	35565	35598	35631	35664	35697	35723	35746	35769	35792	35815	35838	35861	35884	35907	35930	35953	35976	35999	36023	36046	36069	36092	36115	36138	36161	36184	36207	36230	36253	36276	36299	36327	36354	36381	36408	36435	36462	36489	36516	36543	36570	36597	36619	36638	36657	36676	36695	36714	36733	36752	36771	36790	36809	36828	36847	36866	36885	36949	36998	37047	37096	37145	37194	37259	37318	37377	37436	37495	37549	37598	37647	37696	37745	37794	37827	37854	37881	37908	37935	37962	37989	38016	38043	38070	38097	38123	38146	38169	38192	38215	38238	38261	38284	38307	38330	38353	38376	38399	38419	38438	38457	38476	38495	38514	38533	38552	38571	38590	38609	38628	38647	38666	38685	38742	38784	38826	38868	38910	38952	38994	39029	39058	39087	39116	39145	39174	39203	39232	39261	39290	39349	39398	39447	39496	39545	39594	39633	39666	39699	39732	39765	39798	39831	39864	39897	39937	39974	40011	40048	40085	40122	40159	40196	40242	40284	40326	40368	40410	40452	40494	40542	40584	40626	40668	40710	40752	40794	40849	40898	40947	40996	41045	41094	41133	41166	41199	41232	41265	41298	41331	41364	41397	41423	41446	41469	41492	41515	41538	41561	41584	41607	41630	41653	41676	41699	41749	41798	41847	41896	41945	41994	42099	42198	42297	42342	42384	42426	42468	42510	42552	42594	42699	42798	42897	42923	42946	42969	42992	43015	43038	43061	43084	43107	43130	43153	43176	43199	43237	43274	43311	43348	43385	43422	43459	43496	43549	43598	43647	43696	43745	43794	43899	43998	44097	44159	44218	44277	44336	44395	44459	44518	44577	44636	44695	44799	44898	44997	45033	45066	45099	45132	45165	45198	45231	45264	45297	45337	45374	45411	45448	45485	45522	45559	45596	45637	45674	45711	45748	45785	45822	45859	45896	45959	46018	46077	46136	46195	46249	46298	46347	46396	46445	46494	46537	46574	46611	46648	46685	46722	46759	46796	46821	46842	46863	46884	46905	46926	46947	46968	46989	47010	47031	47052	47073	47094	47199	47298	47397	47437	47474	47511	47548	47585	47622	47659	47696	47737	47774	47811	47848	47885	47922	47959	47996	48049	48098	48147	48196	48245	48294	48324	48348	48372	48396	48420	48444	48468	48492	48516	48540	48564	48588	48627	48654	48681	48708	48735	48762	48789	48816	48843	48870	48897	48937	48974	49011	49048	49085	49122	49159	49196	49233	49266	49299	49332	49365	49398	49431	49464	49497	49537	49574	49611	49648	49685	49722	49759	49796	49827	49854	49881	49908	49935	49962	49989	50016	50043	50070	50097	50149	50198	50247	50296	50345	50394	50424	50448	50472	50496	50520	50544	50568	50592	50616	50640	50664	50688	50737	50774	50811	50848	50885	50922	50959	50996	51027	51054	51081	51108	51135	51162	51189	51216	51243	51270	51297	51324	51348	51372	51396	51420	51444	51468	51492	51516	51540	51564	51588	51637	51674	51711	51748	51785	51822	51859	51896	51933	51966	51999	52032	52065	52098	52131	52164	52197	52259	52318	52377	52436	52495	52517	52534	52551	52568	52585	52602	52619	52636	52653	52670	52687	52704	52721	52738	52755	52772	52789	52859	52918	52977	53036	53095	53137	53174	53211	53248	53285	53322	53359	53396	53459	53518	53577	53636	53695	53733	53766	53799	53832	53865	53898	53931	53964	53997	54027	54054	54081	54108	54135	54162	54189	54216	54243	54270	54297	54374	54448	54522	54596	54627	54654	54681	54708	54735	54762	54789	54816	54843	54870	54897	55049	55198	55237	55274	55311	55348	55385	55422	55459	55496	55574	55648	55722	55796	55827	55854	55881	55908	55935	55962	55989	56016	56043	56070	56097	56399	56499	56598	56697	56733	56766	56799	56832	56865	56898	56931	56964	56997	57049	57098	57147	57196	57245	57294	57359	57418	57477	57536	57595
ORIGIN
26	16	6	27	19	1	27	23	27	25	23	10	2	16	14	14	14	14	3	23	1	14	26	16	14	27	14	7	9	20	14	7	9	9	1	23	23	14	23	4	14	2	27	3	2	14	20	14	27	6	27	18	7	27	20	8	27	14	17	2	23	14	2	26	23	4	23	14	14	14	8	14	14	25	14	27	14	9	9	3	14	14	23	11	14	4	11	14	14	14	3	24	1	5	5	1	14	27	18	7	27	20	27	1	27	14	17	23	20	2	2	14	14	23	14	4	24	15	25	7	16	5	3	3	14	22	14	14	9	16	10	2	23	14	14	14	5	26	26	27	14	14	14	20	5	9	23	27	20	14	14	23	2	14	2	27	27	2	2	2	14	2	14	24	15	4	8	16	23	2	26	26	26	14	14	14	23	14	14	23	12	2	4	14	14	5	4	14	27	14	14	5	14	14	1	20	8	2	3	3	4	23	1	2	14	5	4	1	27	4	14	14	4	11	27	5	27	27	14	20	11	14	14	14	14	1	27	25	2	23	14	3	1	14	26	27	27	11	23	25	25	16	14	8	27	23	4	23	23	12	14	14	14	27	27	16	14	14	1	7	26	4	5	14	23	2	3	5	26	15	2	14	14	2	2	4	23	13	3	23	2	25	26	14	14	14	25	14	14	24	26	17	23	8	23	14	10	2	14	14	2	5	5	1	1	11	1	27	16	5	23	14	3	14	1	20	20	14	14	2	1	14	14	4	13	2	27	14	5	6	14	14	14	7	14	3	27	14	14	14	8	1	23	10	23	14	12	3	26	14	4	19	14	14	25	8	5	26	14	2	14	12	2	2	14	23	23	14	23	2	23	4	2	23	14	14	23	1	14	14	7	23	26	26	14	17	16	2	1	23	10	1	1	1	17	14	14	14	27	14	1	10	11	23	14	1	11	3	11	14	27	14	14	3	26	26	2	11	27	26	23	14	3	14	14	14	1	14	1	26	26	3	3	24	4	20	23	10	1	14	14	24	14	14	14	14	14	14	14	6	24	2	16	6	27	19	7	27	22	10	27	12	23	12	1	23	2	3	14	3	23	14	3	26	14	3	1	14	13	13	26	2	23	1	9	26	14	11	26	23	7	23	7	14	8	2	2	2	5	26	5	27	18	7	2	24	14	14	14	14	22	23	23	2	2	27	3	23	14	26	24	23	26	26	26	4	26	26	26	14	2	26	1	23	11	27	23	14	27	23	14	26	15	26	14	1	20	1	26	17	7	14	11	2	14	14	14	2	20	20	14	1	5	20	23	14	4	2	15	4	5	23	23	14	3	3	2	27	14	1	23	10	2	3	26	3	3	3	14	27	2	7	1	2	23	26	16	7	27	14	11	14	14	3	3	20	26	20	14	26	8	23	14	3	24	14	4	3	2	14	26	14	14	14	14	14	2	14	10	2	1	12	14	2	2	2	27	14	14	26	14	14	4	14	7	26	19	2	14	27	27	3	16	2	1	1	15	1	14	14	3	24	14	11	11	14	14	1	18	2	26	26	14	26	3	10	1	23	12	2	23	22	22	25	14	23	11	11	15	1	16	6	27	19	23	27	14	24	20	20	20	14	14	1	23	9	14	3	23	14	20	20	14	9	26	14	7	1	20	20	8	2	9	1	23	26	14	23	4	14	14	14	27	11	14	1	2	14	6	27	18	14	27	21	14	14	14	10	22	27	2	27	2	14	3	23	14	14	8	16	14	14	25	7	27	14	14	1	14	9	1	23	14	11	4	13	27	24	14	3	24	3	1	14	1	5	27	18	7	27	20	8	25	25	17	1	23	16	2	7	23
DESTINATION
3	14	17	2	22	14	2	26	2	14	27	14	14	14	8	16	25	25	14	4	14	9	3	14	9	23	1	20	14	11	4	13	14	14	14	27	1	5	1	14	5	27	18	14	27	20	7	8	23	17	2	27	20	2	14	14	23	16	6	14	27	1	27	23	27	14	3	26	2	2	14	9	16	14	16	2	4	14	14	26	16	26	27	15	9	14	20	5	9	9	26	1	23	14	14	23	4	2	27	20	2	14	2	14	2	26	6	27	7	27	27	20	8	27	26	14	2	14	14	23	14	14	23	23	4	19	4	8	14	14	14	14	27	9	9	5	14	14	14	23	2	2	3	11	14	14	1	2	14	5	5	1	27	4	27	18	18	27	27	27	1	27	20	2	14	14	14	14	1	27	14	14	14	15	4	25	7	16	5	27	11	14	14	25	16	14	14	10	23	4	4	14	5	26	14	14	14	14	14	14	14	1	23	27	20	14	14	23	2	14	5	26	14	15	2	14	2	2	5	14	15	4	8	8	16	23	2	14	14	1	25	14	24	26	14	23	23	12	27	14	14	14	5	14	2	27	14	1	1	11	1	1	20	23	23	14	3	4	23	20	3	14	14	4	1	14	14	14	14	11	27	5	5	27	27	14	1	7	14	3	27	14	14	25	2	2	14	3	3	1	14	6	26	14	4	16	14	14	25	8	27	14	14	23	23	12	14	2	14	14	27	16	23	2	23	7	7	4	5	14	23	2	3	14	7	14	2	26	14	17	16	4	4	13	3	23	2	25	26	26	14	14	27	14	1	10	11	14	23	8	23	22	10	2	14	14	14	3	5	27	2	11	27	27	16	1	1	9	3	14	1	14	14	1	26	4	3	24	4	4	13	27	14	14	5	6	14	14	14	27	14	14	14	24	6	2	8	8	23	10	23	14	12	27	10	23	12	23	12	1	2	8	8	26	3	3	14	12	2	3	1	25	14	4	26	2	23	4	23	14	14	23	23	1	14	7	27	14	14	2	2	2	5	2	2	10	10	1	1	17	1	14	14	17	2	22	23	2	2	14	23	11	3	11	14	1	27	26	25	14	4	26	26	14	2	26	23	3	7	7	14	14	1	23	14	14	26	15	14	1	20	3	20	10	14	14	14	24	14	14	14	2	27	20	14	1	5	2	16	16	19	7	7	27	22	23	14	3	26	3	2	27	3	3	3	23	14	14	3	26	14	3	14	27	15	2	7	1	2	1	26	14	11	14	26	23	7	14	3	9	20	26	20	14	26	26	5	27	7	7	2	24	14	14	3	26	14	14	14	14	14	27	27	3	26	26	24	23	2	14	27	14	14	26	14	26	26	26	1	23	27	23	14	27	27	3	16	20	2	1	15	1	1	26	26	7	14	11	2	14	14	1	26	14	2	26	14	26	14	20	14	4	2	2	15	4	22	25	14	14	23	11	15	14	14	14	23	2	2	3	26	5	14	20	20	14	22	14	1	23	23	26	16	27	14	14	11	14	9	26	14	1	26	20	20	8	8	23	27	24	14	14	4	3	14	14	14	27	11	14	1	2	2	14	10	1	12	12	14	14	14	17	2	22	27	2	2	1	14	7	7	26	2	14	27	14	25	14	5	26	14	14	1	14	14	3	20	24	11	11	14	27	14	14	27	3	3	1	14	3	3	10	23	12	2	23	22	25	17	2	27	16	2	7	1	2	1	14	19	23	27	23	27	25	14	4	16	16	14	14	9	9	14	20	2	20	20	14	1	14	14	27	26	20	14	7	2	1	26	14	1	14	23	4	23	14	2	27	20	2	14	14	14	14	6	14	27	14	27	21	27
DUE_DATE
0	30427	29996	29505	29554	29603	30192	29707	30776	30345	29854	30923	30972	29987	30556	30045	30614	30103	31152	30701	30190	30219	30248	30300	30342	32124	31446	31008	30510	31092	30587	30616	30645	31694	31243	30732	32501	31330	30819	30848	31907	30916	31485	30974	32023	31572	31061	31090	31119	31688	31179	31200	31221	32262	31263	31824	31305	33066	31887	31368	32409	33150	32451	33192	32527	32576	32145	31654	32723	32292	31785	32352	31839	33606	31893	31920	33687	32994	33021	33768	33075	32622	32106	32130	33174	32718	32202	32766	32250	34014	32298	34062	33366	32935	32972	34209	34246	32543	32580	33637	33194	32717	32776	32835	32894	33493	34717	32996	34035	33574	33053	34092	33631	34850	33129	34168	33707	33726	33205	33224	33243	33857	33376	35175	35234	34573	34125	34632	35379	34686	33693	33720	35487	34794	34341	33828	33855	34431	35664	35697	33990	35043	34596	35109	35862	35175	34174	34190	35946	35242	34778	34254	34270	34826	36042	36058	34334	34350	35386	34922	36138	36154	34970	34446	34491	35544	35097	34590	35163	34656	35709	34722	36495	35820	35382	35424	36666	35988	35550	35052	35091	36144	35697	35190	35763	35256	35289	37062	37095	36405	35952	37179	36486	36513	35520	35547	36594	36141	35628	35655	36235	35732	37509	35806	37583	36900	36457	37694	37011	36564	36057	36090	37143	36696	36189	36222	36255	36821	38044	38067	36350	37393	36936	36419	38182	37485	37028	37531	37074	37097	36581	36604	37167	36650	36673	37716	38459	38482	37305	36788	38551	37854	38597	36885	38652	37959	37506	36993	37560	37047	37074	38841	38868	38175	37717	37196	38235	38254	38993	37272	39031	38330	37869	37348	37907	37386	37405	39164	39183	37507	38576	38145	38674	39443	38292	37817	37876	38955	38534	38053	38107	38696	38205	38794	39323	40092	38925	38952	40179	39486	40233	38520	38547	39594	39141	38628	38655	38681	39244	40467	40490	39793	39336	38819	39382	39885	40628	38911	39954	39497	38977	40736	39015	39034	39593	40812	40111	39650	39129	39148	40187	40206	40945	40244	39783	39300	39342	40404	39426	39468	40050	41292	40127	39616	39645	40694	40723	41472	40301	41530	40359	40388	39907	40976	40005	40594	40103	40692	41931	41964	40257	42030	41343	42096	41409	41442	40995	40495	40532	41589	40606	40643	41220	42457	42494	41340	40842	40884	42666	41988	42030	42792	42120	41682	41184	42246	41268	41850	41352	43147	43196	42045	41554	41603	43392	42711	42264	41757	43530	42843	42396	41889	41922	41955	42521	42004	43767	43070	42613	42096	43859	43882	43185	42188	43231	42774	42797	42307	44096	42405	42994	44243	43572	43197	42756	42855	44640	43962	42984	44046	43608	43110	43152	44997	43896	43455	43481	45244	44547	44090	43573	44136	45359	44662	44685	44708	43711	43734	45497	45535	44372	43869	43906	44963	44520	44017	44054	45127	45896	45225	45994	46043	44892	44457	44556	45675	45257	44776	45375	46634	46693	45557	45076	46875	46214	45793	47097	46476	46095	45591	45624	45657	45690	46263	45756	47529	47562	46875	46435	45932	46989	47746	47063	46080	47857	47174	46735	46232	46269	46846	46343	48120	48157	47474	47057	46576	47655	48434	47773	46807	48596	47925	47494	47003	47052	47635	47132	47709	48946	48263	47820	47317	49094	47919	49140	47421	47442	48483	48024	47505	47526	47547	48108	49329	49350	48651	48192	48777	49596	48975	49735	48032	48069	49126	48683	48180	48217	48254	48835	50072	50109	49426	48983	48480	49537	49574	50347	48656	49725	49294	48803	48852	48882	48906	49470	50694	50718	50022	49566	49050	50094	50838	49662	50166	49725	49212	49239	49266	49293	49320	49347	50394	51141	51168	49995	49495	51272	50589	49606	51383	50700	50257	50294	49791	49824	51597	49890	51663	51696	51009	50562	51075	51835	51152	50169	50206	51983	51300	50857	50894	50385	50412	52179	52206	50493	50520	51567	51594	52341	51648	51195	50707	50756	52545	51874	51443	50952	50982	52746	52770	51594	51078	52122	51666	52890	52194	51738	51222	51246	52315	51872	51369	51406	51983	53220	51517	52574	52605	53352	52659	53406	52713	52260	51747	51774	52821	52368	51855	51882	52446	53670	51954	53718	53022	52566	53070	53814	53118	52122	52146	53215	52772	52269	52306	52343	52920	54157	52454	54231	53544	53097	54330	54363	53676	52689	53742	53295	52817	52876	52935	52994	53053	53075	54832	54849	54146	53683	53700	54917	53194	53211	54248	54265	53802	53279	53836	54333	53870	55087	55157	53476	54555	55334	54673	54715	54272	53769	53806	55583	54900	53917	53954	54557	55816	55875	54734	54253	55311	56064	55377	56130	54963	54456	54489	56262	55575	54585	54612	54639	56406	55233	54720	55767	56514	55821	55368	56595	55472	55006	55080	55154	56205	55212	55779	57006	55833	55320	56367	56394	57141	56448	55455	57347	57496	56815	56372	55869	57646	56963	57720	57757	57074	56672	56206	56280	56894	58125	57432	58179	58206	58233	57540	57087	58314	57141	58368	58395	56957	57057	58176	57795	58311	58344	59097	59130	59163	57456	59229	58542	58575	58627	59396	58725	59494	59543	58392	57917	57976	59775	58634	59173
TRANSPORT_MODE
0	2	1	1	1	0	0	0	2	2	1	1	1	0	0	0	2	1	1	1	2	0	0	0	2	1	1	1	2	0	0	0	1	1	1	1	2	0	0	0	2	1	1	1	1	0	0	0	0	2	1	1	1	1	0	0	0	3	1	1	1	0	0	0	0	2	2	1	1	1	0	0	0	3	1	1	1	1	0	0	0	2	2	1	1	1	0	0	0	3	1	1	1	1	0	0	0	2	2	1	1	1	0	0	0	0	3	1	1	1	1	0	0	0	2	1	1	1	0	0	0	0	1	3	3	1	1	0	0	0	2	1	1	1	1	0	0	0	3	3	1	1	1	0	0	0	2	1	1	1	1	0	0	0	3	3	1	1	1	0	0	0	2	1	1	1	1	0	0	0	0	1	3	1	1	0	0	0	1	2	2	1	1	0	0	0	1	3	1	1	1	0	0	0	2	2	1	1	1	0	0	0	3	1	1	1	1	0	0	0	2	2	1	1	1	0	0	0	0	3	1	1	1	1	0	0	0	1	2	1	1	0	0	0	0	1	3	3	1	1	0	0	0	1	2	1	1	1	0	0	0	3	3	1	1	1	0	0	0	2	1	1	1	1	0	0	0	3	3	1	1	1	0	0	0	2	1	1	1	1	0	0	0	0	1	3	1	1	0	0	0	1	2	2	1	1	0	0	0	1	3	1	1	1	0	0	0	2	2	1	1	1	0	0	0	3	1	1	1	1	0	0	0	2	2	1	1	1	0	0	0	3	1	1	1	1	0	0	0	0	2	1	1	1	0	0	0	1	3	3	1	1	0	0	0	2	1	1	1	1	0	0	0	3	3	1	1	1	0	0	0	2	1	1	1	1	0	0	0	3	3	1	1	1	0	0	0	2	1	1	1	0	1	0	0	0	3	1	1	1	0	0	0	2	2	0	1	1	1	0	0	3	1	1	1	1	0	0	0	2	2	1	1	3	0	0	0	1	1	1	1	2	0	0	0	2	1	1	1	3	0	0	0	1	1	1	1	1	0	0	0	0	2	1	1	1	0	0	0	3	3	1	1	1	0	0	0	2	1	1	1	0	0	0	0	3	3	1	1	1	0	0	0	2	1	1	1	1	0	0	0	3	3	1	1	1	0	0	0	2	1	1	1	1	0	0	0	0	3	1	1	1	0	0	0	2	2	1	1	1	0	0	0	3	1	1	1	0	0	0	0	2	2	1	1	1	0	0	0	3	1	1	1	1	0	0	0	2	2	1	1	1	0	0	0	3	1	1	1	1	0	0	0	2	1	1	1	0	0	0	0	1	3	3	1	1	0	0	2	1	1	1	0	0	0	0	1	3	3	1	1	0	0	0	2	1	1	1	1	0	0	0	3	3	1	1	1	0	0	0	2	1	1	1	1	0	0	0	0	3	1	1	1	0	0	0	1	2	2	1	1	0	0	0	3	1	1	1	0	0	0	0	1	2	2	1	1	0	0	0	3	1	1	1	1	0	0	0	2	2	1	1	1	0	0	0	3	1	1	1	1	0	0	0	2	1	1	1	0	0	0	0	1	3	3	1	1	0	0	2	1	1	1	0	0	0	0	1	3	3	1	1	0	0	0	2	1	1	1	1	0	0	0	3	3	1	1	1	0	0	0	2	1	1	1	1	0	0	0	3	1	1	1	0	0	0	0	2	2	1	1	1	0	0	3	1	1	1	0	0	0	0	3	3	1	1	1	0	0	0	3	1	1	1	1	0	0	0	3	3	1	1	1	0	0	0	3	1	1	1	1	0	0	0	3	3	1	1	0	1	0	0	0	3	3	1	1	1	0	0	0
PATIENT_WEIGHT
123	55	65	140	95	71	126	85	137	89	135	30	52	42	150	92	91	145	85	55	108	36	126	35	148	34	45	142	69	119	31	137	69	133	47	80	65	63	61	137	133	94	126	87	145	79	89	51	67	87	91	136	109	92	107	87	50	142	57	63	117	63	123	58	88	117	58	124	134	39	34	133	104	87	94	92	141	122	111	49	56	134	105	77	78	69	86	80	49	113	64	65	55	114	87	127	54	71	149	69	53	135	59	40	115	61	114	112	121	38	60	59	144	138	126	42	101	52	33	100	32	63	135	145	121	69	59	114	40	47	128	110	54	101	63	105	131	124	133	76	62	53	39	51	147	106	67	71	63	119	100	80	84	57	66	51	68	40	148	106	135	119	133	62	106	34	149	92	94	132	124	66	135	102	142	111	149	60	80	140	38	76	92	68	46	137	118	80	34	63	85	134	53	108	146	104	109	106	76	111	125	113	96	40	88	90	50	77	130	87	57	77	119	129	120	136	120	56	71	141	94	49	88	123	120	126	32	116	119	53	102	110	33	59	131	113	62	76	78	133	107	109	55	114	146	123	86	105	135	87	75	47	98	60	131	132	50	110	83	99	131	42	138	106	37	81	30	57	108	86	44	45	80	48	148	122	33	149	139	31	62	85	121	105	65	133	46	112	50	142	142	104	109	137	91	46	78	32	110	61	39	43	92	85	113	34	43	88	86	125	143	76	111	70	70	71	88	73	104	113	76	101	56	128	52	61	132	90	91	92	44	95	150	142	80	112	140	130	89	31	98	148	96	149	46	44	102	70	38	149	75	123	52	61	116	37	99	105	90	144	132	101	136	138	74	147	94	96	124	87	110	36	121	121	103	110	111	99	41	110	134	127	75	68	83	38	109	92	68	111	53	99	56	97	94	63	82	32	100	34	42	133	33	89	66	92	54	110	60	51	89	116	103	140	91	70	123	84	72	69	126	51	35	147	142	108	54	62	37	34	86	52	114	76	88	95	124	33	48	105	141	107	49	54	99	42	81	86	62	67	117	100	132	42	91	67	110	135	51	41	115	112	54	144	134	70	99	104	131	125	121	147	81	93	94	108	113	46	61	62	79	113	114	92	67	133	91	56	47	110	83	79	32	103	51	46	58	63	37	95	126	121	80	65	43	69	113	30	131	102	123	38	99	36	62	128	109	148	93	121	108	87	102	55	76	106	150	39	36	68	47	70	139	73	35	112	111	73	125	105	106	89	83	122	30	105	108	102	85	83	128	52	47	80	84	44	44	96	48	109	114	103	137	30	129	111	51	105	62	74	91	101	123	87	150	117	106	137	109	39	110	50	126	130	107	137	136	79	124	132	93	78	65	80	81	137	92	127	114	32	81	57	54	75	146	93	46	121	97	98	114	37	132	146	135	113	57	85	109	88	54	64	82	75	145	36	122	45	41	83	81	90	72	149	150	68	100	30	85	144	129	61	43	109	41	129	50	81	122	121	120	50	122	127	40	138	128	101	63	90	141	62	124	101	113	112	104	47	97	120	55	32	53	110	84	92	30	143	131	48	56	109	133	115	125	77	119	43	117	42	33	124	31	120	55	71	127	53	58	97	72	56	108	54	58	46	40	78	147	88	77	94	127	142	79	113	136	115	89	127	142	53	45	89	80	141	129	118	51	110	133	102	94	71	74	38	42	60	133	145	84	44	96	107	34	61	114	113	85	138	102	135	77	76	73	54	35	125	136	81	111	30	120	85	77	66	52	71	73	135	93	55	124	85	97	51	140	71	55	150	31	130	62	75	61	124	107	112	64	86	91	120	99	63	49	49	71	59	58	83	62
DISTANCE_MATRIX
0	360	318	300	288	276	264	264	150	150	150	60	90	90	162	168	204	228	234	312	360	408	348	318	168	192	168	318
360	60	264	318	324	342	342	342	348	348	354	360	372	378	378	420	420	480	462	498	462	462	384	420	372	420	378	378
318	264	60	270	276	288	288	288	294	294	294	318	318	324	324	414	414	468	462	486	462	462	330	366	366	408	372	324
300	318	270	60	276	288	288	288	288	288	288	300	300	312	318	408	408	468	462	486	438	438	318	360	360	402	360	312
288	324	276	276	60	276	276	276	276	276	276	288	288	300	300	402	396	462	456	480	432	432	300	360	360	402	348	300
276	342	288	288	276	60	180	180	252	258	264	264	264	288	288	390	390	456	450	480	432	432	288	348	348	348	288	288
264	342	288	288	276	180	60	180	246	258	264	264	264	288	288	390	390	456	450	480	432	432	288	348	348	348	288	288
264	342	288	288	276	180	180	60	240	258	264	264	264	288	288	390	390	456	450	480	432	432	288	348	348	348	288	288
150	348	294	288	276	252	246	240	60	120	120	150	126	270	270	378	384	420	438	480	420	408	276	300	300	300	276	270
150	348	294	288	276	258	258	258	120	60	120	150	150	270	270	378	384	420	438	480	420	408	276	300	300	300	276	270
150	354	294	288	276	264	264	264	120	120	60	150	150	270	270	378	384	420	438	480	420	408	276	300	300	300	276	270
60	360	318	300	288	264	264	264	150	150	150	60	90	162	168	228	234	312	360	408	348	318	168	192	192	198	168	162
90	372	318	300	288	264	264	264	150	150	150	90	60	162	168	228	234	312	360	408	348	318	168	192	192	198	168	162
90	378	324	312	300	288	288	288	270	270	270	162	162	60	120	180	180	306	210	360	300	300	120	180	120	180	120	234
162	378	324	318	300	288	288	288	270	270	270	168	168	120	60	180	180	306	210	360	300	300	120	180	120	180	120	120
168	420	414	408	402	348	348	348	300	300	300	228	228	180	180	60	132	204	132	348	258	258	186	60	180	132	222	180
204	420	414	408	396	390	390	390	384	384	384	234	234	180	180	132	60	204	132	348	258	258	186	60	180	132	222	180
228	480	468	468	462	456	456	456	420	420	420	312	312	306	306	204	204	60	198	120	240	240	306	204	306	138	306	306
234	462	462	462	456	450	450	450	438	438	438	360	360	210	210	132	132	198	60	138	132	132	210	132	210	132	210	210
312	498	486	486	480	480	480	480	480	480	480	408	408	360	360	348	348	120	138	60	348	348	360	348	360	348	360	360
360	462	462	438	432	432	432	432	420	420	420	348	348	300	300	258	258	240	132	348	60	60	300	258	300	258	300	300
408	462	462	438	432	432	432	432	408	408	408	318	318	300	300	258	258	240	132	348	60	60	300	258	300	258	300	300
348	384	330	318	300	288	288	288	276	276	276	168	168	120	120	186	186	306	210	360	300	300	60	186	120	186	120	120
318	420	366	360	360	348	348	348	300	300	300	192	192	180	180	60	60	204	132	348	258	258	186	60	180	60	180	180
168	372	300	306	300	288	288	288	270	270	270	168	168	120	120	180	180	306	210	360	300	300	120	180	60	180	120	120
192	420	408	402	402	348	348	348	300	300	300	198	198	180	180	132	132	138	132	348	258	258	186	60	180	60	180	180
168	378	372	360	348	288	288	288	276	276	276	168	168	120	120	222	222	306	210	360	300	300	120	180	120	180	60	120
318	378	324	312	300	288	288	288	270	270	270	162	162	234	120	180	180	306	210	360	300	300	120	180	120	180	120	60
DEPOTS_DISTANCE
234	462	462	462	456	450	450	450	438	438	438	360	360	210	210	132	132	198	60	138	132	132	210	132	210	132	210	210	
348	384	330	318	300	288	288	288	276	276	276	168	168	120	120	186	186	306	210	360	300	300	60	186	120	186	120	120	
318	420	366	360	360	348	348	348	300	300	300	192	192	180	180	60	60	204	132	348	258	258	186	60	180	60	180	180	
LOCATION_TURN_MATRIX
100	130	122	113	112	199	136	122	129	152	173	146	151	136	158	140	176	113	122	167	194	134	110	172	114	184	100	147	
170	100	154	188	164	169	136	136	152	170	104	183	155	115	101	104	155	187	174	115	149	134	178	168	114	135	168	102	
178	146	100	161	178	114	104	165	117	139	126	169	192	109	120	179	160	152	154	134	113	140	154	179	196	196	192	181	
187	112	139	100	158	114	195	181	104	132	195	106	183	169	132	170	140	136	172	148	116	110	123	136	151	120	176	169	
188	136	122	142	100	175	164	159	112	100	167	164	135	191	132	181	104	123	142	156	108	117	193	182	116	147	156	185	
101	131	186	186	125	100	190	147	164	150	137	102	145	176	185	131	113	108	117	186	118	151	140	178	154	189	172	110	
164	164	196	105	136	110	100	186	153	151	183	193	111	157	144	123	188	142	110	163	105	190	166	187	170	171	186	126	
178	164	135	119	141	153	114	100	106	130	108	103	151	178	122	151	130	133	184	177	110	141	166	110	122	174	191	197	
171	148	183	196	188	136	147	194	100	167	100	146	168	129	128	142	172	118	174	147	105	158	156	160	120	106	119	136	
148	130	161	168	200	150	149	170	133	100	177	106	175	116	188	180	176	194	108	146	130	187	183	173	128	141	169	176	
127	196	174	105	133	163	117	192	200	123	100	171	175	140	183	115	104	186	128	153	151	175	100	146	191	117	132	197	
154	117	131	194	136	198	107	197	154	194	129	100	136	184	140	147	172	184	148	131	103	156	185	200	152	158	154	143	
149	145	108	117	165	155	189	149	132	125	125	164	100	140	199	142	101	144	163	185	117	191	200	143	113	165	102	154	
164	185	191	131	109	124	143	122	171	184	160	116	160	100	109	116	196	113	131	186	166	139	183	175	144	161	105	170	
142	199	180	168	168	115	156	178	172	112	117	160	101	191	100	147	177	177	199	158	172	188	164	175	180	168	154	195	
160	196	121	130	119	169	177	149	158	120	185	153	158	184	153	100	152	159	197	157	181	159	102	123	168	200	124	186	
124	145	140	160	196	187	112	170	128	124	196	128	199	104	123	148	100	149	114	112	117	135	105	132	138	180	198	156	
187	113	148	164	177	192	158	167	182	106	114	116	156	187	123	141	151	100	166	132	168	163	159	123	129	173	161	116	
178	126	146	128	158	183	190	116	126	192	172	152	137	169	101	103	186	134	100	184	199	137	130	160	148	113	140	150	
133	185	166	152	144	114	137	123	153	154	147	169	115	114	142	143	188	168	116	100	111	195	128	157	191	164	141	171	
106	151	187	184	192	182	195	190	195	170	149	197	183	134	128	119	183	132	101	189	100	129	151	163	147	166	104	177	
166	166	160	190	183	149	110	159	142	113	125	144	109	161	112	141	165	137	163	105	171	100	101	185	169	129	103	197	
190	122	146	177	107	160	134	134	144	117	200	115	100	117	136	198	195	141	170	172	149	199	100	106	150	116	118	145	
128	132	121	164	118	122	113	190	140	127	154	100	157	125	125	177	168	177	140	143	137	115	194	100	128	167	115	155	
186	186	104	149	184	146	130	178	180	172	109	148	187	156	120	132	162	171	152	109	153	131	150	172	100	155	124	184	
116	165	104	180	153	111	129	126	194	159	183	142	135	139	132	100	120	127	187	136	134	171	184	133	145	100	129	192	
200	132	108	124	144	128	114	109	181	131	168	146	198	195	146	176	102	139	160	159	196	197	182	185	176	171	100	146	
153	198	119	131	115	190	174	103	164	124	103	157	146	130	105	114	144	184	150	129	123	103	155	145	116	108	154	100	
DEPOTS_TO_LOCAL_TURN_MATRIX
178	126	146	128	158	183	190	116	126	192	172	152	137	169	101	103	186	134	100	184	199	137	130	160	148	113	140	150	
190	122	146	177	107	160	134	134	144	117	200	115	100	117	136	198	195	141	170	172	149	199	100	106	150	116	118	145	
128	132	121	164	118	122	113	190	140	127	154	100	157	125	125	177	168	177	140	143	137	115	194	100	128	167	115	155	
LOCAL_TO_DEPOT_TURN_MATRIX
122	174	154	172	142	117	110	184	174	108	128	148	163	131	199	197	114	166	100	116	101	163	170	140	152	187	160	150	
110	178	154	123	193	140	166	166	156	183	100	185	200	183	164	102	105	159	130	128	151	101	100	194	150	184	182	155	
172	168	179	136	182	178	187	110	160	173	146	200	143	175	175	123	132	123	160	157	163	185	106	100	172	133	185	145	

