INDEX_PROBLEM
1
PATIENTS
800
STRETCHERS
16
NUM_ROOM
28
NUM_DEPOT
3
NUM_PRIORITY
4
PRIORITY_LIST
0	1	2	3	4
PRIORITY_WEIGHT
0	1	10	18	30
PRIORITY_JOB
0	2	3	2	3	2	3	3	3	1	2	3	2	3	4	3	3	2	3	1	2	3	4	3	4	2	3	3	3	4	4	2	2	3	2	3	3	3	2	3	3	4	2	4	3	3	2	3	4	3	4	2	3	3	3	4	2	1	1	3	1	1	2	1	1	2	3	4	2	3	3	1	3	1	3	1	2	1	1	2	2	2	3	2	3	4	3	3	2	1	3	4	1	2	2	1	2	2	3	2	3	4	3	3	3	3	1	4	1	1	2	1	2	2	3	1	2	4	2	3	4	3	3	1	2	1	1	1	2	3	1	2	2	3	3	3	2	3	1	2	1	1	1	2	2	3	4	2	3	2	3	4	3	3	1	1	1	2	1	1	2	2	3	4	3	4	3	4	2	3	2	3	1	1	1	2	1	1	1	2	3	3	3	2	3	4	2	1	3	1	2	2	1	1	2	3	3	3	2	3	4	4	1	2	1	1	2	2	1	3	2	3	3	3	2	3	4	4	2	1	2	1	1	2	1	2	3	2	3	1	2	3	4	3	2	4	1	1	1	1	2	2	2	3	1	3	2	3	3	2	3	1	1	1	1	2	2	2	3	4	3	2	3	4	3	2	3	1	1	2	1	1	2	1	2	3	3	2	3	4	4	2	4	2	3	1	1	2	1	1	1	1	2	3	3	3	2	3	4	2	1	1	2	1	1	3	1	2	4	3	3	2	3	3	2	1	2	1	2	2	1	3	4	2	4	3	3	2	3	3	2	1	1	1	2	1	2	3	4	2	3	4	2	3	3	2	1	2	1	1	1	1	2	4	2	3	4	2	3	3	1	1	2	1	1	2	1	2	1	3	2	3	3	3	2	3	4	2	3	1	2	1	1	2	1	1	4	2	3	3	2	3	4	3	2	3	1	2	1	1	1	2	1	1	2	3	4	2	3	4	2	1	2	1	1	1	2	3	1	2	3	3	3	3	3	2	1	2	2	1	2	2	3	4	2	3	4	3	3	2	3	2	1	1	1	1	2	1	1	3	4	2	3	3	4	2	3	1	3	1	2	1	2	1	4	2	3	1	3	3	2	3	1	2	3	1	1	2	2	1	1	2	3	1	4	3	3	2	3	2	3	1	2	1	1	2	1	4	2	3	4	3	3	2	3	2	3	1	1	2	1	1	1	1	3	4	4	3	3	3	3	2	3	1	1	2	1	1	2	1	2	3	2	3	3	3	2	2	3	1	1	2	1	1	2	1	2	3	3	4	3	3	2	4	2	1	1	2	2	1	2	3	2	3	1	3	4	4	3	3	3	4	1	1	1	1	2	2	3	1	2	3	2	3	4	1	3	1	2	1	2	1	2	3	4	1	3	3	2	3	1	2	1	3	1	2	1	2	2	2	3	4	4	3	3	2	3	2	1	1	1	1	2	1	1	1	3	3	2	4	3	3	3	3	1	1	1	2	1	1	2	4	2	3	2	2	3	4	3	3	1	1	1	2	1	1	2	2	3	4	3	3	3	3	2	2	1	3	2	1	2	2	1	2	3	2	3	3	4	3	3	4	4	1	2	2	1	1	1	3	1	2	3	3	2	3	4	2	1	2	3	1	1	1	2	1	2	3	3	3	2	3	2	1	4	2	1	1	2	1	2	3	2	3	4	3	3	2	3	1	1	2	3	1	2	1	1	4	2	1	4	3	3	3	4	1	3	1	1	2	1	2	1	2	3	1	1	1	2	2	1	2	3	1	1	1	2	2	1	1	2	1	2	1	1	1	2	3	2	1	1	1	2	1	2	1	3	4	1	1	2	1	2	1	2	3	2	1	1	1	2
TIME_ASKED
0	28849	28898	28947	28996	29045	29094	29149	29198	29247	29296	29345	29394	29429	29458	29487	29516	29545	29574	29603	29632	29661	29690	29742	29784	29826	29868	29910	29952	29994	30029	30058	30087	30116	30145	30174	30203	30232	30261	30290	30329	30358	30387	30416	30445	30474	30503	30532	30561	30590	30621	30642	30663	30684	30705	30726	30747	30768	30789	30810	30831	30852	30873	30894	30949	30998	31047	31096	31145	31194	31227	31254	31281	31308	31335	31362	31389	31416	31443	31470	31497	31524	31548	31572	31596	31620	31644	31668	31692	31716	31740	31764	31788	31837	31874	31911	31948	31985	32022	32059	32096	32159	32218	32277	32336	32395	32419	32438	32457	32476	32495	32514	32533	32552	32571	32590	32609	32628	32647	32666	32685	32759	32818	32877	32936	32995	33027	33054	33081	33108	33135	33162	33189	33216	33243	33270	33297	33333	33366	33399	33432	33465	33498	33531	33564	33597	33616	33632	33648	33664	33680	33696	33712	33728	33744	33760	33776	33792	33808	33824	33840	33856	33872	33888	33933	33966	33999	34032	34065	34098	34131	34164	34197	34242	34284	34326	34368	34410	34452	34494	34533	34566	34599	34632	34665	34698	34731	34764	34797	34827	34854	34881	34908	34935	34962	34989	35016	35043	35070	35097	35137	35174	35211	35248	35285	35322	35359	35396	35433	35466	35499	35532	35565	35598	35631	35664	35697	35723	35746	35769	35792	35815	35838	35861	35884	35907	35930	35953	35976	35999	36023	36046	36069	36092	36115	36138	36161	36184	36207	36230	36253	36276	36299	36327	36354	36381	36408	36435	36462	36489	36516	36543	36570	36597	36619	36638	36657	36676	36695	36714	36733	36752	36771	36790	36809	36828	36847	36866	36885	36949	36998	37047	37096	37145	37194	37259	37318	37377	37436	37495	37549	37598	37647	37696	37745	37794	37827	37854	37881	37908	37935	37962	37989	38016	38043	38070	38097	38123	38146	38169	38192	38215	38238	38261	38284	38307	38330	38353	38376	38399	38419	38438	38457	38476	38495	38514	38533	38552	38571	38590	38609	38628	38647	38666	38685	38742	38784	38826	38868	38910	38952	38994	39029	39058	39087	39116	39145	39174	39203	39232	39261	39290	39349	39398	39447	39496	39545	39594	39633	39666	39699	39732	39765	39798	39831	39864	39897	39937	39974	40011	40048	40085	40122	40159	40196	40242	40284	40326	40368	40410	40452	40494	40542	40584	40626	40668	40710	40752	40794	40849	40898	40947	40996	41045	41094	41133	41166	41199	41232	41265	41298	41331	41364	41397	41423	41446	41469	41492	41515	41538	41561	41584	41607	41630	41653	41676	41699	41749	41798	41847	41896	41945	41994	42099	42198	42297	42342	42384	42426	42468	42510	42552	42594	42699	42798	42897	42923	42946	42969	42992	43015	43038	43061	43084	43107	43130	43153	43176	43199	43237	43274	43311	43348	43385	43422	43459	43496	43549	43598	43647	43696	43745	43794	43899	43998	44097	44159	44218	44277	44336	44395	44459	44518	44577	44636	44695	44799	44898	44997	45033	45066	45099	45132	45165	45198	45231	45264	45297	45337	45374	45411	45448	45485	45522	45559	45596	45637	45674	45711	45748	45785	45822	45859	45896	45959	46018	46077	46136	46195	46249	46298	46347	46396	46445	46494	46537	46574	46611	46648	46685	46722	46759	46796	46821	46842	46863	46884	46905	46926	46947	46968	46989	47010	47031	47052	47073	47094	47199	47298	47397	47437	47474	47511	47548	47585	47622	47659	47696	47737	47774	47811	47848	47885	47922	47959	47996	48049	48098	48147	48196	48245	48294	48324	48348	48372	48396	48420	48444	48468	48492	48516	48540	48564	48588	48627	48654	48681	48708	48735	48762	48789	48816	48843	48870	48897	48937	48974	49011	49048	49085	49122	49159	49196	49233	49266	49299	49332	49365	49398	49431	49464	49497	49537	49574	49611	49648	49685	49722	49759	49796	49827	49854	49881	49908	49935	49962	49989	50016	50043	50070	50097	50149	50198	50247	50296	50345	50394	50424	50448	50472	50496	50520	50544	50568	50592	50616	50640	50664	50688	50737	50774	50811	50848	50885	50922	50959	50996	51027	51054	51081	51108	51135	51162	51189	51216	51243	51270	51297	51324	51348	51372	51396	51420	51444	51468	51492	51516	51540	51564	51588	51637	51674	51711	51748	51785	51822	51859	51896	51933	51966	51999	52032	52065	52098	52131	52164	52197	52259	52318	52377	52436	52495	52517	52534	52551	52568	52585	52602	52619	52636	52653	52670	52687	52704	52721	52738	52755	52772	52789	52859	52918	52977	53036	53095	53137	53174	53211	53248	53285	53322	53359	53396	53459	53518	53577	53636	53695	53733	53766	53799	53832	53865	53898	53931	53964	53997	54027	54054	54081	54108	54135	54162	54189	54216	54243	54270	54297	54374	54448	54522	54596	54627	54654	54681	54708	54735	54762	54789	54816	54843	54870	54897	55049	55198	55237	55274	55311	55348	55385	55422	55459	55496	55574	55648	55722	55796	55827	55854	55881	55908	55935	55962	55989	56016	56043	56070	56097	56399	56499	56598	56697	56733	56766	56799	56832	56865	56898	56931	56964	56997	57049	57098	57147	57196	57245	57294	57359	57418	57477	57536	57595
ORIGIN
26	16	6	23	27	7	27	23	14	14	23	2	26	14	14	14	14	14	14	3	14	4	26	16	4	14	16	23	14	27	7	9	23	9	14	14	11	2	23	13	23	14	14	20	2	14	14	14	14	6	27	18	7	27	20	8	14	14	17	2	14	23	2	26	3	14	23	27	14	24	15	1	26	14	25	27	26	14	3	14	14	1	23	11	23	23	14	2	27	16	27	14	5	15	14	1	7	1	18	7	14	20	8	1	23	7	17	23	20	2	14	14	1	14	14	4	24	15	4	26	16	14	3	2	3	2	23	14	3	14	10	2	2	12	2	23	16	16	14	27	27	27	16	14	23	2	7	27	1	8	1	23	10	3	23	27	3	14	14	14	27	27	4	24	15	4	26	16	6	23	26	26	26	14	14	14	3	14	2	23	12	2	23	14	3	23	1	14	27	27	11	14	1	14	14	20	8	14	23	9	26	23	20	2	24	14	14	27	14	14	14	14	4	14	16	5	27	14	7	14	14	14	3	14	17	2	2	12	2	23	14	3	14	14	14	2	27	14	1	25	14	7	14	8	27	23	9	1	14	16	7	2	14	4	27	14	3	14	14	4	26	16	5	26	17	1	27	4	14	2	14	14	2	26	14	2	23	13	3	23	14	27	3	11	14	14	25	14	25	26	1	27	23	8	1	23	10	2	23	14	2	27	14	14	25	15	14	23	16	5	26	16	7	27	9	14	3	14	14	3	9	9	2	23	13	2	23	14	3	14	14	14	1	7	14	3	26	23	14	20	8	1	23	10	2	23	12	2	26	14	14	27	14	14	27	15	5	26	16	7	14	26	14	7	14	14	3	16	20	2	23	13	2	23	14	3	24	11	4	1	7	14	1	26	14	1	26	8	1	23	10	1	1	17	2	23	14	14	27	14	14	11	11	27	14	16	11	1	2	11	27	14	14	3	14	20	2	14	4	2	23	14	3	24	14	4	7	14	1	26	14	14	1	14	14	1	23	10	1	23	11	2	14	14	27	14	14	14	27	9	1	26	16	6	27	19	7	27	22	12	14	12	12	14	2	2	2	23	14	3	23	14	14	25	16	14	1	25	14	1	3	14	27	23	9	26	23	11	26	23	13	4	14	27	14	14	27	14	26	16	5	27	18	7	20	4	8	14	14	17	2	22	23	2	2	14	3	23	14	4	24	15	14	27	1	14	25	4	26	14	23	9	1	23	11	2	23	12	27	27	14	14	27	15	14	27	16	5	26	17	7	27	20	8	14	14	14	2	27	20	11	8	14	3	23	14	4	24	15	4	26	25	25	14	3	26	14	14	8	1	23	10	2	23	25	2	27	14	14	14	27	15	14	7	5	26	16	7	27	20	7	27	14	14	3	9	20	2	14	13	2	23	14	3	24	14	4	2	3	14	3	26	14	2	14	14	1	23	10	2	23	12	14	14	14	14	27	14	14	27	14	5	26	14	7	27	19	8	27	14	14	3	16	20	2	14	14	2	23	14	3	24	14	4	14	14	14	1	26	14	2	26	14	1	23	10	1	23	12	2	23	14	27	27	14	14	27	11	15	26	16	6	27	19	7	27	23	14	20	20	20	2	22	14	2	23	14	3	23	14	4	16	2	1	26	16	14	1	26	14	4	23	9	1	23	11	2	23	14	27	14	14	14	27	11	14	1	25	6	3	18	7	27	21	8	14	17	10	2	22	23	2	27	14	3	1	14	4	25	16	25	14	25	14	5	26	14	16	25	9	1	27	27	2	23	13	14	14	14	27	27	20	14	1	4	5	27	18	7	27	20	8	1	14	2	1	27	23	2	7	14
DESTINATION
3	14	17	27	2	23	2	26	3	3	27	14	14	4	25	16	25	25	9	14	26	14	3	14	14	9	16	27	2	23	13	14	27	14	5	5	15	14	1	7	27	5	26	7	27	20	8	1	1	17	2	27	20	2	14	14	1	16	6	14	25	7	27	23	14	2	3	23	10	2	14	14	3	2	14	2	14	4	26	16	16	14	27	15	27	27	16	14	23	16	23	9	14	11	2	23	13	23	27	20	3	14	14	14	27	20	6	27	7	27	20	8	14	2	26	14	2	14	14	3	14	2	23	14	23	24	27	15	26	1	14	14	27	11	14	1	14	14	1	23	23	23	14	2	27	14	20	2	24	14	14	27	14	26	1	18	14	20	8	1	23	23	14	2	14	14	3	14	17	27	14	14	14	4	15	4	26	16	14	27	11	14	1	25	14	7	14	10	2	2	12	2	23	16	2	14	14	4	27	14	3	1	7	27	1	8	1	23	10	1	4	26	14	2	14	14	2	16	20	4	15	4	26	16	6	14	24	11	14	1	25	14	25	26	2	27	23	2	23	14	3	23	2	14	2	27	14	14	25	14	23	14	8	14	23	9	26	8	26	14	3	14	14	3	9	14	2	14	4	14	16	5	27	14	4	14	1	7	14	3	26	23	14	12	2	2	14	3	14	14	23	2	26	14	14	27	14	14	27	8	27	23	9	1	14	11	8	7	14	14	3	16	20	2	17	4	26	16	5	26	17	17	27	1	7	14	1	26	14	1	26	2	23	13	3	23	14	27	3	14	14	14	27	14	14	27	11	14	23	8	1	23	10	2	23	14	14	3	14	20	2	14	4	23	16	5	26	16	7	27	27	7	14	1	26	14	1	15	14	23	13	2	23	14	3	14	14	14	14	27	14	14	14	9	27	1	8	1	23	10	2	12	12	23	26	14	12	24	14	12	2	15	5	26	16	7	14	26	14	14	1	25	14	1	26	14	13	2	23	14	3	3	24	4	4	14	27	14	14	27	20	14	8	1	23	10	1	1	23	17	23	3	14	17	2	22	23	2	2	11	16	11	11	2	27	27	27	1	25	14	4	26	2	14	14	2	23	14	3	24	14	4	2	27	14	14	27	15	14	27	7	14	1	23	10	1	23	2	3	14	14	2	27	20	11	14	14	16	16	6	27	19	7	27	22	25	14	3	26	14	2	14	25	2	23	3	14	23	14	25	27	14	14	27	15	14	7	11	23	23	9	26	23	11	26	23	14	14	3	9	20	2	14	14	4	16	5	27	18	7	20	14	4	14	3	26	14	2	14	14	3	14	14	3	23	14	4	15	14	14	27	14	14	27	14	24	23	9	1	1	23	11	2	23	14	3	16	20	2	14	23	3	5	8	26	17	7	27	20	7	14	1	26	14	2	26	14	24	23	3	23	14	4	24	15	4	14	27	14	14	27	11	15	8	8	1	23	10	2	23	25	14	3	20	20	2	22	14	2	5	5	26	16	7	27	20	2	14	1	26	14	1	26	14	4	2	2	23	14	3	24	14	4	14	27	14	14	27	11	14	1	25	23	23	10	2	23	12	14	3	14	17	2	22	23	2	27	5	14	14	7	27	19	8	27	1	25	14	5	26	14	16	14	23	14	16	3	24	14	4	14	27	14	14	27	20	14	1	4	23	10	1	1	23	12	2	23	14	17	26	27	23	2	7	14	16	6	14	27	19	7	27	23	25	14	23	26	14	14	14	14	3	14	3	23	14	4	16	14	14	14	23	23	14	27	7	9	9	1	23	23	11	2	23	14	14	2	27	20	2	14	14	14	25	27	14	18	7	27	21	8
DUE_DATE
0	30427	29996	30525	30094	30623	30192	30247	30296	31545	30874	30443	30972	30527	30016	30585	30614	31123	30672	31901	31210	30759	30248	30840	30342	31404	30966	31008	31050	30552	30587	31636	31665	31214	31723	31272	31301	31330	31839	31388	31427	30916	31965	30974	31543	31572	32081	31630	31119	31688	31179	32220	31761	31782	31803	31284	32325	33066	33087	31908	33129	33150	32451	33192	33247	32576	32145	31654	32723	32292	32325	33552	32379	33606	32433	33660	32967	33714	33741	33048	33075	33102	32646	33150	32694	32178	32742	32766	33270	34014	32838	32322	34086	33415	33452	34209	33526	33563	33120	33637	33194	32717	33316	33375	33434	33493	34717	32996	34755	34774	34073	34812	34111	34130	33669	34888	34187	33186	34225	33764	33243	33857	33916	35175	34514	35293	35325	35352	34659	34206	35433	34740	34767	34314	34341	34368	34875	34431	35664	34977	35730	35763	35796	35109	35142	34695	34174	35210	34746	35242	34778	34254	34810	34826	36042	36058	36074	35370	36106	36122	35418	35434	34970	34446	35031	34524	35097	34590	35643	35196	35709	35262	36495	36540	36582	35904	36666	36708	36750	36072	35631	35664	35697	36210	35763	35256	36309	37062	35895	37125	36432	36459	37206	37233	36540	36087	36114	36141	36648	36195	35695	35732	37509	36826	37583	37620	36937	36974	37731	36564	37077	36630	36663	36696	37209	36762	36255	36281	37324	38067	37370	38113	38136	37439	38182	37485	37028	37531	37074	38297	37601	37144	36627	37190	37693	36696	38459	38482	38505	38528	37831	37854	37877	37425	38652	37479	37986	37533	37560	38067	37614	38841	38868	38895	38917	38216	38235	38254	37793	37272	37831	38330	37869	37348	37907	38406	37945	39164	39183	38527	39296	39345	38674	39443	38772	38357	38416	38955	38534	38053	38107	39176	38205	39274	38843	40092	40125	39432	40179	40206	40233	40260	39567	39114	39141	39168	39675	39221	38704	39747	40490	40513	39816	40559	40582	39405	40628	39931	38934	39497	39517	40016	39555	39574	40073	40812	40111	40850	40149	40168	40907	39726	39205	40244	39243	39840	39882	40404	39966	40008	40530	41292	41327	41356	40665	41414	40723	40272	39761	40810	40359	39848	40927	40496	40545	41074	41843	41172	41931	41964	41997	42030	41343	40356	41409	40962	40455	41515	41072	41109	42346	42383	41700	42457	42494	41820	42582	41904	42666	41508	42030	41592	41640	41682	42204	41766	41268	42330	41892	43147	42476	43245	43294	42623	43392	43431	41724	42777	42330	42363	42876	42429	41922	42495	43001	42544	43767	43070	43813	43836	43859	43162	43905	43928	43231	42774	42257	43327	42896	42405	43474	44243	43572	44397	44496	44595	43920	43482	44724	44046	43608	43650	43692	43797	43896	44475	45221	44524	44547	45290	44593	44616	44159	43642	44685	44228	43711	44274	44297	44815	44372	44889	45646	45683	45720	45757	45074	45847	45896	44745	44254	45323	44892	44997	44556	45675	45257	46516	45375	46634	45973	46757	46096	46875	45194	46273	45897	47196	46095	46131	46644	46197	47430	46743	46296	47529	47562	46875	46915	47672	47709	47026	46583	47820	46117	46694	46735	47252	46809	47326	46883	48120	47437	48194	48257	47596	48375	46694	47773	47347	46856	47445	47494	48023	47592	48115	47672	48909	48946	48263	49020	49057	49094	49119	47940	47421	47442	48003	48024	48045	48066	48567	48108	49329	49350	48651	49392	49497	48876	49695	49015	48572	49089	48646	48683	48720	49237	49274	48835	50072	50109	49426	50183	50220	49537	50294	49627	49196	49245	48754	49343	49392	49902	48906	49950	50694	50718	50022	50046	50790	50094	49638	50142	49686	50925	49752	49239	49266	49833	49860	49887	49374	51141	51168	51195	51235	50552	50589	50146	51383	50700	50257	50774	50331	49824	51597	50430	51663	50976	51729	51042	51795	51115	50672	50169	51946	50783	50820	51337	50894	52125	51432	52179	51006	52233	51540	52287	51594	51621	51648	51195	50707	50756	51345	51394	51923	51492	52002	52746	52770	52794	52818	52122	52866	52890	52914	51738	51762	52266	51295	51872	51909	51946	51983	53220	53257	53294	52605	53352	53379	52686	51693	52740	52287	52794	52821	52368	51855	52422	52446	53670	53694	53718	53022	53766	53790	53094	53118	52662	52146	52735	52772	52809	52846	53363	53400	54157	52994	53511	54264	53577	53610	54363	53676	53229	53742	53295	53357	52876	53475	53534	53053	53075	54832	54129	54146	54883	54900	54917	53734	54951	54248	53785	53802	54299	53836	53313	54350	55087	54437	54016	55275	55334	55393	54715	55472	54789	54346	54383	54420	54937	54494	55037	55816	54135	55214	55993	56031	55344	56097	55410	54963	55476	55029	54522	55095	55125	55632	55179	56406	56433	55740	55287	56514	55821	56568	56595	54932	56026	56820	55154	55725	55752	55779	55266	57033	55860	57087	57114	56421	57168	56475	57347	56776	56335	57572	57609	57646	56963	57000	57757	57074	56672	57946	58020	58094	57405	57432	58179	58206	57513	58260	57567	58314	58341	58368	57675	57497	58077	58896	58995	59031	58344	59097	58410	59163	57996	57489	59262	59295	58627	59396	58725	59494	58823	58392	58937	59716	59775	59834	59173
TRANSPORT_MODE
0	2	2	1	2	0	0	0	0	1	1	2	0	0	0	0	0	1	1	2	0	0	0	0	1	1	2	0	0	0	0	0	1	1	2	0	0	0	0	0	2	1	1	0	0	0	0	0	0	2	1	1	0	0	0	0	0	3	3	1	1	0	0	0	0	2	1	0	1	0	0	0	0	3	1	1	0	0	0	0	0	2	1	1	0	0	0	0	0	3	1	1	0	0	0	0	0	2	2	1	0	0	0	0	0	1	3	1	0	0	0	0	0	1	2	2	1	0	0	0	0	0	1	3	1	0	0	0	0	1	2	1	0	0	0	0	0	1	3	1	0	0	0	0	0	1	2	1	0	0	0	0	0	1	3	3	0	0	0	0	0	1	2	1	0	0	0	0	0	0	1	1	3	3	0	0	0	0	1	2	1	0	0	0	0	0	1	3	1	0	0	0	0	1	2	1	0	0	0	0	0	1	3	1	0	0	0	0	0	1	2	2	0	0	0	0	0	1	1	3	0	0	0	0	0	0	1	1	2	2	0	0	0	0	1	1	3	0	0	0	0	0	1	1	2	0	0	0	0	1	1	3	0	0	0	0	0	1	1	2	0	0	0	0	0	1	1	3	0	0	0	0	0	3	1	2	0	0	0	0	0	0	1	1	1	3	0	0	0	0	3	1	2	0	0	0	0	0	1	1	3	0	0	0	0	1	1	2	0	0	0	0	0	1	1	3	0	0	0	0	0	1	1	2	0	0	0	0	0	2	1	3	0	0	0	0	0	1	1	1	2	0	0	0	0	0	2	1	3	0	0	0	0	1	1	2	0	0	0	0	0	1	1	3	0	0	0	0	0	1	1	2	0	0	0	0	0	1	1	3	0	0	0	0	0	3	1	2	0	0	0	0	0	1	1	1	3	0	0	0	0	0	3	1	1	0	0	0	0	2	1	3	0	0	0	0	0	1	1	2	0	0	0	0	1	1	3	0	0	0	0	0	1	1	2	0	0	0	0	0	1	1	3	0	0	0	0	0	0	1	1	1	2	0	0	0	0	2	1	3	0	0	0	0	1	1	2	2	0	0	0	0	0	1	1	3	0	0	0	0	0	1	1	2	0	0	0	0	0	1	1	3	0	0	0	0	0	1	1	2	0	0	0	0	0	1	1	1	3	0	0	0	0	3	1	2	0	0	0	0	0	1	1	3	3	0	0	0	0	1	1	2	0	0	0	0	0	1	1	3	0	0	0	0	0	1	1	2	0	0	0	0	0	1	1	3	0	0	0	0	0	1	1	2	2	0	0	0	0	0	1	1	3	0	0	0	0	1	2	2	1	0	0	0	0	0	1	3	1	0	0	0	0	1	2	1	0	0	0	0	0	1	3	1	0	0	0	0	0	1	2	1	0	0	0	0	0	1	1	3	3	0	0	0	0	0	1	2	1	0	0	0	0	1	3	3	1	0	0	0	0	0	1	2	1	0	0	0	0	1	3	1	0	0	0	0	0	1	2	1	0	0	0	0	0	1	3	1	0	0	0	0	0	1	2	2	1	0	0	0	0	0	1	3	1	0	0	0	0	2	2	1	1	0	0	0	0	0	3	1	1	0	0	0	0	2	1	1	0	0	0	0	0	3	1	1	0	0	0	0	0	2	1	1	0	0	0	0	0	3	3	1	1	0	0	0	0	2	1	3	0	0	0	0	0	3	1	1	3	0	0	0	0	1	1	3	0	0	0	0	0	1	1	3	0	0	0	0	0	1	1	3	0	0	0	0	0	1	1	3	0	0	0	0	0	3	1	1	0	0	0	0	0	3	1	1	0	0	0	0	0
PATIENT_WEIGHT
47	78	64	93	57	83	60	137	46	104	49	35	36	112	137	87	33	91	103	98	85	109	140	104	123	73	146	53	77	150	104	58	55	104	103	35	60	77	59	74	49	43	110	128	143	56	55	53	99	109	140	141	120	78	129	124	91	51	99	131	103	104	81	42	37	31	55	102	146	101	53	38	47	116	33	115	62	112	36	64	54	77	113	130	72	51	138	132	112	54	70	100	142	73	112	62	148	149	131	34	104	81	144	81	110	104	97	58	67	78	49	99	78	88	131	135	49	86	74	87	141	139	145	123	61	35	88	40	84	62	80	66	48	37	109	103	46	135	37	106	56	45	128	112	38	115	82	38	85	82	134	64	78	123	140	127	40	36	140	41	150	97	146	125	37	88	61	58	110	112	81	53	113	139	106	144	147	88	64	60	121	98	132	87	134	63	75	68	78	83	52	107	107	108	59	149	81	78	65	63	146	122	78	128	66	46	120	109	53	93	109	150	60	37	118	35	131	119	124	85	72	49	37	104	95	65	78	96	37	97	81	59	49	33	124	64	91	89	41	35	98	138	62	76	58	59	107	68	137	94	144	125	147	141	120	147	96	94	130	94	35	144	140	104	33	64	78	95	45	112	76	81	47	124	47	58	99	119	109	74	89	87	64	92	134	113	121	61	80	33	131	74	66	111	105	117	51	47	78	53	45	112	56	74	46	86	32	55	94	95	41	97	150	53	128	66	114	51	78	39	59	139	130	74	104	82	142	126	132	92	71	73	128	44	46	140	58	117	126	86	147	116	89	109	73	103	65	136	114	55	111	96	147	114	134	41	100	96	125	117	135	92	77	112	50	91	137	110	43	73	90	86	116	135	136	80	47	105	135	105	92	136	84	125	121	30	140	85	139	142	54	104	149	114	72	40	80	62	58	84	47	127	148	60	92	35	133	107	127	78	76	95	108	81	60	63	125	82	76	130	123	112	56	149	133	63	31	79	45	42	104	96	132	39	75	111	38	45	134	142	98	50	98	89	136	104	105	108	89	35	76	65	64	131	43	45	57	82	89	140	64	102	97	73	120	146	64	89	32	104	119	68	68	107	93	86	42	96	40	32	102	67	60	54	131	120	58	88	86	107	41	145	125	43	49	116	40	88	117	59	84	134	96	114	132	51	143	30	88	45	145	34	148	145	83	71	70	149	35	51	107	139	148	121	57	141	120	120	146	80	70	115	132	53	128	35	63	57	130	127	48	121	57	129	108	71	122	122	73	110	43	35	38	88	88	138	82	55	122	73	87	38	77	46	47	64	97	106	73	59	125	114	122	72	33	62	135	42	66	79	142	110	115	60	108	136	68	130	82	35	128	79	98	54	112	52	141	146	139	74	145	79	86	78	41	115	59	40	49	131	145	126	105	36	77	139	146	40	140	73	83	106	138	91	64	35	68	91	137	142	99	79	63	71	99	134	112	126	40	107	129	72	110	74	55	135	103	133	82	45	41	116	122	102	99	68	141	51	95	150	95	60	93	73	66	106	34	126	86	143	82	121	145	34	144	111	79	84	139	124	121	84	121	82	142	148	73	88	121	111	73	146	110	87	66	89	41	105	30	48	92	69	113	134	58	97	119	139	37	142	76	51	122	51	44	117	70	44	105	83	111	41	112	84	55	105	104	76	106	61	61	43	104	34	68	95	101	78	85	68	48	40	121	147	57	125	149	64	82	103	91	62	75	92	46	96	148	43	66	123	97	112	66	139	137	122	139	94	138	36	41	146	44	111	72	138	136	104	128	139	59	144	30	67	86	103	139	121	92	55	35	111	81	50	38	39	123	63	87	148	31
DISTANCE_MATRIX
0	360	318	300	288	276	264	264	150	150	150	60	90	90	162	168	204	228	234	312	360	408	348	318	168	192	168	318
360	60	264	318	324	342	342	342	348	348	354	360	372	378	378	420	420	480	462	498	462	462	384	420	372	420	378	378
318	264	60	270	276	288	288	288	294	294	294	318	318	324	324	414	414	468	462	486	462	462	330	366	366	408	372	324
300	318	270	60	276	288	288	288	288	288	288	300	300	312	318	408	408	468	462	486	438	438	318	360	360	402	360	312
288	324	276	276	60	276	276	276	276	276	276	288	288	300	300	402	396	462	456	480	432	432	300	360	360	402	348	300
276	342	288	288	276	60	180	180	252	258	264	264	264	288	288	390	390	456	450	480	432	432	288	348	348	348	288	288
264	342	288	288	276	180	60	180	246	258	264	264	264	288	288	390	390	456	450	480	432	432	288	348	348	348	288	288
264	342	288	288	276	180	180	60	240	258	264	264	264	288	288	390	390	456	450	480	432	432	288	348	348	348	288	288
150	348	294	288	276	252	246	240	60	120	120	150	126	270	270	378	384	420	438	480	420	408	276	300	300	300	276	270
150	348	294	288	276	258	258	258	120	60	120	150	150	270	270	378	384	420	438	480	420	408	276	300	300	300	276	270
150	354	294	288	276	264	264	264	120	120	60	150	150	270	270	378	384	420	438	480	420	408	276	300	300	300	276	270
60	360	318	300	288	264	264	264	150	150	150	60	90	162	168	228	234	312	360	408	348	318	168	192	192	198	168	162
90	372	318	300	288	264	264	264	150	150	150	90	60	162	168	228	234	312	360	408	348	318	168	192	192	198	168	162
90	378	324	312	300	288	288	288	270	270	270	162	162	60	120	180	180	306	210	360	300	300	120	180	120	180	120	234
162	378	324	318	300	288	288	288	270	270	270	168	168	120	60	180	180	306	210	360	300	300	120	180	120	180	120	120
168	420	414	408	402	348	348	348	300	300	300	228	228	180	180	60	132	204	132	348	258	258	186	60	180	132	222	180
204	420	414	408	396	390	390	390	384	384	384	234	234	180	180	132	60	204	132	348	258	258	186	60	180	132	222	180
228	480	468	468	462	456	456	456	420	420	420	312	312	306	306	204	204	60	198	120	240	240	306	204	306	138	306	306
234	462	462	462	456	450	450	450	438	438	438	360	360	210	210	132	132	198	60	138	132	132	210	132	210	132	210	210
312	498	486	486	480	480	480	480	480	480	480	408	408	360	360	348	348	120	138	60	348	348	360	348	360	348	360	360
360	462	462	438	432	432	432	432	420	420	420	348	348	300	300	258	258	240	132	348	60	60	300	258	300	258	300	300
408	462	462	438	432	432	432	432	408	408	408	318	318	300	300	258	258	240	132	348	60	60	300	258	300	258	300	300
348	384	330	318	300	288	288	288	276	276	276	168	168	120	120	186	186	306	210	360	300	300	60	186	120	186	120	120
318	420	366	360	360	348	348	348	300	300	300	192	192	180	180	60	60	204	132	348	258	258	186	60	180	60	180	180
168	372	300	306	300	288	288	288	270	270	270	168	168	120	120	180	180	306	210	360	300	300	120	180	60	180	120	120
192	420	408	402	402	348	348	348	300	300	300	198	198	180	180	132	132	138	132	348	258	258	186	60	180	60	180	180
168	378	372	360	348	288	288	288	276	276	276	168	168	120	120	222	222	306	210	360	300	300	120	180	120	180	60	120
318	378	324	312	300	288	288	288	270	270	270	162	162	234	120	180	180	306	210	360	300	300	120	180	120	180	120	60
DEPOTS_DISTANCE
234	462	462	462	456	450	450	450	438	438	438	360	360	210	210	132	132	198	60	138	132	132	210	132	210	132	210	210	
348	384	330	318	300	288	288	288	276	276	276	168	168	120	120	186	186	306	210	360	300	300	60	186	120	186	120	120	
318	420	366	360	360	348	348	348	300	300	300	192	192	180	180	60	60	204	132	348	258	258	186	60	180	60	180	180	
LOCATION_TURN_MATRIX
100	130	122	113	112	199	136	122	129	152	173	146	151	136	158	140	176	113	122	167	194	134	110	172	114	184	100	147	
170	100	154	188	164	169	136	136	152	170	104	183	155	115	101	104	155	187	174	115	149	134	178	168	114	135	168	102	
178	146	100	161	178	114	104	165	117	139	126	169	192	109	120	179	160	152	154	134	113	140	154	179	196	196	192	181	
187	112	139	100	158	114	195	181	104	132	195	106	183	169	132	170	140	136	172	148	116	110	123	136	151	120	176	169	
188	136	122	142	100	175	164	159	112	100	167	164	135	191	132	181	104	123	142	156	108	117	193	182	116	147	156	185	
101	131	186	186	125	100	190	147	164	150	137	102	145	176	185	131	113	108	117	186	118	151	140	178	154	189	172	110	
164	164	196	105	136	110	100	186	153	151	183	193	111	157	144	123	188	142	110	163	105	190	166	187	170	171	186	126	
178	164	135	119	141	153	114	100	106	130	108	103	151	178	122	151	130	133	184	177	110	141	166	110	122	174	191	197	
171	148	183	196	188	136	147	194	100	167	100	146	168	129	128	142	172	118	174	147	105	158	156	160	120	106	119	136	
148	130	161	168	200	150	149	170	133	100	177	106	175	116	188	180	176	194	108	146	130	187	183	173	128	141	169	176	
127	196	174	105	133	163	117	192	200	123	100	171	175	140	183	115	104	186	128	153	151	175	100	146	191	117	132	197	
154	117	131	194	136	198	107	197	154	194	129	100	136	184	140	147	172	184	148	131	103	156	185	200	152	158	154	143	
149	145	108	117	165	155	189	149	132	125	125	164	100	140	199	142	101	144	163	185	117	191	200	143	113	165	102	154	
164	185	191	131	109	124	143	122	171	184	160	116	160	100	109	116	196	113	131	186	166	139	183	175	144	161	105	170	
142	199	180	168	168	115	156	178	172	112	117	160	101	191	100	147	177	177	199	158	172	188	164	175	180	168	154	195	
160	196	121	130	119	169	177	149	158	120	185	153	158	184	153	100	152	159	197	157	181	159	102	123	168	200	124	186	
124	145	140	160	196	187	112	170	128	124	196	128	199	104	123	148	100	149	114	112	117	135	105	132	138	180	198	156	
187	113	148	164	177	192	158	167	182	106	114	116	156	187	123	141	151	100	166	132	168	163	159	123	129	173	161	116	
178	126	146	128	158	183	190	116	126	192	172	152	137	169	101	103	186	134	100	184	199	137	130	160	148	113	140	150	
133	185	166	152	144	114	137	123	153	154	147	169	115	114	142	143	188	168	116	100	111	195	128	157	191	164	141	171	
106	151	187	184	192	182	195	190	195	170	149	197	183	134	128	119	183	132	101	189	100	129	151	163	147	166	104	177	
166	166	160	190	183	149	110	159	142	113	125	144	109	161	112	141	165	137	163	105	171	100	101	185	169	129	103	197	
190	122	146	177	107	160	134	134	144	117	200	115	100	117	136	198	195	141	170	172	149	199	100	106	150	116	118	145	
128	132	121	164	118	122	113	190	140	127	154	100	157	125	125	177	168	177	140	143	137	115	194	100	128	167	115	155	
186	186	104	149	184	146	130	178	180	172	109	148	187	156	120	132	162	171	152	109	153	131	150	172	100	155	124	184	
116	165	104	180	153	111	129	126	194	159	183	142	135	139	132	100	120	127	187	136	134	171	184	133	145	100	129	192	
200	132	108	124	144	128	114	109	181	131	168	146	198	195	146	176	102	139	160	159	196	197	182	185	176	171	100	146	
153	198	119	131	115	190	174	103	164	124	103	157	146	130	105	114	144	184	150	129	123	103	155	145	116	108	154	100	
DEPOTS_TO_LOCAL_TURN_MATRIX
178	126	146	128	158	183	190	116	126	192	172	152	137	169	101	103	186	134	100	184	199	137	130	160	148	113	140	150	
190	122	146	177	107	160	134	134	144	117	200	115	100	117	136	198	195	141	170	172	149	199	100	106	150	116	118	145	
128	132	121	164	118	122	113	190	140	127	154	100	157	125	125	177	168	177	140	143	137	115	194	100	128	167	115	155	
LOCAL_TO_DEPOT_TURN_MATRIX
122	174	154	172	142	117	110	184	174	108	128	148	163	131	199	197	114	166	100	116	101	163	170	140	152	187	160	150	
110	178	154	123	193	140	166	166	156	183	100	185	200	183	164	102	105	159	130	128	151	101	100	194	150	184	182	155	
172	168	179	136	182	178	187	110	160	173	146	200	143	175	175	123	132	123	160	157	163	185	106	100	172	133	185	145	

