INDEX_PROBLEM
1
PATIENTS
800
STRETCHERS
16
NUM_ROOM
28
NUM_DEPOT
3
NUM_PRIORITY
4
PRIORITY_LIST
0	1	2	3	4
PRIORITY_WEIGHT
0	1	10	18	30
PRIORITY_JOB
0	2	3	2	3	4	3	4	3	1	3	3	3	4	3	4	4	4	2	3	3	4	3	4	3	3	4	4	3	4	3	4	2	3	4	4	3	4	3	3	2	4	4	2	4	3	4	3	3	2	3	3	4	3	4	3	4	1	1	3	1	2	1	1	4	2	4	4	3	4	3	4	1	3	3	1	2	2	1	1	4	2	3	3	3	4	3	4	1	4	2	2	2	1	2	1	4	2	3	4	3	3	4	3	1	2	3	2	2	1	2	2	1	3	4	2	4	4	3	1	4	1	3	4	1	1	2	1	1	1	3	4	3	4	4	3	3	1	2	3	2	1	2	2	1	2	4	4	3	4	3	4	3	1	1	2	3	2	1	2	2	4	2	3	3	4	3	4	4	1	1	1	3	1	2	1	1	2	4	2	3	3	4	3	4	1	1	3	1	2	1	1	4	4	4	2	3	4	3	4	3	1	3	2	2	1	2	2	1	4	4	2	3	4	3	3	4	4	1	4	2	1	2	2	2	1	2	3	3	4	3	4	3	4	1	2	3	2	1	1	1	2	1	3	4	3	4	4	3	4	1	2	3	2	1	1	1	2	4	2	4	3	4	3	4	3	1	1	2	3	2	1	2	1	4	2	3	3	4	3	4	4	1	1	2	3	2	2	1	2	3	4	2	3	4	3	4	4	3	1	1	3	1	1	2	1	4	3	2	3	4	4	3	4	1	4	2	2	1	1	2	1	4	4	2	3	3	3	4	3	1	2	3	2	1	2	1	2	2	2	3	4	2	4	4	3	4	1	3	1	1	2	1	1	2	3	4	4	3	4	4	3	3	1	2	3	1	2	1	1	2	2	4	4	4	4	3	4	3	1	1	2	3	1	2	2	1	4	2	2	3	4	3	4	3	1	1	3	4	1	2	2	1	2	3	1	4	4	3	4	2	4	1	3	2	1	1	1	3	4	2	1	4	3	4	4	3	3	2	4	2	1	1	2	1	4	2	3	4	3	3	4	3	1	4	2	2	2	1	1	2	2	3	4	2	4	3	4	3	4	1	3	1	2	1	2	2	4	3	4	4	3	3	4	1	1	2	3	2	1	2	1	1	2	4	4	4	3	4	3	3	1	1	2	2	1	2	1	2	3	2	4	4	3	4	3	4	2	1	1	3	1	2	2	1	4	2	3	3	4	4	3	4	1	1	3	2	1	2	2	1	4	4	2	3	4	3	4	3	1	3	2	2	1	1	1	2	4	4	2	3	4	3	4	3	1	3	2	2	1	2	1	2	4	2	3	4	4	4	3	4	1	2	3	2	1	2	1	2	1	3	4	3	4	3	4	1	2	3	1	2	2	1	1	4	2	4	4	3	3	3	4	1	1	2	1	2	2	1	2	3	4	2	3	4	4	3	4	1	4	1	1	2	2	2	1	2	3	2	4	3	4	3	4	1	3	1	1	2	1	2	3	3	4	2	4	4	3	3	3	1	3	2	1	1	2	1	2	4	4	2	4	3	4	4	3	1	3	2	1	2	1	2	2	4	2	3	4	3	4	3	4	1	2	3	1	2	1	2	1	1	3	4	3	4	3	4	3	1	2	3	2	2	1	1	4	3	4	4	3	3	4	1	1	1	2	2	2	1	1	2	3	4	2	3	4	3	3	4	2	1	1	3	2	1	2	1	2	4	2	3	4	3	4	3	1	1	3	1	2	2	1	4	1	4	2	1	1	2	2	1	1	3	4	1	2	2	1	2	1	1	3	1	2	2	1	2	1	4	2	1	1	1	2	2	1	1	3	4	1	2	1	2	1	2	4	1	2	1	2	2
TIME_ASKED
0	28849	28898	28947	28996	29045	29094	29149	29198	29247	29296	29345	29394	29429	29458	29487	29516	29545	29574	29603	29632	29661	29690	29742	29784	29826	29868	29910	29952	29994	30029	30058	30087	30116	30145	30174	30203	30232	30261	30290	30329	30358	30387	30416	30445	30474	30503	30532	30561	30590	30621	30642	30663	30684	30705	30726	30747	30768	30789	30810	30831	30852	30873	30894	30949	30998	31047	31096	31145	31194	31227	31254	31281	31308	31335	31362	31389	31416	31443	31470	31497	31524	31548	31572	31596	31620	31644	31668	31692	31716	31740	31764	31788	31837	31874	31911	31948	31985	32022	32059	32096	32159	32218	32277	32336	32395	32419	32438	32457	32476	32495	32514	32533	32552	32571	32590	32609	32628	32647	32666	32685	32759	32818	32877	32936	32995	33027	33054	33081	33108	33135	33162	33189	33216	33243	33270	33297	33333	33366	33399	33432	33465	33498	33531	33564	33597	33616	33632	33648	33664	33680	33696	33712	33728	33744	33760	33776	33792	33808	33824	33840	33856	33872	33888	33933	33966	33999	34032	34065	34098	34131	34164	34197	34242	34284	34326	34368	34410	34452	34494	34533	34566	34599	34632	34665	34698	34731	34764	34797	34827	34854	34881	34908	34935	34962	34989	35016	35043	35070	35097	35137	35174	35211	35248	35285	35322	35359	35396	35433	35466	35499	35532	35565	35598	35631	35664	35697	35723	35746	35769	35792	35815	35838	35861	35884	35907	35930	35953	35976	35999	36023	36046	36069	36092	36115	36138	36161	36184	36207	36230	36253	36276	36299	36327	36354	36381	36408	36435	36462	36489	36516	36543	36570	36597	36619	36638	36657	36676	36695	36714	36733	36752	36771	36790	36809	36828	36847	36866	36885	36949	36998	37047	37096	37145	37194	37259	37318	37377	37436	37495	37549	37598	37647	37696	37745	37794	37827	37854	37881	37908	37935	37962	37989	38016	38043	38070	38097	38123	38146	38169	38192	38215	38238	38261	38284	38307	38330	38353	38376	38399	38419	38438	38457	38476	38495	38514	38533	38552	38571	38590	38609	38628	38647	38666	38685	38742	38784	38826	38868	38910	38952	38994	39029	39058	39087	39116	39145	39174	39203	39232	39261	39290	39349	39398	39447	39496	39545	39594	39633	39666	39699	39732	39765	39798	39831	39864	39897	39937	39974	40011	40048	40085	40122	40159	40196	40242	40284	40326	40368	40410	40452	40494	40542	40584	40626	40668	40710	40752	40794	40849	40898	40947	40996	41045	41094	41133	41166	41199	41232	41265	41298	41331	41364	41397	41423	41446	41469	41492	41515	41538	41561	41584	41607	41630	41653	41676	41699	41749	41798	41847	41896	41945	41994	42099	42198	42297	42342	42384	42426	42468	42510	42552	42594	42699	42798	42897	42923	42946	42969	42992	43015	43038	43061	43084	43107	43130	43153	43176	43199	43237	43274	43311	43348	43385	43422	43459	43496	43549	43598	43647	43696	43745	43794	43899	43998	44097	44159	44218	44277	44336	44395	44459	44518	44577	44636	44695	44799	44898	44997	45033	45066	45099	45132	45165	45198	45231	45264	45297	45337	45374	45411	45448	45485	45522	45559	45596	45637	45674	45711	45748	45785	45822	45859	45896	45959	46018	46077	46136	46195	46249	46298	46347	46396	46445	46494	46537	46574	46611	46648	46685	46722	46759	46796	46821	46842	46863	46884	46905	46926	46947	46968	46989	47010	47031	47052	47073	47094	47199	47298	47397	47437	47474	47511	47548	47585	47622	47659	47696	47737	47774	47811	47848	47885	47922	47959	47996	48049	48098	48147	48196	48245	48294	48324	48348	48372	48396	48420	48444	48468	48492	48516	48540	48564	48588	48627	48654	48681	48708	48735	48762	48789	48816	48843	48870	48897	48937	48974	49011	49048	49085	49122	49159	49196	49233	49266	49299	49332	49365	49398	49431	49464	49497	49537	49574	49611	49648	49685	49722	49759	49796	49827	49854	49881	49908	49935	49962	49989	50016	50043	50070	50097	50149	50198	50247	50296	50345	50394	50424	50448	50472	50496	50520	50544	50568	50592	50616	50640	50664	50688	50737	50774	50811	50848	50885	50922	50959	50996	51027	51054	51081	51108	51135	51162	51189	51216	51243	51270	51297	51324	51348	51372	51396	51420	51444	51468	51492	51516	51540	51564	51588	51637	51674	51711	51748	51785	51822	51859	51896	51933	51966	51999	52032	52065	52098	52131	52164	52197	52259	52318	52377	52436	52495	52517	52534	52551	52568	52585	52602	52619	52636	52653	52670	52687	52704	52721	52738	52755	52772	52789	52859	52918	52977	53036	53095	53137	53174	53211	53248	53285	53322	53359	53396	53459	53518	53577	53636	53695	53733	53766	53799	53832	53865	53898	53931	53964	53997	54027	54054	54081	54108	54135	54162	54189	54216	54243	54270	54297	54374	54448	54522	54596	54627	54654	54681	54708	54735	54762	54789	54816	54843	54870	54897	55049	55198	55237	55274	55311	55348	55385	55422	55459	55496	55574	55648	55722	55796	55827	55854	55881	55908	55935	55962	55989	56016	56043	56070	56097	56399	56499	56598	56697	56733	56766	56799	56832	56865	56898	56931	56964	56997	57049	57098	57147	57196	57245	57294	57359	57418	57477	57536	57595
ORIGIN
26	16	6	25	19	7	27	23	14	14	23	20	14	14	14	14	2	14	14	14	14	4	26	16	14	14	16	9	14	27	7	2	14	9	14	14	11	2	23	14	14	2	14	20	2	14	14	27	8	6	27	18	7	27	20	8	14	14	17	2	22	23	2	26	3	14	23	27	14	24	15	1	27	25	25	1	26	14	3	14	14	1	23	27	23	23	14	7	16	14	27	5	15	14	1	8	27	1	18	7	14	20	8	1	7	17	17	27	20	2	14	14	16	14	14	4	24	15	4	16	25	14	2	23	23	10	2	14	14	14	10	2	2	12	2	14	16	16	14	23	23	27	27	16	13	2	7	27	1	8	1	13	16	2	23	20	20	3	14	14	14	27	4	24	15	4	8	16	8	14	2	14	2	2	14	14	14	14	2	23	12	2	23	14	14	1	14	1	27	11	14	1	1	14	14	20	8	14	23	9	7	14	14	20	24	14	14	7	16	14	14	14	4	14	16	5	5	22	23	14	14	14	14	14	14	14	2	12	2	23	14	3	14	14	14	27	27	14	1	25	25	14	14	8	27	23	9	23	14	16	16	2	14	14	4	27	14	13	14	4	26	16	5	26	16	4	4	26	14	2	2	14	14	14	27	2	23	13	3	23	27	10	11	14	11	14	25	14	25	26	3	27	23	8	1	23	10	3	23	3	2	2	27	14	1	3	14	23	16	5	26	16	25	8	26	14	3	14	14	3	14	14	2	23	13	2	23	14	3	14	23	14	14	7	14	3	23	14	14	20	8	1	23	10	27	23	12	2	26	14	14	27	14	14	7	15	5	26	16	7	14	27	7	8	7	14	14	3	16	14	14	13	2	23	14	3	20	14	1	27	1	14	1	1	26	14	16	8	1	23	10	1	14	14	2	14	14	14	27	14	2	27	11	27	14	14	3	7	27	3	23	14	14	3	14	20	10	23	23	2	23	7	3	24	14	2	27	14	7	1	26	14	7	25	23	1	23	10	14	23	14	14	14	23	14	27	14	14	25	3	27	26	16	6	27	19	7	27	22	12	23	23	14	14	13	26	2	23	14	3	23	14	7	27	7	26	14	25	14	1	26	27	23	24	9	26	20	11	26	26	14	23	14	14	8	27	2	26	26	16	5	27	18	7	20	4	14	3	3	14	2	22	23	2	2	11	3	27	14	4	24	15	1	1	1	14	4	26	20	23	11	9	1	14	11	2	23	12	14	1	14	14	7	15	14	14	3	5	3	10	7	27	20	3	3	14	14	2	27	20	11	14	3	3	23	14	4	1	15	4	25	12	14	14	26	14	2	14	23	1	27	3	2	23	25	23	14	14	14	15	14	7	11	25	25	26	26	7	27	20	7	24	14	26	3	20	2	14	26	26	26	23	14	3	24	14	4	7	14	14	3	26	14	23	14	14	14	23	14	2	23	12	14	14	14	23	27	14	27	14	1	23	26	27	2	23	19	8	27	23	14	14	20	20	2	14	23	1	23	14	26	24	14	4	14	14	1	1	14	14	2	26	14	23	3	10	1	23	12	2	23	23	8	27	8	27	11	15	1	27	16	23	27	19	7	27	1	3	3	27	27	27	22	14	2	1	14	3	7	14	4	16	1	1	26	16	1	26	14	4	2	23	9	1	23	4	14	23	14	3	14	14	14	11	14	1	7	2	6	3	18	7	27	21	8	14	27	10	22	23	2	14	26	14	3	14	7	4	25	16	25	23	14	20	20	26	14	16	26	9	1	14	14	2	23	13	14	1	14	27	27	14	8	1	4	5	27	18	7	27	20	8	23	17	26	1	23	2	7	14	3
DESTINATION
3	14	17	14	22	23	2	26	3	3	27	7	4	25	16	25	14	25	9	1	26	14	3	14	1	1	16	14	2	23	13	14	8	14	5	5	15	14	1	8	5	27	26	7	27	20	8	23	14	17	2	27	20	2	14	14	16	16	6	14	19	7	27	23	14	2	3	23	10	2	14	14	23	14	14	14	14	4	26	16	16	14	27	23	27	27	16	13	16	9	23	14	11	2	23	14	2	23	27	20	3	14	14	14	20	6	6	18	7	27	20	8	14	2	26	14	2	14	14	14	14	3	14	27	27	14	24	15	1	1	14	14	27	11	14	1	14	14	1	27	27	23	23	14	7	14	20	2	24	14	14	7	16	27	1	7	7	14	20	8	1	23	14	2	14	14	14	14	14	16	14	4	24	24	4	15	25	16	14	27	11	14	1	25	25	14	26	14	2	12	2	14	14	16	2	14	14	4	27	14	13	2	2	7	1	8	1	13	16	2	4	26	14	2	14	14	14	2	27	15	15	15	4	8	16	8	24	11	14	1	25	14	25	26	2	23	23	2	23	14	14	1	3	14	2	27	14	1	3	14	14	14	20	8	14	23	9	7	26	14	3	14	14	3	14	14	14	14	4	14	14	16	5	5	23	14	1	7	14	3	23	14	12	2	12	2	14	3	14	14	14	2	26	14	14	27	14	14	7	14	27	27	23	9	23	14	8	7	14	14	3	16	14	14	14	4	26	16	5	26	16	4	27	1	7	14	1	26	14	16	27	2	2	13	3	23	27	10	16	14	14	14	27	14	2	27	11	27	23	8	1	23	10	3	23	14	14	3	14	20	10	23	23	14	23	5	5	26	16	25	8	7	14	1	26	14	7	25	23	2	23	2	23	23	14	3	14	14	14	27	14	14	25	3	27	20	8	1	23	10	27	23	12	23	26	15	14	13	2	26	7	15	5	26	16	7	14	27	7	14	1	13	14	1	26	27	23	2	13	23	14	3	20	14	1	14	27	14	8	27	2	26	26	1	1	23	10	1	14	14	2	3	14	17	2	22	23	2	2	11	27	27	3	3	7	3	27	1	25	14	4	26	20	23	23	3	2	14	3	24	14	2	27	1	14	14	7	15	14	14	3	1	1	10	14	23	14	14	14	14	14	2	27	20	11	14	3	26	26	16	27	19	7	27	22	12	14	2	26	14	2	14	23	23	23	3	23	14	7	27	12	14	14	25	15	14	7	11	25	24	9	26	20	11	26	26	14	14	26	14	20	2	14	26	26	16	5	27	18	7	20	4	14	14	3	26	14	23	14	14	14	11	3	3	14	4	24	15	1	14	23	14	14	27	14	1	9	9	9	11	2	23	12	14	14	3	14	20	2	14	23	1	5	3	26	7	27	20	3	3	3	1	26	14	2	26	14	23	3	3	23	14	4	1	15	4	25	27	8	14	27	11	15	1	1	27	23	2	23	25	23	27	3	23	27	27	22	14	2	1	25	26	7	7	27	20	7	24	1	26	3	1	26	14	4	2	23	23	3	3	24	14	4	7	14	14	14	27	11	14	1	7	14	23	14	23	12	14	14	23	14	27	2	22	23	2	14	26	26	2	23	23	19	8	27	23	25	14	20	26	14	16	23	23	14	16	24	14	4	14	14	1	14	14	27	14	8	1	4	26	10	1	1	12	2	23	23	22	17	26	27	23	2	7	14	16	23	14	19	7	27	1	3	25	14	5	20	14	14	14	14	1	3	7	7	14	4	16	3	14	14	9	9	14	27	7	2	23	9	23	23	4	14	23	14	14	2	27	20	2	14	14	27	6	3	14	7	27	21	8	26
DUE_DATE
0	30427	29996	30525	30094	29603	30192	29707	30296	31545	30394	30443	30492	29987	30556	30045	30074	30103	31152	30701	30730	30219	30788	30300	30882	30924	30426	30468	31050	30552	31127	30616	31665	31214	30703	30732	31301	30790	31359	31388	31907	30916	30945	31994	31003	31572	31061	31630	31659	32168	31719	31740	31221	31782	31263	31824	31305	33066	33087	31908	33129	32430	33171	33192	31507	32576	31605	31654	32243	31752	32325	31812	33579	32406	32433	33660	32967	32994	33741	33768	32055	33102	32646	32670	32694	32178	32742	32226	33990	32274	33318	33342	33366	34135	33452	34209	32506	33563	33120	32617	33194	33257	32776	33375	34634	33973	33517	34016	34035	34774	34073	34092	34831	33650	33129	34168	33167	33186	33745	34964	33243	35057	33916	33435	35234	35293	34605	35352	35379	35406	34233	33720	34287	33774	33801	34368	34395	35631	34944	34497	35010	35763	35076	35109	35862	35175	34174	34190	34746	34222	34778	34254	34810	36026	36042	35338	34874	35370	36106	35402	35418	34414	35450	34986	35031	34524	35097	34590	34623	36396	36429	36462	35295	36540	35862	36624	36666	35988	35010	36072	35631	35664	35157	35730	35223	36996	37029	35862	37095	36405	37152	37179	35466	35493	35520	36567	36114	35601	36168	35655	36235	37472	36309	36826	36863	37620	36937	36974	37731	36024	36057	37110	36663	36156	36729	36762	36255	36281	38044	36327	37370	38113	37416	37439	37462	38205	37508	37051	37074	36557	37121	36604	37167	36650	38413	37716	37259	37762	38505	38528	38551	37854	38597	37425	36912	37479	36966	36993	37560	37047	38814	38121	37668	38175	38917	38936	38955	38254	37253	38292	37291	37850	37329	37888	37367	37926	39145	39164	38463	38047	38576	39345	38674	39443	37752	38837	38416	38475	37994	38593	38107	38156	39945	39994	39323	38892	39405	39432	40179	39486	39033	38520	39567	39114	38601	39168	38655	38681	39244	40467	40490	39313	40536	40559	39862	40605	38888	39451	39954	39497	38977	38996	39555	39034	40793	39072	40111	40130	40869	40888	40187	40926	39205	39224	40263	39840	39882	39924	39426	40008	41250	40572	40127	40636	41385	40694	41443	40752	40781	40810	40359	39848	40927	39956	40005	40594	40103	41892	40731	41964	41997	41310	42063	42096	41409	40962	40455	40495	41072	40569	40606	41183	41220	42457	41774	41340	42582	41904	42666	42708	42030	42072	41100	41142	41184	41226	41808	41310	41892	43147	43196	42525	42094	43343	42672	42711	43464	41757	42810	42843	42396	41889	42462	41955	42521	43744	43767	42590	42073	43836	43139	43162	43905	43208	42751	43974	42257	42307	42896	42405	43474	42503	44292	43197	43776	44595	44640	44682	43524	43026	44088	44850	43152	43797	43356	43455	44021	44044	44547	43550	44593	45336	45359	44662	45405	43688	44731	44274	43757	44335	44372	43869	44446	45683	43980	45037	45074	45127	45896	45945	45274	45323	44892	44457	45576	44655	45257	44776	45375	44894	46693	45557	46816	46155	46934	46273	46377	45456	46095	45591	45624	46197	46230	45723	47496	47529	46842	46395	46915	47672	46989	47746	47783	47100	46117	46154	46195	46772	46269	46846	46883	48120	48157	47474	47537	48316	47655	48434	47773	47347	47876	46905	46954	47543	47052	47635	47132	48189	48946	48983	47820	49057	48374	48399	49140	47421	48462	48003	48024	47505	47526	48087	47568	49329	49350	48171	48672	49497	48876	48975	49735	48032	48069	49126	48683	48180	48757	48254	48835	50072	48909	49426	49463	50220	50257	50294	49627	48656	48705	49774	49343	48852	49422	48906	49470	50694	49518	50022	50046	50790	50094	50838	50142	49146	50205	49752	49239	49266	49293	49860	49347	51114	50421	49968	50475	51235	50552	51309	50626	51383	50220	49717	50294	49791	50364	49857	51630	50943	50496	51729	51042	51075	51835	51872	50169	51226	50243	50280	50857	50894	50925	50412	52179	52206	51513	52260	51567	51594	52341	51648	51195	50707	51776	51345	50854	50903	51492	50982	52746	51030	52794	52818	52122	52146	52170	52914	52218	51762	52266	51295	51872	51369	51946	51443	53220	52057	53294	53325	52632	53379	52686	52233	52260	51747	52794	51801	51828	52395	52422	52446	53670	52494	52998	53742	53766	53070	53814	53118	52122	52146	53215	52232	52809	52306	52343	52920	54157	52994	53511	54264	53577	54330	53643	53676	52689	53742	53295	52817	53416	52935	53534	53053	54815	54112	53649	54866	54163	54900	54197	54934	54951	53768	53245	53802	53279	53836	53313	53870	55087	54437	54016	54555	54614	55393	55435	53732	54309	53806	53843	54420	54457	53954	55757	55816	55875	55214	55273	55311	56064	56097	55410	54963	54456	55509	55062	54555	55125	55152	54639	55686	56433	56460	55287	55794	56541	55848	56595	55952	55006	56100	55694	55185	55752	55239	55806	57033	57060	55887	57114	56421	56448	57195	55607	57496	55795	56852	57609	57646	56963	57000	57757	57794	56672	56206	58020	57374	57405	58152	57459	58206	58233	57060	58287	57594	57621	58368	57675	58697	57057	58176	58995	59031	59064	58377	58410	59163	59196	58029	57522	59295	58627	59396	58725	59494	58823	57852	59657	58996	59775	59114	59173
TRANSPORT_MODE
0	2	1	2	0	0	0	0	1	1	2	0	0	0	0	0	1	1	2	0	0	0	0	0	2	1	2	0	0	0	0	0	1	1	1	0	0	0	0	0	2	2	1	2	0	0	0	0	1	1	1	0	0	0	0	0	0	3	1	1	0	0	0	0	2	1	1	0	0	0	0	0	3	1	1	0	0	0	0	0	2	1	1	0	0	0	0	0	3	1	1	0	0	0	0	0	2	2	1	1	0	0	0	0	3	1	1	0	0	0	0	0	2	2	1	1	0	0	0	0	0	3	1	1	0	0	0	0	0	2	1	1	0	0	0	0	0	3	1	1	0	0	0	0	0	2	1	1	0	0	0	0	0	3	3	1	1	0	0	0	0	2	1	1	0	0	0	0	0	3	3	1	1	0	0	0	0	0	2	1	1	0	0	0	0	3	1	1	0	0	0	0	0	2	1	1	0	0	0	0	0	3	1	1	0	0	0	0	0	1	2	2	1	0	0	0	0	0	3	1	1	0	0	0	0	0	1	2	2	1	0	0	0	0	3	1	1	0	0	0	0	0	2	1	1	0	0	0	0	0	3	1	1	0	0	0	0	0	2	1	1	0	0	0	0	0	3	3	1	1	0	0	0	0	2	1	1	0	0	0	0	0	3	3	1	1	0	0	0	0	0	2	1	1	0	0	0	0	0	3	1	1	0	0	0	0	2	1	1	0	0	0	0	0	3	1	1	0	0	0	0	0	2	2	1	1	0	0	0	0	3	1	1	0	0	0	0	0	0	2	2	1	1	0	0	0	0	3	1	1	0	0	0	0	0	2	1	1	0	0	0	0	0	3	1	1	0	0	0	0	0	2	1	1	0	0	0	0	0	3	3	1	2	0	0	0	0	1	1	1	0	0	0	0	0	3	3	1	1	0	0	0	0	2	1	3	0	0	0	0	0	1	1	2	0	0	0	0	0	1	1	3	0	0	0	0	0	1	1	2	0	0	0	0	0	2	1	1	0	0	0	0	0	3	1	1	0	0	0	0	0	2	2	1	1	0	0	0	0	0	3	1	1	0	0	0	0	2	1	1	0	0	0	0	0	3	1	1	0	0	0	0	0	2	1	1	0	0	0	0	0	3	3	1	0	0	0	0	0	2	1	1	0	0	0	0	0	1	3	3	1	0	0	0	0	2	1	1	0	0	0	0	0	3	1	1	0	0	0	0	0	2	1	1	0	0	0	0	0	3	1	1	0	0	0	0	0	2	2	1	0	0	0	0	0	3	1	1	0	0	0	0	0	1	2	2	1	0	0	0	0	3	1	1	0	0	0	0	0	2	1	1	0	0	0	0	3	1	1	0	0	0	0	0	2	1	1	0	0	0	0	0	3	3	1	0	0	0	0	0	1	2	1	0	0	0	0	0	0	1	3	3	1	0	0	0	0	1	2	1	0	0	0	0	3	1	1	0	0	0	0	0	2	1	1	0	0	0	0	0	3	1	1	0	0	0	0	0	2	2	1	0	0	0	0	0	3	1	1	0	0	0	0	0	1	2	2	1	0	0	0	0	3	1	1	0	0	0	0	0	2	1	1	0	0	0	0	0	3	1	1	0	0	0	0	2	1	1	0	0	0	0	0	3	3	1	0	0	0	0	0	2	1	1	0	0	0	0	0	1	3	3	1	0	0	0	0	0	2	1	1	0	0	0	0	3	1	1	0	0	0	0	0	3	1	1	0	0	0	0	0	3	1	1	0	0	0	0	0	3	3	1	0	0	0	0	0	3	1	1	0	0	0	0	0	3	3	1	1	0	0	0	0	3	1	1	0	0	0	0	0
PATIENT_WEIGHT
56	115	73	72	108	101	71	58	144	34	116	63	30	94	98	92	67	105	54	63	46	37	100	116	121	123	30	64	89	82	80	40	32	95	74	44	38	66	71	87	81	89	128	92	75	150	70	121	111	80	120	112	81	49	85	113	100	113	141	134	68	44	143	98	40	102	94	50	85	147	129	60	34	42	139	112	81	141	132	86	79	132	99	127	86	69	126	53	69	94	119	62	44	58	72	54	105	55	40	134	138	131	55	135	32	92	87	56	89	70	150	70	37	150	148	61	64	38	73	120	102	49	49	45	87	56	79	38	48	145	128	124	45	149	126	55	35	41	120	140	132	138	97	86	43	141	32	110	57	63	97	140	41	78	31	94	103	88	132	73	95	120	107	103	96	99	64	118	80	106	104	129	68	47	50	55	135	75	143	62	31	68	92	59	137	72	33	36	111	34	122	116	59	93	138	35	147	114	85	139	139	138	132	34	103	76	75	111	37	137	85	145	105	149	36	32	149	71	96	87	63	80	67	134	94	128	136	78	142	83	114	33	109	123	59	118	133	144	80	43	88	43	51	103	60	66	81	105	149	126	99	46	67	120	97	81	38	73	53	57	129	92	39	46	86	52	81	32	137	49	116	93	148	128	78	68	84	55	83	108	149	149	146	111	132	115	79	142	87	83	55	62	114	145	103	100	150	70	58	83	118	70	78	66	61	144	33	39	105	32	62	54	49	55	32	84	101	36	52	112	134	103	84	54	55	43	118	130	60	45	114	150	64	118	30	60	56	64	106	136	52	123	140	50	118	150	37	94	40	80	72	123	142	105	103	61	142	42	78	128	82	106	67	32	116	110	37	87	146	69	78	114	104	37	76	128	139	137	33	76	30	48	39	124	64	111	130	43	127	74	146	71	90	83	107	80	106	96	76	54	67	89	145	95	94	55	107	86	50	53	142	72	82	38	106	113	132	35	145	60	33	81	43	125	122	87	72	65	129	75	95	81	137	67	98	62	91	103	55	145	71	88	73	62	81	150	139	66	144	31	135	84	42	132	142	31	32	128	47	56	121	59	72	109	128	52	144	107	56	72	108	57	126	42	111	67	53	103	116	92	121	80	80	118	62	65	91	77	89	87	86	31	81	43	94	81	84	147	144	149	111	32	91	102	129	121	95	131	130	97	109	77	89	98	78	149	40	70	90	51	110	85	119	103	67	107	124	66	115	114	66	112	95	83	134	68	131	85	47	42	40	37	102	118	45	137	100	104	61	59	86	85	129	132	63	31	63	83	105	71	61	65	142	133	113	117	41	101	103	34	112	47	49	99	98	61	38	44	34	67	145	70	69	112	91	84	121	51	94	136	141	72	128	32	101	138	139	95	73	141	114	119	65	46	119	47	91	65	33	85	98	127	123	116	97	107	113	43	37	51	145	33	109	93	117	118	54	111	37	149	138	64	80	144	123	137	68	51	102	138	80	148	126	98	64	54	77	93	68	56	141	37	125	95	79	105	146	71	68	40	138	93	63	96	77	62	133	77	136	127	69	77	88	40	135	46	101	86	60	90	41	31	123	100	46	103	38	75	105	124	90	144	48	68	31	78	60	124	49	125	149	129	55	141	105	40	110	128	109	141	60	92	97	76	52	51	115	37	55	110	140	118	84	126	111	119	30	133	113	42	50	86	96	131	139	74	35	146	57	104	117	44	82	32	85	97	54	150	81	41	89	143	99	45	68	75	65	133	65	76	149	118	34	144	90	99	127	80	142	84	55	130	96	47	81	70	124	93	107	64	124	43	98	84	133	62	56	58	132	86	127	125	39	45	59	51	42	129	118	97	109
DISTANCE_MATRIX
0	360	318	300	288	276	264	264	150	150	150	60	90	90	162	168	204	228	234	312	360	408	348	318	168	192	168	318
360	60	264	318	324	342	342	342	348	348	354	360	372	378	378	420	420	480	462	498	462	462	384	420	372	420	378	378
318	264	60	270	276	288	288	288	294	294	294	318	318	324	324	414	414	468	462	486	462	462	330	366	366	408	372	324
300	318	270	60	276	288	288	288	288	288	288	300	300	312	318	408	408	468	462	486	438	438	318	360	360	402	360	312
288	324	276	276	60	276	276	276	276	276	276	288	288	300	300	402	396	462	456	480	432	432	300	360	360	402	348	300
276	342	288	288	276	60	180	180	252	258	264	264	264	288	288	390	390	456	450	480	432	432	288	348	348	348	288	288
264	342	288	288	276	180	60	180	246	258	264	264	264	288	288	390	390	456	450	480	432	432	288	348	348	348	288	288
264	342	288	288	276	180	180	60	240	258	264	264	264	288	288	390	390	456	450	480	432	432	288	348	348	348	288	288
150	348	294	288	276	252	246	240	60	120	120	150	126	270	270	378	384	420	438	480	420	408	276	300	300	300	276	270
150	348	294	288	276	258	258	258	120	60	120	150	150	270	270	378	384	420	438	480	420	408	276	300	300	300	276	270
150	354	294	288	276	264	264	264	120	120	60	150	150	270	270	378	384	420	438	480	420	408	276	300	300	300	276	270
60	360	318	300	288	264	264	264	150	150	150	60	90	162	168	228	234	312	360	408	348	318	168	192	192	198	168	162
90	372	318	300	288	264	264	264	150	150	150	90	60	162	168	228	234	312	360	408	348	318	168	192	192	198	168	162
90	378	324	312	300	288	288	288	270	270	270	162	162	60	120	180	180	306	210	360	300	300	120	180	120	180	120	234
162	378	324	318	300	288	288	288	270	270	270	168	168	120	60	180	180	306	210	360	300	300	120	180	120	180	120	120
168	420	414	408	402	348	348	348	300	300	300	228	228	180	180	60	132	204	132	348	258	258	186	60	180	132	222	180
204	420	414	408	396	390	390	390	384	384	384	234	234	180	180	132	60	204	132	348	258	258	186	60	180	132	222	180
228	480	468	468	462	456	456	456	420	420	420	312	312	306	306	204	204	60	198	120	240	240	306	204	306	138	306	306
234	462	462	462	456	450	450	450	438	438	438	360	360	210	210	132	132	198	60	138	132	132	210	132	210	132	210	210
312	498	486	486	480	480	480	480	480	480	480	408	408	360	360	348	348	120	138	60	348	348	360	348	360	348	360	360
360	462	462	438	432	432	432	432	420	420	420	348	348	300	300	258	258	240	132	348	60	60	300	258	300	258	300	300
408	462	462	438	432	432	432	432	408	408	408	318	318	300	300	258	258	240	132	348	60	60	300	258	300	258	300	300
348	384	330	318	300	288	288	288	276	276	276	168	168	120	120	186	186	306	210	360	300	300	60	186	120	186	120	120
318	420	366	360	360	348	348	348	300	300	300	192	192	180	180	60	60	204	132	348	258	258	186	60	180	60	180	180
168	372	300	306	300	288	288	288	270	270	270	168	168	120	120	180	180	306	210	360	300	300	120	180	60	180	120	120
192	420	408	402	402	348	348	348	300	300	300	198	198	180	180	132	132	138	132	348	258	258	186	60	180	60	180	180
168	378	372	360	348	288	288	288	276	276	276	168	168	120	120	222	222	306	210	360	300	300	120	180	120	180	60	120
318	378	324	312	300	288	288	288	270	270	270	162	162	234	120	180	180	306	210	360	300	300	120	180	120	180	120	60
DEPOTS_DISTANCE
234	462	462	462	456	450	450	450	438	438	438	360	360	210	210	132	132	198	60	138	132	132	210	132	210	132	210	210	
348	384	330	318	300	288	288	288	276	276	276	168	168	120	120	186	186	306	210	360	300	300	60	186	120	186	120	120	
318	420	366	360	360	348	348	348	300	300	300	192	192	180	180	60	60	204	132	348	258	258	186	60	180	60	180	180	
LOCATION_TURN_MATRIX
100	130	122	113	112	199	136	122	129	152	173	146	151	136	158	140	176	113	122	167	194	134	110	172	114	184	100	147	
170	100	154	188	164	169	136	136	152	170	104	183	155	115	101	104	155	187	174	115	149	134	178	168	114	135	168	102	
178	146	100	161	178	114	104	165	117	139	126	169	192	109	120	179	160	152	154	134	113	140	154	179	196	196	192	181	
187	112	139	100	158	114	195	181	104	132	195	106	183	169	132	170	140	136	172	148	116	110	123	136	151	120	176	169	
188	136	122	142	100	175	164	159	112	100	167	164	135	191	132	181	104	123	142	156	108	117	193	182	116	147	156	185	
101	131	186	186	125	100	190	147	164	150	137	102	145	176	185	131	113	108	117	186	118	151	140	178	154	189	172	110	
164	164	196	105	136	110	100	186	153	151	183	193	111	157	144	123	188	142	110	163	105	190	166	187	170	171	186	126	
178	164	135	119	141	153	114	100	106	130	108	103	151	178	122	151	130	133	184	177	110	141	166	110	122	174	191	197	
171	148	183	196	188	136	147	194	100	167	100	146	168	129	128	142	172	118	174	147	105	158	156	160	120	106	119	136	
148	130	161	168	200	150	149	170	133	100	177	106	175	116	188	180	176	194	108	146	130	187	183	173	128	141	169	176	
127	196	174	105	133	163	117	192	200	123	100	171	175	140	183	115	104	186	128	153	151	175	100	146	191	117	132	197	
154	117	131	194	136	198	107	197	154	194	129	100	136	184	140	147	172	184	148	131	103	156	185	200	152	158	154	143	
149	145	108	117	165	155	189	149	132	125	125	164	100	140	199	142	101	144	163	185	117	191	200	143	113	165	102	154	
164	185	191	131	109	124	143	122	171	184	160	116	160	100	109	116	196	113	131	186	166	139	183	175	144	161	105	170	
142	199	180	168	168	115	156	178	172	112	117	160	101	191	100	147	177	177	199	158	172	188	164	175	180	168	154	195	
160	196	121	130	119	169	177	149	158	120	185	153	158	184	153	100	152	159	197	157	181	159	102	123	168	200	124	186	
124	145	140	160	196	187	112	170	128	124	196	128	199	104	123	148	100	149	114	112	117	135	105	132	138	180	198	156	
187	113	148	164	177	192	158	167	182	106	114	116	156	187	123	141	151	100	166	132	168	163	159	123	129	173	161	116	
178	126	146	128	158	183	190	116	126	192	172	152	137	169	101	103	186	134	100	184	199	137	130	160	148	113	140	150	
133	185	166	152	144	114	137	123	153	154	147	169	115	114	142	143	188	168	116	100	111	195	128	157	191	164	141	171	
106	151	187	184	192	182	195	190	195	170	149	197	183	134	128	119	183	132	101	189	100	129	151	163	147	166	104	177	
166	166	160	190	183	149	110	159	142	113	125	144	109	161	112	141	165	137	163	105	171	100	101	185	169	129	103	197	
190	122	146	177	107	160	134	134	144	117	200	115	100	117	136	198	195	141	170	172	149	199	100	106	150	116	118	145	
128	132	121	164	118	122	113	190	140	127	154	100	157	125	125	177	168	177	140	143	137	115	194	100	128	167	115	155	
186	186	104	149	184	146	130	178	180	172	109	148	187	156	120	132	162	171	152	109	153	131	150	172	100	155	124	184	
116	165	104	180	153	111	129	126	194	159	183	142	135	139	132	100	120	127	187	136	134	171	184	133	145	100	129	192	
200	132	108	124	144	128	114	109	181	131	168	146	198	195	146	176	102	139	160	159	196	197	182	185	176	171	100	146	
153	198	119	131	115	190	174	103	164	124	103	157	146	130	105	114	144	184	150	129	123	103	155	145	116	108	154	100	
DEPOTS_TO_LOCAL_TURN_MATRIX
178	126	146	128	158	183	190	116	126	192	172	152	137	169	101	103	186	134	100	184	199	137	130	160	148	113	140	150	
190	122	146	177	107	160	134	134	144	117	200	115	100	117	136	198	195	141	170	172	149	199	100	106	150	116	118	145	
128	132	121	164	118	122	113	190	140	127	154	100	157	125	125	177	168	177	140	143	137	115	194	100	128	167	115	155	
LOCAL_TO_DEPOT_TURN_MATRIX
122	174	154	172	142	117	110	184	174	108	128	148	163	131	199	197	114	166	100	116	101	163	170	140	152	187	160	150	
110	178	154	123	193	140	166	166	156	183	100	185	200	183	164	102	105	159	130	128	151	101	100	194	150	184	182	155	
172	168	179	136	182	178	187	110	160	173	146	200	143	175	175	123	132	123	160	157	163	185	106	100	172	133	185	145	

