INDEX_PROBLEM
1
PATIENTS
800
STRETCHERS
16
NUM_ROOM
28
NUM_DEPOT
3
NUM_PRIORITY
4
PRIORITY_LIST
0	1	2	3	4
PRIORITY_WEIGHT
0	1	10	18	30
PRIORITY_JOB
0	2	4	2	3	4	3	4	3	3	2	3	4	3	3	4	4	1	3	3	4	3	3	4	4	2	3	3	4	4	3	3	4	2	4	3	4	4	3	4	3	4	4	3	3	3	4	4	2	4	2	3	3	3	4	3	4	1	2	3	1	2	1	2	1	4	1	3	4	3	4	3	1	4	2	1	2	1	2	1	3	3	4	4	3	4	3	3	1	1	2	2	1	2	2	1	3	4	4	4	3	4	4	3	1	1	2	4	2	1	2	2	3	2	3	2	3	4	4	3	4	3	1	4	1	2	1	1	1	3	2	3	4	3	4	4	1	3	4	2	1	2	1	3	4	2	3	3	3	4	4	2	3	1	4	1	2	2	1	2	2	4	4	2	3	3	4	3	1	3	1	2	2	2	1	2	3	4	1	3	4	4	3	4	1	1	2	3	1	2	1	2	1	4	1	3	3	4	3	4	1	4	2	1	2	1	2	1	3	3	4	2	3	3	4	4	4	1	1	2	2	2	1	2	3	3	4	2	3	4	3	4	4	3	1	1	1	1	2	1	1	3	4	2	3	4	3	4	3	2	3	1	4	1	2	1	1	1	3	4	4	3	4	4	3	2	1	3	2	1	2	2	1	4	2	4	2	4	3	3	4	2	3	1	2	1	2	2	1	2	3	4	2	3	3	4	4	3	1	2	3	1	1	2	1	2	4	1	3	4	3	4	3	1	4	2	1	1	2	1	2	4	3	4	2	3	4	3	4	4	4	1	1	2	1	2	2	1	3	4	2	3	3	4	3	4	3	1	1	2	2	1	2	1	3	4	2	4	3	4	3	4	1	3	1	1	2	1	2	1	3	4	2	3	4	3	4	3	3	1	4	1	2	1	2	1	2	4	4	2	4	4	3	3	3	1	3	2	2	2	1	2	3	2	3	4	4	4	3	4	1	1	2	3	2	1	1	2	1	4	1	3	3	4	3	4	1	2	3	2	1	1	2	1	4	2	4	4	3	4	3	4	1	1	4	2	2	2	1	2	3	3	2	4	3	4	3	4	4	1	1	2	3	1	2	1	2	4	2	3	3	4	3	4	3	1	4	1	1	1	2	1	3	2	3	4	3	4	3	4	2	1	4	2	1	1	2	1	4	4	2	4	3	3	4	3	2	1	3	2	1	2	2	1	2	4	2	3	4	4	3	4	3	1	2	3	1	2	1	2	2	1	3	1	4	3	4	3	4	2	3	1	2	1	1	2	4	2	4	4	4	3	4	3	1	1	2	1	2	1	2	2	3	3	4	2	4	3	4	4	3	4	1	1	2	1	2	1	3	4	2	3	4	4	3	2	4	1	3	1	1	2	2	1	3	4	2	3	4	3	4	3	1	3	4	2	1	1	2	1	2	4	2	3	4	3	4	4	3	1	2	2	1	2	1	2	4	4	2	3	3	4	3	4	1	2	3	2	1	1	2	2	4	1	3	3	4	3	4	1	1	4	2	2	1	1	2	1	3	4	2	3	4	4	3	1	1	4	2	1	2	2	1	3	2	3	2	3	4	4	3	4	4	1	1	2	2	1	2	1	3	4	2	3	4	3	4	3	1	3	1	2	2	1	2	3	4	2	4	3	4	3	3	1	3	4	1	1	2	1	2	2	4	2	4	3	4	4	3	1	3	1	2	2	1	2	2	4	4	2	3	3	4	3	4	1	2	3	1	1	2	2	1	1	4	1	2	1	1	2	1	3	2	1	2	1	2	1	2	1	3	4	2	1	1	2	1	1	3	2	1	2	1	1	2	1	4	2	1	2	1	2	1	1	1	3	4	2	2	1	2
TIME_ASKED
0	28849	28898	28947	28996	29045	29094	29149	29198	29247	29296	29345	29394	29429	29458	29487	29516	29545	29574	29603	29632	29661	29690	29742	29784	29826	29868	29910	29952	29994	30029	30058	30087	30116	30145	30174	30203	30232	30261	30290	30329	30358	30387	30416	30445	30474	30503	30532	30561	30590	30621	30642	30663	30684	30705	30726	30747	30768	30789	30810	30831	30852	30873	30894	30949	30998	31047	31096	31145	31194	31227	31254	31281	31308	31335	31362	31389	31416	31443	31470	31497	31524	31548	31572	31596	31620	31644	31668	31692	31716	31740	31764	31788	31837	31874	31911	31948	31985	32022	32059	32096	32159	32218	32277	32336	32395	32419	32438	32457	32476	32495	32514	32533	32552	32571	32590	32609	32628	32647	32666	32685	32759	32818	32877	32936	32995	33027	33054	33081	33108	33135	33162	33189	33216	33243	33270	33297	33333	33366	33399	33432	33465	33498	33531	33564	33597	33616	33632	33648	33664	33680	33696	33712	33728	33744	33760	33776	33792	33808	33824	33840	33856	33872	33888	33933	33966	33999	34032	34065	34098	34131	34164	34197	34242	34284	34326	34368	34410	34452	34494	34533	34566	34599	34632	34665	34698	34731	34764	34797	34827	34854	34881	34908	34935	34962	34989	35016	35043	35070	35097	35137	35174	35211	35248	35285	35322	35359	35396	35433	35466	35499	35532	35565	35598	35631	35664	35697	35723	35746	35769	35792	35815	35838	35861	35884	35907	35930	35953	35976	35999	36023	36046	36069	36092	36115	36138	36161	36184	36207	36230	36253	36276	36299	36327	36354	36381	36408	36435	36462	36489	36516	36543	36570	36597	36619	36638	36657	36676	36695	36714	36733	36752	36771	36790	36809	36828	36847	36866	36885	36949	36998	37047	37096	37145	37194	37259	37318	37377	37436	37495	37549	37598	37647	37696	37745	37794	37827	37854	37881	37908	37935	37962	37989	38016	38043	38070	38097	38123	38146	38169	38192	38215	38238	38261	38284	38307	38330	38353	38376	38399	38419	38438	38457	38476	38495	38514	38533	38552	38571	38590	38609	38628	38647	38666	38685	38742	38784	38826	38868	38910	38952	38994	39029	39058	39087	39116	39145	39174	39203	39232	39261	39290	39349	39398	39447	39496	39545	39594	39633	39666	39699	39732	39765	39798	39831	39864	39897	39937	39974	40011	40048	40085	40122	40159	40196	40242	40284	40326	40368	40410	40452	40494	40542	40584	40626	40668	40710	40752	40794	40849	40898	40947	40996	41045	41094	41133	41166	41199	41232	41265	41298	41331	41364	41397	41423	41446	41469	41492	41515	41538	41561	41584	41607	41630	41653	41676	41699	41749	41798	41847	41896	41945	41994	42099	42198	42297	42342	42384	42426	42468	42510	42552	42594	42699	42798	42897	42923	42946	42969	42992	43015	43038	43061	43084	43107	43130	43153	43176	43199	43237	43274	43311	43348	43385	43422	43459	43496	43549	43598	43647	43696	43745	43794	43899	43998	44097	44159	44218	44277	44336	44395	44459	44518	44577	44636	44695	44799	44898	44997	45033	45066	45099	45132	45165	45198	45231	45264	45297	45337	45374	45411	45448	45485	45522	45559	45596	45637	45674	45711	45748	45785	45822	45859	45896	45959	46018	46077	46136	46195	46249	46298	46347	46396	46445	46494	46537	46574	46611	46648	46685	46722	46759	46796	46821	46842	46863	46884	46905	46926	46947	46968	46989	47010	47031	47052	47073	47094	47199	47298	47397	47437	47474	47511	47548	47585	47622	47659	47696	47737	47774	47811	47848	47885	47922	47959	47996	48049	48098	48147	48196	48245	48294	48324	48348	48372	48396	48420	48444	48468	48492	48516	48540	48564	48588	48627	48654	48681	48708	48735	48762	48789	48816	48843	48870	48897	48937	48974	49011	49048	49085	49122	49159	49196	49233	49266	49299	49332	49365	49398	49431	49464	49497	49537	49574	49611	49648	49685	49722	49759	49796	49827	49854	49881	49908	49935	49962	49989	50016	50043	50070	50097	50149	50198	50247	50296	50345	50394	50424	50448	50472	50496	50520	50544	50568	50592	50616	50640	50664	50688	50737	50774	50811	50848	50885	50922	50959	50996	51027	51054	51081	51108	51135	51162	51189	51216	51243	51270	51297	51324	51348	51372	51396	51420	51444	51468	51492	51516	51540	51564	51588	51637	51674	51711	51748	51785	51822	51859	51896	51933	51966	51999	52032	52065	52098	52131	52164	52197	52259	52318	52377	52436	52495	52517	52534	52551	52568	52585	52602	52619	52636	52653	52670	52687	52704	52721	52738	52755	52772	52789	52859	52918	52977	53036	53095	53137	53174	53211	53248	53285	53322	53359	53396	53459	53518	53577	53636	53695	53733	53766	53799	53832	53865	53898	53931	53964	53997	54027	54054	54081	54108	54135	54162	54189	54216	54243	54270	54297	54374	54448	54522	54596	54627	54654	54681	54708	54735	54762	54789	54816	54843	54870	54897	55049	55198	55237	55274	55311	55348	55385	55422	55459	55496	55574	55648	55722	55796	55827	55854	55881	55908	55935	55962	55989	56016	56043	56070	56097	56399	56499	56598	56697	56733	56766	56799	56832	56865	56898	56931	56964	56997	57049	57098	57147	57196	57245	57294	57359	57418	57477	57536	57595
ORIGIN
26	16	6	25	19	7	27	23	14	25	23	20	20	14	14	14	2	14	23	23	14	4	26	16	14	14	16	9	14	27	7	14	23	9	14	14	11	2	23	14	14	14	14	20	2	14	14	27	8	6	27	18	7	27	20	8	14	14	17	2	22	23	2	26	3	14	23	27	14	24	15	1	7	14	25	5	26	14	3	14	14	1	23	27	23	23	14	7	16	2	27	5	5	15	14	1	27	1	18	7	14	20	8	1	14	17	17	27	20	2	14	14	14	14	14	4	24	15	4	26	25	2	2	23	10	2	14	14	26	14	10	2	2	12	2	14	16	16	14	23	27	27	16	13	16	2	7	27	1	8	1	13	14	2	23	20	3	14	14	14	14	27	4	24	15	4	8	16	8	23	2	14	2	14	14	3	14	27	2	23	12	2	23	14	14	14	14	14	14	27	11	14	1	14	14	20	8	14	23	9	7	14	20	20	2	24	14	14	14	14	14	14	4	14	16	5	5	23	14	14	14	14	14	14	14	2	2	12	2	23	14	3	14	14	23	14	27	11	1	14	25	7	14	8	27	23	9	23	14	16	16	2	14	14	4	27	14	14	14	4	26	16	5	26	16	4	4	4	14	2	14	14	16	26	14	2	23	13	3	23	27	10	24	24	14	14	1	25	14	25	1	27	23	8	1	23	10	3	23	3	2	2	27	14	1	3	14	23	16	5	26	16	25	8	8	26	3	14	14	3	14	25	2	23	13	2	23	14	3	14	4	4	14	7	7	14	3	23	27	20	8	1	23	10	27	23	12	2	26	14	14	27	14	14	27	15	5	26	16	7	14	27	7	8	7	14	3	16	14	14	23	13	2	23	14	3	20	14	1	1	7	14	1	26	14	16	26	8	1	23	10	1	14	14	2	14	14	14	14	27	14	2	11	27	14	16	3	7	23	3	27	23	14	3	3	14	20	10	23	2	23	14	3	24	14	2	27	7	7	1	26	14	7	25	14	1	23	10	1	23	14	14	14	14	14	27	14	14	25	3	3	26	16	6	27	19	7	27	22	12	23	23	14	14	13	27	26	23	14	3	23	14	7	27	14	14	14	25	14	1	26	27	27	24	9	26	20	11	26	26	14	4	27	14	14	14	27	2	26	16	5	27	18	7	20	4	26	3	14	17	2	22	23	2	2	14	3	27	14	4	24	15	1	3	25	14	4	26	20	23	2	9	1	14	11	2	23	12	14	14	14	14	7	15	14	14	16	5	3	10	7	27	20	3	3	10	14	2	27	20	11	14	1	3	23	14	4	1	15	4	25	25	25	14	26	14	2	14	8	1	27	3	2	23	25	23	27	14	14	24	15	14	7	11	5	26	26	7	27	20	7	24	14	14	3	14	20	2	14	26	2	23	14	3	24	14	4	7	14	3	3	14	23	14	14	23	2	23	14	2	23	12	14	14	14	14	27	14	14	27	14	14	26	27	2	23	19	8	27	23	14	3	20	20	2	14	23	1	23	14	26	24	14	4	14	14	1	1	14	2	26	14	23	23	3	10	1	23	12	2	23	23	22	27	8	14	27	11	15	1	16	23	27	19	7	27	1	3	3	20	27	27	22	14	2	5	14	3	7	14	4	16	2	1	26	16	1	26	14	4	7	2	9	1	23	4	14	23	14	27	14	14	14	27	11	14	1	14	6	3	18	7	27	21	8	14	27	10	22	23	2	14	26	14	3	14	7	4	25	16	25	14	25	20	26	14	16	14	7	9	1	14	14	2	23	13	14	14	14	27	14	8	1	4	8	5	27	18	7	27	20	8	23	17	26	1	23	23	2	7	14
DESTINATION
3	14	17	14	22	23	2	26	3	14	27	7	7	4	25	16	14	25	5	5	26	14	3	14	9	1	16	14	2	23	13	2	27	14	5	5	15	14	1	8	5	5	26	7	27	20	8	23	14	17	2	27	20	2	14	14	16	16	6	14	19	7	27	23	14	2	3	23	10	2	14	14	20	26	14	23	14	4	26	16	16	14	27	23	27	27	16	13	16	14	23	14	14	11	2	23	2	23	27	20	3	14	14	14	8	6	6	18	7	27	20	8	8	2	26	14	2	14	14	3	14	14	14	27	14	24	15	1	14	1	14	14	27	11	14	1	14	14	1	27	23	23	14	7	16	14	20	2	24	14	14	7	5	27	1	7	14	20	8	1	26	23	14	2	14	14	14	14	14	27	14	4	24	15	4	26	16	23	14	27	11	14	1	25	25	26	10	2	2	2	12	2	14	16	2	14	14	4	27	14	13	2	7	7	27	1	8	1	10	2	4	26	14	2	14	14	14	27	4	15	15	4	8	16	16	14	24	11	14	1	25	14	25	26	27	2	23	12	23	2	14	23	3	14	2	27	14	1	3	14	14	14	20	8	14	23	9	8	26	14	3	14	14	3	14	14	14	14	4	14	16	5	14	14	4	14	1	7	14	3	23	14	2	2	2	2	23	14	3	14	23	2	26	14	14	27	14	14	7	14	27	27	23	9	23	14	8	7	14	14	3	16	14	14	14	14	26	16	5	26	16	14	27	1	7	14	1	26	14	16	14	14	2	13	13	3	23	27	23	14	14	14	27	14	2	27	11	27	23	8	1	23	10	3	23	14	14	3	14	20	10	23	23	14	23	5	26	16	25	25	27	7	14	1	26	14	7	25	23	23	13	2	23	14	3	14	14	14	14	27	14	14	25	3	27	20	8	1	1	23	10	27	12	23	26	14	14	13	27	26	23	27	5	26	26	16	7	14	27	14	1	25	14	1	26	27	23	13	13	23	14	3	20	14	4	14	27	14	14	27	2	26	26	8	1	23	10	1	14	14	14	3	14	17	2	22	23	2	2	11	27	27	3	16	7	23	3	1	25	14	4	26	20	23	2	2	2	14	3	24	14	2	2	1	14	14	7	15	14	14	3	14	23	10	10	1	23	14	3	14	14	2	27	20	11	14	14	26	16	6	27	19	7	27	22	25	14	2	26	14	2	14	23	14	14	3	23	14	7	27	14	14	14	25	15	14	7	11	25	9	9	26	20	11	26	26	14	14	26	14	20	2	14	26	26	14	5	27	18	7	20	4	23	14	3	26	14	23	14	14	14	14	14	3	14	4	24	15	14	14	23	14	14	27	14	1	23	9	1	1	11	2	23	12	14	3	14	20	2	14	23	1	16	5	26	10	7	27	20	3	14	1	26	14	2	26	14	23	3	23	23	4	1	15	4	27	22	27	8	14	27	11	15	1	8	1	23	3	2	23	25	25	3	23	27	27	22	14	2	1	5	26	7	7	27	20	7	24	1	26	3	1	26	14	4	2	23	23	3	24	14	4	7	7	14	14	14	27	11	14	1	7	2	23	14	2	23	12	14	14	14	27	2	22	23	2	14	26	26	14	23	23	19	8	27	14	25	14	20	26	14	16	14	23	14	16	24	14	4	14	23	14	14	14	27	14	8	1	4	2	10	10	1	23	12	2	23	2	17	26	27	23	2	7	14	16	23	14	19	7	27	1	3	25	14	5	20	14	14	14	14	5	14	7	14	4	16	2	23	14	14	9	9	14	27	7	2	9	9	23	4	14	23	14	14	14	2	27	20	2	14	14	27	6	3	14	7	7	27	21	8
DUE_DATE
0	30427	29456	30525	30094	29603	30192	29707	30296	30345	30874	30443	29952	30527	30556	30045	30074	31843	30672	30701	30190	30759	30788	30300	30342	31404	30966	31008	30510	30552	31127	31156	30645	31694	30703	31272	30761	30790	31359	30848	31427	30916	30945	31514	31543	31572	31061	31090	32139	31148	32199	31740	31761	31782	31263	31824	31305	33066	32367	31908	33129	32430	33171	32472	33247	31556	33345	32194	31703	32292	31785	32352	33579	31866	32913	33660	32967	33714	33021	33768	32595	32622	32106	32130	32694	32178	32742	32766	33990	34014	33318	33342	34086	33415	33452	34209	33046	32543	32580	32617	33194	32717	32776	33375	34634	34693	33997	32996	34035	34774	34073	34092	33631	34130	33669	34168	33707	33186	33205	33764	33243	33857	35116	33435	35234	34573	35325	35352	35379	34206	34713	34260	33747	34314	33801	33828	35595	34431	33924	34977	35730	35043	35796	34629	34122	35175	34714	34730	34746	34222	34238	35274	34810	36026	34302	36058	35354	35370	36106	35402	35418	34414	34430	35466	35031	35064	34557	35130	36363	35196	36429	35742	35775	35820	36582	35904	35466	34968	36750	35592	35091	35124	35697	35190	36963	36996	36309	35862	37095	36405	37152	36459	37206	35493	37260	36087	36114	35601	36168	35655	37435	35732	36789	37546	36863	37620	36937	37694	36531	36564	36057	37110	36663	36696	36189	36222	36255	38021	38044	37347	37370	37393	38136	37439	36982	37005	36488	37531	37074	36557	37121	36604	36627	37190	38413	38436	38459	38482	37785	38528	38551	37374	36857	37905	37452	36939	37506	36993	37560	38067	37614	38841	37128	38895	38197	38936	38955	38974	37793	37272	37291	37850	37329	37348	37907	38406	39145	37964	38463	39247	38576	38625	39394	37703	38772	37817	38896	37935	38534	38593	38107	39176	38745	39994	39323	40092	39405	39432	40179	39486	39033	38520	39567	39114	39141	38628	38655	39221	40444	39747	39290	40513	40536	39839	40582	39885	38888	40651	39474	38957	39517	38996	39555	40774	39053	40092	40831	40850	40149	40888	40187	39186	39745	39224	40263	39840	39342	39924	39426	39468	39510	41292	41327	40636	41385	40694	40723	41472	40301	39790	40839	40388	40447	39956	40545	40054	40643	41892	41931	41244	41277	42030	41343	42096	40929	40422	41475	40495	41072	40569	41146	40643	42420	41257	42494	42540	41862	42624	41946	42708	41550	41052	42120	41682	41184	41766	41268	41850	41892	43147	41456	43245	42574	43343	42672	43431	42744	41757	41790	42843	41856	41889	42462	42495	42521	43744	42567	43070	43093	43116	43859	43162	42705	43208	42751	42234	42257	42307	42896	42405	44194	44243	43572	43197	43776	44595	44640	43962	44724	43026	44808	43650	43692	43257	43896	43455	45221	44524	44067	44570	45313	45336	44639	45382	43665	44708	43711	43734	44297	43795	44372	43869	45646	45683	43980	45037	45074	45127	45896	45225	44794	44843	45372	44457	45096	44655	45257	44776	44835	46634	46693	46037	45616	46875	46214	46993	46377	45456	46575	46131	46164	45657	46230	45723	46296	47529	45822	47595	47635	47672	46989	47746	46583	47100	46657	46154	46735	46232	46809	46306	47363	48120	46417	47474	48257	48316	47655	48434	46753	46807	47876	46905	47494	47543	47052	47635	48152	48909	47746	48263	49020	48337	48374	49119	48420	47421	48462	48003	47484	47505	48066	47547	48108	49329	48630	48171	49392	48777	49596	48975	49015	49772	48609	49846	48143	48720	48217	48794	48295	49352	48909	50146	49463	50220	50257	49574	48607	49676	48705	48754	48803	49392	48882	49446	50670	50694	49998	50742	50046	50790	50094	50118	49662	49686	49185	50232	49239	49806	49293	49320	49887	49374	51141	51168	50475	51235	50552	51309	50146	49643	50700	50257	49754	49791	50364	50877	49890	51663	50496	51729	51762	51075	51115	51872	50709	50206	51263	50820	50317	50894	50385	50952	52179	51006	50493	51540	52287	52314	51621	52368	51675	50707	51776	51345	50854	51443	50952	50982	51546	52770	52074	52098	52842	52146	52890	52194	51198	51222	52266	51835	51872	51369	51946	51443	53220	52537	52094	52605	53352	53379	52686	52713	51720	53487	52314	52341	51828	52395	51882	53646	53670	51954	52998	53022	53766	53790	53094	53838	52662	52146	53215	52772	52269	52306	52883	54120	54157	52454	53511	54264	53577	53610	54363	53196	53709	53262	53775	53357	52876	52935	53534	53053	53075	54832	54849	54146	54163	54900	54197	54934	53751	53228	54265	53802	53279	53836	53313	53870	55087	53957	55216	54555	54614	55393	54715	54272	53769	54826	53843	54420	53917	54494	54557	55816	54675	54194	55993	56031	55344	56097	55410	55443	54456	55509	54522	55095	54585	54612	55179	56406	55233	56460	55767	55794	56541	55848	55875	54932	55006	56100	55694	55725	55212	55779	55266	57033	56340	55887	57114	57141	56448	56475	57347	57496	55795	57572	56889	57646	57683	57000	57757	56594	57152	57946	57300	58094	57405	58152	57459	58206	57033	56520	57567	58314	58341	57648	58395	58697	57597	58176	58995	58311	59064	59097	58410	59163	57456	58509	59262	58575	59347	58676	59445	59494	59543	58392	57917	58996	59055	59834	59173
TRANSPORT_MODE
0	2	1	1	0	0	0	0	0	2	1	2	0	0	0	0	1	1	1	0	0	0	0	0	2	1	2	0	0	0	0	2	1	1	0	0	0	0	0	0	2	1	1	0	0	0	0	0	2	2	1	1	0	0	0	0	0	3	1	1	0	0	0	0	0	2	1	1	0	0	0	0	3	1	1	0	0	0	0	0	2	1	1	0	0	0	0	0	3	3	1	0	0	0	0	0	2	1	1	0	0	0	0	0	3	3	1	1	0	0	0	0	0	2	1	1	0	0	0	0	0	1	3	1	0	0	0	0	2	1	1	0	0	0	0	0	3	1	1	0	0	0	0	2	1	1	0	0	0	0	0	0	1	3	1	0	0	0	0	0	1	2	2	1	0	0	0	0	0	1	3	1	0	0	0	0	1	2	2	1	0	0	0	0	0	3	1	1	0	0	0	0	0	1	2	1	0	0	0	0	3	1	1	0	0	0	0	0	0	1	2	1	0	0	0	0	1	3	3	1	0	0	0	0	0	1	2	1	0	0	0	0	0	1	3	3	1	0	0	0	0	2	1	1	0	0	0	0	0	0	1	3	1	0	0	0	0	2	1	1	0	0	0	0	0	1	3	1	0	0	0	0	0	1	2	2	1	0	0	0	0	0	1	3	1	0	0	0	0	0	1	2	2	1	0	0	0	0	3	1	1	0	0	0	0	0	1	2	1	0	0	0	0	3	1	1	0	0	0	0	0	0	1	2	1	0	0	0	0	0	1	3	3	1	0	0	0	0	1	2	1	0	0	0	0	0	1	3	3	1	0	0	0	0	2	1	1	0	0	0	0	0	3	1	1	0	0	0	0	0	2	1	1	0	0	0	0	0	1	3	1	0	0	0	0	0	2	2	1	1	0	0	0	0	0	3	1	1	0	0	0	0	2	2	1	0	1	0	0	0	0	3	1	1	0	0	0	0	0	2	1	1	0	0	0	0	3	1	1	0	0	0	0	0	2	1	1	0	0	0	0	0	3	3	1	1	0	0	0	0	0	2	1	1	0	0	0	0	0	3	3	1	2	0	0	0	0	1	1	1	0	0	0	0	0	3	1	2	0	0	0	0	1	1	1	0	0	0	0	0	0	3	1	2	0	0	0	0	2	1	1	0	0	0	0	0	0	3	1	1	0	0	0	0	0	2	2	1	1	0	0	0	0	3	1	1	0	0	0	0	0	2	1	3	0	0	0	0	1	1	1	0	0	0	0	0	2	1	1	0	0	0	0	0	3	3	1	0	0	0	0	0	0	1	2	1	0	0	0	0	0	1	3	3	1	0	0	0	2	1	1	0	0	0	0	0	0	3	1	1	0	0	0	0	2	1	1	0	0	0	0	0	3	1	1	0	0	0	0	0	2	2	1	0	0	0	0	0	1	3	1	0	0	0	0	0	1	2	2	1	0	0	0	0	3	1	1	0	0	0	0	0	2	1	1	0	0	0	0	0	3	1	1	0	0	0	0	0	2	1	1	0	0	0	0	3	3	1	0	0	0	0	0	0	1	2	1	0	0	0	0	0	1	3	3	1	0	0	0	0	2	1	1	0	0	0	0	0	3	1	1	0	0	0	0	2	1	1	0	0	0	0	0	3	1	1	0	0	0	0	0	2	2	1	0	0	0	0	0	0	1	3	1	0	0	0	0	1	2	2	1	0	0	0	0	3	1	1	0	0	0	0	0	3	1	3	0	0	0	0	1	1	1	0	0	0	0	0	0	3	1	1	0	0	0	0	3	3	1	0	0	0	0	0	0	3	1	1	0	0	0	0	0	3	3	1	1	0	0	0	0
PATIENT_WEIGHT
44	72	124	100	41	57	44	63	90	90	127	74	46	87	141	119	127	129	90	114	105	66	57	63	130	34	82	133	96	56	127	133	110	79	99	108	124	31	143	80	54	150	142	104	35	66	104	136	45	148	117	113	104	64	67	107	122	35	49	134	51	52	106	150	48	31	121	80	143	125	86	73	65	45	42	122	104	137	76	54	91	134	140	109	63	51	82	58	55	124	68	81	71	99	99	108	105	63	32	117	146	66	44	122	47	31	100	96	106	129	77	96	101	59	126	106	84	112	124	37	97	83	111	31	55	142	78	97	68	145	133	102	101	108	105	50	87	75	128	100	128	59	130	135	55	90	137	146	113	68	141	138	71	53	116	106	79	88	30	39	69	130	57	39	60	48	89	149	108	86	67	128	85	69	133	76	132	87	106	62	69	64	62	57	115	105	97	124	141	148	61	50	66	89	89	66	34	106	95	86	77	47	75	114	70	105	43	79	131	43	137	59	97	46	138	111	67	55	125	61	101	35	130	31	48	57	42	40	74	78	136	119	131	144	117	95	111	106	147	90	43	144	119	54	97	58	95	124	108	124	30	108	45	148	35	85	150	37	52	39	139	63	123	83	142	53	148	84	128	125	70	77	128	145	89	114	83	41	73	58	69	104	103	46	78	39	30	99	116	99	143	51	109	41	145	134	44	111	68	61	150	123	131	129	108	59	65	31	118	34	51	98	40	101	123	91	87	97	103	84	52	39	48	131	45	47	31	111	64	79	96	36	57	143	67	144	50	105	52	82	78	144	40	69	31	126	143	108	42	120	126	62	142	106	84	65	112	40	83	86	120	133	120	120	113	83	63	68	70	120	31	126	109	109	113	37	89	93	45	148	76	142	54	38	67	142	86	72	67	32	137	121	117	121	146	58	120	147	91	84	137	64	98	44	88	90	135	79	76	148	55	116	103	100	67	72	43	95	59	95	75	63	138	55	139	49	73	68	95	135	141	50	67	150	118	49	84	101	86	89	78	113	131	119	46	125	65	52	136	85	37	136	30	116	49	38	115	105	134	72	36	77	102	108	50	59	33	46	87	65	98	133	48	33	109	120	143	51	137	46	145	119	62	84	32	67	50	77	69	118	54	49	116	47	83	126	115	116	142	132	111	33	97	64	114	30	38	103	76	47	47	86	66	51	38	108	65	43	103	47	33	104	92	112	65	79	94	65	123	35	127	80	63	129	150	63	133	88	71	145	64	69	33	61	68	55	91	71	72	82	78	66	103	32	109	63	127	103	100	147	132	35	37	76	38	34	120	114	122	52	49	84	93	129	149	58	69	58	55	41	121	140	44	67	72	149	93	37	133	99	32	119	96	149	57	131	47	128	101	116	144	46	112	78	145	109	107	148	89	76	80	137	79	143	93	53	146	112	43	107	56	111	63	47	99	80	63	64	51	146	142	82	37	134	146	129	53	113	109	96	52	145	84	148	127	119	108	32	33	72	100	64	146	131	141	52	79	53	103	109	91	141	148	124	78	62	66	30	36	131	102	89	73	55	117	123	86	76	80	90	134	138	59	62	147	108	47	47	87	111	142	108	32	32	116	135	115	129	65	47	115	135	33	107	33	79	49	93	40	91	92	45	136	58	68	82	141	122	61	139	57	136	58	53	90	100	102	135	62	85	48	109	63	109	149	91	116	108	32	84	58	114	52	68	59	47	72	37	135	145	95	123	37	31	63	46	142	145	31	120	117	122	106	87	75	111	102	106	117	66	140	97	86	40	36	87	142	77	81	124	58	43	41	63	93	98	117	41	59	137	35	45	60	97	84	87	118	65	111	81	87
DISTANCE_MATRIX
0	360	318	300	288	276	264	264	150	150	150	60	90	90	162	168	204	228	234	312	360	408	348	318	168	192	168	318
360	60	264	318	324	342	342	342	348	348	354	360	372	378	378	420	420	480	462	498	462	462	384	420	372	420	378	378
318	264	60	270	276	288	288	288	294	294	294	318	318	324	324	414	414	468	462	486	462	462	330	366	366	408	372	324
300	318	270	60	276	288	288	288	288	288	288	300	300	312	318	408	408	468	462	486	438	438	318	360	360	402	360	312
288	324	276	276	60	276	276	276	276	276	276	288	288	300	300	402	396	462	456	480	432	432	300	360	360	402	348	300
276	342	288	288	276	60	180	180	252	258	264	264	264	288	288	390	390	456	450	480	432	432	288	348	348	348	288	288
264	342	288	288	276	180	60	180	246	258	264	264	264	288	288	390	390	456	450	480	432	432	288	348	348	348	288	288
264	342	288	288	276	180	180	60	240	258	264	264	264	288	288	390	390	456	450	480	432	432	288	348	348	348	288	288
150	348	294	288	276	252	246	240	60	120	120	150	126	270	270	378	384	420	438	480	420	408	276	300	300	300	276	270
150	348	294	288	276	258	258	258	120	60	120	150	150	270	270	378	384	420	438	480	420	408	276	300	300	300	276	270
150	354	294	288	276	264	264	264	120	120	60	150	150	270	270	378	384	420	438	480	420	408	276	300	300	300	276	270
60	360	318	300	288	264	264	264	150	150	150	60	90	162	168	228	234	312	360	408	348	318	168	192	192	198	168	162
90	372	318	300	288	264	264	264	150	150	150	90	60	162	168	228	234	312	360	408	348	318	168	192	192	198	168	162
90	378	324	312	300	288	288	288	270	270	270	162	162	60	120	180	180	306	210	360	300	300	120	180	120	180	120	234
162	378	324	318	300	288	288	288	270	270	270	168	168	120	60	180	180	306	210	360	300	300	120	180	120	180	120	120
168	420	414	408	402	348	348	348	300	300	300	228	228	180	180	60	132	204	132	348	258	258	186	60	180	132	222	180
204	420	414	408	396	390	390	390	384	384	384	234	234	180	180	132	60	204	132	348	258	258	186	60	180	132	222	180
228	480	468	468	462	456	456	456	420	420	420	312	312	306	306	204	204	60	198	120	240	240	306	204	306	138	306	306
234	462	462	462	456	450	450	450	438	438	438	360	360	210	210	132	132	198	60	138	132	132	210	132	210	132	210	210
312	498	486	486	480	480	480	480	480	480	480	408	408	360	360	348	348	120	138	60	348	348	360	348	360	348	360	360
360	462	462	438	432	432	432	432	420	420	420	348	348	300	300	258	258	240	132	348	60	60	300	258	300	258	300	300
408	462	462	438	432	432	432	432	408	408	408	318	318	300	300	258	258	240	132	348	60	60	300	258	300	258	300	300
348	384	330	318	300	288	288	288	276	276	276	168	168	120	120	186	186	306	210	360	300	300	60	186	120	186	120	120
318	420	366	360	360	348	348	348	300	300	300	192	192	180	180	60	60	204	132	348	258	258	186	60	180	60	180	180
168	372	300	306	300	288	288	288	270	270	270	168	168	120	120	180	180	306	210	360	300	300	120	180	60	180	120	120
192	420	408	402	402	348	348	348	300	300	300	198	198	180	180	132	132	138	132	348	258	258	186	60	180	60	180	180
168	378	372	360	348	288	288	288	276	276	276	168	168	120	120	222	222	306	210	360	300	300	120	180	120	180	60	120
318	378	324	312	300	288	288	288	270	270	270	162	162	234	120	180	180	306	210	360	300	300	120	180	120	180	120	60
DEPOTS_DISTANCE
234	462	462	462	456	450	450	450	438	438	438	360	360	210	210	132	132	198	60	138	132	132	210	132	210	132	210	210	
348	384	330	318	300	288	288	288	276	276	276	168	168	120	120	186	186	306	210	360	300	300	60	186	120	186	120	120	
318	420	366	360	360	348	348	348	300	300	300	192	192	180	180	60	60	204	132	348	258	258	186	60	180	60	180	180	
LOCATION_TURN_MATRIX
100	130	122	113	112	199	136	122	129	152	173	146	151	136	158	140	176	113	122	167	194	134	110	172	114	184	100	147	
170	100	154	188	164	169	136	136	152	170	104	183	155	115	101	104	155	187	174	115	149	134	178	168	114	135	168	102	
178	146	100	161	178	114	104	165	117	139	126	169	192	109	120	179	160	152	154	134	113	140	154	179	196	196	192	181	
187	112	139	100	158	114	195	181	104	132	195	106	183	169	132	170	140	136	172	148	116	110	123	136	151	120	176	169	
188	136	122	142	100	175	164	159	112	100	167	164	135	191	132	181	104	123	142	156	108	117	193	182	116	147	156	185	
101	131	186	186	125	100	190	147	164	150	137	102	145	176	185	131	113	108	117	186	118	151	140	178	154	189	172	110	
164	164	196	105	136	110	100	186	153	151	183	193	111	157	144	123	188	142	110	163	105	190	166	187	170	171	186	126	
178	164	135	119	141	153	114	100	106	130	108	103	151	178	122	151	130	133	184	177	110	141	166	110	122	174	191	197	
171	148	183	196	188	136	147	194	100	167	100	146	168	129	128	142	172	118	174	147	105	158	156	160	120	106	119	136	
148	130	161	168	200	150	149	170	133	100	177	106	175	116	188	180	176	194	108	146	130	187	183	173	128	141	169	176	
127	196	174	105	133	163	117	192	200	123	100	171	175	140	183	115	104	186	128	153	151	175	100	146	191	117	132	197	
154	117	131	194	136	198	107	197	154	194	129	100	136	184	140	147	172	184	148	131	103	156	185	200	152	158	154	143	
149	145	108	117	165	155	189	149	132	125	125	164	100	140	199	142	101	144	163	185	117	191	200	143	113	165	102	154	
164	185	191	131	109	124	143	122	171	184	160	116	160	100	109	116	196	113	131	186	166	139	183	175	144	161	105	170	
142	199	180	168	168	115	156	178	172	112	117	160	101	191	100	147	177	177	199	158	172	188	164	175	180	168	154	195	
160	196	121	130	119	169	177	149	158	120	185	153	158	184	153	100	152	159	197	157	181	159	102	123	168	200	124	186	
124	145	140	160	196	187	112	170	128	124	196	128	199	104	123	148	100	149	114	112	117	135	105	132	138	180	198	156	
187	113	148	164	177	192	158	167	182	106	114	116	156	187	123	141	151	100	166	132	168	163	159	123	129	173	161	116	
178	126	146	128	158	183	190	116	126	192	172	152	137	169	101	103	186	134	100	184	199	137	130	160	148	113	140	150	
133	185	166	152	144	114	137	123	153	154	147	169	115	114	142	143	188	168	116	100	111	195	128	157	191	164	141	171	
106	151	187	184	192	182	195	190	195	170	149	197	183	134	128	119	183	132	101	189	100	129	151	163	147	166	104	177	
166	166	160	190	183	149	110	159	142	113	125	144	109	161	112	141	165	137	163	105	171	100	101	185	169	129	103	197	
190	122	146	177	107	160	134	134	144	117	200	115	100	117	136	198	195	141	170	172	149	199	100	106	150	116	118	145	
128	132	121	164	118	122	113	190	140	127	154	100	157	125	125	177	168	177	140	143	137	115	194	100	128	167	115	155	
186	186	104	149	184	146	130	178	180	172	109	148	187	156	120	132	162	171	152	109	153	131	150	172	100	155	124	184	
116	165	104	180	153	111	129	126	194	159	183	142	135	139	132	100	120	127	187	136	134	171	184	133	145	100	129	192	
200	132	108	124	144	128	114	109	181	131	168	146	198	195	146	176	102	139	160	159	196	197	182	185	176	171	100	146	
153	198	119	131	115	190	174	103	164	124	103	157	146	130	105	114	144	184	150	129	123	103	155	145	116	108	154	100	
DEPOTS_TO_LOCAL_TURN_MATRIX
178	126	146	128	158	183	190	116	126	192	172	152	137	169	101	103	186	134	100	184	199	137	130	160	148	113	140	150	
190	122	146	177	107	160	134	134	144	117	200	115	100	117	136	198	195	141	170	172	149	199	100	106	150	116	118	145	
128	132	121	164	118	122	113	190	140	127	154	100	157	125	125	177	168	177	140	143	137	115	194	100	128	167	115	155	
LOCAL_TO_DEPOT_TURN_MATRIX
122	174	154	172	142	117	110	184	174	108	128	148	163	131	199	197	114	166	100	116	101	163	170	140	152	187	160	150	
110	178	154	123	193	140	166	166	156	183	100	185	200	183	164	102	105	159	130	128	151	101	100	194	150	184	182	155	
172	168	179	136	182	178	187	110	160	173	146	200	143	175	175	123	132	123	160	157	163	185	106	100	172	133	185	145	

