INDEX_PROBLEM
1
PATIENTS
800
STRETCHERS
16
NUM_ROOM
28
NUM_DEPOT
3
NUM_PRIORITY
4
PRIORITY_LIST
0	1	2	3	4
PRIORITY_WEIGHT
0	1	10	18	30
PRIORITY_JOB
0	2	3	2	3	3	3	4	2	3	2	3	3	3	3	2	4	2	3	1	3	4	3	3	2	2	3	2	3	4	3	3	4	3	1	2	3	2	3	4	3	3	4	2	3	2	3	4	3	3	2	3	3	2	3	4	3	1	1	2	1	2	1	1	1	3	4	2	3	4	3	2	3	1	1	3	1	2	1	1	1	2	3	2	4	3	3	2	3	1	3	4	2	2	1	1	2	1	2	3	4	3	3	2	3	2	1	3	1	2	2	1	2	4	2	2	4	3	3	2	3	3	1	3	1	1	1	2	1	2	3	1	2	4	2	3	3	4	1	2	1	2	1	2	1	3	4	1	3	2	3	4	3	2	1	3	1	2	1	2	2	2	3	4	3	2	3	4	3	2	1	1	1	2	1	1	1	2	2	3	3	3	4	2	3	2	3	1	1	1	1	1	2	2	1	2	4	3	4	3	3	2	1	3	2	1	1	2	2	4	1	2	3	4	3	3	2	3	1	2	1	2	2	1	1	3	4	2	3	4	3	3	2	2	3	1	1	2	1	2	1	3	2	3	1	3	4	2	3	2	4	1	1	1	2	2	1	2	3	1	3	3	2	3	4	2	3	1	1	1	2	2	1	4	2	3	3	3	2	3	4	2	3	1	2	1	1	1	2	1	2	3	3	3	2	3	4	4	2	1	1	2	1	1	1	3	1	2	2	3	3	3	2	4	2	1	2	1	1	2	1	3	1	2	3	4	3	3	2	3	2	1	2	2	1	2	1	3	4	2	3	4	3	3	4	3	2	3	1	1	2	1	1	2	3	1	2	3	2	3	1	3	4	1	1	2	2	1	2	3	4	1	3	3	2	3	1	2	3	1	2	1	2	1	1	2	3	4	4	3	3	2	3	1	2	1	2	1	1	1	2	4	2	3	3	3	3	2	3	2	3	1	1	1	1	2	1	1	3	4	4	3	3	3	3	2	3	1	1	2	1	1	2	2	1	2	3	3	4	3	3	2	2	3	1	1	2	2	1	1	4	1	2	3	4	3	3	2	2	3	1	1	2	2	1	3	2	3	1	3	4	3	3	2	3	1	4	1	1	1	2	2	3	1	2	3	4	2	3	1	3	1	4	1	2	1	2	2	2	3	1	4	3	3	2	3	2	3	1	1	1	2	1	2	2	3	2	4	3	3	2	3	1	1	1	1	2	1	1	3	3	4	2	3	3	4	3	3	1	1	1	1	2	2	1	2	2	3	4	3	4	3	3	2	2	1	3	1	1	2	2	1	1	2	3	3	4	3	3	2	2	1	3	1	2	1	2	1	2	3	2	3	3	4	3	3	4	1	2	2	1	1	1	2	3	1	2	3	3	4	2	3	1	4	2	1	1	2	1	2	3	1	2	4	3	3	2	3	1	3	2	2	1	1	2	1	3	2	3	4	3	3	2	1	1	2	3	1	2	2	1	3	4	2	3	3	3	4	3	1	1	1	2	1	1	2	1	2	3	2	3	3	4	3	3	2	1	4	1	1	2	1	2	1	2	2	3	3	4	3	3	2	1	3	2	1	2	1	2	3	2	3	3	3	3	4	3	1	1	4	2	2	1	1	2	3	1	2	3	2	3	4	3	1	1	2	3	2	1	1	1	2	1	2	3	3	2	3	4	2	1	2	3	1	1	2	1	2	4	2	2	3	3	2	3	1	1	3	1	2	1	1	1	1	3	2	2	1	1	2	1	1	1	3	1	2	2	1	1	1	2	3	1	2	1	2	1	1	4	2	1	1	2	2	4	1	3	1	1	1	1	2	2	1	2	3	1	1	2	1	2
TIME_ASKED
0	28849	28898	28947	28996	29045	29094	29149	29198	29247	29296	29345	29394	29429	29458	29487	29516	29545	29574	29603	29632	29661	29690	29742	29784	29826	29868	29910	29952	29994	30029	30058	30087	30116	30145	30174	30203	30232	30261	30290	30329	30358	30387	30416	30445	30474	30503	30532	30561	30590	30621	30642	30663	30684	30705	30726	30747	30768	30789	30810	30831	30852	30873	30894	30949	30998	31047	31096	31145	31194	31227	31254	31281	31308	31335	31362	31389	31416	31443	31470	31497	31524	31548	31572	31596	31620	31644	31668	31692	31716	31740	31764	31788	31837	31874	31911	31948	31985	32022	32059	32096	32159	32218	32277	32336	32395	32419	32438	32457	32476	32495	32514	32533	32552	32571	32590	32609	32628	32647	32666	32685	32759	32818	32877	32936	32995	33027	33054	33081	33108	33135	33162	33189	33216	33243	33270	33297	33333	33366	33399	33432	33465	33498	33531	33564	33597	33616	33632	33648	33664	33680	33696	33712	33728	33744	33760	33776	33792	33808	33824	33840	33856	33872	33888	33933	33966	33999	34032	34065	34098	34131	34164	34197	34242	34284	34326	34368	34410	34452	34494	34533	34566	34599	34632	34665	34698	34731	34764	34797	34827	34854	34881	34908	34935	34962	34989	35016	35043	35070	35097	35137	35174	35211	35248	35285	35322	35359	35396	35433	35466	35499	35532	35565	35598	35631	35664	35697	35723	35746	35769	35792	35815	35838	35861	35884	35907	35930	35953	35976	35999	36023	36046	36069	36092	36115	36138	36161	36184	36207	36230	36253	36276	36299	36327	36354	36381	36408	36435	36462	36489	36516	36543	36570	36597	36619	36638	36657	36676	36695	36714	36733	36752	36771	36790	36809	36828	36847	36866	36885	36949	36998	37047	37096	37145	37194	37259	37318	37377	37436	37495	37549	37598	37647	37696	37745	37794	37827	37854	37881	37908	37935	37962	37989	38016	38043	38070	38097	38123	38146	38169	38192	38215	38238	38261	38284	38307	38330	38353	38376	38399	38419	38438	38457	38476	38495	38514	38533	38552	38571	38590	38609	38628	38647	38666	38685	38742	38784	38826	38868	38910	38952	38994	39029	39058	39087	39116	39145	39174	39203	39232	39261	39290	39349	39398	39447	39496	39545	39594	39633	39666	39699	39732	39765	39798	39831	39864	39897	39937	39974	40011	40048	40085	40122	40159	40196	40242	40284	40326	40368	40410	40452	40494	40542	40584	40626	40668	40710	40752	40794	40849	40898	40947	40996	41045	41094	41133	41166	41199	41232	41265	41298	41331	41364	41397	41423	41446	41469	41492	41515	41538	41561	41584	41607	41630	41653	41676	41699	41749	41798	41847	41896	41945	41994	42099	42198	42297	42342	42384	42426	42468	42510	42552	42594	42699	42798	42897	42923	42946	42969	42992	43015	43038	43061	43084	43107	43130	43153	43176	43199	43237	43274	43311	43348	43385	43422	43459	43496	43549	43598	43647	43696	43745	43794	43899	43998	44097	44159	44218	44277	44336	44395	44459	44518	44577	44636	44695	44799	44898	44997	45033	45066	45099	45132	45165	45198	45231	45264	45297	45337	45374	45411	45448	45485	45522	45559	45596	45637	45674	45711	45748	45785	45822	45859	45896	45959	46018	46077	46136	46195	46249	46298	46347	46396	46445	46494	46537	46574	46611	46648	46685	46722	46759	46796	46821	46842	46863	46884	46905	46926	46947	46968	46989	47010	47031	47052	47073	47094	47199	47298	47397	47437	47474	47511	47548	47585	47622	47659	47696	47737	47774	47811	47848	47885	47922	47959	47996	48049	48098	48147	48196	48245	48294	48324	48348	48372	48396	48420	48444	48468	48492	48516	48540	48564	48588	48627	48654	48681	48708	48735	48762	48789	48816	48843	48870	48897	48937	48974	49011	49048	49085	49122	49159	49196	49233	49266	49299	49332	49365	49398	49431	49464	49497	49537	49574	49611	49648	49685	49722	49759	49796	49827	49854	49881	49908	49935	49962	49989	50016	50043	50070	50097	50149	50198	50247	50296	50345	50394	50424	50448	50472	50496	50520	50544	50568	50592	50616	50640	50664	50688	50737	50774	50811	50848	50885	50922	50959	50996	51027	51054	51081	51108	51135	51162	51189	51216	51243	51270	51297	51324	51348	51372	51396	51420	51444	51468	51492	51516	51540	51564	51588	51637	51674	51711	51748	51785	51822	51859	51896	51933	51966	51999	52032	52065	52098	52131	52164	52197	52259	52318	52377	52436	52495	52517	52534	52551	52568	52585	52602	52619	52636	52653	52670	52687	52704	52721	52738	52755	52772	52789	52859	52918	52977	53036	53095	53137	53174	53211	53248	53285	53322	53359	53396	53459	53518	53577	53636	53695	53733	53766	53799	53832	53865	53898	53931	53964	53997	54027	54054	54081	54108	54135	54162	54189	54216	54243	54270	54297	54374	54448	54522	54596	54627	54654	54681	54708	54735	54762	54789	54816	54843	54870	54897	55049	55198	55237	55274	55311	55348	55385	55422	55459	55496	55574	55648	55722	55796	55827	55854	55881	55908	55935	55962	55989	56016	56043	56070	56097	56399	56499	56598	56697	56733	56766	56799	56832	56865	56898	56931	56964	56997	57049	57098	57147	57196	57245	57294	57359	57418	57477	57536	57595
ORIGIN
26	16	6	25	27	7	27	23	14	25	23	26	26	14	14	14	14	14	14	3	14	4	26	16	14	14	16	14	14	14	27	7	23	9	14	14	11	2	23	13	14	14	14	20	20	2	14	14	27	6	27	18	7	27	20	8	2	14	17	2	2	23	2	26	10	14	23	27	14	24	15	1	14	25	25	14	26	26	14	3	14	1	23	11	23	23	14	2	16	14	27	5	15	14	1	7	5	1	18	7	14	20	8	1	23	1	17	23	20	2	14	14	14	14	14	4	24	15	4	26	16	14	3	3	10	2	14	14	26	14	10	2	2	12	2	23	16	16	14	15	27	27	16	14	16	2	7	27	1	8	1	23	23	3	23	27	3	14	14	14	27	27	4	24	15	4	8	16	6	23	26	14	2	14	14	3	14	27	2	23	12	2	23	14	3	23	1	14	14	11	14	1	14	14	14	20	8	14	23	9	26	14	20	2	24	14	14	27	14	14	14	14	4	14	16	5	27	14	14	23	14	14	14	14	17	2	2	12	2	23	14	3	14	14	14	11	14	1	25	14	16	7	14	8	27	23	9	1	14	16	7	14	4	27	14	3	10	14	14	4	26	16	5	26	10	1	27	4	14	2	14	14	2	26	14	2	23	13	3	23	2	27	3	11	14	1	25	14	25	26	1	27	23	8	1	23	10	2	14	14	2	27	14	14	25	15	14	23	16	5	26	16	7	27	26	14	3	14	14	3	14	14	2	23	13	2	23	14	3	14	4	14	1	7	14	3	27	23	14	20	8	1	23	10	2	23	12	2	26	14	14	27	2	14	27	15	5	26	16	7	14	26	7	7	14	14	3	16	20	2	23	13	2	23	14	3	20	11	4	1	7	14	1	26	14	1	26	8	1	23	10	1	14	17	2	14	14	14	27	14	14	11	11	27	14	16	11	7	14	11	14	23	14	14	3	14	20	14	4	2	23	14	3	24	14	4	27	27	7	14	1	26	14	14	14	1	23	10	1	23	14	2	14	14	14	14	27	14	14	25	1	26	16	6	27	19	7	27	22	23	12	14	12	12	2	2	2	23	14	3	23	14	14	4	16	14	1	1	25	14	1	14	27	24	9	26	23	11	26	26	13	27	27	14	14	27	2	14	26	16	5	27	18	7	20	4	8	3	14	17	2	22	23	2	2	14	3	23	14	4	24	15	1	25	25	14	4	26	2	14	23	9	1	23	11	2	23	12	2	1	14	14	27	15	14	27	16	5	26	17	7	27	20	8	14	14	14	2	27	20	11	14	14	3	23	14	4	24	15	4	26	14	14	3	26	14	2	25	8	1	23	10	2	23	25	27	27	14	14	27	15	14	7	23	5	26	16	7	27	20	7	27	14	3	3	9	20	2	14	14	2	23	14	3	24	14	4	7	14	14	3	26	14	2	14	14	1	23	10	2	23	12	14	14	27	14	27	14	27	14	2	5	26	14	7	26	19	8	27	14	3	3	16	2	14	23	3	2	23	14	3	24	14	4	14	14	14	1	14	14	2	26	14	23	23	10	1	23	12	2	23	14	27	27	14	14	27	11	15	26	16	6	27	19	7	27	23	14	3	20	14	14	22	14	2	23	14	3	23	14	4	16	2	14	1	16	14	1	26	14	4	2	9	1	23	4	2	23	14	13	27	14	14	27	11	14	1	1	6	3	18	7	27	21	8	3	2	10	2	22	23	2	27	14	3	14	14	4	25	16	25	1	25	5	26	26	14	16	14	9	1	27	3	2	23	13	27	14	14	27	14	14	1	4	4	5	27	18	7	27	20	8	23	17	17	1	23	2	7	14	14
DESTINATION
3	14	17	14	2	23	2	26	10	14	27	14	14	4	25	16	25	25	9	14	26	14	3	14	25	9	16	3	3	2	23	13	27	14	5	5	15	14	1	7	5	5	26	7	7	27	20	8	23	17	2	27	20	2	14	14	14	16	6	14	27	7	27	23	14	2	3	23	10	2	14	14	26	14	14	3	14	14	4	26	16	14	27	15	27	27	16	14	16	9	23	14	11	2	23	13	14	23	27	20	3	14	14	14	27	14	6	27	7	27	20	8	2	2	26	14	2	14	14	3	14	2	23	23	14	24	15	1	14	1	14	14	27	11	14	1	14	14	1	11	23	23	14	2	16	14	20	2	24	14	14	27	27	26	1	18	14	20	8	1	23	23	14	2	14	14	14	14	17	27	14	4	24	15	4	26	16	23	14	27	11	14	1	25	14	7	14	10	2	12	2	23	16	16	2	14	14	4	27	14	3	2	7	27	1	8	1	23	10	2	4	26	14	2	14	14	2	16	4	27	15	4	8	16	6	14	24	11	14	1	25	14	25	26	2	12	2	23	14	3	14	23	3	14	2	27	14	14	25	14	23	20	14	23	9	26	14	8	26	14	3	14	14	3	14	14	2	14	4	14	16	5	27	14	4	14	1	7	14	3	27	23	14	12	2	23	14	3	14	14	23	2	26	14	14	27	14	14	8	8	27	23	9	1	14	11	8	7	14	14	3	16	20	2	14	4	26	16	5	26	10	1	27	1	7	14	1	26	14	1	14	2	23	13	3	23	2	27	3	14	14	14	27	14	14	27	11	27	23	8	1	23	27	2	23	14	14	3	14	20	10	14	23	23	16	5	26	16	7	27	27	7	14	1	26	14	7	15	14	23	13	2	23	14	3	14	14	14	14	27	14	14	25	9	27	20	8	1	23	10	2	12	12	23	26	14	12	13	2	12	15	27	15	5	26	16	7	26	14	14	1	25	14	1	26	14	23	23	13	2	23	14	3	4	4	14	27	14	14	27	2	14	26	8	8	1	23	10	1	14	23	3	14	17	2	22	23	2	2	27	11	16	11	11	14	27	27	1	25	14	4	26	2	14	14	2	23	23	14	3	24	4	2	1	14	14	27	15	14	14	7	23	23	10	1	23	14	2	3	14	14	2	27	20	11	14	14	26	16	6	27	19	7	27	22	25	14	3	26	14	2	14	23	14	14	3	23	14	14	25	27	14	14	27	15	14	7	11	27	24	9	26	23	11	26	23	14	14	3	9	20	2	14	14	16	16	5	27	18	7	20	4	4	14	3	26	14	2	14	14	3	3	3	23	14	4	24	14	14	14	27	14	14	27	14	2	23	9	1	23	11	2	23	27	14	3	16	20	2	14	23	3	5	26	26	17	7	27	20	8	14	1	26	14	2	26	14	23	3	3	23	14	4	24	15	4	14	27	14	14	27	11	15	1	23	1	23	2	23	25	27	14	3	20	20	14	22	14	2	5	26	26	16	27	20	7	27	14	1	26	14	1	26	14	4	2	2	23	3	3	24	14	4	7	27	14	14	27	11	14	1	1	23	23	2	2	23	12	14	3	14	17	2	22	23	2	27	5	26	14	5	26	19	8	27	1	25	14	5	26	14	16	14	2	23	16	3	24	14	4	14	14	14	14	27	14	14	1	4	7	23	1	1	23	12	2	23	14	17	26	27	23	2	7	14	26	14	14	27	19	7	27	23	25	14	20	26	14	14	14	14	23	14	23	14	14	4	16	2	14	14	23	14	14	27	7	23	9	1	23	4	2	23	14	14	14	2	27	20	2	14	14	27	6	6	14	7	27	21	8	4
DUE_DATE
0	30427	29996	30525	30094	30143	30192	29707	30776	30345	30874	30443	30492	30527	30556	31065	30074	31123	30672	31901	30730	30219	30788	30840	31362	31404	30966	31488	31050	30552	31127	31156	30645	31214	32443	31752	31301	31810	31359	30848	31427	31456	30945	31994	31543	32052	31601	31090	31659	31688	32199	31740	31761	32262	31803	31284	31845	33066	33087	32388	33129	32430	33171	33192	33247	32096	31605	32674	32243	31752	32325	32832	32379	33606	33633	32460	33687	32994	33741	33768	33795	33102	32646	33150	32154	32718	32742	33246	32790	34014	32838	32322	33366	33415	34172	34209	33526	34283	33600	33157	32654	33257	33316	33855	33434	33973	34717	33536	34755	34054	34073	34812	34111	33110	34149	34168	33167	33726	33745	34244	33783	33857	35116	33975	35234	35293	35325	34632	35379	34686	34233	35460	34767	33774	34821	34368	34395	33891	35664	34977	35730	35043	35796	35109	35862	34695	34174	35930	34746	35242	34778	34254	34810	35306	36042	34858	36074	35370	36106	35402	35418	35434	34970	34446	35031	35544	35097	34590	35163	35676	36429	36462	36495	35820	36582	36624	36666	35988	36030	35592	35631	35664	35157	36210	35763	36276	35829	37062	37095	37125	37152	37179	36486	36513	37260	36567	35574	36141	35628	36195	36235	36752	37509	36346	36863	37620	37657	36974	37011	36024	37797	37110	36663	36156	36729	36762	37275	36821	38044	37347	38090	37393	37416	38159	38182	37005	36488	37531	37074	36557	37121	37144	37647	37670	37213	38436	38459	37762	38505	37808	38551	37374	37877	37425	38652	37479	36966	38013	37560	38067	37074	38841	38868	38895	38197	38216	38955	38254	37793	39012	37831	37850	38349	37888	37367	38406	37945	39164	39183	39247	38576	38625	39394	37703	38772	38357	38416	38475	39014	38593	38107	39176	38745	39994	39323	40092	40125	40152	39459	40206	39513	39060	39087	39114	39621	39168	38655	38681	39724	40467	40490	39793	40536	40559	40582	39405	40628	39931	39954	39497	39517	39536	40035	39034	40073	40812	40111	40850	40869	40168	40907	39726	40945	40244	39783	39300	39882	39924	40446	40008	40530	41292	40607	40636	41385	40694	41443	40272	39761	40810	40359	39848	40447	40496	40005	40594	41123	40692	41931	41964	41277	42030	42063	41376	40929	42162	41475	41035	41552	41109	42346	41183	40680	42457	42494	41820	41862	42624	41946	41508	41010	42792	41640	41682	42204	41766	43008	42330	41892	43147	42476	43245	42574	43343	43392	42711	42264	41757	41790	42363	42396	42909	42462	43695	43001	43744	43047	43790	43813	43836	43139	42142	43185	42728	42751	42774	42797	43327	42896	43425	42994	44243	44292	44397	44496	43875	44640	44682	43524	43026	43068	43650	43692	43797	43896	44475	44021	45244	45267	44570	45313	45336	44639	44662	45405	44708	44251	44274	43757	44335	44372	44889	44926	44483	45720	45757	45074	45127	45896	45945	44254	46043	45372	44997	44556	45195	45257	45796	45855	45434	46693	46757	46096	46155	46934	45793	46377	45996	47295	46131	45624	46197	46230	46743	46296	47529	45822	47595	47635	47672	46989	47026	46583	47820	47137	46694	46195	47252	46809	48046	46883	48120	46417	48194	47537	48316	47655	47714	47773	47347	48596	46905	47494	47543	48072	47635	48152	47709	48946	48983	49020	48337	49094	48399	48420	47961	48462	47463	48024	48045	48546	48087	49308	49329	49350	49371	48672	49497	49596	48495	48535	48032	49089	48646	48683	48180	48757	48794	50035	50072	50109	50146	49463	49500	50257	49574	49627	49196	48705	49294	48803	49392	49422	49926	49950	50694	49518	50742	50766	50070	50094	50838	50862	50166	49725	49752	49239	49806	49833	50340	50367	51114	49941	51168	50475	51235	50552	51309	50626	50183	50700	50257	50294	49791	50364	50397	49890	51663	50976	51009	51762	51795	51835	51152	50709	51946	51263	50820	50857	50354	51405	50952	52179	50466	51513	52260	52287	51594	52341	51648	51195	52447	51776	50805	51394	51443	51972	51522	52746	51570	52074	52098	52842	52866	52170	52914	51738	52242	51786	51295	51872	51909	52426	53183	53220	52537	52094	53325	52632	52659	53406	52233	51720	52767	52314	52341	52368	51855	52422	53646	53670	53694	52998	53742	53766	53070	53814	53118	52662	53166	52735	52772	52269	52846	52883	53400	54157	52454	54231	54264	53577	54330	53643	54396	53709	53742	53295	53357	52876	53475	53534	54073	54815	53632	54129	54866	54163	54900	54197	53734	54231	53768	53785	53802	53819	53296	53853	55070	55087	53417	54496	54555	55334	55393	54715	54272	55509	54826	54383	54900	54457	53954	54557	55816	55875	55214	54793	55311	56064	56097	56130	55443	56196	55509	55062	55095	55605	55152	54639	55686	56433	55740	55287	56514	56541	55848	56595	55952	55006	56100	56174	55725	55752	56259	55806	57033	57060	55887	57114	56421	57168	57195	57347	57496	56335	56852	56889	57646	57683	57000	57757	57794	57872	56746	58020	57374	57405	58152	58179	58206	57513	57060	58287	57594	58341	57648	58395	58697	57057	58176	58995	59031	58344	58377	57390	59163	57996	59229	59262	59295	59347	58676	58725	59494	58823	58392	59657	59716	59055	59834	59173
TRANSPORT_MODE
0	2	2	1	0	0	0	0	0	2	1	1	0	0	0	0	2	2	1	1	0	0	0	0	0	2	1	1	0	0	0	0	0	2	1	1	0	0	0	0	0	2	1	1	0	0	0	0	0	2	1	1	0	0	0	0	0	3	3	1	0	0	0	0	0	1	2	1	0	0	0	0	0	3	3	1	1	0	0	0	0	2	1	1	0	0	0	0	0	3	1	1	0	0	0	0	0	2	1	1	0	0	0	0	0	1	3	1	0	0	0	0	0	1	2	2	0	0	0	0	0	1	3	1	0	0	0	0	0	1	2	2	1	0	0	0	0	1	3	1	0	0	0	0	0	1	2	1	0	0	0	0	0	1	3	1	0	0	0	0	0	1	2	1	0	0	0	0	0	1	3	3	0	0	0	0	0	0	1	1	2	0	0	0	0	1	1	3	3	0	0	0	0	0	1	2	1	0	0	0	0	1	3	1	0	0	0	0	0	1	2	1	0	0	0	0	0	1	3	1	0	0	0	0	0	1	1	2	0	0	0	0	0	2	1	3	0	0	0	0	0	1	1	2	2	0	0	0	0	1	1	3	0	0	0	0	0	1	1	2	0	0	0	0	0	1	1	3	0	0	0	0	0	1	1	2	0	0	0	0	0	1	1	3	0	0	0	0	0	3	1	2	0	0	0	0	0	1	1	3	3	0	0	0	0	1	1	2	0	0	0	0	0	1	1	3	0	0	0	0	0	1	1	2	0	0	0	0	0	1	1	3	0	0	0	0	0	1	1	2	0	0	0	0	0	1	1	1	0	0	0	0	3	1	2	2	0	0	0	0	0	1	1	3	0	0	0	0	1	1	2	2	0	0	0	0	0	1	1	3	0	0	0	0	0	1	1	2	0	0	0	0	0	1	1	3	0	0	0	0	0	0	1	1	1	0	0	0	0	2	1	3	3	0	0	0	0	1	1	2	0	0	0	0	0	1	1	3	3	0	0	0	0	0	1	1	2	0	0	0	0	0	1	1	3	0	0	0	0	0	1	1	2	0	0	0	0	0	1	1	3	0	0	0	0	1	1	2	2	0	0	0	0	0	1	3	1	0	0	0	0	1	2	2	1	0	0	0	0	0	1	3	1	0	0	0	0	0	1	2	1	0	0	0	0	0	1	1	3	0	0	0	0	0	1	1	2	0	0	0	0	1	3	3	1	0	0	0	0	0	1	2	1	0	0	0	0	1	3	3	1	0	0	0	0	0	1	2	1	0	0	0	0	0	1	3	1	0	0	0	0	0	1	2	1	0	0	0	0	0	1	3	1	0	0	0	0	0	1	2	2	1	0	0	0	0	1	3	1	0	0	0	0	0	2	2	1	1	0	0	0	0	3	1	1	0	0	0	0	0	2	1	1	0	0	0	0	0	3	1	1	0	0	0	0	0	1	2	1	0	0	0	0	3	3	1	1	0	0	0	0	0	2	1	1	0	0	0	0	3	3	1	1	0	0	0	0	0	2	1	1	0	0	0	0	0	3	1	1	0	0	0	0	0	2	1	1	0	0	0	0	0	3	1	2	0	0	0	0	2	1	1	0	0	0	0	0	0	3	1	1	0	0	0	0	2	2	1	1	0	0	0	0	0	3	1	1	0	0	0	0	0	2	1	1	0	0	0	0	0	3	1	1	0	0	0	0	0	2	1	1	0	0	0	0	3	3	1	0	0	0	0	0	3	1	1	0	0	0	0	0	3	3	1	1	0	0	0	0	3	1	1	0	0	0	0	0	3	1	1	0	0	0	0	0	3	1	1	0	0	0	0	0	3	1	1	0	0	0	0	0
PATIENT_WEIGHT
68	105	64	75	98	107	109	68	46	89	73	78	90	146	121	144	41	108	149	106	80	38	35	44	35	108	144	110	113	82	125	66	48	147	52	149	46	126	42	56	41	133	67	34	89	105	117	134	73	130	69	140	92	68	139	131	100	99	87	115	42	82	91	127	112	78	117	63	102	81	49	52	131	115	87	51	40	57	50	40	64	39	97	131	99	137	94	128	30	55	79	129	119	115	145	144	47	128	86	100	86	62	95	135	32	86	110	82	123	54	71	94	80	144	101	39	75	143	149	51	120	112	118	50	44	131	83	59	120	73	53	121	107	64	130	146	53	111	88	77	61	42	124	145	46	75	47	31	76	94	54	62	83	61	85	102	131	64	88	122	62	141	83	106	115	93	131	37	67	143	121	58	31	103	104	51	103	67	96	149	103	132	141	104	95	32	106	111	50	147	148	104	43	113	51	115	74	79	109	122	102	69	50	141	74	88	104	74	117	90	140	135	44	127	123	134	100	103	127	61	88	42	34	43	57	48	115	91	57	100	57	46	97	123	65	129	93	52	69	93	139	52	81	57	91	144	78	51	91	80	72	145	135	57	75	67	53	87	115	39	71	78	112	82	35	111	132	59	94	39	138	105	48	113	94	69	64	79	108	30	125	110	137	143	49	149	35	83	93	37	48	40	47	148	44	83	116	76	64	55	82	62	63	32	139	143	129	128	148	72	104	77	142	128	32	136	84	99	105	149	107	47	70	100	94	119	142	92	117	41	47	98	41	62	136	119	61	64	125	122	43	44	127	46	132	99	76	56	86	71	108	104	54	65	120	55	63	61	143	134	38	126	109	135	46	75	77	85	104	144	37	104	31	137	59	114	124	63	119	128	122	80	107	70	97	107	87	78	125	100	62	109	77	143	81	37	60	79	126	70	88	102	74	57	89	66	142	143	149	111	117	84	68	30	75	84	54	138	142	60	98	142	74	95	132	124	81	114	95	46	100	40	111	123	113	87	116	68	125	54	119	110	76	44	116	142	42	125	91	109	129	136	130	74	49	75	51	58	63	59	112	121	128	54	133	56	85	125	137	44	137	81	111	144	83	93	51	135	114	139	143	103	55	119	72	60	127	107	78	82	142	50	85	76	30	93	133	131	83	98	94	99	76	128	104	84	33	88	60	120	78	119	98	142	109	109	106	44	145	124	51	65	31	61	148	103	120	44	90	60	78	64	54	94	146	105	136	109	131	62	61	132	109	68	134	52	39	117	47	124	146	107	47	52	49	94	42	45	142	121	38	95	102	105	41	107	113	72	46	117	44	142	94	124	86	44	86	33	97	73	119	78	106	66	72	65	121	146	141	117	77	117	86	42	94	122	114	33	64	75	86	150	133	141	80	117	76	114	107	85	55	111	96	61	115	41	59	85	42	149	146	67	144	41	33	58	67	62	118	60	98	71	148	118	131	85	97	102	35	138	101	114	75	53	110	37	147	108	129	73	62	127	126	145	49	83	50	70	104	87	41	141	39	89	106	32	123	35	56	127	122	130	54	86	51	48	89	119	104	145	142	84	125	131	111	52	85	84	68	123	64	135	133	127	81	112	43	141	85	54	46	76	47	91	40	62	90	55	114	111	114	87	137	44	147	37	145	119	106	51	37	43	104	114	148	138	36	42	102	49	148	125	37	113	53	31	62	37	131	133	30	101	68	93	46	99	50	82	45	119	140	34	102	56	135	127	120	148	111	146	117	38	79	48	49	62	102	42	57	102	84	108	68	114	115	145	96	145	52	88	122	56	53	65	145	36	119	122	146	137	133	39	63	39	147	43	87	64	122	98	97
DISTANCE_MATRIX
0	360	318	300	288	276	264	264	150	150	150	60	90	90	162	168	204	228	234	312	360	408	348	318	168	192	168	318
360	60	264	318	324	342	342	342	348	348	354	360	372	378	378	420	420	480	462	498	462	462	384	420	372	420	378	378
318	264	60	270	276	288	288	288	294	294	294	318	318	324	324	414	414	468	462	486	462	462	330	366	366	408	372	324
300	318	270	60	276	288	288	288	288	288	288	300	300	312	318	408	408	468	462	486	438	438	318	360	360	402	360	312
288	324	276	276	60	276	276	276	276	276	276	288	288	300	300	402	396	462	456	480	432	432	300	360	360	402	348	300
276	342	288	288	276	60	180	180	252	258	264	264	264	288	288	390	390	456	450	480	432	432	288	348	348	348	288	288
264	342	288	288	276	180	60	180	246	258	264	264	264	288	288	390	390	456	450	480	432	432	288	348	348	348	288	288
264	342	288	288	276	180	180	60	240	258	264	264	264	288	288	390	390	456	450	480	432	432	288	348	348	348	288	288
150	348	294	288	276	252	246	240	60	120	120	150	126	270	270	378	384	420	438	480	420	408	276	300	300	300	276	270
150	348	294	288	276	258	258	258	120	60	120	150	150	270	270	378	384	420	438	480	420	408	276	300	300	300	276	270
150	354	294	288	276	264	264	264	120	120	60	150	150	270	270	378	384	420	438	480	420	408	276	300	300	300	276	270
60	360	318	300	288	264	264	264	150	150	150	60	90	162	168	228	234	312	360	408	348	318	168	192	192	198	168	162
90	372	318	300	288	264	264	264	150	150	150	90	60	162	168	228	234	312	360	408	348	318	168	192	192	198	168	162
90	378	324	312	300	288	288	288	270	270	270	162	162	60	120	180	180	306	210	360	300	300	120	180	120	180	120	234
162	378	324	318	300	288	288	288	270	270	270	168	168	120	60	180	180	306	210	360	300	300	120	180	120	180	120	120
168	420	414	408	402	348	348	348	300	300	300	228	228	180	180	60	132	204	132	348	258	258	186	60	180	132	222	180
204	420	414	408	396	390	390	390	384	384	384	234	234	180	180	132	60	204	132	348	258	258	186	60	180	132	222	180
228	480	468	468	462	456	456	456	420	420	420	312	312	306	306	204	204	60	198	120	240	240	306	204	306	138	306	306
234	462	462	462	456	450	450	450	438	438	438	360	360	210	210	132	132	198	60	138	132	132	210	132	210	132	210	210
312	498	486	486	480	480	480	480	480	480	480	408	408	360	360	348	348	120	138	60	348	348	360	348	360	348	360	360
360	462	462	438	432	432	432	432	420	420	420	348	348	300	300	258	258	240	132	348	60	60	300	258	300	258	300	300
408	462	462	438	432	432	432	432	408	408	408	318	318	300	300	258	258	240	132	348	60	60	300	258	300	258	300	300
348	384	330	318	300	288	288	288	276	276	276	168	168	120	120	186	186	306	210	360	300	300	60	186	120	186	120	120
318	420	366	360	360	348	348	348	300	300	300	192	192	180	180	60	60	204	132	348	258	258	186	60	180	60	180	180
168	372	300	306	300	288	288	288	270	270	270	168	168	120	120	180	180	306	210	360	300	300	120	180	60	180	120	120
192	420	408	402	402	348	348	348	300	300	300	198	198	180	180	132	132	138	132	348	258	258	186	60	180	60	180	180
168	378	372	360	348	288	288	288	276	276	276	168	168	120	120	222	222	306	210	360	300	300	120	180	120	180	60	120
318	378	324	312	300	288	288	288	270	270	270	162	162	234	120	180	180	306	210	360	300	300	120	180	120	180	120	60
DEPOTS_DISTANCE
234	462	462	462	456	450	450	450	438	438	438	360	360	210	210	132	132	198	60	138	132	132	210	132	210	132	210	210	
348	384	330	318	300	288	288	288	276	276	276	168	168	120	120	186	186	306	210	360	300	300	60	186	120	186	120	120	
318	420	366	360	360	348	348	348	300	300	300	192	192	180	180	60	60	204	132	348	258	258	186	60	180	60	180	180	
LOCATION_TURN_MATRIX
100	130	122	113	112	199	136	122	129	152	173	146	151	136	158	140	176	113	122	167	194	134	110	172	114	184	100	147	
170	100	154	188	164	169	136	136	152	170	104	183	155	115	101	104	155	187	174	115	149	134	178	168	114	135	168	102	
178	146	100	161	178	114	104	165	117	139	126	169	192	109	120	179	160	152	154	134	113	140	154	179	196	196	192	181	
187	112	139	100	158	114	195	181	104	132	195	106	183	169	132	170	140	136	172	148	116	110	123	136	151	120	176	169	
188	136	122	142	100	175	164	159	112	100	167	164	135	191	132	181	104	123	142	156	108	117	193	182	116	147	156	185	
101	131	186	186	125	100	190	147	164	150	137	102	145	176	185	131	113	108	117	186	118	151	140	178	154	189	172	110	
164	164	196	105	136	110	100	186	153	151	183	193	111	157	144	123	188	142	110	163	105	190	166	187	170	171	186	126	
178	164	135	119	141	153	114	100	106	130	108	103	151	178	122	151	130	133	184	177	110	141	166	110	122	174	191	197	
171	148	183	196	188	136	147	194	100	167	100	146	168	129	128	142	172	118	174	147	105	158	156	160	120	106	119	136	
148	130	161	168	200	150	149	170	133	100	177	106	175	116	188	180	176	194	108	146	130	187	183	173	128	141	169	176	
127	196	174	105	133	163	117	192	200	123	100	171	175	140	183	115	104	186	128	153	151	175	100	146	191	117	132	197	
154	117	131	194	136	198	107	197	154	194	129	100	136	184	140	147	172	184	148	131	103	156	185	200	152	158	154	143	
149	145	108	117	165	155	189	149	132	125	125	164	100	140	199	142	101	144	163	185	117	191	200	143	113	165	102	154	
164	185	191	131	109	124	143	122	171	184	160	116	160	100	109	116	196	113	131	186	166	139	183	175	144	161	105	170	
142	199	180	168	168	115	156	178	172	112	117	160	101	191	100	147	177	177	199	158	172	188	164	175	180	168	154	195	
160	196	121	130	119	169	177	149	158	120	185	153	158	184	153	100	152	159	197	157	181	159	102	123	168	200	124	186	
124	145	140	160	196	187	112	170	128	124	196	128	199	104	123	148	100	149	114	112	117	135	105	132	138	180	198	156	
187	113	148	164	177	192	158	167	182	106	114	116	156	187	123	141	151	100	166	132	168	163	159	123	129	173	161	116	
178	126	146	128	158	183	190	116	126	192	172	152	137	169	101	103	186	134	100	184	199	137	130	160	148	113	140	150	
133	185	166	152	144	114	137	123	153	154	147	169	115	114	142	143	188	168	116	100	111	195	128	157	191	164	141	171	
106	151	187	184	192	182	195	190	195	170	149	197	183	134	128	119	183	132	101	189	100	129	151	163	147	166	104	177	
166	166	160	190	183	149	110	159	142	113	125	144	109	161	112	141	165	137	163	105	171	100	101	185	169	129	103	197	
190	122	146	177	107	160	134	134	144	117	200	115	100	117	136	198	195	141	170	172	149	199	100	106	150	116	118	145	
128	132	121	164	118	122	113	190	140	127	154	100	157	125	125	177	168	177	140	143	137	115	194	100	128	167	115	155	
186	186	104	149	184	146	130	178	180	172	109	148	187	156	120	132	162	171	152	109	153	131	150	172	100	155	124	184	
116	165	104	180	153	111	129	126	194	159	183	142	135	139	132	100	120	127	187	136	134	171	184	133	145	100	129	192	
200	132	108	124	144	128	114	109	181	131	168	146	198	195	146	176	102	139	160	159	196	197	182	185	176	171	100	146	
153	198	119	131	115	190	174	103	164	124	103	157	146	130	105	114	144	184	150	129	123	103	155	145	116	108	154	100	
DEPOTS_TO_LOCAL_TURN_MATRIX
178	126	146	128	158	183	190	116	126	192	172	152	137	169	101	103	186	134	100	184	199	137	130	160	148	113	140	150	
190	122	146	177	107	160	134	134	144	117	200	115	100	117	136	198	195	141	170	172	149	199	100	106	150	116	118	145	
128	132	121	164	118	122	113	190	140	127	154	100	157	125	125	177	168	177	140	143	137	115	194	100	128	167	115	155	
LOCAL_TO_DEPOT_TURN_MATRIX
122	174	154	172	142	117	110	184	174	108	128	148	163	131	199	197	114	166	100	116	101	163	170	140	152	187	160	150	
110	178	154	123	193	140	166	166	156	183	100	185	200	183	164	102	105	159	130	128	151	101	100	194	150	184	182	155	
172	168	179	136	182	178	187	110	160	173	146	200	143	175	175	123	132	123	160	157	163	185	106	100	172	133	185	145	

