INDEX_PROBLEM
1
PATIENTS
800
STRETCHERS
16
NUM_ROOM
28
NUM_DEPOT
3
NUM_PRIORITY
4
PRIORITY_LIST
0	1	2	3	4
PRIORITY_WEIGHT
0	1	10	18	30
PRIORITY_JOB
0	2	3	1	3	4	3	3	3	3	4	2	4	4	3	3	3	3	4	3	4	4	3	4	2	3	4	3	4	4	3	4	2	4	2	3	3	3	4	3	4	4	2	3	3	3	4	3	4	1	3	2	4	3	4	3	4	1	3	4	1	1	1	2	1	4	1	3	4	3	4	4	3	1	2	3	1	2	1	2	2	4	2	4	3	3	4	3	3	1	1	2	3	1	2	1	2	4	4	2	3	3	4	4	3	1	1	4	1	2	1	2	1	4	3	2	3	3	4	4	3	4	1	4	1	1	2	1	2	1	3	4	2	3	4	3	4	4	1	3	4	1	2	1	2	1	2	4	2	3	3	3	3	4	1	4	2	2	2	1	2	1	3	2	3	4	4	3	4	3	2	1	2	3	2	1	1	2	1	1	3	4	4	4	3	4	1	2	3	2	1	1	2	1	3	4	2	4	4	3	4	4	1	1	2	3	2	1	2	1	3	4	2	3	3	3	4	4	3	1	1	4	2	2	2	1	2	4	3	2	3	3	4	4	3	4	1	4	1	1	1	2	1	3	4	2	3	4	3	4	4	1	3	4	2	1	1	2	1	2	4	2	3	3	3	3	4	1	4	2	2	1	2	2	1	3	2	3	4	4	3	4	3	2	1	2	3	1	2	2	1	1	1	3	4	4	4	3	4	1	2	3	1	2	1	1	2	3	4	2	4	4	3	4	3	1	1	2	3	1	2	2	1	3	4	2	4	4	3	4	4	1	1	2	3	2	1	2	1	3	4	2	3	3	4	4	3	4	1	1	3	2	2	1	1	2	4	2	3	3	4	4	3	4	1	4	2	1	1	1	2	4	2	3	3	3	4	3	4	1	1	4	2	2	2	1	2	1	4	4	2	3	3	4	3	4	1	2	3	2	1	2	2	1	1	4	4	3	3	4	3	4	1	2	3	2	2	1	1	1	4	2	4	3	4	4	3	1	1	2	2	1	2	2	1	3	3	4	2	3	4	4	3	3	4	1	1	2	2	1	2	1	3	4	2	4	4	3	4	3	3	1	1	2	2	1	2	2	3	4	2	4	4	3	4	3	3	1	4	1	1	1	2	2	4	2	3	3	4	4	3	1	3	1	4	2	1	2	2	1	2	4	2	3	4	3	4	4	4	1	2	2	1	2	2	1	3	1	3	3	4	3	4	1	4	2	2	1	2	1	1	3	3	4	2	4	3	3	4	1	1	4	2	1	2	1	2	3	2	3	4	4	3	4	3	2	1	1	4	1	2	2	1	4	2	3	2	4	3	4	3	4	3	1	4	2	1	2	2	1	3	2	3	4	3	3	4	3	1	4	1	2	1	1	2	2	4	2	3	4	3	3	4	3	1	4	1	2	1	2	1	2	4	2	3	3	4	4	3	2	4	1	2	1	2	2	1	2	3	1	3	4	3	4	3	1	4	2	1	2	1	1	2	3	4	3	4	3	3	4	1	1	4	1	2	1	2	1	3	2	3	4	4	3	3	4	2	1	1	4	2	2	1	2	3	2	3	2	4	4	3	4	3	3	1	4	1	2	2	1	1	3	2	4	3	4	3	3	3	1	4	1	1	2	1	2	3	4	2	3	4	4	3	3	3	1	4	1	2	1	2	2	2	4	2	3	4	3	4	3	2	1	3	1	2	1	2	2	4	1	3	4	3	4	4	1	2	3	1	2	1	1	1	2	1	4	3	1	2	2	1	1	1	4	2	1	2	1	2	1	2	3	2	1	2	1	1	1	1	4	2	1	2	1	2	2	1	4	2	1	2	1	2	1	3	4	1	2	2	1	2
TIME_ASKED
0	28849	28898	28947	28996	29045	29094	29149	29198	29247	29296	29345	29394	29429	29458	29487	29516	29545	29574	29603	29632	29661	29690	29742	29784	29826	29868	29910	29952	29994	30029	30058	30087	30116	30145	30174	30203	30232	30261	30290	30329	30358	30387	30416	30445	30474	30503	30532	30561	30590	30621	30642	30663	30684	30705	30726	30747	30768	30789	30810	30831	30852	30873	30894	30949	30998	31047	31096	31145	31194	31227	31254	31281	31308	31335	31362	31389	31416	31443	31470	31497	31524	31548	31572	31596	31620	31644	31668	31692	31716	31740	31764	31788	31837	31874	31911	31948	31985	32022	32059	32096	32159	32218	32277	32336	32395	32419	32438	32457	32476	32495	32514	32533	32552	32571	32590	32609	32628	32647	32666	32685	32759	32818	32877	32936	32995	33027	33054	33081	33108	33135	33162	33189	33216	33243	33270	33297	33333	33366	33399	33432	33465	33498	33531	33564	33597	33616	33632	33648	33664	33680	33696	33712	33728	33744	33760	33776	33792	33808	33824	33840	33856	33872	33888	33933	33966	33999	34032	34065	34098	34131	34164	34197	34242	34284	34326	34368	34410	34452	34494	34533	34566	34599	34632	34665	34698	34731	34764	34797	34827	34854	34881	34908	34935	34962	34989	35016	35043	35070	35097	35137	35174	35211	35248	35285	35322	35359	35396	35433	35466	35499	35532	35565	35598	35631	35664	35697	35723	35746	35769	35792	35815	35838	35861	35884	35907	35930	35953	35976	35999	36023	36046	36069	36092	36115	36138	36161	36184	36207	36230	36253	36276	36299	36327	36354	36381	36408	36435	36462	36489	36516	36543	36570	36597	36619	36638	36657	36676	36695	36714	36733	36752	36771	36790	36809	36828	36847	36866	36885	36949	36998	37047	37096	37145	37194	37259	37318	37377	37436	37495	37549	37598	37647	37696	37745	37794	37827	37854	37881	37908	37935	37962	37989	38016	38043	38070	38097	38123	38146	38169	38192	38215	38238	38261	38284	38307	38330	38353	38376	38399	38419	38438	38457	38476	38495	38514	38533	38552	38571	38590	38609	38628	38647	38666	38685	38742	38784	38826	38868	38910	38952	38994	39029	39058	39087	39116	39145	39174	39203	39232	39261	39290	39349	39398	39447	39496	39545	39594	39633	39666	39699	39732	39765	39798	39831	39864	39897	39937	39974	40011	40048	40085	40122	40159	40196	40242	40284	40326	40368	40410	40452	40494	40542	40584	40626	40668	40710	40752	40794	40849	40898	40947	40996	41045	41094	41133	41166	41199	41232	41265	41298	41331	41364	41397	41423	41446	41469	41492	41515	41538	41561	41584	41607	41630	41653	41676	41699	41749	41798	41847	41896	41945	41994	42099	42198	42297	42342	42384	42426	42468	42510	42552	42594	42699	42798	42897	42923	42946	42969	42992	43015	43038	43061	43084	43107	43130	43153	43176	43199	43237	43274	43311	43348	43385	43422	43459	43496	43549	43598	43647	43696	43745	43794	43899	43998	44097	44159	44218	44277	44336	44395	44459	44518	44577	44636	44695	44799	44898	44997	45033	45066	45099	45132	45165	45198	45231	45264	45297	45337	45374	45411	45448	45485	45522	45559	45596	45637	45674	45711	45748	45785	45822	45859	45896	45959	46018	46077	46136	46195	46249	46298	46347	46396	46445	46494	46537	46574	46611	46648	46685	46722	46759	46796	46821	46842	46863	46884	46905	46926	46947	46968	46989	47010	47031	47052	47073	47094	47199	47298	47397	47437	47474	47511	47548	47585	47622	47659	47696	47737	47774	47811	47848	47885	47922	47959	47996	48049	48098	48147	48196	48245	48294	48324	48348	48372	48396	48420	48444	48468	48492	48516	48540	48564	48588	48627	48654	48681	48708	48735	48762	48789	48816	48843	48870	48897	48937	48974	49011	49048	49085	49122	49159	49196	49233	49266	49299	49332	49365	49398	49431	49464	49497	49537	49574	49611	49648	49685	49722	49759	49796	49827	49854	49881	49908	49935	49962	49989	50016	50043	50070	50097	50149	50198	50247	50296	50345	50394	50424	50448	50472	50496	50520	50544	50568	50592	50616	50640	50664	50688	50737	50774	50811	50848	50885	50922	50959	50996	51027	51054	51081	51108	51135	51162	51189	51216	51243	51270	51297	51324	51348	51372	51396	51420	51444	51468	51492	51516	51540	51564	51588	51637	51674	51711	51748	51785	51822	51859	51896	51933	51966	51999	52032	52065	52098	52131	52164	52197	52259	52318	52377	52436	52495	52517	52534	52551	52568	52585	52602	52619	52636	52653	52670	52687	52704	52721	52738	52755	52772	52789	52859	52918	52977	53036	53095	53137	53174	53211	53248	53285	53322	53359	53396	53459	53518	53577	53636	53695	53733	53766	53799	53832	53865	53898	53931	53964	53997	54027	54054	54081	54108	54135	54162	54189	54216	54243	54270	54297	54374	54448	54522	54596	54627	54654	54681	54708	54735	54762	54789	54816	54843	54870	54897	55049	55198	55237	55274	55311	55348	55385	55422	55459	55496	55574	55648	55722	55796	55827	55854	55881	55908	55935	55962	55989	56016	56043	56070	56097	56399	56499	56598	56697	56733	56766	56799	56832	56865	56898	56931	56964	56997	57049	57098	57147	57196	57245	57294	57359	57418	57477	57536	57595
ORIGIN
26	16	6	25	19	7	27	23	25	14	23	20	14	14	14	14	2	14	14	14	14	4	26	16	14	14	16	9	14	27	7	3	14	9	14	14	11	2	23	14	14	2	14	20	2	14	14	27	8	6	27	18	7	27	20	8	26	14	17	2	22	23	2	26	14	14	23	7	14	24	15	1	27	7	25	1	1	26	14	3	14	1	23	14	23	23	14	1	16	8	14	5	5	15	14	1	8	1	18	26	14	20	8	1	7	14	17	27	27	20	2	14	14	14	14	4	24	15	4	16	25	14	3	23	23	2	14	14	23	23	10	2	2	12	2	14	16	14	14	23	23	27	27	16	14	16	7	27	1	8	1	13	16	2	27	20	20	14	14	14	20	2	4	24	15	4	8	16	8	20	2	26	2	2	14	14	14	14	3	23	12	2	23	14	14	1	14	1	27	11	14	1	14	25	14	20	8	27	23	9	7	14	20	2	24	14	14	7	16	27	14	14	4	14	16	5	5	22	7	14	2	14	14	14	14	14	7	25	2	23	14	3	14	14	14	14	11	14	1	1	25	25	14	8	27	23	9	23	14	16	16	14	14	14	27	14	13	2	3	4	26	16	5	26	16	4	4	26	14	2	14	14	14	2	20	2	23	13	3	23	27	10	11	2	14	14	25	14	25	26	2	2	23	8	3	23	10	3	23	14	2	2	14	1	1	14	14	23	16	5	14	16	25	8	26	14	3	14	14	3	14	14	14	23	13	2	14	14	3	14	3	14	1	7	14	3	23	14	12	20	8	1	23	10	27	23	12	2	26	14	14	27	14	14	7	7	5	7	16	7	14	27	7	14	14	14	14	16	14	14	14	13	2	7	14	3	20	14	1	1	7	14	1	26	14	16	26	14	1	23	10	1	14	14	2	14	14	14	27	14	2	27	11	27	14	1	3	7	27	3	23	1	1	3	14	20	10	23	23	16	23	7	5	24	14	2	27	5	7	1	26	14	7	25	23	23	23	10	23	23	14	14	14	23	14	14	27	14	25	3	27	20	16	6	27	19	7	27	22	12	23	26	14	2	26	7	14	23	14	3	23	14	7	27	2	14	1	1	14	1	26	27	23	24	9	26	20	11	26	26	14	1	27	14	8	27	2	26	26	1	5	27	18	7	20	4	14	3	14	17	2	22	2	23	11	2	3	27	14	4	24	15	1	25	1	14	26	20	23	27	2	9	1	14	11	2	23	12	14	1	14	14	7	15	14	14	3	1	3	10	7	27	20	3	3	14	2	27	27	11	14	3	26	3	23	14	4	1	15	4	25	12	14	2	26	14	2	14	23	1	27	3	2	23	25	23	14	14	25	14	14	7	11	25	23	26	26	7	27	20	7	24	14	26	14	20	2	14	26	26	14	23	14	3	24	14	4	7	14	14	26	26	23	23	14	14	14	11	14	2	23	12	14	14	14	23	27	14	14	27	14	1	9	27	2	23	19	8	27	9	14	20	20	2	14	23	1	5	5	14	26	24	14	4	14	14	1	26	14	2	26	14	23	3	3	10	1	23	12	2	23	23	27	8	14	27	11	15	1	1	16	23	27	19	7	27	1	3	23	27	27	22	14	2	14	14	14	3	7	14	4	16	1	1	26	3	1	26	14	4	2	14	9	1	23	4	14	23	14	3	14	14	14	11	14	1	7	23	6	3	18	7	27	21	8	14	27	10	22	23	2	14	26	14	3	14	25	4	25	16	25	25	14	20	26	14	16	23	23	9	1	14	14	2	23	13	26	14	27	27	14	8	1	4	26	5	27	18	7	27	20	8	23	26	26	1	23	2	7	14	3
DESTINATION
3	14	17	14	22	23	2	26	14	3	27	7	4	25	16	25	14	25	9	1	26	14	3	14	9	1	16	14	2	23	13	26	8	14	5	5	15	14	1	8	5	27	26	7	27	20	8	23	14	17	2	27	20	2	14	14	3	16	6	14	19	7	27	23	25	2	3	20	10	2	14	14	23	20	14	14	14	14	4	26	16	14	27	9	27	27	16	14	16	14	9	14	14	11	2	23	14	23	27	14	3	14	14	14	20	8	6	18	18	7	27	8	20	2	26	14	2	14	14	14	14	3	23	27	27	24	15	1	27	1	14	14	27	11	14	1	14	25	1	27	27	23	23	14	1	16	20	2	24	14	14	7	16	27	18	7	7	20	8	1	7	14	14	2	14	14	14	14	14	7	14	14	24	24	15	4	16	25	14	27	11	14	1	25	25	14	10	14	2	12	2	14	16	14	2	14	14	23	27	14	13	2	7	27	1	8	1	13	16	2	3	26	14	2	14	14	14	2	20	4	24	15	8	8	16	8	20	14	14	1	25	14	25	26	2	2	12	2	23	23	14	14	1	14	2	27	14	1	1	14	14	8	20	8	23	9	7	14	14	14	3	14	14	3	14	14	14	14	4	14	16	5	5	22	7	14	1	7	14	3	23	14	12	14	2	2	14	3	14	14	14	14	26	14	14	27	14	14	7	8	27	27	9	23	14	16	16	7	14	14	4	16	14	14	14	4	26	16	5	26	16	4	4	1	7	14	2	26	14	16	26	2	23	13	3	23	27	10	11	14	14	14	27	14	2	27	11	27	23	8	1	23	10	3	23	23	14	23	14	20	10	23	23	16	16	5	5	16	25	8	26	7	14	13	26	14	7	25	23	23	13	2	23	14	3	14	3	20	14	27	14	14	25	3	27	20	8	1	23	10	27	23	12	2	26	23	14	13	2	26	7	14	14	26	16	7	14	27	7	14	1	13	14	1	26	27	23	14	13	23	14	3	20	14	1	1	27	14	1	27	2	26	26	1	1	1	23	1	14	14	2	14	14	17	2	22	23	2	2	11	27	14	3	27	3	23	1	1	25	14	4	26	20	23	27	2	23	23	3	24	14	2	27	1	14	14	7	15	14	14	3	23	23	10	14	23	14	14	14	23	14	2	27	20	11	14	3	26	16	6	27	19	27	7	12	22	14	2	26	14	2	14	23	14	23	3	14	7	27	2	14	14	14	25	15	14	7	11	25	24	9	26	20	11	26	26	14	23	26	14	20	2	14	26	26	16	27	18	18	20	4	14	3	14	3	26	14	23	14	14	14	11	3	27	14	4	24	15	1	14	23	14	14	27	14	1	9	9	14	1	2	23	12	14	1	3	14	20	2	14	23	1	5	3	10	7	27	20	3	3	3	1	26	14	2	26	14	23	3	9	14	14	1	1	15	4	25	12	8	14	27	11	15	1	1	27	23	2	2	23	25	23	14	23	27	27	22	14	2	14	26	7	7	27	20	7	24	14	14	26	3	1	26	14	4	2	23	14	3	24	14	4	7	14	14	14	14	27	11	14	1	7	23	14	2	23	12	14	14	14	14	27	2	22	23	2	14	26	27	2	23	19	8	27	9	5	25	14	20	26	14	16	23	23	14	26	24	14	4	14	14	3	14	14	27	14	8	1	4	26	10	1	1	12	2	23	23	27	17	26	27	23	2	7	14	16	23	14	19	7	27	1	3	25	14	5	14	14	14	14	14	14	3	7	14	4	16	1	1	14	14	9	9	14	27	7	3	1	23	23	4	14	23	14	3	14	2	27	20	2	14	14	27	3	3	14	7	27	21	8	26
DUE_DATE
0	30427	29996	31245	30094	29603	30192	30247	30296	30345	29854	30923	29952	29987	30556	30585	30614	30643	30132	30701	30190	30219	30788	30300	31362	30924	30426	31008	30510	30552	31127	30616	31665	30674	31723	31272	31301	31330	30819	31388	30887	30916	31965	31514	31543	31572	31061	31630	31119	32888	31719	32220	31221	31782	31263	31824	31305	33066	31887	31368	33129	33150	33171	32472	33247	31556	33345	32194	31703	32292	31785	31812	32379	33606	32913	32460	33687	32994	33741	33048	33075	32082	33126	32130	32694	32718	32202	32766	32790	34014	34038	33342	32886	34135	33452	34209	33526	32543	32580	33637	33194	33257	32776	32835	33434	34693	34717	32996	34755	34054	34793	34092	34831	33110	33669	34168	33707	33726	33205	33224	33783	33317	35116	33435	35234	35293	34605	35352	34659	35406	34233	33720	34767	34314	33801	34368	33855	33891	35664	34497	33990	35763	35076	35829	35142	35895	35194	34190	35226	34762	34778	34794	34810	34286	36042	34318	35354	35370	35386	36122	35418	36154	34970	35466	35031	34524	34557	35130	34623	35196	35709	36462	35775	35340	35862	36624	36666	35988	36750	36792	35631	35124	35157	35190	35763	35256	37029	36342	35895	36405	37152	37179	36486	37233	36060	35547	36594	35601	35628	36195	35695	35732	37509	37546	36863	36420	36937	37694	37011	37764	36597	36090	37143	36696	36729	36762	36255	36281	36844	38067	38090	36373	37416	37439	37462	38205	37508	36511	37074	37577	37121	37144	36627	36650	37213	36696	38459	36742	38505	38528	38551	37854	38597	37425	36912	37959	37506	36993	37560	37047	37074	38841	37668	37155	38197	38936	38955	38254	38993	38292	37291	38330	37869	37888	37907	37926	37405	39164	37443	38527	38576	39345	38674	38723	39492	38357	38896	38475	37994	38053	38647	38156	38745	39274	40043	39372	38925	40152	39459	39486	40233	40260	40287	39114	38601	38628	38655	39221	38704	40467	39770	39313	40536	39839	40582	40605	39908	39451	38934	39977	38977	38996	39555	39034	39593	40812	40831	40130	39669	40888	40187	40206	40945	39764	39243	40320	39342	39384	39966	39468	39510	41292	41327	40636	40185	40694	41443	40752	41501	40330	39819	40868	40447	40496	40005	40054	40643	40152	41931	41964	40797	41310	41343	42096	42129	41442	40455	41515	41072	41109	40606	40643	41220	40717	42494	40800	41862	42624	42666	42708	42030	41052	42120	41682	41724	41766	41268	41850	41352	43147	43196	41505	42574	42623	42672	43431	42744	43497	41790	41823	42876	42429	42462	41955	42521	42004	43767	43070	42613	43116	43859	43162	43185	43928	43951	42234	42257	42847	42896	42405	42994	42503	44292	43677	43296	43875	43920	44682	44724	44766	43068	44130	43152	43797	43356	43455	44021	45244	45267	44570	44593	45336	44639	44662	45405	44228	44251	43734	44777	44335	43832	43869	44446	44483	43980	45757	45794	45127	45176	45945	45274	46043	44892	44457	45576	44655	44717	45316	44835	45434	45493	46757	46816	46155	46214	46993	46377	46476	46095	45591	46644	45657	45690	46263	45756	46329	46362	47595	45895	47672	47709	47746	47063	47100	46117	47174	46735	46772	46269	46306	46883	48120	46957	48194	46517	47596	48375	47714	47773	48547	47876	46905	47974	47543	47052	47635	47132	47169	47206	48983	48300	48337	49094	48399	48420	49161	47982	49203	48024	48045	47526	48087	47568	49329	47610	48651	48672	49497	48876	49695	49735	48572	48609	48106	49163	48180	48757	48794	48295	50072	50109	48406	49463	50220	49537	50294	49627	49196	49725	49294	48803	48852	49422	48906	49470	49974	50718	50742	49026	50790	50094	50118	50862	49146	50205	49752	50259	49266	49833	49320	49887	49374	49941	51168	49455	50515	51272	50589	50626	51383	50220	50737	50294	49791	50364	50397	49890	50463	51696	49989	51762	51075	51835	51872	51189	51226	50243	51300	50857	50354	50925	50952	50439	51006	52233	50520	52287	51594	52341	51648	52395	51727	50756	51825	51394	51443	50952	50982	51546	52050	51054	52818	52122	52866	52170	52194	52938	52242	51786	53035	51872	51369	51946	51443	52020	53257	51554	52605	53352	52659	53406	53433	52740	52287	51774	52341	51828	52395	52422	51906	53670	53694	51978	53742	53046	53790	53094	53838	52662	53166	52735	52232	52269	52846	52883	52380	53437	54194	54231	52524	53577	53610	54363	53676	53229	53742	53295	53837	52876	52935	53534	53053	53615	53632	54849	53126	54883	54180	54197	54934	54951	53768	54265	53262	53819	53296	53853	53870	53887	55157	53476	55275	55334	54673	55435	54752	54309	53806	54863	54420	53917	53954	54557	54616	54675	55934	54253	56031	55344	56097	55410	55443	55476	54489	55542	55095	54585	55152	54639	55206	55713	56460	55287	56514	55821	56568	55875	55952	55006	56820	55694	55185	55752	55239	55266	57033	56340	55887	57114	56421	57168	57195	57347	56776	57535	55832	56409	57646	56963	57000	57757	57794	57872	56206	57300	58094	57405	58152	57459	58206	57513	57060	57567	58314	57621	58368	58395	58697	58797	57156	58275	59031	58344	59097	58410	58443	59196	57489	58542	59295	58627	59396	58725	59494	58343	57852	59657	58996	59055	59834	59173
TRANSPORT_MODE
0	2	1	1	0	0	0	0	0	2	1	2	0	0	0	0	1	1	1	0	0	0	0	0	2	1	1	0	0	0	0	0	2	2	1	1	0	0	0	0	0	2	1	1	0	0	0	0	2	2	1	1	0	0	0	0	0	3	1	1	0	0	0	0	0	0	2	1	1	0	0	0	0	3	1	1	0	0	0	0	0	2	1	1	0	0	0	0	0	3	3	1	1	0	0	0	0	0	2	1	1	0	0	0	0	3	3	1	1	0	0	0	0	0	2	1	1	0	0	0	0	0	3	1	1	0	0	0	0	0	2	1	1	0	0	0	0	0	3	1	1	0	0	0	0	0	2	2	1	1	0	0	0	0	3	1	1	0	0	0	0	0	2	2	1	1	0	0	0	0	0	3	1	1	0	0	0	0	0	1	2	1	0	0	0	0	3	1	1	0	0	0	0	0	0	1	2	1	0	0	0	0	3	3	1	1	0	0	0	0	0	2	1	1	0	0	0	0	0	3	3	1	1	0	0	0	0	0	2	1	1	0	0	0	0	0	3	1	1	0	0	0	0	2	1	1	0	0	0	0	0	3	1	1	0	0	0	0	0	2	2	1	1	0	0	0	0	3	1	1	0	0	0	0	0	2	2	1	1	0	0	0	0	0	3	1	1	0	0	0	0	0	2	1	1	0	0	0	0	3	1	1	0	0	0	0	0	0	2	1	1	0	0	0	0	3	3	1	1	0	0	0	0	0	2	1	1	0	0	0	0	3	3	1	1	0	0	0	0	0	2	1	1	0	0	0	0	0	3	1	2	0	0	0	0	0	1	1	1	0	0	0	0	0	3	1	2	0	0	0	0	2	1	1	0	0	0	0	0	0	3	1	1	0	0	0	0	0	2	2	1	1	0	0	0	0	3	1	1	0	0	0	0	0	2	0	1	1	0	0	0	0	3	1	1	0	0	0	0	0	2	1	1	0	0	0	0	3	3	1	0	0	0	0	0	0	1	2	1	0	0	0	0	0	1	3	3	1	0	0	0	0	1	2	1	0	0	0	0	0	1	3	1	0	0	0	0	0	2	1	1	0	0	0	0	0	1	3	1	0	0	0	0	2	2	1	0	0	0	0	0	0	1	3	1	0	0	0	0	0	1	2	2	1	0	0	0	0	1	3	1	0	0	0	0	0	1	2	1	0	0	0	0	3	1	1	0	0	0	0	0	0	1	2	1	0	0	0	0	3	3	1	0	0	0	0	0	0	1	2	1	0	0	0	0	1	3	3	1	0	0	0	0	0	1	2	1	0	0	0	0	0	1	3	1	0	0	0	0	1	2	1	0	0	0	0	0	1	3	1	0	0	0	0	0	1	2	2	0	0	0	0	0	1	3	1	0	0	0	0	0	1	2	2	1	0	0	0	0	0	1	3	1	0	0	0	0	0	1	2	1	0	0	0	0	3	1	1	0	0	0	0	0	1	2	1	0	0	0	0	3	3	1	0	0	0	0	0	0	1	2	1	0	0	0	0	1	3	3	1	0	0	0	0	0	1	2	1	0	0	0	0	0	1	3	1	0	0	0	0	2	1	1	0	0	0	0	0	1	3	1	0	0	0	0	0	2	2	1	0	0	0	0	0	1	3	1	0	0	0	0	0	1	2	2	1	0	0	0	0	1	3	1	0	0	0	0	0	1	2	1	0	0	0	0	3	1	1	0	0	0	0	0	0	3	1	1	0	0	0	0	3	3	1	0	0	0	0	0	3	1	1	0	0	0	0	0	3	3	1	1	0	0	0	0	0	3	1	1	0	0	0	0	3	1	1	0	0	0	0	0
PATIENT_WEIGHT
37	150	114	124	102	34	101	144	67	134	34	145	44	72	137	115	84	35	58	36	105	59	49	116	122	104	105	74	135	52	117	87	63	60	119	41	118	129	146	137	92	121	123	59	111	83	88	99	141	138	68	84	112	110	141	97	39	123	68	124	143	149	47	45	36	40	73	70	77	99	70	88	57	67	66	49	35	103	60	94	34	84	71	140	47	49	106	111	133	110	58	74	116	68	91	98	71	116	40	107	106	106	69	105	103	139	39	52	84	49	108	68	36	39	109	85	84	42	137	51	94	65	65	63	49	91	37	69	78	115	69	50	45	87	53	124	75	108	59	90	103	125	54	85	122	106	62	118	64	134	56	34	65	109	133	114	59	148	62	31	36	80	63	104	138	63	88	92	54	140	75	90	77	131	130	41	120	90	61	140	44	120	98	43	53	79	101	35	79	77	56	105	33	134	128	54	44	149	49	117	108	30	119	65	62	112	75	136	41	86	80	73	70	131	39	100	150	99	76	78	148	64	141	109	40	141	31	69	32	62	109	58	107	67	67	87	125	98	30	104	115	64	147	31	47	82	32	104	103	133	131	92	83	146	143	104	115	145	59	30	70	129	137	91	121	114	78	93	124	34	135	100	125	72	61	33	54	143	33	82	95	109	86	89	83	30	75	137	129	82	113	133	148	135	50	128	88	69	148	111	102	86	106	107	34	66	81	90	136	47	40	112	142	58	41	79	85	43	109	114	69	108	81	38	145	115	125	92	142	34	82	120	128	89	48	57	86	41	109	64	47	139	114	96	69	147	74	40	117	56	109	68	55	115	72	126	108	54	81	87	32	131	41	98	56	143	132	144	138	127	59	87	129	121	102	122	82	74	49	41	79	88	139	144	93	127	40	112	75	141	116	118	50	55	118	122	56	84	108	63	132	104	82	94	141	53	52	41	127	60	134	136	56	101	116	87	30	34	90	83	85	51	40	34	30	143	63	102	60	111	86	77	109	72	112	122	114	148	48	39	71	113	65	120	95	35	136	43	47	37	117	143	133	87	98	113	116	87	134	110	135	147	141	116	75	86	75	103	72	63	47	94	123	41	79	137	85	94	78	103	131	144	105	58	45	131	133	133	120	51	42	139	136	121	82	150	44	43	86	130	33	47	113	59	97	87	121	72	118	63	129	41	121	83	116	57	81	145	61	41	34	117	46	30	69	50	140	133	137	85	98	64	59	136	135	145	127	90	82	120	118	31	71	142	103	55	67	36	148	74	52	66	120	101	41	93	113	80	127	112	133	138	34	133	76	89	70	144	54	103	67	85	81	90	77	110	128	51	68	138	56	116	146	60	52	133	69	101	113	116	118	127	31	47	92	46	147	147	60	37	131	100	60	56	68	104	80	135	139	55	32	145	121	54	98	32	125	146	85	150	140	63	130	82	56	136	117	55	141	143	44	99	89	73	112	93	66	35	147	132	82	31	36	44	113	116	123	134	67	34	94	102	85	145	74	120	54	127	43	45	61	78	45	135	77	105	97	128	119	106	141	110	148	86	51	121	80	54	47	116	51	87	113	110	72	40	73	107	116	104	66	130	113	110	35	109	54	74	93	148	102	85	119	123	83	71	52	55	92	98	45	31	36	124	80	48	119	67	112	58	71	99	133	117	141	127	97	127	99	62	42	148	116	137	125	58	91	33	123	39	141	133	49	88	90	128	46	49	65	61	122	66	119	54	134	102	54	88	73	37	30	86	128	116	82	149	131	119	35	75	55	30	106	57	146	110	106	74	130	144	40	142	74	75	109	71	79	41	45	143	32	64	101	118	60	44	127	39	148	105	49
DISTANCE_MATRIX
0	360	318	300	288	276	264	264	150	150	150	60	90	90	162	168	204	228	234	312	360	408	348	318	168	192	168	318
360	60	264	318	324	342	342	342	348	348	354	360	372	378	378	420	420	480	462	498	462	462	384	420	372	420	378	378
318	264	60	270	276	288	288	288	294	294	294	318	318	324	324	414	414	468	462	486	462	462	330	366	366	408	372	324
300	318	270	60	276	288	288	288	288	288	288	300	300	312	318	408	408	468	462	486	438	438	318	360	360	402	360	312
288	324	276	276	60	276	276	276	276	276	276	288	288	300	300	402	396	462	456	480	432	432	300	360	360	402	348	300
276	342	288	288	276	60	180	180	252	258	264	264	264	288	288	390	390	456	450	480	432	432	288	348	348	348	288	288
264	342	288	288	276	180	60	180	246	258	264	264	264	288	288	390	390	456	450	480	432	432	288	348	348	348	288	288
264	342	288	288	276	180	180	60	240	258	264	264	264	288	288	390	390	456	450	480	432	432	288	348	348	348	288	288
150	348	294	288	276	252	246	240	60	120	120	150	126	270	270	378	384	420	438	480	420	408	276	300	300	300	276	270
150	348	294	288	276	258	258	258	120	60	120	150	150	270	270	378	384	420	438	480	420	408	276	300	300	300	276	270
150	354	294	288	276	264	264	264	120	120	60	150	150	270	270	378	384	420	438	480	420	408	276	300	300	300	276	270
60	360	318	300	288	264	264	264	150	150	150	60	90	162	168	228	234	312	360	408	348	318	168	192	192	198	168	162
90	372	318	300	288	264	264	264	150	150	150	90	60	162	168	228	234	312	360	408	348	318	168	192	192	198	168	162
90	378	324	312	300	288	288	288	270	270	270	162	162	60	120	180	180	306	210	360	300	300	120	180	120	180	120	234
162	378	324	318	300	288	288	288	270	270	270	168	168	120	60	180	180	306	210	360	300	300	120	180	120	180	120	120
168	420	414	408	402	348	348	348	300	300	300	228	228	180	180	60	132	204	132	348	258	258	186	60	180	132	222	180
204	420	414	408	396	390	390	390	384	384	384	234	234	180	180	132	60	204	132	348	258	258	186	60	180	132	222	180
228	480	468	468	462	456	456	456	420	420	420	312	312	306	306	204	204	60	198	120	240	240	306	204	306	138	306	306
234	462	462	462	456	450	450	450	438	438	438	360	360	210	210	132	132	198	60	138	132	132	210	132	210	132	210	210
312	498	486	486	480	480	480	480	480	480	480	408	408	360	360	348	348	120	138	60	348	348	360	348	360	348	360	360
360	462	462	438	432	432	432	432	420	420	420	348	348	300	300	258	258	240	132	348	60	60	300	258	300	258	300	300
408	462	462	438	432	432	432	432	408	408	408	318	318	300	300	258	258	240	132	348	60	60	300	258	300	258	300	300
348	384	330	318	300	288	288	288	276	276	276	168	168	120	120	186	186	306	210	360	300	300	60	186	120	186	120	120
318	420	366	360	360	348	348	348	300	300	300	192	192	180	180	60	60	204	132	348	258	258	186	60	180	60	180	180
168	372	300	306	300	288	288	288	270	270	270	168	168	120	120	180	180	306	210	360	300	300	120	180	60	180	120	120
192	420	408	402	402	348	348	348	300	300	300	198	198	180	180	132	132	138	132	348	258	258	186	60	180	60	180	180
168	378	372	360	348	288	288	288	276	276	276	168	168	120	120	222	222	306	210	360	300	300	120	180	120	180	60	120
318	378	324	312	300	288	288	288	270	270	270	162	162	234	120	180	180	306	210	360	300	300	120	180	120	180	120	60
DEPOTS_DISTANCE
234	462	462	462	456	450	450	450	438	438	438	360	360	210	210	132	132	198	60	138	132	132	210	132	210	132	210	210	
348	384	330	318	300	288	288	288	276	276	276	168	168	120	120	186	186	306	210	360	300	300	60	186	120	186	120	120	
318	420	366	360	360	348	348	348	300	300	300	192	192	180	180	60	60	204	132	348	258	258	186	60	180	60	180	180	
LOCATION_TURN_MATRIX
100	130	122	113	112	199	136	122	129	152	173	146	151	136	158	140	176	113	122	167	194	134	110	172	114	184	100	147	
170	100	154	188	164	169	136	136	152	170	104	183	155	115	101	104	155	187	174	115	149	134	178	168	114	135	168	102	
178	146	100	161	178	114	104	165	117	139	126	169	192	109	120	179	160	152	154	134	113	140	154	179	196	196	192	181	
187	112	139	100	158	114	195	181	104	132	195	106	183	169	132	170	140	136	172	148	116	110	123	136	151	120	176	169	
188	136	122	142	100	175	164	159	112	100	167	164	135	191	132	181	104	123	142	156	108	117	193	182	116	147	156	185	
101	131	186	186	125	100	190	147	164	150	137	102	145	176	185	131	113	108	117	186	118	151	140	178	154	189	172	110	
164	164	196	105	136	110	100	186	153	151	183	193	111	157	144	123	188	142	110	163	105	190	166	187	170	171	186	126	
178	164	135	119	141	153	114	100	106	130	108	103	151	178	122	151	130	133	184	177	110	141	166	110	122	174	191	197	
171	148	183	196	188	136	147	194	100	167	100	146	168	129	128	142	172	118	174	147	105	158	156	160	120	106	119	136	
148	130	161	168	200	150	149	170	133	100	177	106	175	116	188	180	176	194	108	146	130	187	183	173	128	141	169	176	
127	196	174	105	133	163	117	192	200	123	100	171	175	140	183	115	104	186	128	153	151	175	100	146	191	117	132	197	
154	117	131	194	136	198	107	197	154	194	129	100	136	184	140	147	172	184	148	131	103	156	185	200	152	158	154	143	
149	145	108	117	165	155	189	149	132	125	125	164	100	140	199	142	101	144	163	185	117	191	200	143	113	165	102	154	
164	185	191	131	109	124	143	122	171	184	160	116	160	100	109	116	196	113	131	186	166	139	183	175	144	161	105	170	
142	199	180	168	168	115	156	178	172	112	117	160	101	191	100	147	177	177	199	158	172	188	164	175	180	168	154	195	
160	196	121	130	119	169	177	149	158	120	185	153	158	184	153	100	152	159	197	157	181	159	102	123	168	200	124	186	
124	145	140	160	196	187	112	170	128	124	196	128	199	104	123	148	100	149	114	112	117	135	105	132	138	180	198	156	
187	113	148	164	177	192	158	167	182	106	114	116	156	187	123	141	151	100	166	132	168	163	159	123	129	173	161	116	
178	126	146	128	158	183	190	116	126	192	172	152	137	169	101	103	186	134	100	184	199	137	130	160	148	113	140	150	
133	185	166	152	144	114	137	123	153	154	147	169	115	114	142	143	188	168	116	100	111	195	128	157	191	164	141	171	
106	151	187	184	192	182	195	190	195	170	149	197	183	134	128	119	183	132	101	189	100	129	151	163	147	166	104	177	
166	166	160	190	183	149	110	159	142	113	125	144	109	161	112	141	165	137	163	105	171	100	101	185	169	129	103	197	
190	122	146	177	107	160	134	134	144	117	200	115	100	117	136	198	195	141	170	172	149	199	100	106	150	116	118	145	
128	132	121	164	118	122	113	190	140	127	154	100	157	125	125	177	168	177	140	143	137	115	194	100	128	167	115	155	
186	186	104	149	184	146	130	178	180	172	109	148	187	156	120	132	162	171	152	109	153	131	150	172	100	155	124	184	
116	165	104	180	153	111	129	126	194	159	183	142	135	139	132	100	120	127	187	136	134	171	184	133	145	100	129	192	
200	132	108	124	144	128	114	109	181	131	168	146	198	195	146	176	102	139	160	159	196	197	182	185	176	171	100	146	
153	198	119	131	115	190	174	103	164	124	103	157	146	130	105	114	144	184	150	129	123	103	155	145	116	108	154	100	
DEPOTS_TO_LOCAL_TURN_MATRIX
178	126	146	128	158	183	190	116	126	192	172	152	137	169	101	103	186	134	100	184	199	137	130	160	148	113	140	150	
190	122	146	177	107	160	134	134	144	117	200	115	100	117	136	198	195	141	170	172	149	199	100	106	150	116	118	145	
128	132	121	164	118	122	113	190	140	127	154	100	157	125	125	177	168	177	140	143	137	115	194	100	128	167	115	155	
LOCAL_TO_DEPOT_TURN_MATRIX
122	174	154	172	142	117	110	184	174	108	128	148	163	131	199	197	114	166	100	116	101	163	170	140	152	187	160	150	
110	178	154	123	193	140	166	166	156	183	100	185	200	183	164	102	105	159	130	128	151	101	100	194	150	184	182	155	
172	168	179	136	182	178	187	110	160	173	146	200	143	175	175	123	132	123	160	157	163	185	106	100	172	133	185	145	

