INDEX_PROBLEM
1
PATIENTS
800
STRETCHERS
16
NUM_ROOM
28
NUM_DEPOT
3
NUM_PRIORITY
4
PRIORITY_LIST
0	1	2	3	4
PRIORITY_WEIGHT
0	1	10	18	30
PRIORITY_JOB
0	2	3	1	3	3	2	3	3	2	2	3	3	2	3	4	3	1	2	3	3	4	3	3	3	2	3	2	4	3	3	4	4	2	3	2	3	3	3	2	2	3	4	3	4	3	3	4	2	3	1	2	3	2	3	4	3	1	3	2	1	1	1	2	1	3	1	2	3	2	3	4	1	3	2	1	2	1	2	1	3	4	3	2	3	2	3	4	1	1	3	2	2	1	1	1	3	2	3	4	3	3	4	2	2	1	1	3	2	2	1	1	3	1	2	3	4	3	3	2	3	2	1	3	1	2	1	1	1	2	3	3	3	4	2	3	2	2	1	3	1	2	1	2	4	2	3	3	3	4	2	3	2	2	3	1	1	1	1	2	4	2	3	4	4	2	2	3	4	1	2	1	1	1	1	2	1	2	3	4	3	3	2	3	3	1	1	2	1	2	1	2	1	2	3	3	3	2	3	4	2	1	1	2	2	1	1	1	3	3	2	3	3	2	3	4	2	4	2	1	1	2	2	1	1	3	1	2	3	4	3	3	2	4	2	1	1	2	1	1	3	1	2	2	3	3	3	4	2	3	2	1	1	2	1	2	3	4	2	3	3	3	4	2	1	3	2	1	1	2	1	2	3	4	2	3	3	2	3	4	1	1	2	1	1	2	1	2	1	4	2	3	3	3	2	3	1	2	1	1	2	1	2	1	4	3	2	3	3	3	2	3	4	2	1	2	1	1	2	1	3	1	3	2	3	4	2	3	3	4	1	1	2	1	1	2	4	2	3	1	2	3	3	3	4	2	2	3	1	1	1	2	1	4	1	2	3	3	3	2	2	2	1	1	2	1	2	2	3	3	2	3	3	3	4	2	3	2	3	1	1	1	2	2	1	4	2	3	3	4	2	3	1	1	4	1	1	1	2	1	3	2	3	1	3	3	2	3	1	2	3	1	2	1	2	1	1	2	3	4	4	3	3	2	1	2	1	2	1	1	1	2	3	3	2	3	3	3	4	2	4	2	1	1	2	1	1	2	3	3	1	3	4	3	3	3	3	2	3	1	1	1	1	1	2	4	1	2	2	3	3	3	4	2	3	1	1	2	1	1	3	1	2	2	2	3	3	3	4	3	2	1	1	2	2	1	2	3	4	2	3	2	3	3	3	1	3	1	1	1	2	1	1	2	3	4	1	4	3	4	2	2	1	2	1	2	1	2	1	3	3	1	3	3	3	2	3	2	1	3	1	2	1	2	2	2	3	4	4	3	3	2	3	2	3	1	1	1	2	1	1	1	3	4	4	3	3	4	3	2	3	1	1	2	1	1	1	1	2	3	4	2	3	3	3	2	2	1	3	2	1	2	1	1	2	3	3	3	3	4	2	2	1	3	1	2	1	2	2	4	2	3	2	3	3	3	4	1	3	1	2	2	1	1	2	3	4	1	2	3	4	2	3	1	2	3	1	1	1	2	1	3	3	1	2	2	3	2	3	1	3	2	1	1	2	1	2	3	4	2	4	3	3	2	3	1	1	3	2	1	2	2	1	3	2	3	4	3	3	3	4	1	1	4	1	1	1	2	1	2	2	3	2	3	3	3	4	1	3	1	1	2	1	2	1	2	3	2	2	3	3	3	2	1	3	4	1	2	1	2	3	2	3	2	4	1	3	3	4	1	3	2	2	2	1	1	1	3	1	2	3	3	2	3	4	1	2	3	2	1	1	1	2	1	1	1	1	1	2	1	2	3	2	2	2	1	2	1	1	1	3	4	2	1	1	1	1	1	2	2	1	2	1	1	2	1	3	2	1	2	1	2	1	1	1	3	4	1	2	1	2
TIME_ASKED
0	28849	28898	28947	28996	29045	29094	29149	29198	29247	29296	29345	29394	29429	29458	29487	29516	29545	29574	29603	29632	29661	29690	29742	29784	29826	29868	29910	29952	29994	30029	30058	30087	30116	30145	30174	30203	30232	30261	30290	30329	30358	30387	30416	30445	30474	30503	30532	30561	30590	30621	30642	30663	30684	30705	30726	30747	30768	30789	30810	30831	30852	30873	30894	30949	30998	31047	31096	31145	31194	31227	31254	31281	31308	31335	31362	31389	31416	31443	31470	31497	31524	31548	31572	31596	31620	31644	31668	31692	31716	31740	31764	31788	31837	31874	31911	31948	31985	32022	32059	32096	32159	32218	32277	32336	32395	32419	32438	32457	32476	32495	32514	32533	32552	32571	32590	32609	32628	32647	32666	32685	32759	32818	32877	32936	32995	33027	33054	33081	33108	33135	33162	33189	33216	33243	33270	33297	33333	33366	33399	33432	33465	33498	33531	33564	33597	33616	33632	33648	33664	33680	33696	33712	33728	33744	33760	33776	33792	33808	33824	33840	33856	33872	33888	33933	33966	33999	34032	34065	34098	34131	34164	34197	34242	34284	34326	34368	34410	34452	34494	34533	34566	34599	34632	34665	34698	34731	34764	34797	34827	34854	34881	34908	34935	34962	34989	35016	35043	35070	35097	35137	35174	35211	35248	35285	35322	35359	35396	35433	35466	35499	35532	35565	35598	35631	35664	35697	35723	35746	35769	35792	35815	35838	35861	35884	35907	35930	35953	35976	35999	36023	36046	36069	36092	36115	36138	36161	36184	36207	36230	36253	36276	36299	36327	36354	36381	36408	36435	36462	36489	36516	36543	36570	36597	36619	36638	36657	36676	36695	36714	36733	36752	36771	36790	36809	36828	36847	36866	36885	36949	36998	37047	37096	37145	37194	37259	37318	37377	37436	37495	37549	37598	37647	37696	37745	37794	37827	37854	37881	37908	37935	37962	37989	38016	38043	38070	38097	38123	38146	38169	38192	38215	38238	38261	38284	38307	38330	38353	38376	38399	38419	38438	38457	38476	38495	38514	38533	38552	38571	38590	38609	38628	38647	38666	38685	38742	38784	38826	38868	38910	38952	38994	39029	39058	39087	39116	39145	39174	39203	39232	39261	39290	39349	39398	39447	39496	39545	39594	39633	39666	39699	39732	39765	39798	39831	39864	39897	39937	39974	40011	40048	40085	40122	40159	40196	40242	40284	40326	40368	40410	40452	40494	40542	40584	40626	40668	40710	40752	40794	40849	40898	40947	40996	41045	41094	41133	41166	41199	41232	41265	41298	41331	41364	41397	41423	41446	41469	41492	41515	41538	41561	41584	41607	41630	41653	41676	41699	41749	41798	41847	41896	41945	41994	42099	42198	42297	42342	42384	42426	42468	42510	42552	42594	42699	42798	42897	42923	42946	42969	42992	43015	43038	43061	43084	43107	43130	43153	43176	43199	43237	43274	43311	43348	43385	43422	43459	43496	43549	43598	43647	43696	43745	43794	43899	43998	44097	44159	44218	44277	44336	44395	44459	44518	44577	44636	44695	44799	44898	44997	45033	45066	45099	45132	45165	45198	45231	45264	45297	45337	45374	45411	45448	45485	45522	45559	45596	45637	45674	45711	45748	45785	45822	45859	45896	45959	46018	46077	46136	46195	46249	46298	46347	46396	46445	46494	46537	46574	46611	46648	46685	46722	46759	46796	46821	46842	46863	46884	46905	46926	46947	46968	46989	47010	47031	47052	47073	47094	47199	47298	47397	47437	47474	47511	47548	47585	47622	47659	47696	47737	47774	47811	47848	47885	47922	47959	47996	48049	48098	48147	48196	48245	48294	48324	48348	48372	48396	48420	48444	48468	48492	48516	48540	48564	48588	48627	48654	48681	48708	48735	48762	48789	48816	48843	48870	48897	48937	48974	49011	49048	49085	49122	49159	49196	49233	49266	49299	49332	49365	49398	49431	49464	49497	49537	49574	49611	49648	49685	49722	49759	49796	49827	49854	49881	49908	49935	49962	49989	50016	50043	50070	50097	50149	50198	50247	50296	50345	50394	50424	50448	50472	50496	50520	50544	50568	50592	50616	50640	50664	50688	50737	50774	50811	50848	50885	50922	50959	50996	51027	51054	51081	51108	51135	51162	51189	51216	51243	51270	51297	51324	51348	51372	51396	51420	51444	51468	51492	51516	51540	51564	51588	51637	51674	51711	51748	51785	51822	51859	51896	51933	51966	51999	52032	52065	52098	52131	52164	52197	52259	52318	52377	52436	52495	52517	52534	52551	52568	52585	52602	52619	52636	52653	52670	52687	52704	52721	52738	52755	52772	52789	52859	52918	52977	53036	53095	53137	53174	53211	53248	53285	53322	53359	53396	53459	53518	53577	53636	53695	53733	53766	53799	53832	53865	53898	53931	53964	53997	54027	54054	54081	54108	54135	54162	54189	54216	54243	54270	54297	54374	54448	54522	54596	54627	54654	54681	54708	54735	54762	54789	54816	54843	54870	54897	55049	55198	55237	55274	55311	55348	55385	55422	55459	55496	55574	55648	55722	55796	55827	55854	55881	55908	55935	55962	55989	56016	56043	56070	56097	56399	56499	56598	56697	56733	56766	56799	56832	56865	56898	56931	56964	56997	57049	57098	57147	57196	57245	57294	57359	57418	57477	57536	57595
ORIGIN
26	16	6	25	27	7	27	23	14	25	23	26	26	14	14	14	14	14	14	3	14	4	26	16	14	14	16	14	14	27	7	14	23	9	14	14	11	2	23	13	14	14	14	20	2	14	14	27	14	6	27	18	7	27	20	8	2	14	17	2	2	23	2	26	10	14	23	27	14	24	15	1	14	25	25	14	26	14	3	14	14	1	23	11	23	23	14	2	16	27	27	5	15	14	1	7	27	1	18	7	14	20	8	1	23	1	17	23	20	2	14	14	14	14	14	4	24	15	4	26	16	14	3	3	10	2	14	14	3	14	10	2	2	12	2	23	16	16	14	15	27	27	27	14	23	2	7	27	1	8	1	23	23	3	27	27	3	14	14	14	27	27	4	24	15	4	8	16	6	23	26	26	2	14	14	3	14	14	2	23	12	2	23	14	3	23	1	14	14	27	11	14	1	14	14	20	8	14	23	9	26	14	20	2	24	14	14	27	14	14	14	14	4	14	16	5	27	14	14	23	14	14	2	14	17	2	2	12	2	23	14	3	14	14	14	27	11	14	1	25	14	7	14	8	27	23	9	1	14	16	7	14	14	4	27	14	3	14	14	4	26	16	5	26	10	1	27	26	14	2	14	14	2	26	14	2	23	13	3	23	2	27	3	11	14	1	25	14	25	26	1	27	23	8	1	23	10	2	14	2	27	14	14	25	25	15	14	23	16	5	26	16	7	27	26	14	3	14	14	3	9	14	2	23	13	2	23	14	3	14	4	14	1	7	14	3	26	23	14	20	8	1	23	10	2	23	12	2	26	14	14	27	2	14	27	15	5	26	16	7	14	26	7	14	14	3	16	14	20	2	23	13	2	23	14	3	24	11	4	7	17	1	26	14	1	1	26	8	1	23	10	1	14	17	2	14	14	14	27	14	27	11	11	27	14	16	11	1	14	11	14	23	14	14	3	14	20	14	4	2	23	14	3	24	14	4	27	7	14	1	26	14	1	14	14	1	23	10	1	23	14	2	14	14	14	27	14	14	14	9	1	26	16	6	27	19	7	27	22	23	12	26	14	12	24	2	2	23	14	3	23	14	14	25	16	14	1	25	14	1	1	14	27	24	9	26	23	11	26	23	13	14	27	14	14	27	1	14	26	16	5	27	18	7	20	4	8	3	14	17	2	22	23	2	2	14	3	23	14	4	24	15	1	1	25	14	4	26	2	14	23	9	1	23	11	2	23	12	4	27	14	14	27	15	14	27	16	5	26	17	7	27	20	8	14	14	14	2	27	20	11	23	14	3	23	14	4	24	15	4	26	25	14	3	26	14	2	14	8	1	23	10	2	23	25	27	27	14	14	14	27	15	14	7	5	26	16	7	27	20	7	27	14	3	3	9	20	2	14	13	2	23	14	3	24	14	4	7	3	14	3	3	14	2	14	14	1	23	10	2	23	12	14	14	14	14	27	14	14	27	14	5	26	14	7	26	19	8	27	14	14	3	16	20	2	14	23	2	23	14	3	24	14	4	14	14	1	1	14	14	2	26	14	7	23	10	1	23	12	2	23	14	27	27	14	14	27	11	15	26	16	6	27	19	7	27	23	20	20	20	14	22	14	2	2	23	14	3	23	14	4	16	2	1	26	16	14	1	26	14	4	23	9	1	23	4	2	23	14	13	14	14	14	27	11	14	1	25	6	3	18	7	27	21	8	2	17	10	2	22	23	2	27	14	3	14	14	4	25	16	25	1	25	5	26	14	16	14	14	9	1	27	3	2	23	13	27	16	14	27	14	14	1	4	4	5	27	18	7	27	20	8	23	14	17	1	27	23	2	7	14
DESTINATION
3	14	17	14	2	23	2	26	10	14	27	14	14	4	25	16	25	25	9	14	26	14	3	14	9	1	16	3	2	23	13	4	27	14	5	5	15	14	1	7	5	5	26	7	27	20	8	23	1	17	2	27	20	2	14	14	14	16	6	14	27	7	27	23	14	2	3	23	10	2	14	14	26	14	14	3	14	4	26	16	16	14	27	15	27	27	16	14	16	23	23	14	11	2	23	13	23	23	27	20	3	14	14	14	27	14	6	27	7	27	20	8	8	2	26	14	2	14	14	3	14	2	23	23	14	24	15	1	26	1	14	14	27	11	14	1	14	14	1	11	23	23	23	2	27	14	20	2	24	14	14	27	27	26	18	18	14	20	8	1	23	23	14	2	14	14	14	14	17	27	14	14	24	15	4	26	16	16	14	27	11	14	1	25	14	7	14	10	2	2	12	2	23	16	2	14	14	4	27	14	3	2	7	27	1	8	1	23	10	2	4	26	14	2	14	14	2	16	4	27	4	4	24	16	6	14	24	11	14	1	25	14	25	26	2	23	12	2	23	14	3	23	3	14	2	27	14	14	25	14	23	20	8	14	23	9	26	8	26	14	3	14	14	3	14	14	2	14	4	14	16	5	27	14	4	14	1	7	14	3	27	23	14	12	2	23	14	3	14	14	23	2	26	14	14	27	14	14	8	27	23	9	1	14	14	11	8	7	14	14	3	16	20	2	14	4	26	16	5	26	17	1	27	1	7	14	1	26	14	1	14	2	23	13	3	23	14	27	3	14	14	14	27	14	14	27	11	27	23	8	1	23	27	2	23	14	14	3	14	20	2	14	23	16	5	26	16	2	7	27	27	7	14	1	26	14	1	15	14	13	9	23	14	26	23	14	14	14	14	27	14	14	25	9	27	20	8	1	23	10	23	12	12	23	26	14	12	24	2	12	15	27	15	5	26	16	7	26	14	14	1	25	14	1	26	14	23	13	2	23	14	3	24	4	4	14	27	14	14	27	2	14	26	8	1	23	10	1	1	17	23	3	14	17	2	22	23	2	2	27	11	14	16	11	1	27	27	1	25	14	4	26	2	14	14	2	23	14	3	24	24	4	2	1	14	14	27	15	14	27	7	1	23	10	1	23	14	2	3	14	14	2	27	20	11	14	14	26	16	6	27	19	7	27	22	25	14	3	26	14	2	14	23	23	14	3	23	14	14	25	27	14	14	27	15	14	7	11	14	23	9	26	23	11	26	23	14	14	3	9	20	2	14	14	16	16	5	27	18	7	20	7	4	14	3	26	14	2	14	14	3	14	3	23	14	4	24	15	14	14	27	14	14	27	14	2	23	9	1	1	23	11	2	23	14	3	16	20	2	14	23	3	5	26	26	17	7	27	20	7	14	1	26	14	2	26	14	23	23	3	23	23	4	24	15	25	14	27	14	14	27	11	15	8	1	1	23	10	2	23	25	14	3	20	20	14	22	14	2	5	5	26	16	7	27	20	7	14	1	26	14	1	26	14	4	2	23	23	3	3	24	14	4	13	27	14	14	27	11	14	1	1	23	23	2	2	23	12	14	3	14	17	2	22	23	2	27	14	14	14	5	19	8	27	27	1	25	14	5	26	14	16	14	23	14	16	3	24	14	4	14	27	14	14	27	14	14	1	4	7	10	1	1	23	12	2	23	14	17	26	27	23	2	7	14	14	6	14	27	19	7	27	23	25	14	20	26	14	14	14	14	23	14	23	14	4	16	2	2	14	14	23	14	14	27	7	23	16	1	23	4	2	23	14	14	14	2	27	20	2	14	14	27	25	6	14	18	7	27	21	8
DUE_DATE
0	30427	29996	31245	30094	30143	30672	30247	30296	30825	30874	30443	30492	31007	30556	30045	30614	31843	31152	30701	30730	30219	30788	30840	30882	31404	30966	31488	30510	31092	31127	30616	30645	31694	31243	31752	31301	31330	31359	31868	31907	31456	30945	31514	31003	31572	31601	31090	32139	31688	32919	32220	31761	32262	31803	31284	31845	33066	31887	32388	33129	33150	33171	32472	33247	32096	33345	32674	32243	32772	32325	31812	33579	32406	32913	33660	32967	33714	33021	33768	32595	32082	32646	33150	32694	33198	32742	32226	33990	34014	32838	33342	33366	34135	34172	34209	33046	33563	33120	32617	33194	33257	32776	33855	33914	34693	34717	33536	34035	34054	34793	34812	33631	34850	34149	33688	33167	33726	33745	34244	33783	34337	35116	33975	35234	34573	35325	35352	35379	34686	34233	34260	34287	33774	34821	34368	34875	34911	35664	34497	35730	35043	35796	35109	34122	35175	34714	34730	34746	34222	35258	34794	35290	35306	34842	36058	36074	36090	36106	35402	34398	35434	34970	34446	34491	35544	35577	35130	34623	36396	35709	36462	36495	36540	36582	35904	36666	35988	35550	35052	35631	35664	36177	35730	35763	36996	37029	36342	37095	36405	37152	36459	37206	36513	36060	36087	36114	36621	36168	35655	36715	37472	37509	36826	36863	37620	37657	37694	36531	36564	37077	36630	36663	37176	36729	36222	37275	36281	37324	38067	38090	37393	37416	38159	38182	37005	38228	37531	37074	36557	37121	37144	37647	36650	37693	38436	38459	37762	38505	38528	37351	38574	37877	37905	37452	37479	37506	36993	38040	37587	38094	38841	38868	38175	38917	38216	37755	37234	38273	37812	37831	37850	37329	38368	39107	37926	38425	39164	39183	38527	39296	38625	38194	37703	38772	38357	38416	38955	38534	38053	39847	39896	39225	39994	40043	39372	40125	39432	40179	38466	39513	39060	39087	39114	39621	39168	40395	39701	40444	40467	39770	40513	39816	40559	38842	39405	39908	39451	39474	39497	39997	39536	39015	40054	40793	40092	40831	40850	40149	40888	39707	40926	39745	40244	39783	39300	40362	39924	39966	39468	41250	41292	40607	41356	41385	40694	39703	40752	40301	41530	40839	40388	40447	40496	40005	41074	41123	40692	41931	41964	41997	41310	42063	40356	42129	41442	40995	41035	41072	41589	41626	41663	42420	42457	41774	42540	41862	41904	41466	41508	42030	41592	41640	41682	41184	42246	41808	42330	41892	43147	43196	43245	42574	42623	43392	41691	42744	42297	42330	41823	42876	42429	43662	43695	41981	43744	43767	43790	43093	43836	42659	43162	42705	43928	42751	42774	43277	42847	44096	43425	42994	44243	43572	44397	43776	44595	44640	43962	43524	43026	43068	43650	43692	44277	45096	44475	45221	44524	45267	45290	45313	44616	44159	44182	44685	44228	44251	44274	43757	44815	43832	44889	45646	45683	45000	45757	45794	45127	44696	44745	45994	44843	44352	44997	45096	45195	45257	45796	45375	46634	46693	46757	46816	46875	46214	45253	47097	46476	46575	46131	46164	46197	45690	46743	46296	47529	47562	46875	47635	47672	46509	47746	47063	47100	47137	46694	46735	46772	46269	46846	47363	48120	48157	47474	47537	48316	47655	47234	46753	47827	47396	47925	47494	47543	47592	48835	47672	48909	48946	48983	48300	49057	49094	48399	47940	47421	49182	47463	48024	47505	48546	48567	49308	48609	49350	48651	49392	48777	49596	48495	48535	49772	48609	48646	48683	49200	48757	49274	50035	48872	50109	49426	50183	49500	49537	49574	49147	48656	48705	49294	49343	49872	49422	49926	49470	50694	50718	50742	50046	50790	50814	50838	49662	49146	49185	49752	49779	49266	49833	50340	49887	51114	51141	50448	51195	51235	51272	51309	50626	50183	49680	50737	50294	50331	50364	50877	50910	51663	50496	51009	51762	51075	51835	51872	51189	50746	50783	50820	50857	50354	51405	51432	52179	51006	52233	51540	52287	51594	51621	50628	51675	51247	51776	51345	51394	51443	50952	52722	51546	52770	52074	52098	52842	52866	52170	51714	51198	52962	52266	51835	51332	52389	51946	53183	52500	52057	53294	53325	53352	52659	53406	52233	52260	53487	52794	52821	52368	52875	52422	53646	52470	52974	53718	53742	53046	53790	53094	52638	52122	53166	52195	52772	52809	53326	52883	54120	54157	52994	53511	54264	53577	53610	54363	53196	53709	53262	52755	53357	53416	53475	52994	54793	54815	53092	54849	54866	54883	54180	54917	54214	54231	53768	54265	53802	53819	53836	53313	55070	53887	55157	55216	54555	55334	54673	55435	54752	54309	54826	54863	54420	54457	54494	55037	55816	54675	54194	55993	55311	56064	55377	54930	55443	54996	55509	54522	56295	55125	55152	54639	56406	55233	55740	55767	55794	56541	56568	56595	55472	56746	56100	55694	55725	56232	55779	55266	57033	56340	55887	56394	57141	57168	57195	56627	57496	57535	57572	57609	57646	56963	57720	57037	56594	57152	57226	57300	58094	57405	58152	58179	58206	57033	56520	57567	58314	58341	58368	58395	58697	58077	58176	58995	58311	59064	59097	58410	59163	57996	58509	59262	58575	59347	58676	59445	59494	59543	58392	57917	59716	59055	59834	59173
TRANSPORT_MODE
0	2	1	1	0	0	0	0	0	2	1	2	0	0	0	0	1	1	1	0	0	0	0	0	2	1	2	0	0	0	0	0	2	1	1	0	0	0	0	0	2	1	1	0	0	0	0	0	2	2	1	1	0	0	0	0	0	3	1	1	0	0	0	0	0	1	2	1	0	0	0	0	3	1	1	0	0	0	0	0	1	2	0	1	0	0	0	0	3	3	1	0	0	0	0	0	0	1	2	1	0	0	0	0	1	3	3	1	0	0	0	0	0	1	2	1	0	0	0	0	0	1	3	1	0	0	0	0	1	2	1	0	0	0	0	0	0	1	3	1	0	0	0	0	1	2	2	0	0	0	0	0	0	1	1	3	0	0	0	0	1	2	2	0	1	0	0	0	0	1	1	3	0	0	0	0	0	1	1	2	0	0	0	0	0	1	3	1	0	0	0	0	0	1	1	2	0	0	0	0	1	3	3	0	0	0	0	0	0	1	1	2	0	0	0	0	0	1	1	3	3	0	0	0	0	1	1	2	0	0	0	0	0	1	1	3	0	0	0	0	1	1	0	2	0	0	0	0	0	1	1	3	0	0	0	0	1	1	2	0	0	0	0	0	0	2	1	3	0	0	0	0	1	1	2	2	0	0	0	0	0	1	1	3	0	0	0	0	0	1	1	2	0	0	0	0	1	1	3	0	0	0	0	0	0	1	1	2	0	0	0	0	1	1	3	0	0	0	0	0	0	3	1	2	0	0	0	0	1	1	3	3	0	0	0	0	0	1	1	2	0	0	0	0	0	1	1	1	0	0	0	0	3	1	2	0	0	0	0	0	1	1	3	0	0	0	0	0	1	1	2	0	0	0	0	0	1	1	1	0	0	0	0	0	3	1	2	2	0	0	0	0	0	1	1	3	0	0	0	0	1	1	1	2	0	0	0	0	0	2	1	3	0	0	0	0	0	1	1	2	0	0	0	0	1	1	3	0	0	0	0	0	0	1	1	2	0	0	0	0	1	1	3	3	0	0	0	0	0	1	1	2	0	0	0	0	0	1	1	3	3	0	0	0	0	1	1	2	0	0	0	0	0	1	1	3	0	0	0	0	1	2	1	0	0	0	0	0	0	1	1	3	0	0	0	0	0	1	1	2	2	0	0	0	0	1	1	3	0	0	0	0	0	1	1	2	2	0	0	0	0	1	3	1	0	0	0	0	0	1	1	2	0	0	0	0	0	1	3	1	0	0	0	0	0	1	1	2	0	0	0	0	0	1	1	3	3	0	0	0	0	1	1	2	0	0	0	0	0	1	1	3	3	0	0	0	0	1	2	1	0	0	0	0	0	0	1	3	1	0	0	0	0	1	2	1	0	0	0	0	0	1	3	1	0	0	0	0	0	1	2	2	1	0	0	0	0	0	1	3	1	0	0	0	0	1	2	2	1	0	0	0	0	3	1	1	0	0	0	0	0	0	1	2	1	0	0	0	0	3	1	1	0	0	0	0	0	1	2	1	0	0	0	0	0	3	3	1	1	0	0	0	0	2	1	1	0	0	0	0	0	3	3	1	2	0	0	0	0	1	1	1	0	0	0	0	0	3	1	2	0	0	0	0	0	1	1	1	0	0	0	0	0	3	1	2	0	0	0	0	0	2	1	1	0	0	0	0	0	3	1	1	0	0	0	0	0	2	2	1	1	0	0	0	0	3	1	1	0	0	0	0	0	3	1	3	0	0	0	0	1	1	1	0	0	0	0	0	0	3	1	1	0	0	0	0	3	3	1	0	0	0	0	0	0	3	1	1	0	0	0	0	0	3	3	1	1	0	0	0	0
PATIENT_WEIGHT
124	90	104	115	131	47	140	147	81	124	45	51	139	67	117	98	126	82	50	111	78	36	110	99	119	39	127	99	97	93	31	31	88	79	101	102	103	64	95	90	150	122	93	95	102	120	124	136	141	32	75	67	46	105	53	103	35	144	81	38	95	110	95	122	36	67	83	79	87	57	92	113	95	143	61	79	64	85	54	40	95	35	99	137	132	116	43	102	146	143	51	100	128	104	73	127	114	34	68	83	87	61	83	120	92	30	39	62	52	99	97	49	40	62	126	98	54	117	142	127	37	131	126	128	120	132	129	68	59	124	37	81	91	68	77	75	101	87	120	84	31	95	36	71	112	82	101	122	84	112	121	89	36	63	76	75	59	128	130	123	55	136	142	59	82	62	39	137	30	109	148	63	70	89	146	40	54	113	148	41	54	130	35	148	68	149	40	145	125	127	145	118	103	33	118	52	121	111	92	100	36	150	31	138	123	138	33	147	95	76	42	130	49	61	54	44	91	130	51	65	144	71	113	100	94	60	41	82	103	74	85	125	104	101	129	77	44	32	105	121	130	135	134	76	137	86	124	91	119	88	145	110	66	58	84	39	138	123	56	108	57	139	60	132	56	75	114	36	135	128	90	32	68	130	40	82	35	117	86	126	77	72	111	148	100	140	83	75	36	87	61	117	35	54	51	44	69	126	106	87	129	58	105	118	73	66	126	128	123	78	117	58	40	35	87	88	127	114	107	56	76	128	51	92	85	125	52	148	95	125	129	122	136	64	64	137	139	77	138	31	133	57	148	35	55	129	61	80	91	132	145	72	142	125	139	85	54	60	129	143	47	37	120	109	33	73	115	62	45	98	109	48	61	87	52	135	136	71	136	73	47	137	57	111	52	73	116	46	63	51	44	145	100	53	95	46	83	40	101	96	126	55	37	142	127	33	114	66	30	49	130	40	109	123	134	130	141	87	101	50	103	63	58	76	96	41	141	125	90	141	121	128	128	78	135	121	52	116	102	101	51	62	149	104	52	126	94	59	143	58	74	113	105	126	58	76	126	145	145	89	77	94	79	102	119	64	78	81	51	88	143	39	71	95	141	101	105	62	77	33	123	40	85	140	84	130	53	129	113	50	42	38	104	52	60	118	84	45	63	110	126	67	75	114	145	126	147	34	55	55	37	99	90	117	84	61	117	41	43	90	111	88	100	73	41	105	106	37	99	63	41	129	106	54	96	109	61	142	126	39	39	47	148	36	80	62	118	120	135	66	127	43	67	79	73	46	125	31	60	86	82	56	100	60	148	30	124	129	52	132	38	106	43	79	112	131	59	74	136	141	103	120	61	150	68	85	104	68	138	103	125	121	119	41	123	41	46	107	69	111	107	98	116	64	51	139	125	104	78	66	145	108	95	65	120	91	108	36	75	146	148	31	95	144	105	97	35	96	81	90	57	110	75	44	108	147	33	38	43	73	32	105	55	76	150	77	62	58	130	44	50	104	124	38	56	91	123	109	139	54	73	108	125	74	78	141	116	124	86	83	150	107	73	139	93	108	88	74	90	150	93	81	70	56	95	116	83	150	33	129	68	95	63	106	46	42	92	77	99	134	139	65	85	132	87	58	32	102	44	76	133	135	106	136	79	122	66	108	121	108	135	51	41	50	106	104	60	138	96	129	71	57	127	38	70	54	35	38	33	96	106	102	144	94	96	95	64	131	50	69	55	66	105	62	148	38	99	54	150	148	142	91	103	113	55	144	78	113	83	116	117	66	46	139	70	111	38	31	143	144	40	60	81	80	39	64	36	120	50	52	65	111	103	105	115	90	119	127	137	35	30
DISTANCE_MATRIX
0	360	318	300	288	276	264	264	150	150	150	60	90	90	162	168	204	228	234	312	360	408	348	318	168	192	168	318
360	60	264	318	324	342	342	342	348	348	354	360	372	378	378	420	420	480	462	498	462	462	384	420	372	420	378	378
318	264	60	270	276	288	288	288	294	294	294	318	318	324	324	414	414	468	462	486	462	462	330	366	366	408	372	324
300	318	270	60	276	288	288	288	288	288	288	300	300	312	318	408	408	468	462	486	438	438	318	360	360	402	360	312
288	324	276	276	60	276	276	276	276	276	276	288	288	300	300	402	396	462	456	480	432	432	300	360	360	402	348	300
276	342	288	288	276	60	180	180	252	258	264	264	264	288	288	390	390	456	450	480	432	432	288	348	348	348	288	288
264	342	288	288	276	180	60	180	246	258	264	264	264	288	288	390	390	456	450	480	432	432	288	348	348	348	288	288
264	342	288	288	276	180	180	60	240	258	264	264	264	288	288	390	390	456	450	480	432	432	288	348	348	348	288	288
150	348	294	288	276	252	246	240	60	120	120	150	126	270	270	378	384	420	438	480	420	408	276	300	300	300	276	270
150	348	294	288	276	258	258	258	120	60	120	150	150	270	270	378	384	420	438	480	420	408	276	300	300	300	276	270
150	354	294	288	276	264	264	264	120	120	60	150	150	270	270	378	384	420	438	480	420	408	276	300	300	300	276	270
60	360	318	300	288	264	264	264	150	150	150	60	90	162	168	228	234	312	360	408	348	318	168	192	192	198	168	162
90	372	318	300	288	264	264	264	150	150	150	90	60	162	168	228	234	312	360	408	348	318	168	192	192	198	168	162
90	378	324	312	300	288	288	288	270	270	270	162	162	60	120	180	180	306	210	360	300	300	120	180	120	180	120	234
162	378	324	318	300	288	288	288	270	270	270	168	168	120	60	180	180	306	210	360	300	300	120	180	120	180	120	120
168	420	414	408	402	348	348	348	300	300	300	228	228	180	180	60	132	204	132	348	258	258	186	60	180	132	222	180
204	420	414	408	396	390	390	390	384	384	384	234	234	180	180	132	60	204	132	348	258	258	186	60	180	132	222	180
228	480	468	468	462	456	456	456	420	420	420	312	312	306	306	204	204	60	198	120	240	240	306	204	306	138	306	306
234	462	462	462	456	450	450	450	438	438	438	360	360	210	210	132	132	198	60	138	132	132	210	132	210	132	210	210
312	498	486	486	480	480	480	480	480	480	480	408	408	360	360	348	348	120	138	60	348	348	360	348	360	348	360	360
360	462	462	438	432	432	432	432	420	420	420	348	348	300	300	258	258	240	132	348	60	60	300	258	300	258	300	300
408	462	462	438	432	432	432	432	408	408	408	318	318	300	300	258	258	240	132	348	60	60	300	258	300	258	300	300
348	384	330	318	300	288	288	288	276	276	276	168	168	120	120	186	186	306	210	360	300	300	60	186	120	186	120	120
318	420	366	360	360	348	348	348	300	300	300	192	192	180	180	60	60	204	132	348	258	258	186	60	180	60	180	180
168	372	300	306	300	288	288	288	270	270	270	168	168	120	120	180	180	306	210	360	300	300	120	180	60	180	120	120
192	420	408	402	402	348	348	348	300	300	300	198	198	180	180	132	132	138	132	348	258	258	186	60	180	60	180	180
168	378	372	360	348	288	288	288	276	276	276	168	168	120	120	222	222	306	210	360	300	300	120	180	120	180	60	120
318	378	324	312	300	288	288	288	270	270	270	162	162	234	120	180	180	306	210	360	300	300	120	180	120	180	120	60
DEPOTS_DISTANCE
234	462	462	462	456	450	450	450	438	438	438	360	360	210	210	132	132	198	60	138	132	132	210	132	210	132	210	210	
348	384	330	318	300	288	288	288	276	276	276	168	168	120	120	186	186	306	210	360	300	300	60	186	120	186	120	120	
318	420	366	360	360	348	348	348	300	300	300	192	192	180	180	60	60	204	132	348	258	258	186	60	180	60	180	180	
LOCATION_TURN_MATRIX
100	130	122	113	112	199	136	122	129	152	173	146	151	136	158	140	176	113	122	167	194	134	110	172	114	184	100	147	
170	100	154	188	164	169	136	136	152	170	104	183	155	115	101	104	155	187	174	115	149	134	178	168	114	135	168	102	
178	146	100	161	178	114	104	165	117	139	126	169	192	109	120	179	160	152	154	134	113	140	154	179	196	196	192	181	
187	112	139	100	158	114	195	181	104	132	195	106	183	169	132	170	140	136	172	148	116	110	123	136	151	120	176	169	
188	136	122	142	100	175	164	159	112	100	167	164	135	191	132	181	104	123	142	156	108	117	193	182	116	147	156	185	
101	131	186	186	125	100	190	147	164	150	137	102	145	176	185	131	113	108	117	186	118	151	140	178	154	189	172	110	
164	164	196	105	136	110	100	186	153	151	183	193	111	157	144	123	188	142	110	163	105	190	166	187	170	171	186	126	
178	164	135	119	141	153	114	100	106	130	108	103	151	178	122	151	130	133	184	177	110	141	166	110	122	174	191	197	
171	148	183	196	188	136	147	194	100	167	100	146	168	129	128	142	172	118	174	147	105	158	156	160	120	106	119	136	
148	130	161	168	200	150	149	170	133	100	177	106	175	116	188	180	176	194	108	146	130	187	183	173	128	141	169	176	
127	196	174	105	133	163	117	192	200	123	100	171	175	140	183	115	104	186	128	153	151	175	100	146	191	117	132	197	
154	117	131	194	136	198	107	197	154	194	129	100	136	184	140	147	172	184	148	131	103	156	185	200	152	158	154	143	
149	145	108	117	165	155	189	149	132	125	125	164	100	140	199	142	101	144	163	185	117	191	200	143	113	165	102	154	
164	185	191	131	109	124	143	122	171	184	160	116	160	100	109	116	196	113	131	186	166	139	183	175	144	161	105	170	
142	199	180	168	168	115	156	178	172	112	117	160	101	191	100	147	177	177	199	158	172	188	164	175	180	168	154	195	
160	196	121	130	119	169	177	149	158	120	185	153	158	184	153	100	152	159	197	157	181	159	102	123	168	200	124	186	
124	145	140	160	196	187	112	170	128	124	196	128	199	104	123	148	100	149	114	112	117	135	105	132	138	180	198	156	
187	113	148	164	177	192	158	167	182	106	114	116	156	187	123	141	151	100	166	132	168	163	159	123	129	173	161	116	
178	126	146	128	158	183	190	116	126	192	172	152	137	169	101	103	186	134	100	184	199	137	130	160	148	113	140	150	
133	185	166	152	144	114	137	123	153	154	147	169	115	114	142	143	188	168	116	100	111	195	128	157	191	164	141	171	
106	151	187	184	192	182	195	190	195	170	149	197	183	134	128	119	183	132	101	189	100	129	151	163	147	166	104	177	
166	166	160	190	183	149	110	159	142	113	125	144	109	161	112	141	165	137	163	105	171	100	101	185	169	129	103	197	
190	122	146	177	107	160	134	134	144	117	200	115	100	117	136	198	195	141	170	172	149	199	100	106	150	116	118	145	
128	132	121	164	118	122	113	190	140	127	154	100	157	125	125	177	168	177	140	143	137	115	194	100	128	167	115	155	
186	186	104	149	184	146	130	178	180	172	109	148	187	156	120	132	162	171	152	109	153	131	150	172	100	155	124	184	
116	165	104	180	153	111	129	126	194	159	183	142	135	139	132	100	120	127	187	136	134	171	184	133	145	100	129	192	
200	132	108	124	144	128	114	109	181	131	168	146	198	195	146	176	102	139	160	159	196	197	182	185	176	171	100	146	
153	198	119	131	115	190	174	103	164	124	103	157	146	130	105	114	144	184	150	129	123	103	155	145	116	108	154	100	
DEPOTS_TO_LOCAL_TURN_MATRIX
178	126	146	128	158	183	190	116	126	192	172	152	137	169	101	103	186	134	100	184	199	137	130	160	148	113	140	150	
190	122	146	177	107	160	134	134	144	117	200	115	100	117	136	198	195	141	170	172	149	199	100	106	150	116	118	145	
128	132	121	164	118	122	113	190	140	127	154	100	157	125	125	177	168	177	140	143	137	115	194	100	128	167	115	155	
LOCAL_TO_DEPOT_TURN_MATRIX
122	174	154	172	142	117	110	184	174	108	128	148	163	131	199	197	114	166	100	116	101	163	170	140	152	187	160	150	
110	178	154	123	193	140	166	166	156	183	100	185	200	183	164	102	105	159	130	128	151	101	100	194	150	184	182	155	
172	168	179	136	182	178	187	110	160	173	146	200	143	175	175	123	132	123	160	157	163	185	106	100	172	133	185	145	

