INDEX_PROBLEM
1
PATIENTS
800
STRETCHERS
16
NUM_ROOM
28
NUM_DEPOT
3
NUM_PRIORITY
4
PRIORITY_LIST
0	1	2	3	4
PRIORITY_WEIGHT
0	1	10	18	30
PRIORITY_JOB
0	1	3	4	3	3	3	4	2	3	3	3	3	4	3	4	4	2	3	4	3	4	3	4	2	4	4	2	4	3	4	3	3	4	2	3	4	3	4	3	3	3	4	1	4	3	4	3	3	4	2	4	4	3	4	3	4	1	3	3	1	2	1	2	4	2	3	4	3	3	4	3	1	4	2	1	2	1	2	1	4	2	3	4	4	3	3	4	1	2	3	2	2	1	2	1	1	4	1	3	3	4	3	4	1	4	2	2	1	2	2	1	3	3	3	4	4	4	3	4	1	1	2	1	2	2	1	2	3	2	4	3	3	4	3	4	4	1	1	2	1	2	2	1	3	4	2	3	3	4	3	4	3	1	3	4	2	1	1	2	1	3	2	4	4	3	4	3	1	3	1	4	2	2	1	1	3	4	2	4	4	3	3	3	3	1	2	2	2	1	2	1	4	4	2	3	4	3	3	4	1	2	3	2	2	1	2	1	4	1	3	4	3	4	4	3	1	1	2	3	2	1	2	1	1	1	3	4	4	3	4	3	4	4	1	2	2	1	2	1	2	3	2	4	4	3	3	4	3	2	1	1	3	1	2	2	1	4	2	3	3	3	4	3	4	4	1	1	1	2	1	1	2	1	3	4	2	4	3	4	3	4	3	1	1	2	2	1	1	1	3	4	2	3	4	4	3	3	1	2	2	2	1	2	4	4	4	2	3	4	3	3	3	1	4	2	1	2	2	1	2	1	3	2	3	4	4	3	4	4	1	2	3	1	2	1	2	1	3	1	3	4	4	3	4	3	2	1	3	1	2	1	2	1	4	2	4	4	4	3	4	4	2	1	1	3	2	1	2	2	4	2	3	3	3	3	4	3	1	1	4	2	1	2	1	1	3	2	3	4	3	4	4	3	4	4	1	1	2	1	2	1	3	3	4	2	4	4	1	3	1	3	2	2	1	2	1	4	4	2	3	4	3	4	3	3	1	2	3	2	1	2	2	1	4	2	3	4	4	3	4	3	2	1	2	3	1	1	2	1	2	1	3	4	4	3	4	4	3	1	2	3	2	1	1	1	2	4	4	4	3	4	4	2	1	1	2	3	2	1	1	2	2	4	4	3	4	3	3	4	1	1	2	3	2	1	2	1	3	4	2	3	4	3	4	3	4	1	1	3	1	2	1	2	1	4	2	1	3	4	4	3	3	2	4	1	2	1	2	4	2	3	4	3	4	3	3	4	1	2	4	1	2	1	2	2	4	2	3	1	3	4	3	4	1	4	2	1	2	1	2	2	1	3	3	4	3	4	4	3	4	1	2	3	2	1	1	2	2	4	2	3	4	4	3	1	1	1	3	2	1	2	1	2	4	2	4	3	3	4	3	4	1	1	2	3	2	1	2	1	4	2	3	3	4	3	4	4	3	1	1	3	2	2	1	2	4	2	3	4	3	4	4	3	1	4	2	1	1	1	2	2	4	2	3	4	3	3	3	4	1	2	4	1	1	2	2	1	4	2	3	4	3	4	4	3	1	2	3	2	1	2	2	1	2	1	3	4	4	3	4	3	1	2	3	1	1	2	1	2	2	4	2	4	4	3	4	1	1	3	1	2	1	2	2	4	2	4	3	3	3	4	3	1	1	4	2	1	2	1	2	4	3	2	3	4	3	4	3	4	1	1	3	2	1	2	1	1	4	2	3	3	4	4	3	1	2	4	1	2	2	1	4	1	1	4	1	2	2	1	2	1	2	3	1	2	2	1	2	1	1	2	1	1	1	1	2	4	4	2	2	1	1	2	2	1	3	4	1	2	1	2	2	1	2	3	1	2	1	1	2
TIME_ASKED
0	28849	28898	28947	28996	29045	29094	29149	29198	29247	29296	29345	29394	29429	29458	29487	29516	29545	29574	29603	29632	29661	29690	29742	29784	29826	29868	29910	29952	29994	30029	30058	30087	30116	30145	30174	30203	30232	30261	30290	30329	30358	30387	30416	30445	30474	30503	30532	30561	30590	30621	30642	30663	30684	30705	30726	30747	30768	30789	30810	30831	30852	30873	30894	30949	30998	31047	31096	31145	31194	31227	31254	31281	31308	31335	31362	31389	31416	31443	31470	31497	31524	31548	31572	31596	31620	31644	31668	31692	31716	31740	31764	31788	31837	31874	31911	31948	31985	32022	32059	32096	32159	32218	32277	32336	32395	32419	32438	32457	32476	32495	32514	32533	32552	32571	32590	32609	32628	32647	32666	32685	32759	32818	32877	32936	32995	33027	33054	33081	33108	33135	33162	33189	33216	33243	33270	33297	33333	33366	33399	33432	33465	33498	33531	33564	33597	33616	33632	33648	33664	33680	33696	33712	33728	33744	33760	33776	33792	33808	33824	33840	33856	33872	33888	33933	33966	33999	34032	34065	34098	34131	34164	34197	34242	34284	34326	34368	34410	34452	34494	34533	34566	34599	34632	34665	34698	34731	34764	34797	34827	34854	34881	34908	34935	34962	34989	35016	35043	35070	35097	35137	35174	35211	35248	35285	35322	35359	35396	35433	35466	35499	35532	35565	35598	35631	35664	35697	35723	35746	35769	35792	35815	35838	35861	35884	35907	35930	35953	35976	35999	36023	36046	36069	36092	36115	36138	36161	36184	36207	36230	36253	36276	36299	36327	36354	36381	36408	36435	36462	36489	36516	36543	36570	36597	36619	36638	36657	36676	36695	36714	36733	36752	36771	36790	36809	36828	36847	36866	36885	36949	36998	37047	37096	37145	37194	37259	37318	37377	37436	37495	37549	37598	37647	37696	37745	37794	37827	37854	37881	37908	37935	37962	37989	38016	38043	38070	38097	38123	38146	38169	38192	38215	38238	38261	38284	38307	38330	38353	38376	38399	38419	38438	38457	38476	38495	38514	38533	38552	38571	38590	38609	38628	38647	38666	38685	38742	38784	38826	38868	38910	38952	38994	39029	39058	39087	39116	39145	39174	39203	39232	39261	39290	39349	39398	39447	39496	39545	39594	39633	39666	39699	39732	39765	39798	39831	39864	39897	39937	39974	40011	40048	40085	40122	40159	40196	40242	40284	40326	40368	40410	40452	40494	40542	40584	40626	40668	40710	40752	40794	40849	40898	40947	40996	41045	41094	41133	41166	41199	41232	41265	41298	41331	41364	41397	41423	41446	41469	41492	41515	41538	41561	41584	41607	41630	41653	41676	41699	41749	41798	41847	41896	41945	41994	42099	42198	42297	42342	42384	42426	42468	42510	42552	42594	42699	42798	42897	42923	42946	42969	42992	43015	43038	43061	43084	43107	43130	43153	43176	43199	43237	43274	43311	43348	43385	43422	43459	43496	43549	43598	43647	43696	43745	43794	43899	43998	44097	44159	44218	44277	44336	44395	44459	44518	44577	44636	44695	44799	44898	44997	45033	45066	45099	45132	45165	45198	45231	45264	45297	45337	45374	45411	45448	45485	45522	45559	45596	45637	45674	45711	45748	45785	45822	45859	45896	45959	46018	46077	46136	46195	46249	46298	46347	46396	46445	46494	46537	46574	46611	46648	46685	46722	46759	46796	46821	46842	46863	46884	46905	46926	46947	46968	46989	47010	47031	47052	47073	47094	47199	47298	47397	47437	47474	47511	47548	47585	47622	47659	47696	47737	47774	47811	47848	47885	47922	47959	47996	48049	48098	48147	48196	48245	48294	48324	48348	48372	48396	48420	48444	48468	48492	48516	48540	48564	48588	48627	48654	48681	48708	48735	48762	48789	48816	48843	48870	48897	48937	48974	49011	49048	49085	49122	49159	49196	49233	49266	49299	49332	49365	49398	49431	49464	49497	49537	49574	49611	49648	49685	49722	49759	49796	49827	49854	49881	49908	49935	49962	49989	50016	50043	50070	50097	50149	50198	50247	50296	50345	50394	50424	50448	50472	50496	50520	50544	50568	50592	50616	50640	50664	50688	50737	50774	50811	50848	50885	50922	50959	50996	51027	51054	51081	51108	51135	51162	51189	51216	51243	51270	51297	51324	51348	51372	51396	51420	51444	51468	51492	51516	51540	51564	51588	51637	51674	51711	51748	51785	51822	51859	51896	51933	51966	51999	52032	52065	52098	52131	52164	52197	52259	52318	52377	52436	52495	52517	52534	52551	52568	52585	52602	52619	52636	52653	52670	52687	52704	52721	52738	52755	52772	52789	52859	52918	52977	53036	53095	53137	53174	53211	53248	53285	53322	53359	53396	53459	53518	53577	53636	53695	53733	53766	53799	53832	53865	53898	53931	53964	53997	54027	54054	54081	54108	54135	54162	54189	54216	54243	54270	54297	54374	54448	54522	54596	54627	54654	54681	54708	54735	54762	54789	54816	54843	54870	54897	55049	55198	55237	55274	55311	55348	55385	55422	55459	55496	55574	55648	55722	55796	55827	55854	55881	55908	55935	55962	55989	56016	56043	56070	56097	56399	56499	56598	56697	56733	56766	56799	56832	56865	56898	56931	56964	56997	57049	57098	57147	57196	57245	57294	57359	57418	57477	57536	57595
ORIGIN
26	16	6	25	19	7	27	23	14	25	23	20	14	14	14	14	2	14	23	23	14	4	26	16	14	14	16	14	14	27	7	14	23	9	14	14	11	2	23	13	2	14	14	20	20	2	14	14	8	6	27	18	7	27	20	8	14	14	17	2	22	23	2	26	14	14	23	27	14	24	15	1	14	14	25	5	26	14	3	14	14	1	23	27	23	23	14	7	3	14	27	5	15	14	1	7	27	1	18	7	14	20	8	1	7	14	17	27	20	2	14	14	14	14	14	4	24	15	4	26	25	2	3	23	10	2	14	14	26	14	10	2	2	12	2	14	16	16	14	15	27	27	16	13	16	2	7	27	1	8	1	13	14	23	23	20	3	14	14	14	14	27	4	24	15	4	8	16	8	23	26	14	2	14	14	3	14	27	2	23	12	2	23	14	3	14	14	14	27	11	14	1	14	14	14	20	8	14	23	9	16	14	20	2	24	14	14	7	14	14	14	14	4	14	16	5	5	26	14	14	2	14	14	14	14	2	2	12	2	23	14	3	14	14	23	14	27	11	14	1	25	7	14	8	27	23	9	23	14	16	16	2	14	14	4	27	14	14	14	4	26	16	5	26	16	4	2	4	26	14	14	2	14	26	14	2	23	13	3	23	27	27	24	24	14	14	1	25	14	3	1	27	23	8	1	23	10	3	3	3	2	27	14	1	1	15	14	23	16	5	26	16	25	8	8	26	3	14	14	3	14	25	2	23	13	2	23	14	3	14	4	4	14	7	14	3	23	23	27	20	8	1	23	10	27	23	12	2	26	14	14	27	14	23	27	15	5	26	16	7	14	27	8	8	7	14	14	3	16	14	23	13	2	23	14	3	20	14	1	7	7	7	1	26	14	16	26	8	1	23	10	1	14	14	2	14	14	14	27	14	2	27	11	27	14	16	3	7	23	3	14	14	14	3	14	20	10	23	25	2	23	14	3	24	14	2	27	7	7	1	26	14	7	25	14	1	23	10	1	23	14	14	27	14	14	27	27	14	14	25	3	26	16	6	27	19	7	27	22	26	14	23	14	12	13	26	2	23	14	3	23	14	7	27	14	1	14	25	14	1	26	27	27	24	9	26	20	11	26	26	4	14	27	14	14	27	2	26	26	16	5	27	18	7	20	4	23	3	14	17	2	22	23	2	2	14	3	27	14	4	24	15	1	27	25	14	4	26	20	14	23	9	1	1	11	2	23	12	14	14	14	14	7	15	14	14	16	5	3	10	7	27	20	3	3	14	14	2	27	20	11	14	1	3	23	14	4	1	15	4	25	25	14	3	26	14	2	14	8	1	27	3	2	23	25	4	27	14	14	24	15	14	7	11	5	26	26	7	27	20	7	24	14	14	3	9	20	2	14	26	2	23	14	3	24	14	4	7	14	14	3	14	14	23	14	14	2	23	14	2	23	12	14	14	14	14	27	14	14	27	14	14	26	27	2	23	19	8	27	14	14	3	20	20	2	14	23	1	23	14	26	24	14	4	14	8	14	1	14	14	2	26	14	23	3	10	1	23	12	2	23	23	22	23	14	14	27	11	15	1	16	23	27	19	7	27	1	3	23	20	27	22	14	2	5	5	14	3	7	14	4	16	2	1	26	16	14	26	14	4	14	2	9	1	23	4	14	23	14	14	14	14	14	11	14	1	7	14	6	3	18	7	27	21	8	14	27	10	22	23	2	14	26	14	3	14	7	4	25	16	25	14	25	5	20	26	14	16	14	9	1	14	14	2	23	13	2	14	14	27	14	8	1	4	8	5	27	18	7	27	20	8	23	17	17	1	23	2	7	14	3
DESTINATION
3	14	17	14	22	23	2	26	3	14	27	7	4	25	16	25	14	25	5	5	26	14	3	14	9	1	16	3	2	23	13	2	27	14	5	5	15	14	1	7	27	5	26	7	7	27	20	8	14	17	2	27	20	2	14	14	26	16	6	14	19	7	27	23	25	2	3	23	10	2	14	14	2	26	14	23	14	4	26	16	16	14	27	23	27	27	16	13	14	9	23	14	11	2	23	13	2	23	27	20	3	14	14	14	20	8	6	18	7	27	20	8	8	2	26	14	2	14	14	3	14	14	23	27	14	24	15	1	14	1	14	14	27	11	14	1	14	14	1	11	23	23	14	7	16	14	20	2	24	14	14	7	5	1	1	7	14	20	8	1	26	23	14	2	14	14	14	14	14	27	14	4	24	15	4	26	16	23	14	27	11	14	1	25	14	26	10	2	2	12	2	14	16	16	2	14	14	4	27	14	16	2	7	27	1	8	1	13	10	2	4	26	14	2	14	14	14	14	4	15	24	15	4	8	16	14	24	11	14	1	25	14	25	26	27	2	23	12	2	23	14	23	3	14	2	27	14	1	3	14	14	14	20	8	14	23	9	8	26	14	3	14	14	3	14	14	14	14	14	4	16	14	5	14	4	14	1	7	14	3	23	23	2	2	2	2	23	14	3	14	23	2	26	14	14	27	14	14	14	14	27	23	9	23	23	11	8	7	14	14	3	16	14	14	14	14	26	16	5	26	16	14	27	1	7	14	1	26	14	16	14	14	2	13	3	23	27	27	23	14	14	14	27	14	2	27	11	27	23	8	1	23	10	1	23	14	14	3	14	20	10	23	14	14	23	5	5	26	16	25	27	7	14	1	26	14	7	25	23	13	13	13	23	14	3	14	14	14	14	27	14	14	25	3	27	20	8	1	23	10	27	23	12	23	26	14	14	13	27	26	15	15	5	26	16	7	14	27	14	14	1	25	14	1	26	27	23	13	13	23	14	3	20	14	4	14	27	14	14	27	2	26	2	26	1	23	23	10	1	14	14	3	14	17	2	22	23	2	2	14	16	27	3	11	7	3	27	1	25	14	4	26	20	23	2	23	2	14	3	24	14	2	2	1	14	14	7	15	14	14	14	1	23	10	1	23	14	14	3	14	14	2	27	20	11	14	1	26	16	6	27	19	7	27	22	25	14	2	26	14	2	14	23	2	14	3	23	14	7	4	27	14	14	24	15	14	7	11	25	9	9	26	20	11	26	26	14	14	26	14	20	2	14	26	26	16	5	27	18	7	20	4	23	14	3	26	14	23	14	14	14	14	3	23	14	4	24	15	14	14	23	14	14	27	14	14	23	25	1	1	11	2	23	12	14	3	14	20	2	14	23	1	16	5	26	17	7	27	20	3	14	1	26	14	2	26	14	23	3	3	23	4	4	1	15	4	22	27	8	14	27	11	15	1	8	1	23	3	2	23	25	25	3	23	27	27	22	14	2	5	5	26	7	7	27	20	7	24	1	26	3	1	26	14	4	14	2	23	3	3	24	14	4	7	14	14	14	27	11	14	1	7	2	3	2	2	23	12	14	14	14	27	2	22	23	2	14	26	27	14	23	19	8	27	14	14	25	14	20	26	14	16	14	23	14	16	3	14	4	14	8	14	14	14	27	14	8	1	4	8	10	10	1	12	2	23	23	2	17	26	27	23	2	7	14	16	23	14	19	7	27	1	3	25	14	20	20	14	14	14	14	5	14	23	7	14	4	16	2	14	14	9	9	14	27	7	14	2	9	23	4	14	23	14	14	14	2	27	20	2	14	14	27	6	6	14	7	27	21	8	26
DUE_DATE
0	31147	29996	29505	30094	30143	30192	29707	30776	30345	30394	30443	30492	29987	30556	30045	30074	31123	30672	30161	30730	30219	30788	30300	31362	30384	30426	31488	30510	31092	30587	31156	31185	30674	31723	31272	30761	31330	30819	31388	31427	31456	30945	32714	31003	31572	31061	31630	31659	31148	32199	31200	31221	31782	31263	31824	31305	33066	31887	31908	33129	32430	33171	32472	31507	32576	32145	31654	32243	32292	31785	32352	33579	31866	32913	33660	32967	33714	33021	33768	32055	33102	32646	32130	32154	32718	32742	32226	33990	33294	32838	33342	33366	34135	33452	34209	34246	32543	34320	33157	33194	32717	33316	32835	34634	32953	33997	34016	34755	34054	34073	34812	33631	33650	33669	33148	33167	33186	33745	33224	34983	35057	34396	35175	34514	34573	35325	34632	34179	34686	33693	34260	34287	33774	34341	33828	33855	35631	35664	34977	35730	35043	35076	35829	34662	34155	35194	34730	34746	34222	34778	34254	34810	36026	34842	34318	35354	36090	36106	35402	36138	34954	35450	34446	34491	35064	34557	35130	36363	35196	36429	34722	35775	35820	36582	36624	35466	34968	36030	35052	35091	35664	35697	35730	35763	36996	36309	36342	36375	37125	36432	37179	35466	35493	36540	36087	35574	36141	36168	35655	37435	36752	36309	36826	36863	37620	36937	37694	35991	37764	36597	36090	36663	36156	36189	36762	37995	38021	37324	36867	37370	38113	37416	38159	38182	38205	37028	36511	36534	37097	36581	37144	36627	36650	38413	37716	37739	38482	37785	38528	37831	37374	37877	36885	36912	37479	37506	36993	37560	38067	38814	38841	37668	38895	38197	38216	38955	37234	38273	37812	37831	37850	37329	37888	37367	37386	39145	39164	39183	38527	39296	39345	38674	39443	38292	37817	38896	37935	38534	38053	38647	38156	38745	39994	40043	39372	39405	40152	40179	40206	39033	38520	39567	39114	38601	38628	39195	39221	40444	39747	39770	39793	40536	39839	38842	38865	38888	39931	39474	38957	39517	39536	39555	40774	39053	40092	40831	40130	40149	40888	40187	40926	39745	40244	39783	39300	39342	39924	39426	39468	41250	40572	40127	41356	40665	41414	40723	41472	40301	41530	40359	39848	39907	40496	40005	40594	41123	41892	40731	41964	41277	42030	41343	42096	40389	41442	40455	40495	40532	41109	40606	40643	41700	42457	42494	41340	41862	42624	41946	41988	41010	42072	41640	41682	41724	41766	41268	41850	43092	43147	41456	42525	43294	42623	43392	43431	42264	42777	42330	41823	42396	41889	41922	42495	41981	42004	43767	43790	43093	43836	43139	43882	42705	42728	42211	43254	42257	42307	44096	42945	44194	43043	43572	43677	44496	43875	44640	42942	42984	44046	43608	43110	43692	43257	43896	43995	45221	44524	44067	44570	45313	44616	44639	45382	43665	44708	44251	43734	43757	44335	43832	44409	44926	45683	45000	44557	45794	45847	45176	45945	45274	46043	44892	44457	44556	45195	44717	44776	45375	46634	45973	45557	46096	46875	46934	46993	46377	45456	45555	45591	46164	45657	45690	46743	47496	47529	46842	46395	46915	47672	47709	47026	47063	46080	46117	46694	46195	46772	46809	46306	48083	48120	47437	46994	47537	48316	47655	48434	47293	46807	47876	47445	46954	47543	47052	47635	47132	48909	48946	47783	49020	48337	49094	48399	49140	47421	48462	49203	48024	47505	47526	48087	48108	48609	47610	49371	48672	49497	48876	47955	49015	48572	48069	48646	48143	48720	48757	48254	50035	49352	48369	50146	49463	50220	49537	49574	48607	49676	49245	50494	49343	48852	49422	48906	50670	48954	49998	50742	50046	50790	50094	50118	50862	49686	49725	49212	49779	49266	49293	49860	49347	51114	50421	49968	50475	51235	51272	50589	50626	49643	50700	50257	49754	49791	50364	51597	51630	51663	50496	51009	51762	51075	51835	51152	50169	51226	50243	50820	50857	50354	50925	50412	52179	52206	51513	51060	51567	52314	51621	52368	50655	51727	51296	51345	50854	51443	50952	50982	51546	52770	52794	51618	52122	52146	52890	52194	51198	52242	51786	51295	51872	51369	51406	51983	53220	51517	52574	53325	53352	53379	52686	52713	51720	52767	52314	51801	52368	52395	52422	51906	53670	52974	51978	53742	53766	53070	53094	53838	52122	53166	52735	52232	52809	52306	52343	52920	54157	53474	53031	53544	54297	53610	53643	54396	53709	54462	53295	52817	52876	53475	52994	53593	54815	54112	53649	54866	54883	54180	54917	54214	54231	53228	54265	53262	53279	53836	53313	55070	55087	53957	55216	54555	55334	54673	54715	53732	54789	53806	54383	54420	54457	53954	54557	55816	55875	54194	55273	56031	55344	56097	55410	54423	54996	55509	55062	54555	55125	54612	55179	54666	56433	56460	55287	55794	56541	55848	56595	56672	55006	56100	55694	55725	55212	55239	55806	57033	56340	55347	57114	56421	56448	57195	55607	57496	57535	55832	57609	56926	56963	57720	57037	57794	57152	56746	58020	57374	57405	58152	57459	58206	58233	57540	58287	58314	58341	58368	57675	56957	57057	58176	58275	59031	59064	58377	58410	59163	57996	57489	59262	58575	59347	58676	58725	59494	58823	58392	59657	58996	59775	59834	59173
TRANSPORT_MODE
0	2	1	2	0	0	0	0	2	1	1	0	0	0	0	0	2	1	1	0	0	0	0	0	2	2	1	2	0	0	0	0	1	1	1	0	0	0	0	0	0	2	1	2	0	0	0	0	1	1	1	0	0	0	0	0	0	3	1	1	0	0	0	0	2	2	1	0	0	0	0	0	3	1	1	0	0	0	0	0	2	2	1	1	0	0	0	0	3	1	1	0	0	0	0	0	0	2	1	1	0	0	0	0	3	1	1	0	0	0	0	0	0	1	2	1	0	0	0	0	3	3	1	0	0	0	0	0	2	1	1	0	0	0	0	0	1	3	3	1	0	0	0	0	2	1	1	0	0	0	0	0	0	3	1	1	0	0	0	0	2	1	1	0	0	0	0	0	0	1	3	1	0	0	0	0	1	2	1	0	0	0	0	0	1	3	1	0	0	0	0	0	1	2	2	1	0	0	0	0	3	1	1	0	0	0	0	0	1	2	2	1	0	0	0	0	0	3	1	1	0	0	0	0	0	1	2	1	0	0	0	0	0	1	3	1	0	0	0	0	0	1	2	1	0	0	0	0	0	1	3	3	1	0	0	0	0	2	1	1	0	0	0	0	0	1	3	3	1	0	0	0	0	0	2	1	1	0	0	0	0	0	1	3	1	0	0	0	0	0	1	2	1	0	0	0	0	1	3	1	0	0	0	0	0	1	2	2	1	0	0	0	0	3	1	1	0	0	0	0	0	0	1	2	2	1	0	0	0	0	3	1	1	0	0	0	0	0	0	1	2	1	0	0	0	0	1	3	1	0	0	0	0	0	1	2	1	0	0	0	0	0	1	3	3	1	0	0	0	0	2	1	1	0	0	0	0	0	3	3	1	1	0	0	0	0	2	1	1	0	0	0	0	0	0	1	3	1	0	0	0	0	0	1	2	1	0	0	0	0	3	1	1	0	0	0	0	0	1	2	2	1	0	0	0	0	3	1	1	0	0	0	0	0	2	2	1	1	0	0	0	0	0	3	1	1	0	0	0	0	0	2	1	1	0	0	0	0	0	3	1	1	0	0	0	0	2	1	1	0	0	0	0	0	3	3	1	2	0	0	0	0	1	1	1	0	0	0	0	0	3	3	1	2	0	0	0	0	0	1	1	1	0	0	0	0	0	3	1	1	0	0	0	0	0	2	1	3	0	0	0	0	1	1	2	0	0	0	0	0	2	1	1	0	0	0	0	0	3	1	1	0	0	0	0	0	2	2	1	3	0	0	0	0	0	1	1	1	0	0	0	0	0	2	1	1	0	0	0	0	0	3	1	1	0	0	0	0	2	1	1	0	0	0	0	0	3	3	1	0	0	0	0	0	2	1	1	0	0	0	0	0	3	3	1	1	0	0	0	0	2	1	1	0	0	0	0	0	0	3	1	1	0	0	0	0	2	1	1	0	0	0	0	0	3	1	1	0	0	0	0	0	2	2	1	0	0	0	0	0	3	1	1	0	0	0	0	0	2	2	1	1	0	0	0	0	3	1	1	0	0	0	0	0	0	2	1	1	0	0	0	0	3	1	1	0	0	0	0	0	2	1	1	0	0	0	0	3	3	1	0	0	0	0	0	2	1	1	0	0	0	0	0	3	3	1	1	0	0	0	0	0	2	1	1	0	0	0	0	0	3	1	1	0	0	0	0	0	2	1	1	0	0	0	0	3	1	1	0	0	0	0	0	3	3	1	0	0	0	0	0	3	1	1	0	0	0	0	0	3	3	1	3	0	0	0	0	1	1	1	0	0	0	0	0	3	1	1	0	0	0	0	0	3	1	1	0	0	0	0	0
PATIENT_WEIGHT
84	77	62	55	54	139	112	72	94	37	92	43	106	85	142	50	63	127	106	58	56	69	88	43	42	39	49	104	59	81	66	54	107	69	125	60	53	102	31	35	54	146	55	125	103	79	87	45	42	36	85	112	95	59	145	131	47	136	37	95	72	103	63	91	53	124	81	71	142	132	62	88	131	128	93	101	85	138	92	96	91	30	93	31	94	74	102	116	116	32	38	80	44	82	143	107	49	127	145	69	127	96	58	148	136	128	108	49	78	94	84	149	34	71	127	127	76	59	125	145	104	79	76	140	85	124	139	120	73	93	30	57	114	70	49	76	32	121	68	145	30	150	67	123	107	115	97	90	105	129	91	71	124	117	60	32	71	140	150	134	76	149	89	47	96	136	104	69	45	42	85	111	46	124	94	65	45	134	100	95	53	71	39	65	72	49	123	113	45	42	66	135	104	60	69	142	83	52	30	113	34	127	49	103	75	127	87	92	123	50	108	129	38	58	38	147	62	144	139	121	124	55	100	131	77	50	49	105	30	132	49	84	121	98	95	124	109	115	30	68	86	148	45	93	77	52	32	99	128	81	103	131	121	116	142	32	123	136	96	96	40	87	85	64	46	39	37	143	93	90	127	95	106	142	73	89	53	54	41	109	142	62	97	89	81	142	123	112	62	40	116	141	112	86	32	79	102	129	77	73	47	118	76	148	34	68	88	49	59	117	38	81	47	51	149	88	91	64	79	79	91	58	36	124	147	49	135	70	56	37	133	128	114	86	61	130	130	84	32	42	103	44	51	31	130	110	43	82	69	116	70	51	132	36	121	86	123	114	86	129	97	53	57	35	131	64	115	62	69	116	112	112	59	136	135	138	78	31	57	133	103	54	128	80	124	65	122	136	120	79	104	79	39	147	78	52	53	105	150	145	44	59	42	118	146	97	148	97	134	145	35	39	76	79	89	39	84	62	141	130	133	119	92	75	111	104	110	34	36	53	82	84	146	47	147	39	35	71	75	85	132	149	94	69	140	63	126	83	46	56	36	78	34	34	149	48	106	129	73	119	33	129	89	32	127	52	86	30	116	99	87	79	62	90	148	41	148	106	72	108	101	76	34	37	43	130	63	126	49	124	146	65	31	62	133	65	78	40	62	142	72	132	31	45	122	64	37	107	80	79	108	48	73	120	57	125	109	141	93	115	53	96	108	83	97	113	76	123	142	103	117	130	139	107	94	70	46	74	124	41	97	141	139	53	128	108	135	94	107	145	52	70	109	118	93	87	48	110	100	47	131	136	93	133	140	53	124	95	137	43	44	107	42	49	115	136	127	96	82	97	84	110	123	131	137	44	139	95	39	38	133	118	112	45	82	118	76	37	33	141	77	104	49	44	128	90	75	120	98	118	69	105	82	137	126	37	95	44	139	93	67	64	98	125	130	127	132	144	145	63	147	100	40	66	121	85	86	122	76	135	107	135	91	81	131	61	76	61	59	141	131	40	99	138	69	111	137	52	61	93	146	142	61	115	40	88	72	140	114	41	106	146	63	147	104	95	70	122	136	85	150	111	122	130	130	150	55	86	121	63	139	119	95	123	41	132	94	31	114	32	53	105	61	128	37	137	117	145	55	37	86	68	132	150	141	65	112	62	112	44	63	69	103	148	81	106	145	41	50	99	115	149	56	122	75	147	45	124	75	71	46	94	135	48	113	118	61	148	134	141	62	50	124	58	121	43	104	78	148	32	114	117	52	92	113	87	110	79	65	39	59	75	115	83	83	109	132	64	72	73	72	58	137	139	80	125	59	35	91	51	83	64	53	105	86	50	108	70	84	98	132
DISTANCE_MATRIX
0	360	318	300	288	276	264	264	150	150	150	60	90	90	162	168	204	228	234	312	360	408	348	318	168	192	168	318
360	60	264	318	324	342	342	342	348	348	354	360	372	378	378	420	420	480	462	498	462	462	384	420	372	420	378	378
318	264	60	270	276	288	288	288	294	294	294	318	318	324	324	414	414	468	462	486	462	462	330	366	366	408	372	324
300	318	270	60	276	288	288	288	288	288	288	300	300	312	318	408	408	468	462	486	438	438	318	360	360	402	360	312
288	324	276	276	60	276	276	276	276	276	276	288	288	300	300	402	396	462	456	480	432	432	300	360	360	402	348	300
276	342	288	288	276	60	180	180	252	258	264	264	264	288	288	390	390	456	450	480	432	432	288	348	348	348	288	288
264	342	288	288	276	180	60	180	246	258	264	264	264	288	288	390	390	456	450	480	432	432	288	348	348	348	288	288
264	342	288	288	276	180	180	60	240	258	264	264	264	288	288	390	390	456	450	480	432	432	288	348	348	348	288	288
150	348	294	288	276	252	246	240	60	120	120	150	126	270	270	378	384	420	438	480	420	408	276	300	300	300	276	270
150	348	294	288	276	258	258	258	120	60	120	150	150	270	270	378	384	420	438	480	420	408	276	300	300	300	276	270
150	354	294	288	276	264	264	264	120	120	60	150	150	270	270	378	384	420	438	480	420	408	276	300	300	300	276	270
60	360	318	300	288	264	264	264	150	150	150	60	90	162	168	228	234	312	360	408	348	318	168	192	192	198	168	162
90	372	318	300	288	264	264	264	150	150	150	90	60	162	168	228	234	312	360	408	348	318	168	192	192	198	168	162
90	378	324	312	300	288	288	288	270	270	270	162	162	60	120	180	180	306	210	360	300	300	120	180	120	180	120	234
162	378	324	318	300	288	288	288	270	270	270	168	168	120	60	180	180	306	210	360	300	300	120	180	120	180	120	120
168	420	414	408	402	348	348	348	300	300	300	228	228	180	180	60	132	204	132	348	258	258	186	60	180	132	222	180
204	420	414	408	396	390	390	390	384	384	384	234	234	180	180	132	60	204	132	348	258	258	186	60	180	132	222	180
228	480	468	468	462	456	456	456	420	420	420	312	312	306	306	204	204	60	198	120	240	240	306	204	306	138	306	306
234	462	462	462	456	450	450	450	438	438	438	360	360	210	210	132	132	198	60	138	132	132	210	132	210	132	210	210
312	498	486	486	480	480	480	480	480	480	480	408	408	360	360	348	348	120	138	60	348	348	360	348	360	348	360	360
360	462	462	438	432	432	432	432	420	420	420	348	348	300	300	258	258	240	132	348	60	60	300	258	300	258	300	300
408	462	462	438	432	432	432	432	408	408	408	318	318	300	300	258	258	240	132	348	60	60	300	258	300	258	300	300
348	384	330	318	300	288	288	288	276	276	276	168	168	120	120	186	186	306	210	360	300	300	60	186	120	186	120	120
318	420	366	360	360	348	348	348	300	300	300	192	192	180	180	60	60	204	132	348	258	258	186	60	180	60	180	180
168	372	300	306	300	288	288	288	270	270	270	168	168	120	120	180	180	306	210	360	300	300	120	180	60	180	120	120
192	420	408	402	402	348	348	348	300	300	300	198	198	180	180	132	132	138	132	348	258	258	186	60	180	60	180	180
168	378	372	360	348	288	288	288	276	276	276	168	168	120	120	222	222	306	210	360	300	300	120	180	120	180	60	120
318	378	324	312	300	288	288	288	270	270	270	162	162	234	120	180	180	306	210	360	300	300	120	180	120	180	120	60
DEPOTS_DISTANCE
234	462	462	462	456	450	450	450	438	438	438	360	360	210	210	132	132	198	60	138	132	132	210	132	210	132	210	210	
348	384	330	318	300	288	288	288	276	276	276	168	168	120	120	186	186	306	210	360	300	300	60	186	120	186	120	120	
318	420	366	360	360	348	348	348	300	300	300	192	192	180	180	60	60	204	132	348	258	258	186	60	180	60	180	180	
LOCATION_TURN_MATRIX
100	130	122	113	112	199	136	122	129	152	173	146	151	136	158	140	176	113	122	167	194	134	110	172	114	184	100	147	
170	100	154	188	164	169	136	136	152	170	104	183	155	115	101	104	155	187	174	115	149	134	178	168	114	135	168	102	
178	146	100	161	178	114	104	165	117	139	126	169	192	109	120	179	160	152	154	134	113	140	154	179	196	196	192	181	
187	112	139	100	158	114	195	181	104	132	195	106	183	169	132	170	140	136	172	148	116	110	123	136	151	120	176	169	
188	136	122	142	100	175	164	159	112	100	167	164	135	191	132	181	104	123	142	156	108	117	193	182	116	147	156	185	
101	131	186	186	125	100	190	147	164	150	137	102	145	176	185	131	113	108	117	186	118	151	140	178	154	189	172	110	
164	164	196	105	136	110	100	186	153	151	183	193	111	157	144	123	188	142	110	163	105	190	166	187	170	171	186	126	
178	164	135	119	141	153	114	100	106	130	108	103	151	178	122	151	130	133	184	177	110	141	166	110	122	174	191	197	
171	148	183	196	188	136	147	194	100	167	100	146	168	129	128	142	172	118	174	147	105	158	156	160	120	106	119	136	
148	130	161	168	200	150	149	170	133	100	177	106	175	116	188	180	176	194	108	146	130	187	183	173	128	141	169	176	
127	196	174	105	133	163	117	192	200	123	100	171	175	140	183	115	104	186	128	153	151	175	100	146	191	117	132	197	
154	117	131	194	136	198	107	197	154	194	129	100	136	184	140	147	172	184	148	131	103	156	185	200	152	158	154	143	
149	145	108	117	165	155	189	149	132	125	125	164	100	140	199	142	101	144	163	185	117	191	200	143	113	165	102	154	
164	185	191	131	109	124	143	122	171	184	160	116	160	100	109	116	196	113	131	186	166	139	183	175	144	161	105	170	
142	199	180	168	168	115	156	178	172	112	117	160	101	191	100	147	177	177	199	158	172	188	164	175	180	168	154	195	
160	196	121	130	119	169	177	149	158	120	185	153	158	184	153	100	152	159	197	157	181	159	102	123	168	200	124	186	
124	145	140	160	196	187	112	170	128	124	196	128	199	104	123	148	100	149	114	112	117	135	105	132	138	180	198	156	
187	113	148	164	177	192	158	167	182	106	114	116	156	187	123	141	151	100	166	132	168	163	159	123	129	173	161	116	
178	126	146	128	158	183	190	116	126	192	172	152	137	169	101	103	186	134	100	184	199	137	130	160	148	113	140	150	
133	185	166	152	144	114	137	123	153	154	147	169	115	114	142	143	188	168	116	100	111	195	128	157	191	164	141	171	
106	151	187	184	192	182	195	190	195	170	149	197	183	134	128	119	183	132	101	189	100	129	151	163	147	166	104	177	
166	166	160	190	183	149	110	159	142	113	125	144	109	161	112	141	165	137	163	105	171	100	101	185	169	129	103	197	
190	122	146	177	107	160	134	134	144	117	200	115	100	117	136	198	195	141	170	172	149	199	100	106	150	116	118	145	
128	132	121	164	118	122	113	190	140	127	154	100	157	125	125	177	168	177	140	143	137	115	194	100	128	167	115	155	
186	186	104	149	184	146	130	178	180	172	109	148	187	156	120	132	162	171	152	109	153	131	150	172	100	155	124	184	
116	165	104	180	153	111	129	126	194	159	183	142	135	139	132	100	120	127	187	136	134	171	184	133	145	100	129	192	
200	132	108	124	144	128	114	109	181	131	168	146	198	195	146	176	102	139	160	159	196	197	182	185	176	171	100	146	
153	198	119	131	115	190	174	103	164	124	103	157	146	130	105	114	144	184	150	129	123	103	155	145	116	108	154	100	
DEPOTS_TO_LOCAL_TURN_MATRIX
178	126	146	128	158	183	190	116	126	192	172	152	137	169	101	103	186	134	100	184	199	137	130	160	148	113	140	150	
190	122	146	177	107	160	134	134	144	117	200	115	100	117	136	198	195	141	170	172	149	199	100	106	150	116	118	145	
128	132	121	164	118	122	113	190	140	127	154	100	157	125	125	177	168	177	140	143	137	115	194	100	128	167	115	155	
LOCAL_TO_DEPOT_TURN_MATRIX
122	174	154	172	142	117	110	184	174	108	128	148	163	131	199	197	114	166	100	116	101	163	170	140	152	187	160	150	
110	178	154	123	193	140	166	166	156	183	100	185	200	183	164	102	105	159	130	128	151	101	100	194	150	184	182	155	
172	168	179	136	182	178	187	110	160	173	146	200	143	175	175	123	132	123	160	157	163	185	106	100	172	133	185	145	

