INDEX_PROBLEM
1
PATIENTS
800
STRETCHERS
16
NUM_ROOM
28
NUM_DEPOT
3
NUM_PRIORITY
4
PRIORITY_LIST
0	1	2	3	4
PRIORITY_WEIGHT
0	1	10	18	30
PRIORITY_JOB
0	2	4	2	3	4	3	4	3	2	3	4	3	4	3	3	4	1	3	2	3	4	3	3	4	3	4	1	3	4	4	3	3	4	2	4	3	4	3	4	3	3	4	2	4	4	3	4	4	4	4	2	3	3	3	3	4	1	2	3	1	2	1	2	1	3	2	4	1	4	3	4	3	2	3	4	1	2	1	2	1	4	1	3	1	3	4	4	3	4	2	3	1	2	1	2	2	4	4	2	4	3	4	4	3	1	1	2	3	1	2	1	2	3	4	2	3	4	3	4	3	4	1	1	2	3	2	1	2	1	4	2	3	3	4	4	3	4	1	4	1	1	2	1	2	1	3	2	3	3	4	3	4	4	1	4	4	1	2	1	2	1	2	4	2	3	3	3	4	3	2	1	2	3	2	1	2	1	2	4	2	3	1	4	3	4	3	2	3	4	1	1	2	1	2	1	3	1	4	4	3	4	4	2	3	1	1	2	1	2	3	4	2	4	4	3	4	4	1	1	2	3	2	1	2	1	3	4	2	4	3	3	4	4	3	1	1	2	3	2	2	1	1	4	2	1	4	3	4	3	4	3	1	3	1	2	1	2	1	4	2	3	4	3	4	3	4	1	4	2	1	2	1	2	2	4	2	3	4	3	3	3	4	1	4	2	1	2	1	2	2	4	2	3	4	4	3	4	3	1	2	3	1	2	1	2	1	4	1	4	3	3	4	3	4	1	2	3	2	1	1	2	2	4	2	4	4	3	4	3	3	1	1	4	1	2	1	2	1	4	2	3	2	3	4	4	3	4	1	1	2	2	2	1	2	3	4	2	3	4	4	3	4	3	3	1	4	1	2	1	2	1	3	2	4	3	4	4	3	3	1	4	1	1	2	1	2	2	4	3	3	3	4	4	3	2	2	1	4	1	2	1	2	2	4	2	4	3	3	2	4	4	1	2	1	1	2	2	3	1	3	1	3	4	3	4	4	1	4	2	2	1	1	2	1	3	4	2	3	4	3	3	4	4	1	1	2	2	1	2	1	2	2	3	4	3	4	3	4	2	4	1	1	2	1	1	2	2	3	2	3	4	3	4	3	4	1	3	2	1	2	1	4	1	3	4	4	3	4	3	3	2	1	3	1	2	1	2	1	4	2	4	4	3	4	4	3	2	3	1	2	2	1	2	1	2	4	4	2	3	3	4	3	3	1	2	2	1	2	2	1	3	4	1	4	4	3	4	3	1	4	2	1	1	2	1	3	2	3	4	4	3	3	4	3	1	1	2	1	2	1	2	3	4	2	3	4	4	3	3	3	2	4	1	1	2	1	1	2	2	3	4	4	3	4	4	3	2	1	3	2	1	2	1	1	3	4	4	3	4	3	3	2	1	3	1	2	1	2	1	4	3	4	4	3	4	3	3	2	3	1	2	1	2	2	1	2	4	4	2	4	3	4	3	3	1	2	2	1	2	1	2	3	4	1	4	3	4	4	1	3	2	1	1	2	1	2	1	3	4	3	3	4	3	3	4	1	1	2	2	1	2	1	4	2	3	2	3	4	3	3	4	1	1	4	2	1	2	2	2	3	2	4	3	4	3	4	3	1	4	1	1	1	2	3	1	3	2	4	3	4	4	3	3	1	4	1	2	2	1	3	4	2	3	3	4	4	3	2	3	1	4	1	2	1	2	1	2	4	2	3	3	4	3	1	2	3	2	2	1	1	4	1	1	4	1	1	2	1	2	2	1	3	4	1	1	2	1	2	1	2	3	1	2	1	2	1	1	3	1	2	1	1	2	1	4	1	2	2	1	1	2	2	1	1	3	4	1	2	1	2
TIME_ASKED
0	28849	28898	28947	28996	29045	29094	29149	29198	29247	29296	29345	29394	29429	29458	29487	29516	29545	29574	29603	29632	29661	29690	29742	29784	29826	29868	29910	29952	29994	30029	30058	30087	30116	30145	30174	30203	30232	30261	30290	30329	30358	30387	30416	30445	30474	30503	30532	30561	30590	30621	30642	30663	30684	30705	30726	30747	30768	30789	30810	30831	30852	30873	30894	30949	30998	31047	31096	31145	31194	31227	31254	31281	31308	31335	31362	31389	31416	31443	31470	31497	31524	31548	31572	31596	31620	31644	31668	31692	31716	31740	31764	31788	31837	31874	31911	31948	31985	32022	32059	32096	32159	32218	32277	32336	32395	32419	32438	32457	32476	32495	32514	32533	32552	32571	32590	32609	32628	32647	32666	32685	32759	32818	32877	32936	32995	33027	33054	33081	33108	33135	33162	33189	33216	33243	33270	33297	33333	33366	33399	33432	33465	33498	33531	33564	33597	33616	33632	33648	33664	33680	33696	33712	33728	33744	33760	33776	33792	33808	33824	33840	33856	33872	33888	33933	33966	33999	34032	34065	34098	34131	34164	34197	34242	34284	34326	34368	34410	34452	34494	34533	34566	34599	34632	34665	34698	34731	34764	34797	34827	34854	34881	34908	34935	34962	34989	35016	35043	35070	35097	35137	35174	35211	35248	35285	35322	35359	35396	35433	35466	35499	35532	35565	35598	35631	35664	35697	35723	35746	35769	35792	35815	35838	35861	35884	35907	35930	35953	35976	35999	36023	36046	36069	36092	36115	36138	36161	36184	36207	36230	36253	36276	36299	36327	36354	36381	36408	36435	36462	36489	36516	36543	36570	36597	36619	36638	36657	36676	36695	36714	36733	36752	36771	36790	36809	36828	36847	36866	36885	36949	36998	37047	37096	37145	37194	37259	37318	37377	37436	37495	37549	37598	37647	37696	37745	37794	37827	37854	37881	37908	37935	37962	37989	38016	38043	38070	38097	38123	38146	38169	38192	38215	38238	38261	38284	38307	38330	38353	38376	38399	38419	38438	38457	38476	38495	38514	38533	38552	38571	38590	38609	38628	38647	38666	38685	38742	38784	38826	38868	38910	38952	38994	39029	39058	39087	39116	39145	39174	39203	39232	39261	39290	39349	39398	39447	39496	39545	39594	39633	39666	39699	39732	39765	39798	39831	39864	39897	39937	39974	40011	40048	40085	40122	40159	40196	40242	40284	40326	40368	40410	40452	40494	40542	40584	40626	40668	40710	40752	40794	40849	40898	40947	40996	41045	41094	41133	41166	41199	41232	41265	41298	41331	41364	41397	41423	41446	41469	41492	41515	41538	41561	41584	41607	41630	41653	41676	41699	41749	41798	41847	41896	41945	41994	42099	42198	42297	42342	42384	42426	42468	42510	42552	42594	42699	42798	42897	42923	42946	42969	42992	43015	43038	43061	43084	43107	43130	43153	43176	43199	43237	43274	43311	43348	43385	43422	43459	43496	43549	43598	43647	43696	43745	43794	43899	43998	44097	44159	44218	44277	44336	44395	44459	44518	44577	44636	44695	44799	44898	44997	45033	45066	45099	45132	45165	45198	45231	45264	45297	45337	45374	45411	45448	45485	45522	45559	45596	45637	45674	45711	45748	45785	45822	45859	45896	45959	46018	46077	46136	46195	46249	46298	46347	46396	46445	46494	46537	46574	46611	46648	46685	46722	46759	46796	46821	46842	46863	46884	46905	46926	46947	46968	46989	47010	47031	47052	47073	47094	47199	47298	47397	47437	47474	47511	47548	47585	47622	47659	47696	47737	47774	47811	47848	47885	47922	47959	47996	48049	48098	48147	48196	48245	48294	48324	48348	48372	48396	48420	48444	48468	48492	48516	48540	48564	48588	48627	48654	48681	48708	48735	48762	48789	48816	48843	48870	48897	48937	48974	49011	49048	49085	49122	49159	49196	49233	49266	49299	49332	49365	49398	49431	49464	49497	49537	49574	49611	49648	49685	49722	49759	49796	49827	49854	49881	49908	49935	49962	49989	50016	50043	50070	50097	50149	50198	50247	50296	50345	50394	50424	50448	50472	50496	50520	50544	50568	50592	50616	50640	50664	50688	50737	50774	50811	50848	50885	50922	50959	50996	51027	51054	51081	51108	51135	51162	51189	51216	51243	51270	51297	51324	51348	51372	51396	51420	51444	51468	51492	51516	51540	51564	51588	51637	51674	51711	51748	51785	51822	51859	51896	51933	51966	51999	52032	52065	52098	52131	52164	52197	52259	52318	52377	52436	52495	52517	52534	52551	52568	52585	52602	52619	52636	52653	52670	52687	52704	52721	52738	52755	52772	52789	52859	52918	52977	53036	53095	53137	53174	53211	53248	53285	53322	53359	53396	53459	53518	53577	53636	53695	53733	53766	53799	53832	53865	53898	53931	53964	53997	54027	54054	54081	54108	54135	54162	54189	54216	54243	54270	54297	54374	54448	54522	54596	54627	54654	54681	54708	54735	54762	54789	54816	54843	54870	54897	55049	55198	55237	55274	55311	55348	55385	55422	55459	55496	55574	55648	55722	55796	55827	55854	55881	55908	55935	55962	55989	56016	56043	56070	56097	56399	56499	56598	56697	56733	56766	56799	56832	56865	56898	56931	56964	56997	57049	57098	57147	57196	57245	57294	57359	57418	57477	57536	57595
ORIGIN
26	16	6	3	14	7	27	23	3	25	23	5	14	14	14	14	2	14	14	14	1	4	26	16	1	14	16	9	9	14	27	7	3	9	3	14	11	2	23	14	3	2	14	20	20	2	14	14	2	6	27	18	7	27	20	8	26	14	17	2	3	23	2	26	14	23	23	7	14	24	15	1	27	27	25	1	23	14	3	14	23	14	23	14	14	23	14	1	16	8	14	5	5	15	14	1	8	5	18	26	7	20	8	1	7	17	2	27	27	2	14	14	3	3	14	4	24	15	4	16	25	14	3	3	23	20	2	14	14	23	10	2	2	14	2	14	16	14	27	27	23	27	16	14	16	14	14	27	1	14	1	13	16	2	27	27	20	14	14	14	20	26	8	24	15	4	8	16	8	20	2	26	14	2	14	14	14	14	3	23	12	24	7	14	14	1	14	14	27	1	1	14	1	14	25	20	8	27	23	9	7	14	20	2	24	5	14	7	16	27	18	14	4	20	16	5	5	22	14	2	2	14	14	14	14	7	7	25	2	23	14	3	14	14	14	27	11	14	2	25	25	14	10	8	27	14	2	23	14	16	16	14	14	14	27	14	13	2	27	7	26	27	8	26	16	4	4	26	14	2	14	14	14	2	20	20	23	13	3	23	27	10	11	14	14	14	25	14	25	26	2	2	23	14	23	23	10	3	23	24	14	2	14	1	1	14	14	14	16	5	23	16	25	8	26	8	3	14	14	3	14	14	14	14	13	2	16	14	3	14	3	14	7	7	14	3	23	14	12	2	8	1	23	10	27	23	12	14	26	8	1	27	14	14	7	8	5	7	16	23	14	27	7	27	16	14	27	16	14	14	14	4	2	7	5	3	20	14	1	1	26	7	14	26	14	16	26	2	1	23	10	1	14	14	2	14	3	14	27	14	2	27	11	27	14	1	3	7	27	23	23	14	14	23	14	10	1	23	23	2	23	7	5	24	14	2	27	14	14	1	14	14	7	25	23	23	23	10	23	23	14	14	14	14	14	27	14	14	25	3	27	20	16	6	27	19	7	27	22	12	26	23	13	2	14	7	7	26	14	3	23	14	7	27	2	14	13	1	1	26	27	23	23	23	9	26	20	11	26	26	14	1	27	14	1	27	2	26	26	1	5	27	18	7	20	4	14	3	14	2	22	23	2	2	27	11	3	27	14	4	24	15	1	25	25	25	4	26	20	23	27	2	1	14	11	2	23	12	14	14	14	7	15	14	14	3	3	23	3	10	7	27	20	3	3	14	2	27	20	11	14	3	3	26	23	14	4	1	15	4	25	12	14	2	26	14	2	14	23	1	27	3	2	23	25	23	14	14	14	15	15	14	7	11	25	26	26	7	27	20	7	24	24	26	14	20	2	14	26	14	16	23	14	3	24	14	4	7	26	14	26	14	23	14	14	14	11	11	14	2	23	12	14	14	14	23	23	14	27	14	1	9	9	27	2	23	19	8	27	3	14	3	20	2	14	23	1	14	2	14	26	24	14	4	14	14	1	26	14	2	26	14	23	23	3	10	1	23	12	2	23	23	8	14	8	27	11	15	1	1	16	23	27	19	7	27	1	23	23	23	27	22	14	2	14	14	14	3	7	14	4	16	1	26	26	3	1	26	14	4	2	23	9	1	23	4	14	23	7	3	14	14	27	11	14	1	14	23	6	3	18	7	27	21	14	14	27	2	22	23	2	14	26	14	3	14	25	4	25	16	9	9	14	20	20	26	14	16	23	9	1	14	14	2	23	13	14	14	27	14	27	14	8	1	26	5	27	18	7	27	20	8	14	17	26	1	27	23	2	7	1
DESTINATION
3	14	17	26	3	23	2	26	26	14	27	14	4	25	25	16	14	25	9	9	23	14	3	14	23	9	16	14	14	2	23	13	26	14	26	5	15	14	1	8	26	27	26	7	7	27	20	8	14	17	2	27	20	2	14	14	3	16	6	14	14	7	27	23	2	3	3	20	5	2	14	14	23	23	14	14	1	4	26	16	1	2	27	9	9	27	16	14	16	14	9	14	14	11	2	23	14	14	27	14	20	14	14	14	20	6	27	18	18	27	20	8	26	26	26	14	2	14	14	14	14	3	23	23	27	7	24	15	1	27	14	14	27	1	14	1	14	25	23	23	27	23	14	1	16	5	8	2	24	5	14	7	16	27	18	18	7	20	8	1	7	3	14	2	14	14	14	14	14	7	14	14	4	24	15	4	16	25	14	27	11	2	20	25	25	14	10	10	2	14	14	2	14	16	14	14	14	23	27	14	13	2	7	27	1	14	1	13	16	2	27	26	14	14	14	14	14	2	8	24	24	15	8	16	8	20	20	14	14	1	25	14	25	26	2	23	12	2	24	14	14	1	14	14	2	20	14	1	1	14	14	25	20	8	23	9	7	14	18	20	3	18	14	3	14	14	14	14	4	14	16	5	5	22	7	7	1	7	14	3	23	14	12	25	25	2	14	3	14	14	14	14	26	8	1	27	14	14	7	2	8	27	2	23	14	16	16	20	14	14	27	16	14	14	14	14	26	16	8	26	16	4	4	26	7	14	14	26	14	16	26	2	20	13	3	23	27	10	11	14	14	14	27	14	2	27	11	25	23	14	23	23	10	3	23	14	14	23	14	1	10	23	23	2	14	16	23	16	25	8	26	14	14	13	14	14	7	25	23	23	14	13	16	14	3	14	3	14	14	27	14	14	25	3	27	2	14	1	23	10	27	23	12	2	26	23	14	13	2	27	7	8	8	7	16	14	23	7	7	27	1	13	14	1	26	27	23	4	4	23	5	3	20	14	1	1	27	14	1	27	2	26	26	2	1	23	10	1	14	14	2	14	14	17	2	22	23	2	2	11	14	1	7	27	3	23	23	14	25	14	4	26	20	23	27	2	7	23	24	14	2	27	27	27	14	14	7	15	14	14	3	23	23	10	23	23	14	14	14	23	14	2	27	20	11	14	3	26	16	27	19	7	27	22	23	12	14	2	26	14	2	14	23	14	14	14	23	14	7	27	2	14	14	25	15	14	7	11	25	9	9	20	11	26	26	14	14	1	26	14	20	2	14	26	26	5	27	18	7	20	4	14	14	3	3	26	14	23	14	14	14	11	3	27	14	4	24	15	1	14	23	14	14	27	14	1	9	1	1	11	11	2	23	12	14	3	14	20	2	14	23	1	1	3	10	7	27	20	3	3	14	1	26	14	2	26	14	23	3	9	14	4	1	15	4	25	12	12	8	14	27	11	15	1	1	27	27	2	23	25	23	14	14	23	27	27	22	14	2	26	26	26	7	27	20	7	24	3	14	26	3	1	26	14	4	2	23	14	3	24	14	4	7	7	14	14	14	27	11	14	1	7	14	2	14	23	12	14	14	14	14	27	2	22	23	2	14	27	27	27	23	19	8	27	9	9	25	14	20	26	14	16	23	14	14	26	24	14	4	14	14	1	14	14	27	14	8	1	23	26	10	1	23	12	2	23	1	27	17	26	27	23	2	7	16	16	23	27	19	7	27	1	3	25	14	5	14	14	14	14	14	14	3	7	7	14	4	16	1	14	14	9	9	14	27	7	2	1	23	1	23	4	14	23	3	14	2	27	20	2	14	14	2	6	3	14	18	7	27	21	14
DUE_DATE
0	30427	29456	30525	30094	29603	30192	29707	30296	30825	30394	29903	30492	29987	30556	30585	30074	31843	30672	31181	30730	30219	30788	30840	30342	30924	30426	32208	31050	30552	30587	31156	31185	30674	31723	30732	31301	30790	31359	30848	31427	31456	30945	31994	31003	31032	31601	31090	31119	31148	31179	32220	31761	31782	31803	31824	31305	33066	32367	31908	33129	32430	33171	32472	33247	32096	32625	31654	33443	31752	32325	31812	32379	32886	32433	31920	33687	32994	33741	33048	33795	32082	33846	32670	33894	32718	32202	32226	32790	32274	33318	32862	34086	33415	34172	33489	33526	32543	32580	33637	32654	33257	32776	32835	33434	34693	34717	34016	33555	34774	34073	34812	34111	33650	33129	34168	33707	33186	33745	33224	33783	33317	35116	35175	34514	34093	34605	35352	34659	35406	33693	34740	34287	34314	33801	33828	34395	33891	35664	33957	35730	35763	35076	35829	35142	35895	34714	35210	34746	34762	34238	34794	34270	34286	36042	34318	34334	36090	35386	36122	35418	36154	35450	34446	35511	35064	35097	35130	34623	35196	35709	36462	35775	35340	35862	36624	35946	36708	36030	35052	36111	35664	36897	35190	35763	35256	35829	36342	35895	35385	37152	37179	36486	37233	36540	37287	36114	37341	35628	35655	36235	35732	35769	36826	36383	37620	37657	36974	37731	37044	36597	36090	37143	36156	36189	36762	36255	36281	38044	38067	37370	36913	37416	38159	37462	38205	37028	36511	37554	36557	37121	37144	36627	36650	37213	38436	38459	37762	37305	37808	37831	38574	38597	36885	37932	38679	36966	37533	37020	37587	37074	37641	38868	37695	38917	38216	38955	38254	38993	37272	38311	37850	37329	37888	37367	37926	37405	39164	37443	38527	39296	38625	39394	38723	38772	37817	38896	38475	37994	38593	38647	38696	38205	39994	38303	39372	40125	39432	40179	39486	39513	38520	39567	39114	38601	38628	39195	38681	39244	40467	39770	39313	40536	39839	40582	39885	40628	38911	40674	38957	39517	39536	39015	39574	39053	40812	40111	39650	40149	40888	40907	40206	40225	39224	40263	39300	39342	39924	39426	40008	40050	41292	41327	39616	41385	40694	41443	40752	41501	39790	40839	40388	40927	40496	40005	40054	40643	40152	41931	41964	41277	41310	41343	42096	41409	40962	40455	41515	41072	40569	40606	41183	40680	41257	41294	42540	40842	42624	41946	42708	42030	42792	41640	42162	41184	41766	41268	41310	41892	41947	43196	41505	43294	43343	42672	43431	42744	42777	41790	42363	42396	42429	41922	41955	42521	43024	43047	43790	42073	43836	43139	43882	43185	43208	42211	43254	42257	42847	42896	43425	42454	42503	44292	43677	44496	44595	43920	43962	43524	44766	43608	44850	43692	43257	43896	43455	43481	45244	43527	44570	44593	45336	45359	44662	45405	44228	43711	44754	44297	43795	44372	44409	43906	43943	45720	45757	45074	45127	45896	45225	45994	45323	45372	44997	44556	45195	44717	45316	44835	45914	44953	46757	46816	46155	46934	46993	46377	46476	46095	46611	46164	45657	46230	45723	46296	45789	47562	46395	46915	47672	46989	47746	46043	47820	46657	46154	46195	46772	46269	46846	46883	47400	48157	46994	48257	47596	48375	47714	48493	46807	47876	46905	46954	47543	47052	47095	47672	48189	47746	48983	48300	48337	49094	48399	49140	48441	47442	47463	48504	48045	48066	47547	48108	48129	49350	48651	48672	49497	48876	48975	49735	48572	48069	49846	48143	48180	48757	48254	48835	50072	48369	49426	50183	50220	49537	50294	49147	49676	49245	48754	48803	49392	49422	48906	49470	50694	50718	50022	50766	50070	50814	50118	49662	49146	50205	49752	49239	49266	49833	49860	49887	50394	49401	51168	51195	50515	51272	51309	50626	50663	50220	49717	49754	50331	49824	49857	50430	50943	51696	50529	51042	51795	51115	51872	51909	50746	50243	50280	50857	50354	50925	50952	51459	52206	51033	52260	51567	52314	51621	52368	50655	51247	50756	50805	51394	50903	51492	51522	52026	51570	52794	52098	52842	52146	52170	52914	52218	51222	51246	52315	51332	51909	51406	51983	52020	53257	52574	52605	53352	52659	53406	52713	52260	51747	53514	51801	52368	51855	51882	53646	52470	52974	53718	53742	53046	53790	53094	53838	52662	52146	52735	52772	52269	52846	52883	52380	54157	54194	53511	53544	54297	53610	54363	52656	53709	53262	53775	53357	52876	53475	53534	53053	54815	54832	53109	54146	54883	54180	54197	54214	53751	54248	53245	53802	53279	53836	53313	53870	55087	53417	55216	55275	55334	54673	54235	55472	54309	54826	53843	54420	53917	53954	54557	54616	55875	54194	55993	55311	55344	56097	54930	54423	55476	55029	55062	54555	54585	55152	55659	55206	56433	54720	56487	55794	56541	55848	56595	55952	55006	56100	55694	55725	55212	55779	57006	56313	55860	56367	56394	57141	57168	55455	57347	57496	55795	57572	57609	56926	57683	57000	57037	57794	56672	56206	58020	58094	57405	58152	57459	58206	57513	57060	58287	57594	58341	57648	58395	58697	57597	58896	58275	59031	59064	58377	59130	57423	59196	58509	58542	59295	59347	58676	58725	59494	59543	58392	57917	59716	59055	59834	59173
TRANSPORT_MODE
0	2	1	1	0	0	0	0	2	2	1	2	0	0	0	0	0	1	1	2	0	0	0	0	0	1	1	2	0	0	0	0	1	1	1	0	0	0	0	0	0	2	1	1	0	0	0	0	0	2	2	1	1	0	0	0	0	3	1	1	0	0	0	0	0	2	2	1	3	0	0	0	0	1	1	1	0	0	0	0	0	0	2	1	3	0	0	0	0	1	1	1	0	0	0	0	0	0	2	1	1	0	0	0	0	3	3	1	1	0	0	0	0	0	2	1	1	0	0	0	0	0	3	3	1	2	0	0	0	0	1	1	1	0	0	0	0	0	3	1	2	0	0	0	0	0	1	1	1	0	0	0	0	0	3	1	1	0	0	0	0	0	2	2	1	1	0	0	0	0	0	3	1	1	0	0	0	0	0	2	2	1	3	0	0	0	0	1	1	1	0	0	0	0	0	2	1	3	0	0	0	0	1	1	1	0	0	0	0	0	0	2	1	1	0	0	0	0	3	3	1	1	0	0	0	0	0	2	1	1	0	0	0	0	0	3	3	1	2	0	0	0	0	1	1	3	0	0	0	0	0	1	1	2	0	0	0	0	0	1	1	1	0	0	0	0	0	3	1	2	0	0	0	0	0	2	1	1	0	0	0	0	0	3	1	1	0	0	0	0	0	1	2	2	1	0	0	0	0	3	1	1	0	0	0	0	0	0	2	1	1	0	0	0	0	3	1	1	0	0	0	0	0	2	1	1	0	0	0	0	0	3	3	1	0	0	0	0	0	0	1	2	1	0	0	0	0	1	3	3	1	0	0	0	0	2	1	1	0	0	0	0	0	0	1	3	1	0	0	0	0	2	1	1	0	0	0	0	0	1	3	1	0	0	0	0	0	1	2	2	0	0	0	0	0	0	1	3	1	0	0	0	0	1	1	2	0	2	0	0	0	1	3	1	0	0	0	0	0	0	1	2	1	0	0	0	0	3	1	1	0	0	0	0	0	1	2	1	0	0	0	0	0	1	3	3	0	0	0	0	0	0	1	1	2	0	0	0	0	1	1	3	3	0	0	0	0	1	2	1	0	0	0	0	0	1	3	1	0	0	0	0	0	1	2	1	0	0	0	0	0	1	3	1	0	0	0	0	0	1	2	2	0	0	0	0	0	1	1	3	0	0	0	0	0	1	1	2	2	0	0	0	0	1	3	1	0	0	0	0	0	1	2	1	0	0	0	0	1	3	1	0	0	0	0	0	0	1	2	1	0	0	0	0	1	3	3	0	0	0	0	0	0	1	1	2	0	0	0	0	0	1	1	3	3	0	0	0	0	1	2	1	0	0	0	0	0	1	3	1	0	0	0	0	1	2	1	0	0	0	0	0	1	3	1	0	0	0	0	0	1	2	2	0	0	0	0	0	1	1	3	0	0	0	0	0	1	1	2	2	0	0	0	0	1	3	1	0	0	0	0	0	1	2	1	0	0	0	0	3	1	1	0	0	0	0	0	0	1	2	1	0	0	0	0	1	3	3	0	0	0	0	0	0	1	2	1	0	0	0	0	1	3	3	1	0	0	0	0	1	2	1	0	0	0	0	0	1	3	1	0	0	0	0	0	2	1	1	0	0	0	0	0	1	3	1	0	0	0	0	2	1	1	0	0	0	0	0	0	1	3	1	0	0	0	0	0	1	2	2	1	0	0	0	3	1	1	0	0	0	0	0	3	3	1	1	0	0	0	0	0	3	1	1	0	0	0	0	0	3	1	1	0	0	0	0	3	1	1	0	0	0	0	0	0	1	3	1	0	0	0	0	0	3	3	1	1	0	0	0	0
PATIENT_WEIGHT
57	106	118	102	41	61	142	41	146	36	57	122	112	61	77	100	91	118	127	86	97	81	85	38	41	124	85	92	141	83	87	136	72	69	56	112	129	85	60	77	62	61	145	89	67	92	67	89	117	81	77	58	141	79	109	98	122	134	83	65	100	144	99	149	75	59	111	54	104	66	125	44	56	115	50	95	93	109	76	122	58	142	148	85	36	91	44	49	58	67	98	80	96	119	72	92	139	69	50	45	60	86	77	148	76	74	57	124	94	60	132	136	54	140	128	142	42	114	89	33	90	134	93	58	140	100	94	118	89	65	45	116	136	69	64	145	74	55	39	147	128	85	104	119	69	105	141	69	118	142	70	117	49	143	147	46	117	128	65	51	120	133	148	91	86	70	137	41	49	75	132	46	32	138	91	149	78	70	138	34	31	139	41	105	44	110	68	143	133	47	114	108	84	82	38	123	89	71	123	40	50	59	116	135	65	108	36	149	94	112	135	47	81	60	70	127	116	102	84	38	91	34	134	35	102	134	147	143	121	81	146	75	133	75	54	124	72	39	131	87	34	129	107	102	79	117	150	64	131	115	94	138	87	48	116	88	132	62	80	69	43	56	87	102	131	102	135	129	129	134	118	57	72	95	143	39	135	97	135	99	67	69	70	75	127	109	139	124	51	87	146	80	41	69	89	86	108	124	132	60	72	150	137	92	107	134	92	89	140	121	114	97	58	131	60	131	64	48	85	123	124	103	98	132	87	136	137	145	115	58	114	139	141	75	105	105	149	123	115	123	69	93	50	92	150	86	51	140	62	146	78	100	84	42	59	32	33	134	96	79	63	34	105	109	129	123	42	67	133	110	58	72	81	127	42	50	55	65	102	120	36	144	34	79	79	141	148	143	95	69	116	119	52	111	139	121	100	40	148	131	72	95	141	79	137	55	134	69	96	59	79	114	101	84	82	57	103	106	84	81	60	32	109	147	53	61	141	104	113	69	95	92	116	106	30	68	81	57	64	140	66	107	128	126	63	141	82	61	139	45	129	100	114	101	68	44	129	67	55	107	103	64	58	79	118	148	121	78	132	133	89	146	148	146	67	53	103	30	105	130	125	40	72	41	87	42	33	120	132	67	109	150	48	141	50	102	30	63	111	102	33	70	138	146	112	115	125	150	49	131	81	123	45	56	84	85	51	41	96	141	149	130	102	109	113	112	66	126	146	118	47	82	45	114	50	92	121	118	124	110	111	76	53	46	46	54	127	97	75	149	44	33	119	68	43	43	134	115	57	39	73	102	74	133	56	148	57	51	141	139	38	140	98	79	33	68	141	61	85	91	86	141	132	104	54	92	88	134	63	52	117	78	35	37	82	102	64	103	137	131	89	39	49	121	132	36	69	71	55	54	62	129	105	36	143	85	138	104	91	64	127	53	82	62	42	81	51	76	35	101	102	38	114	113	135	74	143	124	35	120	98	138	66	105	78	32	146	139	104	138	63	48	32	82	87	133	138	121	88	50	90	31	115	46	131	146	42	139	35	52	136	78	141	99	35	46	81	119	135	49	100	43	130	69	147	100	129	70	150	131	76	105	86	95	112	116	136	124	53	131	149	99	40	108	30	149	108	96	102	92	147	32	40	75	113	76	109	61	51	137	71	140	133	55	138	150	135	133	46	82	111	81	42	43	135	92	125	119	79	87	131	118	114	106	92	118	63	92	77	72	63	73	139	117	100	96	112	137	53	38	60	94	42	138	31	31	119	85	144	127	64	143	83	105	109	89	111	88	62	115	61	111	130	58	149	103	56	43	30	31	125	79	134	93	48	103	60	40	44	94	140
DISTANCE_MATRIX
0	360	318	300	288	276	264	264	150	150	150	60	90	90	162	168	204	228	234	312	360	408	348	318	168	192	168	318
360	60	264	318	324	342	342	342	348	348	354	360	372	378	378	420	420	480	462	498	462	462	384	420	372	420	378	378
318	264	60	270	276	288	288	288	294	294	294	318	318	324	324	414	414	468	462	486	462	462	330	366	366	408	372	324
300	318	270	60	276	288	288	288	288	288	288	300	300	312	318	408	408	468	462	486	438	438	318	360	360	402	360	312
288	324	276	276	60	276	276	276	276	276	276	288	288	300	300	402	396	462	456	480	432	432	300	360	360	402	348	300
276	342	288	288	276	60	180	180	252	258	264	264	264	288	288	390	390	456	450	480	432	432	288	348	348	348	288	288
264	342	288	288	276	180	60	180	246	258	264	264	264	288	288	390	390	456	450	480	432	432	288	348	348	348	288	288
264	342	288	288	276	180	180	60	240	258	264	264	264	288	288	390	390	456	450	480	432	432	288	348	348	348	288	288
150	348	294	288	276	252	246	240	60	120	120	150	126	270	270	378	384	420	438	480	420	408	276	300	300	300	276	270
150	348	294	288	276	258	258	258	120	60	120	150	150	270	270	378	384	420	438	480	420	408	276	300	300	300	276	270
150	354	294	288	276	264	264	264	120	120	60	150	150	270	270	378	384	420	438	480	420	408	276	300	300	300	276	270
60	360	318	300	288	264	264	264	150	150	150	60	90	162	168	228	234	312	360	408	348	318	168	192	192	198	168	162
90	372	318	300	288	264	264	264	150	150	150	90	60	162	168	228	234	312	360	408	348	318	168	192	192	198	168	162
90	378	324	312	300	288	288	288	270	270	270	162	162	60	120	180	180	306	210	360	300	300	120	180	120	180	120	234
162	378	324	318	300	288	288	288	270	270	270	168	168	120	60	180	180	306	210	360	300	300	120	180	120	180	120	120
168	420	414	408	402	348	348	348	300	300	300	228	228	180	180	60	132	204	132	348	258	258	186	60	180	132	222	180
204	420	414	408	396	390	390	390	384	384	384	234	234	180	180	132	60	204	132	348	258	258	186	60	180	132	222	180
228	480	468	468	462	456	456	456	420	420	420	312	312	306	306	204	204	60	198	120	240	240	306	204	306	138	306	306
234	462	462	462	456	450	450	450	438	438	438	360	360	210	210	132	132	198	60	138	132	132	210	132	210	132	210	210
312	498	486	486	480	480	480	480	480	480	480	408	408	360	360	348	348	120	138	60	348	348	360	348	360	348	360	360
360	462	462	438	432	432	432	432	420	420	420	348	348	300	300	258	258	240	132	348	60	60	300	258	300	258	300	300
408	462	462	438	432	432	432	432	408	408	408	318	318	300	300	258	258	240	132	348	60	60	300	258	300	258	300	300
348	384	330	318	300	288	288	288	276	276	276	168	168	120	120	186	186	306	210	360	300	300	60	186	120	186	120	120
318	420	366	360	360	348	348	348	300	300	300	192	192	180	180	60	60	204	132	348	258	258	186	60	180	60	180	180
168	372	300	306	300	288	288	288	270	270	270	168	168	120	120	180	180	306	210	360	300	300	120	180	60	180	120	120
192	420	408	402	402	348	348	348	300	300	300	198	198	180	180	132	132	138	132	348	258	258	186	60	180	60	180	180
168	378	372	360	348	288	288	288	276	276	276	168	168	120	120	222	222	306	210	360	300	300	120	180	120	180	60	120
318	378	324	312	300	288	288	288	270	270	270	162	162	234	120	180	180	306	210	360	300	300	120	180	120	180	120	60
DEPOTS_DISTANCE
234	462	462	462	456	450	450	450	438	438	438	360	360	210	210	132	132	198	60	138	132	132	210	132	210	132	210	210	
348	384	330	318	300	288	288	288	276	276	276	168	168	120	120	186	186	306	210	360	300	300	60	186	120	186	120	120	
318	420	366	360	360	348	348	348	300	300	300	192	192	180	180	60	60	204	132	348	258	258	186	60	180	60	180	180	
LOCATION_TURN_MATRIX
100	130	122	113	112	199	136	122	129	152	173	146	151	136	158	140	176	113	122	167	194	134	110	172	114	184	100	147	
170	100	154	188	164	169	136	136	152	170	104	183	155	115	101	104	155	187	174	115	149	134	178	168	114	135	168	102	
178	146	100	161	178	114	104	165	117	139	126	169	192	109	120	179	160	152	154	134	113	140	154	179	196	196	192	181	
187	112	139	100	158	114	195	181	104	132	195	106	183	169	132	170	140	136	172	148	116	110	123	136	151	120	176	169	
188	136	122	142	100	175	164	159	112	100	167	164	135	191	132	181	104	123	142	156	108	117	193	182	116	147	156	185	
101	131	186	186	125	100	190	147	164	150	137	102	145	176	185	131	113	108	117	186	118	151	140	178	154	189	172	110	
164	164	196	105	136	110	100	186	153	151	183	193	111	157	144	123	188	142	110	163	105	190	166	187	170	171	186	126	
178	164	135	119	141	153	114	100	106	130	108	103	151	178	122	151	130	133	184	177	110	141	166	110	122	174	191	197	
171	148	183	196	188	136	147	194	100	167	100	146	168	129	128	142	172	118	174	147	105	158	156	160	120	106	119	136	
148	130	161	168	200	150	149	170	133	100	177	106	175	116	188	180	176	194	108	146	130	187	183	173	128	141	169	176	
127	196	174	105	133	163	117	192	200	123	100	171	175	140	183	115	104	186	128	153	151	175	100	146	191	117	132	197	
154	117	131	194	136	198	107	197	154	194	129	100	136	184	140	147	172	184	148	131	103	156	185	200	152	158	154	143	
149	145	108	117	165	155	189	149	132	125	125	164	100	140	199	142	101	144	163	185	117	191	200	143	113	165	102	154	
164	185	191	131	109	124	143	122	171	184	160	116	160	100	109	116	196	113	131	186	166	139	183	175	144	161	105	170	
142	199	180	168	168	115	156	178	172	112	117	160	101	191	100	147	177	177	199	158	172	188	164	175	180	168	154	195	
160	196	121	130	119	169	177	149	158	120	185	153	158	184	153	100	152	159	197	157	181	159	102	123	168	200	124	186	
124	145	140	160	196	187	112	170	128	124	196	128	199	104	123	148	100	149	114	112	117	135	105	132	138	180	198	156	
187	113	148	164	177	192	158	167	182	106	114	116	156	187	123	141	151	100	166	132	168	163	159	123	129	173	161	116	
178	126	146	128	158	183	190	116	126	192	172	152	137	169	101	103	186	134	100	184	199	137	130	160	148	113	140	150	
133	185	166	152	144	114	137	123	153	154	147	169	115	114	142	143	188	168	116	100	111	195	128	157	191	164	141	171	
106	151	187	184	192	182	195	190	195	170	149	197	183	134	128	119	183	132	101	189	100	129	151	163	147	166	104	177	
166	166	160	190	183	149	110	159	142	113	125	144	109	161	112	141	165	137	163	105	171	100	101	185	169	129	103	197	
190	122	146	177	107	160	134	134	144	117	200	115	100	117	136	198	195	141	170	172	149	199	100	106	150	116	118	145	
128	132	121	164	118	122	113	190	140	127	154	100	157	125	125	177	168	177	140	143	137	115	194	100	128	167	115	155	
186	186	104	149	184	146	130	178	180	172	109	148	187	156	120	132	162	171	152	109	153	131	150	172	100	155	124	184	
116	165	104	180	153	111	129	126	194	159	183	142	135	139	132	100	120	127	187	136	134	171	184	133	145	100	129	192	
200	132	108	124	144	128	114	109	181	131	168	146	198	195	146	176	102	139	160	159	196	197	182	185	176	171	100	146	
153	198	119	131	115	190	174	103	164	124	103	157	146	130	105	114	144	184	150	129	123	103	155	145	116	108	154	100	
DEPOTS_TO_LOCAL_TURN_MATRIX
178	126	146	128	158	183	190	116	126	192	172	152	137	169	101	103	186	134	100	184	199	137	130	160	148	113	140	150	
190	122	146	177	107	160	134	134	144	117	200	115	100	117	136	198	195	141	170	172	149	199	100	106	150	116	118	145	
128	132	121	164	118	122	113	190	140	127	154	100	157	125	125	177	168	177	140	143	137	115	194	100	128	167	115	155	
LOCAL_TO_DEPOT_TURN_MATRIX
122	174	154	172	142	117	110	184	174	108	128	148	163	131	199	197	114	166	100	116	101	163	170	140	152	187	160	150	
110	178	154	123	193	140	166	166	156	183	100	185	200	183	164	102	105	159	130	128	151	101	100	194	150	184	182	155	
172	168	179	136	182	178	187	110	160	173	146	200	143	175	175	123	132	123	160	157	163	185	106	100	172	133	185	145	

