INDEX_PROBLEM
1
PATIENTS
800
STRETCHERS
16
NUM_ROOM
28
NUM_DEPOT
3
NUM_PRIORITY
4
PRIORITY_LIST
0	1	2	3	4
PRIORITY_WEIGHT
0	1	10	18	30
PRIORITY_JOB
0	2	3	4	3	4	3	4	2	4	3	4	4	4	3	4	4	2	3	4	4	3	4	4	4	3	4	2	3	4	4	3	4	3	4	2	3	4	4	4	3	4	4	2	4	4	4	4	3	4	2	3	4	4	3	4	3	1	4	3	1	2	1	2	1	4	2	4	4	4	3	4	4	1	3	3	2	1	2	1	2	4	4	2	3	4	3	4	4	1	2	4	3	1	2	1	2	4	2	3	4	4	3	4	3	1	4	2	2	3	1	2	1	4	3	4	4	4	3	4	4	4	1	1	2	1	2	1	3	2	3	3	3	4	4	4	3	4	1	1	4	1	2	2	1	2	3	4	4	4	4	4	3	2	1	4	2	3	1	2	2	2	3	4	4	3	4	4	3	2	4	1	1	2	1	2	1	4	3	4	4	4	3	3	4	2	3	1	2	3	1	1	2	3	4	4	2	4	4	3	4	3	1	4	2	1	2	1	3	4	2	4	2	4	3	4	4	3	1	4	2	3	1	2	1	2	2	4	4	3	4	3	4	3	4	1	1	2	1	2	1	1	2	3	4	3	4	3	4	3	4	1	1	2	3	1	2	4	2	3	4	3	4	4	4	2	4	1	1	2	3	3	4	4	2	3	3	4	3	4	4	4	2	1	1	2	1	1	2	4	3	4	3	4	3	4	3	4	2	1	2	1	2	1	2	3	3	4	4	4	4	3	4	2	3	1	3	1	2	1	2	2	4	4	4	4	4	3	4	2	3	1	3	1	2	3	1	4	2	4	3	4	4	3	4	3	4	1	1	2	2	1	2	1	2	3	4	3	3	4	4	4	3	4	1	1	2	2	1	1	2	3	3	4	4	4	4	4	2	1	3	1	2	3	4	4	2	3	4	4	4	4	1	3	2	4	2	1	2	1	1	4	3	3	4	4	3	3	4	2	1	2	1	2	1	2	3	3	4	4	4	4	3	4	2	3	1	3	1	2	1	2	2	4	4	2	4	4	4	3	3	3	4	1	1	2	2	1	1	2	4	1	4	4	4	4	3	3	4	1	1	2	3	1	1	2	3	4	4	3	4	3	4	3	4	1	1	2	2	1	2	2	3	4	4	3	4	4	4	2	4	1	1	1	2	3	1	2	3	4	4	3	4	4	4	2	2	4	1	3	1	1	1	1	3	4	4	3	4	3	4	2	3	1	2	2	1	2	1	4	3	4	2	3	4	4	3	3	1	4	2	1	2	1	2	2	4	4	2	4	4	4	3	3	1	2	3	3	1	2	1	1	4	1	3	4	4	4	4	4	4	1	1	2	2	1	2	2	3	3	3	4	4	3	4	4	2	1	1	1	2	1	2	3	4	2	3	4	3	4	4	4	1	1	4	1	2	3	3	4	2	3	2	4	3	4	4	4	4	1	1	1	2	1	1	1	3	4	4	4	3	4	3	2	1	4	2	2	1	1	4	3	4	2	3	3	4	4	3	1	4	2	2	2	1	2	1	4	2	3	4	4	4	4	3	1	2	4	2	3	1	2	3	1	1	3	4	4	4	4	4	1	2	4	1	1	2	1	2	4	3	4	3	4	4	3	3	1	1	2	3	1	2	2	1	4	3	4	4	4	3	4	4	1	1	2	3	2	1	2	3	4	2	4	4	3	4	4	4	4	1	1	3	1	2	1	2	4	2	1	3	4	4	3	4	4	3	1	2	1	2	1	2	1	4	4	1	2	3	1	2	1	2	3	1	2	3	1	2	1	1	3	1	1	2	1	2	4	4	2	2	1	1	2	2	1	3	4	1	2	1	2	3	1	2	4	1	2	1	2	2
TIME_ASKED
0	28849	28898	28947	28996	29045	29094	29149	29198	29247	29296	29345	29394	29429	29458	29487	29516	29545	29574	29603	29632	29661	29690	29742	29784	29826	29868	29910	29952	29994	30029	30058	30087	30116	30145	30174	30203	30232	30261	30290	30329	30358	30387	30416	30445	30474	30503	30532	30561	30590	30621	30642	30663	30684	30705	30726	30747	30768	30789	30810	30831	30852	30873	30894	30949	30998	31047	31096	31145	31194	31227	31254	31281	31308	31335	31362	31389	31416	31443	31470	31497	31524	31548	31572	31596	31620	31644	31668	31692	31716	31740	31764	31788	31837	31874	31911	31948	31985	32022	32059	32096	32159	32218	32277	32336	32395	32419	32438	32457	32476	32495	32514	32533	32552	32571	32590	32609	32628	32647	32666	32685	32759	32818	32877	32936	32995	33027	33054	33081	33108	33135	33162	33189	33216	33243	33270	33297	33333	33366	33399	33432	33465	33498	33531	33564	33597	33616	33632	33648	33664	33680	33696	33712	33728	33744	33760	33776	33792	33808	33824	33840	33856	33872	33888	33933	33966	33999	34032	34065	34098	34131	34164	34197	34242	34284	34326	34368	34410	34452	34494	34533	34566	34599	34632	34665	34698	34731	34764	34797	34827	34854	34881	34908	34935	34962	34989	35016	35043	35070	35097	35137	35174	35211	35248	35285	35322	35359	35396	35433	35466	35499	35532	35565	35598	35631	35664	35697	35723	35746	35769	35792	35815	35838	35861	35884	35907	35930	35953	35976	35999	36023	36046	36069	36092	36115	36138	36161	36184	36207	36230	36253	36276	36299	36327	36354	36381	36408	36435	36462	36489	36516	36543	36570	36597	36619	36638	36657	36676	36695	36714	36733	36752	36771	36790	36809	36828	36847	36866	36885	36949	36998	37047	37096	37145	37194	37259	37318	37377	37436	37495	37549	37598	37647	37696	37745	37794	37827	37854	37881	37908	37935	37962	37989	38016	38043	38070	38097	38123	38146	38169	38192	38215	38238	38261	38284	38307	38330	38353	38376	38399	38419	38438	38457	38476	38495	38514	38533	38552	38571	38590	38609	38628	38647	38666	38685	38742	38784	38826	38868	38910	38952	38994	39029	39058	39087	39116	39145	39174	39203	39232	39261	39290	39349	39398	39447	39496	39545	39594	39633	39666	39699	39732	39765	39798	39831	39864	39897	39937	39974	40011	40048	40085	40122	40159	40196	40242	40284	40326	40368	40410	40452	40494	40542	40584	40626	40668	40710	40752	40794	40849	40898	40947	40996	41045	41094	41133	41166	41199	41232	41265	41298	41331	41364	41397	41423	41446	41469	41492	41515	41538	41561	41584	41607	41630	41653	41676	41699	41749	41798	41847	41896	41945	41994	42099	42198	42297	42342	42384	42426	42468	42510	42552	42594	42699	42798	42897	42923	42946	42969	42992	43015	43038	43061	43084	43107	43130	43153	43176	43199	43237	43274	43311	43348	43385	43422	43459	43496	43549	43598	43647	43696	43745	43794	43899	43998	44097	44159	44218	44277	44336	44395	44459	44518	44577	44636	44695	44799	44898	44997	45033	45066	45099	45132	45165	45198	45231	45264	45297	45337	45374	45411	45448	45485	45522	45559	45596	45637	45674	45711	45748	45785	45822	45859	45896	45959	46018	46077	46136	46195	46249	46298	46347	46396	46445	46494	46537	46574	46611	46648	46685	46722	46759	46796	46821	46842	46863	46884	46905	46926	46947	46968	46989	47010	47031	47052	47073	47094	47199	47298	47397	47437	47474	47511	47548	47585	47622	47659	47696	47737	47774	47811	47848	47885	47922	47959	47996	48049	48098	48147	48196	48245	48294	48324	48348	48372	48396	48420	48444	48468	48492	48516	48540	48564	48588	48627	48654	48681	48708	48735	48762	48789	48816	48843	48870	48897	48937	48974	49011	49048	49085	49122	49159	49196	49233	49266	49299	49332	49365	49398	49431	49464	49497	49537	49574	49611	49648	49685	49722	49759	49796	49827	49854	49881	49908	49935	49962	49989	50016	50043	50070	50097	50149	50198	50247	50296	50345	50394	50424	50448	50472	50496	50520	50544	50568	50592	50616	50640	50664	50688	50737	50774	50811	50848	50885	50922	50959	50996	51027	51054	51081	51108	51135	51162	51189	51216	51243	51270	51297	51324	51348	51372	51396	51420	51444	51468	51492	51516	51540	51564	51588	51637	51674	51711	51748	51785	51822	51859	51896	51933	51966	51999	52032	52065	52098	52131	52164	52197	52259	52318	52377	52436	52495	52517	52534	52551	52568	52585	52602	52619	52636	52653	52670	52687	52704	52721	52738	52755	52772	52789	52859	52918	52977	53036	53095	53137	53174	53211	53248	53285	53322	53359	53396	53459	53518	53577	53636	53695	53733	53766	53799	53832	53865	53898	53931	53964	53997	54027	54054	54081	54108	54135	54162	54189	54216	54243	54270	54297	54374	54448	54522	54596	54627	54654	54681	54708	54735	54762	54789	54816	54843	54870	54897	55049	55198	55237	55274	55311	55348	55385	55422	55459	55496	55574	55648	55722	55796	55827	55854	55881	55908	55935	55962	55989	56016	56043	56070	56097	56399	56499	56598	56697	56733	56766	56799	56832	56865	56898	56931	56964	56997	57049	57098	57147	57196	57245	57294	57359	57418	57477	57536	57595
ORIGIN
26	16	6	25	27	7	27	23	27	14	23	14	14	14	14	14	14	14	14	3	1	4	26	16	14	14	16	23	14	27	7	9	23	9	14	14	11	2	23	14	23	14	2	20	20	2	14	14	2	6	27	18	7	27	20	8	23	14	17	2	2	23	2	26	1	14	23	27	14	24	15	14	27	25	25	1	14	23	14	3	14	14	23	14	14	23	14	1	14	1	1	14	15	14	1	8	27	4	18	7	7	20	8	1	7	14	17	27	27	20	2	14	14	14	14	4	24	14	4	16	25	14	2	3	5	2	14	2	23	2	10	2	14	14	2	14	16	16	27	9	9	27	16	14	2	2	14	27	14	14	1	13	16	23	27	27	20	14	14	14	20	20	8	24	15	4	8	16	8	2	26	26	2	3	14	14	14	14	3	23	12	27	7	14	14	27	14	14	1	1	14	1	14	14	14	20	27	27	23	9	27	16	8	2	5	5	14	7	16	14	16	14	4	7	16	5	5	14	14	14	14	14	14	14	14	2	2	25	2	23	14	3	23	14	14	27	11	23	20	25	25	23	23	8	27	14	2	23	16	16	23	14	23	23	27	14	23	23	2	7	26	27	8	26	16	2	4	14	20	14	14	14	14	26	14	20	23	13	3	23	27	20	14	14	1	25	14	27	5	26	1	2	23	14	23	23	10	3	23	14	2	20	14	1	14	14	14	27	16	5	23	16	25	8	14	20	3	18	14	3	14	14	14	14	13	2	16	14	3	27	3	7	1	7	14	3	23	7	25	2	8	1	23	10	27	7	12	14	26	8	1	27	14	14	7	8	5	7	16	23	14	16	14	23	14	14	27	16	14	14	14	4	2	7	5	3	20	16	1	26	7	14	14	26	14	2	26	2	1	23	10	1	14	16	11	14	14	14	27	14	20	11	11	27	14	1	11	7	2	11	14	14	23	14	1	3	3	14	25	2	23	7	5	24	14	2	14	14	13	14	14	7	7	23	23	23	23	10	23	23	2	14	14	3	14	14	27	14	14	14	2	20	16	6	27	19	7	27	22	12	16	23	12	23	20	14	14	26	14	3	23	14	14	27	2	27	26	1	13	14	1	27	23	23	9	26	20	11	26	23	14	1	1	14	27	1	27	26	26	1	5	27	18	7	2	1	14	14	2	14	17	2	22	2	2	11	3	27	14	4	24	15	23	14	25	14	4	26	3	23	27	2	1	14	11	2	23	12	27	27	14	14	7	15	14	27	3	23	3	10	7	27	20	3	23	23	14	2	27	20	14	23	23	26	23	14	4	1	15	4	3	12	14	2	26	14	2	14	23	1	27	3	2	23	27	2	2	14	14	25	15	14	7	7	25	26	26	7	27	20	7	24	1	26	26	14	20	2	14	26	16	23	14	3	24	14	4	2	3	3	3	26	14	23	14	23	11	11	14	2	23	12	14	1	14	14	23	14	14	27	23	9	9	14	2	23	19	8	27	14	14	3	14	20	2	14	23	14	2	14	26	24	14	4	14	1	14	1	14	2	26	14	24	3	3	10	1	23	12	2	23	12	12	12	14	27	11	15	27	1	16	23	27	19	7	27	23	14	20	20	27	27	22	14	2	14	14	3	7	14	4	26	26	14	26	3	3	1	26	14	4	23	9	1	23	4	14	23	14	14	14	14	14	27	11	14	1	7	6	14	18	7	27	21	14	14	27	2	2	22	23	2	1	14	3	9	25	4	25	16	25	9	25	14	20	26	14	14	14	9	1	1	26	2	23	13	14	14	14	27	27	14	8	1	4	5	27	18	7	27	20	8	3	23	26	1	27	23	2	7	16
DESTINATION
3	14	17	14	2	23	2	26	2	3	27	25	4	25	16	25	25	25	9	14	23	14	3	14	9	1	16	1	2	23	13	14	1	14	5	5	15	14	1	8	27	5	27	7	7	27	20	8	14	17	2	27	20	2	14	14	1	16	6	14	27	7	27	23	23	2	3	23	5	2	14	2	23	14	14	14	3	1	4	26	16	2	27	9	9	27	16	14	2	23	23	9	11	2	23	14	23	14	27	20	20	14	14	14	20	2	6	18	18	7	27	20	8	26	26	14	2	3	14	14	14	2	14	23	14	24	15	14	27	14	14	14	1	1	14	1	14	14	23	14	14	23	14	1	14	14	8	2	5	5	14	7	16	27	18	18	7	20	8	1	7	7	14	2	14	14	14	14	14	14	14	14	24	14	4	16	25	25	14	27	11	23	20	25	25	23	2	10	14	14	2	14	16	16	2	14	23	23	27	14	23	16	14	27	14	14	1	13	16	2	14	26	14	20	14	14	14	16	8	8	15	4	8	16	8	14	24	14	14	1	25	14	27	26	3	23	12	27	7	14	14	27	27	14	2	20	14	1	14	14	27	20	27	27	23	9	27	27	14	20	3	18	14	3	14	27	14	4	7	16	5	5	5	14	4	7	1	7	14	3	23	7	25	2	23	14	3	23	14	14	23	14	26	8	1	27	14	14	7	8	27	14	2	23	16	16	8	23	14	14	27	16	14	14	16	7	26	27	8	26	16	16	4	26	7	14	14	26	14	2	26	20	23	13	3	23	27	20	14	14	14	14	27	14	2	20	11	2	23	14	23	23	10	3	23	14	14	23	14	1	3	14	25	27	16	5	23	16	25	8	26	14	14	13	14	14	7	14	23	14	13	2	16	14	3	27	3	14	14	27	14	14	3	14	12	2	8	1	23	10	7	12	12	23	16	23	12	20	14	12	8	5	7	16	23	14	14	16	14	27	1	13	14	1	26	27	4	2	7	5	3	20	20	1	1	1	27	14	1	27	27	26	2	26	2	1	23	10	1	16	14	14	14	17	2	22	23	2	2	11	14	1	11	27	7	25	25	14	25	14	4	26	3	23	27	2	14	23	7	5	24	2	27	27	14	14	7	15	14	27	3	23	23	10	23	23	23	14	14	23	14	2	27	20	14	23	3	16	27	16	6	27	19	27	22	12	14	2	26	14	2	14	27	26	14	3	23	14	14	27	2	14	14	25	15	14	7	11	23	23	9	26	20	11	26	23	14	1	26	14	20	2	14	26	1	1	5	27	18	7	2	7	1	3	3	26	14	23	14	14	14	11	3	27	14	4	24	15	1	14	23	14	14	27	23	24	27	2	1	14	11	2	23	23	14	3	14	20	2	14	23	1	23	3	3	10	7	27	20	3	14	1	26	14	2	26	14	24	23	23	23	14	4	1	15	27	12	12	8	14	27	11	15	23	1	1	27	3	2	23	27	14	14	20	27	27	22	14	2	25	25	26	26	7	27	20	7	3	14	26	3	1	26	14	4	23	16	23	3	24	14	4	2	26	14	14	14	27	11	14	1	11	11	11	2	23	12	14	23	14	14	27	2	22	23	2	1	9	14	14	2	23	19	8	27	9	25	14	20	26	14	14	14	2	14	26	26	24	14	4	14	1	14	14	27	14	8	1	4	3	10	1	1	23	12	2	23	23	17	1	27	23	2	7	16	16	23	27	27	19	7	27	23	25	14	14	14	14	14	14	14	14	14	3	7	14	4	26	26	14	14	23	3	14	27	7	9	9	1	23	23	4	14	23	14	14	2	27	20	2	14	14	14	7	3	14	18	7	27	21	14
DUE_DATE
0	30427	29996	29505	30094	29603	30192	29707	30776	29805	30394	29903	29952	29987	30556	30045	30074	31123	30672	30161	30190	30759	30248	30300	30342	30924	30426	31488	31050	30552	30587	31156	30645	31214	30703	31752	31301	30790	30819	30848	31427	30916	30945	31994	31003	31032	31061	31090	31659	31148	32199	31740	31221	31242	31803	31284	31845	33066	31347	31908	33129	32430	33171	32472	33247	31556	32625	31654	31703	31752	32325	31812	31839	33606	32433	32460	32967	33714	33021	33768	33075	32082	32106	33150	32694	32178	32742	32226	32250	34014	33318	32322	32886	34135	33452	34209	33526	32543	33600	33157	32654	32717	33316	32835	33434	34693	32977	34016	34035	33574	34793	34092	34831	33110	33669	33148	33167	33186	33745	33224	33243	33317	35116	35175	34514	35293	34605	35352	34179	34686	34233	34260	34287	33774	33801	33828	34395	33891	35664	35697	33990	35763	35076	35109	35862	35175	34714	34190	34206	34222	34238	34254	34810	35306	36042	34318	35354	34890	36106	35402	35418	35434	34970	34446	34491	35064	34557	34590	35163	35676	34689	36462	36495	35820	36582	35904	36666	34968	35550	35052	35091	35124	35697	35730	35223	36276	35829	37062	36375	35925	37152	37179	36486	36033	35520	35547	36594	35601	35628	36195	35695	36272	37509	35806	36863	37620	36937	37694	36531	36024	37077	36090	37143	36156	36729	36222	36255	36821	38044	36327	37370	36913	38136	37439	38182	37485	37508	36511	36534	37097	36581	37144	36627	37190	36673	38436	38459	37762	38505	37808	38551	38574	37877	37425	36912	37479	36966	37533	37020	37587	37074	38841	38868	38175	37717	38936	38235	37234	38273	37812	37291	37850	37329	37348	37367	38406	37405	39164	39183	38527	38096	38145	37654	37703	38772	38357	38416	37935	38534	38053	38107	38156	39225	39994	40043	39372	40125	40152	39459	38466	39033	38520	39087	38574	39141	38628	39195	38681	39724	40467	39770	40513	39816	40559	39862	39405	39428	38911	38934	38957	38977	39536	39015	40054	39593	40812	39631	40850	40149	40888	40187	40206	39205	39224	39243	39300	39342	39924	39426	40488	40050	41292	40127	41356	40665	40214	41443	39732	40781	39790	40359	39848	39907	40496	40005	40594	40103	41892	41931	41244	41277	42030	41343	42096	41409	40962	40455	41035	41072	40569	40606	40643	41220	40717	42494	42540	41862	41904	42666	42708	42030	41592	41640	41142	41184	41226	41268	41310	42372	43147	41996	43245	42574	42143	41652	41691	42744	42297	41790	41823	41856	41889	43662	42495	43001	42004	43047	43790	43093	43836	43859	42142	42705	42728	42211	42234	42797	42847	42356	43425	44194	43523	44292	43677	44496	43875	43440	43482	42984	43026	43068	43110	43692	43257	44376	43995	45221	44044	45267	44570	45313	44616	44639	43642	43665	44708	43711	43734	43757	44335	44372	44409	43906	45683	45720	45037	45074	45847	45896	45225	44254	46043	44352	44457	44556	44655	45257	45316	44835	46634	46693	46037	45616	46875	46934	46273	45897	45456	45555	46131	45624	46197	45690	46263	45756	47529	47562	46875	46915	47672	46989	47026	46583	46080	46117	46694	46195	46232	46269	47326	46343	48120	48157	48194	47537	47116	48375	47714	47293	46807	46856	47445	46954	47003	47052	48115	48152	47169	48946	47783	49020	49057	49094	49119	47940	47421	47442	48003	47484	48045	47526	48567	48108	49329	48630	48651	49392	48777	49596	47955	48535	48032	49089	48646	48143	48180	48757	48794	50035	48332	49389	50146	49463	50220	49537	49574	48607	48656	49725	48754	48803	48852	49422	49446	50670	49974	49518	49542	50766	50070	50814	50838	49122	50886	49725	49212	49239	49266	49293	49320	49347	51114	51141	50448	50475	51235	50552	50589	50146	50183	50220	49717	49754	50331	49824	49857	50910	51663	51696	51729	51042	51795	51115	50672	50169	51226	50783	50280	50857	50354	50385	50412	52179	52206	50493	52260	51567	51114	51141	50628	51675	51247	51776	50805	51394	50903	50952	50982	51006	52770	52794	52818	52122	52866	52890	52914	51738	51222	51246	51295	51872	51369	51946	52463	53220	51517	52574	52605	53352	53379	51666	52233	51720	52767	52314	52341	51828	51855	52422	53646	51930	52974	52998	53022	53766	53070	53814	52098	53142	52686	52195	52232	52269	52306	52883	54120	53437	52454	53511	53064	54297	53610	53163	54396	54429	53262	52755	52817	52876	52935	52994	54793	54095	53092	54849	54866	54163	54900	54197	53194	53751	53228	53785	53262	53279	53836	53853	55070	55087	54437	54016	55275	54614	54673	55435	53732	54309	53806	53843	53880	54457	53954	54017	55816	55875	55214	54793	55311	56064	55377	54930	54423	55476	54489	54522	55095	54585	54612	54639	54666	56433	56460	55287	56514	55821	56568	55875	54932	56026	56820	55694	55185	55212	55779	55266	55293	55860	57087	56394	57141	56448	57195	56627	57496	55795	55832	57609	56926	56483	57720	57037	57794	57152	56746	58020	57374	56925	58152	57459	58206	58233	57060	58287	58314	57621	58368	57675	56957	57057	58176	58275	59031	59064	58377	58410	59163	57996	57489	59262	58575	59347	58676	58245	59494	58823	57852	59657	58996	59775	59114	59173
TRANSPORT_MODE
0	2	1	2	0	0	0	0	2	1	1	0	0	0	0	0	2	1	1	0	0	0	0	0	2	2	1	2	0	0	0	0	0	1	1	1	0	0	0	0	0	2	1	1	0	0	0	0	2	1	1	0	0	0	0	0	0	3	1	1	0	0	0	0	0	2	2	1	0	0	0	0	0	3	1	1	0	0	0	0	0	1	2	2	1	0	0	0	0	3	1	1	0	0	0	0	0	1	2	1	0	0	0	0	0	3	1	1	0	0	0	0	0	1	2	1	0	0	0	0	0	1	3	3	0	0	0	0	0	1	2	1	0	0	0	0	0	1	3	3	1	0	0	0	0	1	2	1	0	0	0	0	0	1	3	1	0	0	0	0	0	1	2	1	0	0	0	0	0	1	1	3	0	0	0	0	0	1	1	2	0	0	0	0	0	2	1	3	0	0	0	0	0	1	1	2	2	0	0	0	0	1	3	1	0	0	0	0	0	0	1	1	2	0	0	0	0	1	3	1	0	0	0	0	0	0	1	1	2	0	0	0	0	1	1	3	0	0	0	0	0	3	1	2	0	0	0	0	0	1	1	3	3	0	0	0	0	1	1	2	0	0	0	0	0	1	1	3	0	0	0	0	0	1	1	2	0	0	0	0	0	1	1	3	0	0	0	0	0	1	1	2	0	0	0	0	0	2	1	3	0	0	0	0	0	1	1	1	2	0	0	0	0	2	1	3	0	0	0	0	0	1	1	2	0	0	0	0	0	1	1	3	0	0	0	0	0	1	1	1	0	0	0	0	0	2	1	3	0	0	0	0	0	3	1	2	0	0	0	0	0	1	1	1	3	0	0	0	0	3	1	2	0	0	0	0	0	1	1	3	0	0	0	0	1	1	2	0	0	0	0	0	0	1	1	1	0	0	0	0	3	1	2	0	0	0	0	0	1	1	3	0	0	0	0	0	1	1	1	2	0	0	0	0	2	1	3	0	0	0	0	0	1	1	2	2	0	0	0	0	0	1	1	3	0	0	0	0	0	1	1	1	0	0	0	0	0	2	1	3	0	0	0	0	0	1	1	2	0	0	0	0	0	1	1	3	3	0	0	0	0	1	1	2	0	0	0	0	0	1	1	3	3	0	0	0	0	1	1	2	0	0	0	0	0	0	1	1	3	0	0	0	0	1	1	2	0	0	0	0	0	1	1	3	0	0	0	0	0	1	1	2	2	0	0	0	0	1	3	1	0	0	0	0	0	1	1	2	2	0	0	0	0	1	3	1	0	0	0	0	0	0	1	1	2	0	0	0	0	1	1	3	0	0	0	0	0	1	1	2	0	0	0	0	0	1	1	3	3	0	0	0	0	1	2	1	0	0	0	0	0	1	3	3	1	0	0	0	0	0	1	2	1	0	0	0	0	0	1	3	1	0	0	0	0	0	1	2	1	0	0	0	0	1	3	1	0	0	0	0	0	1	2	2	1	0	0	0	0	3	1	1	0	0	0	0	0	1	2	2	1	0	0	0	0	3	1	1	0	0	0	0	0	0	1	2	1	0	0	0	0	3	1	1	0	0	0	0	0	2	1	1	0	0	0	0	0	3	3	1	1	0	0	0	0	2	1	1	0	0	0	0	0	3	3	1	2	0	0	0	0	1	1	1	0	0	0	0	0	0	3	1	1	0	0	0	0	2	1	3	0	0	0	0	0	1	1	3	0	0	0	0	0	3	1	1	0	0	0	0	0	3	1	1	0	0	0	0	0	3	3	1	3	0	0	0	0	1	1	1	0	0	0	0	0	3	1	1	0	0	0	0	0	3	1	1	0	0	0	0	0
PATIENT_WEIGHT
47	46	66	64	142	41	149	48	147	36	117	110	101	41	69	129	109	50	35	78	92	79	47	48	107	47	57	56	127	92	107	42	95	31	123	45	40	44	136	51	146	111	119	141	126	96	98	43	143	47	64	67	81	137	96	122	75	52	50	58	60	93	68	69	86	86	91	112	85	88	130	65	138	48	92	61	132	118	56	74	60	144	118	56	32	104	46	68	80	120	133	145	73	62	37	42	73	43	97	87	149	69	114	65	103	90	119	35	118	57	110	99	39	123	108	51	36	64	47	110	64	128	49	136	40	77	74	50	80	53	131	111	102	113	71	33	66	81	137	39	101	121	106	76	101	112	66	41	105	69	32	43	86	76	135	33	53	55	37	45	71	43	76	135	149	59	80	117	77	81	110	119	84	119	149	79	43	89	109	121	135	113	107	54	72	33	140	34	46	55	58	86	137	76	122	67	65	43	85	124	59	123	45	35	141	56	60	49	142	42	115	67	133	114	136	114	148	96	145	87	133	101	106	114	76	107	126	118	70	136	85	85	60	148	130	122	123	119	128	103	145	95	57	76	69	99	117	43	41	38	46	47	99	44	30	84	32	120	134	56	137	122	93	82	91	92	36	84	56	97	45	47	96	71	142	118	50	105	70	137	43	115	117	78	79	57	136	74	52	150	55	131	75	119	51	53	105	99	68	146	146	143	124	101	116	51	34	97	56	54	141	102	71	85	50	114	42	97	100	126	62	46	107	36	109	104	137	46	114	113	75	108	75	40	72	135	138	120	140	121	95	109	67	103	58	111	100	138	72	103	75	79	31	125	116	48	124	44	43	59	39	143	142	107	42	43	61	73	33	133	123	52	141	79	136	55	83	128	149	133	63	46	92	84	113	150	64	131	144	102	60	149	42	81	113	116	128	138	30	71	57	142	115	55	73	66	142	150	94	104	129	32	120	148	82	55	135	65	44	32	69	74	118	53	42	140	120	75	120	44	126	93	104	150	69	37	57	58	68	129	64	90	52	65	78	73	75	45	54	84	85	94	146	57	98	67	136	119	77	138	35	49	132	102	128	77	62	47	146	85	37	54	142	86	46	111	75	143	122	32	76	97	87	109	87	140	99	34	35	36	81	38	37	112	102	115	70	117	68	83	67	102	106	52	121	41	125	56	48	107	136	49	60	32	108	117	115	65	128	107	135	35	108	129	72	99	66	84	41	43	38	106	59	45	43	93	80	126	63	150	42	52	80	86	52	52	55	77	107	88	70	107	112	122	88	58	141	59	98	145	61	93	87	128	46	66	36	70	85	103	94	139	61	118	138	69	109	47	50	90	106	135	126	65	118	54	53	40	39	100	39	75	86	51	40	84	143	64	98	138	109	65	36	130	60	131	39	80	145	143	34	53	43	108	139	70	89	108	31	134	122	43	115	100	94	133	128	75	30	141	121	133	145	93	104	84	147	40	117	135	83	127	92	58	56	34	57	39	144	135	141	137	83	133	51	92	41	149	142	34	50	90	68	60	127	127	64	112	98	104	111	60	76	54	138	125	146	126	140	103	67	128	47	142	122	77	121	132	73	107	136	36	86	114	146	117	112	139	80	124	53	32	62	104	143	123	122	138	79	104	127	71	52	112	106	53	35	148	96	84	55	41	111	42	88	44	142	149	86	114	100	85	38	37	101	69	88	145	136	37	43	126	127	83	67	105	89	72	92	86	115	139	114	142	86	122	56	67	150	39	135	34	32	143	42	47	57	118	131	46	108	146	62	57	121	94	31	115	97	70	44	94	31	67	44	68	36	72	91	82	139	123	37	113	91	45	62	112	140	94	73
DISTANCE_MATRIX
0	360	318	300	288	276	264	264	150	150	150	60	90	90	162	168	204	228	234	312	360	408	348	318	168	192	168	318
360	60	264	318	324	342	342	342	348	348	354	360	372	378	378	420	420	480	462	498	462	462	384	420	372	420	378	378
318	264	60	270	276	288	288	288	294	294	294	318	318	324	324	414	414	468	462	486	462	462	330	366	366	408	372	324
300	318	270	60	276	288	288	288	288	288	288	300	300	312	318	408	408	468	462	486	438	438	318	360	360	402	360	312
288	324	276	276	60	276	276	276	276	276	276	288	288	300	300	402	396	462	456	480	432	432	300	360	360	402	348	300
276	342	288	288	276	60	180	180	252	258	264	264	264	288	288	390	390	456	450	480	432	432	288	348	348	348	288	288
264	342	288	288	276	180	60	180	246	258	264	264	264	288	288	390	390	456	450	480	432	432	288	348	348	348	288	288
264	342	288	288	276	180	180	60	240	258	264	264	264	288	288	390	390	456	450	480	432	432	288	348	348	348	288	288
150	348	294	288	276	252	246	240	60	120	120	150	126	270	270	378	384	420	438	480	420	408	276	300	300	300	276	270
150	348	294	288	276	258	258	258	120	60	120	150	150	270	270	378	384	420	438	480	420	408	276	300	300	300	276	270
150	354	294	288	276	264	264	264	120	120	60	150	150	270	270	378	384	420	438	480	420	408	276	300	300	300	276	270
60	360	318	300	288	264	264	264	150	150	150	60	90	162	168	228	234	312	360	408	348	318	168	192	192	198	168	162
90	372	318	300	288	264	264	264	150	150	150	90	60	162	168	228	234	312	360	408	348	318	168	192	192	198	168	162
90	378	324	312	300	288	288	288	270	270	270	162	162	60	120	180	180	306	210	360	300	300	120	180	120	180	120	234
162	378	324	318	300	288	288	288	270	270	270	168	168	120	60	180	180	306	210	360	300	300	120	180	120	180	120	120
168	420	414	408	402	348	348	348	300	300	300	228	228	180	180	60	132	204	132	348	258	258	186	60	180	132	222	180
204	420	414	408	396	390	390	390	384	384	384	234	234	180	180	132	60	204	132	348	258	258	186	60	180	132	222	180
228	480	468	468	462	456	456	456	420	420	420	312	312	306	306	204	204	60	198	120	240	240	306	204	306	138	306	306
234	462	462	462	456	450	450	450	438	438	438	360	360	210	210	132	132	198	60	138	132	132	210	132	210	132	210	210
312	498	486	486	480	480	480	480	480	480	480	408	408	360	360	348	348	120	138	60	348	348	360	348	360	348	360	360
360	462	462	438	432	432	432	432	420	420	420	348	348	300	300	258	258	240	132	348	60	60	300	258	300	258	300	300
408	462	462	438	432	432	432	432	408	408	408	318	318	300	300	258	258	240	132	348	60	60	300	258	300	258	300	300
348	384	330	318	300	288	288	288	276	276	276	168	168	120	120	186	186	306	210	360	300	300	60	186	120	186	120	120
318	420	366	360	360	348	348	348	300	300	300	192	192	180	180	60	60	204	132	348	258	258	186	60	180	60	180	180
168	372	300	306	300	288	288	288	270	270	270	168	168	120	120	180	180	306	210	360	300	300	120	180	60	180	120	120
192	420	408	402	402	348	348	348	300	300	300	198	198	180	180	132	132	138	132	348	258	258	186	60	180	60	180	180
168	378	372	360	348	288	288	288	276	276	276	168	168	120	120	222	222	306	210	360	300	300	120	180	120	180	60	120
318	378	324	312	300	288	288	288	270	270	270	162	162	234	120	180	180	306	210	360	300	300	120	180	120	180	120	60
DEPOTS_DISTANCE
234	462	462	462	456	450	450	450	438	438	438	360	360	210	210	132	132	198	60	138	132	132	210	132	210	132	210	210	
348	384	330	318	300	288	288	288	276	276	276	168	168	120	120	186	186	306	210	360	300	300	60	186	120	186	120	120	
318	420	366	360	360	348	348	348	300	300	300	192	192	180	180	60	60	204	132	348	258	258	186	60	180	60	180	180	
LOCATION_TURN_MATRIX
100	130	122	113	112	199	136	122	129	152	173	146	151	136	158	140	176	113	122	167	194	134	110	172	114	184	100	147	
170	100	154	188	164	169	136	136	152	170	104	183	155	115	101	104	155	187	174	115	149	134	178	168	114	135	168	102	
178	146	100	161	178	114	104	165	117	139	126	169	192	109	120	179	160	152	154	134	113	140	154	179	196	196	192	181	
187	112	139	100	158	114	195	181	104	132	195	106	183	169	132	170	140	136	172	148	116	110	123	136	151	120	176	169	
188	136	122	142	100	175	164	159	112	100	167	164	135	191	132	181	104	123	142	156	108	117	193	182	116	147	156	185	
101	131	186	186	125	100	190	147	164	150	137	102	145	176	185	131	113	108	117	186	118	151	140	178	154	189	172	110	
164	164	196	105	136	110	100	186	153	151	183	193	111	157	144	123	188	142	110	163	105	190	166	187	170	171	186	126	
178	164	135	119	141	153	114	100	106	130	108	103	151	178	122	151	130	133	184	177	110	141	166	110	122	174	191	197	
171	148	183	196	188	136	147	194	100	167	100	146	168	129	128	142	172	118	174	147	105	158	156	160	120	106	119	136	
148	130	161	168	200	150	149	170	133	100	177	106	175	116	188	180	176	194	108	146	130	187	183	173	128	141	169	176	
127	196	174	105	133	163	117	192	200	123	100	171	175	140	183	115	104	186	128	153	151	175	100	146	191	117	132	197	
154	117	131	194	136	198	107	197	154	194	129	100	136	184	140	147	172	184	148	131	103	156	185	200	152	158	154	143	
149	145	108	117	165	155	189	149	132	125	125	164	100	140	199	142	101	144	163	185	117	191	200	143	113	165	102	154	
164	185	191	131	109	124	143	122	171	184	160	116	160	100	109	116	196	113	131	186	166	139	183	175	144	161	105	170	
142	199	180	168	168	115	156	178	172	112	117	160	101	191	100	147	177	177	199	158	172	188	164	175	180	168	154	195	
160	196	121	130	119	169	177	149	158	120	185	153	158	184	153	100	152	159	197	157	181	159	102	123	168	200	124	186	
124	145	140	160	196	187	112	170	128	124	196	128	199	104	123	148	100	149	114	112	117	135	105	132	138	180	198	156	
187	113	148	164	177	192	158	167	182	106	114	116	156	187	123	141	151	100	166	132	168	163	159	123	129	173	161	116	
178	126	146	128	158	183	190	116	126	192	172	152	137	169	101	103	186	134	100	184	199	137	130	160	148	113	140	150	
133	185	166	152	144	114	137	123	153	154	147	169	115	114	142	143	188	168	116	100	111	195	128	157	191	164	141	171	
106	151	187	184	192	182	195	190	195	170	149	197	183	134	128	119	183	132	101	189	100	129	151	163	147	166	104	177	
166	166	160	190	183	149	110	159	142	113	125	144	109	161	112	141	165	137	163	105	171	100	101	185	169	129	103	197	
190	122	146	177	107	160	134	134	144	117	200	115	100	117	136	198	195	141	170	172	149	199	100	106	150	116	118	145	
128	132	121	164	118	122	113	190	140	127	154	100	157	125	125	177	168	177	140	143	137	115	194	100	128	167	115	155	
186	186	104	149	184	146	130	178	180	172	109	148	187	156	120	132	162	171	152	109	153	131	150	172	100	155	124	184	
116	165	104	180	153	111	129	126	194	159	183	142	135	139	132	100	120	127	187	136	134	171	184	133	145	100	129	192	
200	132	108	124	144	128	114	109	181	131	168	146	198	195	146	176	102	139	160	159	196	197	182	185	176	171	100	146	
153	198	119	131	115	190	174	103	164	124	103	157	146	130	105	114	144	184	150	129	123	103	155	145	116	108	154	100	
DEPOTS_TO_LOCAL_TURN_MATRIX
178	126	146	128	158	183	190	116	126	192	172	152	137	169	101	103	186	134	100	184	199	137	130	160	148	113	140	150	
190	122	146	177	107	160	134	134	144	117	200	115	100	117	136	198	195	141	170	172	149	199	100	106	150	116	118	145	
128	132	121	164	118	122	113	190	140	127	154	100	157	125	125	177	168	177	140	143	137	115	194	100	128	167	115	155	
LOCAL_TO_DEPOT_TURN_MATRIX
122	174	154	172	142	117	110	184	174	108	128	148	163	131	199	197	114	166	100	116	101	163	170	140	152	187	160	150	
110	178	154	123	193	140	166	166	156	183	100	185	200	183	164	102	105	159	130	128	151	101	100	194	150	184	182	155	
172	168	179	136	182	178	187	110	160	173	146	200	143	175	175	123	132	123	160	157	163	185	106	100	172	133	185	145	

