INDEX_PROBLEM
1
PATIENTS
800
STRETCHERS
16
NUM_ROOM
28
NUM_DEPOT
3
NUM_PRIORITY
4
PRIORITY_LIST
0	1	2	3	4
PRIORITY_WEIGHT
0	1	10	18	30
PRIORITY_JOB
0	2	3	1	3	3	2	3	3	2	3	2	3	4	3	4	3	2	3	2	3	3	3	2	3	2	3	4	4	4	3	3	2	3	4	1	2	3	3	3	4	2	3	2	3	4	2	3	3	3	1	4	3	2	3	4	4	1	2	2	1	1	1	2	1	3	3	2	3	3	2	3	3	1	1	3	2	2	1	1	1	2	3	4	3	4	3	2	3	2	1	1	3	2	1	1	2	1	2	4	3	3	3	2	3	2	1	3	1	2	2	1	1	4	1	2	4	3	3	4	2	3	2	3	1	2	1	2	1	3	2	3	3	3	4	3	2	2	3	1	2	1	1	1	2	4	2	3	1	3	4	3	3	2	2	3	1	1	1	1	2	2	4	2	3	2	3	4	3	3	1	2	1	1	1	2	1	2	3	2	3	2	3	4	3	2	3	1	1	2	1	1	1	3	1	2	3	3	4	2	3	4	2	1	1	2	2	1	1	4	3	1	2	3	3	2	3	4	3	4	1	1	2	2	1	1	2	3	1	3	3	2	3	3	2	3	2	2	1	2	1	1	3	2	3	4	2	3	2	2	3	2	3	1	1	1	2	1	4	2	3	3	4	3	3	2	1	2	4	1	1	1	2	2	1	4	2	2	3	4	3	3	3	1	2	1	1	2	1	2	1	3	2	2	3	4	3	3	2	3	1	2	1	1	1	3	1	1	2	2	3	4	2	3	4	2	1	2	1	1	2	3	1	3	1	3	3	2	3	4	2	4	2	1	2	2	1	1	1	3	4	3	3	4	2	3	1	2	2	1	2	1	2	1	3	3	3	3	2	3	4	2	3	2	1	1	2	1	2	1	3	4	2	2	3	4	3	1	3	1	2	1	2	1	2	1	4	2	2	3	3	3	1	3	1	4	1	2	1	2	1	1	2	2	3	4	2	3	2	3	3	2	1	1	1	2	2	1	1	2	3	3	2	3	4	3	3	2	1	1	1	1	2	1	3	1	2	3	4	3	2	2	4	4	2	1	1	1	3	1	2	3	3	3	3	4	2	1	2	2	2	1	2	1	1	3	3	3	3	3	2	3	1	2	3	2	2	1	2	1	1	3	4	2	4	2	3	3	1	3	1	3	1	2	2	1	1	4	2	3	3	2	3	4	1	1	2	3	2	1	2	1	1	1	2	3	3	3	2	3	4	1	2	3	2	1	1	1	2	1	2	3	3	3	2	3	4	2	3	1	1	1	2	1	4	1	1	3	3	3	3	3	2	4	2	3	1	2	1	1	2	3	1	4	1	4	3	3	2	3	2	2	3	1	2	1	1	1	3	1	3	3	4	2	3	2	2	3	2	1	2	1	2	1	3	2	3	3	3	4	3	1	3	1	1	1	2	1	2	4	2	3	4	4	2	3	4	1	1	2	1	1	2	1	2	1	2	3	3	3	3	2	3	1	2	1	1	2	1	2	1	2	3	3	3	3	2	3	4	2	3	1	1	2	1	1	2	1	3	4	3	3	3	4	2	2	3	1	1	1	2	1	1	3	4	1	2	4	3	3	2	3	2	3	1	2	1	2	1	3	1	2	3	3	4	2	3	2	3	1	1	2	1	2	1	3	2	3	2	3	3	4	3	3	1	4	2	1	1	1	2	2	3	1	2	2	3	4	3	2	3	1	2	1	1	2	1	1	3	1	2	3	2	3	4	1	3	2	1	2	1	2	1	3	1	4	2	2	1	1	1	1	2	3	1	2	2	1	1	1	2	3	1	2	1	1	2	1	1	4	2	1	2	1	2	1	3	1	1	1	2	1	2	1	2	3	1	1	2	1	2
TIME_ASKED
0	28849	28898	28947	28996	29045	29094	29149	29198	29247	29296	29345	29394	29429	29458	29487	29516	29545	29574	29603	29632	29661	29690	29742	29784	29826	29868	29910	29952	29994	30029	30058	30087	30116	30145	30174	30203	30232	30261	30290	30329	30358	30387	30416	30445	30474	30503	30532	30561	30590	30621	30642	30663	30684	30705	30726	30747	30768	30789	30810	30831	30852	30873	30894	30949	30998	31047	31096	31145	31194	31227	31254	31281	31308	31335	31362	31389	31416	31443	31470	31497	31524	31548	31572	31596	31620	31644	31668	31692	31716	31740	31764	31788	31837	31874	31911	31948	31985	32022	32059	32096	32159	32218	32277	32336	32395	32419	32438	32457	32476	32495	32514	32533	32552	32571	32590	32609	32628	32647	32666	32685	32759	32818	32877	32936	32995	33027	33054	33081	33108	33135	33162	33189	33216	33243	33270	33297	33333	33366	33399	33432	33465	33498	33531	33564	33597	33616	33632	33648	33664	33680	33696	33712	33728	33744	33760	33776	33792	33808	33824	33840	33856	33872	33888	33933	33966	33999	34032	34065	34098	34131	34164	34197	34242	34284	34326	34368	34410	34452	34494	34533	34566	34599	34632	34665	34698	34731	34764	34797	34827	34854	34881	34908	34935	34962	34989	35016	35043	35070	35097	35137	35174	35211	35248	35285	35322	35359	35396	35433	35466	35499	35532	35565	35598	35631	35664	35697	35723	35746	35769	35792	35815	35838	35861	35884	35907	35930	35953	35976	35999	36023	36046	36069	36092	36115	36138	36161	36184	36207	36230	36253	36276	36299	36327	36354	36381	36408	36435	36462	36489	36516	36543	36570	36597	36619	36638	36657	36676	36695	36714	36733	36752	36771	36790	36809	36828	36847	36866	36885	36949	36998	37047	37096	37145	37194	37259	37318	37377	37436	37495	37549	37598	37647	37696	37745	37794	37827	37854	37881	37908	37935	37962	37989	38016	38043	38070	38097	38123	38146	38169	38192	38215	38238	38261	38284	38307	38330	38353	38376	38399	38419	38438	38457	38476	38495	38514	38533	38552	38571	38590	38609	38628	38647	38666	38685	38742	38784	38826	38868	38910	38952	38994	39029	39058	39087	39116	39145	39174	39203	39232	39261	39290	39349	39398	39447	39496	39545	39594	39633	39666	39699	39732	39765	39798	39831	39864	39897	39937	39974	40011	40048	40085	40122	40159	40196	40242	40284	40326	40368	40410	40452	40494	40542	40584	40626	40668	40710	40752	40794	40849	40898	40947	40996	41045	41094	41133	41166	41199	41232	41265	41298	41331	41364	41397	41423	41446	41469	41492	41515	41538	41561	41584	41607	41630	41653	41676	41699	41749	41798	41847	41896	41945	41994	42099	42198	42297	42342	42384	42426	42468	42510	42552	42594	42699	42798	42897	42923	42946	42969	42992	43015	43038	43061	43084	43107	43130	43153	43176	43199	43237	43274	43311	43348	43385	43422	43459	43496	43549	43598	43647	43696	43745	43794	43899	43998	44097	44159	44218	44277	44336	44395	44459	44518	44577	44636	44695	44799	44898	44997	45033	45066	45099	45132	45165	45198	45231	45264	45297	45337	45374	45411	45448	45485	45522	45559	45596	45637	45674	45711	45748	45785	45822	45859	45896	45959	46018	46077	46136	46195	46249	46298	46347	46396	46445	46494	46537	46574	46611	46648	46685	46722	46759	46796	46821	46842	46863	46884	46905	46926	46947	46968	46989	47010	47031	47052	47073	47094	47199	47298	47397	47437	47474	47511	47548	47585	47622	47659	47696	47737	47774	47811	47848	47885	47922	47959	47996	48049	48098	48147	48196	48245	48294	48324	48348	48372	48396	48420	48444	48468	48492	48516	48540	48564	48588	48627	48654	48681	48708	48735	48762	48789	48816	48843	48870	48897	48937	48974	49011	49048	49085	49122	49159	49196	49233	49266	49299	49332	49365	49398	49431	49464	49497	49537	49574	49611	49648	49685	49722	49759	49796	49827	49854	49881	49908	49935	49962	49989	50016	50043	50070	50097	50149	50198	50247	50296	50345	50394	50424	50448	50472	50496	50520	50544	50568	50592	50616	50640	50664	50688	50737	50774	50811	50848	50885	50922	50959	50996	51027	51054	51081	51108	51135	51162	51189	51216	51243	51270	51297	51324	51348	51372	51396	51420	51444	51468	51492	51516	51540	51564	51588	51637	51674	51711	51748	51785	51822	51859	51896	51933	51966	51999	52032	52065	52098	52131	52164	52197	52259	52318	52377	52436	52495	52517	52534	52551	52568	52585	52602	52619	52636	52653	52670	52687	52704	52721	52738	52755	52772	52789	52859	52918	52977	53036	53095	53137	53174	53211	53248	53285	53322	53359	53396	53459	53518	53577	53636	53695	53733	53766	53799	53832	53865	53898	53931	53964	53997	54027	54054	54081	54108	54135	54162	54189	54216	54243	54270	54297	54374	54448	54522	54596	54627	54654	54681	54708	54735	54762	54789	54816	54843	54870	54897	55049	55198	55237	55274	55311	55348	55385	55422	55459	55496	55574	55648	55722	55796	55827	55854	55881	55908	55935	55962	55989	56016	56043	56070	56097	56399	56499	56598	56697	56733	56766	56799	56832	56865	56898	56931	56964	56997	57049	57098	57147	57196	57245	57294	57359	57418	57477	57536	57595
ORIGIN
26	16	6	23	25	7	27	23	14	14	23	2	26	14	14	14	23	14	14	14	14	4	26	16	4	14	16	27	23	14	27	7	23	9	14	14	11	2	23	13	9	14	14	20	20	2	14	14	14	6	27	18	7	27	20	8	14	14	17	2	14	23	2	26	3	14	23	27	14	24	15	5	26	1	25	27	9	26	14	3	14	1	23	11	23	23	14	2	27	23	27	14	5	15	14	1	7	1	18	7	14	20	8	1	23	7	17	23	20	2	14	14	1	14	14	4	24	15	4	26	16	14	3	23	3	10	2	14	14	14	10	2	2	12	2	23	14	16	2	27	27	27	16	14	23	2	7	27	1	8	1	23	10	3	27	27	27	20	14	14	14	27	4	24	15	4	26	16	6	23	26	26	26	2	14	14	3	14	2	23	12	2	23	14	3	23	1	14	27	11	14	1	25	14	14	20	8	14	23	9	26	23	20	2	24	14	14	27	14	14	14	14	4	14	16	5	27	14	7	14	14	14	3	14	17	27	2	12	2	23	14	3	14	14	14	2	27	14	1	25	14	11	14	8	27	23	9	1	14	16	7	2	14	4	27	14	3	14	14	4	26	16	5	26	17	1	27	4	14	2	14	14	2	16	14	2	23	13	3	23	14	27	3	11	14	1	25	14	25	26	14	27	23	8	1	23	10	2	23	14	2	27	14	14	25	15	14	23	16	5	26	16	7	27	9	14	3	14	14	3	9	9	2	23	13	2	23	14	3	14	14	14	1	7	14	3	26	23	14	20	8	1	23	10	2	23	12	2	26	14	14	27	14	14	27	15	5	26	16	7	14	26	14	3	14	3	16	20	17	2	23	13	2	23	14	3	24	11	4	26	14	14	1	26	14	26	26	8	1	23	10	1	1	17	2	23	14	27	14	14	27	11	14	27	14	16	11	27	2	11	27	14	14	3	14	20	2	14	4	2	23	14	3	24	14	4	26	7	14	1	26	14	1	14	14	1	23	10	1	23	11	2	23	14	14	27	14	14	27	9	1	26	16	6	27	19	7	27	22	8	14	26	12	2	2	2	2	23	14	3	23	14	23	25	16	14	1	25	14	1	14	14	27	23	9	26	23	11	26	23	13	27	27	14	14	27	14	14	26	16	5	27	18	7	20	4	8	14	14	17	2	22	23	2	2	14	3	23	14	4	24	15	14	25	1	25	14	4	26	14	23	9	1	23	11	2	23	12	27	27	14	14	27	15	15	27	16	5	26	17	7	27	20	8	14	14	14	2	27	14	20	8	14	3	23	14	4	24	15	4	26	25	14	14	3	26	14	14	8	1	23	10	2	23	25	2	27	14	14	27	15	14	11	7	5	26	16	7	27	20	2	27	14	14	3	9	20	2	14	13	2	23	14	3	24	14	4	2	3	7	3	26	14	2	14	14	1	23	10	2	23	12	14	14	14	14	27	14	14	27	14	5	26	14	7	27	19	8	27	14	3	3	16	20	2	14	14	2	23	14	3	24	14	4	14	14	1	1	26	14	2	26	14	1	23	10	1	23	12	2	23	14	27	14	14	14	27	11	15	26	16	6	27	19	7	27	23	14	20	20	20	2	22	14	2	23	14	3	23	14	4	16	4	1	26	16	14	1	26	14	4	23	9	1	23	11	2	23	14	14	14	14	14	27	11	14	1	25	6	27	18	7	27	21	8	14	17	10	2	22	23	2	27	14	3	14	14	4	25	16	25	14	25	14	26	14	16	14	14	9	1	23	27	2	23	13	14	14	14	27	20	20	14	1	4	5	27	18	7	27	20	8	1	2	2	1	23	2	7	14	14
DESTINATION
3	14	17	27	14	23	2	26	3	3	27	14	14	4	25	16	1	25	9	9	26	14	3	14	14	9	16	23	27	2	23	13	27	14	5	5	15	14	1	7	14	5	26	7	7	27	20	8	1	17	2	27	20	2	14	14	1	16	6	14	25	7	27	23	14	2	3	23	10	2	14	14	3	23	14	2	14	14	4	26	16	14	27	15	27	27	16	14	23	27	23	9	14	11	2	23	13	23	27	20	3	14	14	14	27	20	6	27	7	27	20	8	14	2	26	14	2	14	14	3	14	2	23	27	23	14	24	15	5	1	14	14	27	11	14	1	25	14	27	23	23	23	14	2	27	14	20	2	24	14	14	27	14	26	18	18	18	7	20	8	1	23	14	2	14	14	3	14	17	27	14	14	14	24	15	4	26	16	14	27	11	14	1	25	14	7	14	10	2	12	2	23	14	16	2	14	14	4	27	14	3	1	7	27	1	8	1	23	10	1	4	26	14	2	14	14	2	16	20	4	15	4	26	16	6	23	24	11	14	1	25	14	25	26	2	27	23	2	23	14	3	12	2	14	2	27	14	14	25	14	23	27	8	14	23	9	26	8	26	14	3	14	14	3	9	14	2	14	4	14	16	5	27	14	4	14	1	7	14	3	26	23	14	12	2	23	14	3	14	14	2	2	26	14	14	27	14	14	27	8	27	23	9	1	14	11	8	7	14	14	3	16	20	2	17	4	26	16	5	26	17	17	27	1	7	14	1	26	14	1	26	2	23	13	3	23	14	27	3	14	14	14	27	14	14	27	11	14	23	8	1	23	10	2	23	14	14	3	14	20	2	14	4	26	5	26	16	7	9	27	27	7	14	1	26	14	1	15	14	3	2	2	23	14	3	14	14	14	14	27	14	14	14	9	27	1	1	23	10	2	23	12	2	23	26	14	12	2	14	12	2	15	5	26	16	7	14	26	14	14	1	25	14	1	26	14	3	13	2	23	14	3	24	4	4	14	27	14	14	27	20	14	1	1	1	23	10	1	23	17	23	3	14	17	2	22	23	2	2	14	16	14	11	27	27	27	27	1	25	14	4	26	27	14	14	2	23	14	3	24	4	4	2	27	14	14	27	15	14	27	7	23	23	10	1	23	2	2	3	14	14	2	27	20	11	14	14	16	16	6	27	19	7	27	22	25	14	3	26	14	2	14	25	14	23	14	3	23	14	25	27	14	14	27	15	14	7	11	23	23	9	26	23	11	11	23	14	14	3	9	20	2	14	14	4	16	16	27	18	5	7	14	4	14	3	26	14	2	14	14	3	14	3	3	23	14	4	15	14	14	27	14	14	27	14	14	23	9	1	23	11	2	15	23	14	3	16	20	2	14	14	3	5	8	26	17	7	27	20	7	14	1	26	14	2	26	14	24	23	13	26	14	4	24	15	4	14	27	14	14	27	11	15	8	8	1	23	10	2	23	25	14	3	20	20	2	22	14	2	5	26	26	16	7	27	20	2	14	1	26	14	1	26	14	4	2	23	23	14	3	24	14	4	14	27	14	14	27	11	14	1	25	23	10	10	2	23	12	14	3	14	17	2	22	23	2	27	5	14	14	7	27	19	8	27	1	25	14	5	26	14	16	14	23	14	16	3	24	14	4	14	27	14	14	27	20	14	1	4	1	10	1	1	23	12	2	23	14	17	2	27	23	2	7	14	16	6	14	27	19	7	27	23	25	14	2	26	14	14	14	14	3	14	3	14	4	16	4	4	14	14	27	23	14	27	7	9	9	1	23	11	11	2	23	14	14	2	27	20	2	14	14	14	27	27	14	7	27	21	8	8
DUE_DATE
0	30427	29996	31245	30094	30143	30672	30247	30296	30825	30394	30923	30492	29987	30556	30045	30614	31123	30672	31181	30730	30759	30788	31320	30882	31404	30966	30468	30510	30552	31127	31156	31665	31214	30703	32472	31781	31330	31359	31388	30887	31936	31485	31994	31543	31032	32081	31630	31659	31688	32919	31200	31761	32262	31803	31284	31305	33066	32367	32388	33129	33150	33171	32472	33247	32096	32145	32674	32243	32292	32805	32352	32379	33606	33633	32460	32967	32994	33741	33768	33795	33102	32646	32130	32694	32178	32742	33246	32790	33294	34038	34062	32886	33415	34172	34209	33526	34283	33600	32617	33194	33257	33316	33855	33434	33973	34717	33536	34755	34054	34073	34812	34831	33110	34869	34168	33167	33726	33745	33224	34263	33857	34396	33975	35234	34573	35325	34632	35379	34206	34713	34260	34287	34314	33801	34368	34875	34911	34464	35697	35010	35763	35796	35829	35142	34155	35194	34730	35946	34762	34238	34794	34810	35306	35322	34858	36074	36090	36106	36122	35418	35434	34430	35466	35031	35544	35097	34590	35163	35196	36429	35742	36495	36540	36582	35904	36666	35988	35550	36072	35631	36144	35697	35190	35763	36276	35829	37062	37095	36405	37152	37179	37206	36033	37260	36567	36114	36141	35628	36675	36235	35732	36789	37546	37583	36900	36937	37694	37731	36024	36597	37830	37143	36696	36729	37242	36795	36281	36844	36327	38090	38113	37416	37439	38182	38205	37508	37051	38274	37097	37121	37624	37167	37190	37693	37236	37739	37762	38505	37808	38551	38574	37397	37905	37452	36939	37986	37533	38040	38067	37614	38121	37668	38895	38917	38936	38235	38974	37253	38292	37831	37850	37329	37888	37907	38406	39145	38444	37443	39247	39296	39345	38674	38723	39492	37817	38896	38955	38534	38053	38647	38696	38745	39994	39323	40092	40125	39432	40179	39486	40233	39060	39567	39594	39141	38628	39195	39221	39724	39267	40490	39793	40536	40559	40582	39405	40628	40651	39954	39977	39517	38996	40035	39574	39053	40092	40831	40130	40869	40888	40187	39726	40945	39764	40983	39840	39882	40404	39966	39468	40530	39552	40607	41356	40665	40694	41443	41472	41501	40330	39819	40388	40447	39956	41025	40594	41843	41172	41211	41964	41277	42030	41343	42096	40929	40962	40995	41035	41552	41109	40606	41663	41220	41737	42494	42540	41862	42624	41946	42708	41550	41052	42120	42162	41724	41226	41808	43050	41892	43147	42476	43245	42574	43343	42672	43431	41724	42777	42810	42363	42396	42429	43662	42495	43721	42004	43767	43070	43813	43116	43859	43882	43185	43208	42751	42234	43277	42847	43376	42945	42994	43523	44292	44397	44496	43875	43920	44682	44724	44046	43608	43650	44172	43797	43356	43995	44021	44524	45267	45290	45313	45336	44639	45382	44205	45428	44731	44274	43757	44335	44852	44889	43906	43943	45000	45757	45794	45847	44696	45945	45274	44843	44892	44997	45096	44655	45737	46516	45855	45914	45973	46757	46096	46875	46934	45793	45897	45996	46095	46131	46644	46197	47430	46743	46296	46809	46842	47595	46915	47672	47709	46546	46043	47100	46117	47174	46735	46772	48009	46846	48083	46920	48157	47474	47537	48316	48375	46694	47773	47347	47396	47925	47494	47003	48792	48835	48152	47709	48226	48983	48300	49057	49094	49119	48420	47961	47982	48003	48504	48045	47526	49287	48588	48129	48630	49371	49392	49497	48876	49695	49015	48572	48609	48646	49163	48720	48217	49274	48835	50072	50109	50146	49463	50220	48517	50294	50347	49196	49245	49294	49343	49392	49902	48906	49950	49494	50718	50022	50766	50790	50094	49638	50862	49146	50925	49212	49779	49806	50313	49860	50367	50394	49941	51168	50475	51235	51272	51309	50146	51383	50220	50257	49754	50811	50364	50877	50910	50463	50976	51729	51042	51795	51115	51872	50709	51226	50783	50820	50857	50354	50925	52152	50979	52206	52233	52260	51567	52314	51621	50628	51675	51247	50756	50805	51874	51443	50952	52722	52746	52050	52794	52818	52122	52866	52170	52914	52218	51762	51786	51835	51872	52389	51946	53183	52500	53257	53294	52605	53352	52659	53406	52713	52260	52287	52314	52341	52848	52395	51882	52926	52470	53694	53718	53022	53766	53790	53094	53838	52662	52146	52735	52772	52809	52306	53363	53400	52957	54194	54231	54264	53577	54330	54363	53196	52689	54462	53775	52817	53416	53475	54014	53593	54095	53632	54849	54146	54883	54180	54917	53734	54951	54248	53785	53802	53279	54316	53853	54350	53887	55157	55216	54555	55334	54673	55435	54272	54789	54346	54863	54420	54457	53954	54557	54616	55875	54194	55273	56031	56064	56097	55410	55443	54996	56229	55542	55575	55125	54612	55179	55686	55233	56460	55767	56514	56541	55848	56595	56672	55546	56820	56174	55725	56232	55779	55266	57033	55860	56367	57114	56421	57168	56475	57347	56296	57535	55832	56889	56926	57683	57720	57757	57794	57152	56746	58020	57374	57405	58152	58179	58206	57513	57060	58287	57594	58341	58368	57675	58697	58797	57156	58275	59031	58344	59097	58410	59163	57996	59229	59262	59295	58627	59396	58725	59494	58823	58392	59657	59716	59055	59834	59173
TRANSPORT_MODE
0	2	1	1	0	0	0	0	0	2	1	1	0	0	0	0	2	2	1	0	0	0	0	0	0	2	1	1	0	0	0	0	2	2	1	1	0	0	0	0	0	2	1	1	0	0	0	0	0	2	1	1	0	0	0	0	0	3	1	1	0	0	0	0	0	1	2	1	0	0	0	0	0	3	3	1	0	0	0	0	0	1	2	1	0	0	0	0	0	1	3	3	1	0	0	0	0	1	2	0	1	0	0	0	0	1	3	1	0	0	0	0	0	1	2	1	0	0	0	0	0	0	1	1	3	0	0	0	0	1	2	2	0	0	0	0	0	1	1	3	0	0	0	0	0	1	1	2	2	0	0	0	0	0	1	1	3	0	0	0	0	0	1	1	2	0	0	0	0	0	1	1	3	0	0	0	0	0	1	1	2	0	0	0	0	1	1	3	0	0	0	0	0	0	3	1	2	0	0	0	0	1	1	3	3	0	0	0	0	0	1	1	2	0	0	0	0	0	1	1	3	0	0	0	0	0	1	1	2	0	0	0	0	0	1	1	1	0	0	0	0	3	1	2	0	0	0	0	0	0	2	1	1	0	0	0	0	3	1	1	2	0	0	0	0	0	2	1	1	0	0	0	0	0	3	1	1	0	0	0	0	0	2	1	1	0	0	0	0	0	3	1	1	0	0	0	0	2	1	1	0	0	0	0	0	0	3	3	1	0	0	0	0	2	1	1	3	0	0	0	0	0	3	1	1	0	0	0	0	0	2	1	1	0	0	0	0	0	3	1	1	0	0	0	0	0	2	1	1	0	0	0	0	3	1	1	0	0	0	0	0	2	2	1	0	0	0	0	0	3	1	1	2	0	0	0	0	0	2	1	1	0	0	0	0	3	1	1	0	0	0	0	0	2	1	1	0	0	0	0	0	3	1	1	0	0	0	0	0	1	2	1	0	0	0	0	0	3	3	1	0	0	0	0	0	2	1	1	3	0	0	0	0	3	1	1	0	0	0	0	0	2	1	1	0	0	0	0	0	3	1	1	0	0	0	0	0	2	1	1	0	0	0	0	3	1	1	0	0	0	0	0	0	2	1	1	0	0	0	0	3	1	1	2	0	0	0	0	0	2	1	1	0	0	0	0	3	1	1	2	0	0	0	0	0	2	1	1	0	0	0	0	0	3	1	1	0	0	0	0	0	2	1	1	0	0	0	0	0	3	1	1	0	0	0	0	2	1	1	3	0	0	0	0	0	3	1	1	0	0	0	0	0	2	1	1	3	0	0	0	0	0	3	1	1	0	0	0	0	0	2	1	1	0	0	0	0	3	1	2	0	0	0	0	0	1	1	1	0	0	0	0	0	3	1	2	2	0	0	0	0	1	1	3	0	0	0	0	0	1	1	2	2	0	0	0	0	0	1	1	3	0	0	0	0	0	1	1	2	0	0	0	0	1	1	3	0	0	0	0	0	1	1	2	0	0	0	0	0	1	1	3	3	0	0	0	0	1	1	2	0	0	0	0	0	1	1	3	3	0	0	0	0	0	1	1	2	0	0	0	0	0	1	1	3	0	0	0	0	1	2	1	0	0	0	0	0	1	1	3	0	0	0	0	0	1	2	2	1	0	0	0	0	1	3	1	0	0	0	0	0	1	2	2	1	0	0	0	0	0	1	3	1	0	0	0	0	0	1	2	1	0	0	0	0	3	1	1	0	0	0	0	0	1	3	1	0	0	0	0	3	3	1	1	0	0	0	0	0	3	1	1	0	0	0	0	0	3	3	1	1	0	0	0	0	3	1	1	0	0	0	0	0	3	1	1	0	0	0	0	0
PATIENT_WEIGHT
118	56	54	69	133	41	83	99	35	83	61	35	66	76	82	107	40	83	75	132	83	43	47	61	145	144	75	72	127	57	129	133	143	50	32	95	107	73	75	41	96	131	118	83	47	68	146	87	55	30	135	80	80	135	64	94	77	56	56	111	133	40	56	67	113	146	84	61	57	34	146	91	128	31	74	123	60	66	75	63	93	104	121	118	86	109	62	49	131	148	87	32	108	34	116	134	132	84	145	135	134	79	40	49	43	70	70	125	130	110	45	127	113	139	63	111	95	69	30	87	123	107	99	71	120	102	69	111	78	149	133	41	91	136	109	141	74	83	57	62	39	39	115	119	77	70	149	139	79	97	73	142	99	42	31	49	146	144	75	56	117	65	63	82	149	64	86	82	71	63	51	73	120	43	70	97	135	51	98	115	57	33	58	89	148	129	120	82	133	131	108	95	127	35	100	89	42	131	32	70	79	119	80	95	110	130	77	99	132	61	48	62	103	40	74	49	81	137	72	127	107	120	62	104	112	34	77	149	146	121	109	146	131	99	81	146	80	118	68	33	149	47	105	38	118	128	90	69	110	133	86	147	106	121	140	59	146	131	105	57	47	104	77	97	31	54	104	114	38	85	143	123	91	97	35	100	136	96	93	90	38	66	76	128	33	77	79	135	59	150	82	102	119	54	129	81	44	38	96	98	35	97	67	52	123	114	146	122	100	52	52	43	102	90	42	106	89	62	50	89	110	88	123	83	42	102	124	44	30	106	147	30	33	114	149	93	83	117	124	144	43	50	61	144	55	139	150	145	133	140	109	109	74	150	37	92	83	144	125	124	106	62	56	31	107	141	36	65	91	104	40	71	71	78	108	104	133	104	65	113	42	93	93	65	150	37	71	52	58	149	60	75	76	61	146	51	51	69	55	89	140	143	49	115	144	143	141	85	49	61	132	71	128	42	47	67	142	52	125	73	72	76	60	55	39	106	36	85	88	95	116	94	131	112	75	148	110	45	90	112	118	59	139	124	112	34	117	63	56	88	122	115	119	71	72	39	100	30	95	142	117	35	74	50	142	94	101	113	70	76	85	58	31	93	127	93	87	127	51	61	110	104	81	124	71	95	57	127	35	44	51	145	133	86	99	74	108	130	32	108	103	142	56	92	55	87	88	40	134	55	135	147	150	44	31	52	130	116	31	104	69	85	149	75	87	118	110	38	141	92	131	79	132	47	83	72	84	37	149	139	68	81	83	134	137	110	126	65	118	30	111	143	99	78	85	126	60	30	106	134	41	129	76	55	111	122	121	111	56	47	64	72	66	143	42	78	131	39	80	37	47	128	38	119	137	100	83	133	33	144	44	141	46	71	105	61	52	107	44	60	67	131	89	33	40	56	130	118	105	40	81	101	148	140	113	147	73	98	46	58	127	108	143	46	130	35	35	81	122	62	97	83	77	84	101	41	116	43	67	69	78	138	65	85	82	49	62	146	112	150	89	30	48	76	66	42	58	109	92	52	72	121	63	77	60	42	45	84	138	122	125	71	33	78	65	141	32	47	105	68	74	132	107	59	63	64	132	145	47	147	79	102	71	75	123	109	149	123	68	136	98	35	73	51	82	133	61	53	81	131	67	114	98	101	49	50	86	128	105	54	133	75	142	100	118	120	74	119	54	97	144	110	139	131	89	113	72	50	42	64	51	148	106	92	145	95	118	150	55	120	38	103	145	98	92	144	118	115	102	120	85	30	131	71	125	128	84	84	56	42	95	141	41	96	140	111	94	51	78	43	82	150	148	80	115	122	147	77	89	32	135	67	51	57	139	89	106	78	48	128	54
DISTANCE_MATRIX
0	360	318	300	288	276	264	264	150	150	150	60	90	90	162	168	204	228	234	312	360	408	348	318	168	192	168	318
360	60	264	318	324	342	342	342	348	348	354	360	372	378	378	420	420	480	462	498	462	462	384	420	372	420	378	378
318	264	60	270	276	288	288	288	294	294	294	318	318	324	324	414	414	468	462	486	462	462	330	366	366	408	372	324
300	318	270	60	276	288	288	288	288	288	288	300	300	312	318	408	408	468	462	486	438	438	318	360	360	402	360	312
288	324	276	276	60	276	276	276	276	276	276	288	288	300	300	402	396	462	456	480	432	432	300	360	360	402	348	300
276	342	288	288	276	60	180	180	252	258	264	264	264	288	288	390	390	456	450	480	432	432	288	348	348	348	288	288
264	342	288	288	276	180	60	180	246	258	264	264	264	288	288	390	390	456	450	480	432	432	288	348	348	348	288	288
264	342	288	288	276	180	180	60	240	258	264	264	264	288	288	390	390	456	450	480	432	432	288	348	348	348	288	288
150	348	294	288	276	252	246	240	60	120	120	150	126	270	270	378	384	420	438	480	420	408	276	300	300	300	276	270
150	348	294	288	276	258	258	258	120	60	120	150	150	270	270	378	384	420	438	480	420	408	276	300	300	300	276	270
150	354	294	288	276	264	264	264	120	120	60	150	150	270	270	378	384	420	438	480	420	408	276	300	300	300	276	270
60	360	318	300	288	264	264	264	150	150	150	60	90	162	168	228	234	312	360	408	348	318	168	192	192	198	168	162
90	372	318	300	288	264	264	264	150	150	150	90	60	162	168	228	234	312	360	408	348	318	168	192	192	198	168	162
90	378	324	312	300	288	288	288	270	270	270	162	162	60	120	180	180	306	210	360	300	300	120	180	120	180	120	234
162	378	324	318	300	288	288	288	270	270	270	168	168	120	60	180	180	306	210	360	300	300	120	180	120	180	120	120
168	420	414	408	402	348	348	348	300	300	300	228	228	180	180	60	132	204	132	348	258	258	186	60	180	132	222	180
204	420	414	408	396	390	390	390	384	384	384	234	234	180	180	132	60	204	132	348	258	258	186	60	180	132	222	180
228	480	468	468	462	456	456	456	420	420	420	312	312	306	306	204	204	60	198	120	240	240	306	204	306	138	306	306
234	462	462	462	456	450	450	450	438	438	438	360	360	210	210	132	132	198	60	138	132	132	210	132	210	132	210	210
312	498	486	486	480	480	480	480	480	480	480	408	408	360	360	348	348	120	138	60	348	348	360	348	360	348	360	360
360	462	462	438	432	432	432	432	420	420	420	348	348	300	300	258	258	240	132	348	60	60	300	258	300	258	300	300
408	462	462	438	432	432	432	432	408	408	408	318	318	300	300	258	258	240	132	348	60	60	300	258	300	258	300	300
348	384	330	318	300	288	288	288	276	276	276	168	168	120	120	186	186	306	210	360	300	300	60	186	120	186	120	120
318	420	366	360	360	348	348	348	300	300	300	192	192	180	180	60	60	204	132	348	258	258	186	60	180	60	180	180
168	372	300	306	300	288	288	288	270	270	270	168	168	120	120	180	180	306	210	360	300	300	120	180	60	180	120	120
192	420	408	402	402	348	348	348	300	300	300	198	198	180	180	132	132	138	132	348	258	258	186	60	180	60	180	180
168	378	372	360	348	288	288	288	276	276	276	168	168	120	120	222	222	306	210	360	300	300	120	180	120	180	60	120
318	378	324	312	300	288	288	288	270	270	270	162	162	234	120	180	180	306	210	360	300	300	120	180	120	180	120	60
DEPOTS_DISTANCE
234	462	462	462	456	450	450	450	438	438	438	360	360	210	210	132	132	198	60	138	132	132	210	132	210	132	210	210	
348	384	330	318	300	288	288	288	276	276	276	168	168	120	120	186	186	306	210	360	300	300	60	186	120	186	120	120	
318	420	366	360	360	348	348	348	300	300	300	192	192	180	180	60	60	204	132	348	258	258	186	60	180	60	180	180	
LOCATION_TURN_MATRIX
100	130	122	113	112	199	136	122	129	152	173	146	151	136	158	140	176	113	122	167	194	134	110	172	114	184	100	147	
170	100	154	188	164	169	136	136	152	170	104	183	155	115	101	104	155	187	174	115	149	134	178	168	114	135	168	102	
178	146	100	161	178	114	104	165	117	139	126	169	192	109	120	179	160	152	154	134	113	140	154	179	196	196	192	181	
187	112	139	100	158	114	195	181	104	132	195	106	183	169	132	170	140	136	172	148	116	110	123	136	151	120	176	169	
188	136	122	142	100	175	164	159	112	100	167	164	135	191	132	181	104	123	142	156	108	117	193	182	116	147	156	185	
101	131	186	186	125	100	190	147	164	150	137	102	145	176	185	131	113	108	117	186	118	151	140	178	154	189	172	110	
164	164	196	105	136	110	100	186	153	151	183	193	111	157	144	123	188	142	110	163	105	190	166	187	170	171	186	126	
178	164	135	119	141	153	114	100	106	130	108	103	151	178	122	151	130	133	184	177	110	141	166	110	122	174	191	197	
171	148	183	196	188	136	147	194	100	167	100	146	168	129	128	142	172	118	174	147	105	158	156	160	120	106	119	136	
148	130	161	168	200	150	149	170	133	100	177	106	175	116	188	180	176	194	108	146	130	187	183	173	128	141	169	176	
127	196	174	105	133	163	117	192	200	123	100	171	175	140	183	115	104	186	128	153	151	175	100	146	191	117	132	197	
154	117	131	194	136	198	107	197	154	194	129	100	136	184	140	147	172	184	148	131	103	156	185	200	152	158	154	143	
149	145	108	117	165	155	189	149	132	125	125	164	100	140	199	142	101	144	163	185	117	191	200	143	113	165	102	154	
164	185	191	131	109	124	143	122	171	184	160	116	160	100	109	116	196	113	131	186	166	139	183	175	144	161	105	170	
142	199	180	168	168	115	156	178	172	112	117	160	101	191	100	147	177	177	199	158	172	188	164	175	180	168	154	195	
160	196	121	130	119	169	177	149	158	120	185	153	158	184	153	100	152	159	197	157	181	159	102	123	168	200	124	186	
124	145	140	160	196	187	112	170	128	124	196	128	199	104	123	148	100	149	114	112	117	135	105	132	138	180	198	156	
187	113	148	164	177	192	158	167	182	106	114	116	156	187	123	141	151	100	166	132	168	163	159	123	129	173	161	116	
178	126	146	128	158	183	190	116	126	192	172	152	137	169	101	103	186	134	100	184	199	137	130	160	148	113	140	150	
133	185	166	152	144	114	137	123	153	154	147	169	115	114	142	143	188	168	116	100	111	195	128	157	191	164	141	171	
106	151	187	184	192	182	195	190	195	170	149	197	183	134	128	119	183	132	101	189	100	129	151	163	147	166	104	177	
166	166	160	190	183	149	110	159	142	113	125	144	109	161	112	141	165	137	163	105	171	100	101	185	169	129	103	197	
190	122	146	177	107	160	134	134	144	117	200	115	100	117	136	198	195	141	170	172	149	199	100	106	150	116	118	145	
128	132	121	164	118	122	113	190	140	127	154	100	157	125	125	177	168	177	140	143	137	115	194	100	128	167	115	155	
186	186	104	149	184	146	130	178	180	172	109	148	187	156	120	132	162	171	152	109	153	131	150	172	100	155	124	184	
116	165	104	180	153	111	129	126	194	159	183	142	135	139	132	100	120	127	187	136	134	171	184	133	145	100	129	192	
200	132	108	124	144	128	114	109	181	131	168	146	198	195	146	176	102	139	160	159	196	197	182	185	176	171	100	146	
153	198	119	131	115	190	174	103	164	124	103	157	146	130	105	114	144	184	150	129	123	103	155	145	116	108	154	100	
DEPOTS_TO_LOCAL_TURN_MATRIX
178	126	146	128	158	183	190	116	126	192	172	152	137	169	101	103	186	134	100	184	199	137	130	160	148	113	140	150	
190	122	146	177	107	160	134	134	144	117	200	115	100	117	136	198	195	141	170	172	149	199	100	106	150	116	118	145	
128	132	121	164	118	122	113	190	140	127	154	100	157	125	125	177	168	177	140	143	137	115	194	100	128	167	115	155	
LOCAL_TO_DEPOT_TURN_MATRIX
122	174	154	172	142	117	110	184	174	108	128	148	163	131	199	197	114	166	100	116	101	163	170	140	152	187	160	150	
110	178	154	123	193	140	166	166	156	183	100	185	200	183	164	102	105	159	130	128	151	101	100	194	150	184	182	155	
172	168	179	136	182	178	187	110	160	173	146	200	143	175	175	123	132	123	160	157	163	185	106	100	172	133	185	145	

