INDEX_PROBLEM
1
PATIENTS
800
STRETCHERS
16
NUM_ROOM
28
NUM_DEPOT
3
NUM_PRIORITY
4
PRIORITY_LIST
0	1	2	3	4
PRIORITY_WEIGHT
0	1	10	18	30
PRIORITY_JOB
0	2	3	2	3	4	2	3	3	2	3	4	3	3	2	3	3	1	2	2	3	4	2	3	4	3	3	1	3	3	4	3	2	3	2	4	2	3	3	3	2	3	4	2	3	4	3	3	3	2	3	2	3	4	3	3	4	1	4	2	1	1	1	2	1	3	1	2	3	3	4	2	3	1	2	3	1	2	1	2	1	1	2	3	3	3	2	3	3	1	2	3	1	2	1	2	1	4	2	3	3	4	2	3	4	1	1	4	2	2	1	1	1	3	2	3	2	3	4	3	2	3	1	1	1	2	1	1	2	2	3	2	3	4	3	3	2	3	3	1	4	1	2	1	1	1	2	3	3	3	4	2	3	2	1	3	2	1	2	2	1	4	2	3	3	3	4	3	4	2	2	3	1	1	1	2	1	1	2	3	4	1	2	3	3	3	2	1	2	1	2	1	2	1	3	3	1	4	2	3	3	2	1	3	1	2	1	2	2	3	2	3	4	2	3	4	3	2	3	1	1	2	1	1	2	3	1	2	3	4	3	4	2	3	2	3	4	1	1	1	1	2	1	1	2	3	3	2	3	3	2	3	1	1	2	1	1	3	1	2	3	4	2	3	4	2	3	2	1	1	2	2	1	3	4	2	3	3	2	3	4	2	3	2	3	1	1	2	1	1	1	2	3	4	2	3	3	3	1	2	1	1	2	1	2	1	2	3	4	2	3	4	3	1	2	1	1	2	1	2	1	3	3	2	3	2	3	4	3	4	2	1	2	2	1	1	1	3	1	3	2	4	2	3	2	3	3	2	3	1	2	1	1	2	1	1	2	4	3	3	2	3	4	2	3	1	2	1	1	1	4	1	3	3	2	3	4	2	2	3	2	1	2	1	2	1	3	2	3	3	4	2	3	1	3	2	3	1	2	1	2	1	4	2	1	3	4	2	3	1	2	4	1	1	2	1	3	1	1	2	3	3	2	3	3	1	2	1	2	1	2	2	1	3	2	3	3	4	2	3	3	4	2	3	2	1	1	2	1	1	1	2	3	4	2	3	4	3	2	3	1	1	1	2	1	1	4	1	2	3	3	3	2	2	2	3	2	1	1	2	1	4	1	3	3	3	2	3	1	2	2	3	2	1	2	1	1	3	2	4	3	3	4	2	1	3	2	3	2	1	1	1	2	1	4	2	3	3	3	2	1	3	1	1	2	1	1	3	2	3	4	1	3	4	2	3	2	2	3	1	1	2	1	1	2	2	3	4	3	3	2	3	1	2	1	2	1	1	1	2	4	3	2	3	3	3	2	3	4	2	3	1	1	1	1	1	2	1	3	4	3	3	3	3	2	2	3	1	1	1	1	2	1	1	2	3	3	4	3	3	2	2	3	1	2	1	1	2	2	4	1	2	3	3	3	4	2	3	2	3	1	2	1	2	1	1	2	3	1	3	4	3	3	3	4	1	1	1	2	1	1	2	3	1	2	3	4	2	3	3	1	2	2	1	2	1	1	3	4	1	3	3	2	3	4	2	1	3	2	2	1	2	1	2	3	2	3	3	4	2	3	3	1	1	1	2	1	1	1	3	4	2	3	3	3	4	2	3	1	1	1	2	1	1	2	2	3	2	3	3	3	4	2	3	1	4	1	2	1	1	2	1	2	3	3	3	3	4	2	2	1	3	1	2	2	1	1	2	3	2	3	3	4	3	3	1	2	3	1	2	1	2	1	4	1	1	1	1	2	1	2	1	2	3	1	1	2	1	2	1	2	3	1	2	1	1	1	1	2	2	1	1	1	2	1	3	1	2	2	1	1	2	2	1	1	3	4	1	2	1	2
TIME_ASKED
0	28849	28898	28947	28996	29045	29094	29149	29198	29247	29296	29345	29394	29429	29458	29487	29516	29545	29574	29603	29632	29661	29690	29742	29784	29826	29868	29910	29952	29994	30029	30058	30087	30116	30145	30174	30203	30232	30261	30290	30329	30358	30387	30416	30445	30474	30503	30532	30561	30590	30621	30642	30663	30684	30705	30726	30747	30768	30789	30810	30831	30852	30873	30894	30949	30998	31047	31096	31145	31194	31227	31254	31281	31308	31335	31362	31389	31416	31443	31470	31497	31524	31548	31572	31596	31620	31644	31668	31692	31716	31740	31764	31788	31837	31874	31911	31948	31985	32022	32059	32096	32159	32218	32277	32336	32395	32419	32438	32457	32476	32495	32514	32533	32552	32571	32590	32609	32628	32647	32666	32685	32759	32818	32877	32936	32995	33027	33054	33081	33108	33135	33162	33189	33216	33243	33270	33297	33333	33366	33399	33432	33465	33498	33531	33564	33597	33616	33632	33648	33664	33680	33696	33712	33728	33744	33760	33776	33792	33808	33824	33840	33856	33872	33888	33933	33966	33999	34032	34065	34098	34131	34164	34197	34242	34284	34326	34368	34410	34452	34494	34533	34566	34599	34632	34665	34698	34731	34764	34797	34827	34854	34881	34908	34935	34962	34989	35016	35043	35070	35097	35137	35174	35211	35248	35285	35322	35359	35396	35433	35466	35499	35532	35565	35598	35631	35664	35697	35723	35746	35769	35792	35815	35838	35861	35884	35907	35930	35953	35976	35999	36023	36046	36069	36092	36115	36138	36161	36184	36207	36230	36253	36276	36299	36327	36354	36381	36408	36435	36462	36489	36516	36543	36570	36597	36619	36638	36657	36676	36695	36714	36733	36752	36771	36790	36809	36828	36847	36866	36885	36949	36998	37047	37096	37145	37194	37259	37318	37377	37436	37495	37549	37598	37647	37696	37745	37794	37827	37854	37881	37908	37935	37962	37989	38016	38043	38070	38097	38123	38146	38169	38192	38215	38238	38261	38284	38307	38330	38353	38376	38399	38419	38438	38457	38476	38495	38514	38533	38552	38571	38590	38609	38628	38647	38666	38685	38742	38784	38826	38868	38910	38952	38994	39029	39058	39087	39116	39145	39174	39203	39232	39261	39290	39349	39398	39447	39496	39545	39594	39633	39666	39699	39732	39765	39798	39831	39864	39897	39937	39974	40011	40048	40085	40122	40159	40196	40242	40284	40326	40368	40410	40452	40494	40542	40584	40626	40668	40710	40752	40794	40849	40898	40947	40996	41045	41094	41133	41166	41199	41232	41265	41298	41331	41364	41397	41423	41446	41469	41492	41515	41538	41561	41584	41607	41630	41653	41676	41699	41749	41798	41847	41896	41945	41994	42099	42198	42297	42342	42384	42426	42468	42510	42552	42594	42699	42798	42897	42923	42946	42969	42992	43015	43038	43061	43084	43107	43130	43153	43176	43199	43237	43274	43311	43348	43385	43422	43459	43496	43549	43598	43647	43696	43745	43794	43899	43998	44097	44159	44218	44277	44336	44395	44459	44518	44577	44636	44695	44799	44898	44997	45033	45066	45099	45132	45165	45198	45231	45264	45297	45337	45374	45411	45448	45485	45522	45559	45596	45637	45674	45711	45748	45785	45822	45859	45896	45959	46018	46077	46136	46195	46249	46298	46347	46396	46445	46494	46537	46574	46611	46648	46685	46722	46759	46796	46821	46842	46863	46884	46905	46926	46947	46968	46989	47010	47031	47052	47073	47094	47199	47298	47397	47437	47474	47511	47548	47585	47622	47659	47696	47737	47774	47811	47848	47885	47922	47959	47996	48049	48098	48147	48196	48245	48294	48324	48348	48372	48396	48420	48444	48468	48492	48516	48540	48564	48588	48627	48654	48681	48708	48735	48762	48789	48816	48843	48870	48897	48937	48974	49011	49048	49085	49122	49159	49196	49233	49266	49299	49332	49365	49398	49431	49464	49497	49537	49574	49611	49648	49685	49722	49759	49796	49827	49854	49881	49908	49935	49962	49989	50016	50043	50070	50097	50149	50198	50247	50296	50345	50394	50424	50448	50472	50496	50520	50544	50568	50592	50616	50640	50664	50688	50737	50774	50811	50848	50885	50922	50959	50996	51027	51054	51081	51108	51135	51162	51189	51216	51243	51270	51297	51324	51348	51372	51396	51420	51444	51468	51492	51516	51540	51564	51588	51637	51674	51711	51748	51785	51822	51859	51896	51933	51966	51999	52032	52065	52098	52131	52164	52197	52259	52318	52377	52436	52495	52517	52534	52551	52568	52585	52602	52619	52636	52653	52670	52687	52704	52721	52738	52755	52772	52789	52859	52918	52977	53036	53095	53137	53174	53211	53248	53285	53322	53359	53396	53459	53518	53577	53636	53695	53733	53766	53799	53832	53865	53898	53931	53964	53997	54027	54054	54081	54108	54135	54162	54189	54216	54243	54270	54297	54374	54448	54522	54596	54627	54654	54681	54708	54735	54762	54789	54816	54843	54870	54897	55049	55198	55237	55274	55311	55348	55385	55422	55459	55496	55574	55648	55722	55796	55827	55854	55881	55908	55935	55962	55989	56016	56043	56070	56097	56399	56499	56598	56697	56733	56766	56799	56832	56865	56898	56931	56964	56997	57049	57098	57147	57196	57245	57294	57359	57418	57477	57536	57595
ORIGIN
26	16	6	23	25	7	27	23	14	2	23	2	14	14	14	23	23	14	14	14	14	4	26	16	4	14	16	27	23	14	27	7	23	9	14	14	11	2	23	13	14	2	14	20	20	2	14	14	14	6	27	18	7	27	20	8	14	14	17	2	14	23	2	26	1	14	23	27	14	24	15	5	26	14	7	27	26	14	3	14	14	1	23	11	23	23	14	2	27	23	3	24	5	15	14	1	7	1	18	7	14	20	8	1	23	7	17	23	27	20	2	14	14	14	14	4	24	15	4	26	16	14	3	23	10	2	14	14	3	14	10	2	2	12	2	23	14	16	2	14	15	27	27	16	14	2	7	27	1	8	1	23	10	3	27	27	3	14	14	14	27	27	4	24	15	4	26	16	6	23	26	26	14	14	14	3	14	1	2	23	12	2	23	14	3	23	1	14	27	11	27	14	25	14	27	20	8	14	23	9	26	23	20	2	24	14	14	27	14	14	14	14	4	14	16	5	27	14	7	14	14	14	3	14	17	23	2	12	2	23	14	3	14	14	14	2	27	11	1	25	14	7	14	8	27	23	9	1	14	11	7	2	14	4	27	14	3	14	14	4	26	16	5	26	17	1	27	4	14	2	14	14	2	2	11	2	23	13	3	23	14	27	3	11	14	1	25	14	25	26	2	27	23	8	1	23	10	2	23	14	2	27	14	14	25	15	4	26	16	5	26	16	7	27	9	14	3	14	14	3	9	9	2	23	13	2	23	14	3	14	14	14	1	7	14	3	26	14	14	20	8	1	23	10	2	23	12	2	26	14	14	27	14	14	27	15	5	26	16	7	14	26	14	3	14	14	3	16	20	2	23	13	2	23	14	3	24	17	4	26	14	1	26	14	4	1	26	8	1	23	10	1	23	17	2	23	14	14	27	14	14	11	14	27	14	16	11	27	11	11	27	14	3	14	20	2	2	27	4	2	23	14	3	24	14	4	26	7	14	1	26	14	1	7	14	1	23	10	1	23	11	2	23	14	14	27	14	14	27	27	1	26	16	6	27	19	7	27	22	8	12	12	2	12	27	2	2	23	14	3	23	14	4	25	16	14	25	14	1	26	14	14	27	23	9	26	23	11	2	23	13	27	27	14	14	27	14	14	26	16	5	27	18	7	20	4	8	14	14	17	2	22	14	2	2	14	3	23	14	4	24	15	14	25	14	4	26	14	14	14	23	9	1	23	11	2	23	12	27	2	27	14	14	27	15	27	16	5	26	17	7	27	20	8	14	14	14	2	27	20	2	23	13	3	23	14	4	24	15	4	26	25	14	3	26	14	4	2	8	1	23	10	2	23	25	2	27	14	11	27	15	14	14	16	5	26	16	7	27	20	2	27	14	14	3	9	20	2	27	13	2	23	14	3	24	14	4	26	3	7	3	26	14	2	14	14	1	23	10	2	23	12	14	14	14	14	27	14	14	27	14	5	26	14	7	27	19	8	27	14	3	3	16	20	2	14	14	2	23	14	3	24	14	4	14	14	1	1	26	14	2	26	14	1	23	10	1	23	12	2	23	14	27	14	8	14	27	11	15	26	16	6	27	19	7	27	23	14	20	20	20	2	22	14	2	23	14	3	23	14	4	16	4	1	26	16	14	1	26	14	4	23	9	1	23	11	2	23	14	27	14	14	14	27	11	14	1	16	6	27	18	7	27	21	8	14	17	10	2	22	23	2	27	14	3	14	14	4	25	16	1	25	25	14	5	26	14	16	14	9	1	23	27	2	23	13	14	27	14	27	20	14	1	4	4	5	27	18	7	27	20	8	1	17	2	1	27	23	2	7	14
DESTINATION
3	14	17	27	14	23	2	26	3	14	27	14	4	25	16	1	1	25	9	9	26	14	3	14	14	9	16	23	27	2	23	13	27	14	5	5	15	14	1	7	4	27	26	7	7	27	20	8	1	17	2	27	20	2	14	14	1	16	6	14	25	7	27	23	23	2	3	23	10	2	14	14	3	2	20	2	14	4	26	16	4	14	27	15	27	27	16	14	23	27	14	1	14	11	2	23	13	23	27	20	3	14	14	14	27	20	6	27	18	7	27	20	8	2	26	14	2	14	14	3	14	2	23	27	14	24	15	5	26	1	14	14	27	11	14	1	25	14	27	1	11	23	23	14	2	14	20	2	24	14	14	27	14	26	18	18	14	20	8	1	23	23	14	2	14	14	3	14	17	27	14	14	4	15	4	26	16	23	14	27	11	14	1	25	14	7	14	10	2	12	2	2	14	16	2	14	14	4	27	14	3	1	7	14	1	8	1	23	10	1	4	26	14	2	14	14	2	16	20	4	15	4	26	16	6	27	24	11	14	1	25	14	25	26	2	27	23	12	23	14	3	23	2	14	2	27	14	14	25	15	23	27	8	14	23	9	26	20	26	14	3	14	14	3	9	14	2	14	4	14	16	5	27	27	20	14	1	7	14	3	26	23	14	12	2	23	14	3	14	14	14	2	26	14	14	27	14	14	27	8	27	23	9	1	14	11	14	3	14	14	3	16	20	2	17	4	26	16	5	26	17	17	27	1	7	14	1	26	14	1	26	2	23	13	3	23	14	4	3	14	14	14	27	14	14	27	11	14	23	8	1	23	10	2	23	14	14	3	14	20	2	14	4	26	16	5	26	16	7	27	27	7	14	1	26	14	1	9	14	3	2	23	14	3	14	14	14	14	14	27	14	14	27	9	27	1	8	1	23	10	2	12	2	23	26	14	12	2	12	12	2	15	26	16	7	14	27	23	14	14	1	25	14	1	26	14	3	13	2	23	14	3	24	13	4	14	27	14	14	27	20	14	1	1	1	23	10	1	23	2	23	3	14	17	2	22	23	2	2	14	11	11	27	11	2	27	27	1	25	14	4	26	14	14	14	2	14	3	24	14	4	4	2	27	14	14	27	15	14	27	7	23	23	10	1	23	2	2	3	14	14	2	27	20	11	14	14	16	16	6	27	19	4	27	22	25	14	3	26	14	2	14	25	14	3	23	14	4	25	25	27	14	14	27	15	14	7	11	23	27	23	9	26	23	11	23	14	14	3	9	20	2	14	14	4	16	5	27	18	7	27	1	7	14	3	26	14	2	14	14	3	14	3	23	14	4	14	24	14	14	27	14	14	27	14	14	23	9	12	23	11	1	2	14	14	3	16	20	2	14	14	3	5	20	26	17	7	27	2	7	14	1	26	14	2	26	14	3	23	13	23	14	4	24	15	4	14	27	14	14	27	11	15	8	8	1	23	10	2	23	25	14	3	20	20	2	22	14	2	5	26	26	16	7	27	20	2	14	1	26	14	1	26	14	4	2	23	23	14	3	24	14	4	14	27	14	14	27	11	14	1	25	23	10	14	2	23	12	14	3	14	17	2	22	23	2	27	5	14	7	7	27	19	8	27	1	25	14	5	26	14	16	14	23	14	16	3	24	14	4	14	27	14	14	27	20	14	1	4	23	10	1	1	23	12	2	23	14	17	2	27	23	2	7	14	16	6	14	27	19	7	27	23	25	14	2	26	14	14	14	23	14	14	3	23	14	4	16	4	14	14	27	23	14	27	7	9	23	26	23	11	2	23	14	14	14	2	27	20	2	14	14	14	6	27	14	18	7	27	21	8
DUE_DATE
0	30427	29996	30525	30094	29603	30672	30247	30296	30825	30394	29903	30492	30527	31036	30585	30614	31843	31152	31181	30730	30219	31268	30840	30342	30924	30966	32208	31050	31092	30587	31156	31665	31214	31723	30732	31781	31330	31359	31388	31907	31456	30945	31994	31543	31032	31601	31630	31659	32168	31719	32220	31761	31242	31803	31824	31305	33066	31347	32388	33129	33150	33171	32472	33247	32096	33345	32674	32243	32292	31785	32832	32379	33606	32913	32460	33687	32994	33741	33048	33795	33822	33126	32670	32694	32718	33222	32766	32790	34014	33318	32862	34086	33415	34172	33489	34246	32543	33600	33157	33194	32717	33796	33375	32894	34693	34717	32996	34035	34054	34793	34812	34831	33650	34149	33688	34187	33726	33205	33764	34263	33857	35116	35175	35234	34573	35325	35352	34659	34686	34233	34740	34287	33774	34341	34368	34875	34431	34464	35697	33990	35763	35076	35829	35862	35895	35194	34730	34746	34762	34238	35274	34810	35306	36042	34858	35354	36090	35386	35402	36138	34414	35450	34986	35031	35064	34557	35130	34623	35676	35709	35262	36495	36540	36582	35904	36666	36708	36030	35592	35091	36864	36177	35730	35763	35796	36309	37062	36375	37125	36432	37179	36486	37233	36060	36087	37314	35601	36648	36195	36235	36752	37509	36346	37583	36900	37657	36974	37011	36564	37077	36630	36123	37176	36729	36222	36795	37301	36844	38067	38090	37393	38136	38159	37462	37005	38228	37531	37074	36557	37121	36604	37647	37190	37693	37236	36719	38482	38505	38528	38551	37854	38597	38625	37932	37479	37506	38013	37560	37587	38094	37641	38868	38895	38197	38936	38955	37774	38993	38292	37831	37310	38349	37888	37367	38406	37945	38444	39183	39247	38576	38625	39394	38243	37752	38837	38416	38475	39014	38593	38107	39176	38745	39274	38843	40092	40125	39432	40179	40206	40233	39540	39087	38574	39621	39168	39195	39221	40444	39747	40490	40513	39816	40559	39862	40605	39908	39451	38934	39977	39517	38996	39555	40774	40073	40812	40831	40130	40869	40168	40907	39726	39745	40244	39783	40320	39882	39384	39966	39468	40530	41292	40607	40636	41385	41414	41443	40272	41501	40330	40839	39848	40927	40496	41025	40594	40643	41172	40731	41964	41277	42030	42063	41376	42129	42162	41475	40495	41072	41109	41626	41183	40680	41737	41294	42540	41862	42624	42666	42708	41010	42792	41640	41682	42204	41766	41268	42330	42372	41947	42476	43245	42574	43343	42672	43431	42264	42777	42330	42363	41856	42909	42462	43695	42521	43024	42567	43790	43093	43836	43139	43882	42165	43208	43951	42774	42257	43327	42896	44145	43474	42503	44292	44397	43776	44595	43440	44682	44724	44046	43608	43650	44172	43797	43896	45195	44501	45244	44547	45290	44593	44616	45359	44182	44685	44228	44251	43734	44777	44335	44372	43869	44926	44483	45000	45757	45794	45127	45896	45945	45994	45323	44892	44457	45576	45195	44717	45316	45855	45434	46693	46757	46816	46155	46934	46993	45357	47196	46575	46131	46164	46197	46710	46743	46776	46329	46842	47595	47635	46952	47709	46006	47783	46620	46657	46694	47215	46772	48009	47326	47363	46920	47437	48194	47537	48316	48375	47234	47773	46807	47396	47445	46954	48023	48792	47635	48152	47709	48226	48983	49020	49057	48374	49119	47400	48441	47982	48003	48024	48525	49266	48087	49308	49329	48630	49371	49392	48297	48876	48495	47995	49772	48609	48106	49163	48720	49237	49274	48835	50072	50109	49426	50183	50220	49537	49574	49147	48656	49245	49294	49823	49392	50622	49926	50670	49974	50718	50742	50766	50070	49074	49638	50142	49686	49725	49752	50259	49806	49293	50340	49887	51114	51141	51168	51195	51235	50552	51309	50146	49643	50220	50257	50294	50331	50844	50877	50430	51663	51696	51729	51762	51075	51835	51872	51189	50746	50783	50280	50857	50894	51405	51432	50979	52206	51513	52260	52287	51594	51621	50628	52395	51727	51296	51345	51394	50903	51972	51522	52026	51570	52794	52098	52842	52146	52890	52914	52218	51762	52986	51835	51332	51909	51946	51983	51480	53257	53294	53325	52632	53379	53406	52713	52260	53487	52794	52341	51828	52875	52422	52446	53670	52974	52998	53742	53046	53790	53814	52638	52122	53886	52735	52772	53289	52846	52343	53400	54157	52994	53511	53544	54297	53610	54363	53676	53229	53742	53295	53357	52876	53955	53534	53593	54815	54832	54849	54146	54883	54900	54917	53734	53211	54248	53785	53802	53819	53296	54333	53870	55087	55157	55216	54555	55334	55393	54715	54752	54309	54826	54383	54420	54457	53954	55037	54616	55875	54194	55993	55311	56064	56097	55410	56163	55476	55029	55062	55095	55125	54612	55659	55686	56433	55260	56487	55794	55821	56568	56595	55952	55546	56100	55694	55725	55212	55779	55806	57033	56340	55887	57114	56421	57168	56475	57347	55756	57535	57572	57609	57646	56963	57720	57037	57794	57152	56746	58020	58094	57405	58152	57459	58206	57513	57060	58287	57594	58341	58368	58395	58697	58077	58176	58995	59031	59064	58377	59130	57963	59196	58509	58542	59295	59347	58676	58725	59494	59543	58392	57917	59716	59055	59834	59173
TRANSPORT_MODE
0	2	1	1	0	0	0	0	2	2	1	2	0	0	0	0	0	1	1	2	0	0	0	0	0	1	1	2	0	0	0	0	1	1	1	0	0	0	0	0	0	2	1	2	0	0	0	0	1	2	1	0	0	0	0	0	0	3	1	1	0	0	0	0	0	1	2	2	1	0	0	0	0	3	1	1	0	0	0	0	0	2	1	1	0	0	0	0	0	3	1	1	0	0	0	0	0	1	2	1	0	0	0	0	0	3	3	1	0	0	0	0	0	0	1	2	1	0	0	0	0	1	3	3	1	0	0	0	0	1	2	1	0	0	0	0	0	0	1	3	1	0	0	0	0	1	2	1	0	0	0	0	0	1	3	1	0	0	0	0	0	1	2	2	0	0	0	0	0	0	1	1	3	0	0	0	0	0	1	1	2	2	0	0	0	0	1	3	1	0	0	0	0	0	1	1	2	0	0	0	0	1	3	1	0	0	0	0	0	0	1	1	2	0	0	0	0	1	1	3	0	0	0	0	0	0	3	1	1	0	0	0	0	0	2	1	1	3	0	0	0	0	3	1	2	0	0	0	0	0	1	1	3	0	0	0	0	1	1	2	0	0	0	0	0	0	1	1	3	0	0	0	0	1	1	2	0	0	0	0	0	0	2	1	1	0	0	0	0	0	3	1	1	2	0	0	0	0	2	1	3	0	0	0	0	0	1	1	1	0	0	0	0	2	1	3	0	0	0	0	0	0	1	1	1	0	0	0	0	2	1	3	0	0	0	0	0	0	3	1	1	0	0	0	0	0	2	1	1	3	0	0	0	0	3	1	1	0	0	0	0	0	2	1	1	0	0	0	0	3	1	2	0	0	0	0	0	1	1	1	0	0	0	0	0	3	1	1	0	0	0	0	0	0	2	2	1	0	0	0	0	3	1	1	0	1	0	0	0	2	2	1	0	0	0	0	0	0	3	1	1	0	0	0	0	2	1	3	0	0	0	0	0	1	1	1	0	0	0	0	0	2	1	1	0	0	0	0	0	3	3	1	0	0	0	0	0	2	1	1	3	0	0	0	0	3	1	1	0	0	0	0	0	2	1	1	0	0	0	0	3	1	2	0	0	0	0	0	0	1	1	1	0	0	0	0	3	1	1	0	0	0	0	0	0	2	1	1	0	0	0	0	0	3	1	1	2	0	0	0	2	1	3	0	0	0	0	0	1	1	1	2	0	0	0	0	0	2	1	3	0	0	0	0	0	1	1	1	0	0	0	0	2	1	3	0	0	0	0	0	0	1	1	1	0	0	0	0	0	2	1	1	3	0	0	0	0	3	1	2	0	0	0	0	0	1	1	3	3	0	0	0	0	1	1	2	0	0	0	0	0	1	1	3	0	0	0	0	0	1	1	2	0	0	0	0	0	1	1	1	0	0	0	0	0	3	1	1	2	0	0	0	0	2	1	3	0	0	0	0	0	1	1	2	2	0	0	0	0	1	3	1	0	0	0	0	0	1	1	2	0	0	0	0	0	1	3	1	0	0	0	0	0	1	1	2	0	0	0	0	0	1	1	3	3	0	0	0	0	1	2	1	0	0	0	0	0	1	3	3	1	0	0	0	0	1	2	1	0	0	0	0	0	1	3	1	0	0	0	0	0	1	2	1	0	0	0	0	0	1	3	1	0	0	0	0	0	1	2	2	1	0	0	0	0	3	1	1	0	0	0	0	0	1	3	3	1	0	0	0	0	3	1	1	0	0	0	0	0	3	1	1	0	0	0	0	3	1	1	0	0	0	0	0	0	1	3	1	0	0	0	0	0	3	3	1	1	0	0	0	0
PATIENT_WEIGHT
65	88	41	133	45	97	64	40	130	37	143	106	82	120	44	139	44	119	137	140	91	91	42	66	148	31	57	128	90	40	105	149	30	97	40	61	85	56	102	96	64	80	31	41	65	87	107	115	100	104	45	99	51	120	80	133	64	96	48	54	106	144	32	64	52	114	144	122	62	35	67	42	63	115	87	54	79	34	96	62	116	37	37	140	91	117	54	69	82	66	126	50	117	104	50	119	75	43	85	60	48	150	139	33	136	64	142	70	97	78	32	137	57	93	107	32	54	63	120	142	143	127	138	88	80	49	79	137	70	134	64	104	149	66	66	36	125	146	99	146	38	41	92	129	148	52	40	56	146	106	119	78	32	114	75	147	107	88	116	53	70	109	141	96	143	41	35	105	121	30	121	102	83	81	47	39	45	46	38	67	81	42	59	36	149	42	49	116	142	101	128	55	130	55	148	109	50	58	125	127	86	70	50	144	100	94	131	46	113	85	37	96	42	65	60	112	140	76	55	77	72	32	50	110	117	61	113	107	73	84	100	50	140	100	53	93	111	46	126	141	55	66	83	54	115	59	146	34	120	33	38	110	136	64	46	116	44	113	104	60	67	100	63	102	32	99	67	135	52	108	34	63	53	57	94	71	59	139	108	136	57	96	95	85	149	80	102	118	111	116	103	109	55	134	109	68	137	81	55	66	76	130	38	138	105	126	104	63	119	132	128	81	85	33	137	46	70	49	65	130	38	101	49	134	64	65	50	77	79	135	43	39	70	133	71	114	121	68	30	47	55	126	30	66	38	105	92	45	141	128	94	53	55	119	148	58	112	141	40	104	148	34	70	80	126	49	83	119	75	145	90	118	100	137	85	133	146	80	117	147	118	145	110	60	118	43	138	94	63	33	50	116	130	65	75	72	114	69	74	147	110	63	52	146	131	39	51	129	84	138	60	100	44	106	85	119	140	131	73	92	40	87	78	120	118	146	36	69	45	35	72	82	36	101	107	140	143	116	114	85	102	62	90	31	122	91	34	33	147	95	107	147	143	125	143	134	119	86	87	86	120	32	142	114	44	86	58	79	69	111	80	68	116	44	116	41	110	131	42	99	73	65	122	130	48	94	143	75	60	62	63	70	38	94	85	93	148	56	87	74	57	69	87	30	140	36	31	42	56	143	99	87	51	131	71	46	93	34	74	102	122	74	83	34	130	131	122	82	86	70	124	37	127	30	36	115	119	116	37	70	64	134	53	139	51	98	124	39	123	120	147	70	110	113	117	35	66	137	76	121	72	149	59	146	31	137	96	112	50	84	54	115	110	88	129	147	66	98	124	116	121	88	143	149	129	123	70	107	76	120	38	62	105	46	48	126	64	86	108	128	103	96	43	40	123	50	135	102	78	70	96	59	82	130	104	101	138	51	39	76	115	67	139	140	82	70	131	120	143	114	49	131	51	148	79	60	119	91	150	117	92	32	119	70	148	138	132	42	92	106	101	120	102	41	82	31	56	57	56	69	107	94	84	93	84	39	115	107	41	45	65	30	102	34	97	87	31	92	56	32	37	97	47	115	125	101	84	135	74	76	52	99	47	112	49	45	113	97	87	134	92	51	117	100	146	94	88	113	146	34	58	148	140	39	70	53	87	81	59	149	38	99	139	95	89	56	64	119	97	89	63	67	127	92	142	125	102	52	107	38	90	115	38	75	66	89	42	44	68	135	36	140	130	103	66	99	134	41	67	113	129	57	77	49	109	56	33	87	81	72	90	92	53	99	34	41	47	136	58	97	90	135	58	64	128	38	90	146	35	61	104	76	126	72	149	142	90	129	106	132	48
DISTANCE_MATRIX
0	360	318	300	288	276	264	264	150	150	150	60	90	90	162	168	204	228	234	312	360	408	348	318	168	192	168	318
360	60	264	318	324	342	342	342	348	348	354	360	372	378	378	420	420	480	462	498	462	462	384	420	372	420	378	378
318	264	60	270	276	288	288	288	294	294	294	318	318	324	324	414	414	468	462	486	462	462	330	366	366	408	372	324
300	318	270	60	276	288	288	288	288	288	288	300	300	312	318	408	408	468	462	486	438	438	318	360	360	402	360	312
288	324	276	276	60	276	276	276	276	276	276	288	288	300	300	402	396	462	456	480	432	432	300	360	360	402	348	300
276	342	288	288	276	60	180	180	252	258	264	264	264	288	288	390	390	456	450	480	432	432	288	348	348	348	288	288
264	342	288	288	276	180	60	180	246	258	264	264	264	288	288	390	390	456	450	480	432	432	288	348	348	348	288	288
264	342	288	288	276	180	180	60	240	258	264	264	264	288	288	390	390	456	450	480	432	432	288	348	348	348	288	288
150	348	294	288	276	252	246	240	60	120	120	150	126	270	270	378	384	420	438	480	420	408	276	300	300	300	276	270
150	348	294	288	276	258	258	258	120	60	120	150	150	270	270	378	384	420	438	480	420	408	276	300	300	300	276	270
150	354	294	288	276	264	264	264	120	120	60	150	150	270	270	378	384	420	438	480	420	408	276	300	300	300	276	270
60	360	318	300	288	264	264	264	150	150	150	60	90	162	168	228	234	312	360	408	348	318	168	192	192	198	168	162
90	372	318	300	288	264	264	264	150	150	150	90	60	162	168	228	234	312	360	408	348	318	168	192	192	198	168	162
90	378	324	312	300	288	288	288	270	270	270	162	162	60	120	180	180	306	210	360	300	300	120	180	120	180	120	234
162	378	324	318	300	288	288	288	270	270	270	168	168	120	60	180	180	306	210	360	300	300	120	180	120	180	120	120
168	420	414	408	402	348	348	348	300	300	300	228	228	180	180	60	132	204	132	348	258	258	186	60	180	132	222	180
204	420	414	408	396	390	390	390	384	384	384	234	234	180	180	132	60	204	132	348	258	258	186	60	180	132	222	180
228	480	468	468	462	456	456	456	420	420	420	312	312	306	306	204	204	60	198	120	240	240	306	204	306	138	306	306
234	462	462	462	456	450	450	450	438	438	438	360	360	210	210	132	132	198	60	138	132	132	210	132	210	132	210	210
312	498	486	486	480	480	480	480	480	480	480	408	408	360	360	348	348	120	138	60	348	348	360	348	360	348	360	360
360	462	462	438	432	432	432	432	420	420	420	348	348	300	300	258	258	240	132	348	60	60	300	258	300	258	300	300
408	462	462	438	432	432	432	432	408	408	408	318	318	300	300	258	258	240	132	348	60	60	300	258	300	258	300	300
348	384	330	318	300	288	288	288	276	276	276	168	168	120	120	186	186	306	210	360	300	300	60	186	120	186	120	120
318	420	366	360	360	348	348	348	300	300	300	192	192	180	180	60	60	204	132	348	258	258	186	60	180	60	180	180
168	372	300	306	300	288	288	288	270	270	270	168	168	120	120	180	180	306	210	360	300	300	120	180	60	180	120	120
192	420	408	402	402	348	348	348	300	300	300	198	198	180	180	132	132	138	132	348	258	258	186	60	180	60	180	180
168	378	372	360	348	288	288	288	276	276	276	168	168	120	120	222	222	306	210	360	300	300	120	180	120	180	60	120
318	378	324	312	300	288	288	288	270	270	270	162	162	234	120	180	180	306	210	360	300	300	120	180	120	180	120	60
DEPOTS_DISTANCE
234	462	462	462	456	450	450	450	438	438	438	360	360	210	210	132	132	198	60	138	132	132	210	132	210	132	210	210	
348	384	330	318	300	288	288	288	276	276	276	168	168	120	120	186	186	306	210	360	300	300	60	186	120	186	120	120	
318	420	366	360	360	348	348	348	300	300	300	192	192	180	180	60	60	204	132	348	258	258	186	60	180	60	180	180	
LOCATION_TURN_MATRIX
100	130	122	113	112	199	136	122	129	152	173	146	151	136	158	140	176	113	122	167	194	134	110	172	114	184	100	147	
170	100	154	188	164	169	136	136	152	170	104	183	155	115	101	104	155	187	174	115	149	134	178	168	114	135	168	102	
178	146	100	161	178	114	104	165	117	139	126	169	192	109	120	179	160	152	154	134	113	140	154	179	196	196	192	181	
187	112	139	100	158	114	195	181	104	132	195	106	183	169	132	170	140	136	172	148	116	110	123	136	151	120	176	169	
188	136	122	142	100	175	164	159	112	100	167	164	135	191	132	181	104	123	142	156	108	117	193	182	116	147	156	185	
101	131	186	186	125	100	190	147	164	150	137	102	145	176	185	131	113	108	117	186	118	151	140	178	154	189	172	110	
164	164	196	105	136	110	100	186	153	151	183	193	111	157	144	123	188	142	110	163	105	190	166	187	170	171	186	126	
178	164	135	119	141	153	114	100	106	130	108	103	151	178	122	151	130	133	184	177	110	141	166	110	122	174	191	197	
171	148	183	196	188	136	147	194	100	167	100	146	168	129	128	142	172	118	174	147	105	158	156	160	120	106	119	136	
148	130	161	168	200	150	149	170	133	100	177	106	175	116	188	180	176	194	108	146	130	187	183	173	128	141	169	176	
127	196	174	105	133	163	117	192	200	123	100	171	175	140	183	115	104	186	128	153	151	175	100	146	191	117	132	197	
154	117	131	194	136	198	107	197	154	194	129	100	136	184	140	147	172	184	148	131	103	156	185	200	152	158	154	143	
149	145	108	117	165	155	189	149	132	125	125	164	100	140	199	142	101	144	163	185	117	191	200	143	113	165	102	154	
164	185	191	131	109	124	143	122	171	184	160	116	160	100	109	116	196	113	131	186	166	139	183	175	144	161	105	170	
142	199	180	168	168	115	156	178	172	112	117	160	101	191	100	147	177	177	199	158	172	188	164	175	180	168	154	195	
160	196	121	130	119	169	177	149	158	120	185	153	158	184	153	100	152	159	197	157	181	159	102	123	168	200	124	186	
124	145	140	160	196	187	112	170	128	124	196	128	199	104	123	148	100	149	114	112	117	135	105	132	138	180	198	156	
187	113	148	164	177	192	158	167	182	106	114	116	156	187	123	141	151	100	166	132	168	163	159	123	129	173	161	116	
178	126	146	128	158	183	190	116	126	192	172	152	137	169	101	103	186	134	100	184	199	137	130	160	148	113	140	150	
133	185	166	152	144	114	137	123	153	154	147	169	115	114	142	143	188	168	116	100	111	195	128	157	191	164	141	171	
106	151	187	184	192	182	195	190	195	170	149	197	183	134	128	119	183	132	101	189	100	129	151	163	147	166	104	177	
166	166	160	190	183	149	110	159	142	113	125	144	109	161	112	141	165	137	163	105	171	100	101	185	169	129	103	197	
190	122	146	177	107	160	134	134	144	117	200	115	100	117	136	198	195	141	170	172	149	199	100	106	150	116	118	145	
128	132	121	164	118	122	113	190	140	127	154	100	157	125	125	177	168	177	140	143	137	115	194	100	128	167	115	155	
186	186	104	149	184	146	130	178	180	172	109	148	187	156	120	132	162	171	152	109	153	131	150	172	100	155	124	184	
116	165	104	180	153	111	129	126	194	159	183	142	135	139	132	100	120	127	187	136	134	171	184	133	145	100	129	192	
200	132	108	124	144	128	114	109	181	131	168	146	198	195	146	176	102	139	160	159	196	197	182	185	176	171	100	146	
153	198	119	131	115	190	174	103	164	124	103	157	146	130	105	114	144	184	150	129	123	103	155	145	116	108	154	100	
DEPOTS_TO_LOCAL_TURN_MATRIX
178	126	146	128	158	183	190	116	126	192	172	152	137	169	101	103	186	134	100	184	199	137	130	160	148	113	140	150	
190	122	146	177	107	160	134	134	144	117	200	115	100	117	136	198	195	141	170	172	149	199	100	106	150	116	118	145	
128	132	121	164	118	122	113	190	140	127	154	100	157	125	125	177	168	177	140	143	137	115	194	100	128	167	115	155	
LOCAL_TO_DEPOT_TURN_MATRIX
122	174	154	172	142	117	110	184	174	108	128	148	163	131	199	197	114	166	100	116	101	163	170	140	152	187	160	150	
110	178	154	123	193	140	166	166	156	183	100	185	200	183	164	102	105	159	130	128	151	101	100	194	150	184	182	155	
172	168	179	136	182	178	187	110	160	173	146	200	143	175	175	123	132	123	160	157	163	185	106	100	172	133	185	145	

