INDEX_PROBLEM
1
PATIENTS
800
STRETCHERS
16
NUM_ROOM
28
NUM_DEPOT
3
NUM_PRIORITY
4
PRIORITY_LIST
0	1	2	3	4
PRIORITY_WEIGHT
0	1	10	18	30
PRIORITY_JOB
0	1	2	3	2	3	3	3	2	3	2	3	4	4	2	3	3	2	3	3	3	2	3	4	4	2	3	1	3	3	4	2	3	2	3	2	3	3	3	4	2	3	4	1	4	3	3	3	2	3	2	2	3	4	3	3	2	1	3	2	1	2	1	2	1	3	2	4	3	4	3	3	3	1	3	2	1	1	2	1	1	3	4	1	2	4	2	3	4	1	2	3	2	1	2	1	1	3	1	2	3	3	2	3	3	1	3	2	2	2	1	2	1	3	2	3	3	4	2	3	4	4	1	1	2	1	1	1	2	2	3	2	3	3	3	4	2	3	1	1	4	1	1	2	1	1	2	3	3	3	3	4	2	2	1	3	2	2	1	1	2	1	2	3	3	3	3	4	2	2	3	1	1	2	1	2	1	4	2	3	3	4	3	2	3	2	3	1	1	2	1	1	1	2	3	4	1	3	4	2	3	2	1	4	2	1	2	1	2	3	2	3	1	3	2	3	4	2	1	3	1	2	1	2	1	2	2	3	4	3	3	2	3	2	3	1	1	1	1	2	1	1	2	3	4	3	3	2	3	2	3	1	1	1	2	1	2	4	1	2	4	2	3	3	3	2	3	1	1	1	2	2	3	4	1	2	2	4	3	3	4	3	2	1	1	2	1	1	1	3	2	3	2	3	3	3	2	4	2	1	2	1	2	1	1	3	2	3	4	3	4	2	3	1	2	1	2	1	2	1	1	2	3	4	3	3	4	2	3	1	2	1	2	1	2	2	1	3	2	3	3	3	4	2	3	2	3	1	1	1	2	1	2	1	2	3	3	3	2	3	4	4	2	3	1	1	1	2	1	1	1	2	2	3	4	3	3	4	2	1	2	1	1	2	3	4	1	2	3	3	3	4	1	2	2	3	2	1	2	1	1	3	2	2	3	4	3	2	3	2	1	1	1	2	1	1	3	2	3	4	3	3	2	3	1	3	1	2	1	2	1	1	2	3	4	1	3	3	4	2	2	2	3	1	1	2	2	1	1	2	3	1	3	3	3	4	2	2	3	1	1	1	2	1	1	2	3	4	3	3	3	2	3	2	3	1	1	1	2	1	2	1	3	4	4	3	3	3	3	2	3	1	1	1	1	2	1	1	2	3	4	2	3	3	3	2	2	3	1	2	1	1	1	1	2	3	4	2	3	3	3	2	3	1	2	2	1	2	1	4	2	3	1	2	3	4	3	3	1	4	1	1	2	1	1	2	3	3	1	3	3	4	2	2	1	2	2	2	1	2	1	1	3	1	2	3	4	3	3	3	4	1	1	2	2	1	2	2	3	2	2	3	4	3	3	3	1	1	1	1	1	1	2	3	4	2	2	3	3	4	3	3	1	1	4	1	1	2	2	3	1	2	2	4	2	3	3	3	3	1	1	1	2	1	1	1	2	3	3	4	2	3	3	2	1	3	2	2	1	1	3	2	3	2	3	2	3	4	3	1	4	2	1	2	1	2	1	3	1	2	3	3	3	4	2	1	2	3	1	2	1	2	2	1	1	2	3	3	3	3	4	1	2	3	1	1	2	1	2	4	2	3	2	3	4	3	2	1	1	2	3	1	1	2	1	4	2	3	3	3	3	3	3	1	1	1	2	2	1	1	2	3	2	3	4	2	3	4	3	3	1	1	2	1	2	1	1	3	2	1	2	3	4	3	3	3	2	1	2	1	2	1	2	1	3	4	1	1	2	1	2	1	2	3	1	1	2	1	2	1	1	2	1	1	1	1	2	3	4	1	2	1	1	1	2	1	2	3	1	2	1	1	2	1	2	3	1	2	1	1	2
TIME_ASKED
0	28849	28898	28947	28996	29045	29094	29149	29198	29247	29296	29345	29394	29429	29458	29487	29516	29545	29574	29603	29632	29661	29690	29742	29784	29826	29868	29910	29952	29994	30029	30058	30087	30116	30145	30174	30203	30232	30261	30290	30329	30358	30387	30416	30445	30474	30503	30532	30561	30590	30621	30642	30663	30684	30705	30726	30747	30768	30789	30810	30831	30852	30873	30894	30949	30998	31047	31096	31145	31194	31227	31254	31281	31308	31335	31362	31389	31416	31443	31470	31497	31524	31548	31572	31596	31620	31644	31668	31692	31716	31740	31764	31788	31837	31874	31911	31948	31985	32022	32059	32096	32159	32218	32277	32336	32395	32419	32438	32457	32476	32495	32514	32533	32552	32571	32590	32609	32628	32647	32666	32685	32759	32818	32877	32936	32995	33027	33054	33081	33108	33135	33162	33189	33216	33243	33270	33297	33333	33366	33399	33432	33465	33498	33531	33564	33597	33616	33632	33648	33664	33680	33696	33712	33728	33744	33760	33776	33792	33808	33824	33840	33856	33872	33888	33933	33966	33999	34032	34065	34098	34131	34164	34197	34242	34284	34326	34368	34410	34452	34494	34533	34566	34599	34632	34665	34698	34731	34764	34797	34827	34854	34881	34908	34935	34962	34989	35016	35043	35070	35097	35137	35174	35211	35248	35285	35322	35359	35396	35433	35466	35499	35532	35565	35598	35631	35664	35697	35723	35746	35769	35792	35815	35838	35861	35884	35907	35930	35953	35976	35999	36023	36046	36069	36092	36115	36138	36161	36184	36207	36230	36253	36276	36299	36327	36354	36381	36408	36435	36462	36489	36516	36543	36570	36597	36619	36638	36657	36676	36695	36714	36733	36752	36771	36790	36809	36828	36847	36866	36885	36949	36998	37047	37096	37145	37194	37259	37318	37377	37436	37495	37549	37598	37647	37696	37745	37794	37827	37854	37881	37908	37935	37962	37989	38016	38043	38070	38097	38123	38146	38169	38192	38215	38238	38261	38284	38307	38330	38353	38376	38399	38419	38438	38457	38476	38495	38514	38533	38552	38571	38590	38609	38628	38647	38666	38685	38742	38784	38826	38868	38910	38952	38994	39029	39058	39087	39116	39145	39174	39203	39232	39261	39290	39349	39398	39447	39496	39545	39594	39633	39666	39699	39732	39765	39798	39831	39864	39897	39937	39974	40011	40048	40085	40122	40159	40196	40242	40284	40326	40368	40410	40452	40494	40542	40584	40626	40668	40710	40752	40794	40849	40898	40947	40996	41045	41094	41133	41166	41199	41232	41265	41298	41331	41364	41397	41423	41446	41469	41492	41515	41538	41561	41584	41607	41630	41653	41676	41699	41749	41798	41847	41896	41945	41994	42099	42198	42297	42342	42384	42426	42468	42510	42552	42594	42699	42798	42897	42923	42946	42969	42992	43015	43038	43061	43084	43107	43130	43153	43176	43199	43237	43274	43311	43348	43385	43422	43459	43496	43549	43598	43647	43696	43745	43794	43899	43998	44097	44159	44218	44277	44336	44395	44459	44518	44577	44636	44695	44799	44898	44997	45033	45066	45099	45132	45165	45198	45231	45264	45297	45337	45374	45411	45448	45485	45522	45559	45596	45637	45674	45711	45748	45785	45822	45859	45896	45959	46018	46077	46136	46195	46249	46298	46347	46396	46445	46494	46537	46574	46611	46648	46685	46722	46759	46796	46821	46842	46863	46884	46905	46926	46947	46968	46989	47010	47031	47052	47073	47094	47199	47298	47397	47437	47474	47511	47548	47585	47622	47659	47696	47737	47774	47811	47848	47885	47922	47959	47996	48049	48098	48147	48196	48245	48294	48324	48348	48372	48396	48420	48444	48468	48492	48516	48540	48564	48588	48627	48654	48681	48708	48735	48762	48789	48816	48843	48870	48897	48937	48974	49011	49048	49085	49122	49159	49196	49233	49266	49299	49332	49365	49398	49431	49464	49497	49537	49574	49611	49648	49685	49722	49759	49796	49827	49854	49881	49908	49935	49962	49989	50016	50043	50070	50097	50149	50198	50247	50296	50345	50394	50424	50448	50472	50496	50520	50544	50568	50592	50616	50640	50664	50688	50737	50774	50811	50848	50885	50922	50959	50996	51027	51054	51081	51108	51135	51162	51189	51216	51243	51270	51297	51324	51348	51372	51396	51420	51444	51468	51492	51516	51540	51564	51588	51637	51674	51711	51748	51785	51822	51859	51896	51933	51966	51999	52032	52065	52098	52131	52164	52197	52259	52318	52377	52436	52495	52517	52534	52551	52568	52585	52602	52619	52636	52653	52670	52687	52704	52721	52738	52755	52772	52789	52859	52918	52977	53036	53095	53137	53174	53211	53248	53285	53322	53359	53396	53459	53518	53577	53636	53695	53733	53766	53799	53832	53865	53898	53931	53964	53997	54027	54054	54081	54108	54135	54162	54189	54216	54243	54270	54297	54374	54448	54522	54596	54627	54654	54681	54708	54735	54762	54789	54816	54843	54870	54897	55049	55198	55237	55274	55311	55348	55385	55422	55459	55496	55574	55648	55722	55796	55827	55854	55881	55908	55935	55962	55989	56016	56043	56070	56097	56399	56499	56598	56697	56733	56766	56799	56832	56865	56898	56931	56964	56997	57049	57098	57147	57196	57245	57294	57359	57418	57477	57536	57595
ORIGIN
26	16	6	25	27	7	27	23	14	14	23	26	14	14	14	14	14	14	14	3	14	4	26	16	14	14	16	23	14	27	7	9	23	9	14	14	11	2	23	13	23	14	14	20	20	2	14	14	14	6	27	18	7	27	20	8	14	14	17	2	2	23	2	26	1	14	23	27	14	24	15	1	26	25	25	27	14	26	14	3	14	1	23	11	23	23	14	2	27	27	27	14	15	14	27	7	27	1	18	7	14	20	8	1	23	1	17	23	27	20	2	14	14	14	14	4	24	15	4	26	16	14	2	3	10	2	14	14	3	14	10	2	2	12	2	23	16	16	27	15	27	27	16	14	23	2	7	27	1	8	1	23	10	3	27	27	3	14	14	14	27	27	4	24	15	4	26	16	6	23	26	26	2	14	14	3	14	14	2	23	12	2	23	14	3	23	1	14	27	11	14	1	14	14	14	20	8	14	23	9	26	23	20	2	24	14	14	27	14	14	14	14	4	14	16	5	27	14	14	14	14	14	3	14	17	2	2	12	2	23	14	3	14	14	14	27	11	14	1	25	14	7	14	8	27	23	9	1	14	16	7	14	14	4	27	14	3	14	14	4	26	16	5	26	17	1	27	14	2	14	14	2	2	26	14	2	23	13	3	23	14	27	3	14	1	25	14	25	27	26	1	27	23	8	1	23	10	2	23	14	2	27	14	14	25	15	14	23	16	5	26	16	7	27	9	14	3	14	14	3	9	9	2	23	13	2	23	14	3	14	14	14	1	7	14	3	26	23	14	20	8	1	23	10	2	23	12	2	26	14	14	27	14	14	27	15	5	26	16	7	14	26	14	7	14	14	3	16	20	2	23	13	2	23	14	3	24	11	4	1	7	14	1	26	14	1	26	8	1	23	10	1	14	17	2	23	14	14	27	14	27	11	11	27	14	16	11	1	2	11	14	14	3	14	20	2	2	14	4	2	23	14	3	24	14	4	7	14	1	26	14	1	1	14	14	1	23	10	1	23	14	2	14	14	14	14	27	14	14	9	1	26	16	6	27	19	7	27	22	12	26	14	12	23	24	2	2	23	14	3	23	14	14	25	16	14	26	1	25	14	1	14	27	23	9	26	23	11	26	23	13	4	14	14	27	14	27	14	26	16	5	27	18	7	20	4	8	14	2	14	17	2	22	2	2	14	3	23	14	4	24	15	14	1	25	14	4	26	2	14	23	9	1	23	11	2	23	12	27	27	14	14	27	15	14	27	16	5	26	17	7	27	20	8	14	14	14	2	27	20	11	23	14	3	23	14	4	24	15	4	26	25	14	3	26	14	2	14	8	1	23	10	2	23	25	2	27	14	14	27	15	14	7	7	5	26	16	7	27	20	7	27	14	3	3	9	20	2	14	13	2	23	14	3	24	14	4	2	3	3	3	26	14	2	14	14	1	23	10	2	23	12	14	14	14	14	27	14	14	27	14	5	26	14	7	27	19	8	27	14	14	3	16	20	2	14	23	2	23	14	3	24	14	4	14	1	14	1	14	2	26	14	24	7	23	10	1	23	12	2	23	27	27	27	14	27	11	15	25	26	16	6	27	19	7	27	23	3	20	20	20	2	22	14	2	23	14	3	23	14	4	16	2	1	26	16	14	1	26	14	4	23	9	1	23	11	2	23	14	27	14	14	14	27	11	14	1	25	6	3	18	7	27	21	8	14	17	10	2	22	23	2	27	14	3	1	14	4	25	16	25	1	25	14	5	26	14	16	14	9	1	27	3	2	23	13	14	14	14	27	27	20	14	1	4	5	27	18	7	27	20	8	23	14	2	1	27	23	2	7	14
DESTINATION
3	14	17	14	2	23	2	26	10	3	27	14	4	25	16	25	25	25	9	14	26	14	3	14	9	1	16	27	2	23	13	14	27	14	5	5	15	14	1	7	27	5	26	7	7	27	20	8	1	17	2	27	20	2	14	14	4	16	6	14	27	7	27	23	23	2	3	23	10	2	14	14	3	14	14	2	3	14	4	26	16	14	27	15	27	27	16	14	23	23	23	9	11	2	23	13	23	23	27	20	3	14	14	14	27	14	6	27	18	7	27	20	8	2	26	14	2	14	14	3	14	2	14	23	14	24	15	1	26	1	14	14	27	11	14	1	14	14	23	11	23	23	14	2	27	14	20	2	24	14	14	27	14	26	18	18	14	20	8	1	23	23	14	2	14	14	3	14	17	27	14	14	24	15	4	26	16	16	14	27	11	14	1	25	14	7	14	10	2	12	2	23	16	16	2	14	14	4	27	14	3	1	7	27	1	8	1	23	10	2	4	26	14	2	14	14	2	16	4	4	15	4	26	16	6	14	24	11	14	1	25	14	25	26	2	23	12	2	23	14	3	23	2	14	2	27	14	14	25	14	23	20	8	14	23	9	26	8	26	14	3	14	14	3	9	14	2	4	14	16	5	27	27	14	4	14	1	7	14	3	26	23	14	2	23	14	3	14	2	14	23	2	26	14	14	27	14	14	27	8	27	23	9	1	14	11	8	7	14	14	3	16	20	2	17	4	26	16	5	26	17	17	27	1	7	14	1	26	14	1	26	2	23	13	3	23	14	27	3	14	14	14	27	14	14	27	11	27	23	8	1	23	10	2	23	14	14	3	14	20	2	14	4	23	16	5	26	16	7	27	27	7	14	1	26	14	1	15	14	23	13	2	23	14	3	14	14	14	14	27	14	14	3	9	27	1	8	1	23	10	23	12	12	23	26	14	12	24	14	12	15	5	26	16	7	14	14	26	14	14	1	25	14	1	26	14	13	2	23	14	3	24	24	4	4	14	27	14	14	27	2	14	8	26	8	1	23	10	1	17	23	3	14	17	2	22	23	2	2	11	14	16	11	27	1	27	27	1	25	14	4	26	2	14	14	2	14	23	14	3	24	4	2	27	14	14	27	15	14	27	7	14	1	10	23	1	23	2	3	14	14	2	27	20	11	14	14	16	27	16	6	27	19	27	22	25	14	3	26	14	2	14	25	23	14	3	23	14	14	25	27	14	14	27	15	14	7	11	23	23	9	26	23	11	26	23	14	14	3	9	20	2	14	14	16	16	5	27	18	7	20	7	4	14	3	26	14	2	14	14	3	14	3	23	14	4	24	15	14	14	27	14	14	27	14	24	23	9	1	23	11	2	23	23	14	3	16	20	2	14	23	3	5	26	26	17	7	27	20	7	14	1	26	14	2	26	14	24	23	23	23	14	4	24	15	25	14	27	14	14	27	11	15	8	1	1	23	10	2	23	25	14	3	20	20	2	22	14	2	5	5	26	16	7	27	20	7	14	1	26	14	1	26	14	4	23	2	23	3	24	14	4	2	13	27	14	14	27	11	14	1	23	23	23	2	23	12	14	14	3	14	17	2	22	23	2	27	26	14	14	7	27	19	8	27	1	25	14	5	26	14	16	14	23	14	16	3	24	14	4	14	27	14	14	27	20	14	1	4	23	10	1	1	23	12	2	23	14	17	26	27	23	2	7	14	16	6	14	27	19	7	27	23	25	14	23	26	14	14	14	14	23	14	3	23	14	4	16	2	14	14	23	14	14	27	7	9	9	1	23	23	11	2	23	14	14	2	27	20	2	14	14	27	25	27	14	18	7	27	21	8
DUE_DATE
0	31147	30476	30045	30574	30143	30192	30247	30776	30345	30874	30443	29952	29987	31036	30585	30614	31123	30672	30701	30730	31239	30788	30300	30342	31404	30966	32208	31050	31092	30587	31636	31185	31694	31243	31752	31301	31330	31359	30848	31907	31456	30945	32714	31003	31572	31601	31630	32139	31688	32199	32220	31761	31242	31803	31824	32325	33066	31887	32388	33129	32430	33171	32472	33247	32096	32625	31654	32243	31752	32325	32352	32379	33606	32433	32940	33687	33714	33021	33768	33795	32622	32106	33870	33174	32178	33222	32766	32250	34014	33318	32862	33366	34135	33452	34209	34246	33083	34320	33637	33194	33257	33796	33375	33434	34693	33517	34016	34035	34054	34793	34092	34831	33650	34149	33688	33707	33186	34225	33764	33243	33317	35116	35175	34514	35293	35325	35352	34659	34686	34233	34740	34287	34314	34341	33828	34875	34431	35664	35697	33990	35763	35796	35109	35862	35895	35194	34730	34746	34762	34778	34254	35290	35306	36042	34858	35354	35370	36106	36122	35418	36154	35450	34986	35031	35064	35097	34590	35643	35676	35229	36462	36495	35820	36582	35904	36666	34968	36030	35592	35631	35124	35697	36210	35763	36276	35829	37062	37095	36405	37152	37179	37206	36513	36060	35547	37314	36141	35628	36675	36235	36752	37509	35806	36863	37620	36937	37694	37011	36564	37077	36630	37863	36696	37209	36762	36255	37301	38044	36867	38090	37393	38136	37439	38182	37485	37508	37051	36534	37097	37121	37624	37167	37670	37213	38436	38459	38482	38505	37808	38551	38574	37877	37425	36912	37479	37506	38013	37560	38067	37614	38841	38868	38895	38197	38936	38235	37234	38993	38292	37291	38330	37869	37888	37907	38406	37945	39164	39183	39247	38576	38625	38194	37703	39492	38837	38896	37935	38534	38593	38107	38696	39225	39994	40043	39372	40125	40152	40179	39006	39513	39060	39567	39114	39141	39168	39675	38681	39724	40467	39770	40513	39816	40559	40582	39405	39908	39451	38934	39497	38977	40016	39555	40774	40073	40812	40111	40850	40149	40888	40907	40206	39745	39224	39783	39840	39342	40404	39966	41208	40530	41292	40607	41356	40665	40694	41443	40272	40781	40330	40359	40388	39907	40976	40545	41074	40643	41892	41931	41964	41277	42030	41343	42096	41409	40962	40995	41035	41552	41109	40606	40643	41700	41257	42494	42540	42582	41904	42666	42708	42750	42072	42120	41682	41184	41766	41808	41310	42372	43147	42476	43245	43294	42623	42192	41691	43464	42777	42330	42363	42396	41889	43662	42975	43001	42544	43047	43790	43093	43836	43859	42682	43185	43208	42751	42234	42797	43327	42896	43425	44194	44243	44292	43677	44496	44595	43440	43962	43524	43026	43608	43650	44172	43797	45096	43995	45221	44524	45267	44570	45313	45336	44639	44182	43665	45428	44251	44274	43757	44815	44852	44889	44446	45683	45720	45037	45074	45847	45896	45225	44794	46043	44892	44997	45096	44655	45737	45796	45375	46634	46693	46757	46096	46875	46934	46273	45897	45456	46095	46131	46164	46677	46230	46743	46296	47529	47562	47595	46915	47672	46989	47746	46583	46080	46117	46694	46735	46772	46809	47326	46883	48120	48157	48194	48257	47596	48375	48434	47773	47347	46856	47925	47494	47543	47592	48115	48152	47709	48946	48263	49020	49057	49094	49119	48420	47961	47442	48483	48024	48045	48066	48567	48108	49329	48630	48651	49392	48777	49596	47955	49015	48572	49809	49126	48683	48180	48757	48794	50035	48332	50109	50146	49463	50220	50257	49574	49147	49196	50445	49294	49343	48852	49902	49926	50670	49974	49998	50022	50766	50070	50814	50838	49662	50886	50205	49752	49239	49806	49833	49860	49347	51114	51141	50448	50475	51235	50552	50589	50146	50663	50700	50257	49754	50331	50364	50397	51630	51663	51696	51729	51762	51795	51115	50672	50169	51226	51263	50820	50857	50354	50925	50952	52179	52206	50493	52260	52287	51594	51621	51168	52395	51727	51776	50805	51874	51443	51492	51522	51546	52770	52794	52818	52122	52866	52890	52914	52218	51762	51786	51295	52352	51909	51946	52463	53220	52057	52574	52605	53352	53379	52206	52713	52260	52767	52314	52821	52368	51855	52422	53646	51930	52974	53718	53022	53766	53070	53814	52638	53862	53166	52735	52772	52809	52306	53363	54120	53437	52994	54231	53544	54297	53610	53643	54396	54429	53742	53295	53357	53416	53475	52994	54793	54095	53632	54849	54866	54163	54900	54197	53194	54231	53768	54265	53802	53279	53836	54333	55070	55087	54437	54016	55275	55334	54673	55435	53732	54789	54346	54383	54420	54457	54494	54557	55816	55875	55934	55273	55311	56064	56097	55410	54963	55476	55029	54522	55575	55125	54612	55179	55206	56433	56460	55767	56514	55821	56568	56595	55472	56026	56820	56174	55725	55212	55779	55806	55833	56340	57087	56394	57141	56448	57195	56627	57496	56335	55832	57609	57646	56963	57720	57037	57794	57152	56746	58020	58094	57405	58152	57459	58206	58233	57540	58287	58314	58341	58368	57675	57497	57057	58896	58275	59031	59064	59097	58410	59163	58476	58029	59262	58575	59347	59396	58725	59494	58823	58392	59657	58996	59775	59834	59173
TRANSPORT_MODE
0	2	1	2	0	0	0	0	2	1	1	0	0	0	0	0	2	1	1	0	0	0	0	0	2	2	1	2	0	0	0	0	0	1	1	1	0	0	0	0	0	2	1	1	0	0	0	0	2	1	1	0	0	0	0	0	0	3	1	1	0	0	0	0	0	2	2	1	0	0	0	0	0	3	1	1	0	0	0	0	0	1	2	2	1	0	0	0	0	3	1	1	0	0	0	0	0	1	2	1	0	0	0	0	0	3	1	1	0	0	0	0	0	1	2	1	0	0	0	0	0	1	3	3	0	0	0	0	0	1	2	1	0	0	0	0	0	1	3	3	1	0	0	0	0	1	2	1	0	0	0	0	0	1	3	1	0	0	0	0	0	1	2	1	0	0	0	0	0	1	1	3	0	0	0	0	0	1	1	2	0	0	0	0	0	2	1	3	0	0	0	0	0	1	1	2	2	0	0	0	0	1	3	1	0	0	0	0	0	0	1	1	2	0	0	0	0	1	3	1	0	0	0	0	0	0	1	1	2	0	0	0	0	1	1	3	0	0	0	0	0	3	1	2	0	0	0	0	0	1	1	3	3	0	0	0	0	1	1	2	0	0	0	0	0	1	1	3	0	0	0	0	0	1	1	2	0	0	0	0	0	1	1	3	0	0	0	0	0	1	1	2	0	0	0	0	0	2	1	3	0	0	0	0	0	1	1	1	2	0	0	0	0	2	1	3	0	0	0	0	0	1	1	2	0	0	0	0	0	1	1	3	0	0	0	0	0	1	1	1	0	0	0	0	0	2	1	3	0	0	0	0	0	3	1	2	0	0	0	0	0	1	1	1	3	0	0	0	0	3	1	2	0	0	0	0	0	1	1	3	0	0	0	0	1	1	2	0	0	0	0	0	0	1	1	1	0	0	0	0	3	1	2	0	0	0	0	0	1	1	3	0	0	0	0	0	1	1	1	2	0	0	0	0	2	1	3	0	0	0	0	0	1	1	2	2	0	0	0	0	0	1	1	3	0	0	0	0	0	1	1	1	0	0	0	0	0	2	1	3	0	0	0	0	0	1	1	2	0	0	0	0	0	1	1	3	3	0	0	0	0	1	1	2	0	0	0	0	0	1	1	3	3	0	0	0	0	1	1	2	0	0	0	0	0	0	1	1	3	0	0	0	0	1	1	2	0	0	0	0	0	1	1	3	0	0	0	0	0	1	1	2	2	0	0	0	0	1	3	1	0	0	0	0	0	1	1	2	2	0	0	0	0	1	3	1	0	0	0	0	0	0	1	1	2	0	0	0	0	1	1	3	0	0	0	0	0	1	1	2	0	0	0	0	0	1	1	3	3	0	0	0	0	1	2	1	0	0	0	0	0	1	3	3	1	0	0	0	0	0	1	2	1	0	0	0	0	0	1	3	1	0	0	0	0	0	1	2	1	0	0	0	0	1	3	1	0	0	0	0	0	1	2	2	1	0	0	0	0	3	1	1	0	0	0	0	0	1	2	2	1	0	0	0	0	3	1	1	0	0	0	0	0	0	1	2	1	0	0	0	0	3	1	1	0	0	0	0	0	2	1	1	0	0	0	0	0	3	3	1	1	0	0	0	0	2	1	1	0	0	0	0	0	3	3	1	2	0	0	0	0	1	1	1	0	0	0	0	0	0	3	1	1	0	0	0	0	2	1	3	0	0	0	0	0	1	1	3	0	0	0	0	0	3	1	1	0	0	0	0	0	3	1	1	0	0	0	0	0	3	3	1	3	0	0	0	0	1	1	1	0	0	0	0	0	3	1	1	0	0	0	0	0	3	1	1	0	0	0	0	0
PATIENT_WEIGHT
66	124	114	45	131	57	96	87	129	48	32	87	133	56	145	125	90	59	130	118	123	37	37	118	87	108	140	51	84	35	145	100	112	84	142	31	105	91	81	104	63	45	144	71	127	54	50	49	135	134	94	76	107	145	55	67	144	111	141	81	149	38	71	88	32	117	43	134	141	67	145	81	148	66	105	43	98	106	97	53	87	120	91	144	74	135	44	39	43	90	110	103	128	32	129	44	41	71	140	61	96	149	111	114	62	147	125	144	126	112	107	70	64	69	111	113	82	127	85	114	32	72	93	35	126	32	104	32	92	120	119	87	100	145	32	44	30	30	118	40	89	91	87	95	144	58	53	117	117	136	123	114	67	111	37	119	96	32	99	139	81	119	43	38	76	80	79	34	62	142	73	58	58	61	148	112	31	36	114	127	130	110	143	129	92	136	64	32	60	107	118	116	142	35	110	75	105	110	140	48	52	122	127	96	104	89	54	89	31	57	45	84	52	127	134	145	124	67	92	44	31	86	108	107	32	140	53	106	39	53	146	122	121	77	37	150	44	47	143	36	85	99	150	123	62	114	95	35	76	149	40	91	96	111	66	45	103	117	49	110	104	126	111	55	93	33	64	55	134	61	98	70	131	112	44	60	147	36	75	143	68	31	84	54	115	114	70	92	58	146	90	49	116	67	48	62	67	125	38	43	54	59	132	144	91	126	106	68	148	67	47	57	97	42	85	35	65	139	119	59	32	39	61	134	76	46	146	150	33	57	135	30	72	120	43	79	59	45	51	145	34	134	142	147	105	44	105	144	74	86	105	76	111	93	136	116	130	70	106	112	58	51	102	40	71	83	78	37	98	62	43	54	30	30	119	85	44	137	104	43	149	34	105	46	47	150	39	31	148	137	120	104	117	53	67	84	34	116	108	121	94	77	75	39	33	110	30	139	80	112	121	30	60	120	41	125	70	133	57	61	38	95	36	67	86	150	48	108	124	112	92	134	85	75	94	110	33	32	108	93	127	72	112	119	122	47	136	58	141	32	32	43	97	129	115	133	135	86	37	62	93	71	130	71	150	80	78	135	136	125	34	92	44	56	85	120	139	77	48	53	93	140	37	36	129	72	75	112	63	53	51	114	117	108	126	127	72	142	90	40	127	145	50	86	84	143	144	67	38	46	74	126	68	120	35	74	43	31	39	142	135	33	64	90	55	129	34	95	122	63	75	145	55	73	148	47	107	45	79	59	48	44	82	92	43	84	134	133	134	62	93	118	82	59	126	34	139	78	148	49	134	138	67	145	65	56	94	96	128	47	111	76	32	120	85	74	44	67	47	79	77	148	76	45	150	68	59	56	51	55	50	117	82	59	132	118	85	33	91	56	117	130	62	31	144	53	62	119	125	31	83	95	78	75	92	130	44	109	86	87	89	60	129	138	33	54	79	97	68	108	54	136	99	90	85	129	40	96	82	99	71	78	93	32	130	87	93	69	66	86	112	112	103	50	145	73	86	53	50	143	94	138	104	78	43	114	98	64	116	126	31	138	148	74	62	96	111	102	79	100	115	121	45	146	132	145	39	112	141	72	88	33	97	65	51	142	143	65	45	98	118	94	89	131	106	117	76	145	149	146	122	113	97	40	141	136	90	74	88	42	87	74	41	111	95	33	56	58	147	93	32	145	128	147	70	67	54	40	92	77	139	142	103	145	61	58	51	150	135	100	48	105	35	133	73	114	135	61	117	94	61	64	132	50	100	149	59	94	46	116	114	111	138	122	97	88	148	87	56	125	103	64	58	89	62	112	110	138	102	84	135	40	143	132	78	145	78	58	37	110	84
DISTANCE_MATRIX
0	360	318	300	288	276	264	264	150	150	150	60	90	90	162	168	204	228	234	312	360	408	348	318	168	192	168	318
360	60	264	318	324	342	342	342	348	348	354	360	372	378	378	420	420	480	462	498	462	462	384	420	372	420	378	378
318	264	60	270	276	288	288	288	294	294	294	318	318	324	324	414	414	468	462	486	462	462	330	366	366	408	372	324
300	318	270	60	276	288	288	288	288	288	288	300	300	312	318	408	408	468	462	486	438	438	318	360	360	402	360	312
288	324	276	276	60	276	276	276	276	276	276	288	288	300	300	402	396	462	456	480	432	432	300	360	360	402	348	300
276	342	288	288	276	60	180	180	252	258	264	264	264	288	288	390	390	456	450	480	432	432	288	348	348	348	288	288
264	342	288	288	276	180	60	180	246	258	264	264	264	288	288	390	390	456	450	480	432	432	288	348	348	348	288	288
264	342	288	288	276	180	180	60	240	258	264	264	264	288	288	390	390	456	450	480	432	432	288	348	348	348	288	288
150	348	294	288	276	252	246	240	60	120	120	150	126	270	270	378	384	420	438	480	420	408	276	300	300	300	276	270
150	348	294	288	276	258	258	258	120	60	120	150	150	270	270	378	384	420	438	480	420	408	276	300	300	300	276	270
150	354	294	288	276	264	264	264	120	120	60	150	150	270	270	378	384	420	438	480	420	408	276	300	300	300	276	270
60	360	318	300	288	264	264	264	150	150	150	60	90	162	168	228	234	312	360	408	348	318	168	192	192	198	168	162
90	372	318	300	288	264	264	264	150	150	150	90	60	162	168	228	234	312	360	408	348	318	168	192	192	198	168	162
90	378	324	312	300	288	288	288	270	270	270	162	162	60	120	180	180	306	210	360	300	300	120	180	120	180	120	234
162	378	324	318	300	288	288	288	270	270	270	168	168	120	60	180	180	306	210	360	300	300	120	180	120	180	120	120
168	420	414	408	402	348	348	348	300	300	300	228	228	180	180	60	132	204	132	348	258	258	186	60	180	132	222	180
204	420	414	408	396	390	390	390	384	384	384	234	234	180	180	132	60	204	132	348	258	258	186	60	180	132	222	180
228	480	468	468	462	456	456	456	420	420	420	312	312	306	306	204	204	60	198	120	240	240	306	204	306	138	306	306
234	462	462	462	456	450	450	450	438	438	438	360	360	210	210	132	132	198	60	138	132	132	210	132	210	132	210	210
312	498	486	486	480	480	480	480	480	480	480	408	408	360	360	348	348	120	138	60	348	348	360	348	360	348	360	360
360	462	462	438	432	432	432	432	420	420	420	348	348	300	300	258	258	240	132	348	60	60	300	258	300	258	300	300
408	462	462	438	432	432	432	432	408	408	408	318	318	300	300	258	258	240	132	348	60	60	300	258	300	258	300	300
348	384	330	318	300	288	288	288	276	276	276	168	168	120	120	186	186	306	210	360	300	300	60	186	120	186	120	120
318	420	366	360	360	348	348	348	300	300	300	192	192	180	180	60	60	204	132	348	258	258	186	60	180	60	180	180
168	372	300	306	300	288	288	288	270	270	270	168	168	120	120	180	180	306	210	360	300	300	120	180	60	180	120	120
192	420	408	402	402	348	348	348	300	300	300	198	198	180	180	132	132	138	132	348	258	258	186	60	180	60	180	180
168	378	372	360	348	288	288	288	276	276	276	168	168	120	120	222	222	306	210	360	300	300	120	180	120	180	60	120
318	378	324	312	300	288	288	288	270	270	270	162	162	234	120	180	180	306	210	360	300	300	120	180	120	180	120	60
DEPOTS_DISTANCE
234	462	462	462	456	450	450	450	438	438	438	360	360	210	210	132	132	198	60	138	132	132	210	132	210	132	210	210	
348	384	330	318	300	288	288	288	276	276	276	168	168	120	120	186	186	306	210	360	300	300	60	186	120	186	120	120	
318	420	366	360	360	348	348	348	300	300	300	192	192	180	180	60	60	204	132	348	258	258	186	60	180	60	180	180	
LOCATION_TURN_MATRIX
100	130	122	113	112	199	136	122	129	152	173	146	151	136	158	140	176	113	122	167	194	134	110	172	114	184	100	147	
170	100	154	188	164	169	136	136	152	170	104	183	155	115	101	104	155	187	174	115	149	134	178	168	114	135	168	102	
178	146	100	161	178	114	104	165	117	139	126	169	192	109	120	179	160	152	154	134	113	140	154	179	196	196	192	181	
187	112	139	100	158	114	195	181	104	132	195	106	183	169	132	170	140	136	172	148	116	110	123	136	151	120	176	169	
188	136	122	142	100	175	164	159	112	100	167	164	135	191	132	181	104	123	142	156	108	117	193	182	116	147	156	185	
101	131	186	186	125	100	190	147	164	150	137	102	145	176	185	131	113	108	117	186	118	151	140	178	154	189	172	110	
164	164	196	105	136	110	100	186	153	151	183	193	111	157	144	123	188	142	110	163	105	190	166	187	170	171	186	126	
178	164	135	119	141	153	114	100	106	130	108	103	151	178	122	151	130	133	184	177	110	141	166	110	122	174	191	197	
171	148	183	196	188	136	147	194	100	167	100	146	168	129	128	142	172	118	174	147	105	158	156	160	120	106	119	136	
148	130	161	168	200	150	149	170	133	100	177	106	175	116	188	180	176	194	108	146	130	187	183	173	128	141	169	176	
127	196	174	105	133	163	117	192	200	123	100	171	175	140	183	115	104	186	128	153	151	175	100	146	191	117	132	197	
154	117	131	194	136	198	107	197	154	194	129	100	136	184	140	147	172	184	148	131	103	156	185	200	152	158	154	143	
149	145	108	117	165	155	189	149	132	125	125	164	100	140	199	142	101	144	163	185	117	191	200	143	113	165	102	154	
164	185	191	131	109	124	143	122	171	184	160	116	160	100	109	116	196	113	131	186	166	139	183	175	144	161	105	170	
142	199	180	168	168	115	156	178	172	112	117	160	101	191	100	147	177	177	199	158	172	188	164	175	180	168	154	195	
160	196	121	130	119	169	177	149	158	120	185	153	158	184	153	100	152	159	197	157	181	159	102	123	168	200	124	186	
124	145	140	160	196	187	112	170	128	124	196	128	199	104	123	148	100	149	114	112	117	135	105	132	138	180	198	156	
187	113	148	164	177	192	158	167	182	106	114	116	156	187	123	141	151	100	166	132	168	163	159	123	129	173	161	116	
178	126	146	128	158	183	190	116	126	192	172	152	137	169	101	103	186	134	100	184	199	137	130	160	148	113	140	150	
133	185	166	152	144	114	137	123	153	154	147	169	115	114	142	143	188	168	116	100	111	195	128	157	191	164	141	171	
106	151	187	184	192	182	195	190	195	170	149	197	183	134	128	119	183	132	101	189	100	129	151	163	147	166	104	177	
166	166	160	190	183	149	110	159	142	113	125	144	109	161	112	141	165	137	163	105	171	100	101	185	169	129	103	197	
190	122	146	177	107	160	134	134	144	117	200	115	100	117	136	198	195	141	170	172	149	199	100	106	150	116	118	145	
128	132	121	164	118	122	113	190	140	127	154	100	157	125	125	177	168	177	140	143	137	115	194	100	128	167	115	155	
186	186	104	149	184	146	130	178	180	172	109	148	187	156	120	132	162	171	152	109	153	131	150	172	100	155	124	184	
116	165	104	180	153	111	129	126	194	159	183	142	135	139	132	100	120	127	187	136	134	171	184	133	145	100	129	192	
200	132	108	124	144	128	114	109	181	131	168	146	198	195	146	176	102	139	160	159	196	197	182	185	176	171	100	146	
153	198	119	131	115	190	174	103	164	124	103	157	146	130	105	114	144	184	150	129	123	103	155	145	116	108	154	100	
DEPOTS_TO_LOCAL_TURN_MATRIX
178	126	146	128	158	183	190	116	126	192	172	152	137	169	101	103	186	134	100	184	199	137	130	160	148	113	140	150	
190	122	146	177	107	160	134	134	144	117	200	115	100	117	136	198	195	141	170	172	149	199	100	106	150	116	118	145	
128	132	121	164	118	122	113	190	140	127	154	100	157	125	125	177	168	177	140	143	137	115	194	100	128	167	115	155	
LOCAL_TO_DEPOT_TURN_MATRIX
122	174	154	172	142	117	110	184	174	108	128	148	163	131	199	197	114	166	100	116	101	163	170	140	152	187	160	150	
110	178	154	123	193	140	166	166	156	183	100	185	200	183	164	102	105	159	130	128	151	101	100	194	150	184	182	155	
172	168	179	136	182	178	187	110	160	173	146	200	143	175	175	123	132	123	160	157	163	185	106	100	172	133	185	145	

