INDEX_PROBLEM
1
PATIENTS
800
STRETCHERS
16
NUM_ROOM
28
NUM_DEPOT
3
NUM_PRIORITY
4
PRIORITY_LIST
0	1	2	3	4
PRIORITY_WEIGHT
0	1	10	18	30
PRIORITY_JOB
0	2	4	3	3	4	4	4	3	4	2	3	4	4	4	3	4	3	4	2	4	4	3	4	3	3	4	2	4	4	3	4	4	4	2	3	4	3	4	4	4	4	4	2	4	3	4	4	3	4	3	4	4	3	4	4	3	1	1	2	1	2	1	2	1	3	4	3	4	4	4	3	4	1	1	4	2	2	1	2	1	3	4	2	4	4	4	3	4	1	4	4	2	3	1	2	2	2	3	4	4	3	4	3	4	2	1	4	1	2	3	1	2	4	3	2	4	3	4	3	4	3	1	4	1	2	1	2	1	3	4	2	3	4	3	4	4	4	1	2	2	3	1	2	1	4	4	2	4	3	4	4	3	3	1	4	2	3	1	2	3	2	4	4	4	3	4	4	3	3	1	1	1	2	1	2	1	2	2	3	4	4	4	3	4	3	4	1	1	1	2	1	2	3	2	3	4	4	4	4	4	2	1	4	3	1	2	3	3	4	2	3	4	4	3	4	3	4	1	2	1	2	3	1	1	4	4	3	4	4	3	4	3	2	3	1	2	2	1	2	1	4	3	4	2	4	4	3	4	3	4	1	2	1	2	3	1	2	4	2	4	4	3	4	4	3	4	1	2	1	2	3	1	4	2	4	3	4	3	4	4	3	4	1	2	1	2	1	2	1	2	3	3	4	3	4	4	4	3	1	1	3	1	2	1	4	2	3	3	4	4	4	3	4	2	1	2	1	2	3	1	4	2	3	4	4	4	4	3	4	2	1	2	3	1	2	1	4	4	3	4	4	3	4	4	4	2	3	2	1	2	1	1	3	4	2	3	4	3	4	2	3	4	1	1	2	3	1	2	4	4	2	4	4	3	4	2	3	4	1	3	1	2	1	1	2	4	4	4	4	4	3	4	1	3	1	2	1	2	1	2	4	2	3	4	3	4	3	4	3	4	1	1	1	2	3	1	2	3	4	4	3	4	4	4	2	4	1	1	2	1	2	3	3	2	3	4	4	4	4	4	3	2	4	1	1	2	3	1	1	4	1	3	4	4	3	4	3	2	3	1	1	2	2	1	4	3	4	2	4	4	3	4	2	3	1	4	1	2	1	2	2	4	2	3	4	4	3	4	1	4	1	4	2	3	1	2	3	2	4	1	4	4	4	3	4	3	4	1	1	1	2	1	2	2	3	3	4	3	4	3	4	1	1	2	1	2	1	2	4	3	4	2	3	4	4	4	4	1	1	2	1	2	3	1	3	3	4	4	4	4	4	4	3	2	1	4	2	1	2	3	1	1	3	4	4	4	3	4	3	2	1	4	1	2	1	2	1	3	4	2	3	4	4	3	4	4	1	2	2	1	2	1	2	4	2	3	4	4	4	3	4	1	4	2	1	2	3	1	2	4	1	3	4	4	4	3	4	1	4	2	3	1	1	2	1	4	3	4	4	3	4	3	1	1	2	3	1	2	2	1	4	4	3	4	3	4	4	4	1	1	2	3	2	1	2	1	3	4	2	4	4	4	4	4	3	1	4	1	2	3	1	2	1	3	2	4	4	4	3	4	3	1	4	3	2	2	1	2	4	2	3	4	3	4	4	4	1	1	4	3	2	1	2	3	4	2	3	4	3	4	4	4	1	1	2	4	2	1	2	1	2	2	3	4	4	3	4	4	3	1	2	4	1	2	2	1	2	4	3	2	3	4	3	4	1	1	3	1	2	1	2	1	1	4	3	2	1	2	3	1	1	1	4	2	2	3	1	2	1	3	4	1	2	1	2	1	1	4	2	2	1	2	2	4	1	4	2	1	2	1	2	3	1	3	4	1	2	2	1	2
TIME_ASKED
0	28849	28898	28947	28996	29045	29094	29149	29198	29247	29296	29345	29394	29429	29458	29487	29516	29545	29574	29603	29632	29661	29690	29742	29784	29826	29868	29910	29952	29994	30029	30058	30087	30116	30145	30174	30203	30232	30261	30290	30329	30358	30387	30416	30445	30474	30503	30532	30561	30590	30621	30642	30663	30684	30705	30726	30747	30768	30789	30810	30831	30852	30873	30894	30949	30998	31047	31096	31145	31194	31227	31254	31281	31308	31335	31362	31389	31416	31443	31470	31497	31524	31548	31572	31596	31620	31644	31668	31692	31716	31740	31764	31788	31837	31874	31911	31948	31985	32022	32059	32096	32159	32218	32277	32336	32395	32419	32438	32457	32476	32495	32514	32533	32552	32571	32590	32609	32628	32647	32666	32685	32759	32818	32877	32936	32995	33027	33054	33081	33108	33135	33162	33189	33216	33243	33270	33297	33333	33366	33399	33432	33465	33498	33531	33564	33597	33616	33632	33648	33664	33680	33696	33712	33728	33744	33760	33776	33792	33808	33824	33840	33856	33872	33888	33933	33966	33999	34032	34065	34098	34131	34164	34197	34242	34284	34326	34368	34410	34452	34494	34533	34566	34599	34632	34665	34698	34731	34764	34797	34827	34854	34881	34908	34935	34962	34989	35016	35043	35070	35097	35137	35174	35211	35248	35285	35322	35359	35396	35433	35466	35499	35532	35565	35598	35631	35664	35697	35723	35746	35769	35792	35815	35838	35861	35884	35907	35930	35953	35976	35999	36023	36046	36069	36092	36115	36138	36161	36184	36207	36230	36253	36276	36299	36327	36354	36381	36408	36435	36462	36489	36516	36543	36570	36597	36619	36638	36657	36676	36695	36714	36733	36752	36771	36790	36809	36828	36847	36866	36885	36949	36998	37047	37096	37145	37194	37259	37318	37377	37436	37495	37549	37598	37647	37696	37745	37794	37827	37854	37881	37908	37935	37962	37989	38016	38043	38070	38097	38123	38146	38169	38192	38215	38238	38261	38284	38307	38330	38353	38376	38399	38419	38438	38457	38476	38495	38514	38533	38552	38571	38590	38609	38628	38647	38666	38685	38742	38784	38826	38868	38910	38952	38994	39029	39058	39087	39116	39145	39174	39203	39232	39261	39290	39349	39398	39447	39496	39545	39594	39633	39666	39699	39732	39765	39798	39831	39864	39897	39937	39974	40011	40048	40085	40122	40159	40196	40242	40284	40326	40368	40410	40452	40494	40542	40584	40626	40668	40710	40752	40794	40849	40898	40947	40996	41045	41094	41133	41166	41199	41232	41265	41298	41331	41364	41397	41423	41446	41469	41492	41515	41538	41561	41584	41607	41630	41653	41676	41699	41749	41798	41847	41896	41945	41994	42099	42198	42297	42342	42384	42426	42468	42510	42552	42594	42699	42798	42897	42923	42946	42969	42992	43015	43038	43061	43084	43107	43130	43153	43176	43199	43237	43274	43311	43348	43385	43422	43459	43496	43549	43598	43647	43696	43745	43794	43899	43998	44097	44159	44218	44277	44336	44395	44459	44518	44577	44636	44695	44799	44898	44997	45033	45066	45099	45132	45165	45198	45231	45264	45297	45337	45374	45411	45448	45485	45522	45559	45596	45637	45674	45711	45748	45785	45822	45859	45896	45959	46018	46077	46136	46195	46249	46298	46347	46396	46445	46494	46537	46574	46611	46648	46685	46722	46759	46796	46821	46842	46863	46884	46905	46926	46947	46968	46989	47010	47031	47052	47073	47094	47199	47298	47397	47437	47474	47511	47548	47585	47622	47659	47696	47737	47774	47811	47848	47885	47922	47959	47996	48049	48098	48147	48196	48245	48294	48324	48348	48372	48396	48420	48444	48468	48492	48516	48540	48564	48588	48627	48654	48681	48708	48735	48762	48789	48816	48843	48870	48897	48937	48974	49011	49048	49085	49122	49159	49196	49233	49266	49299	49332	49365	49398	49431	49464	49497	49537	49574	49611	49648	49685	49722	49759	49796	49827	49854	49881	49908	49935	49962	49989	50016	50043	50070	50097	50149	50198	50247	50296	50345	50394	50424	50448	50472	50496	50520	50544	50568	50592	50616	50640	50664	50688	50737	50774	50811	50848	50885	50922	50959	50996	51027	51054	51081	51108	51135	51162	51189	51216	51243	51270	51297	51324	51348	51372	51396	51420	51444	51468	51492	51516	51540	51564	51588	51637	51674	51711	51748	51785	51822	51859	51896	51933	51966	51999	52032	52065	52098	52131	52164	52197	52259	52318	52377	52436	52495	52517	52534	52551	52568	52585	52602	52619	52636	52653	52670	52687	52704	52721	52738	52755	52772	52789	52859	52918	52977	53036	53095	53137	53174	53211	53248	53285	53322	53359	53396	53459	53518	53577	53636	53695	53733	53766	53799	53832	53865	53898	53931	53964	53997	54027	54054	54081	54108	54135	54162	54189	54216	54243	54270	54297	54374	54448	54522	54596	54627	54654	54681	54708	54735	54762	54789	54816	54843	54870	54897	55049	55198	55237	55274	55311	55348	55385	55422	55459	55496	55574	55648	55722	55796	55827	55854	55881	55908	55935	55962	55989	56016	56043	56070	56097	56399	56499	56598	56697	56733	56766	56799	56832	56865	56898	56931	56964	56997	57049	57098	57147	57196	57245	57294	57359	57418	57477	57536	57595
ORIGIN
26	16	6	25	27	7	27	23	27	25	23	14	14	14	14	14	14	14	14	3	1	4	26	16	14	14	16	3	3	14	27	7	23	9	14	14	11	2	23	14	14	14	2	20	20	2	14	14	14	6	27	18	7	27	20	8	26	14	17	2	2	23	2	26	2	14	23	27	14	24	15	14	25	25	25	14	23	23	14	3	14	14	23	14	14	23	14	1	16	14	1	5	15	14	1	8	5	4	18	7	7	20	8	1	7	14	17	27	20	2	14	14	14	14	14	4	24	14	4	16	25	14	3	3	5	2	14	2	14	2	10	2	14	14	2	14	16	16	2	9	9	27	16	14	16	2	14	27	14	14	1	13	23	23	14	27	20	14	14	14	20	20	8	24	15	4	8	16	8	2	26	14	2	3	14	14	14	27	3	23	12	27	7	14	14	27	14	14	14	1	14	1	14	14	14	20	27	27	23	9	27	14	8	2	5	5	14	7	16	14	16	14	4	7	16	5	5	14	14	7	14	14	14	14	14	2	2	25	2	23	14	3	23	14	14	11	23	20	25	25	16	23	25	8	27	14	2	23	16	16	23	14	23	27	14	23	16	23	2	7	26	27	8	26	16	2	4	14	14	20	14	14	14	26	14	20	23	13	3	23	14	20	14	14	14	1	25	14	27	26	1	2	23	14	23	23	10	3	14	14	2	20	14	1	14	14	14	27	16	5	23	16	25	8	14	20	3	18	14	3	16	27	14	14	13	2	16	14	3	27	4	7	1	7	14	3	5	7	25	2	8	1	23	10	27	7	12	14	26	8	1	27	14	14	7	8	5	7	16	23	14	16	23	23	14	14	27	16	14	14	14	4	2	7	5	3	14	16	1	26	7	14	14	26	14	2	26	2	1	23	10	1	16	16	11	14	14	14	27	14	2	11	11	27	14	1	11	3	2	11	14	23	14	14	23	14	1	14	25	2	23	7	5	24	14	2	26	26	14	14	13	14	14	23	23	23	23	10	23	23	2	14	3	14	14	14	27	14	14	14	2	20	16	6	27	19	7	27	22	23	12	23	12	12	27	14	14	26	14	3	23	14	14	1	2	27	1	1	13	14	1	27	23	20	9	26	20	11	26	26	14	27	27	14	1	27	27	26	26	1	5	27	18	7	2	1	14	14	14	17	2	22	23	2	2	11	3	27	14	4	24	15	14	25	25	14	4	26	3	23	27	2	1	14	11	2	23	12	27	7	14	14	7	15	14	27	3	23	3	10	7	27	20	3	23	23	14	2	27	20	14	23	23	26	23	14	4	1	15	4	3	14	14	2	26	14	2	27	23	1	27	3	2	23	27	27	2	14	14	25	15	14	7	23	25	26	26	7	27	20	7	24	1	26	26	14	20	2	14	26	16	23	14	3	24	14	4	7	3	3	3	26	14	23	14	14	11	11	14	2	23	12	14	14	23	14	23	14	27	23	2	9	9	14	2	26	19	8	27	14	3	3	14	2	14	23	1	14	2	14	26	24	14	4	14	14	14	1	14	14	2	26	14	23	3	10	1	23	12	2	23	12	12	12	14	14	27	11	15	1	16	23	27	19	7	27	23	14	14	20	14	14	22	14	2	14	14	3	7	14	4	26	26	3	14	3	3	1	26	14	4	16	9	1	23	4	14	23	14	26	14	14	14	27	11	14	1	11	6	14	18	7	27	21	14	14	2	2	2	22	23	2	1	14	3	14	25	4	25	16	25	9	25	20	26	26	14	14	14	9	1	1	26	2	23	13	1	14	14	27	14	8	1	4	4	5	27	18	7	27	20	8	3	17	17	1	23	2	7	16	14
DESTINATION
3	14	17	14	2	23	2	26	2	14	27	25	25	4	25	16	25	25	9	14	23	14	3	14	25	9	16	26	26	2	23	13	1	14	5	5	15	14	1	8	5	5	27	7	7	27	20	8	3	17	2	27	20	2	14	14	14	16	6	14	27	7	27	23	27	2	3	23	5	2	14	2	14	14	14	3	1	1	4	26	16	2	27	9	9	27	16	14	16	9	23	14	11	2	23	14	14	14	27	20	20	14	14	14	20	2	6	18	7	27	20	8	26	26	26	14	2	3	14	14	14	2	23	23	14	24	15	14	25	14	14	14	1	1	14	1	14	14	14	14	14	23	14	1	16	14	8	2	5	5	14	7	27	27	4	18	7	20	8	1	7	7	14	2	14	14	14	14	14	14	14	4	24	14	4	16	25	23	14	27	11	23	20	25	25	23	2	10	2	14	2	14	16	16	2	14	23	23	27	14	23	2	14	27	14	14	1	13	16	2	14	26	14	20	14	14	14	16	8	20	15	4	8	16	8	14	24	14	14	1	25	14	27	26	3	12	27	7	14	14	14	27	14	14	2	20	14	1	14	14	27	20	27	23	9	27	16	27	14	20	3	18	14	3	16	27	14	16	4	7	16	5	5	14	4	7	1	7	14	3	5	7	25	25	2	23	14	3	23	14	23	14	26	8	1	27	14	14	8	8	27	14	2	23	16	16	8	23	14	14	27	16	14	14	2	7	26	27	8	26	16	2	4	26	7	14	14	26	14	2	14	20	23	13	3	23	14	20	14	14	14	14	27	14	2	20	11	2	23	14	23	23	2	3	23	14	14	23	14	1	10	14	27	27	16	5	23	16	25	8	26	14	14	13	14	14	25	14	23	14	13	2	16	14	3	27	3	14	14	27	14	14	14	14	12	2	8	1	23	10	27	12	12	23	16	23	12	26	27	12	8	7	8	5	7	16	23	16	14	27	1	13	14	1	26	27	14	14	4	2	7	5	3	1	1	1	27	14	1	27	27	26	26	2	2	1	23	10	1	16	14	14	14	17	2	22	23	2	2	27	11	1	11	11	2	25	25	14	25	14	4	26	3	23	27	2	23	23	7	5	24	2	27	7	14	14	7	15	14	14	3	23	23	10	23	23	2	14	14	23	14	2	27	20	14	23	3	20	16	6	27	19	7	27	22	12	14	2	26	14	2	14	26	14	14	3	23	14	14	27	2	14	14	25	15	14	7	11	23	20	9	26	20	11	26	23	14	1	26	14	20	2	14	26	1	1	5	27	18	7	2	1	1	3	3	26	14	23	14	14	14	3	3	27	14	4	24	23	1	14	23	14	14	27	23	2	27	2	1	14	11	2	23	27	14	3	14	20	2	14	23	1	23	3	3	10	7	27	20	3	14	1	26	14	2	26	14	23	26	26	23	14	4	1	15	4	12	12	8	14	27	11	15	1	27	1	27	2	23	27	27	14	14	20	27	14	22	14	2	25	26	26	26	27	20	7	24	3	14	26	3	1	26	14	4	16	16	23	3	3	24	14	4	7	14	14	14	27	11	14	1	11	11	11	2	2	23	12	14	14	14	27	2	22	23	2	1	9	9	14	9	26	19	8	27	9	25	14	20	26	14	14	14	14	2	26	26	24	14	4	14	14	14	14	27	14	8	1	4	3	3	1	1	23	12	2	23	12	17	1	27	23	2	7	16	1	14	27	27	19	7	27	23	25	14	20	14	14	14	14	14	14	14	7	14	14	4	26	26	14	14	23	3	14	27	7	23	9	1	23	4	14	23	14	14	14	2	27	20	2	14	14	14	6	6	14	7	27	21	14	4
DUE_DATE
0	30427	29456	30045	30094	29603	29652	29707	30296	29805	30874	30443	29952	29987	30016	30585	30074	30643	30132	31181	30190	30219	30788	30300	30882	30924	30426	31488	30510	30552	31127	30616	30645	30674	31723	31272	30761	31330	30819	30848	30887	30916	30945	31994	31003	31572	31061	31090	31659	31148	31719	31200	31221	31782	31263	31284	31845	33066	33087	32388	33129	32430	33171	32472	33247	32096	31605	32194	31703	31752	31785	32352	31839	33606	33633	31920	32967	32994	33741	33048	33795	32622	32106	33150	32154	32178	32202	32766	32250	34014	32298	32322	33366	32935	34172	33489	33526	33563	33120	32617	32654	33257	32776	33375	32894	33973	34717	32996	34755	34054	33593	34812	34111	33110	33669	34168	33167	33726	33205	33764	33243	33857	35116	33435	35234	34573	35325	34632	35379	34206	33693	34740	34287	33774	34341	33828	33855	33891	35664	34977	35010	34563	35796	35109	35862	34155	34174	35210	34206	34762	34238	34254	34810	34826	36042	34318	35354	34890	36106	35402	34938	35434	34430	34446	34491	35064	34557	34590	35163	35196	36429	36462	36495	35820	36582	35904	36666	35988	36030	35592	35091	35124	35157	35730	35223	35796	35289	37062	37095	37125	36432	37179	36486	36033	36540	36087	35574	35601	35628	35655	35695	36752	37509	35806	36383	37620	36937	36494	36531	36024	37077	36630	36123	36156	36729	36222	36795	36281	38044	37347	38090	37393	36936	38159	38182	36465	36488	37051	36534	36557	37121	36604	37167	37670	37213	38436	37739	37762	38505	37808	38551	36834	37397	36885	37932	36939	36966	37533	37020	37587	37074	38841	38148	38895	38197	37736	38955	38254	37253	38292	37291	37310	37869	37348	37367	37926	37405	39164	38463	39247	38576	38145	39394	37703	38772	37817	38416	37935	38534	38053	38107	38696	38205	39994	39323	40092	39405	40152	39459	40206	39513	39060	39087	38574	39141	38628	38655	38681	39244	40467	40490	39313	40536	39839	40582	38865	39908	39451	39474	38957	38977	38996	39555	39034	40073	40812	40111	40850	40149	39688	40907	39186	40225	39764	39243	39300	39342	39384	39966	39468	40530	41292	40607	40156	41385	40694	41443	39732	39761	40330	39819	39848	40447	39956	40005	40054	41123	40692	41211	41964	41277	42030	42063	40896	40389	41442	40995	40495	41072	40569	41626	41183	40680	42457	42494	41820	41382	42624	41946	40968	41010	42072	41100	41142	41724	41226	42288	41850	41352	43147	41996	43245	42574	43343	43392	42711	41724	41757	41790	41823	41856	42429	41922	43695	42521	43744	43047	43790	43093	43836	43139	42142	43185	42728	42211	42774	42257	42847	42356	42945	42454	44243	44292	44397	43776	43395	44640	43962	43524	43026	43068	43650	43152	43257	43356	44475	43481	45244	45267	44570	45313	44616	44159	44182	44685	44228	43711	43734	43757	43795	43832	44409	44926	43943	45720	45757	45074	44647	45896	45945	44254	46043	44892	44457	44556	45195	44717	45316	45855	45434	46693	46757	46096	46155	46934	45253	45897	45456	46575	45591	45624	46197	45690	46743	46296	47529	45822	47595	46915	47672	46989	47026	46043	47100	46657	46154	46195	46772	46269	48046	46343	48120	46417	47474	47057	48316	47655	47234	47773	46807	48596	46905	46954	47003	47592	47095	47672	47169	48946	48983	49020	48337	49094	48399	48420	47961	47982	47463	48024	47505	48066	47547	49308	49329	48630	49371	48672	49497	48876	47955	48535	48032	49089	48646	48143	48180	48217	48254	50035	50072	49389	50146	49463	49020	50257	49094	49147	48656	48705	48754	48803	48852	48882	49446	49950	50694	48978	50022	50766	50070	49614	50838	50862	49686	49185	49212	49239	49806	49293	49860	50367	51114	49401	51168	50475	51235	50552	51309	50146	49643	50700	50257	49754	49791	50364	49857	49890	51663	50976	51009	51762	51075	51835	51152	50169	51226	50783	50280	50317	50354	50925	50412	52179	50466	51513	52260	51567	51114	52341	51648	50655	52447	51296	50805	50854	50903	51492	50982	52746	51030	52074	51618	52842	52866	52170	52914	51198	51762	51246	51295	51872	51369	51946	53183	53220	52537	52094	53325	52632	52659	53406	51693	51720	52287	51774	52341	51828	51855	51882	53646	53670	52974	52518	53022	53766	53070	53814	52638	52122	53166	52195	52232	52269	52306	52343	52920	54157	52454	54231	53544	53097	54330	53643	54396	53229	53742	52755	52817	52876	53475	52994	53593	54815	53092	53649	54146	54163	54900	54197	53194	54231	53768	53245	53802	53279	53296	53313	55070	55087	53417	54016	54555	55334	54673	54235	53732	54789	54346	53843	54420	53917	53954	54017	55816	55875	55214	54253	55311	56064	55377	56130	55443	55476	55029	54522	54555	55125	54612	54639	55206	56433	55740	54747	56514	55821	55848	56595	55952	55006	55620	56174	55725	55212	55779	55266	57033	57060	55887	57114	56421	57168	56475	57347	57496	55795	56372	56889	57646	56963	56520	57757	57794	57872	56206	57300	57374	56925	58152	57459	58206	57033	56520	58287	57594	58341	57648	58395	58697	57057	58176	58275	59031	58344	58377	57390	59163	57456	58509	59262	58575	59347	58676	58245	59494	58343	57852	59657	58996	59055	59834	59173
TRANSPORT_MODE
0	2	2	1	0	0	0	0	0	2	1	1	0	0	0	0	2	2	1	1	0	0	0	0	0	2	1	1	0	0	0	0	0	2	1	1	0	0	0	0	0	2	1	1	0	0	0	0	0	2	1	1	0	0	0	0	0	3	3	1	0	0	0	0	0	1	2	1	0	0	0	0	0	3	3	1	1	0	0	0	0	2	1	1	0	0	0	0	0	3	1	1	0	0	0	0	0	2	1	1	0	0	0	0	0	1	3	1	0	0	0	0	0	1	2	2	0	0	0	0	0	1	3	1	0	0	0	0	0	1	2	2	1	0	0	0	0	1	3	1	0	0	0	0	0	1	2	1	0	0	0	0	0	1	3	1	0	0	0	0	0	1	2	1	0	0	0	0	0	1	3	3	0	0	0	0	0	0	1	1	2	0	0	0	0	1	1	3	3	0	0	0	0	0	1	2	1	0	0	0	0	1	3	1	0	0	0	0	0	1	2	1	0	0	0	0	0	1	3	1	0	0	0	0	0	1	1	2	0	0	0	0	0	2	1	3	0	0	0	0	0	1	1	2	2	0	0	0	0	1	1	3	0	0	0	0	0	1	1	2	0	0	0	0	0	1	1	3	0	0	0	0	0	1	1	2	0	0	0	0	0	1	1	3	0	0	0	0	0	3	1	2	0	0	0	0	0	1	1	3	3	0	0	0	0	1	1	2	0	0	0	0	0	1	1	3	0	0	0	0	0	1	1	2	0	0	0	0	0	1	1	3	0	0	0	0	0	1	1	2	0	0	0	0	0	1	1	1	0	0	0	0	3	1	2	2	0	0	0	0	0	1	1	3	0	0	0	0	1	1	2	2	0	0	0	0	0	1	1	3	0	0	0	0	0	1	1	2	0	0	0	0	0	1	1	3	0	0	0	0	0	0	1	1	1	0	0	0	0	2	1	3	3	0	0	0	0	1	1	2	0	0	0	0	0	1	1	3	3	0	0	0	0	0	1	1	2	0	0	0	0	0	1	1	3	0	0	0	0	0	1	1	2	0	0	0	0	0	1	1	3	0	0	0	0	1	1	2	2	0	0	0	0	0	1	3	1	0	0	0	0	1	2	2	1	0	0	0	0	0	1	3	1	0	0	0	0	0	1	2	1	0	0	0	0	0	1	1	3	0	0	0	0	0	1	1	2	0	0	0	0	1	3	3	1	0	0	0	0	0	1	2	1	0	0	0	0	1	3	3	1	0	0	0	0	0	1	2	1	0	0	0	0	0	1	3	1	0	0	0	0	0	1	2	1	0	0	0	0	0	1	3	1	0	0	0	0	0	1	2	2	1	0	0	0	0	1	3	1	0	0	0	0	0	2	2	1	1	0	0	0	0	3	1	1	0	0	0	0	0	2	1	1	0	0	0	0	0	3	1	1	0	0	0	0	0	1	2	1	0	0	0	0	3	3	1	1	0	0	0	0	0	2	1	1	0	0	0	0	3	3	1	1	0	0	0	0	0	2	1	1	0	0	0	0	0	3	1	1	0	0	0	0	0	2	1	1	0	0	0	0	0	3	1	2	0	0	0	0	2	1	1	0	0	0	0	0	0	3	1	1	0	0	0	0	2	2	1	1	0	0	0	0	0	3	1	1	0	0	0	0	0	2	1	1	0	0	0	0	0	3	1	1	0	0	0	0	0	2	1	1	0	0	0	0	3	3	1	0	0	0	0	0	3	1	1	0	0	0	0	0	3	3	1	1	0	0	0	0	3	1	1	0	0	0	0	0	3	1	1	0	0	0	0	0	3	1	1	0	0	0	0	0	3	1	1	0	0	0	0	0
PATIENT_WEIGHT
146	57	71	75	122	122	31	66	67	56	82	100	86	85	86	73	148	97	79	126	127	30	91	47	145	120	47	106	88	34	132	148	131	107	134	134	121	76	106	57	118	30	109	83	100	132	119	74	54	31	141	51	88	79	33	38	123	144	77	111	65	119	32	139	129	147	114	52	89	79	118	55	34	47	41	108	130	59	115	86	38	144	45	49	115	66	40	106	115	75	94	101	33	133	66	108	65	112	30	128	45	134	61	98	147	137	86	133	129	73	118	56	143	68	139	53	115	73	32	63	81	37	41	69	62	65	109	41	123	77	120	90	102	80	113	93	55	40	45	129	105	141	129	95	76	61	85	69	76	48	41	84	82	138	63	128	149	82	74	52	78	83	149	143	149	123	119	62	97	69	72	58	75	54	70	124	38	55	37	129	77	89	60	135	57	109	81	139	31	108	44	40	49	71	115	150	40	139	96	142	134	128	131	69	53	132	111	65	93	34	132	93	62	127	59	86	61	95	99	46	69	126	129	85	54	52	96	115	55	58	144	128	134	113	46	45	50	89	129	61	76	82	31	64	95	77	138	47	147	88	108	39	65	80	91	97	121	50	131	51	131	74	142	115	32	129	102	56	131	67	59	94	105	120	41	147	74	121	150	94	62	100	47	107	147	39	69	59	148	60	56	73	77	57	66	60	100	61	40	44	107	57	83	114	30	147	66	82	146	88	123	81	132	136	123	125	71	36	66	87	111	56	103	125	35	53	113	148	108	142	144	145	59	43	48	131	106	70	143	56	127	71	104	140	39	117	32	58	32	62	146	74	71	99	96	94	109	77	93	37	81	48	138	55	90	40	31	94	140	45	77	109	67	70	48	36	144	117	57	65	148	50	92	85	105	119	96	147	98	31	38	64	45	89	47	82	146	89	55	92	52	105	37	66	102	49	58	97	96	150	121	144	95	96	58	89	130	109	68	61	100	48	149	71	111	125	112	113	88	74	144	128	82	75	91	77	107	43	64	90	61	132	45	63	69	77	99	62	110	124	144	50	76	115	38	124	120	106	50	30	66	67	59	79	97	75	112	62	40	83	149	89	97	79	147	96	110	44	133	144	98	52	100	148	75	140	57	40	69	36	37	143	73	66	142	83	141	55	81	63	50	87	88	128	141	52	53	35	41	103	64	124	61	61	82	47	103	93	142	65	42	47	54	32	149	58	65	148	51	34	107	139	57	72	143	150	126	122	87	32	114	118	44	36	74	101	101	52	63	87	89	73	142	76	34	72	80	99	68	119	147	96	97	34	122	118	129	108	95	66	95	90	131	85	43	89	47	101	69	37	35	64	90	108	118	146	108	117	97	39	61	41	132	64	91	87	67	146	43	39	147	117	114	35	42	117	135	150	121	67	120	47	126	41	131	149	132	148	55	64	74	146	33	79	140	62	35	32	44	83	44	72	71	113	35	56	94	66	80	86	114	99	81	55	120	111	69	120	54	109	113	42	143	126	53	97	34	34	125	64	31	50	84	35	140	95	52	120	94	122	116	83	133	119	38	120	120	36	59	45	108	103	106	66	32	47	139	54	113	66	98	69	49	91	72	142	97	49	41	140	82	47	134	149	125	55	104	89	90	56	46	116	88	93	68	69	45	145	138	111	66	49	93	35	47	88	51	137	74	91	70	86	101	102	57	69	110	36	32	143	112	108	91	100	61	58	52	115	72	54	121	37	45	63	49	131	133	99	74	150	144	92	37	60	136	54	69	98	34	40	90	140	39	73	87	107	66	138	123	48	110	38	130	64	106	98	43	60	80	57	125	48	47	112	96	53	64	72	32	68	50
DISTANCE_MATRIX
0	360	318	300	288	276	264	264	150	150	150	60	90	90	162	168	204	228	234	312	360	408	348	318	168	192	168	318
360	60	264	318	324	342	342	342	348	348	354	360	372	378	378	420	420	480	462	498	462	462	384	420	372	420	378	378
318	264	60	270	276	288	288	288	294	294	294	318	318	324	324	414	414	468	462	486	462	462	330	366	366	408	372	324
300	318	270	60	276	288	288	288	288	288	288	300	300	312	318	408	408	468	462	486	438	438	318	360	360	402	360	312
288	324	276	276	60	276	276	276	276	276	276	288	288	300	300	402	396	462	456	480	432	432	300	360	360	402	348	300
276	342	288	288	276	60	180	180	252	258	264	264	264	288	288	390	390	456	450	480	432	432	288	348	348	348	288	288
264	342	288	288	276	180	60	180	246	258	264	264	264	288	288	390	390	456	450	480	432	432	288	348	348	348	288	288
264	342	288	288	276	180	180	60	240	258	264	264	264	288	288	390	390	456	450	480	432	432	288	348	348	348	288	288
150	348	294	288	276	252	246	240	60	120	120	150	126	270	270	378	384	420	438	480	420	408	276	300	300	300	276	270
150	348	294	288	276	258	258	258	120	60	120	150	150	270	270	378	384	420	438	480	420	408	276	300	300	300	276	270
150	354	294	288	276	264	264	264	120	120	60	150	150	270	270	378	384	420	438	480	420	408	276	300	300	300	276	270
60	360	318	300	288	264	264	264	150	150	150	60	90	162	168	228	234	312	360	408	348	318	168	192	192	198	168	162
90	372	318	300	288	264	264	264	150	150	150	90	60	162	168	228	234	312	360	408	348	318	168	192	192	198	168	162
90	378	324	312	300	288	288	288	270	270	270	162	162	60	120	180	180	306	210	360	300	300	120	180	120	180	120	234
162	378	324	318	300	288	288	288	270	270	270	168	168	120	60	180	180	306	210	360	300	300	120	180	120	180	120	120
168	420	414	408	402	348	348	348	300	300	300	228	228	180	180	60	132	204	132	348	258	258	186	60	180	132	222	180
204	420	414	408	396	390	390	390	384	384	384	234	234	180	180	132	60	204	132	348	258	258	186	60	180	132	222	180
228	480	468	468	462	456	456	456	420	420	420	312	312	306	306	204	204	60	198	120	240	240	306	204	306	138	306	306
234	462	462	462	456	450	450	450	438	438	438	360	360	210	210	132	132	198	60	138	132	132	210	132	210	132	210	210
312	498	486	486	480	480	480	480	480	480	480	408	408	360	360	348	348	120	138	60	348	348	360	348	360	348	360	360
360	462	462	438	432	432	432	432	420	420	420	348	348	300	300	258	258	240	132	348	60	60	300	258	300	258	300	300
408	462	462	438	432	432	432	432	408	408	408	318	318	300	300	258	258	240	132	348	60	60	300	258	300	258	300	300
348	384	330	318	300	288	288	288	276	276	276	168	168	120	120	186	186	306	210	360	300	300	60	186	120	186	120	120
318	420	366	360	360	348	348	348	300	300	300	192	192	180	180	60	60	204	132	348	258	258	186	60	180	60	180	180
168	372	300	306	300	288	288	288	270	270	270	168	168	120	120	180	180	306	210	360	300	300	120	180	60	180	120	120
192	420	408	402	402	348	348	348	300	300	300	198	198	180	180	132	132	138	132	348	258	258	186	60	180	60	180	180
168	378	372	360	348	288	288	288	276	276	276	168	168	120	120	222	222	306	210	360	300	300	120	180	120	180	60	120
318	378	324	312	300	288	288	288	270	270	270	162	162	234	120	180	180	306	210	360	300	300	120	180	120	180	120	60
DEPOTS_DISTANCE
234	462	462	462	456	450	450	450	438	438	438	360	360	210	210	132	132	198	60	138	132	132	210	132	210	132	210	210	
348	384	330	318	300	288	288	288	276	276	276	168	168	120	120	186	186	306	210	360	300	300	60	186	120	186	120	120	
318	420	366	360	360	348	348	348	300	300	300	192	192	180	180	60	60	204	132	348	258	258	186	60	180	60	180	180	
LOCATION_TURN_MATRIX
100	130	122	113	112	199	136	122	129	152	173	146	151	136	158	140	176	113	122	167	194	134	110	172	114	184	100	147	
170	100	154	188	164	169	136	136	152	170	104	183	155	115	101	104	155	187	174	115	149	134	178	168	114	135	168	102	
178	146	100	161	178	114	104	165	117	139	126	169	192	109	120	179	160	152	154	134	113	140	154	179	196	196	192	181	
187	112	139	100	158	114	195	181	104	132	195	106	183	169	132	170	140	136	172	148	116	110	123	136	151	120	176	169	
188	136	122	142	100	175	164	159	112	100	167	164	135	191	132	181	104	123	142	156	108	117	193	182	116	147	156	185	
101	131	186	186	125	100	190	147	164	150	137	102	145	176	185	131	113	108	117	186	118	151	140	178	154	189	172	110	
164	164	196	105	136	110	100	186	153	151	183	193	111	157	144	123	188	142	110	163	105	190	166	187	170	171	186	126	
178	164	135	119	141	153	114	100	106	130	108	103	151	178	122	151	130	133	184	177	110	141	166	110	122	174	191	197	
171	148	183	196	188	136	147	194	100	167	100	146	168	129	128	142	172	118	174	147	105	158	156	160	120	106	119	136	
148	130	161	168	200	150	149	170	133	100	177	106	175	116	188	180	176	194	108	146	130	187	183	173	128	141	169	176	
127	196	174	105	133	163	117	192	200	123	100	171	175	140	183	115	104	186	128	153	151	175	100	146	191	117	132	197	
154	117	131	194	136	198	107	197	154	194	129	100	136	184	140	147	172	184	148	131	103	156	185	200	152	158	154	143	
149	145	108	117	165	155	189	149	132	125	125	164	100	140	199	142	101	144	163	185	117	191	200	143	113	165	102	154	
164	185	191	131	109	124	143	122	171	184	160	116	160	100	109	116	196	113	131	186	166	139	183	175	144	161	105	170	
142	199	180	168	168	115	156	178	172	112	117	160	101	191	100	147	177	177	199	158	172	188	164	175	180	168	154	195	
160	196	121	130	119	169	177	149	158	120	185	153	158	184	153	100	152	159	197	157	181	159	102	123	168	200	124	186	
124	145	140	160	196	187	112	170	128	124	196	128	199	104	123	148	100	149	114	112	117	135	105	132	138	180	198	156	
187	113	148	164	177	192	158	167	182	106	114	116	156	187	123	141	151	100	166	132	168	163	159	123	129	173	161	116	
178	126	146	128	158	183	190	116	126	192	172	152	137	169	101	103	186	134	100	184	199	137	130	160	148	113	140	150	
133	185	166	152	144	114	137	123	153	154	147	169	115	114	142	143	188	168	116	100	111	195	128	157	191	164	141	171	
106	151	187	184	192	182	195	190	195	170	149	197	183	134	128	119	183	132	101	189	100	129	151	163	147	166	104	177	
166	166	160	190	183	149	110	159	142	113	125	144	109	161	112	141	165	137	163	105	171	100	101	185	169	129	103	197	
190	122	146	177	107	160	134	134	144	117	200	115	100	117	136	198	195	141	170	172	149	199	100	106	150	116	118	145	
128	132	121	164	118	122	113	190	140	127	154	100	157	125	125	177	168	177	140	143	137	115	194	100	128	167	115	155	
186	186	104	149	184	146	130	178	180	172	109	148	187	156	120	132	162	171	152	109	153	131	150	172	100	155	124	184	
116	165	104	180	153	111	129	126	194	159	183	142	135	139	132	100	120	127	187	136	134	171	184	133	145	100	129	192	
200	132	108	124	144	128	114	109	181	131	168	146	198	195	146	176	102	139	160	159	196	197	182	185	176	171	100	146	
153	198	119	131	115	190	174	103	164	124	103	157	146	130	105	114	144	184	150	129	123	103	155	145	116	108	154	100	
DEPOTS_TO_LOCAL_TURN_MATRIX
178	126	146	128	158	183	190	116	126	192	172	152	137	169	101	103	186	134	100	184	199	137	130	160	148	113	140	150	
190	122	146	177	107	160	134	134	144	117	200	115	100	117	136	198	195	141	170	172	149	199	100	106	150	116	118	145	
128	132	121	164	118	122	113	190	140	127	154	100	157	125	125	177	168	177	140	143	137	115	194	100	128	167	115	155	
LOCAL_TO_DEPOT_TURN_MATRIX
122	174	154	172	142	117	110	184	174	108	128	148	163	131	199	197	114	166	100	116	101	163	170	140	152	187	160	150	
110	178	154	123	193	140	166	166	156	183	100	185	200	183	164	102	105	159	130	128	151	101	100	194	150	184	182	155	
172	168	179	136	182	178	187	110	160	173	146	200	143	175	175	123	132	123	160	157	163	185	106	100	172	133	185	145	

