INDEX_PROBLEM
1
PATIENTS
800
STRETCHERS
16
NUM_ROOM
28
NUM_DEPOT
3
NUM_PRIORITY
4
PRIORITY_LIST
0	1	2	3	4
PRIORITY_WEIGHT
0	1	10	18	30
PRIORITY_JOB
0	2	2	3	4	4	2	3	3	3	4	2	2	3	4	3	3	4	2	2	3	4	4	3	4	1	2	3	3	4	4	4	2	2	3	4	1	2	3	4	3	4	3	4	2	2	3	3	4	4	4	2	3	3	4	3	4	1	1	4	2	2	3	2	3	4	2	2	3	4	3	4	1	1	4	1	2	3	1	1	3	4	4	2	2	3	4	3	1	1	1	2	3	3	2	1	4	4	2	2	3	4	4	4	1	1	2	3	3	4	2	2	4	2	2	3	3	4	2	1	3	2	1	1	1	3	4	2	1	4	1	2	3	3	4	4	3	2	1	1	1	2	3	4	2	4	1	2	3	3	4	4	3	4	1	1	1	2	2	3	1	4	4	1	2	3	3	4	3	4	2	1	1	1	2	3	2	2	3	4	4	2	2	3	4	4	1	1	1	2	3	1	3	3	4	4	2	2	3	4	4	4	1	1	1	2	3	1	2	3	4	4	2	2	3	4	3	4	4	1	1	1	2	3	1	2	3	4	2	2	3	3	4	3	2	2	1	1	1	3	2	1	4	4	1	2	3	3	4	3	4	2	1	1	1	2	3	1	4	4	1	2	3	3	3	4	4	4	1	1	1	2	2	2	3	4	4	1	2	3	3	4	3	4	1	1	1	2	2	1	3	3	3	4	4	2	2	4	4	3	4	1	1	1	2	2	3	3	4	4	2	2	3	3	4	1	1	1	2	3	2	1	3	4	4	2	2	3	4	4	4	1	1	1	2	3	1	2	1	3	4	4	2	2	3	3	4	4	2	1	1	1	2	2	2	3	4	2	2	3	3	3	4	4	4	2	1	1	1	2	1	3	4	4	1	2	3	4	3	3	4	1	1	1	2	2	1	3	4	4	4	1	2	4	3	3	3	4	1	1	1	2	2	2	3	3	4	2	4	2	1	3	4	1	1	2	2	2	4	3	3	4	4	2	2	3	3	4	4	1	1	1	2	2	1	3	3	4	2	3	2	4	4	4	1	1	1	2	3	1	2	3	4	4	2	2	3	3	3	3	4	2	1	1	1	2	1	3	4	2	2	3	3	4	2	4	4	1	1	1	2	2	1	3	4	4	1	2	3	4	3	3	4	1	1	1	2	2	2	3	4	4	1	2	3	4	3	3	4	1	1	1	2	2	1	3	3	4	4	2	3	3	4	3	4	1	1	2	2	2	1	3	3	4	4	2	2	3	3	4	1	1	1	2	3	2	1	3	4	4	2	2	3	4	4	4	1	1	1	2	3	1	2	3	4	2	2	3	3	4	3	2	3	1	1	1	3	1	2	4	4	2	2	3	3	4	4	2	1	1	1	2	3	1	4	4	1	2	3	3	3	4	4	1	1	1	4	2	2	2	3	4	4	1	2	3	3	4	1	3	1	1	1	4	2	2	1	3	3	4	2	3	3	3	4	1	1	2	2	3	2	3	3	4	4	2	2	3	4	4	1	1	1	2	3	3	2	1	4	4	2	2	3	4	4	4	1	1	1	2	3	3	1	2	4	2	2	3	4	4	2	3	1	1	1	3	3	4	1	2	4	2	2	3	3	4	4	3	1	1	1	2	2	3	4	4	1	2	3	3	4	3	1	1	1	1	2	2	3	4	1	4	1	2	3	3	4	4	3	1	1	1	2	2	3	4	2	1	4	4	2	3	3	1	4	1	4	2	2	3	1	2	3	1	3	1	4	2	2	2	1	1	1	3	4	4	1	2	1	1	1	1	2	3	3	1	2	1	4	4	2	2	3	2	1	1	1	1	4	1	2	3	1	1	1	1	3	4	4	2	2
TIME_ASKED
0	28849	28898	28947	28996	29045	29094	29149	29198	29247	29296	29345	29394	29429	29458	29487	29516	29545	29574	29603	29632	29661	29690	29742	29784	29826	29868	29910	29952	29994	30029	30058	30087	30116	30145	30174	30203	30232	30261	30290	30329	30358	30387	30416	30445	30474	30503	30532	30561	30590	30621	30642	30663	30684	30705	30726	30747	30768	30789	30810	30831	30852	30873	30894	30949	30998	31047	31096	31145	31194	31227	31254	31281	31308	31335	31362	31389	31416	31443	31470	31497	31524	31548	31572	31596	31620	31644	31668	31692	31716	31740	31764	31788	31837	31874	31911	31948	31985	32022	32059	32096	32159	32218	32277	32336	32395	32419	32438	32457	32476	32495	32514	32533	32552	32571	32590	32609	32628	32647	32666	32685	32759	32818	32877	32936	32995	33027	33054	33081	33108	33135	33162	33189	33216	33243	33270	33297	33333	33366	33399	33432	33465	33498	33531	33564	33597	33616	33632	33648	33664	33680	33696	33712	33728	33744	33760	33776	33792	33808	33824	33840	33856	33872	33888	33933	33966	33999	34032	34065	34098	34131	34164	34197	34242	34284	34326	34368	34410	34452	34494	34533	34566	34599	34632	34665	34698	34731	34764	34797	34827	34854	34881	34908	34935	34962	34989	35016	35043	35070	35097	35137	35174	35211	35248	35285	35322	35359	35396	35433	35466	35499	35532	35565	35598	35631	35664	35697	35723	35746	35769	35792	35815	35838	35861	35884	35907	35930	35953	35976	35999	36023	36046	36069	36092	36115	36138	36161	36184	36207	36230	36253	36276	36299	36327	36354	36381	36408	36435	36462	36489	36516	36543	36570	36597	36619	36638	36657	36676	36695	36714	36733	36752	36771	36790	36809	36828	36847	36866	36885	36949	36998	37047	37096	37145	37194	37259	37318	37377	37436	37495	37549	37598	37647	37696	37745	37794	37827	37854	37881	37908	37935	37962	37989	38016	38043	38070	38097	38123	38146	38169	38192	38215	38238	38261	38284	38307	38330	38353	38376	38399	38419	38438	38457	38476	38495	38514	38533	38552	38571	38590	38609	38628	38647	38666	38685	38742	38784	38826	38868	38910	38952	38994	39029	39058	39087	39116	39145	39174	39203	39232	39261	39290	39349	39398	39447	39496	39545	39594	39633	39666	39699	39732	39765	39798	39831	39864	39897	39937	39974	40011	40048	40085	40122	40159	40196	40242	40284	40326	40368	40410	40452	40494	40542	40584	40626	40668	40710	40752	40794	40849	40898	40947	40996	41045	41094	41133	41166	41199	41232	41265	41298	41331	41364	41397	41423	41446	41469	41492	41515	41538	41561	41584	41607	41630	41653	41676	41699	41749	41798	41847	41896	41945	41994	42099	42198	42297	42342	42384	42426	42468	42510	42552	42594	42699	42798	42897	42923	42946	42969	42992	43015	43038	43061	43084	43107	43130	43153	43176	43199	43237	43274	43311	43348	43385	43422	43459	43496	43549	43598	43647	43696	43745	43794	43899	43998	44097	44159	44218	44277	44336	44395	44459	44518	44577	44636	44695	44799	44898	44997	45033	45066	45099	45132	45165	45198	45231	45264	45297	45337	45374	45411	45448	45485	45522	45559	45596	45637	45674	45711	45748	45785	45822	45859	45896	45959	46018	46077	46136	46195	46249	46298	46347	46396	46445	46494	46537	46574	46611	46648	46685	46722	46759	46796	46821	46842	46863	46884	46905	46926	46947	46968	46989	47010	47031	47052	47073	47094	47199	47298	47397	47437	47474	47511	47548	47585	47622	47659	47696	47737	47774	47811	47848	47885	47922	47959	47996	48049	48098	48147	48196	48245	48294	48324	48348	48372	48396	48420	48444	48468	48492	48516	48540	48564	48588	48627	48654	48681	48708	48735	48762	48789	48816	48843	48870	48897	48937	48974	49011	49048	49085	49122	49159	49196	49233	49266	49299	49332	49365	49398	49431	49464	49497	49537	49574	49611	49648	49685	49722	49759	49796	49827	49854	49881	49908	49935	49962	49989	50016	50043	50070	50097	50149	50198	50247	50296	50345	50394	50424	50448	50472	50496	50520	50544	50568	50592	50616	50640	50664	50688	50737	50774	50811	50848	50885	50922	50959	50996	51027	51054	51081	51108	51135	51162	51189	51216	51243	51270	51297	51324	51348	51372	51396	51420	51444	51468	51492	51516	51540	51564	51588	51637	51674	51711	51748	51785	51822	51859	51896	51933	51966	51999	52032	52065	52098	52131	52164	52197	52259	52318	52377	52436	52495	52517	52534	52551	52568	52585	52602	52619	52636	52653	52670	52687	52704	52721	52738	52755	52772	52789	52859	52918	52977	53036	53095	53137	53174	53211	53248	53285	53322	53359	53396	53459	53518	53577	53636	53695	53733	53766	53799	53832	53865	53898	53931	53964	53997	54027	54054	54081	54108	54135	54162	54189	54216	54243	54270	54297	54374	54448	54522	54596	54627	54654	54681	54708	54735	54762	54789	54816	54843	54870	54897	55049	55198	55237	55274	55311	55348	55385	55422	55459	55496	55574	55648	55722	55796	55827	55854	55881	55908	55935	55962	55989	56016	56043	56070	56097	56399	56499	56598	56697	56733	56766	56799	56832	56865	56898	56931	56964	56997	57049	57098	57147	57196	57245	57294	57359	57418	57477	57536	57595
ORIGIN
26	16	6	27	19	7	27	14	25	4	4	10	2	23	5	14	25	14	3	23	14	14	14	14	14	14	27	27	27	20	14	9	14	9	1	23	11	14	14	27	14	2	27	27	24	14	14	7	7	6	27	18	7	27	20	8	14	14	17	2	23	12	2	3	3	9	23	14	4	24	11	11	14	25	14	14	19	8	9	9	9	23	23	11	2	14	27	7	26	26	26	14	14	4	5	23	26	5	18	7	27	20	26	8	23	17	17	2	2	2	14	14	14	14	14	4	24	15	4	2	16	25	14	14	3	14	23	12	12	14	10	2	23	14	2	4	23	14	1	27	15	15	23	20	13	7	7	27	20	14	3	13	14	14	14	27	20	2	14	14	14	8	8	24	15	4	14	16	8	15	15	15	26	14	14	14	14	1	20	23	12	2	23	27	14	11	9	14	14	14	8	14	14	1	1	20	8	27	3	2	2	13	13	2	2	4	26	7	26	8	25	14	4	26	7	1	7	1	14	14	2	14	14	14	14	14	1	12	2	23	14	3	2	26	7	7	11	14	1	23	16	4	14	8	27	23	23	14	3	2	23	23	14	14	2	26	14	14	2	2	26	16	1	23	23	3	14	14	26	14	3	14	14	13	27	27	23	13	3	23	7	7	8	11	14	1	25	14	14	3	11	2	23	8	1	23	1	1	14	26	14	2	27	27	1	26	27	14	16	5	26	3	14	14	14	14	3	14	14	14	1	26	14	14	13	2	23	7	3	1	23	23	1	7	7	14	13	13	14	12	8	1	23	10	27	2	14	14	26	14	14	1	14	14	8	8	5	26	3	9	14	2	3	2	14	14	14	3	26	23	2	4	2	23	23	26	1	3	1	4	4	7	14	1	14	23	23	11	1	23	10	1	14	14	27	11	11	14	27	14	2	2	2	27	14	16	3	23	9	3	14	14	14	3	14	14	14	27	27	26	23	14	3	16	23	2	23	23	14	1	1	3	14	14	14	23	23	10	1	14	2	27	27	20	14	27	14	14	3	3	23	20	16	6	27	19	7	2	14	14	2	26	14	7	14	14	14	26	14	3	23	14	7	1	2	14	3	14	16	27	16	27	27	2	9	26	1	11	26	27	2	1	27	14	14	26	27	27	2	8	5	27	18	7	2	2	2	2	14	2	22	23	22	27	26	27	3	23	14	4	2	4	4	14	25	14	4	26	20	14	26	2	1	23	11	2	14	27	23	27	14	14	14	15	14	23	27	1	26	17	7	27	27	24	27	14	2	27	27	20	24	27	27	26	23	14	4	27	15	27	23	23	3	3	26	14	14	14	14	1	23	10	2	23	25	14	2	14	27	15	14	14	26	1	27	26	16	7	27	20	2	1	23	9	20	2	2	2	2	2	16	23	14	3	24	14	4	14	20	3	26	14	2	2	2	27	27	23	10	2	23	12	14	2	14	14	14	14	14	27	4	27	14	14	7	26	19	8	23	7	3	16	16	20	2	14	14	23	23	14	3	24	14	4	14	20	1	26	14	2	27	14	14	2	13	10	1	23	12	2	23	1	14	14	27	14	27	11	14	23	16	6	27	19	7	27	14	25	20	20	14	14	23	14	7	27	14	3	23	14	4	20	20	26	14	1	1	26	20	4	7	7	9	1	23	23	7	23	14	14	14	27	27	11	15	14	23	23	6	27	18	7	27	14	14	17	2	22	2	23	2	2	14	14	3	23	14	4	14	14	25	2	25	5	27	20	14	14	14	9	1	23	11	2	26	14	14	20	27	27	24	14	1	1	4	5	27	18	7	27	20	8	23	17	2	27	23	12	2	8	25
DESTINATION
3	14	17	2	22	23	2	3	14	23	23	14	14	27	14	25	14	25	14	4	2	9	9	9	9	1	23	23	2	14	26	14	26	14	14	27	15	5	5	23	5	27	18	18	2	26	8	23	23	17	2	27	20	2	14	14	2	16	6	27	27	11	14	14	14	14	3	26	14	2	12	12	25	14	3	3	22	14	14	14	14	1	27	15	14	20	23	13	14	14	14	9	26	14	14	27	14	14	27	20	2	14	14	14	7	6	6	27	27	14	20	8	8	15	26	14	2	14	14	14	14	14	3	9	23	4	27	11	11	9	14	14	27	8	14	14	1	9	23	23	11	11	27	14	7	13	13	2	14	4	26	7	26	26	5	18	7	27	26	8	8	14	14	2	14	14	1	14	14	14	14	14	14	4	15	25	16	23	7	27	11	14	1	23	16	12	14	10	2	2	14	4	4	23	23	14	14	2	26	14	14	7	7	27	27	14	3	13	14	14	14	26	14	3	13	14	13	23	8	8	24	4	16	16	16	8	23	11	14	1	25	14	14	3	20	20	12	2	23	27	14	14	1	14	2	27	1	1	26	14	1	1	20	8	27	3	2	2	14	14	3	14	14	27	1	26	25	25	14	4	26	1	1	7	23	23	1	7	14	3	13	13	14	12	2	23	14	3	3	26	20	14	26	14	14	1	14	14	8	3	8	27	23	23	14	3	2	20	14	14	3	26	2	2	2	2	26	16	1	1	23	3	1	4	7	14	1	13	14	23	27	27	23	13	13	3	7	7	2	11	14	14	27	14	2	27	2	2	23	8	1	23	1	1	14	14	14	3	14	14	1	27	14	27	16	5	5	26	3	1	14	14	14	1	1	3	14	14	14	14	14	13	2	23	3	1	1	20	14	27	14	14	3	3	23	12	12	1	23	10	27	27	14	2	26	14	14	7	14	14	3	8	5	26	3	3	9	2	2	3	1	25	14	16	27	27	27	27	4	23	23	26	1	3	1	1	27	14	14	26	27	2	2	11	1	23	10	1	14	14	27	14	14	17	2	22	23	27	26	26	27	14	16	23	3	3	9	14	25	14	4	26	20	14	27	4	26	3	16	23	16	2	23	27	14	14	14	15	14	23	27	23	23	10	1	14	2	2	27	14	14	2	27	20	24	27	27	27	16	27	19	7	19	2	14	23	14	3	26	14	14	14	14	26	14	3	23	14	7	1	14	14	14	27	15	14	26	2	1	2	26	1	1	11	26	27	2	14	3	9	20	2	2	2	2	8	27	18	18	7	2	2	2	3	3	26	14	2	14	2	27	27	23	23	14	4	2	4	4	14	27	14	14	27	14	4	27	2	23	11	2	2	14	23	2	3	16	20	2	14	14	23	27	17	7	27	27	27	27	27	14	1	26	14	2	26	14	2	11	26	14	4	27	24	27	2	23	27	14	14	27	11	15	14	1	10	2	10	2	23	14	23	25	20	20	14	22	14	7	20	26	16	16	7	27	20	2	1	27	26	14	1	26	14	4	7	23	14	3	24	2	4	4	14	7	14	14	27	11	14	1	23	10	2	23	2	23	12	2	27	14	17	2	22	23	2	2	14	14	7	26	26	27	8	23	2	25	14	5	26	14	14	7	14	3	24	24	14	14	14	20	20	14	14	27	1	20	1	4	10	1	23	23	12	14	2	1	1	17	2	27	23	2	16	8	6	27	19	14	27	27	14	25	25	14	4	26	14	25	5	14	27	14	23	2	14	4	20	25	14	14	27	15	14	14	4	9	7	23	23	1	26	23	23	14	14	2	27	20	2	14	14	7	6	27	18	27	11	14	14	14
DUE_DATE
0	30427	30476	30045	29554	29603	30672	30247	30296	30345	29854	30923	30972	30527	30016	30585	30614	30103	31152	31181	30730	30219	30248	30840	30342	32124	31446	31008	31050	30552	30587	30616	31665	31694	31243	30732	32501	31810	31359	30848	31427	30916	31485	30974	32023	32052	31601	31630	31119	31148	31179	32220	31761	31782	31263	31824	31305	33066	33087	31368	32409	32430	31971	32472	32047	31556	32625	32674	32243	31752	32325	31812	33579	33606	31893	33660	32967	32514	33741	33768	32595	32082	32106	33150	33174	32718	32202	32766	33990	34014	34038	33342	32886	32935	33452	34209	32506	32543	33600	33637	33194	32717	32776	32835	34634	34693	33997	33536	33555	33034	34073	34092	33091	34130	34149	33688	33707	33186	34225	34964	33783	34337	35116	35175	35234	34093	33585	34632	35379	33666	35433	34740	34287	34314	33801	33828	34395	34911	35664	35697	35730	35043	34596	34089	35142	34155	35914	35210	34746	34762	34238	34254	34810	34286	36042	36058	36074	35370	35386	34922	36138	34414	34430	36186	35511	35064	35097	34590	35163	34656	35709	36462	36495	36540	35862	35424	35946	35988	35550	35052	35091	36144	36177	35730	35223	35256	37029	37062	37095	36405	35952	37179	36006	36033	35520	35547	36594	36621	36168	35655	35695	35732	37509	37546	37583	36900	36457	37694	37011	36564	36057	36090	37143	37176	36729	36222	36795	36281	36304	38067	38090	38113	37416	36959	38182	37485	37028	36511	37554	37577	37121	37144	36627	37190	37693	37716	38459	38482	38505	37328	37831	38574	36857	36885	38652	37959	37506	37533	37020	37587	37074	38121	38868	38895	38917	38216	37755	38974	37253	37272	39031	38330	37869	37888	37907	37386	37405	37424	39183	39247	39296	38625	38674	38723	38292	37817	37876	39675	39014	38593	38647	38156	38745	38254	40043	40092	40125	39432	39459	40206	39033	39060	39087	38574	38601	39648	39675	38681	38704	39267	38750	40513	40536	40559	39862	39885	39428	39451	38934	38957	39997	40016	39555	39574	39053	40812	40831	40850	40149	39688	40187	40926	39745	39224	39243	40320	40362	39924	39426	39468	39510	41292	41327	41356	40665	40214	41443	40752	41501	40330	39819	39848	40927	40976	40545	40594	40103	40152	41211	41964	41997	42030	41343	41376	41409	40962	40455	41515	41552	41109	41146	41183	40680	40717	40754	41820	42582	42624	42666	41988	42750	41592	41100	41142	42924	42246	41808	41310	41892	41947	41456	43245	43294	43343	42672	42711	43464	42297	41790	41823	41856	43629	42942	41955	42521	42544	42567	42050	43813	43836	43859	43162	43185	43208	42751	42774	42257	43327	42356	43425	44194	43043	42552	44397	44496	43875	43920	43962	42984	43566	43608	43110	43152	44277	44376	43995	44021	43504	43527	45290	45313	45336	44639	44662	45405	44228	44251	43734	44777	44335	44852	43869	43906	43943	45720	45757	45794	45127	44696	45945	45274	44843	44352	44457	45576	45675	45257	45316	45375	45434	44953	46037	46816	46875	46934	46273	47097	45996	45555	46611	46644	46197	46230	45723	46776	45789	45822	47595	47635	47672	46989	47026	47783	46620	46117	46154	47935	47252	46809	46306	46883	46920	46417	48194	48257	48316	47655	47714	47773	47347	46856	46905	48694	48023	47592	47095	47672	47709	47206	48983	49020	49057	48374	48399	49140	47961	47982	47463	47484	48525	48066	48087	47568	48129	47610	49371	49392	48777	48876	48975	49735	48572	48609	48106	48143	49200	49237	48794	48835	48332	50109	50146	50183	49500	49057	49574	50347	49196	48705	48754	49823	49872	49422	48906	48930	48954	50718	50742	50766	50070	49614	50838	50142	49686	49185	50232	50259	49806	49833	49320	49887	50394	49941	51168	51195	51235	50072	51309	50626	49643	49680	50737	50774	50331	50364	49857	49890	50943	51696	51729	51762	51075	50635	51872	50169	50206	51983	51300	50857	50894	50925	50412	50439	52206	52233	52260	50547	51594	51621	51648	51195	50707	50756	52545	51874	51443	51492	50982	52746	51570	52794	52818	52842	51126	52170	52194	52938	51762	51786	51295	52352	51909	51946	51983	51480	53257	53294	52605	52632	52179	52686	52233	52260	51747	51774	52821	52848	52395	51882	51906	53670	53694	53718	53022	52566	52590	53094	53838	52122	52146	53215	53252	52809	52306	52343	52380	54157	54194	54231	53544	53097	53130	54363	53676	52689	53742	53775	53357	52876	52935	54014	53593	54815	54832	54849	53666	53683	53160	54917	54214	53211	54248	54265	53802	53819	53296	53313	53870	55087	55157	55216	54555	54614	54193	53695	53732	55509	54826	54383	54420	53917	54494	55757	55816	55875	55934	55273	55311	54864	54357	56130	54423	56196	55509	55062	55095	54585	54612	55179	56406	56433	56460	55767	55794	55341	54828	55875	56672	55006	55080	56174	55725	55752	56979	55266	57033	55320	56367	56394	55941	57168	56475	56147	57496	56335	57572	55869	56926	56963	57000	57757	57794	57872	56746	56280	56354	58125	57432	58179	58206	58233	58260	57567	57114	57141	58368	57675	58697	57057	57156	58275	58311	57864	58377	59130	59163	59196	59229	57522	59295	58627	58196	59445	59494	59543	59592	58457	57976	58035	59114	59173
TRANSPORT_MODE
0	2	2	1	1	1	2	0	2	2	1	1	1	1	0	0	2	2	1	1	1	1	0	0	2	2	2	1	1	1	2	0	2	1	1	1	1	1	0	0	2	2	2	1	1	1	1	0	2	2	1	1	1	1	0	0	0	3	3	1	1	1	1	0	2	2	2	1	1	1	0	0	3	3	1	1	1	1	0	0	1	2	2	2	1	1	1	0	3	3	1	1	1	1	0	0	1	2	2	2	1	1	1	0	3	3	1	1	1	1	0	0	1	2	2	2	1	1	1	0	0	1	3	3	3	1	1	0	0	1	2	2	1	1	1	0	0	1	3	3	3	1	1	1	0	1	2	2	1	1	1	0	0	1	3	3	3	1	1	1	0	1	2	2	1	1	1	0	0	1	1	3	3	3	1	1	0	0	1	1	2	2	2	1	0	1	1	3	3	1	1	0	0	1	1	2	2	2	1	1	0	1	3	3	1	1	1	0	0	1	1	2	2	2	1	1	0	0	1	3	3	1	1	1	0	0	1	1	2	2	2	1	1	0	1	1	3	3	3	1	0	0	1	1	2	2	1	1	0	0	1	1	3	3	3	1	1	0	1	1	2	2	1	1	0	0	1	1	3	3	3	1	1	0	1	1	2	2	1	1	0	0	1	1	3	3	3	1	1	0	0	1	1	2	2	2	1	0	0	1	1	3	3	1	1	0	1	1	1	2	2	2	1	0	1	1	3	3	1	1	0	0	1	1	2	2	2	1	1	0	1	1	3	3	1	1	0	0	0	1	1	1	2	2	2	1	0	1	1	3	3	3	1	0	0	1	1	2	2	1	1	0	0	1	1	1	3	3	3	1	0	1	1	2	2	1	1	0	0	1	1	3	3	3	1	1	0	1	1	2	2	1	1	0	0	1	1	1	3	3	3	1	0	1	1	2	1	2	0	2	0	1	1	3	3	1	1	0	0	1	1	1	2	2	2	1	0	1	1	3	3	1	1	0	0	1	1	2	2	2	1	1	0	1	1	3	3	1	1	0	0	1	1	1	2	2	2	1	0	0	1	1	3	3	3	1	0	1	1	2	2	1	1	0	0	1	1	3	3	3	1	1	0	1	1	2	2	1	1	0	0	1	1	3	3	3	1	1	0	1	1	2	2	1	1	0	0	1	1	3	3	3	1	1	0	1	1	2	2	2	1	0	0	1	1	3	3	1	1	0	0	1	1	2	2	2	1	1	0	1	3	3	1	1	1	0	0	1	1	2	2	2	1	1	0	1	3	3	1	1	1	0	0	1	1	2	2	2	1	1	0	1	1	3	3	3	1	0	0	1	1	2	2	1	1	0	1	1	3	3	3	1	1	0	1	2	2	1	1	1	0	0	1	3	3	3	1	1	1	0	1	2	2	1	1	1	0	0	0	1	3	3	3	1	1	1	0	1	2	2	2	1	1	0	1	3	3	1	1	1	0	0	1	2	2	2	1	1	1	0	3	3	1	1	1	1	0	0	1	2	2	2	1	1	1	0	3	3	1	1	1	1	0	0	1	2	2	2	1	1	1	0	3	3	3	1	1	1	0	0	2	2	1	1	1	1	0	0	3	3	3	1	1	1	1	2	2	1	1	1	1	0	0	3	3	3	1	1	1	2	0	2	1	1	1	1	1	0	0	3	3	3	1	1	1	1	0	0	2	2	2	1	1	3	0	3	1	1	1	1	3	0	0	3	1	3	1	1	1	0	0	3	3	1	1	1	1	0	0	3	3	3	1	1	1	3	0	3	1	1	1	1	1	0	0	3	3	3	1	1	1	1	0	3	3	3	1	1	1	0	0
PATIENT_WEIGHT
136	113	107	120	79	31	47	37	60	97	137	100	79	32	34	84	121	99	96	97	77	125	39	72	94	147	59	141	79	50	49	69	97	33	40	39	137	43	42	75	133	54	81	109	98	116	123	32	66	124	40	119	66	144	89	57	59	108	136	90	127	43	134	36	91	116	94	99	139	53	70	150	43	47	71	141	63	30	42	70	82	30	45	148	113	142	113	139	87	99	113	122	70	118	66	145	126	79	137	120	111	145	142	99	95	149	65	42	144	124	94	61	130	113	145	131	74	56	123	87	64	96	117	86	75	54	105	70	77	36	96	63	86	36	77	36	112	38	109	120	75	35	69	92	130	35	96	141	146	99	74	47	56	81	92	47	61	120	88	112	113	77	54	131	66	36	132	134	35	115	87	55	118	85	117	69	114	54	103	118	99	143	113	66	117	59	99	35	133	103	110	98	99	145	141	36	56	47	138	92	62	83	91	109	67	86	75	148	101	134	96	67	93	33	38	110	82	44	116	76	148	69	53	79	87	62	39	142	112	114	50	89	123	60	90	69	111	44	56	102	124	126	40	48	44	135	72	147	91	47	63	104	114	118	105	49	57	109	43	119	31	110	41	91	137	37	150	99	93	49	93	136	108	118	136	70	63	147	130	102	79	139	103	54	97	87	103	71	126	125	91	84	43	122	79	62	84	48	142	144	49	39	48	148	142	82	113	86	112	69	109	103	88	149	38	123	65	133	95	135	69	105	144	46	38	104	55	72	112	78	104	135	122	109	119	122	82	83	106	107	147	43	144	55	133	93	88	51	75	33	84	144	113	68	103	110	72	32	102	101	109	135	84	67	130	56	121	118	96	144	120	31	132	98	85	45	104	66	82	68	34	50	126	121	139	120	99	116	121	134	34	149	43	63	116	88	48	90	61	93	110	126	38	54	129	142	80	95	33	86	34	149	83	120	58	149	69	140	145	119	115	81	132	34	135	137	101	129	108	73	40	82	66	73	72	112	106	130	37	73	62	47	69	90	148	65	127	120	149	66	123	40	103	134	113	125	32	55	65	96	143	133	125	55	74	119	134	115	55	33	52	51	108	115	35	52	134	121	137	37	117	40	104	99	38	101	130	96	40	38	103	89	60	109	47	111	34	124	109	37	141	100	122	75	44	142	79	149	109	122	82	44	34	145	54	109	150	73	148	128	103	132	58	40	55	47	33	112	42	58	134	145	140	145	139	117	89	111	105	50	146	101	48	90	105	46	136	123	72	59	46	34	150	89	41	78	33	55	103	33	121	60	118	57	129	142	137	75	60	131	70	32	70	31	126	46	89	64	118	30	62	85	129	123	138	69	144	76	111	117	146	64	76	101	40	93	85	100	118	130	68	63	58	130	55	49	40	98	89	93	144	144	144	52	30	148	120	52	140	58	84	125	95	54	99	72	85	33	43	74	121	48	128	76	65	51	34	118	55	70	111	135	123	47	44	74	126	72	111	122	91	36	105	66	41	57	75	37	116	132	134	134	70	44	138	136	132	73	127	113	57	81	63	35	116	52	82	136	112	46	88	99	137	67	119	123	38	91	121	101	107	98	46	90	57	31	57	99	99	62	133	88	122	114	79	121	106	125	38	52	41	112	144	57	136	92	47	34	43	78	113	128	57	78	132	147	105	56	95	61	139	126	55	120	96	67	90	68	48	37	142	140	128	87	134	141	71	145	150	34	42	70	64	80	139	49	95	143	119	135	33	82	32	88	137	126	85	94	92	121	56	131	71	105	84	147	76	92	142	32	45	48	69	98	73	52	130	149	39	113	56	137	79	52	126	121	113	103	111	67	118
DISTANCE_MATRIX
0	360	318	300	288	276	264	264	150	150	150	60	90	90	162	168	204	228	234	312	360	408	348	318	168	192	168	318
360	60	264	318	324	342	342	342	348	348	354	360	372	378	378	420	420	480	462	498	462	462	384	420	372	420	378	378
318	264	60	270	276	288	288	288	294	294	294	318	318	324	324	414	414	468	462	486	462	462	330	366	366	408	372	324
300	318	270	60	276	288	288	288	288	288	288	300	300	312	318	408	408	468	462	486	438	438	318	360	360	402	360	312
288	324	276	276	60	276	276	276	276	276	276	288	288	300	300	402	396	462	456	480	432	432	300	360	360	402	348	300
276	342	288	288	276	60	180	180	252	258	264	264	264	288	288	390	390	456	450	480	432	432	288	348	348	348	288	288
264	342	288	288	276	180	60	180	246	258	264	264	264	288	288	390	390	456	450	480	432	432	288	348	348	348	288	288
264	342	288	288	276	180	180	60	240	258	264	264	264	288	288	390	390	456	450	480	432	432	288	348	348	348	288	288
150	348	294	288	276	252	246	240	60	120	120	150	126	270	270	378	384	420	438	480	420	408	276	300	300	300	276	270
150	348	294	288	276	258	258	258	120	60	120	150	150	270	270	378	384	420	438	480	420	408	276	300	300	300	276	270
150	354	294	288	276	264	264	264	120	120	60	150	150	270	270	378	384	420	438	480	420	408	276	300	300	300	276	270
60	360	318	300	288	264	264	264	150	150	150	60	90	162	168	228	234	312	360	408	348	318	168	192	192	198	168	162
90	372	318	300	288	264	264	264	150	150	150	90	60	162	168	228	234	312	360	408	348	318	168	192	192	198	168	162
90	378	324	312	300	288	288	288	270	270	270	162	162	60	120	180	180	306	210	360	300	300	120	180	120	180	120	234
162	378	324	318	300	288	288	288	270	270	270	168	168	120	60	180	180	306	210	360	300	300	120	180	120	180	120	120
168	420	414	408	402	348	348	348	300	300	300	228	228	180	180	60	132	204	132	348	258	258	186	60	180	132	222	180
204	420	414	408	396	390	390	390	384	384	384	234	234	180	180	132	60	204	132	348	258	258	186	60	180	132	222	180
228	480	468	468	462	456	456	456	420	420	420	312	312	306	306	204	204	60	198	120	240	240	306	204	306	138	306	306
234	462	462	462	456	450	450	450	438	438	438	360	360	210	210	132	132	198	60	138	132	132	210	132	210	132	210	210
312	498	486	486	480	480	480	480	480	480	480	408	408	360	360	348	348	120	138	60	348	348	360	348	360	348	360	360
360	462	462	438	432	432	432	432	420	420	420	348	348	300	300	258	258	240	132	348	60	60	300	258	300	258	300	300
408	462	462	438	432	432	432	432	408	408	408	318	318	300	300	258	258	240	132	348	60	60	300	258	300	258	300	300
348	384	330	318	300	288	288	288	276	276	276	168	168	120	120	186	186	306	210	360	300	300	60	186	120	186	120	120
318	420	366	360	360	348	348	348	300	300	300	192	192	180	180	60	60	204	132	348	258	258	186	60	180	60	180	180
168	372	300	306	300	288	288	288	270	270	270	168	168	120	120	180	180	306	210	360	300	300	120	180	60	180	120	120
192	420	408	402	402	348	348	348	300	300	300	198	198	180	180	132	132	138	132	348	258	258	186	60	180	60	180	180
168	378	372	360	348	288	288	288	276	276	276	168	168	120	120	222	222	306	210	360	300	300	120	180	120	180	60	120
318	378	324	312	300	288	288	288	270	270	270	162	162	234	120	180	180	306	210	360	300	300	120	180	120	180	120	60
DEPOTS_DISTANCE
234	462	462	462	456	450	450	450	438	438	438	360	360	210	210	132	132	198	60	138	132	132	210	132	210	132	210	210	
348	384	330	318	300	288	288	288	276	276	276	168	168	120	120	186	186	306	210	360	300	300	60	186	120	186	120	120	
318	420	366	360	360	348	348	348	300	300	300	192	192	180	180	60	60	204	132	348	258	258	186	60	180	60	180	180	
LOCATION_TURN_MATRIX
100	130	122	113	112	199	136	122	129	152	173	146	151	136	158	140	176	113	122	167	194	134	110	172	114	184	100	147	
170	100	154	188	164	169	136	136	152	170	104	183	155	115	101	104	155	187	174	115	149	134	178	168	114	135	168	102	
178	146	100	161	178	114	104	165	117	139	126	169	192	109	120	179	160	152	154	134	113	140	154	179	196	196	192	181	
187	112	139	100	158	114	195	181	104	132	195	106	183	169	132	170	140	136	172	148	116	110	123	136	151	120	176	169	
188	136	122	142	100	175	164	159	112	100	167	164	135	191	132	181	104	123	142	156	108	117	193	182	116	147	156	185	
101	131	186	186	125	100	190	147	164	150	137	102	145	176	185	131	113	108	117	186	118	151	140	178	154	189	172	110	
164	164	196	105	136	110	100	186	153	151	183	193	111	157	144	123	188	142	110	163	105	190	166	187	170	171	186	126	
178	164	135	119	141	153	114	100	106	130	108	103	151	178	122	151	130	133	184	177	110	141	166	110	122	174	191	197	
171	148	183	196	188	136	147	194	100	167	100	146	168	129	128	142	172	118	174	147	105	158	156	160	120	106	119	136	
148	130	161	168	200	150	149	170	133	100	177	106	175	116	188	180	176	194	108	146	130	187	183	173	128	141	169	176	
127	196	174	105	133	163	117	192	200	123	100	171	175	140	183	115	104	186	128	153	151	175	100	146	191	117	132	197	
154	117	131	194	136	198	107	197	154	194	129	100	136	184	140	147	172	184	148	131	103	156	185	200	152	158	154	143	
149	145	108	117	165	155	189	149	132	125	125	164	100	140	199	142	101	144	163	185	117	191	200	143	113	165	102	154	
164	185	191	131	109	124	143	122	171	184	160	116	160	100	109	116	196	113	131	186	166	139	183	175	144	161	105	170	
142	199	180	168	168	115	156	178	172	112	117	160	101	191	100	147	177	177	199	158	172	188	164	175	180	168	154	195	
160	196	121	130	119	169	177	149	158	120	185	153	158	184	153	100	152	159	197	157	181	159	102	123	168	200	124	186	
124	145	140	160	196	187	112	170	128	124	196	128	199	104	123	148	100	149	114	112	117	135	105	132	138	180	198	156	
187	113	148	164	177	192	158	167	182	106	114	116	156	187	123	141	151	100	166	132	168	163	159	123	129	173	161	116	
178	126	146	128	158	183	190	116	126	192	172	152	137	169	101	103	186	134	100	184	199	137	130	160	148	113	140	150	
133	185	166	152	144	114	137	123	153	154	147	169	115	114	142	143	188	168	116	100	111	195	128	157	191	164	141	171	
106	151	187	184	192	182	195	190	195	170	149	197	183	134	128	119	183	132	101	189	100	129	151	163	147	166	104	177	
166	166	160	190	183	149	110	159	142	113	125	144	109	161	112	141	165	137	163	105	171	100	101	185	169	129	103	197	
190	122	146	177	107	160	134	134	144	117	200	115	100	117	136	198	195	141	170	172	149	199	100	106	150	116	118	145	
128	132	121	164	118	122	113	190	140	127	154	100	157	125	125	177	168	177	140	143	137	115	194	100	128	167	115	155	
186	186	104	149	184	146	130	178	180	172	109	148	187	156	120	132	162	171	152	109	153	131	150	172	100	155	124	184	
116	165	104	180	153	111	129	126	194	159	183	142	135	139	132	100	120	127	187	136	134	171	184	133	145	100	129	192	
200	132	108	124	144	128	114	109	181	131	168	146	198	195	146	176	102	139	160	159	196	197	182	185	176	171	100	146	
153	198	119	131	115	190	174	103	164	124	103	157	146	130	105	114	144	184	150	129	123	103	155	145	116	108	154	100	
DEPOTS_TO_LOCAL_TURN_MATRIX
178	126	146	128	158	183	190	116	126	192	172	152	137	169	101	103	186	134	100	184	199	137	130	160	148	113	140	150	
190	122	146	177	107	160	134	134	144	117	200	115	100	117	136	198	195	141	170	172	149	199	100	106	150	116	118	145	
128	132	121	164	118	122	113	190	140	127	154	100	157	125	125	177	168	177	140	143	137	115	194	100	128	167	115	155	
LOCAL_TO_DEPOT_TURN_MATRIX
122	174	154	172	142	117	110	184	174	108	128	148	163	131	199	197	114	166	100	116	101	163	170	140	152	187	160	150	
110	178	154	123	193	140	166	166	156	183	100	185	200	183	164	102	105	159	130	128	151	101	100	194	150	184	182	155	
172	168	179	136	182	178	187	110	160	173	146	200	143	175	175	123	132	123	160	157	163	185	106	100	172	133	185	145	

