INDEX_PROBLEM
1
PATIENTS
800
STRETCHERS
16
NUM_ROOM
28
NUM_DEPOT
3
NUM_PRIORITY
4
PRIORITY_LIST
0	1	2	3	4
PRIORITY_WEIGHT
0	1	10	18	30
PRIORITY_JOB
0	1	2	2	3	3	1	2	2	2	2	3	4	2	2	3	3	3	4	1	2	2	3	3	3	2	2	3	3	4	3	4	1	2	2	3	3	2	2	2	3	3	4	4	1	2	3	2	2	3	3	1	2	2	3	3	3	1	1	1	4	2	2	1	1	3	3	4	1	2	2	4	1	1	1	3	3	2	2	2	3	3	4	1	2	1	3	4	1	1	2	3	3	4	2	1	2	2	3	3	4	1	2	3	1	1	1	2	3	3	4	2	3	1	2	2	3	2	2	3	4	1	1	3	3	4	1	2	2	2	3	3	2	2	3	3	1	1	1	3	4	1	2	1	2	3	3	4	2	2	1	2	2	1	3	3	4	1	2	1	2	3	3	4	1	2	2	2	3	1	1	1	3	2	2	2	1	3	3	4	1	2	2	3	3	1	1	1	3	3	2	2	1	3	3	4	1	2	1	4	1	1	2	3	3	4	2	2	3	2	3	3	4	1	1	2	3	1	1	2	2	3	3	4	1	1	2	2	3	2	2	3	3	1	1	3	3	4	1	2	2	2	1	3	3	2	2	4	3	1	1	3	3	4	1	1	2	2	3	3	2	2	3	2	2	1	1	3	4	4	1	1	2	2	3	3	1	2	2	3	2	1	1	1	3	4	2	2	1	2	3	3	4	1	2	3	1	1	1	2	3	3	1	2	3	2	2	3	3	4	1	4	2	1	1	1	2	3	3	1	2	2	3	3	4	3	1	2	2	1	1	1	2	3	3	2	3	4	1	2	2	3	4	3	3	2	1	1	2	3	3	1	1	2	2	3	3	2	3	4	2	1	1	3	3	4	1	2	1	2	2	3	3	4	2	2	2	1	1	3	3	4	1	2	1	2	2	3	3	1	2	3	1	4	1	1	3	3	2	1	2	3	3	4	1	2	2	3	1	3	1	1	1	3	2	2	1	2	3	3	4	1	2	4	2	1	1	1	3	3	2	2	3	2	3	3	4	1	2	2	2	1	1	1	3	3	4	1	4	1	2	3	3	1	2	3	3	2	3	1	1	1	3	4	1	1	2	2	3	3	2	3	4	2	3	1	1	3	4	1	1	2	2	2	3	3	2	2	2	3	1	1	3	4	4	1	2	1	2	2	3	3	1	2	3	3	3	1	1	4	1	1	1	2	2	3	3	1	2	2	3	3	1	1	1	3	2	1	2	2	3	3	4	1	2	4	3	2	3	1	1	1	3	2	1	2	3	3	4	4	1	2	3	2	1	1	1	2	3	3	2	1	2	3	3	3	4	1	4	2	2	1	1	1	3	3	1	1	2	2	3	3	2	3	2	3	2	3	1	1	3	4	1	1	2	2	3	3	2	2	3	3	1	1	3	4	4	1	2	1	2	2	3	3	1	2	4	1	3	1	1	3	4	1	2	2	2	3	3	1	2	2	3	3	1	1	1	3	2	1	1	2	3	3	4	1	1	2	2	2	1	1	1	3	3	2	1	2	3	3	4	1	2	3	3	2	1	1	1	3	3	4	2	1	2	3	3	1	2	4	3	2	1	1	1	3	3	4	1	1	2	2	3	3	2	2	3	2	1	1	3	3	4	2	1	1	2	2	3	3	2	2	3	3	1	1	3	4	1	2	2	2	3	3	1	1	2	3	3	3	1	1	4	1	2	2	1	2	3	3	4	1	2	2	4	1	1	1	3	2	2	2	1	3	1	1	3	4	1	1	1	1	1	2	2	3	3	2	1	1	1	2	2	3	3	2	1	1	1	4	4	1	2	1	1	1	1	2	3	3	1	2	1	1	1	1	2	3	3	4	2
TIME_ASKED
0	28849	28898	28947	28996	29045	29094	29149	29198	29247	29296	29345	29394	29429	29458	29487	29516	29545	29574	29603	29632	29661	29690	29742	29784	29826	29868	29910	29952	29994	30029	30058	30087	30116	30145	30174	30203	30232	30261	30290	30329	30358	30387	30416	30445	30474	30503	30532	30561	30590	30621	30642	30663	30684	30705	30726	30747	30768	30789	30810	30831	30852	30873	30894	30949	30998	31047	31096	31145	31194	31227	31254	31281	31308	31335	31362	31389	31416	31443	31470	31497	31524	31548	31572	31596	31620	31644	31668	31692	31716	31740	31764	31788	31837	31874	31911	31948	31985	32022	32059	32096	32159	32218	32277	32336	32395	32419	32438	32457	32476	32495	32514	32533	32552	32571	32590	32609	32628	32647	32666	32685	32759	32818	32877	32936	32995	33027	33054	33081	33108	33135	33162	33189	33216	33243	33270	33297	33333	33366	33399	33432	33465	33498	33531	33564	33597	33616	33632	33648	33664	33680	33696	33712	33728	33744	33760	33776	33792	33808	33824	33840	33856	33872	33888	33933	33966	33999	34032	34065	34098	34131	34164	34197	34242	34284	34326	34368	34410	34452	34494	34533	34566	34599	34632	34665	34698	34731	34764	34797	34827	34854	34881	34908	34935	34962	34989	35016	35043	35070	35097	35137	35174	35211	35248	35285	35322	35359	35396	35433	35466	35499	35532	35565	35598	35631	35664	35697	35723	35746	35769	35792	35815	35838	35861	35884	35907	35930	35953	35976	35999	36023	36046	36069	36092	36115	36138	36161	36184	36207	36230	36253	36276	36299	36327	36354	36381	36408	36435	36462	36489	36516	36543	36570	36597	36619	36638	36657	36676	36695	36714	36733	36752	36771	36790	36809	36828	36847	36866	36885	36949	36998	37047	37096	37145	37194	37259	37318	37377	37436	37495	37549	37598	37647	37696	37745	37794	37827	37854	37881	37908	37935	37962	37989	38016	38043	38070	38097	38123	38146	38169	38192	38215	38238	38261	38284	38307	38330	38353	38376	38399	38419	38438	38457	38476	38495	38514	38533	38552	38571	38590	38609	38628	38647	38666	38685	38742	38784	38826	38868	38910	38952	38994	39029	39058	39087	39116	39145	39174	39203	39232	39261	39290	39349	39398	39447	39496	39545	39594	39633	39666	39699	39732	39765	39798	39831	39864	39897	39937	39974	40011	40048	40085	40122	40159	40196	40242	40284	40326	40368	40410	40452	40494	40542	40584	40626	40668	40710	40752	40794	40849	40898	40947	40996	41045	41094	41133	41166	41199	41232	41265	41298	41331	41364	41397	41423	41446	41469	41492	41515	41538	41561	41584	41607	41630	41653	41676	41699	41749	41798	41847	41896	41945	41994	42099	42198	42297	42342	42384	42426	42468	42510	42552	42594	42699	42798	42897	42923	42946	42969	42992	43015	43038	43061	43084	43107	43130	43153	43176	43199	43237	43274	43311	43348	43385	43422	43459	43496	43549	43598	43647	43696	43745	43794	43899	43998	44097	44159	44218	44277	44336	44395	44459	44518	44577	44636	44695	44799	44898	44997	45033	45066	45099	45132	45165	45198	45231	45264	45297	45337	45374	45411	45448	45485	45522	45559	45596	45637	45674	45711	45748	45785	45822	45859	45896	45959	46018	46077	46136	46195	46249	46298	46347	46396	46445	46494	46537	46574	46611	46648	46685	46722	46759	46796	46821	46842	46863	46884	46905	46926	46947	46968	46989	47010	47031	47052	47073	47094	47199	47298	47397	47437	47474	47511	47548	47585	47622	47659	47696	47737	47774	47811	47848	47885	47922	47959	47996	48049	48098	48147	48196	48245	48294	48324	48348	48372	48396	48420	48444	48468	48492	48516	48540	48564	48588	48627	48654	48681	48708	48735	48762	48789	48816	48843	48870	48897	48937	48974	49011	49048	49085	49122	49159	49196	49233	49266	49299	49332	49365	49398	49431	49464	49497	49537	49574	49611	49648	49685	49722	49759	49796	49827	49854	49881	49908	49935	49962	49989	50016	50043	50070	50097	50149	50198	50247	50296	50345	50394	50424	50448	50472	50496	50520	50544	50568	50592	50616	50640	50664	50688	50737	50774	50811	50848	50885	50922	50959	50996	51027	51054	51081	51108	51135	51162	51189	51216	51243	51270	51297	51324	51348	51372	51396	51420	51444	51468	51492	51516	51540	51564	51588	51637	51674	51711	51748	51785	51822	51859	51896	51933	51966	51999	52032	52065	52098	52131	52164	52197	52259	52318	52377	52436	52495	52517	52534	52551	52568	52585	52602	52619	52636	52653	52670	52687	52704	52721	52738	52755	52772	52789	52859	52918	52977	53036	53095	53137	53174	53211	53248	53285	53322	53359	53396	53459	53518	53577	53636	53695	53733	53766	53799	53832	53865	53898	53931	53964	53997	54027	54054	54081	54108	54135	54162	54189	54216	54243	54270	54297	54374	54448	54522	54596	54627	54654	54681	54708	54735	54762	54789	54816	54843	54870	54897	55049	55198	55237	55274	55311	55348	55385	55422	55459	55496	55574	55648	55722	55796	55827	55854	55881	55908	55935	55962	55989	56016	56043	56070	56097	56399	56499	56598	56697	56733	56766	56799	56832	56865	56898	56931	56964	56997	57049	57098	57147	57196	57245	57294	57359	57418	57477	57536	57595
ORIGIN
26	16	6	27	19	7	27	25	25	14	4	10	2	23	12	14	23	14	3	23	14	4	14	16	14	14	27	7	27	20	7	13	14	9	1	23	11	14	14	13	2	27	2	27	24	14	14	14	14	6	27	18	7	27	20	8	14	14	17	2	23	12	2	14	14	14	23	14	4	24	15	1	1	25	14	14	19	8	27	14	1	1	23	11	2	14	13	14	2	14	14	14	14	4	26	7	7	1	18	7	27	20	8	14	26	1	17	2	12	2	23	14	1	14	14	4	24	15	4	26	16	2	3	3	26	26	23	14	3	14	10	2	23	12	2	23	7	23	2	15	14	26	16	8	1	2	7	27	20	8	3	23	13	23	27	20	20	23	13	4	27	27	4	24	15	4	14	16	6	2	26	14	14	22	8	3	14	14	2	23	12	2	23	14	3	26	1	14	14	16	5	26	1	14	27	20	8	27	14	14	23	14	20	2	14	13	2	27	14	14	14	14	4	26	23	1	27	23	14	2	14	14	1	14	17	14	23	12	2	23	14	3	23	16	14	27	11	14	26	25	14	4	14	8	27	23	9	1	23	3	3	14	14	14	23	5	1	27	14	4	26	16	1	26	10	14	1	26	3	3	23	14	2	27	11	2	23	13	3	23	2	2	27	11	14	1	16	14	3	26	14	27	23	8	1	22	3	3	23	14	2	23	14	27	27	15	4	26	16	5	26	16	7	14	23	26	14	3	9	3	9	20	2	23	13	2	23	14	3	27	18	20	1	7	6	3	26	14	27	20	8	1	23	10	2	2	4	2	2	14	14	19	14	14	24	15	5	26	16	7	14	14	3	14	14	14	16	14	20	2	23	13	2	23	14	3	24	17	7	27	1	14	26	14	14	2	20	8	1	23	10	1	23	7	2	14	14	3	23	14	14	27	15	4	14	16	11	1	14	2	2	2	14	1	23	14	20	27	12	2	23	14	3	27	14	27	27	7	1	26	14	14	1	14	27	1	23	10	1	23	24	24	14	14	14	23	14	14	23	11	4	26	16	6	27	19	7	27	23	23	14	26	10	24	24	4	2	23	14	3	23	14	27	25	23	14	1	16	7	23	3	14	27	24	9	1	23	11	2	23	23	14	14	14	3	27	1	4	26	16	5	27	18	7	20	20	14	14	3	10	2	22	23	14	23	14	3	23	14	4	14	14	14	1	25	6	26	26	2	14	23	9	1	23	11	2	23	14	2	2	14	4	24	15	14	27	16	5	26	17	7	27	20	14	3	14	14	1	23	20	11	23	13	3	23	14	4	24	15	1	1	25	14	3	19	2	4	23	8	1	23	10	2	23	25	14	25	27	14	14	14	20	14	16	5	26	16	7	27	20	7	23	14	14	3	23	11	2	14	13	2	23	14	3	24	14	4	7	7	14	3	18	7	2	14	23	1	23	10	2	23	12	26	14	14	14	27	14	27	27	14	5	26	16	7	26	19	8	14	14	14	3	16	11	14	14	23	2	23	14	3	24	14	4	1	14	14	1	26	7	27	26	14	1	23	10	1	23	12	2	23	14	27	14	14	4	24	11	23	26	16	6	27	19	7	27	14	14	3	14	2	2	23	16	16	23	14	3	23	14	4	26	2	14	1	26	14	27	20	14	23	23	9	1	23	23	2	23	13	2	27	14	14	24	15	14	1	16	6	27	18	7	27	21	8	14	17	2	2	23	12	2	15	14	3	23	14	4	14	16	25	14	5	14	27	20	14	14	1	9	1	23	11	2	23	13	27	14	14	14	24	14	4	7	7	5	27	18	7	27	20	8	1	17	2	27	23	12	2	7	14
DESTINATION
3	14	17	2	22	23	2	14	14	3	23	14	14	27	11	16	1	25	14	4	26	14	9	14	1	1	23	20	2	14	13	7	2	14	14	27	15	5	5	7	27	18	27	18	2	26	8	1	1	17	2	27	20	2	14	14	1	16	6	27	27	11	14	25	25	2	3	26	14	2	14	14	23	14	3	3	22	14	2	16	23	14	27	15	14	20	7	8	14	9	9	1	26	14	3	13	13	23	27	20	2	14	14	4	14	14	6	27	11	14	1	8	14	2	26	14	2	14	14	3	14	14	23	23	14	14	27	1	26	1	14	14	27	11	14	1	13	1	27	11	2	3	14	14	23	14	20	2	14	14	26	27	7	1	18	7	7	1	7	14	23	23	14	2	14	14	1	14	17	14	14	4	4	2	14	26	16	16	14	27	11	14	1	25	14	3	14	10	2	14	14	3	23	3	2	14	14	2	16	5	1	2	7	27	20	7	14	23	10	1	4	26	14	3	27	14	2	27	4	24	15	4	14	16	6	2	27	11	14	1	25	14	3	14	2	23	12	2	3	14	3	23	3	14	2	27	14	14	27	26	14	20	20	8	1	14	14	23	26	14	3	14	14	3	14	2	14	14	26	26	27	1	27	18	20	14	1	7	14	3	27	14	23	12	2	23	14	3	23	14	4	2	26	14	14	19	26	14	4	8	27	1	1	23	23	11	14	3	14	14	3	16	20	1	27	14	4	26	14	26	17	7	27	1	7	14	1	26	14	2	27	11	23	13	17	23	14	4	2	14	14	14	27	14	14	27	14	27	27	8	1	22	10	2	2	14	14	3	14	20	2	4	26	4	16	5	16	2	7	27	27	7	14	1	26	14	1	9	20	2	23	2	14	26	3	24	14	14	14	27	14	14	27	20	27	20	20	14	3	10	2	23	14	14	26	14	12	24	2	14	14	24	15	14	27	16	7	23	11	14	1	25	14	23	26	2	23	13	23	3	3	3	24	4	23	14	27	14	14	27	2	2	20	8	8	3	1	1	1	12	14	3	14	17	2	22	23	2	27	27	4	14	14	2	1	14	14	1	25	14	4	26	2	14	27	2	23	14	20	27	14	4	2	1	14	14	27	15	14	27	27	1	1	26	14	23	23	14	3	14	14	2	27	20	11	14	4	4	26	14	14	19	7	4	1	25	14	3	26	14	4	2	2	23	14	17	14	14	27	25	27	14	14	27	15	14	7	26	27	27	9	14	1	11	2	23	14	14	3	9	20	2	14	4	26	16	5	14	27	7	20	1	7	14	3	26	14	2	14	23	23	14	3	23	22	24	14	26	14	14	27	14	14	27	14	16	14	23	9	1	26	14	2	14	14	3	16	20	2	14	23	27	16	5	26	27	15	27	20	7	14	1	26	14	2	26	14	23	13	3	23	27	20	24	15	1	14	27	14	14	27	11	23	8	8	1	23	26	23	23	25	14	3	14	20	14	22	14	16	5	5	26	16	15	20	20	7	14	1	26	14	1	26	14	23	2	2	23	14	20	2	14	4	14	27	14	14	27	11	14	1	1	23	10	2	14	2	12	26	3	14	17	2	22	23	2	15	5	26	16	27	14	27	14	14	1	25	14	5	26	14	3	14	2	23	14	3	2	14	4	1	27	14	14	27	1	14	1	7	14	23	10	1	2	14	2	23	14	17	2	27	23	2	7	14	16	6	27	14	27	11	27	14	25	14	4	26	14	2	14	14	3	23	3	2	14	4	2	14	14	14	27	15	14	27	7	23	9	1	1	1	26	14	13	13	14	2	27	20	2	14	14	14	6	27	18	27	11	14	21	8
DUE_DATE
0	31147	30476	30525	30094	30143	31392	30727	30776	30825	30874	30443	29952	31007	31036	30585	30614	30643	30132	31901	31210	31239	30788	30840	30882	31404	31446	31008	31050	30552	31127	30616	32385	31694	31723	31272	31301	31810	31839	31868	31427	31456	30945	30974	32743	32052	31601	32110	32139	31688	31719	32940	32241	32262	31803	31824	31845	33066	33087	33108	31389	32430	32451	33192	33247	32096	32145	31654	33443	32772	32805	31812	33579	33606	33633	32460	32487	32994	33021	33048	32595	32622	32106	33870	33174	33918	32742	32226	33990	34014	33318	32862	32886	32395	33452	34209	33526	33563	33120	33157	32654	34457	33796	33375	34634	34693	34717	34016	33555	33574	33053	34092	33631	34850	34149	34168	33707	34206	34225	33764	33243	35057	35116	33975	34034	33553	35325	34632	34659	34686	34233	34260	34767	34794	34341	34368	35595	35631	35664	34497	33990	35763	35076	35829	35142	34695	34714	34190	35226	35242	35978	35274	35290	36026	34842	34858	34334	36090	35386	36122	35418	34954	34970	34446	36231	35544	35577	35610	35163	36396	36429	36462	35295	35820	35862	35904	36666	35508	35550	35052	36831	36144	36177	35730	35763	36996	37029	37062	35895	35925	36432	36459	37206	36033	36060	35547	37314	36621	37368	35655	37435	37472	36789	36346	36383	35880	36937	36974	36531	37044	36597	36630	36123	37896	37929	37242	36795	38021	38044	37347	37370	36913	36936	36419	38182	38205	37508	37531	37074	37577	37601	37144	37167	38390	38413	37236	37259	36742	38505	37808	37831	37854	38597	37425	37452	37959	37986	36993	37560	38787	38814	37641	37668	37155	38917	38936	38235	38254	37793	37812	38311	38330	37869	38368	38387	39126	39145	37964	37443	37507	39296	39345	38674	38723	38292	38357	39616	38955	39014	38593	39127	39896	39945	39994	38843	38352	39405	39432	40179	39486	39033	39060	38547	40314	39621	39168	40395	40421	40444	39747	39290	39313	40536	39839	39382	39885	39908	39451	39474	38957	40717	38996	40035	40774	40793	40812	40111	39650	39669	40888	40187	40206	39745	39764	39243	39840	41082	40404	40446	41208	41250	41292	40607	40156	40185	40694	40243	39732	41501	40810	40839	40388	39907	40496	40545	41074	41843	41892	41211	40764	40797	42030	42063	41376	41409	40962	40995	41515	41072	40569	41626	42383	42420	41257	41294	40800	42582	41904	42666	41988	42030	41592	41640	41142	42204	42246	42288	43050	43092	41947	41996	41505	43294	42623	43392	42711	42744	42297	42330	43563	42876	42429	43662	41955	43721	43744	42567	42590	43093	43836	43139	42682	42705	42188	43951	43254	43277	42847	44096	42945	44194	44243	44292	43197	43776	43875	44640	43962	43524	43566	43068	44850	44172	43257	44376	45195	45221	45244	44067	44090	44593	44616	44159	44662	44205	44228	43711	45474	44777	44815	44852	45609	45646	45683	44520	44557	44054	45847	44156	45945	45274	44843	44892	46197	45576	45195	45257	45796	45375	46634	46693	46757	45616	45135	46934	46993	46377	46476	46095	46131	46644	46197	45690	46743	46296	47529	47562	46395	45895	47672	47709	47026	47063	47100	46657	46694	47215	47252	47289	46846	48083	48120	46957	46454	46517	48316	47655	48434	47773	47827	47396	47445	48694	48023	47592	47635	47672	48909	48946	47243	49020	49057	49094	48399	48420	47961	47982	49203	48504	48525	48066	48087	49308	49329	49350	48171	48672	49497	48876	48975	48535	48572	48069	49846	49163	48180	48757	49274	48835	50072	50109	50146	48983	49500	50257	49574	49147	49196	48705	48754	50543	49872	49422	49926	50670	50694	50718	50022	49566	49590	50094	50838	50142	49686	49725	49752	49239	51006	49293	50340	50367	51114	51141	51168	49995	50035	51272	51309	50626	50663	50220	50257	50774	50331	50844	50397	50910	50463	51696	51729	50562	50055	51835	51872	51189	51226	50783	50820	51337	51374	50925	50952	52179	52206	51033	50520	50547	52314	51621	52368	51675	51727	51296	51345	52594	51923	50952	52722	51546	52770	52794	51618	51102	52866	52170	52194	52218	51762	51786	53035	52352	52389	51946	51983	53220	53257	53294	52125	52632	53379	53406	52713	52260	52287	51774	53541	53568	52875	52902	52926	53670	53694	53718	52542	52566	53070	53814	53118	52662	52686	52195	53972	53289	52846	52883	53400	54157	54194	54231	53064	53097	52590	53643	54396	53709	53262	53295	54557	53896	52935	53534	54073	54815	54832	54849	53666	53683	53160	54917	54934	54231	54248	53785	53802	54299	54316	53853	54350	55087	55157	54016	54075	53594	54673	55435	55472	54789	54826	54383	54420	54937	54974	54557	54616	55875	55934	54793	54291	56064	55377	55410	55443	54996	55029	56262	56295	55605	55152	55179	55206	56433	56460	54747	56514	55821	55848	56595	55952	55546	55620	55154	56925	56232	56259	55266	57033	57060	57087	55914	56421	56448	56475	57347	56296	57535	57572	56409	55906	57683	57720	57757	57794	57872	57226	57300	56894	56925	57432	58179	58206	58233	57540	57567	57114	57141	57648	58395	58697	58797	57156	57255	59031	58344	59097	59130	59163	59196	58509	58062	58095	59347	58676	59445	59494	59543	59592	58937	58516	58575	58094	59173
TRANSPORT_MODE
0	2	2	2	1	1	1	0	0	2	2	1	1	1	1	0	2	2	2	1	1	1	2	0	2	1	1	1	1	2	0	0	2	2	1	1	1	1	2	0	2	1	1	1	1	2	0	0	2	2	1	1	1	1	1	0	0	3	3	3	1	1	1	0	0	2	2	1	1	1	1	0	3	3	3	1	1	1	2	0	2	1	1	1	1	3	0	0	3	3	1	1	1	1	2	0	0	2	1	1	1	1	1	0	3	3	3	1	1	1	1	0	0	2	2	2	1	1	1	0	0	3	3	1	1	1	1	0	2	2	2	1	1	1	1	0	0	3	3	1	1	1	2	0	2	2	1	1	1	1	3	0	0	3	1	1	1	1	1	0	2	2	2	1	1	1	0	1	0	3	3	3	1	1	1	0	0	2	2	1	1	1	1	0	0	3	3	3	1	1	1	2	0	2	1	1	1	1	3	0	3	3	1	1	1	1	2	0	0	2	1	1	1	1	3	0	0	3	3	1	1	1	1	1	0	2	2	2	1	1	1	0	0	3	3	1	1	1	2	0	2	2	0	1	1	1	1	0	0	3	3	1	1	1	1	0	2	2	2	1	1	1	1	0	0	3	3	1	1	1	1	0	2	2	2	1	1	1	1	0	0	3	3	3	1	1	1	0	0	1	2	2	1	1	1	0	3	3	3	1	1	1	0	0	0	1	2	2	1	1	1	0	1	3	3	3	1	1	1	0	2	2	1	1	1	0	1	0	1	3	3	3	1	1	1	0	0	1	2	2	1	1	1	0	0	1	3	3	1	1	1	0	1	2	2	2	1	1	0	0	1	3	3	1	1	1	0	0	1	2	2	2	1	1	1	0	1	3	3	1	1	1	0	0	1	2	2	2	1	1	1	0	0	1	3	3	1	1	1	0	1	2	1	2	2	1	1	0	0	1	3	3	3	1	1	0	0	1	1	2	2	1	1	0	1	3	3	3	1	1	1	0	0	1	2	2	1	1	1	0	1	3	3	3	1	1	1	0	0	1	2	2	1	1	1	0	0	1	1	3	3	3	1	1	0	1	2	2	2	1	1	0	0	1	1	3	3	1	1	0	1	2	2	0	2	1	1	1	0	1	3	3	1	1	1	0	0	1	2	2	2	1	1	1	0	1	1	3	3	1	1	0	0	1	1	2	2	2	1	1	0	1	3	3	3	1	1	0	0	1	1	2	2	1	1	0	0	1	1	3	3	3	1	1	0	1	2	2	1	1	1	0	0	1	3	3	3	1	1	1	0	1	1	2	2	0	1	1	0	1	1	3	3	3	1	1	0	1	2	2	2	1	1	0	0	0	1	1	3	3	1	1	0	1	2	2	2	1	1	1	0	1	3	3	1	1	1	0	0	1	2	2	2	1	1	1	0	0	1	3	3	1	1	1	0	1	1	2	2	2	1	1	0	1	3	3	3	1	1	0	0	1	2	2	1	0	1	1	0	1	3	3	3	1	1	1	0	1	2	2	1	1	1	0	0	1	3	3	3	1	1	1	0	1	2	2	1	1	1	0	0	1	3	3	3	1	1	1	0	1	2	2	2	1	1	0	0	1	3	3	1	1	1	0	0	1	2	2	2	1	1	1	0	1	3	3	1	1	1	0	1	2	2	2	1	0	1	1	0	1	3	3	1	1	1	0	0	1	2	2	2	1	1	1	0	3	3	3	1	1	1	0	0	1	3	3	1	1	1	0	3	3	3	1	1	1	1	0	0	3	3	1	1	1	1	0	3	3	3	1	1	1	1	0	0	3	3	1	1	1	1	0	0	3	3	3	1	1	1	1	0
PATIENT_WEIGHT
89	73	71	103	66	56	148	92	134	148	71	65	118	89	117	74	136	69	102	114	66	90	89	85	30	143	32	67	105	81	86	81	144	103	50	67	107	58	49	77	86	32	103	47	31	129	116	140	144	100	48	102	52	86	77	73	100	146	83	40	120	77	80	137	48	118	57	78	123	35	42	65	118	73	45	66	108	92	119	101	120	39	56	95	123	37	144	103	113	145	141	59	145	138	71	115	103	33	110	38	147	72	47	109	99	33	42	73	119	80	36	130	42	132	36	137	106	32	96	92	39	89	56	84	134	76	131	60	56	80	133	96	121	123	50	85	59	111	35	130	57	134	146	95	64	94	88	46	59	133	145	38	147	121	30	33	79	72	81	150	89	80	88	149	96	50	104	123	84	32	32	52	57	149	134	33	66	119	133	127	95	65	42	49	114	61	70	74	64	142	101	44	47	124	117	52	54	86	128	57	119	62	45	131	96	147	106	89	114	47	115	148	108	115	98	69	57	109	102	72	51	79	91	125	69	150	59	45	48	106	103	51	139	46	43	46	95	65	136	119	114	134	47	140	33	147	61	121	115	58	69	121	101	113	46	92	69	53	70	131	71	55	110	114	37	95	77	36	62	53	132	60	126	115	143	71	87	86	55	68	149	139	117	43	66	40	45	113	143	42	125	119	109	86	34	51	59	53	85	33	89	60	77	93	77	139	137	99	80	124	116	105	36	130	137	96	54	150	100	31	120	150	69	149	116	88	87	105	144	124	122	139	37	104	41	99	119	64	82	75	121	67	48	115	114	68	128	150	107	85	125	127	130	145	69	116	68	65	92	147	129	84	57	69	140	105	96	114	135	141	130	71	144	133	56	104	118	132	107	108	134	47	138	85	117	100	34	48	115	150	86	76	61	45	96	30	35	132	147	60	112	30	71	76	59	105	42	125	110	93	73	138	35	71	81	46	148	62	121	83	40	46	68	111	126	119	51	30	127	55	30	50	50	148	114	87	42	37	138	86	127	136	135	47	64	95	105	137	50	148	100	91	62	34	34	78	145	105	112	121	40	134	108	90	62	62	124	93	104	123	100	76	65	61	89	144	133	110	135	97	37	134	45	80	101	118	32	136	117	85	139	140	37	63	118	116	97	100	138	84	56	59	143	121	51	102	141	118	105	32	33	131	81	95	93	117	130	51	119	37	87	143	75	113	148	44	90	79	36	54	36	99	40	69	136	150	134	32	39	147	32	150	55	49	132	45	148	79	133	131	119	145	80	109	124	65	110	88	42	33	69	120	37	88	113	99	114	103	40	127	73	65	123	44	36	31	50	72	47	95	85	149	80	75	58	34	94	122	39	108	74	39	62	68	136	61	108	64	43	145	90	51	32	57	69	87	50	46	126	53	114	125	126	94	107	55	127	107	130	141	114	145	121	40	75	82	47	104	74	79	105	120	49	59	97	86	97	54	48	149	144	102	41	80	35	84	62	106	114	98	87	83	65	95	112	42	80	49	145	86	107	41	43	90	63	83	44	34	111	52	132	43	115	54	48	93	47	61	52	39	109	85	140	65	51	115	78	88	127	30	100	65	147	115	121	57	145	114	147	76	47	103	83	134	119	81	132	59	134	78	33	137	132	81	44	130	114	95	65	76	145	148	59	106	146	133	88	133	97	60	102	66	41	109	148	104	49	44	123	37	109	126	146	127	93	100	32	131	38	124	62	94	133	150	40	74	30	123	99	62	133	78	96	47	119	94	147	82	95	70	90	105	30	112	102	98	70	113	85	109	68	122	72	121	111	72	104	52	40	36	114	91	96	63	142	138	87	36	37	112	123
DISTANCE_MATRIX
0	360	318	300	288	276	264	264	150	150	150	60	90	90	162	168	204	228	234	312	360	408	348	318	168	192	168	318
360	60	264	318	324	342	342	342	348	348	354	360	372	378	378	420	420	480	462	498	462	462	384	420	372	420	378	378
318	264	60	270	276	288	288	288	294	294	294	318	318	324	324	414	414	468	462	486	462	462	330	366	366	408	372	324
300	318	270	60	276	288	288	288	288	288	288	300	300	312	318	408	408	468	462	486	438	438	318	360	360	402	360	312
288	324	276	276	60	276	276	276	276	276	276	288	288	300	300	402	396	462	456	480	432	432	300	360	360	402	348	300
276	342	288	288	276	60	180	180	252	258	264	264	264	288	288	390	390	456	450	480	432	432	288	348	348	348	288	288
264	342	288	288	276	180	60	180	246	258	264	264	264	288	288	390	390	456	450	480	432	432	288	348	348	348	288	288
264	342	288	288	276	180	180	60	240	258	264	264	264	288	288	390	390	456	450	480	432	432	288	348	348	348	288	288
150	348	294	288	276	252	246	240	60	120	120	150	126	270	270	378	384	420	438	480	420	408	276	300	300	300	276	270
150	348	294	288	276	258	258	258	120	60	120	150	150	270	270	378	384	420	438	480	420	408	276	300	300	300	276	270
150	354	294	288	276	264	264	264	120	120	60	150	150	270	270	378	384	420	438	480	420	408	276	300	300	300	276	270
60	360	318	300	288	264	264	264	150	150	150	60	90	162	168	228	234	312	360	408	348	318	168	192	192	198	168	162
90	372	318	300	288	264	264	264	150	150	150	90	60	162	168	228	234	312	360	408	348	318	168	192	192	198	168	162
90	378	324	312	300	288	288	288	270	270	270	162	162	60	120	180	180	306	210	360	300	300	120	180	120	180	120	234
162	378	324	318	300	288	288	288	270	270	270	168	168	120	60	180	180	306	210	360	300	300	120	180	120	180	120	120
168	420	414	408	402	348	348	348	300	300	300	228	228	180	180	60	132	204	132	348	258	258	186	60	180	132	222	180
204	420	414	408	396	390	390	390	384	384	384	234	234	180	180	132	60	204	132	348	258	258	186	60	180	132	222	180
228	480	468	468	462	456	456	456	420	420	420	312	312	306	306	204	204	60	198	120	240	240	306	204	306	138	306	306
234	462	462	462	456	450	450	450	438	438	438	360	360	210	210	132	132	198	60	138	132	132	210	132	210	132	210	210
312	498	486	486	480	480	480	480	480	480	480	408	408	360	360	348	348	120	138	60	348	348	360	348	360	348	360	360
360	462	462	438	432	432	432	432	420	420	420	348	348	300	300	258	258	240	132	348	60	60	300	258	300	258	300	300
408	462	462	438	432	432	432	432	408	408	408	318	318	300	300	258	258	240	132	348	60	60	300	258	300	258	300	300
348	384	330	318	300	288	288	288	276	276	276	168	168	120	120	186	186	306	210	360	300	300	60	186	120	186	120	120
318	420	366	360	360	348	348	348	300	300	300	192	192	180	180	60	60	204	132	348	258	258	186	60	180	60	180	180
168	372	300	306	300	288	288	288	270	270	270	168	168	120	120	180	180	306	210	360	300	300	120	180	60	180	120	120
192	420	408	402	402	348	348	348	300	300	300	198	198	180	180	132	132	138	132	348	258	258	186	60	180	60	180	180
168	378	372	360	348	288	288	288	276	276	276	168	168	120	120	222	222	306	210	360	300	300	120	180	120	180	60	120
318	378	324	312	300	288	288	288	270	270	270	162	162	234	120	180	180	306	210	360	300	300	120	180	120	180	120	60
DEPOTS_DISTANCE
234	462	462	462	456	450	450	450	438	438	438	360	360	210	210	132	132	198	60	138	132	132	210	132	210	132	210	210	
348	384	330	318	300	288	288	288	276	276	276	168	168	120	120	186	186	306	210	360	300	300	60	186	120	186	120	120	
318	420	366	360	360	348	348	348	300	300	300	192	192	180	180	60	60	204	132	348	258	258	186	60	180	60	180	180	
LOCATION_TURN_MATRIX
100	130	122	113	112	199	136	122	129	152	173	146	151	136	158	140	176	113	122	167	194	134	110	172	114	184	100	147	
170	100	154	188	164	169	136	136	152	170	104	183	155	115	101	104	155	187	174	115	149	134	178	168	114	135	168	102	
178	146	100	161	178	114	104	165	117	139	126	169	192	109	120	179	160	152	154	134	113	140	154	179	196	196	192	181	
187	112	139	100	158	114	195	181	104	132	195	106	183	169	132	170	140	136	172	148	116	110	123	136	151	120	176	169	
188	136	122	142	100	175	164	159	112	100	167	164	135	191	132	181	104	123	142	156	108	117	193	182	116	147	156	185	
101	131	186	186	125	100	190	147	164	150	137	102	145	176	185	131	113	108	117	186	118	151	140	178	154	189	172	110	
164	164	196	105	136	110	100	186	153	151	183	193	111	157	144	123	188	142	110	163	105	190	166	187	170	171	186	126	
178	164	135	119	141	153	114	100	106	130	108	103	151	178	122	151	130	133	184	177	110	141	166	110	122	174	191	197	
171	148	183	196	188	136	147	194	100	167	100	146	168	129	128	142	172	118	174	147	105	158	156	160	120	106	119	136	
148	130	161	168	200	150	149	170	133	100	177	106	175	116	188	180	176	194	108	146	130	187	183	173	128	141	169	176	
127	196	174	105	133	163	117	192	200	123	100	171	175	140	183	115	104	186	128	153	151	175	100	146	191	117	132	197	
154	117	131	194	136	198	107	197	154	194	129	100	136	184	140	147	172	184	148	131	103	156	185	200	152	158	154	143	
149	145	108	117	165	155	189	149	132	125	125	164	100	140	199	142	101	144	163	185	117	191	200	143	113	165	102	154	
164	185	191	131	109	124	143	122	171	184	160	116	160	100	109	116	196	113	131	186	166	139	183	175	144	161	105	170	
142	199	180	168	168	115	156	178	172	112	117	160	101	191	100	147	177	177	199	158	172	188	164	175	180	168	154	195	
160	196	121	130	119	169	177	149	158	120	185	153	158	184	153	100	152	159	197	157	181	159	102	123	168	200	124	186	
124	145	140	160	196	187	112	170	128	124	196	128	199	104	123	148	100	149	114	112	117	135	105	132	138	180	198	156	
187	113	148	164	177	192	158	167	182	106	114	116	156	187	123	141	151	100	166	132	168	163	159	123	129	173	161	116	
178	126	146	128	158	183	190	116	126	192	172	152	137	169	101	103	186	134	100	184	199	137	130	160	148	113	140	150	
133	185	166	152	144	114	137	123	153	154	147	169	115	114	142	143	188	168	116	100	111	195	128	157	191	164	141	171	
106	151	187	184	192	182	195	190	195	170	149	197	183	134	128	119	183	132	101	189	100	129	151	163	147	166	104	177	
166	166	160	190	183	149	110	159	142	113	125	144	109	161	112	141	165	137	163	105	171	100	101	185	169	129	103	197	
190	122	146	177	107	160	134	134	144	117	200	115	100	117	136	198	195	141	170	172	149	199	100	106	150	116	118	145	
128	132	121	164	118	122	113	190	140	127	154	100	157	125	125	177	168	177	140	143	137	115	194	100	128	167	115	155	
186	186	104	149	184	146	130	178	180	172	109	148	187	156	120	132	162	171	152	109	153	131	150	172	100	155	124	184	
116	165	104	180	153	111	129	126	194	159	183	142	135	139	132	100	120	127	187	136	134	171	184	133	145	100	129	192	
200	132	108	124	144	128	114	109	181	131	168	146	198	195	146	176	102	139	160	159	196	197	182	185	176	171	100	146	
153	198	119	131	115	190	174	103	164	124	103	157	146	130	105	114	144	184	150	129	123	103	155	145	116	108	154	100	
DEPOTS_TO_LOCAL_TURN_MATRIX
178	126	146	128	158	183	190	116	126	192	172	152	137	169	101	103	186	134	100	184	199	137	130	160	148	113	140	150	
190	122	146	177	107	160	134	134	144	117	200	115	100	117	136	198	195	141	170	172	149	199	100	106	150	116	118	145	
128	132	121	164	118	122	113	190	140	127	154	100	157	125	125	177	168	177	140	143	137	115	194	100	128	167	115	155	
LOCAL_TO_DEPOT_TURN_MATRIX
122	174	154	172	142	117	110	184	174	108	128	148	163	131	199	197	114	166	100	116	101	163	170	140	152	187	160	150	
110	178	154	123	193	140	166	166	156	183	100	185	200	183	164	102	105	159	130	128	151	101	100	194	150	184	182	155	
172	168	179	136	182	178	187	110	160	173	146	200	143	175	175	123	132	123	160	157	163	185	106	100	172	133	185	145	

