INDEX_PROBLEM
1
PATIENTS
800
STRETCHERS
16
NUM_ROOM
28
NUM_DEPOT
3
NUM_PRIORITY
4
PRIORITY_LIST
0	1	2	3	4
PRIORITY_WEIGHT
0	1	10	18	30
PRIORITY_JOB
0	2	3	3	4	2	2	3	4	4	4	2	3	3	4	3	4	2	2	3	4	4	4	4	3	2	3	3	4	4	1	4	2	3	4	4	4	2	2	4	4	3	4	4	2	3	3	3	4	4	4	2	2	3	4	3	4	1	1	1	4	2	3	3	1	4	4	4	2	2	3	4	4	1	1	1	4	2	3	3	2	4	4	4	1	2	4	3	4	1	1	1	4	4	2	2	1	3	3	4	4	4	2	3	4	4	1	1	3	4	4	2	2	1	2	3	4	4	2	3	3	4	1	1	4	4	2	2	3	1	3	4	4	2	3	3	4	4	1	1	4	1	2	3	2	1	4	4	4	2	2	3	4	3	2	1	1	1	4	2	3	3	3	4	4	2	2	3	4	1	4	4	1	1	1	4	2	3	2	3	4	4	2	2	3	4	1	1	1	4	4	2	3	1	4	3	4	4	4	1	2	4	1	1	1	3	4	4	2	1	3	2	3	4	4	4	2	4	4	3	1	1	3	4	2	2	3	2	3	4	4	2	3	3	4	4	1	1	4	2	2	1	3	4	4	3	2	4	3	4	2	1	1	4	4	1	2	1	1	3	4	4	2	2	3	4	3	4	1	1	1	4	2	2	3	3	3	4	4	2	2	4	3	3	1	1	1	4	2	3	2	3	4	4	2	2	3	4	4	4	1	1	1	4	4	2	2	3	3	4	4	1	2	4	3	1	1	1	3	4	4	2	1	2	3	4	4	4	2	4	3	3	1	1	4	4	4	1	2	2	2	3	4	2	3	3	4	4	4	1	1	4	2	2	2	3	4	4	4	2	3	3	4	1	1	4	4	1	2	3	1	3	4	4	2	2	3	4	3	2	1	1	1	4	4	2	1	3	4	4	2	2	3	4	2	4	1	1	1	4	2	3	2	3	3	4	4	2	2	3	3	1	1	1	4	4	2	3	1	3	4	4	4	1	2	4	4	1	1	1	3	4	4	2	1	2	3	4	4	4	2	4	3	1	1	3	4	4	2	2	4	2	3	4	4	2	3	3	3	1	1	4	4	2	2	2	2	3	4	4	2	3	3	4	4	1	1	4	1	2	3	2	4	4	4	2	3	3	4	1	4	1	1	1	4	2	3	1	2	4	4	4	2	2	3	4	3	1	1	1	4	4	2	3	2	3	4	4	2	2	1	4	1	1	3	4	4	2	3	2	3	3	4	4	1	2	1	4	1	1	3	4	4	2	3	1	4	3	4	4	4	2	1	3	4	1	3	4	4	2	2	1	3	3	4	4	2	3	3	4	2	1	1	4	4	2	2	2	3	4	4	2	3	3	1	4	1	4	4	1	2	3	3	1	4	4	4	2	3	3	1	4	1	1	4	4	2	3	1	2	4	4	4	2	2	3	3	2	1	1	1	4	2	3	2	1	3	4	4	2	2	3	4	1	1	1	4	4	2	3	1	3	4	4	2	4	3	1	4	1	1	2	3	4	4	2	2	4	3	3	4	4	2	3	3	1	1	4	4	4	2	2	4	2	3	4	4	2	3	3	4	1	1	3	4	2	2	3	3	4	4	2	3	3	4	4	1	1	1	4	4	2	2	1	3	4	4	2	3	3	1	3	2	1	4	4	2	3	4	1	4	4	2	2	3	4	4	4	2	1	1	1	2	3	3	3	1	4	2	2	3	4	4	3	4	1	1	1	2	3	3	1	1	1	4	4	4	2	1	2	1	1	2	3	4	4	1	1	2	1	2	3	3	4	1	1	2	1	1	4	1	2	3	4	1	1	1	1	4	4	2	1	2	1	1	2	3	4	4	3	1
TIME_ASKED
0	28849	28898	28947	28996	29045	29094	29149	29198	29247	29296	29345	29394	29429	29458	29487	29516	29545	29574	29603	29632	29661	29690	29742	29784	29826	29868	29910	29952	29994	30029	30058	30087	30116	30145	30174	30203	30232	30261	30290	30329	30358	30387	30416	30445	30474	30503	30532	30561	30590	30621	30642	30663	30684	30705	30726	30747	30768	30789	30810	30831	30852	30873	30894	30949	30998	31047	31096	31145	31194	31227	31254	31281	31308	31335	31362	31389	31416	31443	31470	31497	31524	31548	31572	31596	31620	31644	31668	31692	31716	31740	31764	31788	31837	31874	31911	31948	31985	32022	32059	32096	32159	32218	32277	32336	32395	32419	32438	32457	32476	32495	32514	32533	32552	32571	32590	32609	32628	32647	32666	32685	32759	32818	32877	32936	32995	33027	33054	33081	33108	33135	33162	33189	33216	33243	33270	33297	33333	33366	33399	33432	33465	33498	33531	33564	33597	33616	33632	33648	33664	33680	33696	33712	33728	33744	33760	33776	33792	33808	33824	33840	33856	33872	33888	33933	33966	33999	34032	34065	34098	34131	34164	34197	34242	34284	34326	34368	34410	34452	34494	34533	34566	34599	34632	34665	34698	34731	34764	34797	34827	34854	34881	34908	34935	34962	34989	35016	35043	35070	35097	35137	35174	35211	35248	35285	35322	35359	35396	35433	35466	35499	35532	35565	35598	35631	35664	35697	35723	35746	35769	35792	35815	35838	35861	35884	35907	35930	35953	35976	35999	36023	36046	36069	36092	36115	36138	36161	36184	36207	36230	36253	36276	36299	36327	36354	36381	36408	36435	36462	36489	36516	36543	36570	36597	36619	36638	36657	36676	36695	36714	36733	36752	36771	36790	36809	36828	36847	36866	36885	36949	36998	37047	37096	37145	37194	37259	37318	37377	37436	37495	37549	37598	37647	37696	37745	37794	37827	37854	37881	37908	37935	37962	37989	38016	38043	38070	38097	38123	38146	38169	38192	38215	38238	38261	38284	38307	38330	38353	38376	38399	38419	38438	38457	38476	38495	38514	38533	38552	38571	38590	38609	38628	38647	38666	38685	38742	38784	38826	38868	38910	38952	38994	39029	39058	39087	39116	39145	39174	39203	39232	39261	39290	39349	39398	39447	39496	39545	39594	39633	39666	39699	39732	39765	39798	39831	39864	39897	39937	39974	40011	40048	40085	40122	40159	40196	40242	40284	40326	40368	40410	40452	40494	40542	40584	40626	40668	40710	40752	40794	40849	40898	40947	40996	41045	41094	41133	41166	41199	41232	41265	41298	41331	41364	41397	41423	41446	41469	41492	41515	41538	41561	41584	41607	41630	41653	41676	41699	41749	41798	41847	41896	41945	41994	42099	42198	42297	42342	42384	42426	42468	42510	42552	42594	42699	42798	42897	42923	42946	42969	42992	43015	43038	43061	43084	43107	43130	43153	43176	43199	43237	43274	43311	43348	43385	43422	43459	43496	43549	43598	43647	43696	43745	43794	43899	43998	44097	44159	44218	44277	44336	44395	44459	44518	44577	44636	44695	44799	44898	44997	45033	45066	45099	45132	45165	45198	45231	45264	45297	45337	45374	45411	45448	45485	45522	45559	45596	45637	45674	45711	45748	45785	45822	45859	45896	45959	46018	46077	46136	46195	46249	46298	46347	46396	46445	46494	46537	46574	46611	46648	46685	46722	46759	46796	46821	46842	46863	46884	46905	46926	46947	46968	46989	47010	47031	47052	47073	47094	47199	47298	47397	47437	47474	47511	47548	47585	47622	47659	47696	47737	47774	47811	47848	47885	47922	47959	47996	48049	48098	48147	48196	48245	48294	48324	48348	48372	48396	48420	48444	48468	48492	48516	48540	48564	48588	48627	48654	48681	48708	48735	48762	48789	48816	48843	48870	48897	48937	48974	49011	49048	49085	49122	49159	49196	49233	49266	49299	49332	49365	49398	49431	49464	49497	49537	49574	49611	49648	49685	49722	49759	49796	49827	49854	49881	49908	49935	49962	49989	50016	50043	50070	50097	50149	50198	50247	50296	50345	50394	50424	50448	50472	50496	50520	50544	50568	50592	50616	50640	50664	50688	50737	50774	50811	50848	50885	50922	50959	50996	51027	51054	51081	51108	51135	51162	51189	51216	51243	51270	51297	51324	51348	51372	51396	51420	51444	51468	51492	51516	51540	51564	51588	51637	51674	51711	51748	51785	51822	51859	51896	51933	51966	51999	52032	52065	52098	52131	52164	52197	52259	52318	52377	52436	52495	52517	52534	52551	52568	52585	52602	52619	52636	52653	52670	52687	52704	52721	52738	52755	52772	52789	52859	52918	52977	53036	53095	53137	53174	53211	53248	53285	53322	53359	53396	53459	53518	53577	53636	53695	53733	53766	53799	53832	53865	53898	53931	53964	53997	54027	54054	54081	54108	54135	54162	54189	54216	54243	54270	54297	54374	54448	54522	54596	54627	54654	54681	54708	54735	54762	54789	54816	54843	54870	54897	55049	55198	55237	55274	55311	55348	55385	55422	55459	55496	55574	55648	55722	55796	55827	55854	55881	55908	55935	55962	55989	56016	56043	56070	56097	56399	56499	56598	56697	56733	56766	56799	56832	56865	56898	56931	56964	56997	57049	57098	57147	57196	57245	57294	57359	57418	57477	57536	57595
ORIGIN
26	16	6	27	19	7	27	14	25	25	14	10	2	23	5	5	25	14	3	23	14	14	20	14	26	14	27	27	27	20	4	4	14	9	1	23	11	14	14	27	7	2	27	27	24	14	14	14	23	6	27	18	7	27	20	8	14	14	17	2	23	12	2	3	14	5	23	14	4	24	11	11	14	14	14	25	19	8	9	9	9	23	23	11	2	14	27	14	26	14	26	14	14	4	5	5	23	5	18	7	27	20	26	8	23	14	17	2	2	2	14	14	14	25	14	4	24	15	4	2	16	25	3	26	3	26	23	12	25	14	10	2	23	14	2	4	23	14	14	1	15	15	23	20	23	14	7	27	20	14	3	13	14	14	14	27	20	2	14	14	7	7	8	24	15	4	14	16	8	15	15	15	14	2	14	14	14	14	14	23	12	2	23	27	14	11	14	14	27	27	8	14	1	9	1	20	8	27	3	2	2	13	13	2	14	4	26	7	26	26	25	14	4	26	7	1	7	1	14	14	14	14	14	14	14	14	14	25	2	23	14	3	2	26	7	7	11	14	11	14	16	12	12	8	27	23	23	14	3	2	23	14	14	14	2	26	14	7	14	2	26	16	1	23	23	3	14	14	26	14	3	14	14	23	25	27	23	13	3	23	7	7	8	23	14	1	25	25	14	3	20	20	23	8	1	23	1	1	14	26	14	2	27	1	1	14	1	14	16	5	26	3	14	14	14	14	3	14	14	27	1	26	25	14	13	2	23	7	3	1	23	23	1	7	14	3	13	13	14	20	8	1	23	10	27	2	14	14	26	26	14	1	14	14	14	20	5	26	3	9	14	2	3	20	14	14	3	26	26	2	2	4	2	23	23	26	1	3	1	8	7	4	1	13	14	23	27	11	1	23	10	1	14	14	23	11	14	14	27	14	2	2	2	2	14	14	3	23	9	3	2	14	14	3	14	14	1	27	14	27	23	14	3	16	23	2	23	14	14	1	1	3	14	14	14	23	23	10	1	14	2	27	27	14	27	14	14	14	3	3	3	12	16	6	27	19	7	2	14	26	14	14	26	14	14	14	14	26	14	3	23	14	7	1	2	2	1	25	14	27	16	27	27	2	9	26	1	11	26	27	2	1	27	14	26	26	27	2	2	11	5	27	18	7	2	2	2	14	17	2	2	22	23	27	26	26	3	23	14	4	14	4	25	14	25	26	20	26	20	27	27	2	1	23	11	2	23	27	27	16	14	14	14	15	14	27	27	1	26	17	7	27	20	24	27	14	14	2	20	20	24	27	27	26	23	14	4	27	15	27	27	14	14	26	14	14	14	14	14	1	23	10	2	14	7	14	14	27	27	15	14	14	2	2	14	26	16	7	27	14	26	1	14	3	20	2	2	2	2	2	3	23	14	3	24	14	4	2	2	3	26	14	2	2	2	2	27	27	10	2	23	12	14	4	14	27	14	14	14	27	4	27	27	14	7	26	19	2	14	1	3	16	20	20	2	14	23	23	23	14	3	24	14	4	27	27	26	1	14	2	27	14	14	2	13	10	1	23	12	2	23	23	23	23	14	14	27	15	15	1	16	6	27	19	7	27	22	23	2	20	14	14	23	26	20	27	14	3	23	14	20	20	1	27	27	26	1	26	20	2	7	7	9	1	23	23	7	23	4	14	7	14	27	11	15	14	1	10	6	27	18	7	27	14	14	14	14	14	2	23	2	2	2	14	3	23	14	4	27	14	7	23	14	5	27	20	14	14	14	9	1	23	11	2	14	14	13	20	13	27	24	14	1	4	1	5	27	18	7	27	20	8	1	14	17	2	23	12	2	16	1
DESTINATION
3	14	17	2	22	23	2	2	14	14	3	14	14	27	14	14	14	25	14	4	2	20	14	9	14	9	23	23	2	14	14	14	26	14	14	27	15	10	5	23	13	27	18	18	2	26	8	8	1	17	2	27	20	2	14	14	25	16	6	27	27	11	14	14	25	14	3	26	14	2	12	12	25	5	25	14	22	14	14	14	14	1	27	15	14	20	23	4	14	4	14	9	26	14	14	14	27	14	27	20	2	14	14	14	7	15	6	27	27	14	20	8	8	14	26	14	2	14	14	14	14	14	23	14	23	14	27	11	14	26	14	14	27	8	14	14	1	9	9	23	11	11	27	14	27	5	13	2	14	4	26	7	26	26	5	18	7	27	26	8	23	23	14	2	14	14	1	14	14	14	14	14	4	24	15	25	16	16	25	27	11	14	1	23	16	12	10	2	23	23	14	4	23	14	23	14	14	2	26	14	14	7	7	27	20	14	3	13	14	14	14	26	14	3	13	14	13	23	25	8	8	15	15	16	16	8	15	14	14	1	25	14	14	3	20	20	12	2	12	2	14	11	11	14	2	27	1	1	26	14	1	20	8	8	27	3	2	13	25	14	3	14	14	27	1	26	25	25	14	4	26	1	1	1	14	23	1	7	14	3	13	13	14	1	2	23	14	14	2	26	7	7	26	14	14	1	14	14	8	3	8	27	23	14	14	2	14	20	14	14	3	26	2	2	2	2	26	16	1	23	23	3	14	4	7	14	1	13	14	23	27	27	23	13	3	23	7	7	8	7	14	14	27	14	2	27	2	2	23	23	8	23	1	1	1	14	14	3	14	14	1	27	14	14	16	5	26	3	3	14	14	14	14	1	1	3	14	14	14	14	13	14	23	7	3	1	23	12	14	27	14	14	3	3	1	12	8	1	23	10	27	27	14	14	26	26	14	7	14	14	14	20	5	26	3	9	14	2	3	2	1	25	14	16	27	27	27	4	2	23	23	26	1	3	1	1	27	14	14	26	27	2	2	1	23	10	10	1	14	14	14	11	14	17	2	22	23	27	26	14	3	3	14	3	3	2	3	14	25	14	4	26	20	14	27	27	23	14	3	23	16	2	23	27	14	14	14	15	14	23	27	23	23	10	14	14	2	27	27	20	14	2	27	20	24	27	27	16	6	27	27	19	7	2	14	14	14	3	26	14	26	14	14	3	14	14	7	14	7	2	2	14	14	27	15	14	27	2	2	16	9	26	1	11	26	2	2	14	3	9	20	2	11	2	2	5	5	27	7	7	2	2	2	3	3	26	14	2	14	2	2	26	3	14	4	4	2	4	4	14	27	14	14	2	20	4	2	23	23	11	2	2	27	27	1	3	16	20	2	1	14	23	1	26	7	27	27	27	24	27	26	1	26	14	2	26	14	27	24	26	14	4	27	24	27	27	23	23	14	14	27	11	15	14	1	23	10	2	2	23	14	23	2	20	20	14	22	14	26	14	26	16	7	7	27	20	1	1	27	26	14	1	26	14	2	2	3	23	3	24	2	4	4	14	7	14	14	27	11	14	1	27	27	27	10	2	23	14	14	14	14	17	2	22	23	2	19	27	27	7	26	26	27	14	7	23	25	14	5	26	14	14	23	23	23	14	24	14	14	27	20	13	14	14	27	1	20	1	14	2	13	10	23	12	14	2	23	14	17	2	27	23	2	16	1	15	1	16	14	27	27	14	27	25	14	4	26	14	23	5	20	27	3	23	2	14	20	20	26	14	14	27	15	14	20	4	7	7	7	23	1	26	23	14	23	14	2	27	20	2	14	14	23	10	6	27	27	11	14	14	14
DUE_DATE
0	30427	29996	30045	29554	30623	30672	30247	29756	29805	29854	30923	30492	30527	30016	30585	30074	31123	31152	30701	30190	30219	30248	30300	30882	31404	30966	31008	30510	30552	32327	30616	31665	31214	30703	30732	30761	31810	31839	30848	30887	31456	30945	30974	32023	31572	31601	31630	31119	31148	31179	32220	32241	31782	31263	31824	31305	33066	33087	33108	31389	32430	31971	31992	33247	31556	31605	31654	32723	32772	32325	31812	31839	33606	33633	33660	31947	32994	32541	32568	33075	32082	32106	32130	33894	33198	32202	32766	32250	34014	34038	34062	32346	32395	33452	33489	34246	33083	33120	32617	32654	32717	33796	33375	32894	32953	34717	34736	33555	33034	33053	34092	34111	34850	34149	33688	33167	33186	34225	33764	33783	33317	35116	35175	33494	33553	34605	34632	34179	35406	34233	33720	33747	34794	34341	34368	33855	33891	35664	35697	33990	35763	35076	34629	35142	35895	34174	34190	34206	35242	35258	34794	34270	34826	35322	36058	36074	36090	34366	35402	34938	34954	34970	34446	34491	35544	35577	35130	34623	36396	34689	34722	36495	36540	36582	34884	35946	35508	36030	35592	35091	35124	36177	36210	35763	35256	37029	37062	37095	35385	35412	36459	36006	37233	35520	36087	35574	35601	35628	37395	36715	35732	37509	37546	37583	36420	35917	35954	37011	37764	36597	37110	36663	36156	36189	36222	37275	36281	36304	36867	38090	38113	36936	36419	37462	37485	37028	37531	37074	36557	36581	37624	37167	37190	36673	36696	38459	38482	36765	37808	37831	38574	37397	36885	36912	37479	37986	36993	37560	37047	38094	38841	38868	37155	37177	38936	38235	38974	38993	37812	37291	37310	38349	38368	37907	37386	37945	37424	39183	39247	39296	37605	38674	38723	38292	38357	38416	37935	37994	39073	39127	38156	38745	38794	40043	40092	40125	38412	39459	39006	39513	39060	38547	38574	39621	39648	39195	38681	38704	38727	40490	40513	40536	38819	38842	39885	39908	39451	39474	38957	38977	40736	40035	39034	39593	40812	40831	40850	39669	39148	39167	40206	40945	40244	39783	39300	39342	39384	40446	39468	40050	40092	41327	41356	39645	39674	39703	41472	40781	40810	40839	40388	39907	40976	40545	40594	40103	40152	40191	41964	41997	40290	41343	41376	41409	40962	40455	40495	40532	41589	41146	41183	40680	42457	42494	40800	40842	42624	41946	41508	42750	41592	41100	41142	42204	42246	41808	41310	41892	42427	43196	43245	43294	41603	41652	42711	43464	42297	41790	41823	42876	42909	42462	41955	43001	42004	43767	43790	43813	42096	43139	42682	43185	42728	42751	42234	42257	43327	43376	42945	42994	44243	44292	44397	42756	42855	43920	43482	44724	43566	43068	43110	43152	44997	44376	43455	43481	45244	45267	45290	44113	43596	43619	44662	45405	44708	44251	43734	43757	43795	44852	43869	44446	45683	45720	44557	44054	44107	45176	45225	44254	45323	44892	44457	44556	45675	45257	45316	45375	46634	46693	45017	45076	46155	46214	46273	46377	45996	45555	45591	46644	46197	46230	45723	45756	47529	47562	45855	47635	46952	46509	47026	46043	46080	46117	47174	46735	46772	46269	48046	46343	48120	48157	48194	46517	47596	47175	48434	47773	46807	46856	46905	47974	48023	47592	47095	47672	48909	48946	48983	47280	47317	48374	47919	48420	47961	47442	47463	48504	48525	49266	47547	49308	49329	48150	47631	47652	48777	48396	48975	48535	48572	48069	48106	49883	49200	49957	48254	50035	50072	48909	48406	48443	49500	49057	50294	48607	49196	48705	48754	48803	49872	50622	49446	48930	50694	49518	49002	49026	50070	50094	50838	49662	49686	49185	49212	50259	49806	49833	49320	50367	51114	51141	49428	49455	50515	50552	50589	50146	49643	49680	50737	50294	50331	51564	49857	51630	49923	49956	51729	51042	50595	50635	51872	50169	50206	50243	51300	50857	50894	52125	50412	52179	52206	50493	50520	51567	51114	52341	51648	50655	50707	50756	51825	51874	51443	51492	52002	52746	52770	52794	51078	52122	51666	52170	52914	51738	51222	51246	52315	52352	51909	51406	53183	53220	53257	51554	51585	52632	52179	53406	52233	51720	51747	52794	51801	52368	53595	51882	53646	53670	52974	52518	52002	52026	53070	53094	52098	52662	52686	52195	52232	53289	52846	52883	54120	54157	52454	52491	52524	53577	53610	52623	53676	53229	52722	52755	53837	53416	53475	52994	54793	54815	53632	53109	54146	54163	53700	53717	53194	53211	54248	53785	53802	53279	53296	55053	55070	55087	53417	53476	54555	54614	55393	54235	53732	53769	54826	54383	54420	55657	54494	55037	55816	54135	54194	55273	54831	54324	56097	54390	54423	55476	55509	55062	54555	54585	54612	55659	56406	56433	56460	55767	55314	55341	55368	56595	54932	56026	56100	55694	55185	55212	55779	55266	57033	57060	57087	56394	55941	55968	57195	57347	57496	55795	55832	55869	56926	57683	57000	57757	57794	57152	56746	56280	56354	58125	58152	57459	58206	57513	57060	57087	56574	58341	58368	57675	58697	58797	57156	58995	58311	57864	57357	59130	59163	59196	59229	57522	57555	58627	59396	58725	59494	59543	58872	58457	57976	58035	58634	59893
TRANSPORT_MODE
0	2	2	2	1	1	1	2	0	2	1	1	1	1	2	0	2	2	1	1	1	1	2	0	0	2	1	1	1	1	2	0	2	2	1	1	1	1	2	0	0	2	2	1	1	1	1	0	0	2	2	1	1	1	1	0	0	3	3	3	1	1	1	1	0	0	2	2	1	1	1	1	0	3	3	3	1	1	1	2	0	2	1	1	1	1	0	1	0	3	3	3	1	1	1	1	0	0	2	2	2	1	1	1	0	0	3	3	1	1	1	1	0	0	1	2	2	2	1	1	1	0	3	3	1	1	1	1	0	0	2	2	2	1	1	1	1	0	3	3	1	1	1	1	0	0	2	2	2	1	1	1	1	0	0	3	3	3	1	1	1	0	2	1	2	1	1	1	0	0	0	1	3	3	3	1	1	1	0	1	2	2	1	1	1	0	3	3	3	1	1	1	1	0	0	2	2	1	1	1	1	0	3	3	3	1	1	1	1	0	0	2	2	2	1	1	1	0	0	1	3	3	1	1	1	0	0	1	2	2	2	1	1	1	0	1	3	3	1	1	1	0	1	2	2	2	1	0	1	1	0	3	3	1	1	1	1	0	0	2	2	2	1	1	1	1	0	1	3	3	3	1	1	0	0	1	2	2	1	1	1	0	0	1	3	3	3	1	1	1	0	1	2	2	1	1	1	0	0	1	3	3	3	1	1	1	0	2	2	1	1	1	1	0	0	3	3	3	1	1	1	1	0	2	2	1	2	1	1	0	0	1	3	3	1	1	1	0	0	1	2	2	2	1	1	1	0	0	1	3	3	1	1	1	0	2	2	2	1	1	1	1	0	3	3	1	1	1	1	0	0	2	2	2	1	1	1	1	0	0	3	3	3	1	1	1	0	1	2	2	1	1	1	0	0	1	3	3	3	1	1	1	0	0	1	2	2	1	1	1	0	3	3	3	1	1	1	1	0	2	2	1	1	1	1	0	0	3	3	3	1	1	1	1	0	2	2	2	1	1	1	0	0	3	3	1	1	1	1	0	0	1	2	2	2	1	1	1	0	3	3	1	1	1	1	0	0	2	2	2	1	1	1	1	0	3	3	1	1	1	2	0	2	2	1	1	1	1	1	0	0	3	3	3	1	1	1	0	0	2	2	1	1	1	1	0	0	3	3	3	1	1	1	1	0	2	2	1	1	1	3	0	3	3	1	1	1	1	2	0	0	2	1	1	1	1	3	0	3	3	1	1	1	1	2	0	0	2	2	1	1	1	3	0	0	3	1	1	1	1	2	0	0	2	1	2	1	1	1	0	0	3	3	1	1	1	1	0	2	2	2	1	1	1	3	0	3	1	1	1	1	2	0	0	2	2	1	1	1	1	3	0	3	3	1	1	1	2	0	0	2	1	1	1	1	1	0	0	3	3	3	1	1	1	0	0	2	2	1	1	1	1	0	3	3	3	1	1	1	2	0	1	2	1	1	1	0	3	0	3	3	1	1	1	1	2	0	0	2	1	1	1	1	1	0	3	3	1	1	1	1	0	0	2	2	2	1	1	1	0	0	3	3	1	1	1	1	0	2	2	2	1	1	1	1	0	0	3	3	1	1	1	2	0	2	2	1	1	1	1	3	0	0	3	1	1	1	1	2	0	2	2	1	1	1	1	1	0	0	3	3	3	1	1	1	0	0	2	2	1	1	1	1	0	0	3	3	3	1	1	1	3	0	3	1	1	1	1	3	0	3	3	1	1	1	1	3	0	0	3	1	1	1	1	3	0	0	3	3	1	1	1	1	1	0	3	3	3	1	1	1	0	0	3	3	1	1	1	1	0	0
PATIENT_WEIGHT
119	79	149	137	30	147	48	53	137	62	94	40	125	120	38	96	143	83	116	124	107	126	34	32	89	125	114	115	148	147	99	43	127	140	61	57	140	38	37	128	122	40	99	41	38	83	79	126	87	134	36	86	70	31	53	134	134	130	111	59	125	64	136	150	78	57	78	37	107	139	142	117	66	33	37	87	57	75	34	73	80	126	108	39	96	118	33	57	66	145	123	133	96	138	71	115	87	74	48	34	34	141	58	124	145	87	54	65	93	70	56	84	107	130	101	49	129	103	43	98	93	137	107	79	80	47	113	45	121	59	106	117	58	142	112	70	118	90	52	58	92	35	111	30	87	35	123	66	50	126	111	38	47	49	55	89	37	137	116	52	125	147	140	77	80	116	56	94	147	61	75	80	106	67	92	105	125	87	141	111	76	50	31	33	52	32	43	146	82	114	108	38	114	112	83	54	106	96	140	149	85	113	110	103	132	143	68	70	36	121	39	49	125	61	147	42	56	119	113	147	142	105	69	137	45	146	87	131	41	54	96	83	112	59	139	70	71	130	113	80	54	77	59	63	111	87	68	107	85	91	46	65	43	63	80	133	86	122	92	145	116	47	93	126	89	103	41	50	104	33	80	81	93	68	90	131	130	99	125	145	134	50	67	79	78	34	54	43	32	140	114	64	31	107	138	99	77	58	54	35	84	87	130	77	137	32	146	106	110	79	34	64	144	98	69	53	129	127	79	73	49	124	83	102	140	126	47	70	130	71	45	143	73	46	108	126	146	99	84	142	40	144	49	114	90	86	48	62	47	132	117	63	82	51	104	122	107	77	69	87	51	36	40	58	33	37	135	122	44	30	57	106	72	103	48	49	58	53	120	128	43	68	138	126	47	52	41	110	46	42	111	50	91	131	125	97	89	88	99	105	150	33	114	35	108	100	125	148	49	49	33	51	58	118	39	69	103	131	76	134	60	75	86	32	64	146	88	143	50	95	116	104	76	91	73	42	114	146	92	36	34	141	149	143	121	121	132	63	84	132	84	147	122	36	107	59	77	63	75	142	113	36	135	63	37	122	137	148	139	117	147	67	119	76	79	125	97	76	146	66	51	92	124	89	82	33	62	125	35	101	65	130	118	54	113	74	37	32	119	81	41	30	77	58	111	86	148	118	48	46	64	129	103	49	112	72	65	137	130	113	120	74	115	133	141	105	44	138	30	126	144	99	35	128	40	140	103	46	110	50	116	81	140	122	34	116	30	140	46	71	149	105	149	134	54	75	78	125	134	148	131	60	140	46	77	75	141	78	42	50	50	42	33	66	146	53	144	134	62	42	115	49	100	105	71	77	76	112	86	117	65	132	128	40	140	47	84	31	119	95	64	82	123	132	82	34	130	114	59	54	110	130	58	90	140	69	30	120	74	77	41	32	79	97	107	40	85	101	119	61	46	52	57	79	125	104	40	116	100	36	34	52	87	30	67	50	135	126	90	133	130	74	140	82	150	114	31	36	138	66	30	149	131	74	71	70	58	111	62	41	146	123	137	82	49	141	121	32	47	62	117	142	69	118	34	31	60	124	30	99	123	146	130	104	133	138	101	45	125	44	108	49	73	139	113	75	70	53	123	97	69	79	88	66	91	136	73	128	91	41	43	78	63	143	123	69	115	74	31	48	70	76	51	70	46	42	109	61	81	89	97	102	149	119	56	34	128	34	49	133	58	79	122	79	123	49	32	83	119	143	84	141	42	45	89	130	120	119	86	45	110	67	55	37	63	101	102	41	142	150	143	82	51	116	37	128	94	71	50	128	118	38	138	140	122	106	149	93	115	91	62
DISTANCE_MATRIX
0	360	318	300	288	276	264	264	150	150	150	60	90	90	162	168	204	228	234	312	360	408	348	318	168	192	168	318
360	60	264	318	324	342	342	342	348	348	354	360	372	378	378	420	420	480	462	498	462	462	384	420	372	420	378	378
318	264	60	270	276	288	288	288	294	294	294	318	318	324	324	414	414	468	462	486	462	462	330	366	366	408	372	324
300	318	270	60	276	288	288	288	288	288	288	300	300	312	318	408	408	468	462	486	438	438	318	360	360	402	360	312
288	324	276	276	60	276	276	276	276	276	276	288	288	300	300	402	396	462	456	480	432	432	300	360	360	402	348	300
276	342	288	288	276	60	180	180	252	258	264	264	264	288	288	390	390	456	450	480	432	432	288	348	348	348	288	288
264	342	288	288	276	180	60	180	246	258	264	264	264	288	288	390	390	456	450	480	432	432	288	348	348	348	288	288
264	342	288	288	276	180	180	60	240	258	264	264	264	288	288	390	390	456	450	480	432	432	288	348	348	348	288	288
150	348	294	288	276	252	246	240	60	120	120	150	126	270	270	378	384	420	438	480	420	408	276	300	300	300	276	270
150	348	294	288	276	258	258	258	120	60	120	150	150	270	270	378	384	420	438	480	420	408	276	300	300	300	276	270
150	354	294	288	276	264	264	264	120	120	60	150	150	270	270	378	384	420	438	480	420	408	276	300	300	300	276	270
60	360	318	300	288	264	264	264	150	150	150	60	90	162	168	228	234	312	360	408	348	318	168	192	192	198	168	162
90	372	318	300	288	264	264	264	150	150	150	90	60	162	168	228	234	312	360	408	348	318	168	192	192	198	168	162
90	378	324	312	300	288	288	288	270	270	270	162	162	60	120	180	180	306	210	360	300	300	120	180	120	180	120	234
162	378	324	318	300	288	288	288	270	270	270	168	168	120	60	180	180	306	210	360	300	300	120	180	120	180	120	120
168	420	414	408	402	348	348	348	300	300	300	228	228	180	180	60	132	204	132	348	258	258	186	60	180	132	222	180
204	420	414	408	396	390	390	390	384	384	384	234	234	180	180	132	60	204	132	348	258	258	186	60	180	132	222	180
228	480	468	468	462	456	456	456	420	420	420	312	312	306	306	204	204	60	198	120	240	240	306	204	306	138	306	306
234	462	462	462	456	450	450	450	438	438	438	360	360	210	210	132	132	198	60	138	132	132	210	132	210	132	210	210
312	498	486	486	480	480	480	480	480	480	480	408	408	360	360	348	348	120	138	60	348	348	360	348	360	348	360	360
360	462	462	438	432	432	432	432	420	420	420	348	348	300	300	258	258	240	132	348	60	60	300	258	300	258	300	300
408	462	462	438	432	432	432	432	408	408	408	318	318	300	300	258	258	240	132	348	60	60	300	258	300	258	300	300
348	384	330	318	300	288	288	288	276	276	276	168	168	120	120	186	186	306	210	360	300	300	60	186	120	186	120	120
318	420	366	360	360	348	348	348	300	300	300	192	192	180	180	60	60	204	132	348	258	258	186	60	180	60	180	180
168	372	300	306	300	288	288	288	270	270	270	168	168	120	120	180	180	306	210	360	300	300	120	180	60	180	120	120
192	420	408	402	402	348	348	348	300	300	300	198	198	180	180	132	132	138	132	348	258	258	186	60	180	60	180	180
168	378	372	360	348	288	288	288	276	276	276	168	168	120	120	222	222	306	210	360	300	300	120	180	120	180	60	120
318	378	324	312	300	288	288	288	270	270	270	162	162	234	120	180	180	306	210	360	300	300	120	180	120	180	120	60
DEPOTS_DISTANCE
234	462	462	462	456	450	450	450	438	438	438	360	360	210	210	132	132	198	60	138	132	132	210	132	210	132	210	210	
348	384	330	318	300	288	288	288	276	276	276	168	168	120	120	186	186	306	210	360	300	300	60	186	120	186	120	120	
318	420	366	360	360	348	348	348	300	300	300	192	192	180	180	60	60	204	132	348	258	258	186	60	180	60	180	180	
LOCATION_TURN_MATRIX
100	130	122	113	112	199	136	122	129	152	173	146	151	136	158	140	176	113	122	167	194	134	110	172	114	184	100	147	
170	100	154	188	164	169	136	136	152	170	104	183	155	115	101	104	155	187	174	115	149	134	178	168	114	135	168	102	
178	146	100	161	178	114	104	165	117	139	126	169	192	109	120	179	160	152	154	134	113	140	154	179	196	196	192	181	
187	112	139	100	158	114	195	181	104	132	195	106	183	169	132	170	140	136	172	148	116	110	123	136	151	120	176	169	
188	136	122	142	100	175	164	159	112	100	167	164	135	191	132	181	104	123	142	156	108	117	193	182	116	147	156	185	
101	131	186	186	125	100	190	147	164	150	137	102	145	176	185	131	113	108	117	186	118	151	140	178	154	189	172	110	
164	164	196	105	136	110	100	186	153	151	183	193	111	157	144	123	188	142	110	163	105	190	166	187	170	171	186	126	
178	164	135	119	141	153	114	100	106	130	108	103	151	178	122	151	130	133	184	177	110	141	166	110	122	174	191	197	
171	148	183	196	188	136	147	194	100	167	100	146	168	129	128	142	172	118	174	147	105	158	156	160	120	106	119	136	
148	130	161	168	200	150	149	170	133	100	177	106	175	116	188	180	176	194	108	146	130	187	183	173	128	141	169	176	
127	196	174	105	133	163	117	192	200	123	100	171	175	140	183	115	104	186	128	153	151	175	100	146	191	117	132	197	
154	117	131	194	136	198	107	197	154	194	129	100	136	184	140	147	172	184	148	131	103	156	185	200	152	158	154	143	
149	145	108	117	165	155	189	149	132	125	125	164	100	140	199	142	101	144	163	185	117	191	200	143	113	165	102	154	
164	185	191	131	109	124	143	122	171	184	160	116	160	100	109	116	196	113	131	186	166	139	183	175	144	161	105	170	
142	199	180	168	168	115	156	178	172	112	117	160	101	191	100	147	177	177	199	158	172	188	164	175	180	168	154	195	
160	196	121	130	119	169	177	149	158	120	185	153	158	184	153	100	152	159	197	157	181	159	102	123	168	200	124	186	
124	145	140	160	196	187	112	170	128	124	196	128	199	104	123	148	100	149	114	112	117	135	105	132	138	180	198	156	
187	113	148	164	177	192	158	167	182	106	114	116	156	187	123	141	151	100	166	132	168	163	159	123	129	173	161	116	
178	126	146	128	158	183	190	116	126	192	172	152	137	169	101	103	186	134	100	184	199	137	130	160	148	113	140	150	
133	185	166	152	144	114	137	123	153	154	147	169	115	114	142	143	188	168	116	100	111	195	128	157	191	164	141	171	
106	151	187	184	192	182	195	190	195	170	149	197	183	134	128	119	183	132	101	189	100	129	151	163	147	166	104	177	
166	166	160	190	183	149	110	159	142	113	125	144	109	161	112	141	165	137	163	105	171	100	101	185	169	129	103	197	
190	122	146	177	107	160	134	134	144	117	200	115	100	117	136	198	195	141	170	172	149	199	100	106	150	116	118	145	
128	132	121	164	118	122	113	190	140	127	154	100	157	125	125	177	168	177	140	143	137	115	194	100	128	167	115	155	
186	186	104	149	184	146	130	178	180	172	109	148	187	156	120	132	162	171	152	109	153	131	150	172	100	155	124	184	
116	165	104	180	153	111	129	126	194	159	183	142	135	139	132	100	120	127	187	136	134	171	184	133	145	100	129	192	
200	132	108	124	144	128	114	109	181	131	168	146	198	195	146	176	102	139	160	159	196	197	182	185	176	171	100	146	
153	198	119	131	115	190	174	103	164	124	103	157	146	130	105	114	144	184	150	129	123	103	155	145	116	108	154	100	
DEPOTS_TO_LOCAL_TURN_MATRIX
178	126	146	128	158	183	190	116	126	192	172	152	137	169	101	103	186	134	100	184	199	137	130	160	148	113	140	150	
190	122	146	177	107	160	134	134	144	117	200	115	100	117	136	198	195	141	170	172	149	199	100	106	150	116	118	145	
128	132	121	164	118	122	113	190	140	127	154	100	157	125	125	177	168	177	140	143	137	115	194	100	128	167	115	155	
LOCAL_TO_DEPOT_TURN_MATRIX
122	174	154	172	142	117	110	184	174	108	128	148	163	131	199	197	114	166	100	116	101	163	170	140	152	187	160	150	
110	178	154	123	193	140	166	166	156	183	100	185	200	183	164	102	105	159	130	128	151	101	100	194	150	184	182	155	
172	168	179	136	182	178	187	110	160	173	146	200	143	175	175	123	132	123	160	157	163	185	106	100	172	133	185	145	

