INDEX_PROBLEM
1
PATIENTS
800
STRETCHERS
16
NUM_ROOM
28
NUM_DEPOT
3
NUM_PRIORITY
4
PRIORITY_LIST
0	1	2	3	4
PRIORITY_WEIGHT
0	1	10	18	30
PRIORITY_JOB
0	2	2	3	4	4	2	3	3	4	4	2	2	3	4	4	4	2	3	3	4	4	4	4	2	2	3	4	4	4	2	3	3	3	4	4	1	2	4	4	3	4	4	4	2	2	3	3	4	4	2	3	4	4	4	4	4	1	1	2	2	3	4	2	4	4	2	3	3	4	1	3	1	2	2	3	4	4	1	1	4	2	3	3	4	4	1	4	1	1	2	3	4	4	2	2	4	2	3	3	4	4	1	3	2	1	1	2	3	4	4	1	3	2	2	3	4	4	4	4	4	1	1	1	2	3	3	4	2	2	3	4	4	1	4	1	1	1	4	2	3	3	4	2	4	1	2	3	4	1	3	4	1	1	4	4	2	3	3	2	3	4	4	2	3	4	4	4	4	1	1	2	2	3	4	2	1	4	4	2	3	3	4	4	1	1	2	2	3	4	2	3	4	4	2	3	3	4	1	4	1	4	1	2	3	4	1	2	4	4	2	3	3	4	1	3	3	1	1	4	2	3	4	2	1	4	2	2	3	4	4	4	4	1	1	1	2	3	3	1	4	4	2	2	3	4	4	3	4	1	1	1	4	2	3	2	3	4	2	2	3	4	3	4	1	1	1	4	4	2	3	2	3	4	4	4	2	3	3	4	4	4	1	1	4	2	2	1	3	4	4	2	3	3	4	3	4	1	1	4	2	2	3	1	3	4	4	2	3	3	4	4	1	1	4	2	2	3	2	1	4	4	4	2	3	3	4	3	4	1	1	2	3	4	2	1	4	2	2	3	4	4	4	4	3	2	1	1	1	3	3	1	2	4	2	2	3	4	4	4	4	1	1	1	2	3	3	1	4	4	2	2	3	4	3	4	4	1	1	1	2	3	3	3	3	4	4	4	1	2	3	4	4	4	4	1	1	1	2	2	1	3	4	4	2	3	2	3	4	4	2	1	1	2	3	1	3	4	4	4	2	3	3	4	4	4	1	1	2	2	3	2	1	4	4	4	2	3	3	4	3	4	1	1	1	2	3	3	1	4	4	2	2	3	4	4	4	4	2	3	1	1	1	3	2	4	4	2	2	3	4	3	1	4	2	1	1	1	3	3	2	4	4	2	2	3	4	4	3	4	4	1	1	1	2	3	1	3	4	4	1	2	3	4	4	4	4	4	1	1	1	2	2	3	3	4	4	2	3	3	4	3	4	4	1	1	2	2	1	3	4	4	2	3	3	4	4	4	1	1	2	2	3	2	1	4	4	4	2	3	3	4	4	4	1	1	1	2	3	2	1	2	4	4	2	2	3	4	4	4	2	3	1	1	1	3	1	1	4	4	2	2	3	4	4	4	2	1	1	1	3	3	3	4	4	2	2	3	4	4	3	4	1	1	1	4	2	3	1	3	4	4	1	2	3	4	4	4	4	1	1	1	4	2	2	2	3	4	4	2	3	3	3	4	4	1	1	2	2	3	2	4	4	4	2	3	3	4	4	4	1	1	2	2	3	1	1	4	4	2	3	3	4	4	4	1	1	1	2	3	4	2	1	4	4	2	2	3	4	4	4	2	2	1	1	1	3	3	2	4	2	2	3	4	4	3	1	4	1	1	1	2	3	3	3	4	2	2	3	4	4	4	3	1	1	1	4	2	3	3	1	4	4	1	2	3	4	4	4	4	1	1	1	2	2	3	2	4	4	2	3	4	4	4	3	1	1	4	2	2	3	2	2	1	1	1	4	4	2	1	1	3	3	4	4	2	1	1	1	1	1	2	3	4	1	2	1	4	4	2	3	3	2	2	1	1	1	1	4	1	2	3	1	1	1	1	4	4	4	2	2
TIME_ASKED
0	28849	28898	28947	28996	29045	29094	29149	29198	29247	29296	29345	29394	29429	29458	29487	29516	29545	29574	29603	29632	29661	29690	29742	29784	29826	29868	29910	29952	29994	30029	30058	30087	30116	30145	30174	30203	30232	30261	30290	30329	30358	30387	30416	30445	30474	30503	30532	30561	30590	30621	30642	30663	30684	30705	30726	30747	30768	30789	30810	30831	30852	30873	30894	30949	30998	31047	31096	31145	31194	31227	31254	31281	31308	31335	31362	31389	31416	31443	31470	31497	31524	31548	31572	31596	31620	31644	31668	31692	31716	31740	31764	31788	31837	31874	31911	31948	31985	32022	32059	32096	32159	32218	32277	32336	32395	32419	32438	32457	32476	32495	32514	32533	32552	32571	32590	32609	32628	32647	32666	32685	32759	32818	32877	32936	32995	33027	33054	33081	33108	33135	33162	33189	33216	33243	33270	33297	33333	33366	33399	33432	33465	33498	33531	33564	33597	33616	33632	33648	33664	33680	33696	33712	33728	33744	33760	33776	33792	33808	33824	33840	33856	33872	33888	33933	33966	33999	34032	34065	34098	34131	34164	34197	34242	34284	34326	34368	34410	34452	34494	34533	34566	34599	34632	34665	34698	34731	34764	34797	34827	34854	34881	34908	34935	34962	34989	35016	35043	35070	35097	35137	35174	35211	35248	35285	35322	35359	35396	35433	35466	35499	35532	35565	35598	35631	35664	35697	35723	35746	35769	35792	35815	35838	35861	35884	35907	35930	35953	35976	35999	36023	36046	36069	36092	36115	36138	36161	36184	36207	36230	36253	36276	36299	36327	36354	36381	36408	36435	36462	36489	36516	36543	36570	36597	36619	36638	36657	36676	36695	36714	36733	36752	36771	36790	36809	36828	36847	36866	36885	36949	36998	37047	37096	37145	37194	37259	37318	37377	37436	37495	37549	37598	37647	37696	37745	37794	37827	37854	37881	37908	37935	37962	37989	38016	38043	38070	38097	38123	38146	38169	38192	38215	38238	38261	38284	38307	38330	38353	38376	38399	38419	38438	38457	38476	38495	38514	38533	38552	38571	38590	38609	38628	38647	38666	38685	38742	38784	38826	38868	38910	38952	38994	39029	39058	39087	39116	39145	39174	39203	39232	39261	39290	39349	39398	39447	39496	39545	39594	39633	39666	39699	39732	39765	39798	39831	39864	39897	39937	39974	40011	40048	40085	40122	40159	40196	40242	40284	40326	40368	40410	40452	40494	40542	40584	40626	40668	40710	40752	40794	40849	40898	40947	40996	41045	41094	41133	41166	41199	41232	41265	41298	41331	41364	41397	41423	41446	41469	41492	41515	41538	41561	41584	41607	41630	41653	41676	41699	41749	41798	41847	41896	41945	41994	42099	42198	42297	42342	42384	42426	42468	42510	42552	42594	42699	42798	42897	42923	42946	42969	42992	43015	43038	43061	43084	43107	43130	43153	43176	43199	43237	43274	43311	43348	43385	43422	43459	43496	43549	43598	43647	43696	43745	43794	43899	43998	44097	44159	44218	44277	44336	44395	44459	44518	44577	44636	44695	44799	44898	44997	45033	45066	45099	45132	45165	45198	45231	45264	45297	45337	45374	45411	45448	45485	45522	45559	45596	45637	45674	45711	45748	45785	45822	45859	45896	45959	46018	46077	46136	46195	46249	46298	46347	46396	46445	46494	46537	46574	46611	46648	46685	46722	46759	46796	46821	46842	46863	46884	46905	46926	46947	46968	46989	47010	47031	47052	47073	47094	47199	47298	47397	47437	47474	47511	47548	47585	47622	47659	47696	47737	47774	47811	47848	47885	47922	47959	47996	48049	48098	48147	48196	48245	48294	48324	48348	48372	48396	48420	48444	48468	48492	48516	48540	48564	48588	48627	48654	48681	48708	48735	48762	48789	48816	48843	48870	48897	48937	48974	49011	49048	49085	49122	49159	49196	49233	49266	49299	49332	49365	49398	49431	49464	49497	49537	49574	49611	49648	49685	49722	49759	49796	49827	49854	49881	49908	49935	49962	49989	50016	50043	50070	50097	50149	50198	50247	50296	50345	50394	50424	50448	50472	50496	50520	50544	50568	50592	50616	50640	50664	50688	50737	50774	50811	50848	50885	50922	50959	50996	51027	51054	51081	51108	51135	51162	51189	51216	51243	51270	51297	51324	51348	51372	51396	51420	51444	51468	51492	51516	51540	51564	51588	51637	51674	51711	51748	51785	51822	51859	51896	51933	51966	51999	52032	52065	52098	52131	52164	52197	52259	52318	52377	52436	52495	52517	52534	52551	52568	52585	52602	52619	52636	52653	52670	52687	52704	52721	52738	52755	52772	52789	52859	52918	52977	53036	53095	53137	53174	53211	53248	53285	53322	53359	53396	53459	53518	53577	53636	53695	53733	53766	53799	53832	53865	53898	53931	53964	53997	54027	54054	54081	54108	54135	54162	54189	54216	54243	54270	54297	54374	54448	54522	54596	54627	54654	54681	54708	54735	54762	54789	54816	54843	54870	54897	55049	55198	55237	55274	55311	55348	55385	55422	55459	55496	55574	55648	55722	55796	55827	55854	55881	55908	55935	55962	55989	56016	56043	56070	56097	56399	56499	56598	56697	56733	56766	56799	56832	56865	56898	56931	56964	56997	57049	57098	57147	57196	57245	57294	57359	57418	57477	57536	57595
ORIGIN
26	16	6	27	19	7	27	25	25	14	4	10	2	23	5	26	27	14	3	23	14	23	14	14	14	14	27	27	27	20	4	4	7	9	1	23	11	14	14	27	2	27	2	27	24	14	14	23	23	6	27	18	7	27	20	8	23	14	17	2	23	12	2	14	14	13	23	14	4	24	14	1	23	25	14	14	19	8	9	9	23	23	23	11	2	14	14	14	14	14	14	14	14	4	5	23	23	2	18	7	27	20	8	8	27	1	17	2	2	2	14	14	14	14	14	4	24	15	4	2	16	25	7	3	26	26	23	23	25	1	10	2	23	14	2	23	27	1	14	15	14	15	23	4	14	7	7	27	20	14	14	13	27	27	27	20	20	2	14	14	7	7	8	24	15	4	23	16	8	26	26	14	14	2	14	14	14	14	14	23	12	2	23	27	1	14	23	14	14	27	14	14	14	9	1	20	8	27	11	14	27	13	13	2	14	4	5	7	26	26	14	14	4	26	26	8	23	23	14	2	14	14	14	14	14	13	14	25	2	23	14	3	2	15	16	25	11	14	11	23	16	12	16	8	27	23	23	4	3	4	14	23	14	14	2	20	14	7	14	2	26	16	14	23	14	14	3	26	3	3	3	14	13	23	25	27	23	13	3	23	13	7	7	15	14	1	25	14	14	3	20	20	23	8	1	11	12	14	11	14	2	2	1	14	26	14	1	14	16	5	26	3	26	13	13	25	14	3	26	27	1	26	25	14	13	2	23	7	3	7	1	14	1	7	14	3	13	13	14	20	8	1	23	10	7	14	26	7	7	14	14	14	12	14	14	20	5	26	3	9	14	2	14	20	14	14	26	26	2	2	2	4	2	23	23	26	1	3	14	4	4	14	13	13	14	23	27	11	1	23	10	1	3	3	8	7	8	7	27	14	14	27	2	2	14	14	3	14	2	1	1	1	14	3	14	14	14	27	14	27	23	14	3	14	23	14	14	14	1	1	3	1	3	14	14	23	23	10	1	14	1	1	23	12	12	14	14	14	26	3	3	12	16	6	27	19	7	2	2	2	14	2	14	14	27	1	14	26	14	3	23	14	9	1	2	2	1	25	14	2	27	27	27	1	9	26	1	11	26	2	2	2	1	27	26	26	23	2	2	11	5	27	18	7	27	2	14	14	11	14	17	22	23	23	26	26	3	23	14	4	14	3	3	14	14	25	26	26	26	14	27	2	1	23	11	2	23	23	23	14	14	2	14	15	14	23	27	1	26	17	7	27	20	27	27	20	14	2	20	20	2	27	27	26	23	14	4	27	15	14	14	14	14	3	26	26	1	14	14	1	23	10	2	14	1	27	1	14	14	27	14	16	7	2	14	26	16	7	27	14	7	27	2	14	3	2	2	2	11	2	3	23	14	3	24	14	4	7	2	3	26	14	2	2	14	26	27	27	10	2	23	12	4	4	4	14	27	14	2	2	14	27	27	14	7	26	19	2	27	1	1	3	16	20	1	1	23	23	23	14	3	24	14	4	24	26	1	1	26	2	27	26	14	2	13	10	1	23	12	2	23	23	23	23	14	14	27	11	14	1	16	6	27	19	7	27	14	23	2	20	20	14	23	2	2	27	14	3	23	14	20	20	26	27	26	14	14	26	20	14	2	7	9	1	23	2	7	23	4	14	7	14	14	11	15	14	1	10	6	27	18	7	27	14	14	14	17	2	2	23	2	2	14	14	3	23	14	4	7	23	25	14	5	14	27	20	14	14	27	9	1	23	11	2	13	14	14	14	14	14	24	14	1	14	27	5	27	18	7	27	20	8	1	14	17	2	23	12	2	16	1
DESTINATION
3	14	17	2	22	23	2	14	14	3	23	14	14	27	14	14	23	25	14	4	2	27	9	9	9	1	23	23	2	14	14	14	13	14	14	27	15	5	5	23	27	18	27	18	2	26	8	1	1	17	2	27	20	2	14	14	27	16	6	27	27	11	14	25	25	7	3	26	14	2	5	23	27	14	3	3	22	14	14	14	27	1	27	15	14	20	20	4	4	9	9	1	26	14	14	27	27	27	27	20	2	14	14	14	23	23	6	27	27	14	20	20	8	26	26	14	2	14	14	14	14	14	13	23	14	14	27	1	14	23	14	14	27	8	14	1	23	23	9	11	2	11	27	14	26	13	13	2	14	4	5	7	23	2	18	7	7	27	26	8	23	23	14	2	14	14	1	14	14	14	14	4	4	24	15	2	16	16	25	27	11	14	1	23	23	25	1	10	2	23	2	4	4	14	23	14	14	2	15	20	23	7	7	27	20	14	14	13	14	14	3	26	14	3	14	14	7	7	8	24	15	4	15	16	8	7	15	14	14	1	25	14	14	14	14	14	12	2	12	27	14	11	14	14	2	27	1	14	26	14	9	1	20	8	27	14	26	13	25	14	3	14	26	27	26	26	14	14	26	26	26	8	7	1	14	23	1	7	14	3	7	13	13	14	2	23	14	3	2	26	7	7	26	14	14	12	11	16	12	8	27	27	23	2	3	2	14	20	14	14	3	26	14	7	7	14	2	26	14	23	23	3	14	4	7	14	1	13	14	13	23	25	23	13	3	23	7	7	8	7	14	14	27	14	13	15	3	20	20	8	1	1	11	1	1	14	14	3	14	14	1	14	1	14	16	5	3	3	14	14	14	14	14	1	1	3	14	26	25	14	14	2	7	7	3	1	23	12	14	27	14	14	26	26	14	13	14	20	23	10	10	2	14	14	2	26	14	1	27	14	14	14	20	26	3	9	9	2	3	2	1	25	14	2	27	2	2	2	23	23	26	23	26	1	2	1	27	14	14	26	23	23	27	11	11	10	1	1	3	14	14	11	14	17	2	22	23	27	27	27	2	14	2	1	2	14	3	14	25	14	4	26	14	14	27	27	23	14	3	14	23	2	23	14	14	14	14	15	14	14	14	14	23	23	14	14	1	27	27	20	14	2	27	20	2	27	3	3	12	16	6	19	7	7	14	14	14	3	26	14	1	14	14	26	26	14	14	14	14	1	2	14	14	27	15	14	7	27	27	1	9	27	1	11	26	27	2	14	3	9	20	2	11	2	2	11	5	27	7	7	27	2	2	3	3	26	14	2	14	26	26	26	3	23	14	14	14	3	4	14	27	14	14	2	14	2	14	2	1	23	2	16	23	27	1	3	16	20	2	1	23	23	27	1	26	27	27	27	20	27	26	1	26	14	2	26	14	23	27	23	14	4	27	27	15	14	23	23	14	14	27	11	14	14	14	1	23	2	14	14	1	23	2	20	20	14	22	14	2	14	14	26	16	7	14	14	7	1	27	26	14	1	26	14	2	3	23	23	14	24	2	14	4	14	7	14	14	27	11	14	1	7	27	27	10	2	23	12	4	14	14	17	2	22	23	2	4	27	27	14	7	26	27	27	27	23	25	14	5	26	14	14	14	23	14	3	3	14	14	4	24	13	14	14	27	24	20	1	14	2	13	10	1	12	14	2	23	14	17	2	27	23	2	16	1	16	6	27	14	27	27	27	26	25	14	4	26	14	20	27	14	3	23	3	2	14	20	26	23	14	14	27	15	14	7	4	9	9	1	1	1	26	23	4	2	14	2	27	20	2	14	14	23	10	6	27	27	11	14	14	14
DUE_DATE
0	30427	30476	30045	29554	29603	30672	30247	30296	29805	29854	30923	30972	30527	30016	30045	30074	31123	30672	30701	30190	30219	30248	30300	31362	31404	30966	30468	30510	30552	31607	31156	31185	31214	30703	30732	32501	31810	30819	30848	31427	30916	30945	30974	32023	32052	31601	31630	31119	31148	32199	31740	31221	31242	31263	31284	31305	33066	33087	32388	32409	31950	31431	32472	31507	31556	32625	32194	32243	31752	33525	32352	33579	32886	32913	32460	31947	31974	33741	33768	32055	33102	32646	32670	32154	32178	33942	32226	33990	34014	33318	32862	32346	32395	33452	33489	32506	33563	33120	33157	32654	32717	34516	33375	33914	34693	34717	34016	33555	33034	33053	34812	33631	34130	34149	33688	33167	33186	33205	33224	33243	35057	35116	35175	34514	34093	34125	33612	34659	34686	34233	33720	33747	35514	33801	35568	35595	35631	33924	34977	34530	34563	34056	35109	34122	35895	35194	34730	34206	35962	34778	34254	36010	36026	34302	34318	35354	34890	34906	35402	34938	34414	34430	35466	35031	34524	34557	34590	34623	36396	36429	35742	35775	35340	34842	35904	36666	34968	35010	36072	35631	35664	35157	35190	36963	36996	36309	36342	35895	35385	36432	35979	35466	35493	36540	36087	36114	35601	37368	35655	37435	35732	37509	36826	36383	35880	37657	36974	35991	36024	37077	36630	36663	36156	37929	36762	36795	38021	38044	36327	37370	36913	36396	37439	38182	36465	37508	37531	37074	36557	36581	36604	36627	38390	38413	38436	37739	37282	37305	38528	36811	36834	37877	37905	37452	36939	36966	37533	37020	38787	38814	38841	37128	38175	37717	38216	37755	37234	38273	38292	37831	37310	37869	37348	39107	39126	39145	37424	37443	38527	38096	38625	38194	37703	37752	37817	38896	38475	38534	38053	38107	38156	39945	39994	38303	39372	39405	40152	38979	38466	38493	39540	39087	39114	38601	39168	38655	40421	40444	38727	39770	39793	39336	40559	39382	38865	38888	39931	39474	39497	38977	38996	40755	40774	39053	40092	40111	39650	40149	40888	39167	39186	39205	40244	39783	39840	39342	39924	39426	41208	41250	40572	40127	39616	40665	41414	39703	40752	40781	40330	39819	39848	39907	39956	40545	41074	41843	41892	41931	40764	40797	42030	41343	40356	41409	41442	40995	40495	40532	40569	40606	42383	42420	42457	41774	41340	41382	42624	40926	40968	42030	42072	41640	41142	41724	41226	41268	43050	43092	43147	42476	42045	42094	42143	42192	41691	41724	41757	43530	42843	42396	41889	41922	41955	41981	43744	43767	43790	43093	43116	43859	42682	42165	42188	43231	42774	43277	42847	42356	42405	43474	44243	44292	43677	43296	44595	43440	42942	42984	43026	44088	43650	43692	43257	43356	43455	45221	45244	44547	44570	44113	44616	45359	43642	43665	43688	44731	44274	44297	43795	44372	43869	45646	45683	45720	45037	44594	44647	45896	44205	44254	45323	45372	44997	44556	44655	44717	44776	45855	45434	46693	46757	46816	45675	46214	45253	45357	46476	46575	46131	45624	46197	47430	45723	46776	47529	47562	47595	46435	46472	46989	46006	46043	47100	47137	46694	46195	46232	46809	46306	46343	48120	48157	48194	47537	47116	48375	47234	46753	46807	48596	47925	47494	47003	47052	47095	47132	47169	48946	48983	49020	48337	48374	47919	47940	47421	47442	48483	48024	48045	47526	48087	47568	47589	49350	49371	48672	48777	49596	48495	47995	48032	49089	48646	48683	48180	48217	48254	50035	50072	49389	49426	48983	49500	50257	48554	48607	48656	49725	49294	49343	48852	48882	48906	50670	50694	50718	50022	49566	50070	50814	50118	49122	49146	50205	50232	49779	49266	49293	49320	50367	49914	51141	51168	51195	50035	51272	51309	49606	49643	50700	50737	50294	49791	49824	49857	50910	51663	51696	51729	50562	50595	50635	50132	50169	51226	51263	50820	50317	50354	50925	50412	52179	52206	52233	50520	51567	51114	52341	51168	50655	50707	52496	51825	51394	50903	50952	50982	51006	52770	52794	52818	51102	52146	52170	52194	51738	51222	51246	52315	51872	51909	51946	51443	51480	53257	53294	52605	52632	52179	52686	51693	51720	51747	52794	52341	52368	51855	51882	51906	53670	53694	52998	53022	52566	53790	53814	52098	52122	53166	52735	52772	52269	52306	52343	54120	54157	54194	53511	53064	52557	53610	54363	52656	52689	53742	53775	53357	52876	52935	52994	54073	54095	54832	54849	54866	53683	53700	54197	53194	54231	54248	53785	53262	53279	53836	55053	53330	55087	55157	55216	54555	54134	54193	54235	53732	54789	54826	54383	53880	53917	53954	54557	55816	55875	55934	54253	55311	54864	54897	56130	54423	54456	56229	55542	55095	54585	54612	54639	54666	56433	56460	56487	55794	55821	55368	55875	54932	55006	56100	55694	55185	55212	55239	55806	57033	57060	55347	56394	56421	55968	56475	56627	57496	57535	57572	55869	55906	56963	57720	57757	56594	56672	56206	56280	57374	58125	58152	58179	58206	58233	57540	57087	56574	58341	57648	58395	56957	57057	58176	57795	57831	58344	58377	59130	59163	59196	59229	57522	59295	58627	58196	59445	59494	59543	59592	57917	57976	58035	59114	59173
TRANSPORT_MODE
0	2	2	1	1	1	1	0	2	2	2	1	1	1	2	0	2	1	1	1	1	2	0	0	2	2	1	1	1	2	2	0	1	1	1	1	1	2	0	0	2	2	1	1	1	1	2	0	2	2	1	1	1	1	0	0	0	3	3	1	1	1	1	0	2	2	2	1	1	1	3	0	3	1	1	1	1	2	0	0	2	2	1	1	1	1	3	0	3	1	1	1	1	2	0	0	2	2	1	1	1	1	3	0	0	3	3	1	1	1	1	0	0	2	2	1	1	1	1	0	0	3	3	3	1	1	1	2	2	1	1	1	1	3	0	0	3	3	1	1	1	2	2	0	1	1	1	1	1	3	0	0	3	3	1	1	1	1	2	0	0	2	2	1	1	1	1	0	0	3	3	1	1	1	2	0	0	2	2	1	1	1	1	0	3	3	1	1	1	1	0	0	2	2	2	1	1	1	3	0	3	1	1	1	1	1	0	0	2	2	2	1	1	1	3	0	0	3	3	1	1	1	1	0	0	2	2	1	1	1	1	0	0	3	3	3	1	1	1	0	2	2	1	1	1	1	0	0	1	3	3	3	1	1	1	0	2	2	1	1	1	1	0	0	3	3	3	1	1	1	1	0	2	2	1	1	1	1	0	0	0	1	3	3	1	1	1	0	1	2	2	2	1	1	0	0	1	3	3	1	1	1	0	0	1	2	2	2	1	1	1	0	3	3	1	1	1	1	0	0	1	2	2	2	1	1	1	0	1	3	3	1	1	1	0	0	1	2	2	2	1	1	1	0	0	1	3	3	3	1	1	0	0	1	2	2	1	1	1	0	1	3	3	3	1	1	1	0	1	2	2	1	1	1	0	0	1	3	3	3	1	1	1	0	0	1	2	2	1	1	1	0	0	1	1	3	3	3	1	1	0	1	2	2	2	1	0	1	0	1	1	3	3	1	1	0	0	1	1	2	2	2	1	1	0	1	3	3	1	1	1	0	0	1	2	2	2	1	1	1	0	1	3	3	1	1	1	0	0	1	1	2	2	2	1	1	0	0	1	1	3	3	3	1	0	1	1	2	2	1	1	0	0	1	1	3	3	3	1	1	0	1	2	2	1	1	1	0	0	1	1	3	3	3	1	1	0	1	2	2	1	1	1	0	0	0	1	1	3	3	3	1	1	0	1	1	2	2	2	1	0	0	1	1	3	3	1	1	0	1	1	2	2	2	1	1	0	1	3	3	1	1	1	0	0	1	2	2	2	1	1	1	0	1	3	3	1	1	1	0	0	0	1	1	2	2	2	1	1	0	1	1	3	3	3	1	0	0	1	2	2	1	1	1	0	1	1	3	3	3	1	1	0	1	2	2	1	1	1	0	0	1	3	3	3	1	1	1	0	1	2	2	1	1	1	0	0	0	1	3	3	3	1	1	1	0	1	2	2	2	1	1	0	0	1	3	3	1	1	1	0	1	2	2	2	1	1	1	0	1	3	3	1	1	1	0	0	1	2	2	2	1	1	1	0	3	3	1	1	1	1	0	0	1	2	2	2	1	1	1	0	0	1	3	3	3	1	1	0	1	2	2	1	1	1	0	0	1	3	3	3	1	1	1	0	2	2	1	1	1	1	0	0	3	3	3	1	1	1	1	0	2	2	1	1	1	1	0	0	1	3	3	3	1	1	1	0	2	2	2	1	1	1	0	0	3	3	1	1	1	1	0	0	3	3	3	1	1	1	3	3	1	1	1	1	1	0	0	3	3	3	1	1	1	3	0	3	1	1	1	1	1	0	0	0	3	3	3	1	1	1	1	0	3	3	3	1	1	1	0	0
PATIENT_WEIGHT
53	47	84	136	123	43	128	146	128	86	83	37	123	129	141	143	86	38	114	81	111	94	81	143	57	142	74	73	36	34	94	67	147	107	115	148	131	64	82	78	44	85	46	124	92	37	42	70	105	78	114	133	34	74	55	110	38	137	39	64	145	87	69	36	135	73	97	80	96	68	136	31	55	92	123	40	111	144	141	41	55	94	74	106	132	42	54	73	46	98	103	61	114	114	130	70	73	31	103	107	146	93	56	76	145	42	117	38	125	97	33	50	92	72	137	150	34	38	31	141	45	55	51	142	97	113	58	77	51	103	93	44	144	150	41	30	52	79	81	137	150	121	68	76	86	45	110	97	58	39	148	101	50	121	129	41	135	44	121	99	147	59	70	112	51	70	75	122	120	147	99	54	66	148	124	133	55	136	109	82	105	115	37	131	88	133	122	118	114	139	114	126	40	116	134	95	110	56	47	116	127	104	144	136	67	97	142	83	39	53	80	100	40	133	43	90	132	83	96	66	123	140	106	81	146	116	104	138	67	70	60	57	74	77	49	73	89	69	99	120	132	92	145	147	91	135	99	89	143	87	88	73	114	91	52	144	40	55	101	88	42	41	58	64	75	69	139	129	122	143	120	30	146	78	130	123	67	116	92	92	89	65	60	79	77	120	138	80	146	50	72	96	55	67	83	83	62	133	137	123	62	144	48	58	82	62	105	102	91	122	48	101	31	142	77	130	64	73	150	106	68	46	145	51	53	46	122	78	62	112	142	38	40	74	116	61	88	97	43	80	96	129	123	75	98	66	142	126	64	36	65	110	48	110	33	47	130	134	57	146	104	92	62	64	61	57	149	48	128	31	100	32	120	129	105	133	102	126	107	100	106	104	84	94	70	46	130	91	41	64	54	141	82	130	50	65	110	54	127	69	129	55	64	39	59	97	120	105	73	144	91	36	88	33	113	93	31	51	139	121	137	51	115	128	144	52	39	45	49	78	123	129	80	96	47	125	57	31	125	143	50	104	75	104	62	31	103	133	129	116	97	85	42	48	40	51	74	103	82	127	124	138	148	64	106	30	60	95	56	83	126	126	73	140	32	64	45	138	129	110	143	59	58	149	48	66	78	140	63	41	99	150	85	95	138	117	125	81	108	110	85	134	107	40	119	96	82	57	100	84	40	77	77	104	134	129	106	142	82	72	69	96	111	96	86	96	42	61	80	99	84	62	97	40	70	111	88	62	62	75	98	54	98	63	97	32	36	79	79	58	51	146	93	55	143	31	137	121	47	83	61	53	61	76	114	67	111	63	115	91	127	96	69	92	59	141	147	115	133	95	145	113	44	103	113	148	64	95	121	136	116	121	100	100	43	67	65	124	53	55	45	94	83	147	49	72	96	51	129	134	34	107	80	147	103	46	116	72	33	54	32	41	36	84	51	89	119	137	40	83	124	83	39	70	106	113	52	121	129	108	107	117	55	67	82	105	69	98	100	96	68	95	94	103	99	45	75	85	144	139	108	119	141	35	58	132	81	114	94	60	74	125	88	60	77	54	68	60	33	103	44	108	136	142	128	75	147	98	67	125	76	45	105	134	126	41	137	54	53	141	45	72	144	47	70	140	137	86	100	94	98	60	136	70	44	72	124	119	83	62	36	32	110	91	64	92	134	62	116	93	95	120	67	117	130	122	117	130	137	67	82	99	35	39	51	148	99	73	109	125	35	99	52	138	61	58	140	102	87	30	52	123	139	87	56	63	98	145	147	60	100	125	134	40	73	89	77	126	74	93	41	73	110	43	58	146	102	94	33	83	128	108	84	100	33	67	32	74	99	64	63
DISTANCE_MATRIX
0	360	318	300	288	276	264	264	150	150	150	60	90	90	162	168	204	228	234	312	360	408	348	318	168	192	168	318
360	60	264	318	324	342	342	342	348	348	354	360	372	378	378	420	420	480	462	498	462	462	384	420	372	420	378	378
318	264	60	270	276	288	288	288	294	294	294	318	318	324	324	414	414	468	462	486	462	462	330	366	366	408	372	324
300	318	270	60	276	288	288	288	288	288	288	300	300	312	318	408	408	468	462	486	438	438	318	360	360	402	360	312
288	324	276	276	60	276	276	276	276	276	276	288	288	300	300	402	396	462	456	480	432	432	300	360	360	402	348	300
276	342	288	288	276	60	180	180	252	258	264	264	264	288	288	390	390	456	450	480	432	432	288	348	348	348	288	288
264	342	288	288	276	180	60	180	246	258	264	264	264	288	288	390	390	456	450	480	432	432	288	348	348	348	288	288
264	342	288	288	276	180	180	60	240	258	264	264	264	288	288	390	390	456	450	480	432	432	288	348	348	348	288	288
150	348	294	288	276	252	246	240	60	120	120	150	126	270	270	378	384	420	438	480	420	408	276	300	300	300	276	270
150	348	294	288	276	258	258	258	120	60	120	150	150	270	270	378	384	420	438	480	420	408	276	300	300	300	276	270
150	354	294	288	276	264	264	264	120	120	60	150	150	270	270	378	384	420	438	480	420	408	276	300	300	300	276	270
60	360	318	300	288	264	264	264	150	150	150	60	90	162	168	228	234	312	360	408	348	318	168	192	192	198	168	162
90	372	318	300	288	264	264	264	150	150	150	90	60	162	168	228	234	312	360	408	348	318	168	192	192	198	168	162
90	378	324	312	300	288	288	288	270	270	270	162	162	60	120	180	180	306	210	360	300	300	120	180	120	180	120	234
162	378	324	318	300	288	288	288	270	270	270	168	168	120	60	180	180	306	210	360	300	300	120	180	120	180	120	120
168	420	414	408	402	348	348	348	300	300	300	228	228	180	180	60	132	204	132	348	258	258	186	60	180	132	222	180
204	420	414	408	396	390	390	390	384	384	384	234	234	180	180	132	60	204	132	348	258	258	186	60	180	132	222	180
228	480	468	468	462	456	456	456	420	420	420	312	312	306	306	204	204	60	198	120	240	240	306	204	306	138	306	306
234	462	462	462	456	450	450	450	438	438	438	360	360	210	210	132	132	198	60	138	132	132	210	132	210	132	210	210
312	498	486	486	480	480	480	480	480	480	480	408	408	360	360	348	348	120	138	60	348	348	360	348	360	348	360	360
360	462	462	438	432	432	432	432	420	420	420	348	348	300	300	258	258	240	132	348	60	60	300	258	300	258	300	300
408	462	462	438	432	432	432	432	408	408	408	318	318	300	300	258	258	240	132	348	60	60	300	258	300	258	300	300
348	384	330	318	300	288	288	288	276	276	276	168	168	120	120	186	186	306	210	360	300	300	60	186	120	186	120	120
318	420	366	360	360	348	348	348	300	300	300	192	192	180	180	60	60	204	132	348	258	258	186	60	180	60	180	180
168	372	300	306	300	288	288	288	270	270	270	168	168	120	120	180	180	306	210	360	300	300	120	180	60	180	120	120
192	420	408	402	402	348	348	348	300	300	300	198	198	180	180	132	132	138	132	348	258	258	186	60	180	60	180	180
168	378	372	360	348	288	288	288	276	276	276	168	168	120	120	222	222	306	210	360	300	300	120	180	120	180	60	120
318	378	324	312	300	288	288	288	270	270	270	162	162	234	120	180	180	306	210	360	300	300	120	180	120	180	120	60
DEPOTS_DISTANCE
234	462	462	462	456	450	450	450	438	438	438	360	360	210	210	132	132	198	60	138	132	132	210	132	210	132	210	210	
348	384	330	318	300	288	288	288	276	276	276	168	168	120	120	186	186	306	210	360	300	300	60	186	120	186	120	120	
318	420	366	360	360	348	348	348	300	300	300	192	192	180	180	60	60	204	132	348	258	258	186	60	180	60	180	180	
LOCATION_TURN_MATRIX
100	130	122	113	112	199	136	122	129	152	173	146	151	136	158	140	176	113	122	167	194	134	110	172	114	184	100	147	
170	100	154	188	164	169	136	136	152	170	104	183	155	115	101	104	155	187	174	115	149	134	178	168	114	135	168	102	
178	146	100	161	178	114	104	165	117	139	126	169	192	109	120	179	160	152	154	134	113	140	154	179	196	196	192	181	
187	112	139	100	158	114	195	181	104	132	195	106	183	169	132	170	140	136	172	148	116	110	123	136	151	120	176	169	
188	136	122	142	100	175	164	159	112	100	167	164	135	191	132	181	104	123	142	156	108	117	193	182	116	147	156	185	
101	131	186	186	125	100	190	147	164	150	137	102	145	176	185	131	113	108	117	186	118	151	140	178	154	189	172	110	
164	164	196	105	136	110	100	186	153	151	183	193	111	157	144	123	188	142	110	163	105	190	166	187	170	171	186	126	
178	164	135	119	141	153	114	100	106	130	108	103	151	178	122	151	130	133	184	177	110	141	166	110	122	174	191	197	
171	148	183	196	188	136	147	194	100	167	100	146	168	129	128	142	172	118	174	147	105	158	156	160	120	106	119	136	
148	130	161	168	200	150	149	170	133	100	177	106	175	116	188	180	176	194	108	146	130	187	183	173	128	141	169	176	
127	196	174	105	133	163	117	192	200	123	100	171	175	140	183	115	104	186	128	153	151	175	100	146	191	117	132	197	
154	117	131	194	136	198	107	197	154	194	129	100	136	184	140	147	172	184	148	131	103	156	185	200	152	158	154	143	
149	145	108	117	165	155	189	149	132	125	125	164	100	140	199	142	101	144	163	185	117	191	200	143	113	165	102	154	
164	185	191	131	109	124	143	122	171	184	160	116	160	100	109	116	196	113	131	186	166	139	183	175	144	161	105	170	
142	199	180	168	168	115	156	178	172	112	117	160	101	191	100	147	177	177	199	158	172	188	164	175	180	168	154	195	
160	196	121	130	119	169	177	149	158	120	185	153	158	184	153	100	152	159	197	157	181	159	102	123	168	200	124	186	
124	145	140	160	196	187	112	170	128	124	196	128	199	104	123	148	100	149	114	112	117	135	105	132	138	180	198	156	
187	113	148	164	177	192	158	167	182	106	114	116	156	187	123	141	151	100	166	132	168	163	159	123	129	173	161	116	
178	126	146	128	158	183	190	116	126	192	172	152	137	169	101	103	186	134	100	184	199	137	130	160	148	113	140	150	
133	185	166	152	144	114	137	123	153	154	147	169	115	114	142	143	188	168	116	100	111	195	128	157	191	164	141	171	
106	151	187	184	192	182	195	190	195	170	149	197	183	134	128	119	183	132	101	189	100	129	151	163	147	166	104	177	
166	166	160	190	183	149	110	159	142	113	125	144	109	161	112	141	165	137	163	105	171	100	101	185	169	129	103	197	
190	122	146	177	107	160	134	134	144	117	200	115	100	117	136	198	195	141	170	172	149	199	100	106	150	116	118	145	
128	132	121	164	118	122	113	190	140	127	154	100	157	125	125	177	168	177	140	143	137	115	194	100	128	167	115	155	
186	186	104	149	184	146	130	178	180	172	109	148	187	156	120	132	162	171	152	109	153	131	150	172	100	155	124	184	
116	165	104	180	153	111	129	126	194	159	183	142	135	139	132	100	120	127	187	136	134	171	184	133	145	100	129	192	
200	132	108	124	144	128	114	109	181	131	168	146	198	195	146	176	102	139	160	159	196	197	182	185	176	171	100	146	
153	198	119	131	115	190	174	103	164	124	103	157	146	130	105	114	144	184	150	129	123	103	155	145	116	108	154	100	
DEPOTS_TO_LOCAL_TURN_MATRIX
178	126	146	128	158	183	190	116	126	192	172	152	137	169	101	103	186	134	100	184	199	137	130	160	148	113	140	150	
190	122	146	177	107	160	134	134	144	117	200	115	100	117	136	198	195	141	170	172	149	199	100	106	150	116	118	145	
128	132	121	164	118	122	113	190	140	127	154	100	157	125	125	177	168	177	140	143	137	115	194	100	128	167	115	155	
LOCAL_TO_DEPOT_TURN_MATRIX
122	174	154	172	142	117	110	184	174	108	128	148	163	131	199	197	114	166	100	116	101	163	170	140	152	187	160	150	
110	178	154	123	193	140	166	166	156	183	100	185	200	183	164	102	105	159	130	128	151	101	100	194	150	184	182	155	
172	168	179	136	182	178	187	110	160	173	146	200	143	175	175	123	132	123	160	157	163	185	106	100	172	133	185	145	

