INDEX_PROBLEM
1
PATIENTS
800
STRETCHERS
16
NUM_ROOM
28
NUM_DEPOT
3
NUM_PRIORITY
4
PRIORITY_LIST
0	1	2	3	4
PRIORITY_WEIGHT
0	1	10	18	30
PRIORITY_JOB
0	1	2	3	3	4	2	3	3	2	3	4	4	2	3	4	3	4	4	2	2	3	4	3	3	4	2	2	3	4	4	4	1	2	3	3	4	2	3	3	2	3	4	4	4	1	4	4	2	3	3	4	2	2	3	3	4	1	1	1	4	4	2	2	1	3	3	4	4	2	2	3	1	1	1	3	3	4	2	1	2	2	3	4	4	1	3	4	2	1	1	1	3	3	4	2	2	2	3	4	4	1	4	3	2	1	1	1	3	3	4	2	4	4	2	2	3	4	4	3	3	2	3	1	1	3	4	2	4	2	2	3	3	4	4	4	2	2	1	1	3	4	1	4	1	2	3	3	4	2	3	1	2	3	1	1	4	4	2	2	1	2	3	3	4	4	2	4	1	2	3	1	1	4	2	2	3	3	4	4	2	2	3	3	1	3	4	1	1	1	2	2	1	2	3	4	4	1	2	3	3	3	1	1	1	4	4	2	4	2	2	3	4	4	1	4	2	3	1	1	1	3	4	1	3	2	2	3	4	4	1	3	4	2	3	3	1	1	1	4	2	4	2	2	3	3	4	3	4	2	2	2	3	1	1	4	1	4	1	2	3	3	4	2	3	2	3	4	1	1	4	1	2	1	2	3	3	4	4	2	4	1	2	3	4	1	1	4	2	2	1	2	3	3	4	2	2	3	3	3	4	1	1	1	1	1	2	2	3	4	4	1	3	2	3	3	1	1	1	4	2	4	2	2	3	4	4	4	4	3	1	2	3	1	1	1	3	1	4	2	2	3	4	4	3	4	1	2	3	1	1	1	3	2	4	4	2	2	3	3	3	4	4	2	2	1	1	3	2	1	4	4	1	2	3	3	4	4	2	2	3	1	1	4	1	2	4	1	2	3	3	4	2	4	3	2	4	3	1	1	4	1	1	2	3	3	4	4	2	3	2	2	3	3	1	1	1	2	1	4	2	2	3	4	4	4	2	2	3	1	1	1	3	1	4	2	2	3	4	4	4	4	1	2	3	1	1	1	3	2	3	4	4	2	2	3	4	3	4	1	2	3	1	1	1	3	1	4	4	2	2	3	3	4	4	4	2	2	1	1	3	2	4	4	2	2	3	3	4	3	1	2	2	3	1	1	4	2	4	1	2	3	3	4	2	3	1	2	3	4	1	1	4	2	1	1	2	3	3	4	4	2	4	2	3	3	1	1	1	2	1	4	2	2	3	4	4	3	2	2	3	1	1	1	3	1	4	2	2	3	4	4	4	4	1	2	3	1	1	1	3	2	3	4	2	2	3	4	4	3	3	1	2	3	1	1	1	3	4	2	2	3	3	4	4	1	4	2	3	3	1	1	4	2	4	2	2	3	3	4	2	3	2	3	1	1	4	4	2	1	4	1	2	3	3	4	2	4	2	3	1	1	4	1	1	2	2	3	3	4	4	2	2	3	3	3	1	1	1	4	1	2	2	3	3	4	4	2	3	1	2	3	1	1	1	3	4	1	2	2	3	4	4	1	4	2	3	1	1	1	3	4	2	4	2	2	3	4	4	1	3	3	2	3	1	1	1	3	4	1	4	2	2	3	3	2	4	3	3	3	1	1	4	4	2	2	2	3	3	4	2	2	4	3	1	1	4	4	1	1	1	2	3	3	4	4	2	2	4	2	3	1	1	4	1	2	1	3	3	4	4	2	2	3	3	1	1	1	4	4	2	2	1	3	1	1	3	4	4	1	1	1	1	2	2	3	3	2	1	1	1	4	2	2	3	2	1	1	1	4	4	1	2	2	1	1	1	3	3	4	2	2	1	1	1	1	2	3	4	4	2
TIME_ASKED
0	28849	28898	28947	28996	29045	29094	29149	29198	29247	29296	29345	29394	29429	29458	29487	29516	29545	29574	29603	29632	29661	29690	29742	29784	29826	29868	29910	29952	29994	30029	30058	30087	30116	30145	30174	30203	30232	30261	30290	30329	30358	30387	30416	30445	30474	30503	30532	30561	30590	30621	30642	30663	30684	30705	30726	30747	30768	30789	30810	30831	30852	30873	30894	30949	30998	31047	31096	31145	31194	31227	31254	31281	31308	31335	31362	31389	31416	31443	31470	31497	31524	31548	31572	31596	31620	31644	31668	31692	31716	31740	31764	31788	31837	31874	31911	31948	31985	32022	32059	32096	32159	32218	32277	32336	32395	32419	32438	32457	32476	32495	32514	32533	32552	32571	32590	32609	32628	32647	32666	32685	32759	32818	32877	32936	32995	33027	33054	33081	33108	33135	33162	33189	33216	33243	33270	33297	33333	33366	33399	33432	33465	33498	33531	33564	33597	33616	33632	33648	33664	33680	33696	33712	33728	33744	33760	33776	33792	33808	33824	33840	33856	33872	33888	33933	33966	33999	34032	34065	34098	34131	34164	34197	34242	34284	34326	34368	34410	34452	34494	34533	34566	34599	34632	34665	34698	34731	34764	34797	34827	34854	34881	34908	34935	34962	34989	35016	35043	35070	35097	35137	35174	35211	35248	35285	35322	35359	35396	35433	35466	35499	35532	35565	35598	35631	35664	35697	35723	35746	35769	35792	35815	35838	35861	35884	35907	35930	35953	35976	35999	36023	36046	36069	36092	36115	36138	36161	36184	36207	36230	36253	36276	36299	36327	36354	36381	36408	36435	36462	36489	36516	36543	36570	36597	36619	36638	36657	36676	36695	36714	36733	36752	36771	36790	36809	36828	36847	36866	36885	36949	36998	37047	37096	37145	37194	37259	37318	37377	37436	37495	37549	37598	37647	37696	37745	37794	37827	37854	37881	37908	37935	37962	37989	38016	38043	38070	38097	38123	38146	38169	38192	38215	38238	38261	38284	38307	38330	38353	38376	38399	38419	38438	38457	38476	38495	38514	38533	38552	38571	38590	38609	38628	38647	38666	38685	38742	38784	38826	38868	38910	38952	38994	39029	39058	39087	39116	39145	39174	39203	39232	39261	39290	39349	39398	39447	39496	39545	39594	39633	39666	39699	39732	39765	39798	39831	39864	39897	39937	39974	40011	40048	40085	40122	40159	40196	40242	40284	40326	40368	40410	40452	40494	40542	40584	40626	40668	40710	40752	40794	40849	40898	40947	40996	41045	41094	41133	41166	41199	41232	41265	41298	41331	41364	41397	41423	41446	41469	41492	41515	41538	41561	41584	41607	41630	41653	41676	41699	41749	41798	41847	41896	41945	41994	42099	42198	42297	42342	42384	42426	42468	42510	42552	42594	42699	42798	42897	42923	42946	42969	42992	43015	43038	43061	43084	43107	43130	43153	43176	43199	43237	43274	43311	43348	43385	43422	43459	43496	43549	43598	43647	43696	43745	43794	43899	43998	44097	44159	44218	44277	44336	44395	44459	44518	44577	44636	44695	44799	44898	44997	45033	45066	45099	45132	45165	45198	45231	45264	45297	45337	45374	45411	45448	45485	45522	45559	45596	45637	45674	45711	45748	45785	45822	45859	45896	45959	46018	46077	46136	46195	46249	46298	46347	46396	46445	46494	46537	46574	46611	46648	46685	46722	46759	46796	46821	46842	46863	46884	46905	46926	46947	46968	46989	47010	47031	47052	47073	47094	47199	47298	47397	47437	47474	47511	47548	47585	47622	47659	47696	47737	47774	47811	47848	47885	47922	47959	47996	48049	48098	48147	48196	48245	48294	48324	48348	48372	48396	48420	48444	48468	48492	48516	48540	48564	48588	48627	48654	48681	48708	48735	48762	48789	48816	48843	48870	48897	48937	48974	49011	49048	49085	49122	49159	49196	49233	49266	49299	49332	49365	49398	49431	49464	49497	49537	49574	49611	49648	49685	49722	49759	49796	49827	49854	49881	49908	49935	49962	49989	50016	50043	50070	50097	50149	50198	50247	50296	50345	50394	50424	50448	50472	50496	50520	50544	50568	50592	50616	50640	50664	50688	50737	50774	50811	50848	50885	50922	50959	50996	51027	51054	51081	51108	51135	51162	51189	51216	51243	51270	51297	51324	51348	51372	51396	51420	51444	51468	51492	51516	51540	51564	51588	51637	51674	51711	51748	51785	51822	51859	51896	51933	51966	51999	52032	52065	52098	52131	52164	52197	52259	52318	52377	52436	52495	52517	52534	52551	52568	52585	52602	52619	52636	52653	52670	52687	52704	52721	52738	52755	52772	52789	52859	52918	52977	53036	53095	53137	53174	53211	53248	53285	53322	53359	53396	53459	53518	53577	53636	53695	53733	53766	53799	53832	53865	53898	53931	53964	53997	54027	54054	54081	54108	54135	54162	54189	54216	54243	54270	54297	54374	54448	54522	54596	54627	54654	54681	54708	54735	54762	54789	54816	54843	54870	54897	55049	55198	55237	55274	55311	55348	55385	55422	55459	55496	55574	55648	55722	55796	55827	55854	55881	55908	55935	55962	55989	56016	56043	56070	56097	56399	56499	56598	56697	56733	56766	56799	56832	56865	56898	56931	56964	56997	57049	57098	57147	57196	57245	57294	57359	57418	57477	57536	57595
ORIGIN
26	16	6	27	19	7	27	14	14	14	4	10	2	23	12	5	25	14	3	23	14	14	14	14	14	14	27	27	27	20	14	27	14	9	1	23	11	14	14	27	14	2	2	27	24	14	14	7	7	6	27	18	7	27	20	8	14	14	17	2	23	12	2	3	3	9	23	14	4	24	11	11	14	11	14	14	19	8	9	9	9	23	23	11	2	14	27	7	27	23	26	14	14	4	5	5	26	5	18	7	27	20	26	8	3	23	17	2	2	2	14	14	14	14	14	4	24	15	4	25	16	25	14	3	26	14	23	12	12	14	10	2	23	14	2	4	23	14	1	27	27	15	23	20	20	7	7	27	20	14	3	13	14	14	14	27	20	2	14	14	8	8	8	24	15	4	14	16	8	15	15	26	14	2	14	14	14	13	20	23	12	2	23	27	14	11	9	9	14	14	8	14	14	1	1	20	8	27	3	2	2	13	13	13	2	4	26	26	13	8	25	14	4	26	7	1	7	14	14	2	14	14	14	14	1	14	1	12	2	23	14	3	2	26	7	7	7	27	11	23	23	3	14	8	27	23	23	14	3	2	23	23	23	14	14	26	14	2	2	2	26	16	1	23	23	3	14	14	26	14	14	14	14	16	27	27	23	13	3	23	7	7	8	11	14	11	14	14	14	14	2	2	23	8	1	23	1	1	14	26	14	14	2	27	1	26	27	14	16	5	26	3	14	14	14	14	3	14	14	14	1	1	14	14	13	2	23	7	3	1	23	23	23	1	7	14	3	13	23	12	8	1	23	10	27	2	14	14	26	14	14	1	14	14	4	8	5	26	3	9	14	2	3	2	14	14	3	26	2	23	27	4	2	23	23	26	1	3	1	4	4	14	1	4	14	23	26	11	1	23	10	1	14	14	27	11	11	14	14	27	14	2	26	27	14	16	3	23	9	3	27	14	14	3	3	14	14	1	27	26	23	14	3	16	23	2	23	23	14	1	1	3	14	14	2	23	23	10	1	14	2	27	27	20	14	27	14	14	3	3	27	20	16	6	27	19	7	2	14	14	2	26	14	7	14	14	14	26	14	3	23	14	7	1	26	14	3	25	14	16	16	27	1	2	9	26	1	11	26	27	2	1	27	14	14	14	27	27	2	8	5	27	18	7	2	2	2	2	14	17	2	22	22	27	26	27	3	23	14	4	2	4	4	14	25	14	4	26	20	14	14	2	1	23	11	2	14	27	23	27	14	14	14	15	14	23	27	1	26	17	7	27	27	24	27	14	14	2	27	20	24	27	20	26	23	14	4	27	15	27	23	23	3	3	26	14	14	14	2	1	23	10	2	23	25	14	2	14	14	27	15	14	26	2	27	26	16	7	27	20	2	1	23	14	9	20	2	2	2	2	16	23	14	3	24	14	4	14	20	3	14	2	14	2	2	27	26	23	10	2	23	12	14	2	14	27	27	14	14	27	14	27	14	14	7	26	19	8	23	7	3	16	16	20	2	14	14	23	23	14	3	24	14	4	14	20	1	26	14	2	27	14	2	2	13	10	1	23	12	2	23	1	14	14	14	14	27	11	14	14	16	6	27	19	7	27	14	25	20	20	20	14	23	14	7	27	14	3	23	14	4	20	25	27	14	1	1	26	20	4	14	7	9	1	23	23	7	23	14	23	7	14	27	11	15	14	1	23	6	27	18	7	27	14	14	17	2	22	2	23	2	2	14	14	3	23	14	4	14	14	25	14	5	5	27	20	14	14	23	9	1	23	11	2	26	26	14	14	27	27	24	14	1	4	23	5	27	18	7	27	20	8	23	17	2	27	23	12	2	8	8
DESTINATION
3	14	17	2	22	23	2	3	3	3	23	14	14	27	11	14	14	25	14	4	2	9	9	9	9	1	23	23	2	14	26	23	26	14	14	27	15	5	5	23	5	27	27	18	2	26	8	23	23	17	2	27	20	2	14	14	2	16	6	27	27	11	14	14	14	14	3	26	14	2	12	12	25	12	3	3	22	14	14	14	14	1	27	15	14	20	23	13	23	27	14	9	26	14	14	14	14	14	27	20	2	14	14	14	14	7	6	27	27	14	20	8	8	15	26	14	2	14	14	14	14	14	9	23	14	4	27	11	11	9	14	14	27	8	14	14	1	9	23	23	23	11	27	14	14	13	13	2	14	4	26	7	26	26	5	18	7	27	26	8	14	14	14	2	14	14	1	14	14	14	14	14	4	24	15	25	16	7	7	27	11	14	1	23	16	12	14	14	10	2	14	2	4	23	23	14	14	2	26	14	14	7	7	7	27	14	3	3	7	14	14	26	14	3	13	14	13	8	8	24	15	4	16	16	14	8	23	11	14	1	25	14	14	3	20	20	20	23	12	27	27	26	1	14	2	27	1	1	26	14	1	1	1	20	8	3	2	14	14	14	3	14	14	27	1	26	25	25	14	4	1	1	1	14	23	23	1	7	14	3	13	13	14	12	2	12	2	3	3	2	14	14	26	14	14	1	14	14	8	3	8	8	27	23	14	3	2	20	14	14	3	26	2	2	2	2	26	16	1	1	23	23	1	4	7	14	1	13	14	23	27	27	27	23	13	3	23	7	27	11	14	14	27	14	2	27	2	2	23	8	1	23	1	1	23	14	14	3	14	14	1	27	14	27	16	5	26	3	14	1	23	14	14	1	1	3	14	14	14	14	14	2	23	14	3	1	3	20	14	27	14	14	3	3	23	12	12	1	1	23	10	27	14	2	26	14	14	7	14	14	2	8	5	26	26	3	9	14	2	3	1	25	14	16	27	27	27	27	4	23	23	26	1	3	27	1	27	14	14	26	27	2	2	11	1	23	10	1	14	14	2	14	14	17	2	22	23	27	26	26	27	14	3	23	9	3	3	14	25	14	4	26	20	14	14	4	26	14	3	16	16	2	23	27	14	14	14	15	14	23	27	23	23	10	10	1	2	2	27	14	14	2	27	20	24	27	27	27	16	6	27	19	19	2	14	23	14	3	26	14	14	14	14	26	14	3	23	14	7	1	26	14	14	27	15	14	26	2	1	2	9	26	1	11	26	27	23	14	3	9	20	2	2	2	2	8	5	27	18	7	2	2	7	3	3	26	14	2	14	2	27	27	23	23	14	4	2	4	14	14	27	14	14	27	14	4	27	2	1	23	11	2	14	27	2	3	16	20	2	14	14	23	27	1	17	7	27	27	27	24	14	1	26	14	2	26	14	2	11	26	4	27	15	24	27	2	14	27	14	14	27	11	15	14	1	23	23	10	2	23	25	23	25	20	20	14	22	14	7	20	26	16	16	7	27	20	2	1	27	26	14	1	26	14	4	7	23	14	3	24	2	4	14	14	7	14	14	27	11	14	1	23	10	2	10	2	23	12	2	2	14	17	2	22	23	2	2	14	7	7	7	26	27	8	23	2	25	14	5	26	14	14	14	23	3	24	24	14	14	14	2	20	14	14	27	1	20	1	4	27	13	1	23	12	14	2	23	1	17	2	27	23	2	16	8	6	27	19	14	27	27	14	25	25	14	4	26	14	25	5	14	3	23	23	2	14	4	25	1	14	14	27	15	14	14	14	9	1	23	23	1	26	23	14	27	14	2	27	20	2	14	14	7	6	27	18	27	11	14	14	14
DUE_DATE
0	31147	30476	30045	30094	29603	30672	30247	30296	30825	30394	29903	29952	31007	30556	30045	30614	30103	30132	31181	31210	30759	30248	30840	30882	30384	31446	31488	31050	30552	30587	30616	32385	31694	31243	31272	30761	31810	31359	31388	31907	31456	30945	30974	31003	32772	31061	31090	32139	31688	31719	31200	32241	32262	31803	31824	31305	33066	33087	33108	31389	31410	32451	32472	33247	32096	32145	31654	31703	32772	32805	32352	33579	33606	33633	32460	32487	31974	33021	33768	33075	33102	32646	32130	32154	33918	32742	32226	33270	34014	34038	34062	32886	32935	32432	33489	33526	33563	33120	32617	32654	34457	32776	33375	33914	34693	34717	34736	33555	33574	33053	34092	33091	33110	34149	34168	33707	33186	33205	33764	33783	34337	33916	35175	35234	34093	33585	34632	33639	34686	34713	34260	34287	33774	33801	33828	34875	34911	35664	35697	34530	34023	35796	34089	35862	35175	34714	34730	34206	35242	34778	35994	35290	34826	36042	36058	34334	34350	35386	35402	36138	35434	34970	34986	34491	34524	35577	34590	36363	35676	35229	36462	36495	34800	35862	35904	35466	35508	35010	35052	36111	36144	35697	35730	36963	35796	35289	37062	37095	37125	36432	36459	37206	36513	36060	35547	35574	37341	36648	36195	36235	36272	37509	37546	37583	35880	35917	36974	35991	37044	37077	36630	36123	36156	37929	36222	37275	36821	38044	38067	38090	36913	36396	38159	36982	37485	37508	37051	36534	36557	38321	37144	36627	37670	37213	37236	38459	38482	38505	36788	37831	36834	37877	37905	37452	37479	36966	37533	37020	38067	38094	38121	37668	38895	38917	37196	38955	37234	38993	38292	37831	37850	37329	38368	37907	38406	37945	37424	39183	39247	37556	39345	38674	39443	38772	38357	38416	37935	37994	39073	38107	39896	39225	38794	38303	40092	40125	38412	39459	39486	40233	39540	39087	39114	38601	39648	39675	39221	39244	39267	38750	40513	40536	40559	40582	40605	39908	39931	39474	38957	38977	40736	39555	40054	39593	39612	40831	40850	40869	39148	40187	39186	40225	40244	39783	39300	39342	39384	39426	40008	41250	40572	40127	41356	41385	41414	40243	41472	39761	40810	40839	40388	39907	39956	40545	40054	41843	41172	40731	41964	41997	42030	40863	41376	40389	40422	41475	41515	41072	41109	41146	40643	40680	41737	41774	42540	42582	41424	41946	42708	41010	41052	42840	42162	41724	41766	41268	41310	42372	42427	41996	43245	43294	41603	43392	42711	41724	43497	42810	42363	42396	41889	42942	41955	42521	43024	42027	42590	43813	43836	42119	43882	43905	43208	42751	42774	42257	42307	43376	42945	43474	43523	43092	43197	44496	44595	44640	43962	44724	43026	44088	44130	43692	43257	43356	43455	44501	44524	44067	45290	45313	45336	44159	45382	43665	44708	44731	44274	43757	43795	43832	43869	45646	44963	44520	45757	45794	45847	44696	45225	44794	44303	44352	45477	45576	45195	44717	45316	44835	46634	45973	45557	46816	46875	46934	45793	47097	45456	45555	46611	46644	46197	46230	45723	45756	45789	46842	46875	47635	47672	46509	47026	46043	46080	47137	47174	46735	46772	46269	46846	48083	47400	47437	46994	48257	48316	46635	47714	46753	48547	47876	47445	47494	47003	48072	47635	48872	48189	47746	47243	49020	49057	47354	48399	49140	49161	48462	48003	48024	47505	47526	48567	47568	48609	48150	48171	49392	49497	49596	48975	49735	48032	49089	49126	48683	48180	48217	48794	49315	49352	48909	50146	50183	50220	49057	50294	48607	49676	49725	49294	48803	48852	48882	48906	50670	49974	49518	50742	50766	50790	49614	50118	49662	49146	50205	50232	49779	49266	49293	49860	49887	51114	50421	49968	51195	51235	51272	50109	49606	50663	50700	50257	50294	49791	49824	51597	49890	50943	50496	50529	51762	51795	50095	51152	50169	51226	51263	50820	50857	50354	51405	50952	51459	51006	52233	52260	50547	50574	51621	52368	50655	52447	51776	51345	51394	50903	51972	50982	52026	51570	52794	52818	51102	52866	52890	52194	52218	51762	51786	51295	51332	52389	52426	51983	52020	52057	53294	53325	53352	51639	53406	52713	52740	52287	52314	51801	51828	52875	52422	53646	52950	52494	53718	53742	53766	52590	52074	53838	53142	53166	52735	52232	52269	54046	52343	53400	52957	54194	54231	54264	53097	52590	53643	52656	53709	53742	53295	52817	52876	54675	53534	53593	54095	53632	54849	54866	54883	53700	53177	54934	53211	54248	54265	53802	53819	54316	53313	53870	53887	53957	55216	55275	53594	53653	54715	54752	54789	54346	54383	53880	54937	54974	54017	54616	55875	55934	54253	54291	56064	56097	56130	55443	54996	55029	54522	54555	55605	55632	54639	55686	55233	56460	56487	54774	56541	55848	56595	55472	55546	55080	55154	56205	56232	55779	55806	57033	57060	57087	55374	55401	56448	56475	57347	56296	57535	57572	56409	55906	55943	57720	57757	57794	57872	57226	57300	56894	56925	57432	58179	58206	58233	56520	57567	57594	57141	57648	58395	58697	58797	57156	57255	59031	58344	58377	59130	59163	59196	58029	58062	57555	58627	58676	59445	59494	59543	59592	58937	58516	58035	58094	59173
TRANSPORT_MODE
0	2	2	2	1	1	1	0	0	2	2	1	1	1	2	0	2	1	2	1	1	1	0	0	2	2	1	1	1	1	0	2	2	2	1	1	1	1	0	0	2	2	1	1	1	1	0	0	2	2	2	1	1	1	1	0	0	3	3	3	1	1	1	0	0	1	2	2	1	1	1	0	3	3	3	1	1	1	0	0	1	2	2	1	1	1	0	0	1	3	3	3	1	1	1	0	1	2	2	1	1	1	0	0	1	3	3	3	1	1	1	0	0	1	2	2	1	1	1	0	0	1	1	3	3	1	1	0	1	2	2	2	1	1	0	0	1	1	3	3	1	1	0	1	1	2	2	2	1	1	0	0	1	1	3	3	1	1	0	0	1	1	2	2	2	1	1	0	0	1	1	3	3	1	1	0	1	1	2	2	2	1	1	0	0	1	1	3	3	3	1	0	0	1	1	2	2	1	1	0	1	1	3	3	3	1	1	0	0	1	1	2	2	1	1	0	1	1	3	3	3	1	1	0	0	1	1	2	2	1	1	0	0	1	1	1	3	3	3	1	0	1	1	2	2	2	1	0	0	0	1	1	1	3	3	1	0	1	1	1	2	2	2	1	0	1	1	1	3	3	1	0	0	1	1	1	2	2	2	1	0	0	1	1	1	3	3	1	0	0	1	1	1	2	2	2	1	0	1	1	1	3	3	3	0	0	1	1	1	2	2	1	0	1	1	1	3	3	3	1	0	0	1	1	1	2	2	1	0	0	1	1	1	3	3	3	1	0	1	1	1	2	2	1	0	0	1	1	1	3	3	3	1	0	1	1	1	2	2	2	0	0	1	1	1	3	3	1	0	0	1	1	1	2	2	2	1	0	1	1	1	3	3	1	0	0	1	1	1	2	2	2	1	0	0	1	1	1	3	3	1	0	1	1	1	1	2	2	2	0	0	1	1	1	3	3	3	0	0	1	1	1	2	2	1	0	1	1	1	3	3	3	1	0	1	1	1	2	2	1	0	0	1	1	1	3	3	3	1	0	0	1	1	1	2	2	1	0	0	1	1	1	3	3	3	1	0	1	1	1	2	2	2	0	0	1	1	1	3	3	1	0	1	1	1	2	2	2	1	0	0	1	1	1	3	3	1	0	1	1	1	2	2	2	1	0	0	1	1	1	3	3	1	0	0	1	1	1	2	2	2	1	0	1	1	1	3	3	3	0	0	1	1	1	2	2	1	0	1	1	1	3	3	3	1	0	1	1	1	2	2	1	0	0	1	1	1	3	3	3	1	0	0	1	1	1	2	2	1	0	0	1	1	1	3	3	3	1	1	1	2	2	2	1	0	0	0	1	1	1	3	3	1	0	1	1	2	2	2	1	1	0	1	1	3	3	1	1	0	0	1	1	2	2	2	1	1	0	1	1	3	3	1	1	0	0	1	1	2	2	2	1	1	0	1	1	3	3	3	1	0	0	1	1	2	2	1	1	0	0	1	1	3	3	3	1	1	0	1	1	2	2	1	1	0	1	1	3	3	3	1	1	0	0	1	1	2	2	1	1	0	0	1	1	3	3	3	1	1	0	1	2	2	2	1	1	0	0	1	1	3	3	1	1	0	1	2	2	2	1	1	1	0	1	3	3	1	1	1	0	0	1	2	2	2	1	1	1	0	0	1	3	3	1	1	1	0	1	2	2	2	1	1	1	0	3	3	3	1	1	1	0	0	1	3	3	1	1	1	0	3	3	3	1	1	1	1	0	0	3	3	1	1	1	1	0	3	3	3	1	1	1	1	0	0	3	3	1	1	1	1	0	0	3	3	3	1	1	1	1	0
PATIENT_WEIGHT
147	38	40	66	73	121	145	125	111	60	97	77	138	97	117	123	68	36	120	115	98	44	145	72	70	43	127	88	91	90	110	75	115	63	138	84	79	128	132	32	96	82	73	122	88	30	39	118	150	45	115	122	102	66	59	50	66	50	67	35	136	85	147	83	63	58	74	135	70	119	51	140	83	38	81	39	135	125	67	64	113	52	89	63	115	46	128	103	124	83	98	71	31	141	95	144	145	104	150	51	54	136	113	34	66	107	36	43	74	39	108	67	78	72	30	70	82	121	134	97	54	84	90	96	36	58	83	127	70	112	113	129	106	109	62	43	91	37	79	94	34	142	129	134	133	31	33	113	80	86	111	104	57	95	60	138	149	110	144	81	96	108	48	97	55	58	53	33	110	146	65	67	117	102	41	94	144	141	144	87	66	97	32	38	108	72	52	106	79	71	97	32	133	110	94	53	64	76	41	46	87	116	39	75	105	124	123	134	42	99	82	89	117	41	75	38	30	40	52	85	72	46	80	74	103	83	80	49	49	143	139	58	93	50	41	116	84	124	54	112	149	90	47	116	94	97	39	148	133	129	144	58	48	81	86	55	105	87	51	94	100	84	126	39	139	145	140	42	109	113	112	42	105	87	139	34	138	102	81	136	71	98	63	145	30	108	42	46	150	63	130	129	92	85	145	118	146	76	41	111	87	114	137	68	47	120	103	38	84	41	63	93	51	69	45	33	83	135	90	44	62	149	70	130	71	134	79	88	100	146	76	119	33	56	67	43	150	43	56	136	68	147	88	83	99	92	83	92	83	79	51	55	73	117	111	79	89	132	83	44	102	134	93	139	45	94	137	56	39	54	74	36	68	121	77	96	139	144	37	38	64	31	91	135	132	76	147	34	149	70	145	55	81	108	71	114	111	76	147	137	63	69	121	90	142	70	93	106	68	84	86	61	65	96	121	50	93	66	119	144	141	136	55	119	87	48	131	63	33	109	83	113	106	59	140	115	112	42	47	33	35	148	96	97	115	90	143	43	64	77	104	87	111	129	73	78	134	87	110	43	59	140	120	66	103	78	101	56	101	135	76	141	91	108	58	72	106	36	46	42	60	137	74	49	103	88	107	69	39	46	83	52	104	104	150	68	113	50	97	63	141	108	85	114	133	140	82	86	57	50	68	57	104	63	76	79	43	67	55	150	85	74	147	113	94	105	52	40	43	51	45	91	92	30	86	148	126	75	104	96	145	61	83	98	41	150	140	73	100	70	74	43	58	52	41	50	51	103	60	46	111	108	147	80	128	53	123	92	71	46	40	72	115	98	88	142	120	35	44	54	127	75	60	36	138	136	77	135	33	65	79	56	57	52	39	100	70	81	73	39	108	127	137	110	40	145	125	130	116	102	125	41	96	65	90	48	82	58	71	150	48	140	132	114	150	72	65	94	108	113	143	59	71	60	47	63	48	39	77	93	73	36	90	98	148	45	35	62	139	123	107	41	45	72	74	39	52	47	120	67	61	39	93	149	40	62	130	94	73	49	62	75	75	101	32	138	84	126	43	73	63	38	81	43	126	60	47	114	77	98	126	124	51	61	53	103	149	108	40	82	107	36	72	99	108	36	148	121	64	130	106	122	105	98	134	115	146	96	115	118	55	63	73	125	55	118	142	82	146	90	112	84	47	37	118	33	58	100	48	77	63	68	40	39	131	87	34	132	95	36	96	107	83	68	125	50	81	72	146	44	122	128	126	70	108	119	37	51	132	147	44	94	93	54	65	74	38	80	41	70	56	65	30	135	130	96	65	36	54	52	107	110	139	110	110	137	93	135	97	131	149
DISTANCE_MATRIX
0	360	318	300	288	276	264	264	150	150	150	60	90	90	162	168	204	228	234	312	360	408	348	318	168	192	168	318
360	60	264	318	324	342	342	342	348	348	354	360	372	378	378	420	420	480	462	498	462	462	384	420	372	420	378	378
318	264	60	270	276	288	288	288	294	294	294	318	318	324	324	414	414	468	462	486	462	462	330	366	366	408	372	324
300	318	270	60	276	288	288	288	288	288	288	300	300	312	318	408	408	468	462	486	438	438	318	360	360	402	360	312
288	324	276	276	60	276	276	276	276	276	276	288	288	300	300	402	396	462	456	480	432	432	300	360	360	402	348	300
276	342	288	288	276	60	180	180	252	258	264	264	264	288	288	390	390	456	450	480	432	432	288	348	348	348	288	288
264	342	288	288	276	180	60	180	246	258	264	264	264	288	288	390	390	456	450	480	432	432	288	348	348	348	288	288
264	342	288	288	276	180	180	60	240	258	264	264	264	288	288	390	390	456	450	480	432	432	288	348	348	348	288	288
150	348	294	288	276	252	246	240	60	120	120	150	126	270	270	378	384	420	438	480	420	408	276	300	300	300	276	270
150	348	294	288	276	258	258	258	120	60	120	150	150	270	270	378	384	420	438	480	420	408	276	300	300	300	276	270
150	354	294	288	276	264	264	264	120	120	60	150	150	270	270	378	384	420	438	480	420	408	276	300	300	300	276	270
60	360	318	300	288	264	264	264	150	150	150	60	90	162	168	228	234	312	360	408	348	318	168	192	192	198	168	162
90	372	318	300	288	264	264	264	150	150	150	90	60	162	168	228	234	312	360	408	348	318	168	192	192	198	168	162
90	378	324	312	300	288	288	288	270	270	270	162	162	60	120	180	180	306	210	360	300	300	120	180	120	180	120	234
162	378	324	318	300	288	288	288	270	270	270	168	168	120	60	180	180	306	210	360	300	300	120	180	120	180	120	120
168	420	414	408	402	348	348	348	300	300	300	228	228	180	180	60	132	204	132	348	258	258	186	60	180	132	222	180
204	420	414	408	396	390	390	390	384	384	384	234	234	180	180	132	60	204	132	348	258	258	186	60	180	132	222	180
228	480	468	468	462	456	456	456	420	420	420	312	312	306	306	204	204	60	198	120	240	240	306	204	306	138	306	306
234	462	462	462	456	450	450	450	438	438	438	360	360	210	210	132	132	198	60	138	132	132	210	132	210	132	210	210
312	498	486	486	480	480	480	480	480	480	480	408	408	360	360	348	348	120	138	60	348	348	360	348	360	348	360	360
360	462	462	438	432	432	432	432	420	420	420	348	348	300	300	258	258	240	132	348	60	60	300	258	300	258	300	300
408	462	462	438	432	432	432	432	408	408	408	318	318	300	300	258	258	240	132	348	60	60	300	258	300	258	300	300
348	384	330	318	300	288	288	288	276	276	276	168	168	120	120	186	186	306	210	360	300	300	60	186	120	186	120	120
318	420	366	360	360	348	348	348	300	300	300	192	192	180	180	60	60	204	132	348	258	258	186	60	180	60	180	180
168	372	300	306	300	288	288	288	270	270	270	168	168	120	120	180	180	306	210	360	300	300	120	180	60	180	120	120
192	420	408	402	402	348	348	348	300	300	300	198	198	180	180	132	132	138	132	348	258	258	186	60	180	60	180	180
168	378	372	360	348	288	288	288	276	276	276	168	168	120	120	222	222	306	210	360	300	300	120	180	120	180	60	120
318	378	324	312	300	288	288	288	270	270	270	162	162	234	120	180	180	306	210	360	300	300	120	180	120	180	120	60
DEPOTS_DISTANCE
234	462	462	462	456	450	450	450	438	438	438	360	360	210	210	132	132	198	60	138	132	132	210	132	210	132	210	210	
348	384	330	318	300	288	288	288	276	276	276	168	168	120	120	186	186	306	210	360	300	300	60	186	120	186	120	120	
318	420	366	360	360	348	348	348	300	300	300	192	192	180	180	60	60	204	132	348	258	258	186	60	180	60	180	180	
LOCATION_TURN_MATRIX
100	130	122	113	112	199	136	122	129	152	173	146	151	136	158	140	176	113	122	167	194	134	110	172	114	184	100	147	
170	100	154	188	164	169	136	136	152	170	104	183	155	115	101	104	155	187	174	115	149	134	178	168	114	135	168	102	
178	146	100	161	178	114	104	165	117	139	126	169	192	109	120	179	160	152	154	134	113	140	154	179	196	196	192	181	
187	112	139	100	158	114	195	181	104	132	195	106	183	169	132	170	140	136	172	148	116	110	123	136	151	120	176	169	
188	136	122	142	100	175	164	159	112	100	167	164	135	191	132	181	104	123	142	156	108	117	193	182	116	147	156	185	
101	131	186	186	125	100	190	147	164	150	137	102	145	176	185	131	113	108	117	186	118	151	140	178	154	189	172	110	
164	164	196	105	136	110	100	186	153	151	183	193	111	157	144	123	188	142	110	163	105	190	166	187	170	171	186	126	
178	164	135	119	141	153	114	100	106	130	108	103	151	178	122	151	130	133	184	177	110	141	166	110	122	174	191	197	
171	148	183	196	188	136	147	194	100	167	100	146	168	129	128	142	172	118	174	147	105	158	156	160	120	106	119	136	
148	130	161	168	200	150	149	170	133	100	177	106	175	116	188	180	176	194	108	146	130	187	183	173	128	141	169	176	
127	196	174	105	133	163	117	192	200	123	100	171	175	140	183	115	104	186	128	153	151	175	100	146	191	117	132	197	
154	117	131	194	136	198	107	197	154	194	129	100	136	184	140	147	172	184	148	131	103	156	185	200	152	158	154	143	
149	145	108	117	165	155	189	149	132	125	125	164	100	140	199	142	101	144	163	185	117	191	200	143	113	165	102	154	
164	185	191	131	109	124	143	122	171	184	160	116	160	100	109	116	196	113	131	186	166	139	183	175	144	161	105	170	
142	199	180	168	168	115	156	178	172	112	117	160	101	191	100	147	177	177	199	158	172	188	164	175	180	168	154	195	
160	196	121	130	119	169	177	149	158	120	185	153	158	184	153	100	152	159	197	157	181	159	102	123	168	200	124	186	
124	145	140	160	196	187	112	170	128	124	196	128	199	104	123	148	100	149	114	112	117	135	105	132	138	180	198	156	
187	113	148	164	177	192	158	167	182	106	114	116	156	187	123	141	151	100	166	132	168	163	159	123	129	173	161	116	
178	126	146	128	158	183	190	116	126	192	172	152	137	169	101	103	186	134	100	184	199	137	130	160	148	113	140	150	
133	185	166	152	144	114	137	123	153	154	147	169	115	114	142	143	188	168	116	100	111	195	128	157	191	164	141	171	
106	151	187	184	192	182	195	190	195	170	149	197	183	134	128	119	183	132	101	189	100	129	151	163	147	166	104	177	
166	166	160	190	183	149	110	159	142	113	125	144	109	161	112	141	165	137	163	105	171	100	101	185	169	129	103	197	
190	122	146	177	107	160	134	134	144	117	200	115	100	117	136	198	195	141	170	172	149	199	100	106	150	116	118	145	
128	132	121	164	118	122	113	190	140	127	154	100	157	125	125	177	168	177	140	143	137	115	194	100	128	167	115	155	
186	186	104	149	184	146	130	178	180	172	109	148	187	156	120	132	162	171	152	109	153	131	150	172	100	155	124	184	
116	165	104	180	153	111	129	126	194	159	183	142	135	139	132	100	120	127	187	136	134	171	184	133	145	100	129	192	
200	132	108	124	144	128	114	109	181	131	168	146	198	195	146	176	102	139	160	159	196	197	182	185	176	171	100	146	
153	198	119	131	115	190	174	103	164	124	103	157	146	130	105	114	144	184	150	129	123	103	155	145	116	108	154	100	
DEPOTS_TO_LOCAL_TURN_MATRIX
178	126	146	128	158	183	190	116	126	192	172	152	137	169	101	103	186	134	100	184	199	137	130	160	148	113	140	150	
190	122	146	177	107	160	134	134	144	117	200	115	100	117	136	198	195	141	170	172	149	199	100	106	150	116	118	145	
128	132	121	164	118	122	113	190	140	127	154	100	157	125	125	177	168	177	140	143	137	115	194	100	128	167	115	155	
LOCAL_TO_DEPOT_TURN_MATRIX
122	174	154	172	142	117	110	184	174	108	128	148	163	131	199	197	114	166	100	116	101	163	170	140	152	187	160	150	
110	178	154	123	193	140	166	166	156	183	100	185	200	183	164	102	105	159	130	128	151	101	100	194	150	184	182	155	
172	168	179	136	182	178	187	110	160	173	146	200	143	175	175	123	132	123	160	157	163	185	106	100	172	133	185	145	

