INDEX_PROBLEM
1
PATIENTS
800
STRETCHERS
16
NUM_ROOM
28
NUM_DEPOT
3
NUM_PRIORITY
4
PRIORITY_LIST
0	1	2	3	4
PRIORITY_WEIGHT
0	1	10	18	30
PRIORITY_JOB
0	2	2	3	4	4	2	4	3	3	4	2	4	2	3	3	4	4	2	3	3	4	3	4	4	4	2	3	4	4	4	4	2	2	3	4	4	2	4	3	3	3	4	4	2	2	4	3	3	4	4	4	2	3	3	4	4	1	1	4	2	2	3	1	4	4	4	2	3	3	4	4	1	1	4	2	3	4	1	2	4	4	2	2	3	4	4	2	3	1	1	1	2	3	3	1	3	4	4	2	2	3	4	3	4	4	1	1	1	4	2	3	1	3	4	2	2	3	4	4	4	4	1	1	1	4	2	3	2	3	4	4	1	2	3	4	3	4	1	1	1	4	4	2	1	2	2	3	4	4	2	3	3	4	3	4	1	1	4	2	1	2	3	4	4	2	3	3	4	3	4	4	1	1	2	2	1	3	3	4	4	2	3	3	4	4	4	1	1	1	2	3	1	2	4	4	4	2	2	3	4	3	4	1	1	1	2	3	2	1	4	3	4	4	2	2	3	3	4	4	1	1	1	4	2	3	4	3	3	4	2	2	3	4	4	4	4	1	1	1	4	2	3	3	4	4	1	2	1	4	3	3	4	1	1	1	4	4	1	2	2	3	4	4	2	4	4	3	3	1	1	4	4	2	2	2	2	3	4	4	2	3	4	3	4	1	1	4	2	1	3	2	3	4	4	2	3	3	4	4	4	1	1	1	2	1	1	3	4	4	4	2	2	3	4	4	4	1	1	1	2	2	2	3	3	4	4	2	3	2	4	3	4	1	1	1	4	2	1	4	3	3	4	4	2	2	4	3	4	4	1	1	1	2	3	3	3	4	4	1	2	4	3	3	4	1	1	1	4	4	1	2	2	3	4	4	2	4	4	4	3	3	4	1	1	4	1	2	2	3	4	4	4	2	4	2	3	3	1	1	4	2	2	2	3	4	4	2	3	3	3	4	4	1	1	1	2	1	3	3	4	4	4	2	2	3	4	1	4	4	1	1	1	2	1	2	3	3	4	4	2	2	3	3	4	1	1	1	4	2	2	4	3	3	4	4	2	2	4	4	3	4	1	1	1	4	2	3	3	4	4	1	2	3	2	3	4	1	1	1	4	4	1	2	2	3	4	4	2	4	3	4	3	4	1	1	4	4	3	2	2	3	4	4	2	3	4	1	3	4	1	1	4	2	2	2	3	4	4	2	3	3	4	4	1	1	4	1	2	2	2	3	4	4	4	2	2	3	3	4	1	1	1	4	2	1	1	2	3	4	4	4	2	2	4	3	4	1	1	1	4	2	2	3	3	4	2	2	3	3	4	4	4	1	1	1	4	2	2	3	3	4	1	2	3	4	4	4	1	1	1	4	4	2	1	2	3	4	4	2	3	3	3	4	1	1	4	4	2	2	1	2	3	4	4	2	3	3	4	4	1	1	4	2	2	2	2	3	4	4	2	3	3	4	4	1	1	4	1	2	3	3	4	4	4	2	3	3	4	1	4	1	1	1	4	2	3	1	2	4	4	4	2	2	3	3	1	1	1	4	4	2	3	2	2	3	4	2	2	3	4	4	1	1	1	4	4	2	3	1	3	4	1	2	3	4	3	4	1	1	1	4	4	2	3	1	3	4	4	2	3	4	4	3	1	1	4	4	2	2	2	4	3	4	4	2	3	3	3	4	1	1	4	2	2	3	2	2	4	4	4	2	3	3	4	1	1	1	2	3	4	1	4	1	1	1	4	4	2	1	1	1	1	3	3	4	4	2	2	1	1	2	3	4	4	2	1	1	1	1	4	2	2	1	2	1	1	3	4	4	2	2	1	1	1	1	3	3	4	4	3
TIME_ASKED
0	28849	28898	28947	28996	29045	29094	29149	29198	29247	29296	29345	29394	29429	29458	29487	29516	29545	29574	29603	29632	29661	29690	29742	29784	29826	29868	29910	29952	29994	30029	30058	30087	30116	30145	30174	30203	30232	30261	30290	30329	30358	30387	30416	30445	30474	30503	30532	30561	30590	30621	30642	30663	30684	30705	30726	30747	30768	30789	30810	30831	30852	30873	30894	30949	30998	31047	31096	31145	31194	31227	31254	31281	31308	31335	31362	31389	31416	31443	31470	31497	31524	31548	31572	31596	31620	31644	31668	31692	31716	31740	31764	31788	31837	31874	31911	31948	31985	32022	32059	32096	32159	32218	32277	32336	32395	32419	32438	32457	32476	32495	32514	32533	32552	32571	32590	32609	32628	32647	32666	32685	32759	32818	32877	32936	32995	33027	33054	33081	33108	33135	33162	33189	33216	33243	33270	33297	33333	33366	33399	33432	33465	33498	33531	33564	33597	33616	33632	33648	33664	33680	33696	33712	33728	33744	33760	33776	33792	33808	33824	33840	33856	33872	33888	33933	33966	33999	34032	34065	34098	34131	34164	34197	34242	34284	34326	34368	34410	34452	34494	34533	34566	34599	34632	34665	34698	34731	34764	34797	34827	34854	34881	34908	34935	34962	34989	35016	35043	35070	35097	35137	35174	35211	35248	35285	35322	35359	35396	35433	35466	35499	35532	35565	35598	35631	35664	35697	35723	35746	35769	35792	35815	35838	35861	35884	35907	35930	35953	35976	35999	36023	36046	36069	36092	36115	36138	36161	36184	36207	36230	36253	36276	36299	36327	36354	36381	36408	36435	36462	36489	36516	36543	36570	36597	36619	36638	36657	36676	36695	36714	36733	36752	36771	36790	36809	36828	36847	36866	36885	36949	36998	37047	37096	37145	37194	37259	37318	37377	37436	37495	37549	37598	37647	37696	37745	37794	37827	37854	37881	37908	37935	37962	37989	38016	38043	38070	38097	38123	38146	38169	38192	38215	38238	38261	38284	38307	38330	38353	38376	38399	38419	38438	38457	38476	38495	38514	38533	38552	38571	38590	38609	38628	38647	38666	38685	38742	38784	38826	38868	38910	38952	38994	39029	39058	39087	39116	39145	39174	39203	39232	39261	39290	39349	39398	39447	39496	39545	39594	39633	39666	39699	39732	39765	39798	39831	39864	39897	39937	39974	40011	40048	40085	40122	40159	40196	40242	40284	40326	40368	40410	40452	40494	40542	40584	40626	40668	40710	40752	40794	40849	40898	40947	40996	41045	41094	41133	41166	41199	41232	41265	41298	41331	41364	41397	41423	41446	41469	41492	41515	41538	41561	41584	41607	41630	41653	41676	41699	41749	41798	41847	41896	41945	41994	42099	42198	42297	42342	42384	42426	42468	42510	42552	42594	42699	42798	42897	42923	42946	42969	42992	43015	43038	43061	43084	43107	43130	43153	43176	43199	43237	43274	43311	43348	43385	43422	43459	43496	43549	43598	43647	43696	43745	43794	43899	43998	44097	44159	44218	44277	44336	44395	44459	44518	44577	44636	44695	44799	44898	44997	45033	45066	45099	45132	45165	45198	45231	45264	45297	45337	45374	45411	45448	45485	45522	45559	45596	45637	45674	45711	45748	45785	45822	45859	45896	45959	46018	46077	46136	46195	46249	46298	46347	46396	46445	46494	46537	46574	46611	46648	46685	46722	46759	46796	46821	46842	46863	46884	46905	46926	46947	46968	46989	47010	47031	47052	47073	47094	47199	47298	47397	47437	47474	47511	47548	47585	47622	47659	47696	47737	47774	47811	47848	47885	47922	47959	47996	48049	48098	48147	48196	48245	48294	48324	48348	48372	48396	48420	48444	48468	48492	48516	48540	48564	48588	48627	48654	48681	48708	48735	48762	48789	48816	48843	48870	48897	48937	48974	49011	49048	49085	49122	49159	49196	49233	49266	49299	49332	49365	49398	49431	49464	49497	49537	49574	49611	49648	49685	49722	49759	49796	49827	49854	49881	49908	49935	49962	49989	50016	50043	50070	50097	50149	50198	50247	50296	50345	50394	50424	50448	50472	50496	50520	50544	50568	50592	50616	50640	50664	50688	50737	50774	50811	50848	50885	50922	50959	50996	51027	51054	51081	51108	51135	51162	51189	51216	51243	51270	51297	51324	51348	51372	51396	51420	51444	51468	51492	51516	51540	51564	51588	51637	51674	51711	51748	51785	51822	51859	51896	51933	51966	51999	52032	52065	52098	52131	52164	52197	52259	52318	52377	52436	52495	52517	52534	52551	52568	52585	52602	52619	52636	52653	52670	52687	52704	52721	52738	52755	52772	52789	52859	52918	52977	53036	53095	53137	53174	53211	53248	53285	53322	53359	53396	53459	53518	53577	53636	53695	53733	53766	53799	53832	53865	53898	53931	53964	53997	54027	54054	54081	54108	54135	54162	54189	54216	54243	54270	54297	54374	54448	54522	54596	54627	54654	54681	54708	54735	54762	54789	54816	54843	54870	54897	55049	55198	55237	55274	55311	55348	55385	55422	55459	55496	55574	55648	55722	55796	55827	55854	55881	55908	55935	55962	55989	56016	56043	56070	56097	56399	56499	56598	56697	56733	56766	56799	56832	56865	56898	56931	56964	56997	57049	57098	57147	57196	57245	57294	57359	57418	57477	57536	57595
ORIGIN
26	16	6	27	19	7	27	14	25	14	4	10	2	23	5	14	27	14	3	23	14	14	20	14	14	14	14	27	27	20	4	9	3	9	1	23	11	14	23	27	14	2	27	27	24	14	14	23	14	6	27	18	7	27	20	8	13	14	17	2	23	12	2	4	3	13	23	14	4	24	14	1	14	23	25	14	19	8	14	9	23	23	23	11	2	14	14	9	14	14	26	14	14	4	27	1	23	2	18	7	27	20	8	8	1	1	1	17	2	2	14	14	14	14	14	4	24	15	4	2	16	7	7	3	26	26	23	23	23	1	10	2	23	14	2	23	27	27	1	27	27	15	23	4	4	7	7	27	20	14	14	13	4	14	14	27	27	20	14	14	14	7	8	24	15	4	23	16	23	14	20	26	26	14	14	14	14	14	14	23	12	2	23	27	14	23	23	14	14	27	14	1	1	23	1	20	8	27	11	14	26	13	13	2	14	4	5	7	14	5	2	14	4	26	26	8	23	23	23	23	14	14	2	1	14	27	14	25	2	23	14	3	2	15	25	27	27	11	14	1	25	14	16	8	27	23	23	4	1	14	23	23	14	14	2	15	14	14	7	2	26	16	14	23	4	14	14	3	26	3	14	3	14	7	15	27	23	13	3	23	7	7	15	14	14	1	25	1	25	14	14	20	23	8	1	11	12	14	11	14	2	14	27	14	14	9	1	14	16	5	26	3	26	13	13	14	3	14	26	27	14	26	26	14	13	2	23	7	3	7	27	14	1	7	14	3	23	13	14	20	8	1	23	10	7	14	26	7	26	14	14	14	12	16	12	20	5	26	3	9	14	7	14	20	14	14	3	26	26	7	7	4	2	23	23	26	1	14	14	4	14	14	1	14	1	13	14	11	1	23	10	1	3	3	8	7	14	14	27	14	13	15	3	2	14	14	3	14	14	14	1	1	14	3	14	14	1	13	1	27	23	14	3	14	23	14	14	14	14	1	1	1	3	26	26	25	23	10	1	14	1	1	14	12	14	27	14	14	14	26	14	12	16	6	27	19	7	2	2	2	14	2	14	1	1	14	14	26	14	3	23	14	9	14	8	2	1	25	14	2	27	2	2	1	9	26	1	11	26	2	2	1	27	14	14	26	23	23	8	11	5	27	18	7	27	2	3	11	11	17	2	22	23	27	27	27	3	23	14	4	14	3	3	14	14	4	4	26	14	1	27	2	1	23	11	2	23	23	23	14	14	14	15	15	14	14	14	23	26	17	7	27	20	27	27	20	14	2	27	20	2	27	26	26	23	14	4	27	15	14	14	14	14	3	26	14	1	14	14	1	23	10	2	14	1	1	1	14	27	15	14	16	7	27	27	26	16	7	27	14	7	27	2	3	20	2	2	2	11	2	2	23	14	3	24	14	4	7	2	3	26	14	14	2	14	26	14	27	10	2	23	12	4	4	4	27	14	14	2	2	14	14	27	14	7	26	19	2	27	14	3	16	20	2	1	1	23	23	27	14	3	24	14	4	24	26	26	14	2	14	27	26	14	27	27	10	1	23	12	2	23	23	14	14	27	14	11	11	14	14	16	6	27	19	7	27	14	23	20	20	2	14	23	2	14	26	14	3	23	14	20	20	26	1	14	1	26	26	20	14	3	23	9	1	23	2	7	23	4	2	14	14	11	11	15	14	7	27	6	27	18	7	27	14	14	4	14	22	2	23	2	4	27	14	3	23	14	4	7	1	25	25	14	14	27	20	14	14	23	9	1	23	11	2	13	14	27	4	14	27	24	14	1	14	1	5	27	18	7	27	20	8	1	17	2	27	23	12	2	1	23
DESTINATION
3	14	17	2	22	23	2	4	14	3	23	14	14	27	14	25	23	25	14	4	2	9	14	9	9	9	1	23	2	14	14	14	26	14	14	27	15	5	1	23	5	27	18	18	2	26	8	1	1	17	2	27	20	2	14	14	7	16	6	27	27	11	14	14	14	7	3	26	14	2	5	23	5	27	14	3	22	14	20	14	27	1	27	15	14	20	20	14	4	4	3	9	26	14	2	23	27	27	27	20	2	14	14	14	14	14	14	6	27	14	20	8	8	26	26	14	2	14	14	14	14	13	13	23	14	14	27	1	1	23	14	14	27	8	14	1	23	23	23	23	23	11	27	14	14	13	13	2	14	4	5	7	14	5	25	2	18	7	26	8	8	23	14	2	14	14	1	14	27	1	14	14	14	4	15	2	2	16	25	27	11	14	1	23	25	1	1	10	2	23	2	23	23	27	23	14	14	2	15	20	14	7	7	27	20	14	14	13	4	14	27	26	14	3	14	14	27	7	7	7	8	15	24	23	16	23	15	14	14	1	25	14	14	14	14	23	23	12	2	23	14	9	14	14	2	27	1	14	23	9	1	1	20	8	27	11	26	26	13	14	3	14	26	27	14	26	26	14	14	26	26	26	8	23	14	23	1	7	14	3	23	13	14	25	2	23	14	23	14	15	25	7	26	14	14	12	11	16	12	8	27	8	23	4	4	14	23	20	14	14	3	26	14	7	7	2	26	16	14	23	4	14	14	4	7	14	1	13	14	13	2	25	23	13	3	23	7	7	15	7	14	14	27	14	13	15	3	20	23	8	8	1	11	14	11	14	14	3	14	14	1	13	1	14	1	5	26	3	3	13	13	14	14	1	1	3	14	26	25	14	25	2	23	2	23	7	3	12	14	27	14	14	26	26	14	20	8	1	23	10	7	14	26	14	2	26	14	1	8	1	14	14	20	26	3	9	14	7	14	2	1	25	14	2	27	2	2	4	2	23	23	23	26	14	14	14	27	14	14	26	23	23	8	11	1	23	10	1	1	3	8	11	14	17	2	22	23	27	27	27	2	14	3	14	14	2	1	14	25	14	4	26	14	1	14	27	23	14	3	14	23	14	14	14	14	14	14	15	14	14	14	23	23	10	1	14	1	1	14	20	14	2	27	20	2	27	26	12	12	6	27	19	7	2	2	2	14	3	26	14	1	14	14	26	3	23	23	14	9	14	2	14	14	27	15	14	7	27	27	1	26	9	11	11	26	2	2	1	3	9	20	2	11	2	2	11	5	27	18	7	27	2	3	3	3	26	14	2	14	26	26	26	3	23	14	4	14	3	3	14	27	14	14	2	14	14	14	1	23	11	2	16	23	23	23	3	16	20	2	1	23	23	27	26	7	27	27	27	20	27	27	1	26	14	2	26	14	23	27	23	14	4	4	27	15	14	15	23	14	14	27	11	14	14	14	23	10	2	14	14	1	1	2	20	20	14	22	14	2	1	26	16	7	27	14	14	7	27	2	26	14	1	26	14	2	3	14	3	24	3	2	14	4	2	2	14	14	27	11	14	1	7	10	2	23	2	12	12	4	4	14	17	2	22	23	2	4	27	14	7	27	26	27	27	1	3	25	14	5	26	14	14	14	23	3	24	14	14	14	4	26	1	14	14	27	24	20	1	14	27	10	1	12	12	14	2	23	23	17	2	27	23	2	16	1	14	16	19	14	27	27	14	23	25	14	4	26	14	20	14	14	14	3	3	2	14	20	26	1	14	14	27	15	14	7	9	2	14	9	23	1	26	23	4	23	14	2	27	20	2	14	14	23	6	27	18	27	11	14	14	27
DUE_DATE
0	30427	30476	30045	29554	29603	30672	29707	30296	30345	29854	30923	29952	31007	30556	30585	30074	30103	31152	30701	30730	30219	30788	30300	30342	30384	31446	31008	30510	30552	30587	30616	31665	31694	31243	30732	30761	31810	30819	31388	31427	31456	30945	30974	32023	32052	31061	31630	31659	31148	31179	31200	32241	31782	31803	31284	31305	33066	33087	31368	32409	32430	31971	33192	31507	31556	31605	32674	32243	32292	31785	31812	33579	33606	31893	32940	32487	31974	33741	33048	32055	32082	33126	33150	32694	32178	32202	33246	32790	34014	34038	34062	33366	32935	32972	34209	33046	32543	32580	33637	33674	33257	32776	33375	32894	32953	34717	34736	34755	33034	34073	33612	34831	33650	33129	34168	34187	33726	33205	33224	33243	33317	35116	35175	35234	33553	34605	34152	34659	34206	33693	33720	35487	34794	34341	33828	34395	33891	35664	35697	35730	34023	34056	35109	35862	35175	35194	34730	34206	34222	35258	34794	34810	34286	34842	34318	36074	36090	34366	35402	36138	35434	34970	34446	34491	35544	35097	35130	34623	35196	34689	34722	36495	36540	35862	35904	36666	35508	35550	35052	35091	36144	35697	35730	35223	35256	35289	37062	37095	37125	36432	35979	37206	36513	35520	35547	35574	36621	36648	36195	35695	36272	35769	37546	37583	37620	36937	36494	37011	37764	36057	36630	36123	36156	37209	37242	36795	36821	36304	36327	38090	38113	38136	36419	37462	37005	36488	37051	37074	36557	37601	37624	37167	36650	36673	36696	36719	38482	38505	38528	36811	37854	37397	37425	36912	36939	38706	38013	38760	37047	37614	37641	37128	38895	38917	38936	37215	37234	38993	38292	38311	37850	37329	37348	38387	37386	37405	37964	37983	39247	39296	37605	37654	38723	38772	38837	38896	38475	37994	38053	39127	38696	38205	38794	38303	40092	40125	38412	39459	40206	39033	39540	39087	38574	38601	39648	39195	39221	38704	38727	38750	40513	40536	40559	39862	40605	40628	39451	38934	38957	38977	40016	40035	39574	39053	39072	39091	40850	40869	40888	40187	40206	40225	39764	39783	39300	39342	40404	39966	40488	39510	40092	39587	41356	41385	41414	39703	40752	41501	39790	40359	40388	39907	39956	41025	41074	40103	40692	40191	40224	41997	42030	42063	41376	40929	40962	40995	40495	40532	42309	41626	40643	41220	41257	40754	42540	42582	42624	40926	40968	42750	42072	42120	41682	41184	41226	42288	41310	41352	41407	41996	42045	41554	43343	43392	41691	43464	42777	42810	42363	41856	41889	41922	42975	41981	43024	42567	42590	43813	43836	42119	43162	43185	43208	42751	42234	42257	43327	42896	42945	42994	42503	42552	44397	44496	44595	43920	44682	43524	43566	43068	43110	43152	44277	44376	43995	43481	45244	43527	43550	45313	45336	45359	44662	45405	44708	44251	44274	43757	43795	44852	44889	44446	44483	43980	45757	45794	45847	44156	45225	45274	44303	44892	44997	44556	44655	45737	45796	44835	44894	45493	45017	46816	46875	46934	45253	46377	45996	46095	45591	45624	47397	46710	46263	46776	46329	45822	47595	47635	47672	45969	46006	47783	47100	47137	46694	46195	46232	47289	46306	46883	46380	46957	46454	48257	48316	46635	46694	47293	47827	47876	47445	46954	47003	48072	47635	47132	48909	47746	47243	49020	49057	47354	48399	48420	48441	47982	47463	47484	48525	48066	48087	47568	47589	49350	49371	47652	49497	48876	48975	49015	48572	48069	48106	48143	49200	49237	48794	48835	48332	50109	50146	50183	48480	49537	50294	50347	49676	49245	48754	48803	48852	49902	49926	48930	49494	48978	50742	50766	50790	49074	50118	50142	49686	49725	49212	50259	50286	49833	49860	49347	49374	49401	51168	51195	51235	49532	50589	50626	50183	50220	49717	51494	50811	50364	49857	49890	49923	51696	51729	51762	50055	50095	51152	51909	51226	50783	50280	50317	51374	50925	50952	50979	50466	52233	52260	50547	50574	51621	51648	52395	51727	51296	50805	50854	51923	51492	51522	51006	51030	52794	52818	51102	52146	52170	52194	52218	51762	51246	51295	52352	51909	51946	51443	51480	53257	53294	51585	53352	52659	52206	52233	51720	51747	51774	52821	52368	52395	51882	53646	51930	53694	53718	53742	52026	53070	52614	53838	53142	52146	52195	52232	53289	53326	52883	52920	54157	54194	54231	52524	52557	53610	53163	53676	53709	53262	52755	53837	53896	53475	52994	53053	54815	54832	54849	53126	53143	54180	53717	54934	53751	53228	54985	54282	53819	53296	53853	53330	55087	55157	55216	53535	53594	54673	54235	55472	54309	53806	53843	54900	54457	53954	54017	54616	55875	55934	54253	54291	55344	55377	55410	54423	54996	54489	54522	55575	55125	55152	55179	54666	56433	56460	54747	55794	55821	55368	55875	55952	55006	55080	55154	56205	55752	55779	55266	57033	57060	57087	56394	55941	55428	57195	55607	57496	57535	57572	55869	55906	56963	57720	57757	57794	57872	56746	56820	56354	56385	57432	57459	58206	58233	57540	57087	56574	56601	57648	58395	58697	58797	58896	57255	58311	58344	59097	58410	59163	59196	58029	57522	57555	58627	58676	59445	59494	59543	59592	58457	58516	58035	58094	58693
TRANSPORT_MODE
0	2	2	1	1	1	1	0	2	2	2	1	1	1	2	0	2	1	1	1	1	1	0	0	0	2	2	1	1	1	2	0	2	2	1	1	1	1	0	0	2	2	1	1	1	1	0	0	2	2	2	1	1	1	1	0	0	3	3	1	1	1	1	0	1	2	2	2	1	1	1	0	3	3	1	1	1	1	0	0	2	2	2	1	1	1	1	0	0	3	3	3	1	1	1	0	0	1	2	2	1	1	1	0	0	1	3	3	3	1	1	1	0	1	2	2	1	1	1	0	0	1	3	3	3	1	1	1	0	1	2	2	1	1	1	0	0	1	3	3	3	1	1	1	0	0	1	2	2	2	1	1	0	0	1	1	3	3	1	1	0	1	2	2	2	1	1	1	0	0	1	1	3	3	1	1	0	0	1	1	2	2	2	1	1	0	1	3	3	1	1	1	0	0	1	1	2	2	2	1	1	0	1	3	3	3	1	1	0	0	0	1	1	2	2	1	1	0	1	1	3	3	3	1	1	0	0	1	1	2	2	1	1	0	0	1	1	3	3	3	1	1	1	2	1	2	1	1	0	0	0	1	1	3	3	3	1	1	0	1	1	2	2	2	1	0	0	1	1	3	3	1	1	0	0	1	1	2	2	2	1	1	0	1	1	3	3	1	1	0	0	1	1	2	2	2	1	1	0	1	1	3	3	1	1	0	0	1	1	2	2	2	1	1	0	1	1	3	3	3	1	0	0	1	1	2	2	1	0	1	0	1	1	3	3	3	1	1	0	0	1	1	2	2	1	1	0	1	1	1	3	3	3	1	0	1	1	2	2	1	1	0	0	1	1	3	3	3	1	1	0	1	1	2	2	2	1	0	0	0	1	1	1	3	3	1	0	1	1	2	2	2	1	1	0	0	1	1	3	3	1	1	0	1	1	1	2	2	0	2	1	1	1	3	3	1	1	0	0	1	1	2	2	2	1	1	0	0	1	1	3	3	3	1	0	0	1	1	2	2	1	1	0	1	1	3	3	3	1	1	0	0	1	1	2	2	1	1	0	0	1	1	3	3	3	1	1	1	1	2	2	1	1	0	0	1	1	3	3	3	1	1	0	1	2	2	1	2	1	0	0	0	1	1	3	3	1	1	0	1	1	2	2	2	1	1	0	0	1	1	3	3	1	1	0	1	1	2	2	2	1	1	0	1	3	3	1	1	1	0	0	1	1	2	2	2	1	1	0	1	3	3	3	1	1	0	0	0	1	1	2	2	1	1	0	1	1	3	3	3	1	1	0	1	1	2	2	1	0	1	0	1	1	3	3	3	1	1	0	1	2	2	1	1	1	0	0	1	3	3	3	1	1	1	0	1	2	2	2	1	1	0	0	1	3	3	1	1	1	0	0	1	2	2	2	1	1	1	0	1	3	3	1	1	1	0	0	1	2	2	2	1	1	1	0	3	3	1	1	1	1	0	2	2	2	1	1	1	1	0	0	3	3	3	1	1	1	0	0	1	2	2	1	1	1	0	3	3	3	1	1	1	1	0	0	2	2	1	1	1	1	0	3	3	3	1	1	1	2	0	2	1	1	1	1	1	0	0	3	3	3	1	1	1	2	0	2	2	1	1	1	1	0	0	3	3	1	1	1	2	0	0	2	1	2	1	1	1	0	0	3	3	1	1	1	1	0	0	2	2	2	1	1	1	1	3	3	1	1	1	1	0	0	3	3	3	1	1	1	3	0	3	3	1	1	1	1	0	0	3	3	1	1	1	1	0	0	3	3	3	1	1	1	0	0	3	3	1	1	1	1	0	0	3	3	3	1	1	1	1	0
PATIENT_WEIGHT
119	37	97	54	109	120	137	39	39	48	143	37	76	147	83	108	139	147	54	113	46	88	140	31	105	65	88	135	134	83	39	66	70	127	109	107	88	103	76	146	68	108	137	123	93	117	69	49	123	97	86	87	143	31	138	127	44	131	146	149	94	119	62	102	52	65	98	109	105	95	32	104	102	30	90	115	114	75	109	62	140	79	125	75	99	102	66	93	101	125	42	73	141	130	44	31	34	78	145	53	34	94	51	63	85	149	96	83	34	97	33	109	91	89	35	98	83	83	96	40	48	129	48	80	118	124	134	52	111	127	88	59	30	137	69	112	79	63	60	95	127	132	71	104	95	115	47	63	144	125	46	90	94	135	42	133	34	81	79	49	104	122	95	123	38	135	90	64	140	113	128	76	123	76	51	120	56	94	114	40	117	32	134	125	135	127	142	107	98	42	59	45	69	114	99	40	33	96	69	99	59	48	116	34	121	90	109	39	88	89	48	65	90	108	88	110	86	68	132	85	143	80	109	142	94	118	102	34	51	37	138	121	148	32	91	146	147	53	134	40	42	44	108	96	111	101	47	107	43	58	90	105	84	98	134	91	82	52	140	42	146	77	64	87	106	89	34	41	146	73	149	69	105	89	38	41	116	60	124	31	137	125	150	137	47	75	75	53	83	123	41	123	63	55	41	64	56	48	75	120	97	98	88	148	142	59	38	140	76	49	67	125	32	104	85	37	36	37	59	41	117	84	148	78	105	71	141	56	62	81	70	60	147	103	90	134	72	143	119	69	64	87	134	142	105	54	36	82	122	124	126	87	150	49	142	124	81	44	95	91	80	63	68	105	62	48	89	89	108	50	127	71	136	64	115	64	95	123	112	78	107	53	88	94	108	45	122	97	60	106	30	149	38	134	51	50	86	112	108	54	50	94	73	49	148	31	43	62	81	82	39	44	91	116	99	94	130	107	32	130	41	146	88	57	75	37	37	125	74	86	114	73	87	84	105	92	90	73	62	48	118	103	62	80	48	136	107	104	107	34	133	102	58	100	68	146	64	125	69	99	128	54	149	71	132	61	79	75	114	67	95	64	125	124	42	60	121	96	145	87	63	90	134	38	135	31	134	53	111	55	63	36	69	118	104	45	130	133	98	104	113	134	118	55	96	145	107	79	59	38	41	89	83	40	106	73	52	124	126	109	148	118	44	62	66	31	63	149	64	47	120	95	143	46	64	90	88	150	33	37	63	76	73	108	51	59	119	34	134	40	145	136	126	74	103	130	138	56	115	60	147	52	138	111	98	118	106	129	98	135	42	96	114	102	104	72	139	72	57	128	138	148	90	52	119	144	150	102	31	65	106	81	125	58	45	81	146	46	122	82	52	75	40	139	126	75	32	60	69	122	63	39	117	99	88	53	128	45	119	56	87	97	74	77	52	81	115	104	64	65	106	94	149	123	85	105	45	70	82	105	69	71	137	119	51	59	30	98	103	126	67	77	127	94	77	149	47	107	112	84	96	99	92	137	40	139	58	144	35	50	140	79	140	105	84	149	48	114	115	100	122	44	75	127	132	108	149	109	76	94	87	85	41	81	102	63	132	144	94	92	51	44	78	77	114	65	84	67	139	93	131	53	40	59	95	127	66	110	111	37	96	135	145	116	103	54	87	115	147	138	70	128	78	119	70	49	128	79	59	37	94	35	48	72	120	83	76	72	57	118	111	148	44	129	68	110	146	145	73	88	127	66	80	56	75	139	68	138	139	60	31	120	113	128	53	116	53	88	50	128	83	108	45	97	150	129	131	44	119	93	150	131	38	67	51	143	31	96	94	60	30
DISTANCE_MATRIX
0	360	318	300	288	276	264	264	150	150	150	60	90	90	162	168	204	228	234	312	360	408	348	318	168	192	168	318
360	60	264	318	324	342	342	342	348	348	354	360	372	378	378	420	420	480	462	498	462	462	384	420	372	420	378	378
318	264	60	270	276	288	288	288	294	294	294	318	318	324	324	414	414	468	462	486	462	462	330	366	366	408	372	324
300	318	270	60	276	288	288	288	288	288	288	300	300	312	318	408	408	468	462	486	438	438	318	360	360	402	360	312
288	324	276	276	60	276	276	276	276	276	276	288	288	300	300	402	396	462	456	480	432	432	300	360	360	402	348	300
276	342	288	288	276	60	180	180	252	258	264	264	264	288	288	390	390	456	450	480	432	432	288	348	348	348	288	288
264	342	288	288	276	180	60	180	246	258	264	264	264	288	288	390	390	456	450	480	432	432	288	348	348	348	288	288
264	342	288	288	276	180	180	60	240	258	264	264	264	288	288	390	390	456	450	480	432	432	288	348	348	348	288	288
150	348	294	288	276	252	246	240	60	120	120	150	126	270	270	378	384	420	438	480	420	408	276	300	300	300	276	270
150	348	294	288	276	258	258	258	120	60	120	150	150	270	270	378	384	420	438	480	420	408	276	300	300	300	276	270
150	354	294	288	276	264	264	264	120	120	60	150	150	270	270	378	384	420	438	480	420	408	276	300	300	300	276	270
60	360	318	300	288	264	264	264	150	150	150	60	90	162	168	228	234	312	360	408	348	318	168	192	192	198	168	162
90	372	318	300	288	264	264	264	150	150	150	90	60	162	168	228	234	312	360	408	348	318	168	192	192	198	168	162
90	378	324	312	300	288	288	288	270	270	270	162	162	60	120	180	180	306	210	360	300	300	120	180	120	180	120	234
162	378	324	318	300	288	288	288	270	270	270	168	168	120	60	180	180	306	210	360	300	300	120	180	120	180	120	120
168	420	414	408	402	348	348	348	300	300	300	228	228	180	180	60	132	204	132	348	258	258	186	60	180	132	222	180
204	420	414	408	396	390	390	390	384	384	384	234	234	180	180	132	60	204	132	348	258	258	186	60	180	132	222	180
228	480	468	468	462	456	456	456	420	420	420	312	312	306	306	204	204	60	198	120	240	240	306	204	306	138	306	306
234	462	462	462	456	450	450	450	438	438	438	360	360	210	210	132	132	198	60	138	132	132	210	132	210	132	210	210
312	498	486	486	480	480	480	480	480	480	480	408	408	360	360	348	348	120	138	60	348	348	360	348	360	348	360	360
360	462	462	438	432	432	432	432	420	420	420	348	348	300	300	258	258	240	132	348	60	60	300	258	300	258	300	300
408	462	462	438	432	432	432	432	408	408	408	318	318	300	300	258	258	240	132	348	60	60	300	258	300	258	300	300
348	384	330	318	300	288	288	288	276	276	276	168	168	120	120	186	186	306	210	360	300	300	60	186	120	186	120	120
318	420	366	360	360	348	348	348	300	300	300	192	192	180	180	60	60	204	132	348	258	258	186	60	180	60	180	180
168	372	300	306	300	288	288	288	270	270	270	168	168	120	120	180	180	306	210	360	300	300	120	180	60	180	120	120
192	420	408	402	402	348	348	348	300	300	300	198	198	180	180	132	132	138	132	348	258	258	186	60	180	60	180	180
168	378	372	360	348	288	288	288	276	276	276	168	168	120	120	222	222	306	210	360	300	300	120	180	120	180	60	120
318	378	324	312	300	288	288	288	270	270	270	162	162	234	120	180	180	306	210	360	300	300	120	180	120	180	120	60
DEPOTS_DISTANCE
234	462	462	462	456	450	450	450	438	438	438	360	360	210	210	132	132	198	60	138	132	132	210	132	210	132	210	210	
348	384	330	318	300	288	288	288	276	276	276	168	168	120	120	186	186	306	210	360	300	300	60	186	120	186	120	120	
318	420	366	360	360	348	348	348	300	300	300	192	192	180	180	60	60	204	132	348	258	258	186	60	180	60	180	180	
LOCATION_TURN_MATRIX
100	130	122	113	112	199	136	122	129	152	173	146	151	136	158	140	176	113	122	167	194	134	110	172	114	184	100	147	
170	100	154	188	164	169	136	136	152	170	104	183	155	115	101	104	155	187	174	115	149	134	178	168	114	135	168	102	
178	146	100	161	178	114	104	165	117	139	126	169	192	109	120	179	160	152	154	134	113	140	154	179	196	196	192	181	
187	112	139	100	158	114	195	181	104	132	195	106	183	169	132	170	140	136	172	148	116	110	123	136	151	120	176	169	
188	136	122	142	100	175	164	159	112	100	167	164	135	191	132	181	104	123	142	156	108	117	193	182	116	147	156	185	
101	131	186	186	125	100	190	147	164	150	137	102	145	176	185	131	113	108	117	186	118	151	140	178	154	189	172	110	
164	164	196	105	136	110	100	186	153	151	183	193	111	157	144	123	188	142	110	163	105	190	166	187	170	171	186	126	
178	164	135	119	141	153	114	100	106	130	108	103	151	178	122	151	130	133	184	177	110	141	166	110	122	174	191	197	
171	148	183	196	188	136	147	194	100	167	100	146	168	129	128	142	172	118	174	147	105	158	156	160	120	106	119	136	
148	130	161	168	200	150	149	170	133	100	177	106	175	116	188	180	176	194	108	146	130	187	183	173	128	141	169	176	
127	196	174	105	133	163	117	192	200	123	100	171	175	140	183	115	104	186	128	153	151	175	100	146	191	117	132	197	
154	117	131	194	136	198	107	197	154	194	129	100	136	184	140	147	172	184	148	131	103	156	185	200	152	158	154	143	
149	145	108	117	165	155	189	149	132	125	125	164	100	140	199	142	101	144	163	185	117	191	200	143	113	165	102	154	
164	185	191	131	109	124	143	122	171	184	160	116	160	100	109	116	196	113	131	186	166	139	183	175	144	161	105	170	
142	199	180	168	168	115	156	178	172	112	117	160	101	191	100	147	177	177	199	158	172	188	164	175	180	168	154	195	
160	196	121	130	119	169	177	149	158	120	185	153	158	184	153	100	152	159	197	157	181	159	102	123	168	200	124	186	
124	145	140	160	196	187	112	170	128	124	196	128	199	104	123	148	100	149	114	112	117	135	105	132	138	180	198	156	
187	113	148	164	177	192	158	167	182	106	114	116	156	187	123	141	151	100	166	132	168	163	159	123	129	173	161	116	
178	126	146	128	158	183	190	116	126	192	172	152	137	169	101	103	186	134	100	184	199	137	130	160	148	113	140	150	
133	185	166	152	144	114	137	123	153	154	147	169	115	114	142	143	188	168	116	100	111	195	128	157	191	164	141	171	
106	151	187	184	192	182	195	190	195	170	149	197	183	134	128	119	183	132	101	189	100	129	151	163	147	166	104	177	
166	166	160	190	183	149	110	159	142	113	125	144	109	161	112	141	165	137	163	105	171	100	101	185	169	129	103	197	
190	122	146	177	107	160	134	134	144	117	200	115	100	117	136	198	195	141	170	172	149	199	100	106	150	116	118	145	
128	132	121	164	118	122	113	190	140	127	154	100	157	125	125	177	168	177	140	143	137	115	194	100	128	167	115	155	
186	186	104	149	184	146	130	178	180	172	109	148	187	156	120	132	162	171	152	109	153	131	150	172	100	155	124	184	
116	165	104	180	153	111	129	126	194	159	183	142	135	139	132	100	120	127	187	136	134	171	184	133	145	100	129	192	
200	132	108	124	144	128	114	109	181	131	168	146	198	195	146	176	102	139	160	159	196	197	182	185	176	171	100	146	
153	198	119	131	115	190	174	103	164	124	103	157	146	130	105	114	144	184	150	129	123	103	155	145	116	108	154	100	
DEPOTS_TO_LOCAL_TURN_MATRIX
178	126	146	128	158	183	190	116	126	192	172	152	137	169	101	103	186	134	100	184	199	137	130	160	148	113	140	150	
190	122	146	177	107	160	134	134	144	117	200	115	100	117	136	198	195	141	170	172	149	199	100	106	150	116	118	145	
128	132	121	164	118	122	113	190	140	127	154	100	157	125	125	177	168	177	140	143	137	115	194	100	128	167	115	155	
LOCAL_TO_DEPOT_TURN_MATRIX
122	174	154	172	142	117	110	184	174	108	128	148	163	131	199	197	114	166	100	116	101	163	170	140	152	187	160	150	
110	178	154	123	193	140	166	166	156	183	100	185	200	183	164	102	105	159	130	128	151	101	100	194	150	184	182	155	
172	168	179	136	182	178	187	110	160	173	146	200	143	175	175	123	132	123	160	157	163	185	106	100	172	133	185	145	

