INDEX_PROBLEM
1
PATIENTS
800
STRETCHERS
16
NUM_ROOM
28
NUM_DEPOT
3
NUM_PRIORITY
4
PRIORITY_LIST
0	1	2	3	4
PRIORITY_WEIGHT
0	1	10	18	30
PRIORITY_JOB
0	1	2	2	3	3	1	3	2	3	3	4	1	2	2	2	3	3	3	4	1	2	2	4	3	3	3	2	2	3	3	3	4	1	2	2	3	3	2	4	2	2	3	3	4	1	2	3	4	2	3	3	4	1	2	3	3	1	1	3	1	2	2	1	1	3	3	4	1	2	2	3	3	1	1	1	3	2	2	1	2	4	3	3	4	1	2	2	2	1	1	1	3	3	4	2	1	3	2	3	3	4	1	2	3	1	1	1	2	3	3	1	2	4	2	3	3	4	1	2	3	2	2	1	1	1	3	3	4	1	1	2	2	3	3	2	4	3	2	1	1	3	3	4	1	1	1	2	2	3	3	2	2	3	3	1	1	3	4	1	2	1	2	2	3	3	4	1	2	4	2	3	1	1	3	4	1	1	1	2	2	3	3	1	2	2	3	3	1	1	1	3	2	1	2	2	3	3	4	1	2	2	2	1	1	1	3	3	2	1	3	2	3	3	4	4	1	3	2	1	1	1	2	3	3	2	4	1	2	3	3	4	1	3	2	2	2	1	1	1	3	3	1	4	1	2	2	3	3	4	3	2	2	1	1	3	3	2	2	4	1	2	2	3	3	2	3	2	1	1	3	3	4	1	1	1	2	2	3	3	3	1	3	2	1	1	4	3	1	2	1	2	2	3	3	4	1	2	4	2	1	1	1	3	4	2	1	2	2	2	3	3	4	1	2	2	1	1	1	2	3	3	2	2	2	3	3	4	1	3	3	2	1	1	1	2	3	3	1	3	4	1	2	3	3	1	4	2	2	1	1	1	3	3	2	4	1	2	2	3	4	2	2	3	2	2	1	1	3	3	1	4	1	2	2	3	3	2	3	2	1	1	3	3	4	2	1	1	2	2	3	3	2	2	3	2	4	1	1	3	3	1	1	2	2	3	3	4	1	2	2	2	1	1	1	3	4	1	4	2	2	2	3	3	4	1	3	2	1	1	1	2	3	3	1	2	2	3	3	4	1	2	3	2	1	1	1	2	3	3	1	2	2	2	3	3	4	1	3	2	1	1	1	2	3	3	1	1	2	2	3	4	2	3	3	2	1	1	3	3	4	2	4	1	2	2	3	3	2	2	2	1	1	3	3	4	4	1	2	1	2	2	3	3	2	2	3	1	1	3	3	1	2	1	2	2	3	3	4	1	2	2	3	1	1	1	3	4	2	1	2	2	3	3	4	1	2	3	1	1	1	2	3	3	2	1	3	2	3	3	4	1	2	3	1	1	1	2	3	3	2	1	2	2	3	3	4	1	2	3	4	1	1	1	2	3	3	4	2	1	2	2	3	2	2	3	3	1	1	3	3	4	1	1	2	2	3	3	2	2	2	3	1	1	3	3	4	1	2	1	2	2	3	3	4	2	2	3	1	1	3	3	1	2	1	2	2	3	3	4	1	2	2	3	1	1	1	3	4	2	1	2	2	3	3	4	1	2	3	1	1	1	2	3	3	1	1	2	2	2	3	3	4	1	3	1	1	1	2	2	3	3	1	2	2	2	3	3	1	3	3	1	1	1	2	2	3	4	2	1	2	2	3	4	2	3	3	1	1	2	3	3	4	1	4	1	2	2	3	3	2	2	3	1	1	2	3	3	4	1	1	2	2	3	3	2	2	4	2	1	1	3	3	4	1	1	1	2	2	3	3	1	2	3	1	1	3	4	2	2	2	3	1	1	1	3	3	4	1	1	1	1	1	1	2	2	3	2	1	1	1	3	2	2	3	1	1	1	1	3	4	1	2	1	1	1	1	2	3	3	2	2	1	1	1	1	2	3	3	4	2
TIME_ASKED
0	28849	28898	28947	28996	29045	29094	29149	29198	29247	29296	29345	29394	29429	29458	29487	29516	29545	29574	29603	29632	29661	29690	29742	29784	29826	29868	29910	29952	29994	30029	30058	30087	30116	30145	30174	30203	30232	30261	30290	30329	30358	30387	30416	30445	30474	30503	30532	30561	30590	30621	30642	30663	30684	30705	30726	30747	30768	30789	30810	30831	30852	30873	30894	30949	30998	31047	31096	31145	31194	31227	31254	31281	31308	31335	31362	31389	31416	31443	31470	31497	31524	31548	31572	31596	31620	31644	31668	31692	31716	31740	31764	31788	31837	31874	31911	31948	31985	32022	32059	32096	32159	32218	32277	32336	32395	32419	32438	32457	32476	32495	32514	32533	32552	32571	32590	32609	32628	32647	32666	32685	32759	32818	32877	32936	32995	33027	33054	33081	33108	33135	33162	33189	33216	33243	33270	33297	33333	33366	33399	33432	33465	33498	33531	33564	33597	33616	33632	33648	33664	33680	33696	33712	33728	33744	33760	33776	33792	33808	33824	33840	33856	33872	33888	33933	33966	33999	34032	34065	34098	34131	34164	34197	34242	34284	34326	34368	34410	34452	34494	34533	34566	34599	34632	34665	34698	34731	34764	34797	34827	34854	34881	34908	34935	34962	34989	35016	35043	35070	35097	35137	35174	35211	35248	35285	35322	35359	35396	35433	35466	35499	35532	35565	35598	35631	35664	35697	35723	35746	35769	35792	35815	35838	35861	35884	35907	35930	35953	35976	35999	36023	36046	36069	36092	36115	36138	36161	36184	36207	36230	36253	36276	36299	36327	36354	36381	36408	36435	36462	36489	36516	36543	36570	36597	36619	36638	36657	36676	36695	36714	36733	36752	36771	36790	36809	36828	36847	36866	36885	36949	36998	37047	37096	37145	37194	37259	37318	37377	37436	37495	37549	37598	37647	37696	37745	37794	37827	37854	37881	37908	37935	37962	37989	38016	38043	38070	38097	38123	38146	38169	38192	38215	38238	38261	38284	38307	38330	38353	38376	38399	38419	38438	38457	38476	38495	38514	38533	38552	38571	38590	38609	38628	38647	38666	38685	38742	38784	38826	38868	38910	38952	38994	39029	39058	39087	39116	39145	39174	39203	39232	39261	39290	39349	39398	39447	39496	39545	39594	39633	39666	39699	39732	39765	39798	39831	39864	39897	39937	39974	40011	40048	40085	40122	40159	40196	40242	40284	40326	40368	40410	40452	40494	40542	40584	40626	40668	40710	40752	40794	40849	40898	40947	40996	41045	41094	41133	41166	41199	41232	41265	41298	41331	41364	41397	41423	41446	41469	41492	41515	41538	41561	41584	41607	41630	41653	41676	41699	41749	41798	41847	41896	41945	41994	42099	42198	42297	42342	42384	42426	42468	42510	42552	42594	42699	42798	42897	42923	42946	42969	42992	43015	43038	43061	43084	43107	43130	43153	43176	43199	43237	43274	43311	43348	43385	43422	43459	43496	43549	43598	43647	43696	43745	43794	43899	43998	44097	44159	44218	44277	44336	44395	44459	44518	44577	44636	44695	44799	44898	44997	45033	45066	45099	45132	45165	45198	45231	45264	45297	45337	45374	45411	45448	45485	45522	45559	45596	45637	45674	45711	45748	45785	45822	45859	45896	45959	46018	46077	46136	46195	46249	46298	46347	46396	46445	46494	46537	46574	46611	46648	46685	46722	46759	46796	46821	46842	46863	46884	46905	46926	46947	46968	46989	47010	47031	47052	47073	47094	47199	47298	47397	47437	47474	47511	47548	47585	47622	47659	47696	47737	47774	47811	47848	47885	47922	47959	47996	48049	48098	48147	48196	48245	48294	48324	48348	48372	48396	48420	48444	48468	48492	48516	48540	48564	48588	48627	48654	48681	48708	48735	48762	48789	48816	48843	48870	48897	48937	48974	49011	49048	49085	49122	49159	49196	49233	49266	49299	49332	49365	49398	49431	49464	49497	49537	49574	49611	49648	49685	49722	49759	49796	49827	49854	49881	49908	49935	49962	49989	50016	50043	50070	50097	50149	50198	50247	50296	50345	50394	50424	50448	50472	50496	50520	50544	50568	50592	50616	50640	50664	50688	50737	50774	50811	50848	50885	50922	50959	50996	51027	51054	51081	51108	51135	51162	51189	51216	51243	51270	51297	51324	51348	51372	51396	51420	51444	51468	51492	51516	51540	51564	51588	51637	51674	51711	51748	51785	51822	51859	51896	51933	51966	51999	52032	52065	52098	52131	52164	52197	52259	52318	52377	52436	52495	52517	52534	52551	52568	52585	52602	52619	52636	52653	52670	52687	52704	52721	52738	52755	52772	52789	52859	52918	52977	53036	53095	53137	53174	53211	53248	53285	53322	53359	53396	53459	53518	53577	53636	53695	53733	53766	53799	53832	53865	53898	53931	53964	53997	54027	54054	54081	54108	54135	54162	54189	54216	54243	54270	54297	54374	54448	54522	54596	54627	54654	54681	54708	54735	54762	54789	54816	54843	54870	54897	55049	55198	55237	55274	55311	55348	55385	55422	55459	55496	55574	55648	55722	55796	55827	55854	55881	55908	55935	55962	55989	56016	56043	56070	56097	56399	56499	56598	56697	56733	56766	56799	56832	56865	56898	56931	56964	56997	57049	57098	57147	57196	57245	57294	57359	57418	57477	57536	57595
ORIGIN
26	16	6	27	19	7	27	8	14	25	14	10	2	23	12	5	23	14	3	23	14	14	26	14	14	14	14	7	27	20	7	9	3	9	1	23	11	14	23	13	3	14	2	27	24	14	14	14	14	6	27	18	7	27	20	8	14	14	17	2	23	12	2	14	1	14	23	14	4	24	11	1	11	11	25	14	19	8	3	9	9	23	23	11	2	14	14	9	13	26	14	14	14	4	27	1	7	5	18	7	27	20	8	14	14	17	2	27	2	2	14	14	2	2	14	4	24	15	4	26	16	2	2	3	26	14	23	14	14	12	10	2	23	14	2	14	23	23	14	15	14	15	14	8	7	14	7	27	20	14	3	23	7	14	14	27	20	2	14	14	8	14	8	24	15	4	14	16	14	8	1	26	14	2	14	3	3	14	14	23	12	2	23	14	26	1	1	14	14	27	8	1	1	1	1	20	8	27	3	14	23	14	14	2	14	4	26	27	13	5	25	14	4	26	7	1	7	23	23	2	14	14	2	1	14	14	23	12	2	23	14	3	23	14	14	27	27	11	14	1	3	3	14	8	27	23	9	3	14	3	2	14	14	14	26	26	1	2	14	2	26	16	1	26	23	1	1	4	14	3	3	13	14	27	1	27	23	13	3	23	27	2	27	11	14	1	1	25	14	8	2	2	23	8	1	22	3	3	23	14	2	27	14	14	26	14	27	14	16	5	26	16	14	23	23	14	3	14	14	3	1	14	14	14	13	2	23	14	3	27	3	20	1	7	14	3	23	14	23	12	8	1	23	10	27	2	14	4	26	14	14	19	19	14	4	8	5	26	16	7	14	4	14	3	14	14	3	16	16	27	27	4	2	23	14	3	24	1	27	1	7	14	1	26	14	2	26	11	1	23	10	1	23	7	2	11	14	14	27	14	2	27	26	14	14	16	3	1	27	14	2	2	14	3	14	20	2	4	4	26	23	14	3	27	14	27	27	23	14	1	26	26	14	14	2	23	23	10	1	23	24	24	27	14	14	27	14	14	14	20	27	20	16	6	27	19	7	27	23	23	26	14	14	24	26	14	14	26	14	3	23	14	7	14	2	14	25	14	14	23	26	2	1	2	9	1	23	11	2	23	23	27	14	14	27	2	2	2	2	8	5	27	18	7	20	20	7	17	2	2	22	23	23	27	23	27	3	23	14	4	14	14	14	25	14	4	4	26	20	2	27	2	1	23	11	2	23	14	14	14	27	14	27	15	14	27	27	1	26	17	7	27	20	14	14	14	2	27	27	20	11	20	20	26	23	14	4	24	15	1	1	14	3	26	26	14	4	2	2	1	23	10	2	23	25	25	25	14	27	15	14	20	7	26	27	26	16	7	27	20	7	23	14	3	20	2	2	2	4	7	16	23	14	3	24	14	4	7	3	3	14	2	14	2	23	23	14	23	10	2	23	12	14	14	14	14	27	14	27	27	14	14	14	16	7	26	19	8	3	23	2	16	20	2	14	23	27	23	23	14	3	24	14	4	1	14	1	26	26	14	27	26	23	23	13	10	1	23	12	2	23	25	27	14	14	14	11	11	8	8	16	6	27	19	7	27	25	25	14	14	20	2	23	26	5	25	14	3	23	14	4	26	2	27	26	26	1	27	20	23	2	14	9	1	23	23	2	23	7	7	14	14	27	24	15	1	14	10	6	27	18	7	27	14	14	14	17	2	2	23	2	14	5	14	3	23	14	4	14	14	14	14	25	14	27	20	3	3	14	9	1	23	11	2	27	14	14	26	14	27	24	14	1	1	26	5	27	18	7	27	20	8	1	14	17	2	23	12	2	14	8
DESTINATION
3	14	17	2	22	23	2	14	5	14	3	14	14	27	11	14	1	25	14	4	2	9	3	9	9	9	1	20	2	14	13	14	26	14	14	27	15	5	1	7	26	5	27	18	2	26	8	8	1	17	2	27	20	2	14	14	2	16	6	27	27	11	14	8	23	2	3	26	14	2	12	14	12	12	14	3	22	14	26	14	14	1	27	15	14	20	20	14	7	3	9	1	26	14	2	23	13	14	27	20	2	14	14	4	8	6	27	18	27	14	20	8	14	14	26	14	2	14	14	3	14	14	14	23	14	4	27	1	1	11	14	14	27	8	14	1	1	1	1	11	2	11	2	14	13	5	13	2	14	4	26	27	13	5	25	18	7	27	20	8	14	2	14	2	14	14	1	14	1	14	23	14	4	24	15	26	26	16	2	27	11	14	1	25	3	14	14	10	2	23	14	14	14	23	23	14	14	2	26	5	1	2	2	27	20	14	3	23	7	14	14	26	14	3	13	14	13	27	27	24	15	4	24	14	16	8	1	11	14	1	25	14	3	8	2	23	23	12	2	23	26	14	1	14	2	27	14	26	1	14	27	1	20	8	3	3	23	14	25	14	3	14	14	3	1	14	14	14	4	26	26	7	1	23	23	23	1	7	14	3	23	14	23	12	2	23	23	14	3	14	14	14	26	14	14	19	26	14	4	8	27	23	9	9	3	3	2	20	14	14	3	16	1	27	27	4	26	16	1	26	23	1	1	4	7	14	1	26	14	2	26	11	23	13	3	23	27	2	27	11	14	14	27	14	2	27	26	14	23	8	1	22	22	3	23	14	14	3	14	20	2	14	4	26	4	5	26	16	16	23	23	14	14	1	26	14	1	14	2	23	13	2	23	14	3	27	3	20	14	27	14	14	27	20	27	12	8	1	23	10	27	2	14	4	26	14	14	24	2	4	14	24	5	26	16	7	14	14	14	3	1	25	14	23	26	2	2	1	2	23	14	14	3	1	27	1	27	14	14	27	2	2	2	8	1	23	10	1	1	7	2	14	14	17	2	22	23	2	27	27	14	16	3	1	3	15	4	14	25	14	4	26	20	2	27	2	14	3	3	27	14	27	23	27	14	14	27	15	14	27	27	23	10	1	23	24	24	24	27	14	14	2	27	20	11	14	20	6	27	27	19	7	7	23	1	23	14	3	26	14	4	2	2	14	3	23	23	14	7	14	2	14	14	27	15	14	7	26	9	1	23	1	23	11	2	23	23	14	3	9	20	2	14	4	8	5	27	18	18	7	20	7	7	3	3	26	14	2	14	23	23	3	23	14	14	4	14	14	14	14	27	14	14	27	14	14	14	1	23	11	2	14	23	14	2	3	16	20	2	14	23	27	1	26	7	27	27	27	14	20	14	1	26	14	2	26	14	23	26	23	4	24	4	24	1	1	25	27	14	14	27	11	1	8	2	1	23	2	23	23	25	25	25	14	20	14	22	14	26	7	27	16	7	27	20	7	23	27	27	26	14	1	26	14	23	16	23	14	14	3	2	14	7	7	7	14	14	27	11	14	1	14	23	10	10	2	12	12	14	14	14	17	2	22	23	2	14	14	16	16	7	14	27	3	14	14	25	14	5	26	14	3	14	23	14	14	24	2	14	1	14	26	14	14	27	1	14	1	23	13	10	1	23	2	14	23	25	14	17	2	27	23	2	16	8	16	6	27	14	27	27	8	14	25	14	4	26	14	2	5	5	25	14	3	2	14	26	26	2	14	14	27	15	14	23	9	2	14	9	23	1	26	23	23	3	14	2	27	20	2	14	14	14	10	6	27	27	11	14	8	14
DUE_DATE
0	31147	30476	30525	30094	30143	31392	30247	30776	30345	30394	29903	31692	31007	31036	31065	30614	30643	30672	30161	31930	31239	31268	30300	30882	30924	30966	31488	31530	31092	31127	31156	30645	32414	31723	31752	31301	31330	31839	30848	31907	31936	31485	31514	31003	32772	32081	31630	31119	32168	31719	31740	31221	32982	32283	31824	31845	33066	33087	31908	33129	32430	32451	33192	33247	32096	32145	31654	33443	32772	32805	32352	32379	33606	33633	33660	32487	32994	33021	33768	33075	32082	32646	32670	32154	33918	33222	33246	33270	34014	34038	34062	32886	32935	32432	33489	34246	33083	33600	33157	33194	32717	34516	33855	33434	34693	34717	34736	34035	33574	33593	34812	34111	33110	34149	33688	33707	33186	34945	34244	33783	34337	34396	35175	35234	35293	34125	34152	33639	35406	35433	34740	34767	34314	34341	34848	33855	34431	34944	35697	35730	34563	34596	34089	35862	35895	35914	35210	35226	34762	34778	35274	35290	34826	34842	36058	36074	34890	34366	36122	35418	36154	35450	35466	35031	35064	34557	36330	35643	34656	35709	35262	36495	36540	35382	34884	36666	36708	36750	36072	36111	35664	35697	36930	36243	36276	35829	35862	37095	37125	37152	35979	36486	37233	36540	36567	36114	36141	35628	37395	36715	36752	36789	37546	37583	37620	36457	36494	37011	37764	36597	37110	36663	36696	36189	36222	37995	36821	37324	38067	38090	38113	37416	36959	36982	37485	36488	38251	37554	37097	37121	36604	38367	37190	37693	37716	37739	38482	38505	38528	37351	37374	38597	36885	38652	37959	37986	37533	37560	37047	37614	38121	38148	38895	38917	37736	37755	38254	38273	37272	39031	38330	38349	37888	37907	38406	37945	38444	39183	39247	38096	38145	37654	39443	39492	39557	38896	38955	38534	38593	38647	39896	38745	39274	40043	40092	38385	38952	40179	39486	40233	39540	39567	39114	39141	38628	40395	39701	38704	39747	40490	40513	40536	39359	38842	39885	40628	39931	39954	39977	39517	39536	39015	40774	40073	40092	40831	40850	40869	40168	39707	39726	40225	40244	40263	39840	39882	39384	41166	40008	40050	40572	41327	41356	41385	40694	40243	40272	41501	40330	39819	41588	40927	40496	40545	41794	40103	41172	41211	41964	41997	42030	40863	40896	41409	40422	42195	41515	41552	41109	40606	41663	41700	41257	41774	41820	42582	42624	41466	41508	42750	41052	42840	42162	42204	41766	41808	42330	41892	42427	43196	43245	42094	42143	41652	42711	43464	43497	42810	42843	42396	42429	42942	42975	42521	43024	42027	43790	43813	42636	42659	43882	43905	43208	43231	42774	42797	42307	44096	43425	43474	43523	44292	44397	44496	43395	42900	44682	42984	44046	44088	44130	43692	43797	43356	45195	44021	44524	45267	45290	45313	44616	44159	44182	45405	44708	44731	44274	44297	43795	45572	44889	44446	44963	45720	45757	45794	45127	44696	44745	45994	45323	45372	45477	45096	45195	44717	46516	45375	45914	46693	46757	46816	46155	45734	45793	47097	47196	46575	46611	46164	45657	46710	46263	46296	46809	47562	47595	46435	46472	45969	47026	46043	47820	47137	47174	46735	46772	47289	47326	47363	48120	48157	46994	47057	46576	46635	48434	47773	48547	47876	47925	47494	47543	48072	48115	47672	48909	48946	47783	47820	49057	48374	49119	48420	48441	47982	48003	47484	49245	48546	48567	48108	49329	49350	49371	48192	47757	48876	49695	49015	49052	48609	48646	48143	49920	49237	48794	50035	50072	50109	49426	48983	49020	49537	50294	49147	49676	49245	49294	48803	50592	49902	49446	50670	50694	50718	50022	49566	49590	50094	50838	50142	50166	49725	49752	49239	51006	50313	49860	49347	51114	51141	51168	50475	50035	50072	49569	50626	51383	50700	50737	50294	50811	50844	50397	50430	51663	51696	50529	50562	50055	51835	51872	51189	51226	50783	50820	51337	51374	51405	50952	52179	52206	51033	51060	50547	52314	51621	52368	51675	51727	51296	51345	50854	51923	51972	51522	52746	52770	51594	51618	52842	52146	52890	52194	52218	51762	51786	51295	53072	52389	52426	51983	53220	53257	53294	52125	51612	52659	53406	52713	52740	52287	52314	51801	53568	52875	52422	53646	53670	53694	52998	52542	52566	53790	53814	53118	53142	53166	52735	52772	52269	54046	52883	54120	54157	54194	53511	53544	53097	53130	54363	53676	53709	53742	53295	53357	54616	53475	53534	54793	54815	54832	54129	54146	53683	53160	54197	54934	54231	54248	53785	53262	54299	53836	53853	55070	55087	54437	54016	54075	53594	55393	53695	55472	54789	54826	54383	54420	54937	54974	54557	55816	55875	55214	54793	54831	54324	56097	56130	55443	55476	55029	55062	55575	55605	54612	55659	56406	56433	55260	55287	54774	56541	56568	56595	55952	56026	55620	55694	56925	56232	55779	57006	57033	55860	55347	56394	56421	56448	55995	57347	57496	57535	56372	56409	55906	57683	57720	57757	57794	57872	57946	57300	57374	56925	57432	58179	58206	58233	57060	57567	57594	57141	58368	58395	58697	58797	57696	57255	59031	58344	59097	59130	59163	59196	58509	58062	58095	58627	58676	59445	59494	59543	59592	58937	58516	58575	58094	59173
TRANSPORT_MODE
0	2	2	1	1	1	1	0	2	2	2	1	1	1	2	0	0	2	2	1	1	1	1	0	0	2	2	1	1	1	1	0	2	2	2	1	1	1	1	0	0	2	2	1	1	1	1	0	0	2	2	2	1	1	1	1	0	3	3	1	1	1	1	0	0	1	2	2	2	1	1	1	0	3	3	3	1	1	1	0	0	0	1	2	2	1	1	1	0	3	3	3	1	1	1	1	0	0	2	2	1	1	1	1	0	3	3	3	1	1	1	1	0	0	1	2	2	1	1	1	0	0	1	3	3	3	1	1	1	0	1	2	2	2	1	1	0	0	1	3	3	1	1	1	0	0	1	2	2	2	1	1	1	0	1	3	3	1	1	1	0	0	1	2	2	2	1	1	1	0	0	1	3	3	1	1	1	0	0	1	2	2	2	1	1	1	0	1	3	3	3	1	1	0	0	1	2	1	2	1	1	0	1	3	3	3	1	1	1	0	0	1	2	2	1	1	1	0	1	3	3	3	1	1	1	0	0	1	2	2	1	1	1	0	0	1	1	3	3	3	1	1	0	1	2	2	2	1	1	0	0	1	1	3	3	1	1	0	0	1	2	2	2	1	1	1	0	1	3	3	1	1	1	0	0	1	2	2	2	1	1	1	0	1	3	3	1	1	1	0	0	1	1	2	2	2	1	1	0	1	3	3	3	1	1	0	0	0	1	1	2	2	1	1	0	1	3	3	3	1	1	1	0	1	2	2	1	1	1	0	0	1	3	3	3	1	1	1	0	0	1	2	2	1	1	1	0	1	1	3	3	3	1	1	0	1	2	2	2	1	1	0	0	0	1	1	3	3	1	1	0	1	2	2	2	1	1	1	0	1	3	3	1	1	1	0	0	1	2	2	2	1	1	1	0	0	1	3	3	1	1	1	0	1	2	2	2	1	1	0	1	1	3	3	3	1	1	0	0	0	1	2	2	1	1	1	0	1	3	3	3	1	1	1	0	1	2	2	1	1	1	0	0	1	3	3	3	1	1	1	0	0	1	2	2	1	1	1	0	1	3	3	3	1	1	1	0	1	2	2	2	1	1	0	0	1	3	3	1	1	1	0	0	1	2	2	2	1	1	1	0	3	3	1	1	1	1	0	0	2	2	2	1	1	1	1	0	3	3	1	1	1	1	0	0	1	2	2	2	1	1	1	0	3	3	3	1	1	1	0	0	1	2	2	1	1	1	0	3	3	3	1	1	1	1	0	0	2	2	1	1	1	1	0	3	3	3	1	1	1	1	0	0	2	2	1	1	1	1	0	0	3	3	3	1	1	1	2	0	2	2	1	1	1	1	0	0	3	3	1	1	1	2	0	2	1	2	1	1	1	0	0	3	3	1	1	1	1	0	0	2	2	2	1	1	1	1	0	3	3	1	1	1	1	0	0	2	2	2	1	1	1	1	0	3	3	3	1	1	1	0	0	2	2	1	1	1	1	0	3	3	3	1	1	1	0	0	0	2	2	1	1	1	1	0	3	3	3	1	1	1	1	0	0	2	2	1	1	1	1	0	3	3	3	1	1	1	1	0	2	2	1	1	1	1	0	0	3	3	1	1	1	1	0	0	2	2	2	1	1	1	0	0	3	3	1	1	1	1	0	2	2	2	1	1	1	1	0	0	3	3	1	1	1	1	0	0	2	2	2	1	1	1	1	3	3	1	1	1	1	0	0	3	3	3	1	1	1	1	0	0	3	3	3	1	1	1	0	0	3	3	1	1	1	1	0	3	3	3	1	1	1	1	0	0	3	3	1	1	1	1	0	0	3	3	3	1	1	1	1	0
PATIENT_WEIGHT
116	114	121	93	108	83	47	102	123	140	80	115	44	150	108	121	150	147	93	56	85	107	31	83	32	116	121	72	110	48	123	75	121	97	106	61	45	102	148	134	96	107	114	140	130	63	49	135	45	63	93	98	50	125	76	129	88	92	39	90	41	116	54	99	85	42	76	101	50	35	136	119	134	103	129	91	101	130	139	134	120	42	46	30	116	93	106	83	50	43	124	107	77	93	97	33	149	130	77	100	110	39	75	109	72	44	86	124	40	40	120	133	134	71	125	58	89	85	67	116	97	113	86	60	97	66	133	51	73	44	45	56	132	46	57	118	127	132	130	34	103	61	143	70	113	90	51	30	149	107	37	43	54	91	123	31	113	114	83	80	108	47	88	104	68	125	140	52	147	60	46	126	137	32	59	82	52	93	67	85	147	47	141	100	133	51	74	46	87	108	126	110	100	113	57	121	137	112	126	82	107	51	94	123	106	115	127	102	83	107	32	109	85	71	145	61	99	133	79	85	102	30	56	34	109	109	79	77	126	115	83	132	87	106	137	122	77	48	141	142	112	127	135	51	128	123	119	138	57	51	71	56	74	117	138	48	113	106	143	132	31	127	103	136	61	62	73	53	37	59	123	35	32	103	87	149	108	110	61	96	79	69	51	98	138	137	150	107	86	108	110	53	89	67	123	81	32	96	41	37	41	129	33	72	78	66	78	135	74	130	62	130	33	82	144	109	75	48	115	144	123	87	49	40	134	48	102	84	73	148	52	129	36	86	135	74	122	122	144	86	137	49	126	45	148	31	83	82	113	52	60	81	57	95	32	94	106	137	52	116	58	120	60	49	76	95	133	46	100	62	69	65	49	85	73	31	40	123	139	130	112	135	46	58	48	85	103	130	145	91	99	118	85	89	54	142	114	64	92	54	32	38	35	48	66	109	105	139	33	111	124	55	102	108	110	53	110	52	128	132	99	148	54	55	134	104	43	142	88	55	97	124	71	149	51	104	147	48	52	134	112	104	74	51	137	103	36	78	65	143	41	78	118	137	112	76	115	47	100	60	51	57	105	48	124	124	78	81	144	108	116	142	59	40	64	115	143	67	148	32	104	71	42	113	76	110	90	134	104	130	128	111	148	137	145	139	72	58	56	69	149	60	90	78	73	85	120	133	30	123	61	53	142	42	51	126	117	132	124	70	96	112	40	90	38	49	128	93	78	101	131	129	97	74	64	67	43	131	149	113	121	56	140	123	78	102	64	72	97	112	121	71	48	106	108	44	107	128	43	135	74	86	133	126	59	98	124	71	135	94	149	58	121	61	94	139	79	134	59	87	120	81	104	125	80	44	47	101	131	133	150	84	75	32	59	42	32	91	31	65	92	82	148	148	35	140	100	97	72	49	66	134	66	57	64	138	102	141	141	53	96	132	82	124	102	60	68	55	41	34	33	66	33	138	62	46	73	88	30	43	141	71	115	83	138	109	147	53	131	90	86	49	66	60	57	76	41	81	105	69	54	90	106	111	126	117	68	49	147	91	58	116	50	144	119	104	107	105	71	55	83	40	117	98	128	88	112	110	49	70	137	139	97	52	112	144	143	105	57	73	87	48	86	107	51	124	58	92	101	40	63	47	66	107	87	60	118	93	30	93	41	135	146	44	109	124	52	35	35	109	48	127	144	31	138	142	105	92	83	50	38	112	141	145	103	137	44	132	98	80	76	74	58	86	30	120	144	103	87	61	150	56	138	33	64	40	90	69	135	142	100	96	92	60	138	99	73	115	49	147	99	47	31	127	37	106	73	41	148	150	37	115	101	103	33	49	147	78	137	32	139
DISTANCE_MATRIX
0	360	318	300	288	276	264	264	150	150	150	60	90	90	162	168	204	228	234	312	360	408	348	318	168	192	168	318
360	60	264	318	324	342	342	342	348	348	354	360	372	378	378	420	420	480	462	498	462	462	384	420	372	420	378	378
318	264	60	270	276	288	288	288	294	294	294	318	318	324	324	414	414	468	462	486	462	462	330	366	366	408	372	324
300	318	270	60	276	288	288	288	288	288	288	300	300	312	318	408	408	468	462	486	438	438	318	360	360	402	360	312
288	324	276	276	60	276	276	276	276	276	276	288	288	300	300	402	396	462	456	480	432	432	300	360	360	402	348	300
276	342	288	288	276	60	180	180	252	258	264	264	264	288	288	390	390	456	450	480	432	432	288	348	348	348	288	288
264	342	288	288	276	180	60	180	246	258	264	264	264	288	288	390	390	456	450	480	432	432	288	348	348	348	288	288
264	342	288	288	276	180	180	60	240	258	264	264	264	288	288	390	390	456	450	480	432	432	288	348	348	348	288	288
150	348	294	288	276	252	246	240	60	120	120	150	126	270	270	378	384	420	438	480	420	408	276	300	300	300	276	270
150	348	294	288	276	258	258	258	120	60	120	150	150	270	270	378	384	420	438	480	420	408	276	300	300	300	276	270
150	354	294	288	276	264	264	264	120	120	60	150	150	270	270	378	384	420	438	480	420	408	276	300	300	300	276	270
60	360	318	300	288	264	264	264	150	150	150	60	90	162	168	228	234	312	360	408	348	318	168	192	192	198	168	162
90	372	318	300	288	264	264	264	150	150	150	90	60	162	168	228	234	312	360	408	348	318	168	192	192	198	168	162
90	378	324	312	300	288	288	288	270	270	270	162	162	60	120	180	180	306	210	360	300	300	120	180	120	180	120	234
162	378	324	318	300	288	288	288	270	270	270	168	168	120	60	180	180	306	210	360	300	300	120	180	120	180	120	120
168	420	414	408	402	348	348	348	300	300	300	228	228	180	180	60	132	204	132	348	258	258	186	60	180	132	222	180
204	420	414	408	396	390	390	390	384	384	384	234	234	180	180	132	60	204	132	348	258	258	186	60	180	132	222	180
228	480	468	468	462	456	456	456	420	420	420	312	312	306	306	204	204	60	198	120	240	240	306	204	306	138	306	306
234	462	462	462	456	450	450	450	438	438	438	360	360	210	210	132	132	198	60	138	132	132	210	132	210	132	210	210
312	498	486	486	480	480	480	480	480	480	480	408	408	360	360	348	348	120	138	60	348	348	360	348	360	348	360	360
360	462	462	438	432	432	432	432	420	420	420	348	348	300	300	258	258	240	132	348	60	60	300	258	300	258	300	300
408	462	462	438	432	432	432	432	408	408	408	318	318	300	300	258	258	240	132	348	60	60	300	258	300	258	300	300
348	384	330	318	300	288	288	288	276	276	276	168	168	120	120	186	186	306	210	360	300	300	60	186	120	186	120	120
318	420	366	360	360	348	348	348	300	300	300	192	192	180	180	60	60	204	132	348	258	258	186	60	180	60	180	180
168	372	300	306	300	288	288	288	270	270	270	168	168	120	120	180	180	306	210	360	300	300	120	180	60	180	120	120
192	420	408	402	402	348	348	348	300	300	300	198	198	180	180	132	132	138	132	348	258	258	186	60	180	60	180	180
168	378	372	360	348	288	288	288	276	276	276	168	168	120	120	222	222	306	210	360	300	300	120	180	120	180	60	120
318	378	324	312	300	288	288	288	270	270	270	162	162	234	120	180	180	306	210	360	300	300	120	180	120	180	120	60
DEPOTS_DISTANCE
234	462	462	462	456	450	450	450	438	438	438	360	360	210	210	132	132	198	60	138	132	132	210	132	210	132	210	210	
348	384	330	318	300	288	288	288	276	276	276	168	168	120	120	186	186	306	210	360	300	300	60	186	120	186	120	120	
318	420	366	360	360	348	348	348	300	300	300	192	192	180	180	60	60	204	132	348	258	258	186	60	180	60	180	180	
LOCATION_TURN_MATRIX
100	130	122	113	112	199	136	122	129	152	173	146	151	136	158	140	176	113	122	167	194	134	110	172	114	184	100	147	
170	100	154	188	164	169	136	136	152	170	104	183	155	115	101	104	155	187	174	115	149	134	178	168	114	135	168	102	
178	146	100	161	178	114	104	165	117	139	126	169	192	109	120	179	160	152	154	134	113	140	154	179	196	196	192	181	
187	112	139	100	158	114	195	181	104	132	195	106	183	169	132	170	140	136	172	148	116	110	123	136	151	120	176	169	
188	136	122	142	100	175	164	159	112	100	167	164	135	191	132	181	104	123	142	156	108	117	193	182	116	147	156	185	
101	131	186	186	125	100	190	147	164	150	137	102	145	176	185	131	113	108	117	186	118	151	140	178	154	189	172	110	
164	164	196	105	136	110	100	186	153	151	183	193	111	157	144	123	188	142	110	163	105	190	166	187	170	171	186	126	
178	164	135	119	141	153	114	100	106	130	108	103	151	178	122	151	130	133	184	177	110	141	166	110	122	174	191	197	
171	148	183	196	188	136	147	194	100	167	100	146	168	129	128	142	172	118	174	147	105	158	156	160	120	106	119	136	
148	130	161	168	200	150	149	170	133	100	177	106	175	116	188	180	176	194	108	146	130	187	183	173	128	141	169	176	
127	196	174	105	133	163	117	192	200	123	100	171	175	140	183	115	104	186	128	153	151	175	100	146	191	117	132	197	
154	117	131	194	136	198	107	197	154	194	129	100	136	184	140	147	172	184	148	131	103	156	185	200	152	158	154	143	
149	145	108	117	165	155	189	149	132	125	125	164	100	140	199	142	101	144	163	185	117	191	200	143	113	165	102	154	
164	185	191	131	109	124	143	122	171	184	160	116	160	100	109	116	196	113	131	186	166	139	183	175	144	161	105	170	
142	199	180	168	168	115	156	178	172	112	117	160	101	191	100	147	177	177	199	158	172	188	164	175	180	168	154	195	
160	196	121	130	119	169	177	149	158	120	185	153	158	184	153	100	152	159	197	157	181	159	102	123	168	200	124	186	
124	145	140	160	196	187	112	170	128	124	196	128	199	104	123	148	100	149	114	112	117	135	105	132	138	180	198	156	
187	113	148	164	177	192	158	167	182	106	114	116	156	187	123	141	151	100	166	132	168	163	159	123	129	173	161	116	
178	126	146	128	158	183	190	116	126	192	172	152	137	169	101	103	186	134	100	184	199	137	130	160	148	113	140	150	
133	185	166	152	144	114	137	123	153	154	147	169	115	114	142	143	188	168	116	100	111	195	128	157	191	164	141	171	
106	151	187	184	192	182	195	190	195	170	149	197	183	134	128	119	183	132	101	189	100	129	151	163	147	166	104	177	
166	166	160	190	183	149	110	159	142	113	125	144	109	161	112	141	165	137	163	105	171	100	101	185	169	129	103	197	
190	122	146	177	107	160	134	134	144	117	200	115	100	117	136	198	195	141	170	172	149	199	100	106	150	116	118	145	
128	132	121	164	118	122	113	190	140	127	154	100	157	125	125	177	168	177	140	143	137	115	194	100	128	167	115	155	
186	186	104	149	184	146	130	178	180	172	109	148	187	156	120	132	162	171	152	109	153	131	150	172	100	155	124	184	
116	165	104	180	153	111	129	126	194	159	183	142	135	139	132	100	120	127	187	136	134	171	184	133	145	100	129	192	
200	132	108	124	144	128	114	109	181	131	168	146	198	195	146	176	102	139	160	159	196	197	182	185	176	171	100	146	
153	198	119	131	115	190	174	103	164	124	103	157	146	130	105	114	144	184	150	129	123	103	155	145	116	108	154	100	
DEPOTS_TO_LOCAL_TURN_MATRIX
178	126	146	128	158	183	190	116	126	192	172	152	137	169	101	103	186	134	100	184	199	137	130	160	148	113	140	150	
190	122	146	177	107	160	134	134	144	117	200	115	100	117	136	198	195	141	170	172	149	199	100	106	150	116	118	145	
128	132	121	164	118	122	113	190	140	127	154	100	157	125	125	177	168	177	140	143	137	115	194	100	128	167	115	155	
LOCAL_TO_DEPOT_TURN_MATRIX
122	174	154	172	142	117	110	184	174	108	128	148	163	131	199	197	114	166	100	116	101	163	170	140	152	187	160	150	
110	178	154	123	193	140	166	166	156	183	100	185	200	183	164	102	105	159	130	128	151	101	100	194	150	184	182	155	
172	168	179	136	182	178	187	110	160	173	146	200	143	175	175	123	132	123	160	157	163	185	106	100	172	133	185	145	

