INDEX_PROBLEM
1
PATIENTS
800
STRETCHERS
16
NUM_ROOM
28
NUM_DEPOT
3
NUM_PRIORITY
4
PRIORITY_LIST
0	1	2	3	4
PRIORITY_WEIGHT
0	1	10	18	30
PRIORITY_JOB
0	2	2	3	4	1	2	3	3	3	4	2	2	3	4	3	4	4	1	2	3	3	4	4	3	2	2	3	3	4	2	4	4	3	3	4	4	2	2	4	3	3	3	4	4	2	2	3	3	4	4	1	2	3	3	4	3	1	1	1	4	2	2	3	1	4	4	1	2	3	1	4	4	1	1	3	4	2	2	3	2	3	4	4	2	3	1	3	3	1	3	4	2	2	3	1	2	3	4	4	2	2	3	1	4	1	4	4	1	2	3	1	2	3	4	2	2	3	4	1	3	1	4	1	2	3	3	1	2	4	2	2	3	4	4	1	4	1	1	4	2	3	3	1	2	4	2	2	3	3	4	4	3	1	1	1	4	2	2	3	1	4	4	1	2	3	3	3	4	1	1	1	4	2	2	3	2	1	4	4	1	2	3	1	3	1	1	3	4	2	2	3	2	4	4	4	4	2	3	1	4	1	3	4	2	2	3	2	3	3	4	4	2	2	3	3	4	1	1	4	4	1	2	1	2	3	3	4	2	2	3	4	3	1	1	4	1	2	3	1	2	3	4	2	2	3	4	4	4	1	1	1	2	3	3	2	2	4	4	2	2	3	3	4	3	1	1	1	4	4	2	1	2	2	3	4	1	2	3	3	4	3	1	1	1	4	2	2	1	3	4	4	1	2	3	3	4	1	1	1	3	4	4	2	2	2	3	4	4	2	3	4	3	1	1	3	4	4	2	2	1	2	3	3	4	2	2	3	4	3	1	1	4	4	1	2	1	2	3	3	4	2	2	3	3	4	1	1	4	1	2	2	3	3	4	2	2	3	4	4	1	4	1	1	4	2	3	2	3	4	2	2	3	3	4	4	1	4	1	1	1	2	2	2	1	3	4	2	1	3	3	3	3	4	2	1	1	1	2	3	2	4	4	1	2	3	3	3	4	4	1	1	1	4	2	2	1	3	4	4	1	2	3	4	3	3	1	1	1	4	2	2	2	3	3	3	4	4	2	2	4	3	3	4	1	1	4	1	1	2	2	3	3	4	2	2	3	4	4	4	1	1	1	2	2	3	3	4	2	2	3	4	3	1	4	1	1	1	2	3	1	3	4	4	2	2	3	3	3	2	4	1	1	1	2	2	1	2	3	4	4	1	2	3	4	3	3	4	1	1	1	2	2	1	3	4	4	1	2	3	4	3	1	1	1	4	2	2	2	4	3	4	4	1	2	3	3	3	1	1	1	4	4	2	1	3	2	3	3	4	2	2	3	4	3	4	1	1	4	1	2	1	2	3	3	4	2	2	3	4	4	4	1	1	1	2	2	1	3	3	4	2	2	3	4	4	4	1	1	1	2	3	2	1	3	4	4	2	2	3	3	3	4	1	1	1	2	2	2	1	3	4	4	2	2	3	3	4	3	4	1	1	1	2	2	2	3	4	4	1	2	3	4	3	1	1	1	4	2	2	1	4	3	4	4	1	2	3	3	3	1	1	1	4	2	2	1	3	3	3	4	4	2	2	4	4	3	1	1	4	4	2	2	1	2	3	3	2	2	3	4	3	4	1	1	1	2	3	2	3	4	2	2	3	4	4	4	1	1	1	4	1	2	3	2	3	4	2	2	3	3	4	3	1	1	1	1	4	2	2	2	1	3	4	2	2	3	3	4	2	4	1	1	1	2	2	3	1	4	4	1	2	3	3	3	1	1	1	4	2	2	3	1	1	1	4	4	1	2	2	1	1	1	1	3	3	4	4	2	1	1	1	2	2	3	1	1	1	1	3	4	2	3	2	4	1	1	1	3	4	4	2	1	1	1	2	3	3	4	2	1
TIME_ASKED
0	28849	28898	28947	28996	29045	29094	29149	29198	29247	29296	29345	29394	29429	29458	29487	29516	29545	29574	29603	29632	29661	29690	29742	29784	29826	29868	29910	29952	29994	30029	30058	30087	30116	30145	30174	30203	30232	30261	30290	30329	30358	30387	30416	30445	30474	30503	30532	30561	30590	30621	30642	30663	30684	30705	30726	30747	30768	30789	30810	30831	30852	30873	30894	30949	30998	31047	31096	31145	31194	31227	31254	31281	31308	31335	31362	31389	31416	31443	31470	31497	31524	31548	31572	31596	31620	31644	31668	31692	31716	31740	31764	31788	31837	31874	31911	31948	31985	32022	32059	32096	32159	32218	32277	32336	32395	32419	32438	32457	32476	32495	32514	32533	32552	32571	32590	32609	32628	32647	32666	32685	32759	32818	32877	32936	32995	33027	33054	33081	33108	33135	33162	33189	33216	33243	33270	33297	33333	33366	33399	33432	33465	33498	33531	33564	33597	33616	33632	33648	33664	33680	33696	33712	33728	33744	33760	33776	33792	33808	33824	33840	33856	33872	33888	33933	33966	33999	34032	34065	34098	34131	34164	34197	34242	34284	34326	34368	34410	34452	34494	34533	34566	34599	34632	34665	34698	34731	34764	34797	34827	34854	34881	34908	34935	34962	34989	35016	35043	35070	35097	35137	35174	35211	35248	35285	35322	35359	35396	35433	35466	35499	35532	35565	35598	35631	35664	35697	35723	35746	35769	35792	35815	35838	35861	35884	35907	35930	35953	35976	35999	36023	36046	36069	36092	36115	36138	36161	36184	36207	36230	36253	36276	36299	36327	36354	36381	36408	36435	36462	36489	36516	36543	36570	36597	36619	36638	36657	36676	36695	36714	36733	36752	36771	36790	36809	36828	36847	36866	36885	36949	36998	37047	37096	37145	37194	37259	37318	37377	37436	37495	37549	37598	37647	37696	37745	37794	37827	37854	37881	37908	37935	37962	37989	38016	38043	38070	38097	38123	38146	38169	38192	38215	38238	38261	38284	38307	38330	38353	38376	38399	38419	38438	38457	38476	38495	38514	38533	38552	38571	38590	38609	38628	38647	38666	38685	38742	38784	38826	38868	38910	38952	38994	39029	39058	39087	39116	39145	39174	39203	39232	39261	39290	39349	39398	39447	39496	39545	39594	39633	39666	39699	39732	39765	39798	39831	39864	39897	39937	39974	40011	40048	40085	40122	40159	40196	40242	40284	40326	40368	40410	40452	40494	40542	40584	40626	40668	40710	40752	40794	40849	40898	40947	40996	41045	41094	41133	41166	41199	41232	41265	41298	41331	41364	41397	41423	41446	41469	41492	41515	41538	41561	41584	41607	41630	41653	41676	41699	41749	41798	41847	41896	41945	41994	42099	42198	42297	42342	42384	42426	42468	42510	42552	42594	42699	42798	42897	42923	42946	42969	42992	43015	43038	43061	43084	43107	43130	43153	43176	43199	43237	43274	43311	43348	43385	43422	43459	43496	43549	43598	43647	43696	43745	43794	43899	43998	44097	44159	44218	44277	44336	44395	44459	44518	44577	44636	44695	44799	44898	44997	45033	45066	45099	45132	45165	45198	45231	45264	45297	45337	45374	45411	45448	45485	45522	45559	45596	45637	45674	45711	45748	45785	45822	45859	45896	45959	46018	46077	46136	46195	46249	46298	46347	46396	46445	46494	46537	46574	46611	46648	46685	46722	46759	46796	46821	46842	46863	46884	46905	46926	46947	46968	46989	47010	47031	47052	47073	47094	47199	47298	47397	47437	47474	47511	47548	47585	47622	47659	47696	47737	47774	47811	47848	47885	47922	47959	47996	48049	48098	48147	48196	48245	48294	48324	48348	48372	48396	48420	48444	48468	48492	48516	48540	48564	48588	48627	48654	48681	48708	48735	48762	48789	48816	48843	48870	48897	48937	48974	49011	49048	49085	49122	49159	49196	49233	49266	49299	49332	49365	49398	49431	49464	49497	49537	49574	49611	49648	49685	49722	49759	49796	49827	49854	49881	49908	49935	49962	49989	50016	50043	50070	50097	50149	50198	50247	50296	50345	50394	50424	50448	50472	50496	50520	50544	50568	50592	50616	50640	50664	50688	50737	50774	50811	50848	50885	50922	50959	50996	51027	51054	51081	51108	51135	51162	51189	51216	51243	51270	51297	51324	51348	51372	51396	51420	51444	51468	51492	51516	51540	51564	51588	51637	51674	51711	51748	51785	51822	51859	51896	51933	51966	51999	52032	52065	52098	52131	52164	52197	52259	52318	52377	52436	52495	52517	52534	52551	52568	52585	52602	52619	52636	52653	52670	52687	52704	52721	52738	52755	52772	52789	52859	52918	52977	53036	53095	53137	53174	53211	53248	53285	53322	53359	53396	53459	53518	53577	53636	53695	53733	53766	53799	53832	53865	53898	53931	53964	53997	54027	54054	54081	54108	54135	54162	54189	54216	54243	54270	54297	54374	54448	54522	54596	54627	54654	54681	54708	54735	54762	54789	54816	54843	54870	54897	55049	55198	55237	55274	55311	55348	55385	55422	55459	55496	55574	55648	55722	55796	55827	55854	55881	55908	55935	55962	55989	56016	56043	56070	56097	56399	56499	56598	56697	56733	56766	56799	56832	56865	56898	56931	56964	56997	57049	57098	57147	57196	57245	57294	57359	57418	57477	57536	57595
ORIGIN
26	16	6	27	19	7	27	25	25	14	4	10	2	23	12	5	5	14	3	23	14	14	14	14	14	14	27	27	27	20	23	14	14	9	1	23	11	14	14	13	14	14	2	27	24	14	14	14	7	6	27	18	7	27	20	8	27	14	17	2	23	12	2	14	14	9	23	14	4	24	11	11	11	14	25	14	19	8	3	14	9	23	23	11	2	14	27	27	14	14	14	14	14	4	27	7	26	5	18	7	27	20	8	8	14	17	17	2	2	2	14	14	2	14	14	4	24	15	4	25	16	14	3	26	26	14	23	12	12	14	10	2	23	14	2	4	23	1	27	15	27	15	14	23	20	7	7	27	20	14	3	14	7	14	27	20	20	2	14	14	8	8	8	24	15	4	14	16	14	15	26	14	14	2	14	3	14	13	20	23	12	2	23	27	26	9	14	14	14	27	8	14	1	1	1	20	8	27	3	2	23	13	13	2	14	4	26	5	13	8	25	14	4	26	7	1	7	8	14	2	2	14	2	14	1	14	1	12	2	23	14	3	2	26	7	27	11	11	1	3	23	3	14	8	27	23	23	14	23	2	23	14	14	14	2	1	7	2	2	2	26	16	1	23	23	3	14	14	26	14	3	14	13	16	27	27	23	13	3	23	27	23	8	23	11	14	1	14	14	8	2	2	23	8	1	23	1	26	1	14	2	27	14	1	1	14	27	14	16	5	26	3	14	14	14	14	14	14	14	27	1	1	14	14	13	2	23	7	3	14	23	23	1	7	14	3	23	14	23	12	8	1	23	10	27	2	14	14	26	14	14	1	14	14	4	8	5	26	3	9	14	2	3	2	20	14	3	26	1	27	27	4	2	23	23	26	1	3	1	4	7	1	1	13	14	2	26	11	1	23	10	1	14	27	27	11	14	14	27	14	2	27	26	27	14	16	3	23	9	3	3	23	14	3	14	3	14	14	4	26	23	14	3	16	23	23	23	23	14	1	3	1	3	14	2	23	23	10	1	14	2	27	27	3	3	20	14	14	14	3	27	20	16	6	27	19	7	2	14	14	2	26	14	24	14	14	14	26	14	3	23	14	7	1	4	14	3	14	14	16	16	2	1	2	9	26	23	11	26	27	1	1	27	14	27	26	27	2	2	8	5	27	18	7	2	2	2	2	14	17	2	22	22	27	27	27	3	23	14	4	2	4	4	14	25	4	26	26	20	2	27	2	1	23	11	2	14	27	23	27	14	14	15	15	14	27	27	1	26	17	7	27	27	24	27	14	14	2	20	20	24	27	20	26	23	14	4	24	15	27	23	23	14	3	26	14	14	14	2	1	23	10	2	23	25	14	2	14	14	15	14	14	26	23	27	26	16	7	27	20	2	23	23	14	3	9	2	2	2	2	16	23	14	3	24	14	4	14	20	3	3	26	14	2	14	2	14	23	10	2	23	12	14	2	14	27	14	14	27	27	2	14	14	14	7	26	19	8	23	2	3	16	20	2	2	14	27	23	23	14	3	24	14	4	14	20	1	1	26	14	27	14	14	2	13	10	1	23	12	2	23	1	14	27	14	14	11	11	15	8	16	6	27	19	7	27	25	25	20	20	20	2	23	14	7	25	14	3	23	14	4	20	25	27	26	14	1	27	20	14	4	7	9	1	23	23	2	23	14	7	7	14	27	11	15	14	1	23	6	27	18	7	27	14	14	14	17	2	2	23	2	2	14	14	3	23	14	4	14	14	25	14	25	14	27	20	14	14	14	9	1	23	11	2	26	26	26	14	27	14	24	14	1	4	4	5	27	18	7	27	20	8	23	2	27	27	23	12	2	8	14
DESTINATION
3	14	17	2	22	23	2	14	14	3	23	14	14	27	11	14	14	25	14	4	2	9	9	9	25	1	23	23	2	14	27	26	26	14	14	27	15	5	5	7	26	5	27	18	2	26	8	8	23	17	2	27	20	2	14	14	2	16	6	27	27	11	14	25	25	14	3	26	14	2	12	12	12	5	14	3	22	14	26	4	14	1	27	15	14	20	23	23	20	9	9	1	26	14	2	13	14	14	27	20	2	14	14	14	8	6	6	27	27	14	20	8	27	15	26	14	2	14	14	14	14	9	23	14	14	4	27	11	11	9	14	14	27	8	14	14	1	23	23	11	23	11	2	27	14	13	13	2	14	4	26	5	13	5	18	7	7	27	20	8	14	14	14	2	14	14	1	14	1	14	14	4	4	24	15	26	16	7	7	27	11	14	1	23	3	14	10	10	2	23	14	2	23	23	23	14	14	2	26	14	1	7	7	27	20	14	3	14	7	14	14	26	14	3	13	14	13	14	8	24	24	4	24	16	14	8	23	11	14	1	25	14	14	3	20	23	12	12	23	26	1	26	1	14	2	27	1	1	1	14	1	20	20	8	27	23	13	14	14	14	3	14	14	27	1	26	8	25	14	4	26	1	7	14	23	23	1	7	14	3	23	1	14	1	12	2	23	2	2	14	14	14	26	14	14	1	14	3	14	8	27	23	9	14	23	3	2	20	14	14	3	26	1	2	2	2	2	16	1	23	23	23	1	4	7	14	1	13	14	16	27	27	23	13	3	23	27	2	27	11	14	14	27	14	2	27	2	2	23	8	8	23	1	3	23	14	14	3	14	14	1	27	14	27	14	5	26	3	14	23	23	14	14	1	1	3	14	14	14	14	13	23	23	7	3	27	3	20	14	27	14	14	3	23	23	12	8	1	23	10	27	2	14	2	26	14	14	7	14	14	14	4	8	26	9	14	9	4	14	3	1	25	14	16	27	27	27	27	4	23	26	24	26	1	27	1	27	14	14	26	27	2	2	26	26	11	10	10	1	14	2	14	14	17	2	22	23	27	26	26	27	14	3	1	9	2	4	14	25	14	4	26	20	14	14	4	26	3	3	16	16	27	23	27	14	14	27	15	14	23	14	23	23	10	23	14	2	27	27	14	14	2	27	20	24	27	27	27	16	6	27	19	19	2	23	23	14	3	26	14	14	14	14	26	14	23	14	14	7	14	2	14	14	27	15	14	26	2	1	2	9	1	11	11	26	23	23	14	3	9	20	2	2	2	2	8	5	27	7	7	2	2	7	3	3	26	14	2	14	2	27	27	3	23	14	4	2	2	14	14	27	14	14	27	14	2	27	2	1	11	2	2	14	27	2	3	16	20	2	14	14	27	27	1	26	17	27	27	27	24	14	1	26	14	2	26	14	2	11	26	23	14	4	24	15	27	25	27	14	14	27	11	15	14	1	23	10	2	23	23	14	25	25	20	20	14	22	14	7	27	26	16	7	27	27	20	23	27	27	26	14	1	26	14	4	7	23	23	14	3	2	4	4	14	7	14	14	27	11	14	1	23	10	23	10	2	12	12	14	14	14	17	2	22	23	2	14	14	14	7	7	14	27	8	23	14	25	14	5	26	14	14	14	23	14	3	24	2	14	4	14	20	14	14	27	1	14	1	4	23	13	1	23	12	14	2	23	1	17	2	27	23	2	16	8	16	6	27	14	27	27	27	25	25	14	4	26	14	25	5	14	25	14	3	2	14	4	20	25	14	14	27	15	14	14	14	14	1	23	1	1	26	23	14	14	14	2	27	20	2	14	14	7	27	18	18	27	11	14	14	4
DUE_DATE
0	30427	30476	30045	29554	31343	30672	30247	30296	30345	29854	30923	30972	30527	30016	30585	30074	30103	31872	31181	30730	30759	30248	30300	30882	31404	31446	31008	31050	30552	31607	30616	30645	31214	31243	30732	30761	31810	31839	30848	31427	31456	31485	30974	31003	32052	32081	31630	31659	31148	31179	32940	32241	31782	31803	31284	31845	33066	33087	33108	31389	32430	32451	31992	33247	31556	31605	33394	32723	32292	33525	31812	31839	33606	33633	32460	31947	32994	33021	32568	33075	32622	32106	32130	33174	32718	33942	32766	32790	34014	32838	32322	33366	33415	32972	34209	33526	33083	32580	32617	33674	33737	33316	34575	32894	34693	32977	32996	34755	34054	33593	34812	34111	33650	33129	34168	34187	33726	33205	34964	33783	35057	33376	35175	34514	34093	34125	35352	34659	33666	34713	34740	34287	33774	33801	35568	33855	35631	35664	33957	35010	34563	34596	35829	35142	34155	35194	35210	34746	34762	34238	34254	34810	36026	36042	36058	34334	35370	35386	34922	36138	34414	34430	36186	35511	35064	35097	35130	34623	36396	36429	36462	34755	35820	35862	35424	35946	36708	35010	35052	36831	36144	35697	36930	35763	36996	37029	35862	35355	36405	36432	35979	36486	35493	35520	35547	35574	36621	36168	37395	35695	37472	36309	35806	36863	36900	36457	36974	36531	36564	36057	36090	37143	37176	36729	36762	36255	38021	38044	36327	36350	38113	37416	38159	37462	37005	37028	36511	37554	37577	37121	36604	37167	38390	38413	36696	38459	37762	37305	38528	37831	37374	36857	37905	37932	37479	36966	36993	37020	38787	38814	38841	38148	37695	37717	38216	38235	37234	37253	38292	38311	37850	37869	37348	37907	39126	39145	39164	37443	37507	38576	39345	38674	38723	38292	37817	39616	38955	38534	38593	38107	38696	39945	39994	40043	38352	39405	39432	40179	39006	38493	38520	40287	39594	39141	39168	38655	40421	40444	40467	39290	38773	38796	39839	39862	39885	39428	38911	38934	39977	39517	38996	39555	40774	40793	39612	39091	39110	40149	40168	40907	40206	39745	39764	39243	40320	40362	39924	39426	40008	41250	41292	39587	39616	41385	40694	41443	40752	40301	40330	39819	40868	40927	40496	40545	40054	41843	41892	40191	41964	41277	41310	40863	40896	40389	41442	41475	41035	40532	40569	42346	40643	42420	42457	40754	41820	41382	41904	41466	40968	42030	42072	41640	41682	41184	41226	43008	41310	43092	43147	43196	42525	42574	42623	43392	42231	41724	42777	43530	42363	42396	42429	42462	41955	43001	43744	43767	43790	43093	42636	43139	42142	42165	43928	43231	42774	42797	42847	42356	42405	44194	44243	44292	42657	43776	43875	44640	43482	42984	43026	44808	44130	43692	43257	43896	43995	45221	45244	45267	43550	44593	44616	44639	44182	44205	44228	43711	43734	44777	44815	43832	44409	44446	43943	45720	45757	44054	45847	45896	45225	45274	44843	44892	44457	45576	45675	45257	44776	44835	44894	46693	46757	46816	46155	46214	45793	45897	45456	46575	46611	46164	45657	46230	47463	45756	47529	47562	47595	46915	46472	47709	46546	46043	46080	47137	47174	46735	46772	46809	47326	46343	48120	48157	48194	47537	47596	48375	47714	47293	46807	46856	48645	47974	47543	47052	47635	47672	47169	48946	48983	49020	48337	48374	49119	47940	47421	47442	49203	48504	48045	47526	48087	49308	49329	49350	47631	48672	48777	48876	47955	48535	48032	48069	49846	49163	48720	48757	48794	50035	50072	50109	48406	48443	49500	50257	49094	49627	49196	49245	48754	49823	49872	49422	48906	49470	48954	50718	50742	49026	50790	50094	50838	50142	49686	49725	49212	50259	50286	49833	49320	49347	49374	51141	51168	51195	50515	50552	51309	50146	50183	49680	50737	50774	50331	49824	49857	49890	51663	51696	51729	51042	50595	51115	51872	50709	50206	50243	51300	51337	50894	50925	50952	50439	52206	52233	52260	51567	51594	51621	52368	51195	50707	50756	51825	51874	51443	51492	50982	51546	51030	52794	52818	52842	52146	52170	52194	51738	51222	51246	53035	52352	51909	51406	51983	53220	53257	53294	51585	52632	52659	53406	51693	52260	51747	51774	53541	52848	52395	52422	52446	53670	53694	53718	52002	53046	53070	53814	52638	52662	52686	52195	52232	53289	53326	52343	52380	52957	54194	54231	52524	52557	53610	53643	54396	53709	53262	53295	53837	53896	53475	52994	53593	53075	54832	54849	54866	54163	53700	54197	53734	53211	54248	54265	53802	53279	53296	53313	55070	55087	55157	53476	55275	54614	54193	54715	54272	53769	54826	54863	54420	54457	53954	54557	55816	55875	55934	55993	54291	55344	55377	55410	56163	54996	54489	55542	55575	55125	55152	54639	55686	54693	56460	56487	56514	55821	55848	55395	56672	55006	55080	56894	56205	55752	55779	55806	57033	57060	57087	55374	56421	56448	55995	57347	57496	57535	55832	55869	57646	56963	57000	57757	57794	57872	57946	56820	56894	56385	56412	57459	58206	58233	58260	57567	57594	57141	58368	58395	58697	58797	57696	57255	58311	57864	58377	57390	59163	59196	59229	58062	57555	57607	58676	59445	59494	59543	58872	58457	58516	58035	59114	59893
TRANSPORT_MODE
0	2	2	2	1	1	1	2	0	2	1	1	1	1	2	0	2	2	1	1	1	1	2	0	0	2	2	1	1	1	2	0	0	2	1	1	1	1	1	0	0	2	2	2	1	1	1	2	0	2	1	1	1	1	1	0	0	3	3	3	1	1	1	2	0	2	1	1	1	1	3	0	0	3	3	1	1	1	1	2	0	2	2	1	1	1	3	0	0	3	1	1	1	1	1	0	0	2	2	2	1	1	1	3	0	3	1	1	1	1	1	0	0	2	2	2	1	1	1	3	0	3	1	1	1	1	2	0	0	2	2	1	1	1	1	3	0	3	3	1	1	1	2	0	0	2	1	1	1	1	1	0	0	3	3	3	1	1	1	2	0	2	1	1	1	1	1	0	0	3	3	3	1	1	1	2	0	0	2	1	1	1	1	3	0	3	3	1	1	1	1	2	0	0	2	2	1	1	1	3	0	3	1	1	1	1	2	0	0	2	2	1	1	1	1	0	0	3	3	1	1	1	1	0	0	2	2	2	1	1	1	1	0	3	3	1	1	1	1	0	0	2	2	2	1	1	1	1	0	3	3	3	1	1	1	0	0	2	2	1	1	1	1	0	0	3	3	3	1	1	1	0	0	1	2	2	1	1	1	0	0	1	3	3	3	1	1	1	0	1	2	2	1	1	1	0	0	3	3	3	1	1	1	1	0	2	2	1	1	1	1	0	0	3	3	1	1	1	1	0	0	1	2	2	2	1	1	0	0	1	3	3	1	1	1	0	0	1	1	2	2	2	1	1	0	1	3	3	1	1	1	0	1	2	2	2	1	1	1	0	0	1	3	3	1	1	1	0	1	2	2	2	1	1	1	0	0	1	3	3	3	1	1	0	0	1	2	2	1	1	1	0	0	1	1	3	3	3	1	1	0	1	1	2	2	1	1	0	0	1	3	3	3	1	1	1	0	1	2	2	1	1	1	0	0	1	3	3	3	1	1	1	0	0	1	2	2	2	1	1	0	0	1	1	3	3	1	1	0	0	1	1	2	2	2	1	1	0	1	1	3	3	1	1	0	1	2	2	2	1	1	1	0	0	1	3	3	1	1	1	0	1	2	2	2	1	1	1	0	0	1	3	3	3	1	1	0	0	1	1	2	2	1	1	0	0	1	1	3	3	3	1	1	0	1	1	2	2	1	1	0	1	3	3	3	1	1	1	0	0	1	2	2	1	1	1	0	1	3	3	3	1	1	1	0	0	1	2	2	2	1	1	0	0	1	1	3	3	1	1	0	0	1	1	2	2	2	1	1	0	1	1	3	3	1	1	0	0	1	2	2	2	1	1	1	0	1	3	3	1	1	1	0	0	1	2	2	2	1	1	1	0	1	3	3	3	1	1	0	0	1	2	2	1	1	1	0	0	1	1	3	3	3	1	1	0	1	2	2	1	1	1	0	1	3	3	3	1	1	1	0	0	1	2	2	1	1	1	0	1	3	3	3	1	1	1	0	0	1	2	2	2	1	1	0	0	1	3	3	1	1	1	0	0	1	1	2	2	2	1	1	0	1	3	3	1	1	1	0	1	2	2	2	1	1	1	0	0	3	3	1	1	1	1	0	2	2	2	1	1	1	1	0	0	3	3	3	1	1	1	0	0	1	2	2	1	1	1	0	0	1	3	3	3	1	1	1	0	1	2	2	1	1	1	0	3	3	3	1	1	1	1	0	3	3	1	1	1	1	0	0	3	3	3	1	1	1	1	0	3	3	3	1	1	1	0	0	3	3	1	1	1	1	0	0	3	3	3	1	1	1	1	0	3	3	1	1	1	1	0	0
PATIENT_WEIGHT
61	119	142	36	59	132	70	115	149	121	146	66	144	138	32	136	65	145	87	88	82	93	72	43	124	94	30	108	146	95	39	106	105	67	46	129	93	148	105	37	42	92	101	143	103	93	32	104	150	128	81	128	75	69	112	54	136	105	54	85	74	136	86	135	116	123	66	44	64	88	50	38	96	40	69	101	130	65	97	43	69	84	62	108	38	120	136	91	101	96	103	52	142	53	91	75	110	63	142	113	40	58	114	84	132	44	38	37	140	105	125	99	141	129	136	37	35	76	58	119	58	69	36	43	81	146	123	148	97	35	33	124	143	46	62	103	48	113	62	108	144	140	98	51	67	117	37	122	115	35	127	148	78	76	70	108	82	36	67	131	56	66	105	58	116	114	108	149	41	101	114	86	97	92	39	61	123	38	59	138	135	140	112	109	103	143	48	51	48	131	72	40	88	105	87	100	97	136	84	68	142	134	91	108	52	37	64	150	81	53	138	123	116	118	48	59	86	107	101	39	92	91	125	95	147	85	38	141	142	61	58	140	60	101	126	124	101	77	117	101	62	93	73	116	80	42	39	36	33	97	109	69	135	123	72	144	90	72	47	54	135	113	31	48	104	129	127	74	99	88	86	117	75	76	98	52	68	133	71	116	39	64	65	107	93	116	46	113	55	57	127	118	148	84	84	98	44	102	40	69	124	81	43	129	108	34	47	59	51	31	73	143	111	124	32	89	41	111	63	148	68	114	98	111	46	35	60	113	91	146	41	136	72	142	130	79	95	82	120	98	109	44	43	76	38	126	77	60	81	82	98	94	45	100	121	72	79	57	141	133	48	70	141	65	81	82	68	31	92	44	57	37	101	114	35	116	68	89	112	52	124	149	37	61	105	96	104	136	138	112	129	134	45	59	48	130	52	73	93	58	87	66	54	146	150	90	147	105	119	129	30	108	70	146	93	110	120	35	76	53	104	147	41	61	81	87	89	66	96	117	103	106	140	104	122	121	123	140	104	56	95	142	37	134	89	81	66	90	41	101	73	144	124	48	99	40	118	96	93	125	55	131	30	137	86	125	37	137	93	116	41	44	128	143	34	58	36	91	136	53	40	124	68	125	36	41	104	64	55	80	113	94	102	91	98	124	54	140	67	110	81	31	35	130	142	32	78	70	59	141	119	70	70	137	91	54	74	55	109	86	148	48	88	102	110	68	122	66	109	128	125	119	107	40	144	53	118	75	58	110	89	105	93	50	130	88	149	105	146	74	109	62	145	148	143	44	104	124	82	82	100	42	69	103	76	133	68	109	45	134	95	98	107	83	78	147	34	45	62	93	113	72	30	34	40	34	145	76	52	95	143	69	35	116	72	57	145	122	54	58	48	75	123	30	66	102	91	62	124	34	53	140	135	59	33	30	53	147	143	61	101	62	139	50	114	103	129	55	52	58	54	98	135	50	67	84	43	67	122	125	133	91	67	69	146	87	79	147	66	33	95	118	30	52	133	104	47	59	146	124	64	137	103	140	149	99	73	38	48	44	85	110	149	124	109	36	46	71	119	75	42	65	123	98	82	92	54	113	87	61	125	109	138	48	92	46	38	144	129	89	108	134	118	133	67	74	88	139	37	138	143	36	96	92	50	95	93	118	122	86	85	140	51	105	93	51	118	48	145	81	149	64	147	124	60	60	73	139	101	121	96	75	60	48	129	32	98	141	73	95	41	39	30	30	125	106	90	108	81	128	146	121	139	145	68	46	146	92	142	114	50	95	58	111	66	139	48	35	71	34	148	141	94	109	46	78	84	45	145	50	62	64	126	134	50	108	43	148	109	33	73
DISTANCE_MATRIX
0	360	318	300	288	276	264	264	150	150	150	60	90	90	162	168	204	228	234	312	360	408	348	318	168	192	168	318
360	60	264	318	324	342	342	342	348	348	354	360	372	378	378	420	420	480	462	498	462	462	384	420	372	420	378	378
318	264	60	270	276	288	288	288	294	294	294	318	318	324	324	414	414	468	462	486	462	462	330	366	366	408	372	324
300	318	270	60	276	288	288	288	288	288	288	300	300	312	318	408	408	468	462	486	438	438	318	360	360	402	360	312
288	324	276	276	60	276	276	276	276	276	276	288	288	300	300	402	396	462	456	480	432	432	300	360	360	402	348	300
276	342	288	288	276	60	180	180	252	258	264	264	264	288	288	390	390	456	450	480	432	432	288	348	348	348	288	288
264	342	288	288	276	180	60	180	246	258	264	264	264	288	288	390	390	456	450	480	432	432	288	348	348	348	288	288
264	342	288	288	276	180	180	60	240	258	264	264	264	288	288	390	390	456	450	480	432	432	288	348	348	348	288	288
150	348	294	288	276	252	246	240	60	120	120	150	126	270	270	378	384	420	438	480	420	408	276	300	300	300	276	270
150	348	294	288	276	258	258	258	120	60	120	150	150	270	270	378	384	420	438	480	420	408	276	300	300	300	276	270
150	354	294	288	276	264	264	264	120	120	60	150	150	270	270	378	384	420	438	480	420	408	276	300	300	300	276	270
60	360	318	300	288	264	264	264	150	150	150	60	90	162	168	228	234	312	360	408	348	318	168	192	192	198	168	162
90	372	318	300	288	264	264	264	150	150	150	90	60	162	168	228	234	312	360	408	348	318	168	192	192	198	168	162
90	378	324	312	300	288	288	288	270	270	270	162	162	60	120	180	180	306	210	360	300	300	120	180	120	180	120	234
162	378	324	318	300	288	288	288	270	270	270	168	168	120	60	180	180	306	210	360	300	300	120	180	120	180	120	120
168	420	414	408	402	348	348	348	300	300	300	228	228	180	180	60	132	204	132	348	258	258	186	60	180	132	222	180
204	420	414	408	396	390	390	390	384	384	384	234	234	180	180	132	60	204	132	348	258	258	186	60	180	132	222	180
228	480	468	468	462	456	456	456	420	420	420	312	312	306	306	204	204	60	198	120	240	240	306	204	306	138	306	306
234	462	462	462	456	450	450	450	438	438	438	360	360	210	210	132	132	198	60	138	132	132	210	132	210	132	210	210
312	498	486	486	480	480	480	480	480	480	480	408	408	360	360	348	348	120	138	60	348	348	360	348	360	348	360	360
360	462	462	438	432	432	432	432	420	420	420	348	348	300	300	258	258	240	132	348	60	60	300	258	300	258	300	300
408	462	462	438	432	432	432	432	408	408	408	318	318	300	300	258	258	240	132	348	60	60	300	258	300	258	300	300
348	384	330	318	300	288	288	288	276	276	276	168	168	120	120	186	186	306	210	360	300	300	60	186	120	186	120	120
318	420	366	360	360	348	348	348	300	300	300	192	192	180	180	60	60	204	132	348	258	258	186	60	180	60	180	180
168	372	300	306	300	288	288	288	270	270	270	168	168	120	120	180	180	306	210	360	300	300	120	180	60	180	120	120
192	420	408	402	402	348	348	348	300	300	300	198	198	180	180	132	132	138	132	348	258	258	186	60	180	60	180	180
168	378	372	360	348	288	288	288	276	276	276	168	168	120	120	222	222	306	210	360	300	300	120	180	120	180	60	120
318	378	324	312	300	288	288	288	270	270	270	162	162	234	120	180	180	306	210	360	300	300	120	180	120	180	120	60
DEPOTS_DISTANCE
234	462	462	462	456	450	450	450	438	438	438	360	360	210	210	132	132	198	60	138	132	132	210	132	210	132	210	210	
348	384	330	318	300	288	288	288	276	276	276	168	168	120	120	186	186	306	210	360	300	300	60	186	120	186	120	120	
318	420	366	360	360	348	348	348	300	300	300	192	192	180	180	60	60	204	132	348	258	258	186	60	180	60	180	180	
LOCATION_TURN_MATRIX
100	130	122	113	112	199	136	122	129	152	173	146	151	136	158	140	176	113	122	167	194	134	110	172	114	184	100	147	
170	100	154	188	164	169	136	136	152	170	104	183	155	115	101	104	155	187	174	115	149	134	178	168	114	135	168	102	
178	146	100	161	178	114	104	165	117	139	126	169	192	109	120	179	160	152	154	134	113	140	154	179	196	196	192	181	
187	112	139	100	158	114	195	181	104	132	195	106	183	169	132	170	140	136	172	148	116	110	123	136	151	120	176	169	
188	136	122	142	100	175	164	159	112	100	167	164	135	191	132	181	104	123	142	156	108	117	193	182	116	147	156	185	
101	131	186	186	125	100	190	147	164	150	137	102	145	176	185	131	113	108	117	186	118	151	140	178	154	189	172	110	
164	164	196	105	136	110	100	186	153	151	183	193	111	157	144	123	188	142	110	163	105	190	166	187	170	171	186	126	
178	164	135	119	141	153	114	100	106	130	108	103	151	178	122	151	130	133	184	177	110	141	166	110	122	174	191	197	
171	148	183	196	188	136	147	194	100	167	100	146	168	129	128	142	172	118	174	147	105	158	156	160	120	106	119	136	
148	130	161	168	200	150	149	170	133	100	177	106	175	116	188	180	176	194	108	146	130	187	183	173	128	141	169	176	
127	196	174	105	133	163	117	192	200	123	100	171	175	140	183	115	104	186	128	153	151	175	100	146	191	117	132	197	
154	117	131	194	136	198	107	197	154	194	129	100	136	184	140	147	172	184	148	131	103	156	185	200	152	158	154	143	
149	145	108	117	165	155	189	149	132	125	125	164	100	140	199	142	101	144	163	185	117	191	200	143	113	165	102	154	
164	185	191	131	109	124	143	122	171	184	160	116	160	100	109	116	196	113	131	186	166	139	183	175	144	161	105	170	
142	199	180	168	168	115	156	178	172	112	117	160	101	191	100	147	177	177	199	158	172	188	164	175	180	168	154	195	
160	196	121	130	119	169	177	149	158	120	185	153	158	184	153	100	152	159	197	157	181	159	102	123	168	200	124	186	
124	145	140	160	196	187	112	170	128	124	196	128	199	104	123	148	100	149	114	112	117	135	105	132	138	180	198	156	
187	113	148	164	177	192	158	167	182	106	114	116	156	187	123	141	151	100	166	132	168	163	159	123	129	173	161	116	
178	126	146	128	158	183	190	116	126	192	172	152	137	169	101	103	186	134	100	184	199	137	130	160	148	113	140	150	
133	185	166	152	144	114	137	123	153	154	147	169	115	114	142	143	188	168	116	100	111	195	128	157	191	164	141	171	
106	151	187	184	192	182	195	190	195	170	149	197	183	134	128	119	183	132	101	189	100	129	151	163	147	166	104	177	
166	166	160	190	183	149	110	159	142	113	125	144	109	161	112	141	165	137	163	105	171	100	101	185	169	129	103	197	
190	122	146	177	107	160	134	134	144	117	200	115	100	117	136	198	195	141	170	172	149	199	100	106	150	116	118	145	
128	132	121	164	118	122	113	190	140	127	154	100	157	125	125	177	168	177	140	143	137	115	194	100	128	167	115	155	
186	186	104	149	184	146	130	178	180	172	109	148	187	156	120	132	162	171	152	109	153	131	150	172	100	155	124	184	
116	165	104	180	153	111	129	126	194	159	183	142	135	139	132	100	120	127	187	136	134	171	184	133	145	100	129	192	
200	132	108	124	144	128	114	109	181	131	168	146	198	195	146	176	102	139	160	159	196	197	182	185	176	171	100	146	
153	198	119	131	115	190	174	103	164	124	103	157	146	130	105	114	144	184	150	129	123	103	155	145	116	108	154	100	
DEPOTS_TO_LOCAL_TURN_MATRIX
178	126	146	128	158	183	190	116	126	192	172	152	137	169	101	103	186	134	100	184	199	137	130	160	148	113	140	150	
190	122	146	177	107	160	134	134	144	117	200	115	100	117	136	198	195	141	170	172	149	199	100	106	150	116	118	145	
128	132	121	164	118	122	113	190	140	127	154	100	157	125	125	177	168	177	140	143	137	115	194	100	128	167	115	155	
LOCAL_TO_DEPOT_TURN_MATRIX
122	174	154	172	142	117	110	184	174	108	128	148	163	131	199	197	114	166	100	116	101	163	170	140	152	187	160	150	
110	178	154	123	193	140	166	166	156	183	100	185	200	183	164	102	105	159	130	128	151	101	100	194	150	184	182	155	
172	168	179	136	182	178	187	110	160	173	146	200	143	175	175	123	132	123	160	157	163	185	106	100	172	133	185	145	

