INDEX_PROBLEM
1
PATIENTS
800
STRETCHERS
16
NUM_ROOM
28
NUM_DEPOT
3
NUM_PRIORITY
4
PRIORITY_LIST
0	1	2	3	4
PRIORITY_WEIGHT
0	1	10	18	30
PRIORITY_JOB
0	1	2	3	3	4	1	2	2	2	3	3	1	2	2	3	3	3	4	2	2	3	3	4	4	1	2	2	3	3	2	3	2	3	3	4	1	2	4	2	2	3	3	4	1	2	3	3	2	3	4	1	2	2	3	3	3	1	1	1	3	1	2	2	1	3	4	2	2	3	4	2	4	1	1	3	1	2	2	1	2	3	3	4	2	2	3	1	3	1	3	1	2	2	3	2	1	3	4	2	2	3	3	1	2	1	4	1	2	2	3	2	1	3	1	2	2	3	4	4	3	4	1	1	1	2	2	3	2	3	1	2	2	3	3	3	1	1	1	1	4	2	2	3	2	3	2	1	2	4	3	3	3	1	1	1	3	2	2	3	1	3	4	1	2	2	3	2	3	4	1	1	1	3	4	1	2	2	2	3	4	2	2	3	3	4	1	1	3	1	2	2	1	3	3	4	2	2	3	1	3	1	3	4	1	2	2	2	1	3	3	2	2	3	3	1	2	1	4	1	2	2	3	1	2	2	3	4	1	2	2	3	4	3	1	1	1	2	2	3	1	1	3	1	2	2	3	3	3	1	1	1	4	2	2	3	2	3	1	2	2	3	1	3	4	1	1	3	4	2	2	3	1	3	4	1	2	2	3	3	2	3	1	1	1	3	1	2	2	2	3	4	4	2	2	1	3	3	1	3	3	1	2	2	2	3	3	2	2	4	3	3	3	1	1	3	1	2	2	1	1	3	3	4	2	2	3	3	2	1	1	4	1	2	2	2	1	3	3	1	2	2	3	4	3	2	1	1	1	2	2	3	1	3	4	1	2	2	3	4	1	1	1	1	3	2	2	2	1	3	3	4	1	2	2	3	3	3	1	1	1	3	4	2	2	2	3	3	1	2	2	3	2	3	1	1	1	3	4	1	1	2	2	3	4	2	2	1	3	1	1	3	3	1	2	2	3	2	3	3	4	2	2	4	3	1	1	3	1	2	1	3	2	3	3	4	2	2	3	4	1	1	3	4	1	2	2	1	1	2	3	3	1	2	3	3	2	4	1	1	2	2	3	2	3	4	1	2	2	3	3	3	1	2	1	1	1	2	3	1	2	3	4	1	2	2	3	3	4	3	1	1	1	2	2	3	1	3	4	1	2	2	3	3	2	3	1	1	1	1	2	3	1	3	4	1	2	2	3	3	3	3	1	1	1	4	1	2	1	2	3	3	2	2	3	4	3	3	1	1	4	1	2	2	1	2	3	3	2	4	2	3	2	3	1	1	1	2	2	2	1	3	3	1	2	3	3	4	3	3	4	1	1	1	2	2	1	3	3	1	2	2	3	3	4	1	2	1	1	1	2	3	2	3	4	1	2	2	3	3	1	3	1	1	1	4	2	2	2	3	3	1	2	2	3	3	2	3	1	1	1	1	2	3	1	1	3	4	2	1	4	2	4	3	1	1	1	3	1	2	1	3	2	3	3	2	2	3	3	3	1	1	4	1	2	2	3	2	3	3	2	2	3	3	2	1	1	4	1	2	2	1	2	3	3	1	2	3	3	4	3	4	1	1	1	2	2	3	1	3	4	1	2	2	3	3	3	1	1	1	1	2	2	3	1	3	2	1	4	2	3	2	1	3	1	1	1	2	2	3	2	3	4	1	2	2	3	3	3	3	1	1	1	1	2	3	1	3	4	1	2	2	3	4	3	1	1	1	3	1	2	2	2	1	1	1	3	3	4	1	1	1	1	2	2	3	3	2	2	1	1	1	1	2	2	3	1	1	1	3	4	2	2	1	2	1	1	1	3	3	4	1	1	1	1	2	2	3	3	2	1
TIME_ASKED
0	28849	28898	28947	28996	29045	29094	29149	29198	29247	29296	29345	29394	29429	29458	29487	29516	29545	29574	29603	29632	29661	29690	29742	29784	29826	29868	29910	29952	29994	30029	30058	30087	30116	30145	30174	30203	30232	30261	30290	30329	30358	30387	30416	30445	30474	30503	30532	30561	30590	30621	30642	30663	30684	30705	30726	30747	30768	30789	30810	30831	30852	30873	30894	30949	30998	31047	31096	31145	31194	31227	31254	31281	31308	31335	31362	31389	31416	31443	31470	31497	31524	31548	31572	31596	31620	31644	31668	31692	31716	31740	31764	31788	31837	31874	31911	31948	31985	32022	32059	32096	32159	32218	32277	32336	32395	32419	32438	32457	32476	32495	32514	32533	32552	32571	32590	32609	32628	32647	32666	32685	32759	32818	32877	32936	32995	33027	33054	33081	33108	33135	33162	33189	33216	33243	33270	33297	33333	33366	33399	33432	33465	33498	33531	33564	33597	33616	33632	33648	33664	33680	33696	33712	33728	33744	33760	33776	33792	33808	33824	33840	33856	33872	33888	33933	33966	33999	34032	34065	34098	34131	34164	34197	34242	34284	34326	34368	34410	34452	34494	34533	34566	34599	34632	34665	34698	34731	34764	34797	34827	34854	34881	34908	34935	34962	34989	35016	35043	35070	35097	35137	35174	35211	35248	35285	35322	35359	35396	35433	35466	35499	35532	35565	35598	35631	35664	35697	35723	35746	35769	35792	35815	35838	35861	35884	35907	35930	35953	35976	35999	36023	36046	36069	36092	36115	36138	36161	36184	36207	36230	36253	36276	36299	36327	36354	36381	36408	36435	36462	36489	36516	36543	36570	36597	36619	36638	36657	36676	36695	36714	36733	36752	36771	36790	36809	36828	36847	36866	36885	36949	36998	37047	37096	37145	37194	37259	37318	37377	37436	37495	37549	37598	37647	37696	37745	37794	37827	37854	37881	37908	37935	37962	37989	38016	38043	38070	38097	38123	38146	38169	38192	38215	38238	38261	38284	38307	38330	38353	38376	38399	38419	38438	38457	38476	38495	38514	38533	38552	38571	38590	38609	38628	38647	38666	38685	38742	38784	38826	38868	38910	38952	38994	39029	39058	39087	39116	39145	39174	39203	39232	39261	39290	39349	39398	39447	39496	39545	39594	39633	39666	39699	39732	39765	39798	39831	39864	39897	39937	39974	40011	40048	40085	40122	40159	40196	40242	40284	40326	40368	40410	40452	40494	40542	40584	40626	40668	40710	40752	40794	40849	40898	40947	40996	41045	41094	41133	41166	41199	41232	41265	41298	41331	41364	41397	41423	41446	41469	41492	41515	41538	41561	41584	41607	41630	41653	41676	41699	41749	41798	41847	41896	41945	41994	42099	42198	42297	42342	42384	42426	42468	42510	42552	42594	42699	42798	42897	42923	42946	42969	42992	43015	43038	43061	43084	43107	43130	43153	43176	43199	43237	43274	43311	43348	43385	43422	43459	43496	43549	43598	43647	43696	43745	43794	43899	43998	44097	44159	44218	44277	44336	44395	44459	44518	44577	44636	44695	44799	44898	44997	45033	45066	45099	45132	45165	45198	45231	45264	45297	45337	45374	45411	45448	45485	45522	45559	45596	45637	45674	45711	45748	45785	45822	45859	45896	45959	46018	46077	46136	46195	46249	46298	46347	46396	46445	46494	46537	46574	46611	46648	46685	46722	46759	46796	46821	46842	46863	46884	46905	46926	46947	46968	46989	47010	47031	47052	47073	47094	47199	47298	47397	47437	47474	47511	47548	47585	47622	47659	47696	47737	47774	47811	47848	47885	47922	47959	47996	48049	48098	48147	48196	48245	48294	48324	48348	48372	48396	48420	48444	48468	48492	48516	48540	48564	48588	48627	48654	48681	48708	48735	48762	48789	48816	48843	48870	48897	48937	48974	49011	49048	49085	49122	49159	49196	49233	49266	49299	49332	49365	49398	49431	49464	49497	49537	49574	49611	49648	49685	49722	49759	49796	49827	49854	49881	49908	49935	49962	49989	50016	50043	50070	50097	50149	50198	50247	50296	50345	50394	50424	50448	50472	50496	50520	50544	50568	50592	50616	50640	50664	50688	50737	50774	50811	50848	50885	50922	50959	50996	51027	51054	51081	51108	51135	51162	51189	51216	51243	51270	51297	51324	51348	51372	51396	51420	51444	51468	51492	51516	51540	51564	51588	51637	51674	51711	51748	51785	51822	51859	51896	51933	51966	51999	52032	52065	52098	52131	52164	52197	52259	52318	52377	52436	52495	52517	52534	52551	52568	52585	52602	52619	52636	52653	52670	52687	52704	52721	52738	52755	52772	52789	52859	52918	52977	53036	53095	53137	53174	53211	53248	53285	53322	53359	53396	53459	53518	53577	53636	53695	53733	53766	53799	53832	53865	53898	53931	53964	53997	54027	54054	54081	54108	54135	54162	54189	54216	54243	54270	54297	54374	54448	54522	54596	54627	54654	54681	54708	54735	54762	54789	54816	54843	54870	54897	55049	55198	55237	55274	55311	55348	55385	55422	55459	55496	55574	55648	55722	55796	55827	55854	55881	55908	55935	55962	55989	56016	56043	56070	56097	56399	56499	56598	56697	56733	56766	56799	56832	56865	56898	56931	56964	56997	57049	57098	57147	57196	57245	57294	57359	57418	57477	57536	57595
ORIGIN
26	16	6	27	19	7	27	25	25	14	4	10	2	23	12	14	23	14	3	23	14	4	14	16	14	14	27	7	27	20	8	9	14	9	1	23	11	14	23	13	2	27	2	27	24	14	4	14	14	6	27	18	7	27	20	8	14	14	17	2	23	12	2	14	14	14	23	14	4	24	15	1	26	11	25	14	19	8	27	14	1	1	23	11	2	23	13	14	23	2	14	14	14	4	26	1	7	1	18	7	27	20	8	14	23	17	17	2	12	2	23	14	1	14	14	4	24	15	4	26	16	2	2	3	26	26	23	8	3	14	10	2	23	12	2	23	23	14	27	15	14	26	16	5	1	2	7	27	20	8	1	23	10	23	27	20	20	23	13	14	27	27	4	24	15	4	26	16	6	1	2	26	14	22	8	1	14	14	2	23	12	2	23	14	3	23	1	14	14	16	5	26	1	14	27	20	8	27	23	14	14	14	20	2	14	13	2	27	14	14	14	14	4	26	16	1	27	23	14	2	14	14	1	14	17	14	23	12	2	23	14	3	23	14	14	27	11	14	26	16	14	4	19	8	27	23	9	1	23	3	2	14	14	14	23	14	1	27	14	4	26	16	1	26	17	4	26	26	3	3	23	10	2	27	11	2	23	13	3	23	14	27	27	11	14	1	16	6	3	26	14	27	23	8	1	22	10	2	14	14	2	23	14	3	27	15	4	26	16	5	26	16	7	26	23	14	14	3	9	3	9	20	2	23	13	2	23	14	3	14	18	14	1	7	6	3	26	14	27	20	8	1	23	10	2	2	23	4	2	14	14	23	14	14	24	15	5	26	16	7	14	11	14	14	14	14	1	16	20	2	23	13	2	23	14	3	24	27	7	27	1	14	27	14	14	2	20	8	1	23	10	1	23	7	4	2	14	3	23	14	14	27	15	4	14	16	11	1	2	2	2	14	8	1	23	20	2	27	12	2	23	14	3	27	14	27	27	27	1	26	14	14	1	14	27	1	23	10	1	23	24	14	24	14	14	23	14	27	23	11	4	26	16	6	27	19	7	27	23	14	14	23	10	24	27	4	2	23	14	3	23	14	27	25	23	11	14	16	7	23	3	14	27	23	9	1	23	11	2	23	4	23	14	14	3	27	27	4	26	16	5	27	18	7	20	20	14	3	14	10	2	22	23	14	23	14	3	23	14	4	14	14	14	14	1	6	26	19	26	14	23	9	1	23	11	2	23	14	2	27	14	3	24	15	14	27	16	5	26	17	7	27	20	14	3	14	10	1	23	20	11	23	13	3	23	14	4	24	15	1	1	1	25	27	19	2	14	23	8	1	23	10	2	23	25	4	25	27	14	14	14	20	14	16	5	26	16	7	27	20	7	23	14	14	3	23	11	2	14	13	2	23	14	3	24	14	4	26	7	14	3	18	7	2	14	23	1	23	10	2	23	12	26	14	14	14	27	14	27	27	14	5	26	16	7	27	19	8	14	14	14	3	23	11	14	14	14	2	23	14	3	24	14	4	1	14	1	1	26	7	27	26	14	1	23	10	1	23	12	2	23	14	14	27	14	4	24	11	23	26	16	6	27	19	7	27	14	14	14	20	2	2	23	14	16	23	14	3	23	14	4	26	2	14	1	26	14	27	20	14	23	23	9	1	23	11	2	23	13	2	27	14	14	24	15	14	1	16	6	27	18	7	27	21	8	3	14	17	2	23	12	2	15	14	3	23	14	4	14	16	1	1	25	14	27	20	14	3	1	9	1	23	11	2	23	13	14	27	14	14	24	14	4	1	7	5	27	18	7	27	20	8	1	14	17	27	23	12	2	7	14
DESTINATION
3	14	17	2	22	23	2	14	14	3	23	14	14	27	11	16	1	25	14	4	26	14	9	14	9	1	23	20	2	14	14	14	2	14	14	27	15	5	1	7	27	18	27	18	2	26	14	1	1	17	2	27	20	2	14	14	1	16	6	27	27	11	14	25	25	2	3	26	14	2	14	14	3	12	14	3	22	14	2	16	23	14	27	15	14	27	7	8	1	14	9	1	26	14	3	23	13	23	27	20	2	14	14	4	27	6	6	27	11	14	1	8	14	2	26	14	2	14	14	3	14	14	14	23	14	14	27	14	26	1	14	14	27	11	14	1	1	1	23	11	2	3	14	14	23	14	20	2	14	14	14	27	14	1	18	7	7	1	7	1	23	23	14	2	14	14	3	14	17	23	14	14	4	2	14	14	16	16	14	27	11	14	1	25	14	4	14	10	2	14	14	3	23	3	2	14	14	2	27	5	1	2	7	27	20	7	14	23	10	1	4	26	14	3	14	14	2	27	4	24	15	4	14	16	6	2	27	11	14	1	25	14	3	26	2	23	12	2	3	14	3	23	22	14	2	27	14	14	27	14	27	20	20	8	1	26	14	23	26	14	3	14	14	3	9	14	14	14	26	26	27	14	27	18	20	14	1	7	14	3	26	2	23	12	2	23	14	17	23	14	4	2	26	14	14	19	14	14	8	8	27	1	25	14	23	11	14	3	14	14	3	16	20	14	27	4	4	26	14	26	17	7	27	1	7	14	1	26	14	10	27	2	23	13	17	23	14	4	2	14	14	14	27	14	14	27	3	14	27	8	1	3	10	2	2	14	14	3	14	20	2	15	3	4	16	5	14	16	7	27	27	7	14	1	26	14	1	2	20	2	23	2	2	3	3	24	14	14	14	27	14	14	27	20	14	27	20	14	3	26	2	23	14	14	26	14	12	24	24	14	24	15	14	14	27	7	27	23	11	14	1	25	14	23	26	2	23	23	23	3	3	3	24	4	23	14	27	14	14	27	2	20	2	20	8	3	1	23	1	12	14	3	14	17	2	22	23	2	27	4	16	27	14	2	2	14	14	1	25	14	4	26	2	14	27	12	2	14	20	27	14	4	2	27	14	14	27	15	14	27	14	27	1	26	14	23	23	14	3	14	14	2	27	20	11	14	4	26	16	14	14	19	7	4	1	25	14	3	26	14	4	2	4	2	23	17	14	22	14	25	27	14	14	27	15	14	7	26	27	23	26	14	1	11	2	23	14	14	3	9	20	2	14	4	26	16	14	14	27	7	20	1	7	14	3	26	14	2	14	23	23	23	14	2	22	24	4	26	14	14	27	14	14	27	14	14	14	23	9	1	26	14	2	14	14	3	16	20	2	14	23	27	16	5	26	27	15	27	20	7	14	1	26	14	2	26	14	3	13	3	23	27	20	24	15	1	14	27	14	14	27	11	23	8	8	1	23	26	23	23	25	14	3	14	20	2	22	14	16	5	5	26	27	15	20	20	2	14	1	26	14	1	26	14	23	2	23	23	14	20	2	14	4	14	27	14	14	27	11	14	1	1	1	23	10	14	2	12	26	3	14	17	2	22	23	2	15	5	16	7	27	14	27	8	14	1	25	14	5	26	14	3	14	2	23	14	3	2	14	4	1	27	14	14	27	20	14	1	7	14	23	10	1	2	14	2	23	14	17	2	27	23	2	7	14	26	16	6	14	27	11	27	14	25	14	4	26	14	2	14	23	23	14	3	2	14	4	26	14	14	14	27	15	14	27	7	9	23	9	1	1	26	14	23	13	14	2	27	20	2	14	14	14	16	6	18	27	11	14	21	8
DUE_DATE
0	31147	30476	30045	30094	29603	31392	30727	30776	30825	30394	30443	31692	31007	31036	30585	30614	30643	30132	31181	31210	30759	30788	30300	30342	32124	31446	31488	31050	31092	31607	31156	31665	31214	31243	30732	32501	31810	30819	31868	31907	31456	31485	30974	32743	32052	31601	31630	32139	31688	31179	32940	32241	32262	31803	31824	31845	33066	33087	33108	31929	33150	32451	32472	33247	32096	31605	32674	32723	32292	31785	32832	31839	33606	33633	32460	33687	32994	33021	33768	33075	32622	32646	32130	33174	33198	32742	33966	32790	34014	32838	34062	33366	33415	32972	33489	34246	33083	32580	33637	33674	33257	33316	34575	33914	34693	32977	34736	34035	34054	33593	34092	34831	33650	34869	34168	34187	33726	33205	33224	33783	33317	35116	35175	35234	34573	34605	34152	34659	34206	35433	34740	34767	34314	34341	34368	35595	35631	35664	35697	33990	35043	35076	34629	35142	34695	35194	35930	35226	34222	34778	34794	34810	36026	36042	36058	34874	35370	35386	34922	36138	34954	34430	36186	35511	35544	35097	35610	35163	34656	36429	36462	36495	35340	34842	36624	35946	35988	36030	35592	35091	36144	36177	35730	35763	35256	37029	37062	35895	37125	36432	36459	37206	36033	36060	35547	36594	36621	36168	37395	36235	37472	36309	35806	37583	36900	36937	36974	37731	36564	36597	37110	37143	36696	36729	37962	37275	38021	36304	38067	37370	37393	36936	38159	37462	37485	37028	36511	38274	37577	37601	37144	36627	37190	38413	38436	38459	37762	37785	37328	38551	38574	37397	38625	37932	37959	37506	37533	37560	38787	38814	38841	37128	38175	38197	37736	38235	37774	38993	38292	38311	37850	39069	37888	37367	39126	39145	37964	37443	38527	38576	38145	39394	38243	37752	39557	38896	38955	38534	38593	39127	38696	39945	39994	40043	38892	40125	39432	39459	39486	39033	38520	38547	39594	39621	40368	39195	39221	40444	39267	39290	40513	39816	39839	39862	39405	39428	39931	39954	38957	39517	39536	39555	40774	40793	39612	40831	40130	40149	40888	40907	39726	39745	39224	40263	40320	39882	39924	40446	41208	41250	39552	41327	40636	40665	40694	41443	40272	40301	41530	40839	40868	40447	39956	40545	41074	41843	41892	41931	41244	41277	40830	42063	40896	40389	42162	41475	41515	41072	40569	42346	42383	42420	42457	41294	41820	41862	41904	42666	41508	41550	41052	42840	42162	42204	41766	41808	41850	43092	43147	43196	42045	41554	42623	42672	42711	42264	42297	43530	42843	42876	42429	42942	42495	43721	43744	43767	42590	42073	43836	43859	43162	43185	42728	42211	43254	43277	44047	42896	44145	44194	43043	43092	44397	43776	43875	43440	43962	43524	43566	43068	44130	44172	43257	43896	45195	45221	44044	45267	44570	45313	44136	44639	44182	44205	43688	44731	44754	44297	43795	45572	45609	44446	43943	45720	45037	45074	45847	45896	45225	44794	44843	46092	45477	45096	45195	45737	44776	46575	46634	45973	46037	45616	46155	45734	45253	47097	46476	46575	46131	46164	46197	47430	46743	47496	47529	47562	46875	46435	47672	46989	46546	46043	47820	47137	47174	46735	46772	46269	46846	48083	48120	48157	47474	47537	47116	48375	47234	46753	48547	47876	47925	47494	47543	48072	47635	48872	48909	48946	48983	48300	47857	49094	47919	47400	49161	48462	48483	48024	48045	48066	48087	49308	49329	49350	47631	49392	48777	49596	48975	48535	48572	49089	49126	48683	48180	48757	48794	50035	50072	48369	50146	49463	49500	50257	49574	49147	49196	49725	48754	49823	49392	49902	49446	50670	50694	50718	50022	50046	50070	50814	49638	49662	50886	50205	49752	49779	49266	49833	49860	49347	51114	51141	51168	50475	50515	51272	50109	50146	51383	50700	50737	50294	50331	49824	51597	50910	51663	51696	51729	51042	50595	51115	50672	50169	51946	51263	51300	50857	50894	52125	50952	52179	52206	52233	50520	51567	51594	51621	51168	51195	52447	51776	51825	51394	51443	51972	51522	52746	52770	52794	52818	52122	51666	52890	52914	51738	51222	52266	53035	51332	52389	51406	51983	53220	53257	53294	52125	53352	52659	53406	52233	52740	52287	52314	52821	52848	52395	52422	52446	53670	53694	51978	53742	53046	53070	52614	53118	52662	52686	53215	53252	52809	52846	53363	54120	54157	52454	54231	53544	53577	54330	53643	53196	53229	54462	53775	53357	53416	52935	53534	53053	54815	54832	54849	54146	54163	53700	54917	53734	53211	54968	54265	54282	53819	53836	53853	55070	55087	55157	55216	54555	54614	54193	55435	54272	54789	55546	53843	54900	54457	54974	55757	54616	55875	55934	55993	55311	55344	54897	55410	54963	54456	56229	55542	55575	55125	55152	55179	55206	56433	56460	56487	56514	55821	55368	56595	55472	55006	56820	56174	56205	55752	55239	55806	57033	57060	57087	55914	57141	56448	56475	56627	57496	57535	57572	56409	56446	55943	57720	57757	57794	57872	57226	57300	56894	56925	57432	57459	58206	58233	58260	58287	57594	57621	57168	58395	58697	58797	57696	57255	58311	58344	59097	58410	59163	59196	59229	58062	58095	57607	59396	59445	59494	59543	58872	58937	58516	58575	59114	59893
TRANSPORT_MODE
0	2	2	2	1	1	1	2	0	2	2	1	1	1	2	0	0	2	1	1	1	1	1	0	2	2	2	1	1	1	2	0	2	1	1	1	1	2	0	0	2	2	1	1	1	1	2	0	0	2	1	1	1	1	1	0	0	3	3	3	1	1	1	1	0	2	2	2	1	1	1	0	0	3	3	1	1	1	1	0	0	2	2	2	1	1	1	3	0	3	1	1	1	1	1	0	0	2	2	2	1	1	1	3	0	3	1	1	1	1	1	0	0	2	2	2	1	1	1	1	0	0	3	3	3	1	1	1	0	2	2	1	1	1	1	0	0	3	3	3	1	1	1	2	0	2	1	1	1	1	1	0	0	3	3	3	1	1	1	2	0	2	1	1	1	1	1	0	0	0	3	3	3	1	1	1	1	0	2	2	2	1	1	1	0	0	3	3	1	1	1	1	0	2	2	2	1	1	1	3	0	3	1	1	1	1	1	0	0	2	2	2	1	1	1	3	0	3	1	1	1	1	1	0	0	0	2	2	2	1	1	1	1	0	3	3	3	1	1	1	0	0	2	2	1	1	1	1	0	3	3	3	1	1	1	2	0	2	1	1	1	1	3	0	0	3	3	1	1	1	1	2	0	2	1	1	1	1	1	0	0	0	3	3	3	1	1	1	2	0	2	2	1	1	1	3	0	0	3	1	1	1	1	2	0	2	2	1	1	1	1	0	0	3	3	1	1	1	1	0	0	2	2	2	1	1	1	1	0	3	3	1	1	1	1	0	0	2	2	2	1	1	1	1	0	0	3	3	3	1	1	1	0	2	2	1	1	1	1	0	0	3	3	3	1	1	1	0	0	2	2	1	1	1	1	0	0	1	3	3	3	1	1	1	0	2	2	1	1	1	1	0	0	1	3	3	3	1	1	1	0	2	1	2	1	1	1	0	0	3	3	1	1	1	1	0	0	2	2	2	1	1	1	0	1	3	3	1	1	1	0	0	1	2	2	2	1	1	1	0	3	3	1	1	1	1	0	0	0	1	2	2	2	1	1	1	0	1	3	3	1	1	1	0	1	2	2	2	1	1	1	0	0	1	3	3	3	1	1	0	0	1	2	2	1	1	1	0	0	1	3	3	3	1	1	1	0	1	2	2	1	1	1	0	0	1	3	3	3	1	1	1	0	1	2	2	1	1	1	0	0	1	3	3	3	1	1	1	0	1	2	2	2	1	1	0	0	1	3	3	1	1	1	0	0	1	2	2	2	1	1	1	0	1	3	3	1	1	1	0	0	1	2	2	2	1	1	1	0	0	1	3	3	1	1	1	0	1	2	2	2	1	1	1	0	0	1	3	3	3	1	1	0	1	2	2	1	1	1	0	0	1	3	3	3	1	1	1	0	1	2	2	1	1	1	0	0	1	3	3	3	1	1	1	0	0	1	2	2	1	1	1	0	1	3	3	3	1	1	1	0	0	1	2	2	2	1	1	0	1	3	3	1	1	1	0	0	1	2	2	2	1	1	1	0	3	3	1	1	1	1	0	0	1	2	2	2	1	1	1	0	0	1	3	3	1	1	1	0	2	2	2	1	1	1	1	0	0	3	3	3	1	1	1	0	2	2	1	1	1	1	0	0	1	3	3	3	1	1	1	0	2	2	1	1	1	1	0	0	1	3	3	3	1	1	1	0	2	2	1	1	1	1	0	0	3	3	3	1	1	1	1	0	3	3	3	1	1	1	0	0	3	3	1	1	1	1	0	0	3	3	3	1	1	1	1	0	3	3	1	1	1	1	0	0	3	3	3	1	1	1	1	0	3	3	1	1	1	1	0	0
PATIENT_WEIGHT
129	35	65	39	44	41	73	126	127	35	57	48	144	101	67	54	82	52	134	38	31	94	128	133	66	82	65	117	138	53	146	93	91	38	125	104	51	109	106	119	96	128	84	122	53	70	71	89	67	129	144	110	81	100	59	132	57	83	113	134	119	127	125	52	65	149	35	63	119	74	83	65	146	49	88	34	34	144	116	61	107	101	65	146	87	148	100	73	121	61	113	52	126	98	149	69	60	75	52	69	43	122	121	99	103	113	49	129	93	60	107	81	117	80	30	74	49	87	88	126	107	74	126	34	51	72	138	60	91	140	98	128	113	35	81	146	42	128	45	87	116	80	41	121	46	130	116	101	44	85	87	42	74	51	138	37	31	135	102	33	46	56	149	109	142	121	50	106	52	61	77	122	97	145	60	95	148	85	138	141	120	32	103	134	120	71	136	67	81	90	140	107	110	90	84	91	142	100	78	89	89	59	62	52	93	127	99	65	73	79	49	30	128	148	119	114	55	147	114	39	87	86	123	121	97	142	130	32	77	71	81	112	81	66	122	83	92	142	66	49	116	39	139	144	149	122	105	47	134	74	103	37	125	145	117	31	123	35	98	106	46	48	60	40	124	110	53	102	143	81	97	71	49	133	73	110	66	149	69	43	121	33	125	132	108	65	90	81	38	66	37	78	65	141	129	84	116	67	118	123	64	77	109	137	42	148	128	56	119	113	114	144	78	136	102	111	69	56	66	50	51	143	106	111	139	32	69	33	141	71	68	95	55	86	48	73	32	124	94	129	33	86	131	89	120	132	99	67	108	149	114	118	39	57	31	123	128	34	39	39	133	38	50	67	44	59	95	94	142	61	103	38	128	68	127	102	131	62	34	133	73	124	93	56	77	128	143	141	147	116	134	121	80	69	32	105	51	130	126	61	134	70	52	145	85	142	113	65	60	67	102	58	146	43	119	111	146	145	43	146	31	80	86	30	55	98	95	37	30	71	54	71	111	58	43	33	62	42	34	51	126	143	35	115	88	150	110	69	89	84	117	33	70	116	141	104	61	67	121	48	112	144	116	62	144	149	144	90	135	139	77	135	51	62	123	71	80	109	93	54	58	80	56	32	136	118	148	80	105	65	125	104	135	63	63	112	141	144	132	30	81	68	101	103	121	45	59	80	55	68	41	47	83	125	67	47	68	105	68	59	132	72	44	50	45	148	122	128	74	96	89	146	45	105	37	142	130	71	101	123	102	105	128	84	96	144	139	147	30	134	126	39	117	64	86	44	115	36	123	126	70	47	97	107	44	49	64	110	62	43	65	71	106	105	108	139	84	92	131	101	78	71	138	104	41	145	94	121	93	119	87	146	67	113	132	90	52	107	126	139	76	31	50	129	117	46	46	70	58	119	117	125	51	91	55	30	97	136	89	46	133	105	81	141	82	84	146	78	121	101	117	130	49	95	101	116	35	148	131	56	83	135	84	144	98	45	145	79	78	98	150	49	124	117	111	132	73	81	82	115	142	48	44	73	85	34	57	82	62	78	45	33	41	46	101	106	66	128	108	51	118	101	92	145	87	123	35	39	123	54	40	117	121	133	56	107	35	133	144	111	92	104	63	148	143	132	119	36	32	82	77	87	66	125	137	36	31	129	54	52	107	134	37	116	101	93	67	132	47	97	80	78	140	146	103	48	97	96	104	141	121	101	58	43	36	89	80	125	132	143	124	44	40	87	38	135	101	140	135	78	57	150	65	104	87	37	119	110	73	84	102	39	96	30	43	80	60	89	138	113	101	30	117	69	133	88	149	108	122	42	103	59	83	139	141	135	115	134	67	137	96
DISTANCE_MATRIX
0	360	318	300	288	276	264	264	150	150	150	60	90	90	162	168	204	228	234	312	360	408	348	318	168	192	168	318
360	60	264	318	324	342	342	342	348	348	354	360	372	378	378	420	420	480	462	498	462	462	384	420	372	420	378	378
318	264	60	270	276	288	288	288	294	294	294	318	318	324	324	414	414	468	462	486	462	462	330	366	366	408	372	324
300	318	270	60	276	288	288	288	288	288	288	300	300	312	318	408	408	468	462	486	438	438	318	360	360	402	360	312
288	324	276	276	60	276	276	276	276	276	276	288	288	300	300	402	396	462	456	480	432	432	300	360	360	402	348	300
276	342	288	288	276	60	180	180	252	258	264	264	264	288	288	390	390	456	450	480	432	432	288	348	348	348	288	288
264	342	288	288	276	180	60	180	246	258	264	264	264	288	288	390	390	456	450	480	432	432	288	348	348	348	288	288
264	342	288	288	276	180	180	60	240	258	264	264	264	288	288	390	390	456	450	480	432	432	288	348	348	348	288	288
150	348	294	288	276	252	246	240	60	120	120	150	126	270	270	378	384	420	438	480	420	408	276	300	300	300	276	270
150	348	294	288	276	258	258	258	120	60	120	150	150	270	270	378	384	420	438	480	420	408	276	300	300	300	276	270
150	354	294	288	276	264	264	264	120	120	60	150	150	270	270	378	384	420	438	480	420	408	276	300	300	300	276	270
60	360	318	300	288	264	264	264	150	150	150	60	90	162	168	228	234	312	360	408	348	318	168	192	192	198	168	162
90	372	318	300	288	264	264	264	150	150	150	90	60	162	168	228	234	312	360	408	348	318	168	192	192	198	168	162
90	378	324	312	300	288	288	288	270	270	270	162	162	60	120	180	180	306	210	360	300	300	120	180	120	180	120	234
162	378	324	318	300	288	288	288	270	270	270	168	168	120	60	180	180	306	210	360	300	300	120	180	120	180	120	120
168	420	414	408	402	348	348	348	300	300	300	228	228	180	180	60	132	204	132	348	258	258	186	60	180	132	222	180
204	420	414	408	396	390	390	390	384	384	384	234	234	180	180	132	60	204	132	348	258	258	186	60	180	132	222	180
228	480	468	468	462	456	456	456	420	420	420	312	312	306	306	204	204	60	198	120	240	240	306	204	306	138	306	306
234	462	462	462	456	450	450	450	438	438	438	360	360	210	210	132	132	198	60	138	132	132	210	132	210	132	210	210
312	498	486	486	480	480	480	480	480	480	480	408	408	360	360	348	348	120	138	60	348	348	360	348	360	348	360	360
360	462	462	438	432	432	432	432	420	420	420	348	348	300	300	258	258	240	132	348	60	60	300	258	300	258	300	300
408	462	462	438	432	432	432	432	408	408	408	318	318	300	300	258	258	240	132	348	60	60	300	258	300	258	300	300
348	384	330	318	300	288	288	288	276	276	276	168	168	120	120	186	186	306	210	360	300	300	60	186	120	186	120	120
318	420	366	360	360	348	348	348	300	300	300	192	192	180	180	60	60	204	132	348	258	258	186	60	180	60	180	180
168	372	300	306	300	288	288	288	270	270	270	168	168	120	120	180	180	306	210	360	300	300	120	180	60	180	120	120
192	420	408	402	402	348	348	348	300	300	300	198	198	180	180	132	132	138	132	348	258	258	186	60	180	60	180	180
168	378	372	360	348	288	288	288	276	276	276	168	168	120	120	222	222	306	210	360	300	300	120	180	120	180	60	120
318	378	324	312	300	288	288	288	270	270	270	162	162	234	120	180	180	306	210	360	300	300	120	180	120	180	120	60
DEPOTS_DISTANCE
234	462	462	462	456	450	450	450	438	438	438	360	360	210	210	132	132	198	60	138	132	132	210	132	210	132	210	210	
348	384	330	318	300	288	288	288	276	276	276	168	168	120	120	186	186	306	210	360	300	300	60	186	120	186	120	120	
318	420	366	360	360	348	348	348	300	300	300	192	192	180	180	60	60	204	132	348	258	258	186	60	180	60	180	180	
LOCATION_TURN_MATRIX
100	130	122	113	112	199	136	122	129	152	173	146	151	136	158	140	176	113	122	167	194	134	110	172	114	184	100	147	
170	100	154	188	164	169	136	136	152	170	104	183	155	115	101	104	155	187	174	115	149	134	178	168	114	135	168	102	
178	146	100	161	178	114	104	165	117	139	126	169	192	109	120	179	160	152	154	134	113	140	154	179	196	196	192	181	
187	112	139	100	158	114	195	181	104	132	195	106	183	169	132	170	140	136	172	148	116	110	123	136	151	120	176	169	
188	136	122	142	100	175	164	159	112	100	167	164	135	191	132	181	104	123	142	156	108	117	193	182	116	147	156	185	
101	131	186	186	125	100	190	147	164	150	137	102	145	176	185	131	113	108	117	186	118	151	140	178	154	189	172	110	
164	164	196	105	136	110	100	186	153	151	183	193	111	157	144	123	188	142	110	163	105	190	166	187	170	171	186	126	
178	164	135	119	141	153	114	100	106	130	108	103	151	178	122	151	130	133	184	177	110	141	166	110	122	174	191	197	
171	148	183	196	188	136	147	194	100	167	100	146	168	129	128	142	172	118	174	147	105	158	156	160	120	106	119	136	
148	130	161	168	200	150	149	170	133	100	177	106	175	116	188	180	176	194	108	146	130	187	183	173	128	141	169	176	
127	196	174	105	133	163	117	192	200	123	100	171	175	140	183	115	104	186	128	153	151	175	100	146	191	117	132	197	
154	117	131	194	136	198	107	197	154	194	129	100	136	184	140	147	172	184	148	131	103	156	185	200	152	158	154	143	
149	145	108	117	165	155	189	149	132	125	125	164	100	140	199	142	101	144	163	185	117	191	200	143	113	165	102	154	
164	185	191	131	109	124	143	122	171	184	160	116	160	100	109	116	196	113	131	186	166	139	183	175	144	161	105	170	
142	199	180	168	168	115	156	178	172	112	117	160	101	191	100	147	177	177	199	158	172	188	164	175	180	168	154	195	
160	196	121	130	119	169	177	149	158	120	185	153	158	184	153	100	152	159	197	157	181	159	102	123	168	200	124	186	
124	145	140	160	196	187	112	170	128	124	196	128	199	104	123	148	100	149	114	112	117	135	105	132	138	180	198	156	
187	113	148	164	177	192	158	167	182	106	114	116	156	187	123	141	151	100	166	132	168	163	159	123	129	173	161	116	
178	126	146	128	158	183	190	116	126	192	172	152	137	169	101	103	186	134	100	184	199	137	130	160	148	113	140	150	
133	185	166	152	144	114	137	123	153	154	147	169	115	114	142	143	188	168	116	100	111	195	128	157	191	164	141	171	
106	151	187	184	192	182	195	190	195	170	149	197	183	134	128	119	183	132	101	189	100	129	151	163	147	166	104	177	
166	166	160	190	183	149	110	159	142	113	125	144	109	161	112	141	165	137	163	105	171	100	101	185	169	129	103	197	
190	122	146	177	107	160	134	134	144	117	200	115	100	117	136	198	195	141	170	172	149	199	100	106	150	116	118	145	
128	132	121	164	118	122	113	190	140	127	154	100	157	125	125	177	168	177	140	143	137	115	194	100	128	167	115	155	
186	186	104	149	184	146	130	178	180	172	109	148	187	156	120	132	162	171	152	109	153	131	150	172	100	155	124	184	
116	165	104	180	153	111	129	126	194	159	183	142	135	139	132	100	120	127	187	136	134	171	184	133	145	100	129	192	
200	132	108	124	144	128	114	109	181	131	168	146	198	195	146	176	102	139	160	159	196	197	182	185	176	171	100	146	
153	198	119	131	115	190	174	103	164	124	103	157	146	130	105	114	144	184	150	129	123	103	155	145	116	108	154	100	
DEPOTS_TO_LOCAL_TURN_MATRIX
178	126	146	128	158	183	190	116	126	192	172	152	137	169	101	103	186	134	100	184	199	137	130	160	148	113	140	150	
190	122	146	177	107	160	134	134	144	117	200	115	100	117	136	198	195	141	170	172	149	199	100	106	150	116	118	145	
128	132	121	164	118	122	113	190	140	127	154	100	157	125	125	177	168	177	140	143	137	115	194	100	128	167	115	155	
LOCAL_TO_DEPOT_TURN_MATRIX
122	174	154	172	142	117	110	184	174	108	128	148	163	131	199	197	114	166	100	116	101	163	170	140	152	187	160	150	
110	178	154	123	193	140	166	166	156	183	100	185	200	183	164	102	105	159	130	128	151	101	100	194	150	184	182	155	
172	168	179	136	182	178	187	110	160	173	146	200	143	175	175	123	132	123	160	157	163	185	106	100	172	133	185	145	

