INDEX_PROBLEM
1
PATIENTS
800
STRETCHERS
16
NUM_ROOM
28
NUM_DEPOT
3
NUM_PRIORITY
4
PRIORITY_LIST
0	1	2	3	4
PRIORITY_WEIGHT
0	1	10	18	30
PRIORITY_JOB
0	1	2	2	3	3	2	3	2	3	3	1	4	2	2	3	3	3	1	2	2	3	2	3	3	4	2	2	3	3	4	4	1	2	2	3	3	2	3	3	2	3	3	4	1	2	4	2	2	3	3	4	2	2	3	3	4	1	1	3	1	2	2	1	3	3	4	1	2	3	3	3	1	1	4	2	2	3	1	2	3	4	1	2	2	3	3	1	3	1	1	1	2	2	3	1	2	3	4	1	2	2	3	2	4	3	1	1	1	4	2	2	1	3	3	1	2	2	3	3	4	3	1	1	1	4	1	2	2	3	3	4	1	2	2	3	3	3	1	1	1	3	4	1	1	1	2	2	3	3	2	2	2	4	3	3	1	1	4	1	1	2	2	3	3	2	2	3	3	2	3	4	1	1	1	2	1	2	2	3	3	1	2	3	3	3	4	1	1	1	2	2	1	1	3	3	4	1	2	2	3	3	3	1	1	1	2	2	2	1	4	3	3	4	1	2	2	2	3	3	1	1	1	4	2	2	3	2	3	3	1	2	2	4	3	3	3	1	1	1	4	1	2	3	3	4	1	2	1	3	2	2	3	1	1	1	3	4	1	1	2	2	3	3	2	4	3	2	3	1	1	3	4	2	1	1	2	2	3	3	2	2	3	3	3	1	1	4	1	1	2	2	2	3	3	1	2	3	3	3	4	1	1	1	2	1	1	2	3	3	4	1	2	2	4	3	3	1	1	1	2	2	1	2	3	3	4	1	2	2	3	2	3	1	1	1	3	2	1	4	2	3	3	4	1	2	3	2	3	3	1	1	1	1	2	2	3	3	4	1	2	3	2	2	3	1	1	1	3	4	1	1	2	2	3	3	2	3	4	3	2	3	3	1	1	4	1	1	2	2	3	3	4	2	3	2	2	3	1	1	3	1	2	2	2	3	3	1	2	3	2	4	3	1	1	1	2	1	2	2	3	3	4	1	2	2	4	1	3	4	1	1	1	2	1	2	2	3	3	4	1	2	2	2	3	1	1	1	3	2	2	3	2	3	3	4	1	2	3	3	2	3	1	1	1	3	1	2	3	3	4	1	2	2	1	2	3	1	1	1	3	4	1	1	2	2	3	4	2	3	2	4	2	3	1	1	3	4	2	1	2	2	3	3	2	2	3	1	3	3	1	1	4	1	2	2	2	3	3	2	2	3	3	3	1	1	4	1	2	1	2	2	3	3	4	1	2	2	3	3	1	1	1	4	2	1	1	2	2	3	3	4	1	2	3	2	3	1	1	1	3	2	2	2	3	3	1	2	2	2	3	3	3	1	1	1	4	2	1	2	3	3	1	2	2	3	4	3	1	1	1	3	4	1	1	2	2	3	4	2	2	3	2	3	1	1	3	4	1	2	1	2	2	3	3	2	2	3	3	3	1	1	4	1	2	2	1	2	3	3	2	2	3	3	3	1	1	4	1	2	2	2	3	3	4	1	2	2	3	1	3	1	1	1	4	2	2	1	2	3	3	4	1	2	2	3	1	1	1	3	3	2	2	1	2	3	3	1	2	2	3	3	1	1	1	3	4	2	2	1	3	3	1	2	2	3	2	4	1	1	1	3	4	1	2	1	2	3	4	2	2	3	3	3	1	1	3	4	1	2	2	3	2	3	3	2	2	3	2	3	1	1	3	1	2	2	1	2	3	3	4	2	2	3	3	1	1	1	2	2	3	1	3	1	1	1	3	4	1	1	1	1	1	2	2	3	4	2	1	1	1	2	2	3	3	2	1	1	1	1	4	1	2	1	2	1	1	2	3	3	2	1	1	1	1	1	2	3	3	4	2
TIME_ASKED
0	28849	28898	28947	28996	29045	29094	29149	29198	29247	29296	29345	29394	29429	29458	29487	29516	29545	29574	29603	29632	29661	29690	29742	29784	29826	29868	29910	29952	29994	30029	30058	30087	30116	30145	30174	30203	30232	30261	30290	30329	30358	30387	30416	30445	30474	30503	30532	30561	30590	30621	30642	30663	30684	30705	30726	30747	30768	30789	30810	30831	30852	30873	30894	30949	30998	31047	31096	31145	31194	31227	31254	31281	31308	31335	31362	31389	31416	31443	31470	31497	31524	31548	31572	31596	31620	31644	31668	31692	31716	31740	31764	31788	31837	31874	31911	31948	31985	32022	32059	32096	32159	32218	32277	32336	32395	32419	32438	32457	32476	32495	32514	32533	32552	32571	32590	32609	32628	32647	32666	32685	32759	32818	32877	32936	32995	33027	33054	33081	33108	33135	33162	33189	33216	33243	33270	33297	33333	33366	33399	33432	33465	33498	33531	33564	33597	33616	33632	33648	33664	33680	33696	33712	33728	33744	33760	33776	33792	33808	33824	33840	33856	33872	33888	33933	33966	33999	34032	34065	34098	34131	34164	34197	34242	34284	34326	34368	34410	34452	34494	34533	34566	34599	34632	34665	34698	34731	34764	34797	34827	34854	34881	34908	34935	34962	34989	35016	35043	35070	35097	35137	35174	35211	35248	35285	35322	35359	35396	35433	35466	35499	35532	35565	35598	35631	35664	35697	35723	35746	35769	35792	35815	35838	35861	35884	35907	35930	35953	35976	35999	36023	36046	36069	36092	36115	36138	36161	36184	36207	36230	36253	36276	36299	36327	36354	36381	36408	36435	36462	36489	36516	36543	36570	36597	36619	36638	36657	36676	36695	36714	36733	36752	36771	36790	36809	36828	36847	36866	36885	36949	36998	37047	37096	37145	37194	37259	37318	37377	37436	37495	37549	37598	37647	37696	37745	37794	37827	37854	37881	37908	37935	37962	37989	38016	38043	38070	38097	38123	38146	38169	38192	38215	38238	38261	38284	38307	38330	38353	38376	38399	38419	38438	38457	38476	38495	38514	38533	38552	38571	38590	38609	38628	38647	38666	38685	38742	38784	38826	38868	38910	38952	38994	39029	39058	39087	39116	39145	39174	39203	39232	39261	39290	39349	39398	39447	39496	39545	39594	39633	39666	39699	39732	39765	39798	39831	39864	39897	39937	39974	40011	40048	40085	40122	40159	40196	40242	40284	40326	40368	40410	40452	40494	40542	40584	40626	40668	40710	40752	40794	40849	40898	40947	40996	41045	41094	41133	41166	41199	41232	41265	41298	41331	41364	41397	41423	41446	41469	41492	41515	41538	41561	41584	41607	41630	41653	41676	41699	41749	41798	41847	41896	41945	41994	42099	42198	42297	42342	42384	42426	42468	42510	42552	42594	42699	42798	42897	42923	42946	42969	42992	43015	43038	43061	43084	43107	43130	43153	43176	43199	43237	43274	43311	43348	43385	43422	43459	43496	43549	43598	43647	43696	43745	43794	43899	43998	44097	44159	44218	44277	44336	44395	44459	44518	44577	44636	44695	44799	44898	44997	45033	45066	45099	45132	45165	45198	45231	45264	45297	45337	45374	45411	45448	45485	45522	45559	45596	45637	45674	45711	45748	45785	45822	45859	45896	45959	46018	46077	46136	46195	46249	46298	46347	46396	46445	46494	46537	46574	46611	46648	46685	46722	46759	46796	46821	46842	46863	46884	46905	46926	46947	46968	46989	47010	47031	47052	47073	47094	47199	47298	47397	47437	47474	47511	47548	47585	47622	47659	47696	47737	47774	47811	47848	47885	47922	47959	47996	48049	48098	48147	48196	48245	48294	48324	48348	48372	48396	48420	48444	48468	48492	48516	48540	48564	48588	48627	48654	48681	48708	48735	48762	48789	48816	48843	48870	48897	48937	48974	49011	49048	49085	49122	49159	49196	49233	49266	49299	49332	49365	49398	49431	49464	49497	49537	49574	49611	49648	49685	49722	49759	49796	49827	49854	49881	49908	49935	49962	49989	50016	50043	50070	50097	50149	50198	50247	50296	50345	50394	50424	50448	50472	50496	50520	50544	50568	50592	50616	50640	50664	50688	50737	50774	50811	50848	50885	50922	50959	50996	51027	51054	51081	51108	51135	51162	51189	51216	51243	51270	51297	51324	51348	51372	51396	51420	51444	51468	51492	51516	51540	51564	51588	51637	51674	51711	51748	51785	51822	51859	51896	51933	51966	51999	52032	52065	52098	52131	52164	52197	52259	52318	52377	52436	52495	52517	52534	52551	52568	52585	52602	52619	52636	52653	52670	52687	52704	52721	52738	52755	52772	52789	52859	52918	52977	53036	53095	53137	53174	53211	53248	53285	53322	53359	53396	53459	53518	53577	53636	53695	53733	53766	53799	53832	53865	53898	53931	53964	53997	54027	54054	54081	54108	54135	54162	54189	54216	54243	54270	54297	54374	54448	54522	54596	54627	54654	54681	54708	54735	54762	54789	54816	54843	54870	54897	55049	55198	55237	55274	55311	55348	55385	55422	55459	55496	55574	55648	55722	55796	55827	55854	55881	55908	55935	55962	55989	56016	56043	56070	56097	56399	56499	56598	56697	56733	56766	56799	56832	56865	56898	56931	56964	56997	57049	57098	57147	57196	57245	57294	57359	57418	57477	57536	57595
ORIGIN
26	16	6	27	19	7	27	8	25	14	4	10	2	23	12	14	23	14	3	23	14	14	26	16	14	14	14	7	27	20	7	9	2	9	1	23	11	14	23	13	14	2	27	27	24	14	14	14	8	6	27	18	7	27	20	8	14	14	17	2	23	12	2	14	3	14	23	14	4	24	11	1	11	1	25	14	19	8	3	14	1	1	23	11	2	14	14	9	13	13	14	14	14	4	27	1	7	1	18	7	27	20	8	14	14	14	14	17	2	2	14	14	14	14	14	4	24	15	4	26	16	2	2	3	26	26	23	14	14	14	10	2	23	14	2	14	23	23	14	23	27	26	16	8	7	2	7	27	20	14	3	23	7	14	14	23	27	20	13	14	4	27	4	24	15	4	14	16	14	8	1	26	26	14	8	3	3	14	2	23	12	2	23	14	26	1	1	14	14	16	14	1	1	1	27	20	8	27	3	14	23	14	14	2	14	4	26	27	13	5	7	14	4	26	7	1	7	23	23	23	14	14	2	1	14	1	23	12	2	23	14	3	23	14	14	27	27	11	14	1	3	3	14	8	27	23	9	3	14	3	2	2	14	14	2	26	1	1	2	4	26	16	1	26	23	1	1	4	26	3	13	3	14	27	27	2	23	13	3	23	27	2	27	11	14	1	25	1	25	8	2	27	23	8	1	22	3	3	23	14	2	14	27	26	26	14	27	26	16	5	26	16	14	23	23	14	3	14	14	3	1	14	14	23	13	2	23	14	3	27	3	20	1	7	14	3	23	14	23	20	8	1	23	10	27	2	14	4	26	14	14	14	19	14	4	15	5	26	16	7	14	4	14	3	14	14	3	16	16	27	27	13	2	23	14	3	24	1	27	1	27	14	1	14	1	2	14	8	1	23	10	1	23	7	2	14	14	14	27	14	2	27	26	4	14	16	3	1	27	3	2	2	14	3	14	20	2	14	4	2	23	14	3	27	14	27	27	23	14	1	1	26	14	14	14	2	23	10	1	23	24	24	27	14	14	27	14	14	14	20	27	26	16	6	27	19	7	27	23	23	14	26	14	24	26	14	14	23	14	3	23	14	7	14	2	14	1	25	14	23	26	2	2	24	9	1	23	11	2	23	23	14	27	14	14	27	2	2	2	16	5	27	18	7	20	20	7	3	3	17	2	22	23	2	27	27	3	23	14	4	14	14	14	1	14	4	4	26	20	2	27	9	1	23	11	2	23	14	2	1	14	14	15	15	14	27	27	1	26	17	7	27	20	14	3	14	14	2	27	20	11	14	20	3	23	14	4	24	15	1	1	25	14	3	26	14	4	2	2	1	23	10	2	23	25	25	25	14	27	15	14	20	7	26	27	26	16	7	27	20	7	23	14	3	20	2	2	2	14	26	26	23	14	3	24	14	4	7	7	3	26	14	14	2	14	23	14	23	10	2	23	12	26	14	14	27	14	14	27	27	14	14	26	16	7	26	19	8	14	14	3	16	20	2	14	14	23	27	16	14	3	24	14	4	1	14	26	14	2	14	27	26	14	13	13	10	1	23	12	2	23	23	14	14	27	14	11	11	8	8	16	6	27	19	7	27	8	14	14	20	3	2	23	16	5	26	14	3	23	14	4	26	2	14	14	1	26	27	20	14	2	23	9	1	23	23	2	23	13	3	14	14	11	24	15	14	7	5	6	27	18	7	27	14	8	14	14	22	2	23	12	14	5	14	3	23	14	4	14	14	25	25	14	14	27	20	3	14	2	9	1	23	11	2	27	14	26	4	14	27	24	14	1	7	1	5	27	18	7	27	20	8	1	17	2	27	23	12	2	14	14
DESTINATION
3	14	17	2	22	23	2	14	14	3	23	14	14	27	11	25	1	25	14	4	26	9	3	14	9	9	1	20	2	14	13	14	14	14	14	27	15	5	1	7	5	27	18	18	2	26	8	1	14	17	2	27	20	2	14	14	2	16	6	27	27	11	14	8	14	2	3	26	14	2	12	14	12	23	14	3	22	14	26	16	23	14	27	15	14	20	20	14	7	7	2	9	26	14	2	23	13	23	27	20	2	14	14	4	8	8	8	6	27	14	20	8	8	2	26	14	2	14	14	3	14	14	14	23	14	14	27	1	1	1	14	14	27	8	14	1	1	1	1	1	23	3	14	14	13	14	20	2	14	4	26	27	13	5	25	1	18	7	7	8	14	23	14	2	14	14	1	14	1	14	23	14	14	4	14	26	26	16	14	27	11	14	1	25	3	14	14	10	2	14	2	14	14	23	2	14	14	2	26	5	1	2	2	27	20	14	3	23	7	14	13	26	14	3	13	14	13	27	27	27	4	15	24	14	16	14	27	11	14	1	25	14	3	8	2	23	23	12	2	23	26	14	3	14	2	27	14	26	1	14	27	27	20	8	27	3	23	14	14	14	3	14	14	3	1	14	14	14	14	26	7	26	1	23	23	14	1	7	14	3	23	14	23	12	2	23	14	23	14	14	14	2	26	14	14	19	26	14	4	8	27	8	23	3	3	3	2	3	14	14	3	16	1	27	27	4	26	16	1	26	23	1	1	1	7	14	1	26	14	2	26	11	23	13	3	23	27	2	27	14	14	14	27	14	2	27	26	14	23	8	8	1	22	3	23	14	14	3	14	20	2	14	4	26	4	5	26	16	16	23	23	7	14	1	26	14	1	14	2	23	2	2	23	2	23	27	3	14	14	27	14	14	27	20	27	20	8	1	23	10	27	2	14	14	26	14	14	24	2	26	14	24	15	26	16	7	14	4	14	14	1	25	14	23	26	2	2	1	2	23	23	14	3	1	1	27	27	14	14	27	2	2	2	8	1	23	10	1	1	7	2	3	14	17	2	22	23	2	27	27	15	14	3	1	3	15	2	1	25	14	4	26	20	2	27	2	23	14	3	27	14	27	27	1	14	14	27	15	14	27	27	1	23	10	1	23	24	24	27	14	14	2	27	20	11	14	20	26	26	6	27	19	7	27	23	23	14	3	26	14	4	2	2	23	3	23	23	14	7	14	23	14	14	27	15	14	7	26	27	24	1	9	11	11	2	23	23	14	3	9	20	2	14	4	26	16	5	27	18	7	20	20	7	14	3	26	14	2	14	23	23	14	3	23	14	4	14	14	14	14	27	14	14	27	14	14	14	1	23	11	2	14	23	14	2	3	16	20	2	14	23	27	16	26	7	27	27	27	20	3	3	1	26	14	2	26	14	23	13	23	14	4	4	24	15	1	15	27	14	14	27	11	23	8	8	23	10	2	23	23	25	25	3	14	20	14	22	14	16	25	26	16	7	27	20	20	7	23	14	26	14	1	26	14	23	2	14	3	24	3	2	14	4	7	7	14	14	27	11	14	1	7	10	2	23	2	12	12	14	14	14	17	2	22	23	2	14	5	16	7	26	14	27	14	14	3	25	14	5	26	14	3	14	2	3	24	14	2	14	4	14	1	14	14	27	1	14	1	7	26	10	1	12	2	14	2	23	14	17	2	27	23	2	16	14	8	16	19	14	27	11	8	14	25	14	4	26	14	2	5	14	14	3	3	2	14	26	2	14	14	14	27	15	14	23	9	3	14	9	23	1	26	23	13	23	14	2	27	20	2	14	14	14	6	27	18	27	11	14	8	5
DUE_DATE
0	31147	30476	30525	30094	30143	30672	30247	30776	30345	30394	31643	29952	31007	31036	30585	30614	30643	31872	31181	31210	30759	31268	30840	30882	30384	31446	31488	31050	31092	30587	30616	32385	31694	31723	31272	31301	31810	31359	31388	31907	31456	31485	30974	32743	32052	31061	32110	32139	31688	31719	31200	32241	32262	31803	31824	31305	33066	33087	31908	33129	32430	32451	33192	32047	32096	31605	33394	32723	32292	32325	32352	33579	33606	31893	32940	32967	32514	33741	33048	32595	32082	33846	33150	33174	32718	32742	33966	32790	34014	34038	34062	33366	33415	32972	34209	33526	33083	32580	34357	33674	33737	33316	33855	32894	33493	34717	34736	34755	33034	34073	34092	34831	33650	33669	34888	34187	34206	33745	33764	33243	33857	35116	35175	35234	33553	35325	34632	34659	34206	34233	33720	35487	34794	34821	34368	34395	34431	35664	35697	35730	34563	34056	35829	35862	35895	35194	35210	34746	34762	35258	35274	35290	34286	34842	34858	36074	36090	34366	36122	36138	35434	35450	34986	35031	35544	35577	35130	35163	35676	35229	34722	36495	36540	36582	35904	36666	35988	36030	35592	35631	36864	36177	35730	35763	35796	35289	37062	37095	37125	36432	36459	37206	37233	36060	36087	35574	37341	36648	36675	36235	36272	36309	37546	37583	37620	36937	36974	37011	37764	36057	36630	36663	36156	37929	37242	37275	37301	36844	36867	38090	38113	38136	36419	37462	37485	37028	37531	37074	37097	38321	37624	37647	36650	37213	37236	37259	38482	38505	38528	36811	38574	37877	37425	37452	36939	38706	38013	38760	37587	38094	38121	37668	38895	38917	38936	37755	37234	38993	39012	38311	38330	37869	37888	38387	37386	37945	38444	37983	39247	39296	38145	37654	38723	39492	39557	38896	38955	38534	38593	39127	39176	38745	38794	38843	40092	40125	38412	40179	40206	39513	39540	39567	39114	39141	40368	39675	39221	39244	39267	38750	40513	40536	40559	39862	40605	40628	39931	39474	39497	38977	40736	40035	40054	39053	39612	39631	40850	40869	40888	40187	40206	40945	40244	39783	39840	39342	41124	40446	40488	40050	40572	40127	41356	41385	41414	40243	40752	41501	39790	40839	40388	40447	39956	41745	41074	40643	41172	40731	40764	41997	42030	42063	42096	41409	41442	40995	41035	40532	42309	41626	41183	41700	41737	41294	42540	42582	42624	41466	40968	42750	42792	42120	42162	41724	41766	42288	41850	41352	41947	42476	42045	42094	43343	43392	41691	43464	43497	42810	42843	42396	42429	41922	42975	42521	43024	43047	42590	43813	43836	42659	43882	43185	43208	43231	42774	42797	44047	43376	42945	43474	42503	43092	44397	44496	44595	43920	44682	44004	44046	43608	43650	43152	44997	44376	44475	43481	45244	44067	43550	45313	45336	45359	44662	45405	44708	44731	44274	44297	43795	45572	44889	44926	44963	44520	45757	45794	45847	44696	45225	45274	44843	45372	44997	45096	44655	46457	45796	45375	45434	45973	45557	46816	46875	46934	45793	47097	46476	46095	46131	45624	47397	46710	46743	47496	46809	46362	47595	47635	47672	46509	46006	47783	47820	47137	47174	46735	46232	47289	46846	47363	46380	47437	46994	48257	48316	47175	46694	47773	48547	47876	47925	47494	47543	48072	48115	47672	48909	47746	47783	49020	49057	47354	49119	48420	48441	48462	48003	48024	48525	48546	48087	48108	48129	49350	49371	47652	49497	48876	49695	49015	49052	48609	48646	48143	49920	49237	49274	48835	48872	50109	50146	50183	48480	49537	50294	50347	49676	49725	49294	49343	48852	50622	49926	49470	49974	49518	50742	50766	50790	49614	50118	50142	50166	49725	49752	50979	50286	50313	50340	49887	49914	49941	51168	51195	51235	49532	50589	51346	50663	50220	50257	51494	50811	50844	50397	49890	50463	51696	51729	51762	50595	50095	51872	51909	51226	51263	50820	50317	51374	51405	50952	51459	51006	52233	52260	51087	50574	52341	51648	52395	51727	51776	51345	51394	51923	51972	51522	51546	51570	52794	52818	51102	52866	52170	52194	52938	52242	51786	51835	52352	52389	51946	51983	52020	53257	53294	51585	53352	52659	52686	52713	52260	52287	51774	53541	52848	52875	52422	53646	52470	53694	53718	53742	52026	53070	53094	53838	53142	52686	52735	52232	54009	53326	53363	52920	54157	54194	54231	53064	53097	53610	53643	54396	53709	53262	53295	54557	53896	53955	53534	53593	54815	54832	54849	53666	53143	54180	54197	54934	53751	53768	54985	54282	54299	53836	54333	53330	55087	55157	55216	54075	53594	55393	54715	55472	54789	54346	53843	54900	54937	54494	54557	54616	55875	55934	54793	54291	56064	55377	55410	54963	55476	55029	55062	55575	55605	55152	55659	55206	56433	56460	55287	56514	55821	55848	56595	55952	55546	55620	55154	56205	56232	55779	55806	57033	57060	57087	56394	56421	55968	57195	56147	57496	57535	57572	56409	55906	57683	57720	57757	57794	57872	57226	57300	56894	56385	57432	58179	58206	58233	57540	57567	57114	57141	57648	58395	58697	58797	58896	57255	59031	58344	59097	58410	59163	59196	58509	58062	58095	58627	59396	59445	59494	59543	59592	58937	58516	58575	58094	59173
TRANSPORT_MODE
0	2	2	1	1	1	1	0	2	2	2	1	1	1	2	0	2	1	1	1	1	1	0	0	0	2	2	1	1	1	2	0	2	2	1	1	1	1	0	0	2	2	1	1	1	1	0	0	2	2	2	1	1	1	1	0	0	3	3	1	1	1	1	0	1	2	2	2	1	1	1	0	3	3	1	1	1	1	0	0	2	2	2	1	1	1	1	0	0	3	3	3	1	1	1	0	0	1	2	2	1	1	1	0	0	1	3	3	3	1	1	1	0	1	2	2	1	1	1	0	0	1	3	3	3	1	1	1	0	1	2	2	1	1	1	0	0	1	3	3	3	1	1	1	0	0	1	2	2	2	1	1	0	0	1	1	3	3	1	1	0	1	2	2	2	1	1	1	0	0	1	1	3	3	1	1	0	0	1	1	2	2	2	1	1	0	1	3	3	1	1	1	0	0	1	1	2	2	2	1	1	0	1	3	3	3	1	1	0	0	0	1	1	2	2	1	1	0	1	1	3	3	3	1	1	0	0	1	1	2	2	1	1	0	0	1	1	3	3	3	1	1	1	2	1	2	1	1	0	0	0	1	1	3	3	3	1	1	0	1	1	2	2	2	1	0	0	1	1	3	3	1	1	0	0	1	1	2	2	2	1	1	0	1	1	3	3	1	1	0	0	1	1	2	2	2	1	1	0	1	1	3	3	1	1	0	0	1	1	2	2	2	1	1	0	1	1	3	3	3	1	0	0	1	1	2	2	1	0	1	0	1	1	3	3	3	1	1	0	0	1	1	2	2	1	1	0	1	1	1	3	3	3	1	0	1	1	2	2	1	1	0	0	1	1	3	3	3	1	1	0	1	1	2	2	2	1	0	0	0	1	1	1	3	3	1	0	1	1	2	2	2	1	1	0	0	1	1	3	3	1	1	0	1	1	1	2	2	0	2	1	1	1	3	3	1	1	0	0	1	1	2	2	2	1	1	0	0	1	1	3	3	3	1	0	0	1	1	2	2	1	1	0	1	1	3	3	3	1	1	0	0	1	1	2	2	1	1	0	0	1	1	3	3	3	1	1	1	1	2	2	1	1	0	0	1	1	3	3	3	1	1	0	1	2	2	1	2	1	0	0	0	1	1	3	3	1	1	0	1	1	2	2	2	1	1	0	0	1	1	3	3	1	1	0	1	1	2	2	2	1	1	0	1	3	3	1	1	1	0	0	1	1	2	2	2	1	1	0	1	3	3	3	1	1	0	0	0	1	1	2	2	1	1	0	1	1	3	3	3	1	1	0	1	1	2	2	1	0	1	0	1	1	3	3	3	1	1	0	1	2	2	1	1	1	0	0	1	3	3	3	1	1	1	0	1	2	2	2	1	1	0	0	1	3	3	1	1	1	0	0	1	2	2	2	1	1	1	0	1	3	3	1	1	1	0	0	1	2	2	2	1	1	1	0	3	3	1	1	1	1	0	2	2	2	1	1	1	1	0	0	3	3	3	1	1	1	0	0	1	2	2	1	1	1	0	3	3	3	1	1	1	1	0	0	2	2	1	1	1	1	0	3	3	3	1	1	1	2	0	2	1	1	1	1	1	0	0	3	3	3	1	1	1	2	0	2	2	1	1	1	1	0	0	3	3	1	1	1	2	0	0	2	1	2	1	1	1	0	0	3	3	1	1	1	1	0	0	2	2	2	1	1	1	1	3	3	1	1	1	1	0	0	3	3	3	1	1	1	3	0	3	3	1	1	1	1	0	0	3	3	1	1	1	1	0	0	3	3	3	1	1	1	0	0	3	3	1	1	1	1	0	0	3	3	3	1	1	1	1	0
PATIENT_WEIGHT
58	83	71	51	91	33	60	141	94	121	59	34	117	109	46	91	99	116	80	33	145	77	83	101	77	137	105	62	83	88	44	81	34	123	113	59	89	132	35	118	80	149	79	114	150	103	83	93	123	119	33	146	49	137	113	58	141	38	39	135	146	135	53	89	87	124	122	136	120	97	119	115	112	114	146	36	48	130	120	113	97	96	120	123	89	135	141	79	64	71	36	150	117	35	148	110	149	79	97	126	52	148	63	131	126	73	141	122	43	31	47	37	139	129	133	43	49	141	148	81	74	87	40	77	84	144	94	99	125	102	145	120	136	98	113	136	114	101	139	83	84	70	56	49	37	90	97	95	83	71	40	131	58	146	147	60	75	81	136	93	83	127	131	91	129	83	106	67	90	44	139	94	104	101	86	50	138	91	67	30	43	93	120	109	142	133	96	134	144	149	144	103	124	57	91	59	73	143	75	106	79	85	41	58	138	104	39	130	112	124	126	84	58	74	35	42	136	95	127	136	81	108	52	72	116	110	91	142	145	47	143	124	32	47	98	142	70	58	105	114	101	82	114	88	138	94	41	116	98	77	72	131	93	140	109	32	59	109	81	56	38	81	67	39	104	96	134	119	79	102	102	59	56	56	80	41	89	41	54	31	116	56	97	42	142	147	117	58	139	128	119	37	107	126	86	125	102	75	144	149	111	74	69	114	139	109	127	77	106	87	65	68	107	113	73	86	37	100	64	75	124	140	77	102	36	86	114	141	92	121	46	118	56	111	75	120	149	110	113	100	109	47	35	131	103	97	52	40	112	33	103	72	100	116	111	93	70	35	133	81	58	82	82	140	62	60	110	120	64	98	78	31	60	38	99	113	118	134	66	97	81	79	140	94	120	30	37	87	126	131	127	123	77	146	74	137	72	74	132	36	50	124	53	144	64	103	137	62	61	66	117	88	34	37	52	63	137	90	57	56	123	131	65	116	31	113	117	107	61	72	47	41	41	37	91	94	85	79	33	109	37	31	109	116	119	97	45	73	48	77	45	56	78	108	138	63	75	38	91	131	102	135	145	92	44	101	53	77	91	51	59	55	125	40	75	60	134	33	108	79	123	128	101	59	32	87	87	114	145	117	147	44	142	136	150	117	38	60	67	118	108	150	48	123	57	57	33	110	134	105	44	80	40	130	85	125	71	41	128	143	43	143	103	134	150	41	67	137	102	59	126	78	136	76	115	88	95	95	91	64	40	150	136	136	142	46	102	66	124	121	141	35	137	60	145	68	73	85	57	77	57	61	67	114	135	56	125	101	39	101	131	100	148	42	136	30	52	31	118	63	38	87	106	39	87	42	94	72	80	63	48	112	103	97	50	36	114	131	120	122	49	38	124	32	118	148	110	80	133	65	103	118	36	123	78	132	49	134	106	81	49	128	111	68	36	131	84	33	101	31	68	111	134	51	76	74	91	57	145	49	98	133	53	69	90	91	131	147	132	87	138	80	128	113	105	52	132	59	92	48	62	66	46	45	40	45	55	97	105	54	134	144	142	71	83	129	126	93	100	100	116	85	99	60	62	60	108	72	92	62	126	62	97	48	101	131	136	65	63	91	113	92	73	60	83	112	96	119	40	147	114	75	62	55	96	90	127	39	131	91	52	47	88	122	122	98	142	78	62	125	64	101	116	72	53	128	41	148	54	117	51	99	60	147	88	61	104	68	135	74	144	113	136	142	147	70	72	31	144	129	136	122	146	68	119	33	86	95	67	137	49	88	70	67	53	110	65	75	65	74	126	113	73	73	146	77	111	79	94	37	128	30	59	100	125	66	120	119	121	139	113
DISTANCE_MATRIX
0	360	318	300	288	276	264	264	150	150	150	60	90	90	162	168	204	228	234	312	360	408	348	318	168	192	168	318
360	60	264	318	324	342	342	342	348	348	354	360	372	378	378	420	420	480	462	498	462	462	384	420	372	420	378	378
318	264	60	270	276	288	288	288	294	294	294	318	318	324	324	414	414	468	462	486	462	462	330	366	366	408	372	324
300	318	270	60	276	288	288	288	288	288	288	300	300	312	318	408	408	468	462	486	438	438	318	360	360	402	360	312
288	324	276	276	60	276	276	276	276	276	276	288	288	300	300	402	396	462	456	480	432	432	300	360	360	402	348	300
276	342	288	288	276	60	180	180	252	258	264	264	264	288	288	390	390	456	450	480	432	432	288	348	348	348	288	288
264	342	288	288	276	180	60	180	246	258	264	264	264	288	288	390	390	456	450	480	432	432	288	348	348	348	288	288
264	342	288	288	276	180	180	60	240	258	264	264	264	288	288	390	390	456	450	480	432	432	288	348	348	348	288	288
150	348	294	288	276	252	246	240	60	120	120	150	126	270	270	378	384	420	438	480	420	408	276	300	300	300	276	270
150	348	294	288	276	258	258	258	120	60	120	150	150	270	270	378	384	420	438	480	420	408	276	300	300	300	276	270
150	354	294	288	276	264	264	264	120	120	60	150	150	270	270	378	384	420	438	480	420	408	276	300	300	300	276	270
60	360	318	300	288	264	264	264	150	150	150	60	90	162	168	228	234	312	360	408	348	318	168	192	192	198	168	162
90	372	318	300	288	264	264	264	150	150	150	90	60	162	168	228	234	312	360	408	348	318	168	192	192	198	168	162
90	378	324	312	300	288	288	288	270	270	270	162	162	60	120	180	180	306	210	360	300	300	120	180	120	180	120	234
162	378	324	318	300	288	288	288	270	270	270	168	168	120	60	180	180	306	210	360	300	300	120	180	120	180	120	120
168	420	414	408	402	348	348	348	300	300	300	228	228	180	180	60	132	204	132	348	258	258	186	60	180	132	222	180
204	420	414	408	396	390	390	390	384	384	384	234	234	180	180	132	60	204	132	348	258	258	186	60	180	132	222	180
228	480	468	468	462	456	456	456	420	420	420	312	312	306	306	204	204	60	198	120	240	240	306	204	306	138	306	306
234	462	462	462	456	450	450	450	438	438	438	360	360	210	210	132	132	198	60	138	132	132	210	132	210	132	210	210
312	498	486	486	480	480	480	480	480	480	480	408	408	360	360	348	348	120	138	60	348	348	360	348	360	348	360	360
360	462	462	438	432	432	432	432	420	420	420	348	348	300	300	258	258	240	132	348	60	60	300	258	300	258	300	300
408	462	462	438	432	432	432	432	408	408	408	318	318	300	300	258	258	240	132	348	60	60	300	258	300	258	300	300
348	384	330	318	300	288	288	288	276	276	276	168	168	120	120	186	186	306	210	360	300	300	60	186	120	186	120	120
318	420	366	360	360	348	348	348	300	300	300	192	192	180	180	60	60	204	132	348	258	258	186	60	180	60	180	180
168	372	300	306	300	288	288	288	270	270	270	168	168	120	120	180	180	306	210	360	300	300	120	180	60	180	120	120
192	420	408	402	402	348	348	348	300	300	300	198	198	180	180	132	132	138	132	348	258	258	186	60	180	60	180	180
168	378	372	360	348	288	288	288	276	276	276	168	168	120	120	222	222	306	210	360	300	300	120	180	120	180	60	120
318	378	324	312	300	288	288	288	270	270	270	162	162	234	120	180	180	306	210	360	300	300	120	180	120	180	120	60
DEPOTS_DISTANCE
234	462	462	462	456	450	450	450	438	438	438	360	360	210	210	132	132	198	60	138	132	132	210	132	210	132	210	210	
348	384	330	318	300	288	288	288	276	276	276	168	168	120	120	186	186	306	210	360	300	300	60	186	120	186	120	120	
318	420	366	360	360	348	348	348	300	300	300	192	192	180	180	60	60	204	132	348	258	258	186	60	180	60	180	180	
LOCATION_TURN_MATRIX
100	130	122	113	112	199	136	122	129	152	173	146	151	136	158	140	176	113	122	167	194	134	110	172	114	184	100	147	
170	100	154	188	164	169	136	136	152	170	104	183	155	115	101	104	155	187	174	115	149	134	178	168	114	135	168	102	
178	146	100	161	178	114	104	165	117	139	126	169	192	109	120	179	160	152	154	134	113	140	154	179	196	196	192	181	
187	112	139	100	158	114	195	181	104	132	195	106	183	169	132	170	140	136	172	148	116	110	123	136	151	120	176	169	
188	136	122	142	100	175	164	159	112	100	167	164	135	191	132	181	104	123	142	156	108	117	193	182	116	147	156	185	
101	131	186	186	125	100	190	147	164	150	137	102	145	176	185	131	113	108	117	186	118	151	140	178	154	189	172	110	
164	164	196	105	136	110	100	186	153	151	183	193	111	157	144	123	188	142	110	163	105	190	166	187	170	171	186	126	
178	164	135	119	141	153	114	100	106	130	108	103	151	178	122	151	130	133	184	177	110	141	166	110	122	174	191	197	
171	148	183	196	188	136	147	194	100	167	100	146	168	129	128	142	172	118	174	147	105	158	156	160	120	106	119	136	
148	130	161	168	200	150	149	170	133	100	177	106	175	116	188	180	176	194	108	146	130	187	183	173	128	141	169	176	
127	196	174	105	133	163	117	192	200	123	100	171	175	140	183	115	104	186	128	153	151	175	100	146	191	117	132	197	
154	117	131	194	136	198	107	197	154	194	129	100	136	184	140	147	172	184	148	131	103	156	185	200	152	158	154	143	
149	145	108	117	165	155	189	149	132	125	125	164	100	140	199	142	101	144	163	185	117	191	200	143	113	165	102	154	
164	185	191	131	109	124	143	122	171	184	160	116	160	100	109	116	196	113	131	186	166	139	183	175	144	161	105	170	
142	199	180	168	168	115	156	178	172	112	117	160	101	191	100	147	177	177	199	158	172	188	164	175	180	168	154	195	
160	196	121	130	119	169	177	149	158	120	185	153	158	184	153	100	152	159	197	157	181	159	102	123	168	200	124	186	
124	145	140	160	196	187	112	170	128	124	196	128	199	104	123	148	100	149	114	112	117	135	105	132	138	180	198	156	
187	113	148	164	177	192	158	167	182	106	114	116	156	187	123	141	151	100	166	132	168	163	159	123	129	173	161	116	
178	126	146	128	158	183	190	116	126	192	172	152	137	169	101	103	186	134	100	184	199	137	130	160	148	113	140	150	
133	185	166	152	144	114	137	123	153	154	147	169	115	114	142	143	188	168	116	100	111	195	128	157	191	164	141	171	
106	151	187	184	192	182	195	190	195	170	149	197	183	134	128	119	183	132	101	189	100	129	151	163	147	166	104	177	
166	166	160	190	183	149	110	159	142	113	125	144	109	161	112	141	165	137	163	105	171	100	101	185	169	129	103	197	
190	122	146	177	107	160	134	134	144	117	200	115	100	117	136	198	195	141	170	172	149	199	100	106	150	116	118	145	
128	132	121	164	118	122	113	190	140	127	154	100	157	125	125	177	168	177	140	143	137	115	194	100	128	167	115	155	
186	186	104	149	184	146	130	178	180	172	109	148	187	156	120	132	162	171	152	109	153	131	150	172	100	155	124	184	
116	165	104	180	153	111	129	126	194	159	183	142	135	139	132	100	120	127	187	136	134	171	184	133	145	100	129	192	
200	132	108	124	144	128	114	109	181	131	168	146	198	195	146	176	102	139	160	159	196	197	182	185	176	171	100	146	
153	198	119	131	115	190	174	103	164	124	103	157	146	130	105	114	144	184	150	129	123	103	155	145	116	108	154	100	
DEPOTS_TO_LOCAL_TURN_MATRIX
178	126	146	128	158	183	190	116	126	192	172	152	137	169	101	103	186	134	100	184	199	137	130	160	148	113	140	150	
190	122	146	177	107	160	134	134	144	117	200	115	100	117	136	198	195	141	170	172	149	199	100	106	150	116	118	145	
128	132	121	164	118	122	113	190	140	127	154	100	157	125	125	177	168	177	140	143	137	115	194	100	128	167	115	155	
LOCAL_TO_DEPOT_TURN_MATRIX
122	174	154	172	142	117	110	184	174	108	128	148	163	131	199	197	114	166	100	116	101	163	170	140	152	187	160	150	
110	178	154	123	193	140	166	166	156	183	100	185	200	183	164	102	105	159	130	128	151	101	100	194	150	184	182	155	
172	168	179	136	182	178	187	110	160	173	146	200	143	175	175	123	132	123	160	157	163	185	106	100	172	133	185	145	

