INDEX_PROBLEM
1
PATIENTS
800
STRETCHERS
16
NUM_ROOM
28
NUM_DEPOT
3
NUM_PRIORITY
4
PRIORITY_LIST
0	1	2	3	4
PRIORITY_WEIGHT
0	1	10	18	30
PRIORITY_JOB
0	2	2	3	4	4	1	2	3	3	3	4	2	2	3	4	3	3	4	2	2	3	4	4	3	4	1	2	3	3	4	2	4	2	3	4	4	1	2	3	4	3	3	4	4	2	2	3	3	4	4	1	2	3	3	4	3	1	1	1	4	4	2	2	1	2	3	3	4	2	2	3	4	1	1	4	1	2	3	1	3	3	4	4	2	2	3	4	4	1	1	4	1	2	3	2	1	3	4	4	2	2	3	4	4	3	1	1	4	1	2	3	2	2	3	4	2	2	3	3	4	4	1	1	1	2	2	3	1	1	4	4	2	2	3	3	3	4	4	1	1	1	4	2	2	2	3	4	1	2	3	3	4	4	1	1	1	4	4	2	2	1	3	4	4	1	2	3	3	4	3	1	1	1	4	2	2	2	3	3	3	4	4	2	2	4	4	3	1	1	4	2	2	2	3	3	4	4	2	2	3	3	1	1	4	4	1	2	1	1	3	3	4	2	2	3	4	4	1	1	4	4	1	2	2	1	2	3	3	4	2	2	3	3	3	4	1	1	1	2	2	2	1	3	4	2	2	3	3	4	3	4	1	1	1	4	2	2	1	3	4	4	1	2	3	4	3	3	1	1	1	4	4	2	2	2	3	4	4	1	2	4	3	3	1	1	1	3	4	2	1	2	3	3	4	2	3	4	3	3	1	1	4	4	2	2	2	2	3	3	4	2	2	3	4	1	1	4	4	1	2	1	1	3	3	4	4	2	2	3	3	1	1	4	4	1	2	2	1	3	3	4	2	2	3	3	4	4	4	1	1	1	2	3	2	3	4	2	2	3	3	3	1	4	1	1	1	4	2	2	2	3	4	4	1	2	3	3	4	1	1	1	3	4	4	2	1	2	3	4	2	1	4	3	4	3	1	1	1	3	4	2	2	2	3	3	4	2	1	3	3	1	1	3	4	2	2	2	4	3	3	4	4	2	2	3	3	1	1	4	1	2	3	1	1	3	4	4	2	2	3	4	4	1	1	4	1	2	3	2	1	3	4	2	2	3	4	4	3	1	1	1	4	2	3	2	1	3	4	2	2	3	3	4	1	1	1	4	2	2	3	2	4	4	1	2	3	3	3	4	1	1	1	4	4	2	2	1	3	4	4	1	2	3	3	4	1	1	1	1	3	4	2	2	2	3	4	4	2	3	1	3	1	3	4	2	2	3	2	4	3	4	4	2	2	3	3	3	1	1	4	4	1	2	2	1	3	3	4	2	2	3	1	4	1	4	4	1	2	3	2	1	3	4	2	2	3	4	4	3	1	1	1	2	3	3	2	2	4	4	2	2	3	3	4	3	1	1	1	4	2	2	1	3	4	4	1	2	3	4	2	1	1	1	3	4	4	2	1	2	3	4	1	3	2	3	4	1	1	1	3	4	4	2	2	2	2	3	4	4	2	3	3	1	1	3	4	2	2	1	4	3	3	4	2	2	3	3	3	1	1	4	4	1	2	2	1	3	3	4	4	2	2	3	4	1	1	4	4	1	2	2	1	3	3	4	2	2	3	4	3	1	1	4	2	3	3	2	4	2	2	3	3	4	4	4	1	1	1	1	2	2	3	1	2	4	1	2	3	3	4	3	3	1	1	1	4	2	2	3	2	4	4	1	2	3	3	4	3	1	1	1	4	2	2	3	1	4	4	1	2	3	3	4	3	1	1	1	4	2	2	3	1	1	1	1	3	4	2	2	1	1	1	2	3	4	4	2	1	1	1	1	1	2	3	1	2	1	3	4	4	2	2	1	2	1	1	1	3	4	4	1	1	1	1	2	3	3	4	2	1
TIME_ASKED
0	28849	28898	28947	28996	29045	29094	29149	29198	29247	29296	29345	29394	29429	29458	29487	29516	29545	29574	29603	29632	29661	29690	29742	29784	29826	29868	29910	29952	29994	30029	30058	30087	30116	30145	30174	30203	30232	30261	30290	30329	30358	30387	30416	30445	30474	30503	30532	30561	30590	30621	30642	30663	30684	30705	30726	30747	30768	30789	30810	30831	30852	30873	30894	30949	30998	31047	31096	31145	31194	31227	31254	31281	31308	31335	31362	31389	31416	31443	31470	31497	31524	31548	31572	31596	31620	31644	31668	31692	31716	31740	31764	31788	31837	31874	31911	31948	31985	32022	32059	32096	32159	32218	32277	32336	32395	32419	32438	32457	32476	32495	32514	32533	32552	32571	32590	32609	32628	32647	32666	32685	32759	32818	32877	32936	32995	33027	33054	33081	33108	33135	33162	33189	33216	33243	33270	33297	33333	33366	33399	33432	33465	33498	33531	33564	33597	33616	33632	33648	33664	33680	33696	33712	33728	33744	33760	33776	33792	33808	33824	33840	33856	33872	33888	33933	33966	33999	34032	34065	34098	34131	34164	34197	34242	34284	34326	34368	34410	34452	34494	34533	34566	34599	34632	34665	34698	34731	34764	34797	34827	34854	34881	34908	34935	34962	34989	35016	35043	35070	35097	35137	35174	35211	35248	35285	35322	35359	35396	35433	35466	35499	35532	35565	35598	35631	35664	35697	35723	35746	35769	35792	35815	35838	35861	35884	35907	35930	35953	35976	35999	36023	36046	36069	36092	36115	36138	36161	36184	36207	36230	36253	36276	36299	36327	36354	36381	36408	36435	36462	36489	36516	36543	36570	36597	36619	36638	36657	36676	36695	36714	36733	36752	36771	36790	36809	36828	36847	36866	36885	36949	36998	37047	37096	37145	37194	37259	37318	37377	37436	37495	37549	37598	37647	37696	37745	37794	37827	37854	37881	37908	37935	37962	37989	38016	38043	38070	38097	38123	38146	38169	38192	38215	38238	38261	38284	38307	38330	38353	38376	38399	38419	38438	38457	38476	38495	38514	38533	38552	38571	38590	38609	38628	38647	38666	38685	38742	38784	38826	38868	38910	38952	38994	39029	39058	39087	39116	39145	39174	39203	39232	39261	39290	39349	39398	39447	39496	39545	39594	39633	39666	39699	39732	39765	39798	39831	39864	39897	39937	39974	40011	40048	40085	40122	40159	40196	40242	40284	40326	40368	40410	40452	40494	40542	40584	40626	40668	40710	40752	40794	40849	40898	40947	40996	41045	41094	41133	41166	41199	41232	41265	41298	41331	41364	41397	41423	41446	41469	41492	41515	41538	41561	41584	41607	41630	41653	41676	41699	41749	41798	41847	41896	41945	41994	42099	42198	42297	42342	42384	42426	42468	42510	42552	42594	42699	42798	42897	42923	42946	42969	42992	43015	43038	43061	43084	43107	43130	43153	43176	43199	43237	43274	43311	43348	43385	43422	43459	43496	43549	43598	43647	43696	43745	43794	43899	43998	44097	44159	44218	44277	44336	44395	44459	44518	44577	44636	44695	44799	44898	44997	45033	45066	45099	45132	45165	45198	45231	45264	45297	45337	45374	45411	45448	45485	45522	45559	45596	45637	45674	45711	45748	45785	45822	45859	45896	45959	46018	46077	46136	46195	46249	46298	46347	46396	46445	46494	46537	46574	46611	46648	46685	46722	46759	46796	46821	46842	46863	46884	46905	46926	46947	46968	46989	47010	47031	47052	47073	47094	47199	47298	47397	47437	47474	47511	47548	47585	47622	47659	47696	47737	47774	47811	47848	47885	47922	47959	47996	48049	48098	48147	48196	48245	48294	48324	48348	48372	48396	48420	48444	48468	48492	48516	48540	48564	48588	48627	48654	48681	48708	48735	48762	48789	48816	48843	48870	48897	48937	48974	49011	49048	49085	49122	49159	49196	49233	49266	49299	49332	49365	49398	49431	49464	49497	49537	49574	49611	49648	49685	49722	49759	49796	49827	49854	49881	49908	49935	49962	49989	50016	50043	50070	50097	50149	50198	50247	50296	50345	50394	50424	50448	50472	50496	50520	50544	50568	50592	50616	50640	50664	50688	50737	50774	50811	50848	50885	50922	50959	50996	51027	51054	51081	51108	51135	51162	51189	51216	51243	51270	51297	51324	51348	51372	51396	51420	51444	51468	51492	51516	51540	51564	51588	51637	51674	51711	51748	51785	51822	51859	51896	51933	51966	51999	52032	52065	52098	52131	52164	52197	52259	52318	52377	52436	52495	52517	52534	52551	52568	52585	52602	52619	52636	52653	52670	52687	52704	52721	52738	52755	52772	52789	52859	52918	52977	53036	53095	53137	53174	53211	53248	53285	53322	53359	53396	53459	53518	53577	53636	53695	53733	53766	53799	53832	53865	53898	53931	53964	53997	54027	54054	54081	54108	54135	54162	54189	54216	54243	54270	54297	54374	54448	54522	54596	54627	54654	54681	54708	54735	54762	54789	54816	54843	54870	54897	55049	55198	55237	55274	55311	55348	55385	55422	55459	55496	55574	55648	55722	55796	55827	55854	55881	55908	55935	55962	55989	56016	56043	56070	56097	56399	56499	56598	56697	56733	56766	56799	56832	56865	56898	56931	56964	56997	57049	57098	57147	57196	57245	57294	57359	57418	57477	57536	57595
ORIGIN
26	16	6	27	19	7	27	25	14	14	4	10	2	23	12	5	5	14	3	23	14	14	26	14	14	14	14	27	27	20	7	9	2	9	1	23	11	14	23	13	3	14	2	27	24	14	14	14	14	6	27	18	7	27	20	8	14	14	17	2	23	12	2	14	5	9	23	14	4	24	11	1	11	25	14	14	19	8	3	9	9	23	23	11	2	14	14	9	13	14	14	14	14	4	27	7	26	5	18	7	27	20	8	14	14	1	8	17	2	2	14	14	14	2	14	4	24	15	4	26	16	2	3	26	14	14	23	14	12	14	10	2	23	14	2	14	23	23	14	1	27	15	14	8	7	7	7	27	20	14	3	23	7	14	14	27	20	2	14	14	8	8	8	24	15	4	14	16	14	8	1	14	2	14	14	3	3	14	20	23	12	2	23	14	26	1	1	14	14	27	8	1	1	1	1	20	8	27	3	14	23	14	13	2	14	4	26	27	13	5	25	14	4	26	7	1	7	23	14	2	14	14	2	1	1	14	1	12	2	23	14	3	23	14	14	27	11	14	1	1	3	14	14	8	27	23	9	3	14	3	2	14	14	14	2	26	1	2	2	2	26	16	1	26	23	1	1	4	26	14	3	13	14	27	27	27	23	13	3	23	27	2	27	11	14	1	25	25	14	8	2	2	23	8	1	22	3	3	23	14	2	27	14	14	26	14	27	14	16	5	26	16	14	23	23	14	3	14	14	3	1	14	14	14	13	2	23	14	3	27	3	23	1	7	14	3	23	14	23	12	8	1	23	10	27	2	14	4	26	26	14	14	19	14	4	8	5	26	16	7	14	4	14	3	14	14	3	16	16	27	27	4	2	23	14	3	24	1	27	7	14	1	1	26	14	2	26	11	1	23	10	1	23	7	2	11	14	14	27	14	2	27	26	14	14	16	3	1	14	14	2	14	3	3	14	20	2	14	4	26	23	14	3	27	14	27	27	14	14	1	26	26	14	14	2	23	23	10	1	23	24	24	27	20	14	27	14	14	14	20	27	20	16	6	27	19	7	27	23	4	14	14	14	24	26	14	14	26	14	3	23	14	7	14	1	25	14	14	14	23	26	2	1	2	9	1	23	11	2	23	1	27	14	14	27	2	2	2	2	8	5	27	18	7	20	20	7	14	14	17	22	23	23	27	27	27	3	23	14	4	14	14	25	25	14	4	4	26	2	2	27	2	1	23	11	2	23	14	14	23	27	14	27	15	14	27	27	1	26	17	7	27	24	14	27	14	2	27	27	20	11	14	20	26	23	14	4	24	15	1	23	14	3	26	26	14	2	14	2	1	23	10	2	23	25	25	14	2	14	15	14	20	7	26	27	26	16	7	27	20	26	23	14	3	20	2	2	2	4	7	16	23	14	3	24	14	4	7	3	3	14	2	14	2	23	23	14	23	10	2	23	12	14	14	14	14	27	14	27	14	14	14	14	16	7	26	19	8	3	14	2	16	20	2	14	14	14	23	23	14	3	24	14	4	1	20	14	26	26	14	27	26	14	23	13	10	1	23	12	2	23	25	27	14	14	14	11	1	8	8	16	6	27	19	7	27	25	25	25	14	20	2	23	14	26	25	14	3	23	14	4	26	2	27	27	26	1	27	20	23	23	14	9	1	23	23	2	23	7	7	7	14	27	24	15	1	1	10	6	27	18	7	27	14	14	14	14	14	2	23	2	14	2	14	3	23	14	4	14	14	14	14	25	14	27	20	3	3	14	9	1	23	11	2	27	26	14	14	14	27	24	14	1	1	23	5	27	18	7	27	20	8	1	14	17	2	23	12	2	16	8
DESTINATION
3	14	17	2	22	23	2	14	5	3	23	14	14	27	11	14	14	25	14	4	2	9	3	9	9	9	1	23	2	14	13	14	14	14	14	27	15	5	1	7	26	5	27	18	2	26	8	8	1	17	2	27	20	2	14	14	2	16	6	27	27	11	14	8	14	14	3	26	14	2	12	14	12	14	3	3	22	14	26	14	14	1	27	15	14	20	20	14	7	9	9	1	26	14	2	13	3	14	27	20	2	14	14	4	8	23	14	6	27	14	20	8	8	14	26	14	2	14	14	3	14	14	23	14	4	4	27	1	11	9	14	14	27	8	14	1	1	1	1	23	23	11	2	14	13	13	13	2	14	4	26	27	13	5	5	18	7	27	20	8	14	14	14	2	14	14	1	14	1	14	23	4	24	15	15	26	26	2	7	27	11	14	1	25	3	14	14	10	10	23	14	14	14	23	23	14	14	2	26	5	1	2	7	27	20	14	3	23	7	14	14	26	14	3	13	14	13	27	8	24	15	4	24	14	14	8	23	11	14	1	25	14	3	8	2	23	12	2	23	23	26	1	1	14	2	27	14	26	1	14	27	1	20	8	27	3	23	14	14	14	3	14	14	3	1	14	14	14	14	4	26	7	1	23	23	23	1	7	14	3	23	14	23	12	2	23	14	14	3	14	14	14	26	14	14	19	26	14	4	8	27	23	9	9	3	3	2	20	14	14	3	16	1	27	27	2	26	16	1	26	23	1	1	4	7	14	1	26	14	2	26	27	23	13	3	23	27	2	27	11	14	14	27	14	2	27	26	14	23	23	8	1	22	3	23	14	14	3	14	20	2	14	3	26	16	5	26	16	16	23	23	14	14	1	26	14	1	14	2	13	2	23	23	14	3	27	3	20	14	27	14	14	27	20	27	12	8	1	23	10	27	2	14	4	26	14	14	24	4	4	14	5	26	26	16	7	14	4	14	3	1	25	14	23	26	2	2	4	2	23	14	14	3	1	27	1	27	14	14	27	2	2	2	11	1	23	10	1	1	7	2	14	14	17	2	22	23	2	27	14	16	3	3	1	3	2	4	14	25	14	4	26	20	2	23	14	3	3	3	27	14	27	23	27	14	14	27	15	14	27	23	23	10	1	23	24	24	27	27	14	14	2	27	20	11	14	20	20	16	6	19	7	7	23	23	23	14	3	26	14	26	2	14	14	3	23	23	14	14	14	2	14	14	27	15	14	7	26	26	1	23	1	23	11	2	23	23	14	3	9	20	2	2	4	2	5	27	18	18	7	20	20	7	3	3	26	14	2	14	23	27	3	23	14	14	4	14	2	14	14	27	14	14	27	14	14	26	27	1	11	2	14	23	14	2	3	16	20	2	14	14	27	1	26	7	27	27	27	14	20	14	1	26	14	2	26	14	20	26	23	4	24	4	24	1	1	25	27	14	14	27	11	1	2	1	1	23	2	23	25	25	25	25	14	20	14	22	14	26	26	27	16	7	27	20	20	25	27	27	26	14	1	26	14	23	7	16	14	14	3	2	14	4	7	7	14	14	27	11	14	1	14	23	10	10	2	12	14	14	14	14	17	2	22	23	2	14	14	14	16	7	14	27	8	3	14	25	14	5	26	14	3	14	23	23	14	24	2	14	1	1	26	14	14	27	1	14	1	23	23	13	10	23	2	14	23	23	14	17	2	27	23	2	16	8	8	8	16	14	27	27	8	27	25	14	4	26	14	2	5	5	25	14	3	2	14	26	26	2	14	14	27	15	14	23	14	2	9	9	23	1	26	23	23	7	14	2	27	20	2	14	14	14	10	6	27	27	11	14	14	14
DUE_DATE
0	30427	30476	30045	29554	29603	31392	30727	30296	30345	30394	29903	30972	31007	30556	30045	30614	30643	30132	31181	31210	30759	30248	30300	30882	30384	32166	31488	31050	31092	30587	31636	30645	31694	31243	30732	30761	32530	31839	31388	30887	31456	31485	30974	31003	32052	32081	31630	31659	31148	31179	32940	32241	31782	31803	31284	31845	33066	33087	33108	31389	31410	32451	32472	33247	32576	32145	32194	31703	32772	32805	32352	31839	33606	33633	31920	33687	32994	32541	33768	32595	32622	32106	32130	33174	33198	32742	32226	32250	34014	34038	32322	34086	33415	32972	33489	34246	33083	32580	32617	33674	33737	33316	32835	32894	33493	34717	34736	33015	34774	34073	33612	34111	34130	33669	33148	34187	34206	33745	33764	33243	33317	35116	35175	35234	34573	34605	34152	35379	35406	33693	33720	34767	34794	34341	34368	34395	33891	33924	35697	35730	35763	34056	35109	35142	35175	34714	34190	35946	35242	34778	34794	34270	34286	36042	36058	36074	34350	34366	35402	35418	36154	34970	34446	34491	36264	35577	35130	35163	34656	35229	36462	36495	36540	34842	35904	35946	35988	35550	35592	35631	35124	35157	36210	36243	35256	35289	35862	37095	37125	35412	36459	36486	36513	36060	36087	35574	35601	36648	36675	36235	36272	37509	37546	35843	35880	37657	36974	37731	37764	36597	36630	36123	37176	37209	36762	36255	36281	38044	38067	36350	36373	38136	37439	37462	38205	37508	37051	37074	36557	37601	37624	37167	37190	37213	36696	38459	38482	38505	37808	37831	37854	38597	37425	36912	37959	37986	37533	37560	37047	37614	37101	38868	38895	38917	37196	38235	38254	38993	37812	37291	37310	39069	38368	37907	37386	37945	37964	39183	39247	39296	37605	37654	38723	38772	38837	38416	37935	37994	39793	39127	38156	38745	38794	40043	40092	40125	38952	38439	39486	40233	39540	39087	39114	38601	39648	39195	38681	39244	39267	40490	40513	38796	38819	39862	39885	39908	39931	39474	39497	38977	40016	40035	39574	39053	40812	40831	39110	39129	40888	40187	40926	40945	39764	39783	39300	39342	40404	40446	40008	40050	41292	41327	39616	39645	41414	40723	40752	41501	40330	40359	39848	40927	40976	40545	40594	40103	40152	40191	41964	41997	42030	41343	40896	41409	40962	40455	41515	41552	41109	41146	41183	42420	40717	42494	42540	42582	40884	41946	41988	42030	41592	41100	41142	42924	42246	41808	41850	41352	43147	43196	43245	42094	41603	41652	42711	43464	42777	42330	41823	42876	43629	41922	42495	41981	42544	43767	43790	43813	42636	42119	43162	43185	43208	42751	42774	42257	43327	44096	42945	42994	44243	44292	43197	42756	43875	43920	43962	42984	43566	43608	43110	43152	44277	44376	43995	44021	45244	45267	43550	45313	44616	44159	45382	45405	44228	43711	43734	44777	44815	44372	43869	43906	45683	45720	44017	45794	45127	44696	45225	45994	44843	44352	45477	45576	45195	44717	44776	45375	46634	46693	46757	45076	46155	45734	46273	47097	45996	45555	46611	46644	46197	46230	45723	47496	47529	47562	45855	46915	46952	46509	47026	46043	46080	47857	47174	46735	46772	46809	46306	48083	48120	48157	46454	46517	47596	47655	48434	47293	46807	46856	48645	47974	47543	47592	47095	48872	48909	48946	48983	47820	47317	48374	48399	48420	47961	47442	47463	48504	48045	49266	48087	49308	48129	47610	48651	48672	48297	48876	47955	48535	48032	48069	49126	49163	48720	48757	48794	50035	50072	48369	48406	50183	49500	49537	50294	49147	49196	48705	49774	49823	49392	50622	48906	50670	48954	48978	50742	50046	49590	50094	50838	49662	49146	50205	50232	49779	49266	49293	49860	51087	51114	51141	50448	49995	50035	50552	50589	49606	49643	50700	50737	50294	50331	49824	50397	51630	51663	51696	49989	51042	51075	51835	50672	50169	50206	51983	51300	50857	50354	51405	52152	52179	52206	51033	50520	50547	51594	52341	51648	51195	50707	52496	51345	51874	51443	50952	52722	52746	52770	51594	51078	51102	52146	52170	52194	52218	51762	51246	51295	52352	51909	51946	53183	53220	52057	51554	52605	52632	53379	51666	52233	52260	51747	52794	52821	52368	52395	52422	53646	53670	51954	51978	53742	53046	53070	53814	52638	52662	52146	52195	53252	53289	52846	52343	54120	54157	52454	52491	54264	53577	53610	54363	53196	53229	52722	53775	53837	53416	52935	53534	54793	54815	53092	54129	53666	53683	54180	53177	54214	54231	53768	53785	53262	53279	53296	55053	55070	55087	55157	54496	54555	54134	55393	54715	53732	55509	54826	54383	54420	53917	54494	54557	55816	55875	55934	54253	55311	55344	54897	55410	54423	54456	56229	55542	55095	55125	54612	55179	56406	56433	56460	54747	55794	55821	55368	56595	54932	55006	56820	56174	55725	55752	55239	55806	57033	57060	57087	55374	56421	56448	55995	57347	57496	57535	57572	56409	55906	56963	57000	57757	57794	57872	57226	56820	56354	56385	57432	58179	58206	58233	58260	58287	57594	57141	58368	57675	58697	57597	57156	57255	58311	58344	59097	58410	59163	59196	59229	58062	57555	57607	59396	59445	59494	59543	58872	58457	58516	58035	59114	59893
TRANSPORT_MODE
0	2	2	2	1	1	1	2	0	2	2	1	1	1	1	0	0	2	2	1	1	1	1	0	0	2	2	2	1	1	1	2	0	2	1	1	1	1	1	0	0	2	2	2	1	1	1	2	0	2	1	1	1	1	1	0	0	3	3	3	1	1	1	1	0	0	2	2	2	1	1	1	0	3	3	1	1	1	1	0	0	2	2	2	1	1	1	1	0	3	3	1	1	1	1	0	0	2	2	2	1	1	1	1	0	0	3	3	1	1	1	1	0	0	1	2	2	2	1	1	1	0	3	3	3	1	1	1	0	0	2	1	2	1	1	1	0	0	1	3	3	3	1	1	1	0	2	2	1	1	1	1	0	0	3	3	3	1	1	1	1	0	2	2	1	1	1	1	0	0	1	3	3	3	1	1	1	0	0	1	2	2	2	1	1	0	0	1	3	3	1	1	1	0	1	2	2	2	1	1	1	0	3	3	1	1	1	1	0	0	1	2	2	2	1	1	1	0	3	3	1	1	1	1	0	0	0	1	2	2	2	1	1	1	0	1	3	3	3	1	1	0	0	1	2	2	1	1	1	0	0	1	3	3	3	1	1	1	0	2	2	1	1	1	1	0	0	1	3	3	3	1	1	1	0	2	2	1	1	1	1	0	0	1	3	3	3	1	1	1	0	1	2	2	2	1	1	0	0	1	3	3	1	1	1	0	0	1	2	2	2	1	1	1	0	3	3	1	1	1	1	0	0	1	2	2	2	1	1	1	0	3	3	1	1	1	1	0	0	1	2	2	2	1	1	1	0	0	1	3	3	3	1	1	0	1	2	2	1	1	1	0	0	1	3	3	3	1	1	1	0	2	2	1	1	1	1	0	0	3	3	3	1	1	1	1	0	2	2	1	1	1	1	0	0	1	3	3	3	1	1	1	0	2	1	2	2	1	0	1	0	3	3	1	1	1	1	0	0	1	2	2	2	1	1	1	0	3	3	1	1	1	1	0	0	2	2	2	1	1	1	1	0	3	3	1	1	1	1	0	0	2	2	2	1	1	1	1	0	3	3	3	1	1	1	0	0	2	2	1	1	1	1	0	3	3	3	1	1	1	2	0	2	1	1	1	1	1	0	0	3	3	3	1	1	1	2	0	2	1	1	1	1	1	0	0	0	3	3	3	1	1	1	1	0	2	2	2	1	1	3	0	3	1	1	1	1	2	0	0	2	1	2	1	1	1	0	0	3	3	1	1	1	1	0	0	2	2	2	1	1	1	3	0	3	1	1	1	1	1	0	0	2	2	2	1	1	1	1	0	3	3	3	1	1	1	0	0	2	2	1	1	1	1	0	0	3	3	3	1	1	1	0	2	2	1	1	1	1	0	0	3	3	3	1	1	1	1	0	2	2	1	1	1	1	0	0	3	3	3	1	1	1	1	0	0	2	2	1	1	1	1	0	3	3	1	1	1	1	0	0	2	2	2	1	1	1	0	0	3	3	1	1	1	1	0	0	2	2	2	1	1	1	1	0	3	3	1	1	1	1	0	0	2	2	2	1	1	1	1	0	3	3	1	1	1	1	0	2	2	2	1	1	1	1	0	0	3	3	3	1	1	1	0	0	2	2	1	1	1	1	0	0	3	3	3	1	1	1	1	0	2	2	1	1	1	1	0	0	3	3	3	1	1	1	1	0	2	2	1	1	1	1	0	0	3	3	3	1	1	1	1	0	3	3	3	1	1	1	0	0	3	3	1	1	1	1	0	0	3	3	3	1	1	1	3	0	3	1	1	1	1	1	0	0	3	3	3	1	1	1	1	0	3	3	1	1	1	1	0	0
PATIENT_WEIGHT
51	30	62	81	148	72	54	104	38	66	53	75	44	34	109	139	80	46	31	98	131	49	81	139	33	112	33	142	143	31	134	64	66	80	37	55	74	57	44	147	94	111	144	81	80	38	109	86	148	124	57	101	119	75	109	42	106	123	43	89	35	130	48	89	133	88	74	39	101	121	49	146	131	68	37	132	46	71	79	108	147	131	45	113	124	41	132	139	109	83	113	84	125	38	35	126	114	43	113	57	75	110	53	84	147	46	136	130	129	62	140	98	111	127	74	148	92	106	43	35	126	40	97	51	53	30	130	137	92	63	147	51	54	117	113	129	112	131	144	42	79	103	76	127	58	103	143	85	132	49	131	117	111	36	77	144	72	115	143	41	147	49	58	39	100	120	94	137	118	79	132	51	108	135	129	127	81	137	47	107	133	86	129	60	132	117	117	130	117	127	59	68	54	130	129	31	110	133	76	71	104	137	58	58	44	133	72	90	126	122	113	113	100	62	130	75	119	37	136	142	73	42	146	64	143	94	150	101	46	142	78	139	94	119	124	66	131	143	58	145	82	137	109	35	147	115	99	81	99	144	69	81	39	124	87	100	50	42	97	142	138	45	138	96	63	71	127	112	113	115	141	117	122	87	90	105	46	106	93	71	55	143	120	37	74	116	89	52	145	147	104	111	101	34	31	111	135	83	147	110	36	53	78	44	122	36	136	116	43	123	130	53	142	82	87	118	127	82	42	81	129	131	106	128	136	112	96	38	90	64	39	53	139	56	69	119	141	30	132	30	71	100	131	97	88	127	133	96	46	95	61	34	77	72	81	74	79	84	36	35	69	87	136	31	113	78	75	120	68	48	46	139	79	130	116	73	87	56	37	96	62	39	119	44	45	85	113	47	47	62	41	66	94	78	53	130	109	54	86	38	60	38	75	49	118	137	94	81	88	57	59	65	140	53	90	131	144	63	61	79	128	89	105	142	83	112	141	32	94	84	112	41	30	74	47	99	69	101	77	126	32	73	142	46	108	99	147	134	111	59	44	112	78	70	82	96	35	31	107	137	74	74	96	106	42	110	34	120	62	111	70	49	71	53	94	106	119	39	140	145	79	127	84	86	32	105	63	112	72	140	134	68	84	130	104	51	102	62	144	127	116	73	91	61	43	79	32	107	60	50	54	80	149	123	61	60	125	137	145	71	49	50	133	133	83	95	131	143	139	148	115	34	44	142	99	125	30	123	55	71	54	149	147	49	39	37	71	34	109	30	136	118	107	117	150	149	83	42	131	106	38	81	91	147	74	99	98	101	91	34	118	69	76	54	145	65	42	66	119	52	110	130	120	100	84	128	137	127	98	55	132	38	38	40	141	72	64	110	41	108	138	66	100	102	50	144	110	49	71	33	52	132	106	77	101	82	139	69	132	76	98	45	146	68	62	46	143	60	88	32	52	60	100	109	119	128	64	53	107	108	108	111	84	78	78	31	90	126	55	132	41	38	134	106	87	139	93	64	117	109	40	72	140	52	108	110	39	47	150	107	90	114	89	56	108	35	119	118	70	130	118	75	111	32	62	57	61	120	109	36	110	68	112	111	136	122	31	119	47	63	89	145	110	30	36	126	73	70	127	32	128	149	149	141	34	67	52	43	108	53	42	44	142	61	149	30	76	91	42	30	102	75	80	75	64	51	110	141	85	67	34	147	107	44	34	83	72	99	139	95	131	143	36	140	132	114	54	81	106	55	50	85	84	30	99	149	65	93	104	63	98	108	146	115	46	132	79	127	122	150	65	132	41	45	33	149	117	85	74	30	100	145	35	36	94	105	137	132	78	107	131
DISTANCE_MATRIX
0	360	318	300	288	276	264	264	150	150	150	60	90	90	162	168	204	228	234	312	360	408	348	318	168	192	168	318
360	60	264	318	324	342	342	342	348	348	354	360	372	378	378	420	420	480	462	498	462	462	384	420	372	420	378	378
318	264	60	270	276	288	288	288	294	294	294	318	318	324	324	414	414	468	462	486	462	462	330	366	366	408	372	324
300	318	270	60	276	288	288	288	288	288	288	300	300	312	318	408	408	468	462	486	438	438	318	360	360	402	360	312
288	324	276	276	60	276	276	276	276	276	276	288	288	300	300	402	396	462	456	480	432	432	300	360	360	402	348	300
276	342	288	288	276	60	180	180	252	258	264	264	264	288	288	390	390	456	450	480	432	432	288	348	348	348	288	288
264	342	288	288	276	180	60	180	246	258	264	264	264	288	288	390	390	456	450	480	432	432	288	348	348	348	288	288
264	342	288	288	276	180	180	60	240	258	264	264	264	288	288	390	390	456	450	480	432	432	288	348	348	348	288	288
150	348	294	288	276	252	246	240	60	120	120	150	126	270	270	378	384	420	438	480	420	408	276	300	300	300	276	270
150	348	294	288	276	258	258	258	120	60	120	150	150	270	270	378	384	420	438	480	420	408	276	300	300	300	276	270
150	354	294	288	276	264	264	264	120	120	60	150	150	270	270	378	384	420	438	480	420	408	276	300	300	300	276	270
60	360	318	300	288	264	264	264	150	150	150	60	90	162	168	228	234	312	360	408	348	318	168	192	192	198	168	162
90	372	318	300	288	264	264	264	150	150	150	90	60	162	168	228	234	312	360	408	348	318	168	192	192	198	168	162
90	378	324	312	300	288	288	288	270	270	270	162	162	60	120	180	180	306	210	360	300	300	120	180	120	180	120	234
162	378	324	318	300	288	288	288	270	270	270	168	168	120	60	180	180	306	210	360	300	300	120	180	120	180	120	120
168	420	414	408	402	348	348	348	300	300	300	228	228	180	180	60	132	204	132	348	258	258	186	60	180	132	222	180
204	420	414	408	396	390	390	390	384	384	384	234	234	180	180	132	60	204	132	348	258	258	186	60	180	132	222	180
228	480	468	468	462	456	456	456	420	420	420	312	312	306	306	204	204	60	198	120	240	240	306	204	306	138	306	306
234	462	462	462	456	450	450	450	438	438	438	360	360	210	210	132	132	198	60	138	132	132	210	132	210	132	210	210
312	498	486	486	480	480	480	480	480	480	480	408	408	360	360	348	348	120	138	60	348	348	360	348	360	348	360	360
360	462	462	438	432	432	432	432	420	420	420	348	348	300	300	258	258	240	132	348	60	60	300	258	300	258	300	300
408	462	462	438	432	432	432	432	408	408	408	318	318	300	300	258	258	240	132	348	60	60	300	258	300	258	300	300
348	384	330	318	300	288	288	288	276	276	276	168	168	120	120	186	186	306	210	360	300	300	60	186	120	186	120	120
318	420	366	360	360	348	348	348	300	300	300	192	192	180	180	60	60	204	132	348	258	258	186	60	180	60	180	180
168	372	300	306	300	288	288	288	270	270	270	168	168	120	120	180	180	306	210	360	300	300	120	180	60	180	120	120
192	420	408	402	402	348	348	348	300	300	300	198	198	180	180	132	132	138	132	348	258	258	186	60	180	60	180	180
168	378	372	360	348	288	288	288	276	276	276	168	168	120	120	222	222	306	210	360	300	300	120	180	120	180	60	120
318	378	324	312	300	288	288	288	270	270	270	162	162	234	120	180	180	306	210	360	300	300	120	180	120	180	120	60
DEPOTS_DISTANCE
234	462	462	462	456	450	450	450	438	438	438	360	360	210	210	132	132	198	60	138	132	132	210	132	210	132	210	210	
348	384	330	318	300	288	288	288	276	276	276	168	168	120	120	186	186	306	210	360	300	300	60	186	120	186	120	120	
318	420	366	360	360	348	348	348	300	300	300	192	192	180	180	60	60	204	132	348	258	258	186	60	180	60	180	180	
LOCATION_TURN_MATRIX
100	130	122	113	112	199	136	122	129	152	173	146	151	136	158	140	176	113	122	167	194	134	110	172	114	184	100	147	
170	100	154	188	164	169	136	136	152	170	104	183	155	115	101	104	155	187	174	115	149	134	178	168	114	135	168	102	
178	146	100	161	178	114	104	165	117	139	126	169	192	109	120	179	160	152	154	134	113	140	154	179	196	196	192	181	
187	112	139	100	158	114	195	181	104	132	195	106	183	169	132	170	140	136	172	148	116	110	123	136	151	120	176	169	
188	136	122	142	100	175	164	159	112	100	167	164	135	191	132	181	104	123	142	156	108	117	193	182	116	147	156	185	
101	131	186	186	125	100	190	147	164	150	137	102	145	176	185	131	113	108	117	186	118	151	140	178	154	189	172	110	
164	164	196	105	136	110	100	186	153	151	183	193	111	157	144	123	188	142	110	163	105	190	166	187	170	171	186	126	
178	164	135	119	141	153	114	100	106	130	108	103	151	178	122	151	130	133	184	177	110	141	166	110	122	174	191	197	
171	148	183	196	188	136	147	194	100	167	100	146	168	129	128	142	172	118	174	147	105	158	156	160	120	106	119	136	
148	130	161	168	200	150	149	170	133	100	177	106	175	116	188	180	176	194	108	146	130	187	183	173	128	141	169	176	
127	196	174	105	133	163	117	192	200	123	100	171	175	140	183	115	104	186	128	153	151	175	100	146	191	117	132	197	
154	117	131	194	136	198	107	197	154	194	129	100	136	184	140	147	172	184	148	131	103	156	185	200	152	158	154	143	
149	145	108	117	165	155	189	149	132	125	125	164	100	140	199	142	101	144	163	185	117	191	200	143	113	165	102	154	
164	185	191	131	109	124	143	122	171	184	160	116	160	100	109	116	196	113	131	186	166	139	183	175	144	161	105	170	
142	199	180	168	168	115	156	178	172	112	117	160	101	191	100	147	177	177	199	158	172	188	164	175	180	168	154	195	
160	196	121	130	119	169	177	149	158	120	185	153	158	184	153	100	152	159	197	157	181	159	102	123	168	200	124	186	
124	145	140	160	196	187	112	170	128	124	196	128	199	104	123	148	100	149	114	112	117	135	105	132	138	180	198	156	
187	113	148	164	177	192	158	167	182	106	114	116	156	187	123	141	151	100	166	132	168	163	159	123	129	173	161	116	
178	126	146	128	158	183	190	116	126	192	172	152	137	169	101	103	186	134	100	184	199	137	130	160	148	113	140	150	
133	185	166	152	144	114	137	123	153	154	147	169	115	114	142	143	188	168	116	100	111	195	128	157	191	164	141	171	
106	151	187	184	192	182	195	190	195	170	149	197	183	134	128	119	183	132	101	189	100	129	151	163	147	166	104	177	
166	166	160	190	183	149	110	159	142	113	125	144	109	161	112	141	165	137	163	105	171	100	101	185	169	129	103	197	
190	122	146	177	107	160	134	134	144	117	200	115	100	117	136	198	195	141	170	172	149	199	100	106	150	116	118	145	
128	132	121	164	118	122	113	190	140	127	154	100	157	125	125	177	168	177	140	143	137	115	194	100	128	167	115	155	
186	186	104	149	184	146	130	178	180	172	109	148	187	156	120	132	162	171	152	109	153	131	150	172	100	155	124	184	
116	165	104	180	153	111	129	126	194	159	183	142	135	139	132	100	120	127	187	136	134	171	184	133	145	100	129	192	
200	132	108	124	144	128	114	109	181	131	168	146	198	195	146	176	102	139	160	159	196	197	182	185	176	171	100	146	
153	198	119	131	115	190	174	103	164	124	103	157	146	130	105	114	144	184	150	129	123	103	155	145	116	108	154	100	
DEPOTS_TO_LOCAL_TURN_MATRIX
178	126	146	128	158	183	190	116	126	192	172	152	137	169	101	103	186	134	100	184	199	137	130	160	148	113	140	150	
190	122	146	177	107	160	134	134	144	117	200	115	100	117	136	198	195	141	170	172	149	199	100	106	150	116	118	145	
128	132	121	164	118	122	113	190	140	127	154	100	157	125	125	177	168	177	140	143	137	115	194	100	128	167	115	155	
LOCAL_TO_DEPOT_TURN_MATRIX
122	174	154	172	142	117	110	184	174	108	128	148	163	131	199	197	114	166	100	116	101	163	170	140	152	187	160	150	
110	178	154	123	193	140	166	166	156	183	100	185	200	183	164	102	105	159	130	128	151	101	100	194	150	184	182	155	
172	168	179	136	182	178	187	110	160	173	146	200	143	175	175	123	132	123	160	157	163	185	106	100	172	133	185	145	

