INDEX_PROBLEM
1
PATIENTS
800
STRETCHERS
16
NUM_ROOM
28
NUM_DEPOT
3
NUM_PRIORITY
4
PRIORITY_LIST
0	1	2	3	4
PRIORITY_WEIGHT
0	1	10	18	30
PRIORITY_JOB
0	1	2	3	4	4	2	3	3	2	3	4	4	2	3	4	4	4	4	2	2	3	4	4	4	2	3	3	4	4	4	4	2	2	3	4	4	2	3	3	3	4	4	4	1	2	4	3	3	4	4	2	2	3	4	4	4	1	1	1	4	2	3	2	1	4	4	4	2	2	3	4	1	1	1	4	4	2	3	2	3	4	4	2	2	1	3	4	1	1	3	4	4	4	2	1	3	3	3	4	4	1	2	4	1	1	1	3	4	4	4	2	4	2	2	3	4	2	3	4	4	1	1	4	4	4	2	3	2	3	4	4	2	3	3	3	2	1	1	4	4	2	2	1	3	4	4	4	2	3	1	3	2	1	3	4	4	1	2	1	3	4	4	4	2	3	2	3	4	1	1	1	4	2	3	3	2	4	4	4	2	2	3	4	4	1	1	1	4	4	2	3	1	3	4	4	2	2	1	4	1	1	3	4	4	4	2	2	3	3	3	4	4	1	1	3	4	1	1	2	3	4	4	4	1	2	3	3	4	2	3	4	4	1	1	4	4	4	2	2	2	3	2	4	4	2	3	4	3	1	1	3	4	4	2	1	2	3	4	4	2	3	3	3	2	1	1	4	4	4	1	1	2	3	4	4	2	3	3	4	2	1	1	1	4	4	2	3	2	3	4	4	4	2	2	4	1	1	1	3	4	4	1	3	4	2	3	3	4	4	2	4	2	1	1	1	3	4	4	1	2	3	3	4	4	3	2	3	2	1	1	1	3	4	4	2	4	4	2	3	3	4	4	4	4	2	1	1	3	4	4	2	2	2	3	4	4	2	3	4	3	1	1	3	4	4	1	3	2	2	3	4	4	4	2	3	3	1	1	3	4	4	1	2	2	2	3	4	4	2	3	4	1	4	1	1	3	4	2	2	3	4	4	4	2	2	3	4	1	4	1	1	1	4	2	3	1	3	3	4	4	2	2	4	3	1	1	1	4	4	2	2	3	3	3	4	4	2	2	3	3	1	1	1	4	4	4	1	4	2	3	3	4	1	2	4	4	3	4	1	1	1	4	4	2	2	2	3	4	4	2	3	4	3	3	1	1	4	4	1	2	2	3	3	4	4	2	3	3	3	1	1	4	4	4	1	2	2	2	3	4	4	2	3	4	3	4	1	1	4	1	1	2	2	3	4	4	2	2	3	4	4	1	1	1	4	2	1	3	3	3	4	4	2	2	4	3	3	4	1	1	1	4	2	1	3	3	4	4	4	2	3	4	2	1	1	1	3	4	4	2	2	3	3	4	4	4	1	4	2	3	1	1	1	4	4	1	2	2	3	4	4	2	4	3	4	3	3	1	1	4	4	2	2	2	3	4	4	2	3	4	3	1	1	4	4	4	1	3	2	2	3	4	4	2	3	4	1	3	1	1	4	4	1	2	2	3	4	4	2	2	3	4	4	1	1	1	4	2	1	2	3	3	4	4	1	2	2	3	3	1	1	1	4	4	2	1	3	3	4	4	2	2	4	4	3	1	1	1	4	4	4	2	2	3	3	4	1	2	4	4	3	1	1	1	4	4	4	1	2	2	3	4	4	2	3	4	3	1	1	3	4	4	2	1	2	2	3	4	4	2	3	4	3	1	1	4	4	2	3	2	3	4	4	2	1	3	3	4	4	1	1	4	1	2	2	1	3	4	4	4	2	2	3	4	1	1	1	4	2	3	2	2	3	1	1	4	4	2	1	1	1	1	2	3	4	4	2	1	1	1	2	3	3	4	2	1	1	1	4	4	2	2	2	1	1	1	3	4	4	2	2	1	1	1	1	3	3	4	4	2
TIME_ASKED
0	28849	28898	28947	28996	29045	29094	29149	29198	29247	29296	29345	29394	29429	29458	29487	29516	29545	29574	29603	29632	29661	29690	29742	29784	29826	29868	29910	29952	29994	30029	30058	30087	30116	30145	30174	30203	30232	30261	30290	30329	30358	30387	30416	30445	30474	30503	30532	30561	30590	30621	30642	30663	30684	30705	30726	30747	30768	30789	30810	30831	30852	30873	30894	30949	30998	31047	31096	31145	31194	31227	31254	31281	31308	31335	31362	31389	31416	31443	31470	31497	31524	31548	31572	31596	31620	31644	31668	31692	31716	31740	31764	31788	31837	31874	31911	31948	31985	32022	32059	32096	32159	32218	32277	32336	32395	32419	32438	32457	32476	32495	32514	32533	32552	32571	32590	32609	32628	32647	32666	32685	32759	32818	32877	32936	32995	33027	33054	33081	33108	33135	33162	33189	33216	33243	33270	33297	33333	33366	33399	33432	33465	33498	33531	33564	33597	33616	33632	33648	33664	33680	33696	33712	33728	33744	33760	33776	33792	33808	33824	33840	33856	33872	33888	33933	33966	33999	34032	34065	34098	34131	34164	34197	34242	34284	34326	34368	34410	34452	34494	34533	34566	34599	34632	34665	34698	34731	34764	34797	34827	34854	34881	34908	34935	34962	34989	35016	35043	35070	35097	35137	35174	35211	35248	35285	35322	35359	35396	35433	35466	35499	35532	35565	35598	35631	35664	35697	35723	35746	35769	35792	35815	35838	35861	35884	35907	35930	35953	35976	35999	36023	36046	36069	36092	36115	36138	36161	36184	36207	36230	36253	36276	36299	36327	36354	36381	36408	36435	36462	36489	36516	36543	36570	36597	36619	36638	36657	36676	36695	36714	36733	36752	36771	36790	36809	36828	36847	36866	36885	36949	36998	37047	37096	37145	37194	37259	37318	37377	37436	37495	37549	37598	37647	37696	37745	37794	37827	37854	37881	37908	37935	37962	37989	38016	38043	38070	38097	38123	38146	38169	38192	38215	38238	38261	38284	38307	38330	38353	38376	38399	38419	38438	38457	38476	38495	38514	38533	38552	38571	38590	38609	38628	38647	38666	38685	38742	38784	38826	38868	38910	38952	38994	39029	39058	39087	39116	39145	39174	39203	39232	39261	39290	39349	39398	39447	39496	39545	39594	39633	39666	39699	39732	39765	39798	39831	39864	39897	39937	39974	40011	40048	40085	40122	40159	40196	40242	40284	40326	40368	40410	40452	40494	40542	40584	40626	40668	40710	40752	40794	40849	40898	40947	40996	41045	41094	41133	41166	41199	41232	41265	41298	41331	41364	41397	41423	41446	41469	41492	41515	41538	41561	41584	41607	41630	41653	41676	41699	41749	41798	41847	41896	41945	41994	42099	42198	42297	42342	42384	42426	42468	42510	42552	42594	42699	42798	42897	42923	42946	42969	42992	43015	43038	43061	43084	43107	43130	43153	43176	43199	43237	43274	43311	43348	43385	43422	43459	43496	43549	43598	43647	43696	43745	43794	43899	43998	44097	44159	44218	44277	44336	44395	44459	44518	44577	44636	44695	44799	44898	44997	45033	45066	45099	45132	45165	45198	45231	45264	45297	45337	45374	45411	45448	45485	45522	45559	45596	45637	45674	45711	45748	45785	45822	45859	45896	45959	46018	46077	46136	46195	46249	46298	46347	46396	46445	46494	46537	46574	46611	46648	46685	46722	46759	46796	46821	46842	46863	46884	46905	46926	46947	46968	46989	47010	47031	47052	47073	47094	47199	47298	47397	47437	47474	47511	47548	47585	47622	47659	47696	47737	47774	47811	47848	47885	47922	47959	47996	48049	48098	48147	48196	48245	48294	48324	48348	48372	48396	48420	48444	48468	48492	48516	48540	48564	48588	48627	48654	48681	48708	48735	48762	48789	48816	48843	48870	48897	48937	48974	49011	49048	49085	49122	49159	49196	49233	49266	49299	49332	49365	49398	49431	49464	49497	49537	49574	49611	49648	49685	49722	49759	49796	49827	49854	49881	49908	49935	49962	49989	50016	50043	50070	50097	50149	50198	50247	50296	50345	50394	50424	50448	50472	50496	50520	50544	50568	50592	50616	50640	50664	50688	50737	50774	50811	50848	50885	50922	50959	50996	51027	51054	51081	51108	51135	51162	51189	51216	51243	51270	51297	51324	51348	51372	51396	51420	51444	51468	51492	51516	51540	51564	51588	51637	51674	51711	51748	51785	51822	51859	51896	51933	51966	51999	52032	52065	52098	52131	52164	52197	52259	52318	52377	52436	52495	52517	52534	52551	52568	52585	52602	52619	52636	52653	52670	52687	52704	52721	52738	52755	52772	52789	52859	52918	52977	53036	53095	53137	53174	53211	53248	53285	53322	53359	53396	53459	53518	53577	53636	53695	53733	53766	53799	53832	53865	53898	53931	53964	53997	54027	54054	54081	54108	54135	54162	54189	54216	54243	54270	54297	54374	54448	54522	54596	54627	54654	54681	54708	54735	54762	54789	54816	54843	54870	54897	55049	55198	55237	55274	55311	55348	55385	55422	55459	55496	55574	55648	55722	55796	55827	55854	55881	55908	55935	55962	55989	56016	56043	56070	56097	56399	56499	56598	56697	56733	56766	56799	56832	56865	56898	56931	56964	56997	57049	57098	57147	57196	57245	57294	57359	57418	57477	57536	57595
ORIGIN
26	16	6	27	19	7	27	25	25	14	4	10	2	23	5	5	27	14	3	23	14	14	14	14	14	14	27	27	27	20	4	4	7	9	1	23	11	14	14	27	2	27	2	27	24	14	14	23	23	6	27	18	7	27	20	8	23	14	17	2	23	12	2	14	14	13	23	14	4	24	11	1	23	25	14	14	19	8	9	9	23	23	23	11	2	14	27	14	13	14	14	14	14	4	5	23	23	2	18	7	27	20	26	8	26	1	17	2	2	2	14	14	1	14	14	4	24	15	4	2	16	7	3	3	26	26	23	23	25	1	10	2	23	14	2	4	23	27	14	15	14	15	23	4	14	7	7	27	20	14	14	13	27	27	27	20	20	2	14	14	7	7	8	24	15	4	23	16	8	26	26	14	14	2	14	14	14	14	14	23	12	2	23	27	14	14	23	14	14	27	8	14	14	9	1	20	8	27	27	14	26	13	13	2	14	4	26	7	26	26	14	14	4	26	23	8	7	23	14	2	14	14	14	14	14	13	14	25	2	23	14	3	2	16	25	27	11	14	11	23	16	12	16	8	27	23	23	14	3	4	14	14	14	14	2	20	14	7	14	2	26	16	14	23	14	3	14	26	3	3	3	14	13	23	25	27	23	13	3	23	13	7	15	14	14	1	25	14	14	3	20	20	23	8	1	11	12	14	11	14	2	2	1	26	26	14	1	14	16	5	26	3	14	26	13	25	14	3	14	27	1	26	25	14	13	2	23	7	3	7	1	14	1	7	14	3	13	13	14	20	8	1	23	10	27	14	7	7	7	14	14	12	14	14	14	20	5	26	3	9	14	14	20	14	14	14	26	14	2	2	2	4	2	23	23	26	1	23	3	14	4	14	13	7	14	23	27	11	1	23	10	1	3	3	8	7	7	14	27	14	2	27	2	2	14	14	2	14	2	1	1	1	14	3	14	14	14	27	14	27	23	14	3	14	23	14	14	14	1	1	3	3	14	14	14	23	23	10	1	14	1	1	23	12	12	14	14	14	26	3	3	12	16	6	27	19	7	2	2	2	14	2	26	14	1	1	14	26	14	3	23	14	14	1	2	2	1	25	14	2	26	27	27	1	9	26	1	11	26	2	2	1	1	14	26	26	14	2	2	11	5	27	18	7	27	2	14	14	11	2	2	22	23	27	26	26	3	23	14	4	14	3	3	14	25	26	26	26	1	14	27	2	1	23	11	2	23	23	23	23	14	2	14	15	14	23	27	1	26	17	7	27	20	27	27	20	14	2	20	20	2	27	27	26	23	14	4	27	15	14	14	14	14	3	14	26	1	14	14	1	23	10	2	14	1	27	1	2	14	14	14	16	14	2	14	26	16	7	27	14	7	27	2	14	3	2	2	2	11	2	3	23	14	3	24	14	4	7	2	3	3	14	2	2	14	26	27	27	10	2	23	12	4	4	4	14	27	14	2	2	14	27	27	14	7	26	19	2	27	1	1	3	16	20	1	1	23	23	23	14	3	24	14	4	24	26	26	1	26	2	27	26	14	2	13	10	1	23	12	2	23	23	23	14	14	14	27	11	14	1	16	6	27	19	7	27	14	23	2	20	14	14	23	2	2	27	14	3	23	14	20	20	26	1	27	26	14	26	20	14	2	7	9	1	23	2	7	23	4	14	7	14	14	11	15	14	1	10	6	27	18	7	27	14	14	14	17	2	2	23	2	2	4	14	3	23	14	4	7	14	25	14	5	14	27	20	14	14	27	9	1	23	11	2	14	14	13	14	14	14	24	14	1	14	14	5	27	18	7	27	20	8	1	17	2	27	23	12	2	16	1
DESTINATION
3	14	17	2	22	23	2	14	14	3	23	14	14	27	14	14	23	25	14	4	2	20	9	9	1	1	23	23	2	14	14	14	13	14	14	27	15	5	5	23	27	18	27	18	2	26	8	1	1	17	2	27	20	2	14	14	27	16	6	27	27	11	14	25	25	7	3	26	14	2	12	23	27	14	3	3	22	14	14	14	27	1	27	15	14	20	23	4	7	9	9	1	26	14	14	27	27	27	27	20	2	14	14	14	14	23	6	27	27	14	20	8	23	26	26	14	2	14	14	14	14	13	23	23	14	14	27	1	14	23	14	14	27	8	14	14	27	23	9	11	2	11	27	14	26	13	13	2	14	4	5	7	23	2	18	7	7	27	26	8	23	23	14	2	14	14	1	14	14	14	14	4	4	24	15	2	16	16	25	27	11	14	1	23	16	25	1	10	2	23	14	4	4	14	23	14	14	2	23	20	14	7	7	27	20	14	3	13	14	14	3	26	14	3	7	14	13	7	8	24	15	4	15	16	8	7	15	14	14	1	25	14	14	14	14	23	12	2	12	27	14	11	14	14	2	27	1	1	26	14	9	20	20	8	27	14	26	13	25	14	3	14	26	27	26	26	26	14	26	26	26	8	7	1	14	23	1	7	14	3	7	13	14	25	2	23	14	3	2	26	7	7	26	14	14	12	11	16	12	8	27	27	14	3	3	2	14	20	14	14	3	26	2	14	7	14	2	26	1	23	23	3	14	4	7	14	1	13	14	13	23	25	23	13	3	23	7	7	8	7	14	14	27	14	2	15	20	20	20	8	1	11	1	1	1	14	14	3	14	14	1	1	14	1	16	5	3	2	14	14	14	14	14	1	1	3	14	1	26	25	14	2	7	13	3	1	23	12	14	27	14	14	26	26	14	20	20	1	23	10	27	2	14	14	2	26	14	1	27	14	14	14	20	26	3	3	9	2	3	2	1	25	14	2	27	2	2	4	23	23	26	26	1	1	2	1	27	14	14	26	23	23	27	11	11	10	1	1	14	14	14	11	14	17	2	22	23	27	27	27	2	14	14	1	14	14	3	14	25	14	4	26	1	14	27	27	23	14	3	14	3	2	23	14	14	14	14	15	14	14	14	23	23	10	14	14	26	27	27	20	14	2	27	20	2	27	3	3	12	27	27	19	7	2	14	14	14	3	26	14	1	14	14	26	14	14	14	14	14	1	2	14	14	27	15	14	7	27	27	27	9	27	1	11	26	27	2	14	3	9	20	2	11	2	2	11	5	27	7	7	27	2	2	3	3	26	14	2	14	26	26	26	3	23	4	14	14	4	4	14	27	14	14	2	14	2	14	27	2	1	2	16	2	27	1	3	16	20	2	1	23	23	27	1	26	27	27	27	20	27	26	1	26	14	2	26	14	23	27	26	23	4	27	27	15	14	23	23	14	14	27	11	14	14	14	1	23	2	14	14	1	23	2	20	20	14	22	14	2	14	14	26	16	7	14	14	7	1	27	26	14	1	26	14	2	3	3	23	14	24	2	14	4	14	7	14	14	27	11	14	1	27	27	10	2	2	23	12	4	14	14	17	2	22	23	2	4	27	27	14	26	26	27	27	27	23	25	14	5	26	14	14	14	23	23	14	3	14	14	4	24	13	14	14	27	24	20	1	14	2	13	10	1	12	14	2	23	14	17	2	27	23	2	16	1	16	6	27	14	27	27	27	14	25	14	4	26	14	20	5	14	3	23	3	2	14	20	26	23	14	14	27	15	14	20	4	7	9	1	1	1	26	23	4	4	14	2	27	20	2	14	14	23	6	27	18	27	11	14	14	14
DUE_DATE
0	31147	30476	30045	29554	29603	30672	30247	30296	30825	30394	29903	29952	31007	30556	30045	30074	30103	30132	31181	31210	30759	30248	30300	30342	31404	30966	31008	30510	30552	30587	30616	31665	31694	31243	30732	30761	31810	31359	31388	31427	30916	30945	30974	32743	32052	31061	31630	31659	31148	31179	32220	32241	31782	31263	31284	31305	33066	33087	33108	31389	32430	31971	32472	33247	31556	31605	31654	32723	32772	32325	31812	33579	33606	33633	31920	31947	32994	32541	33048	32595	32082	32106	33150	33174	33918	32742	32226	33990	34014	32838	32322	32346	32395	33452	34209	33046	33083	33120	32617	32654	34457	33796	32835	34634	34693	34717	33536	33015	33034	33053	34092	33091	34130	34149	33688	33167	34206	33745	33224	33243	35057	35116	33435	33494	33553	34605	34152	34659	34206	33693	33720	34767	34314	34341	34368	34875	35631	35664	33957	33990	35043	35076	35829	34662	34155	34174	34190	35226	34762	35978	34794	35290	36026	34842	34318	34334	36090	35386	36122	34938	34414	34430	34446	35511	35064	35577	35130	34623	36396	36429	36462	34755	35820	35382	35424	35946	34968	35010	35052	36111	36144	35697	35190	35223	36996	37029	37062	35355	35385	36432	35979	37206	36033	35520	35547	36594	36621	37368	35655	37435	37472	36309	35806	35843	35880	36937	36974	36531	36564	36597	36090	36123	37896	37929	36762	36255	38021	38044	37347	36890	36373	36396	36419	38182	37485	37028	37051	36534	37577	37121	36604	36627	38390	38413	36696	36719	36742	37785	37808	37831	37374	37877	36885	36912	37959	37506	36993	37560	38787	38814	37641	37128	37155	38197	38936	38235	37774	37253	37272	38311	37850	37869	37888	38387	39126	39145	37424	37443	37507	39296	39345	38674	38243	37752	37817	38896	38475	38534	38053	39127	39896	39945	39994	38303	38352	39405	38952	39459	39006	38493	38520	38547	39594	39621	38628	40395	40421	40444	39267	38750	38773	40536	39359	38842	39885	39428	39451	38934	38957	39997	38996	40035	40774	40793	40812	39631	39110	39129	40888	40187	39726	39745	39224	39243	39840	40362	39924	40446	41208	41250	41292	40127	39616	39645	40694	39703	39732	40781	40330	40359	39848	39907	39956	40005	41074	41843	41892	40731	40224	40257	41310	41343	41376	40929	40422	40455	41515	41072	40569	41146	42383	42420	41257	40754	40800	42582	41424	41946	41988	41550	41052	41100	41142	42204	41766	41808	43050	43092	41947	41456	41505	43294	42623	42672	42711	42264	41757	41790	42843	42396	41889	43662	41955	43721	43744	42567	42050	43093	43116	42659	42142	42165	42188	43231	43254	42797	42307	44096	42405	44194	44243	44292	42657	43776	43395	44640	43482	43524	43026	43068	44130	44172	43257	43896	45195	45221	45244	43527	43550	44593	44616	44159	44182	44205	43688	43711	44754	44777	44335	44372	45609	45646	45683	43980	44017	44054	45847	44156	45225	44794	44843	44352	46197	45576	44655	44717	45316	44835	46634	46693	46757	45076	45135	46214	46273	46377	45996	45555	45591	46644	46197	45690	46263	46296	47529	47562	45855	45895	47672	46989	47026	46583	46620	46117	46154	47215	46772	46809	46846	48083	48120	46417	46454	46517	48316	47655	47714	47773	47347	46856	46905	47974	47543	47052	47635	47132	48909	48946	47243	49020	49057	48374	48399	47940	47421	47442	48483	48504	48045	47526	47547	49308	49329	49350	47631	48672	49497	48396	48495	48535	48032	48069	49126	49163	48180	48757	48794	48295	50072	50109	50146	48443	49500	50257	49094	49147	48656	48705	48754	49823	49392	48882	49926	50670	50694	50718	49542	49026	49050	50094	50118	49662	49686	49185	49212	49239	51006	49293	50340	49887	51114	51141	51168	49455	49495	51272	50589	50626	50183	49680	49717	50774	49791	50364	49857	50430	50463	51696	51729	50022	50055	51115	51152	51189	50746	50243	50280	51337	50894	50385	50952	52179	52206	50493	50520	50547	52314	51141	51648	51675	51247	50756	50805	51874	51443	50952	52722	51546	52770	52794	51078	51102	52866	52170	52194	51738	51222	51246	52315	52352	51909	51406	51443	53220	53257	53294	51585	52632	53379	52686	52233	52260	51747	51774	53541	52848	52875	52422	52446	53670	53694	53718	52002	52026	53070	53814	52638	52662	52146	52195	53252	53289	52306	52343	52920	54157	54194	54231	52524	52557	52590	53643	53676	53229	53262	52755	54557	53896	52935	52994	53593	54815	54832	54849	53126	53143	53160	54917	54214	54231	53768	53245	53262	54299	53836	53313	53870	55087	55157	54016	53535	53594	54673	55435	54752	54789	54346	53843	53880	54937	54494	54017	54616	55875	55934	54253	54291	55344	54897	55410	54963	54456	54489	55542	56295	55125	55152	54639	54666	56433	56460	54747	56514	55821	55848	56595	55472	55006	55080	55154	56205	56232	55779	55266	57033	57060	57087	55374	56421	55968	56475	56627	56296	57535	57572	55869	55906	56963	57720	57757	57794	57872	57226	56820	56354	56385	57432	58179	58206	58233	57540	57087	57114	56601	57648	58395	58697	58797	57156	57255	58311	58344	58377	59130	59163	59196	58029	57522	57555	58627	58676	59445	59494	59543	59592	58457	58516	58035	58094	59173
TRANSPORT_MODE
0	2	2	2	1	1	1	0	0	2	2	1	1	1	1	0	2	2	2	1	1	1	2	0	2	1	1	1	1	2	0	0	2	2	1	1	1	1	2	0	2	1	1	1	1	2	0	0	2	2	1	1	1	1	1	0	0	3	3	3	1	1	1	0	0	2	2	1	1	1	1	0	3	3	3	1	1	1	2	0	2	1	1	1	1	3	0	0	3	3	1	1	1	1	2	0	0	2	1	1	1	1	1	0	3	3	3	1	1	1	1	0	0	2	2	2	1	1	1	0	0	3	3	1	1	1	1	0	2	2	2	1	1	1	1	0	0	3	3	1	1	1	2	0	2	2	1	1	1	1	3	0	0	3	1	1	1	1	1	0	2	2	2	1	1	1	0	1	0	3	3	3	1	1	1	0	0	2	2	1	1	1	1	0	0	3	3	3	1	1	1	2	0	2	1	1	1	1	3	0	3	3	1	1	1	1	2	0	0	2	1	1	1	1	3	0	0	3	3	1	1	1	1	1	0	2	2	2	1	1	1	0	0	3	3	1	1	1	2	0	2	2	0	1	1	1	1	0	0	3	3	1	1	1	1	0	2	2	2	1	1	1	1	0	0	3	3	1	1	1	1	0	2	2	2	1	1	1	1	0	0	3	3	3	1	1	1	0	0	1	2	2	1	1	1	0	3	3	3	1	1	1	0	0	0	1	2	2	1	1	1	0	1	3	3	3	1	1	1	0	2	2	1	1	1	0	1	0	1	3	3	3	1	1	1	0	0	1	2	2	1	1	1	0	0	1	3	3	1	1	1	0	1	2	2	2	1	1	0	0	1	3	3	1	1	1	0	0	1	2	2	2	1	1	1	0	1	3	3	1	1	1	0	0	1	2	2	2	1	1	1	0	0	1	3	3	1	1	1	0	1	2	1	2	2	1	1	0	0	1	3	3	3	1	1	0	0	1	1	2	2	1	1	0	1	3	3	3	1	1	1	0	0	1	2	2	1	1	1	0	1	3	3	3	1	1	1	0	0	1	2	2	1	1	1	0	0	1	1	3	3	3	1	1	0	1	2	2	2	1	1	0	0	1	1	3	3	1	1	0	1	2	2	0	2	1	1	1	0	1	3	3	1	1	1	0	0	1	2	2	2	1	1	1	0	1	1	3	3	1	1	0	0	1	1	2	2	2	1	1	0	1	3	3	3	1	1	0	0	1	1	2	2	1	1	0	0	1	1	3	3	3	1	1	0	1	2	2	1	1	1	0	0	1	3	3	3	1	1	1	0	1	1	2	2	0	1	1	0	1	1	3	3	3	1	1	0	1	2	2	2	1	1	0	0	0	1	1	3	3	1	1	0	1	2	2	2	1	1	1	0	1	3	3	1	1	1	0	0	1	2	2	2	1	1	1	0	0	1	3	3	1	1	1	0	1	1	2	2	2	1	1	0	1	3	3	3	1	1	0	0	1	2	2	1	0	1	1	0	1	3	3	3	1	1	1	0	1	2	2	1	1	1	0	0	1	3	3	3	1	1	1	0	1	2	2	1	1	1	0	0	1	3	3	3	1	1	1	0	1	2	2	2	1	1	0	0	1	3	3	1	1	1	0	0	1	2	2	2	1	1	1	0	1	3	3	1	1	1	0	1	2	2	2	1	0	1	1	0	1	3	3	1	1	1	0	0	1	2	2	2	1	1	1	0	3	3	3	1	1	1	0	0	1	3	3	1	1	1	0	3	3	3	1	1	1	1	0	0	3	3	1	1	1	1	0	3	3	3	1	1	1	1	0	0	3	3	1	1	1	1	0	0	3	3	3	1	1	1	1	0
PATIENT_WEIGHT
96	62	110	73	98	82	49	101	149	48	122	32	36	85	52	64	74	72	135	100	123	133	91	130	81	43	59	111	69	147	88	44	49	96	127	45	114	117	51	83	79	75	66	114	124	149	116	123	37	83	85	33	114	129	91	46	59	68	149	128	143	131	130	58	108	44	84	132	68	76	36	47	99	38	143	117	50	54	148	87	78	60	117	52	97	103	65	59	94	105	65	108	113	140	127	103	45	38	92	147	133	53	117	79	58	81	38	123	147	59	144	71	32	120	129	110	150	148	44	111	66	131	103	145	80	150	45	144	105	101	117	84	115	90	37	44	89	121	98	103	109	92	83	42	141	42	91	43	73	36	96	135	62	100	127	75	84	50	87	32	148	136	102	101	112	100	48	43	52	52	56	120	37	92	135	78	49	39	137	139	111	107	128	125	47	63	102	86	70	137	125	72	84	55	86	50	77	129	117	62	49	109	146	38	85	71	92	60	113	59	58	108	104	125	58	87	144	77	57	50	95	52	34	120	31	70	86	120	133	80	71	54	73	116	51	117	117	84	133	50	30	145	71	146	150	63	116	94	76	86	144	66	92	104	116	64	46	89	122	50	119	39	67	72	94	139	118	55	91	58	71	94	61	73	140	143	37	79	40	100	75	97	82	138	54	112	143	46	109	89	135	102	46	117	92	63	121	136	141	114	144	109	110	95	119	139	142	50	74	79	98	64	145	95	139	32	32	127	50	149	140	108	140	88	148	40	110	102	140	96	129	136	65	55	40	133	142	56	53	129	130	127	131	90	72	50	33	126	39	74	112	75	31	61	120	59	83	72	36	108	33	133	89	66	69	143	61	79	35	73	147	94	43	88	113	113	150	117	141	35	143	33	53	79	125	63	130	147	49	64	91	53	86	36	38	44	109	73	52	72	38	75	63	60	121	74	30	46	116	118	69	127	124	96	132	46	119	92	61	101	49	49	51	87	54	143	135	46	76	107	81	95	47	64	110	126	145	49	46	32	128	46	88	73	36	59	143	77	114	97	54	148	83	72	111	92	98	59	30	65	140	72	94	107	96	77	94	91	86	56	119	121	79	149	127	60	86	59	132	145	142	115	140	95	105	71	97	51	94	90	47	122	38	147	32	93	105	85	42	125	82	37	74	90	89	52	86	58	145	32	69	89	100	128	121	121	100	128	135	71	48	47	33	108	71	79	95	51	117	77	71	91	149	67	53	66	61	89	126	66	145	125	112	122	61	84	143	149	55	128	37	100	101	49	133	107	86	132	101	105	119	86	49	108	121	121	62	126	45	65	142	144	67	87	94	125	98	86	144	89	125	118	108	93	108	116	135	134	55	97	35	83	82	74	139	85	121	70	77	31	109	83	136	127	141	64	71	83	58	141	149	65	69	41	149	97	44	69	142	90	138	86	96	91	120	66	119	145	66	77	140	122	52	130	146	51	100	43	88	56	66	40	95	67	129	103	130	78	68	128	107	135	137	62	39	77	110	53	140	102	38	91	56	56	104	39	69	55	128	33	123	116	148	125	120	137	132	81	53	132	140	72	46	149	39	125	109	97	55	134	40	32	46	104	97	67	145	128	53	80	58	42	62	149	123	84	98	77	110	87	58	41	61	91	52	80	38	112	30	38	103	103	115	129	47	35	123	46	37	118	114	150	96	71	112	105	125	141	33	114	78	140	35	59	100	120	85	37	101	92	110	122	93	119	87	110	111	75	105	94	86	57	79	38	146	101	137	76	69	35	114	137	131	105	110	50	35	131	137	80	105	54	79	108	108	125	103	41	111	131	106	31	96	130	103	113	42	47	62	33	114
DISTANCE_MATRIX
0	360	318	300	288	276	264	264	150	150	150	60	90	90	162	168	204	228	234	312	360	408	348	318	168	192	168	318
360	60	264	318	324	342	342	342	348	348	354	360	372	378	378	420	420	480	462	498	462	462	384	420	372	420	378	378
318	264	60	270	276	288	288	288	294	294	294	318	318	324	324	414	414	468	462	486	462	462	330	366	366	408	372	324
300	318	270	60	276	288	288	288	288	288	288	300	300	312	318	408	408	468	462	486	438	438	318	360	360	402	360	312
288	324	276	276	60	276	276	276	276	276	276	288	288	300	300	402	396	462	456	480	432	432	300	360	360	402	348	300
276	342	288	288	276	60	180	180	252	258	264	264	264	288	288	390	390	456	450	480	432	432	288	348	348	348	288	288
264	342	288	288	276	180	60	180	246	258	264	264	264	288	288	390	390	456	450	480	432	432	288	348	348	348	288	288
264	342	288	288	276	180	180	60	240	258	264	264	264	288	288	390	390	456	450	480	432	432	288	348	348	348	288	288
150	348	294	288	276	252	246	240	60	120	120	150	126	270	270	378	384	420	438	480	420	408	276	300	300	300	276	270
150	348	294	288	276	258	258	258	120	60	120	150	150	270	270	378	384	420	438	480	420	408	276	300	300	300	276	270
150	354	294	288	276	264	264	264	120	120	60	150	150	270	270	378	384	420	438	480	420	408	276	300	300	300	276	270
60	360	318	300	288	264	264	264	150	150	150	60	90	162	168	228	234	312	360	408	348	318	168	192	192	198	168	162
90	372	318	300	288	264	264	264	150	150	150	90	60	162	168	228	234	312	360	408	348	318	168	192	192	198	168	162
90	378	324	312	300	288	288	288	270	270	270	162	162	60	120	180	180	306	210	360	300	300	120	180	120	180	120	234
162	378	324	318	300	288	288	288	270	270	270	168	168	120	60	180	180	306	210	360	300	300	120	180	120	180	120	120
168	420	414	408	402	348	348	348	300	300	300	228	228	180	180	60	132	204	132	348	258	258	186	60	180	132	222	180
204	420	414	408	396	390	390	390	384	384	384	234	234	180	180	132	60	204	132	348	258	258	186	60	180	132	222	180
228	480	468	468	462	456	456	456	420	420	420	312	312	306	306	204	204	60	198	120	240	240	306	204	306	138	306	306
234	462	462	462	456	450	450	450	438	438	438	360	360	210	210	132	132	198	60	138	132	132	210	132	210	132	210	210
312	498	486	486	480	480	480	480	480	480	480	408	408	360	360	348	348	120	138	60	348	348	360	348	360	348	360	360
360	462	462	438	432	432	432	432	420	420	420	348	348	300	300	258	258	240	132	348	60	60	300	258	300	258	300	300
408	462	462	438	432	432	432	432	408	408	408	318	318	300	300	258	258	240	132	348	60	60	300	258	300	258	300	300
348	384	330	318	300	288	288	288	276	276	276	168	168	120	120	186	186	306	210	360	300	300	60	186	120	186	120	120
318	420	366	360	360	348	348	348	300	300	300	192	192	180	180	60	60	204	132	348	258	258	186	60	180	60	180	180
168	372	300	306	300	288	288	288	270	270	270	168	168	120	120	180	180	306	210	360	300	300	120	180	60	180	120	120
192	420	408	402	402	348	348	348	300	300	300	198	198	180	180	132	132	138	132	348	258	258	186	60	180	60	180	180
168	378	372	360	348	288	288	288	276	276	276	168	168	120	120	222	222	306	210	360	300	300	120	180	120	180	60	120
318	378	324	312	300	288	288	288	270	270	270	162	162	234	120	180	180	306	210	360	300	300	120	180	120	180	120	60
DEPOTS_DISTANCE
234	462	462	462	456	450	450	450	438	438	438	360	360	210	210	132	132	198	60	138	132	132	210	132	210	132	210	210	
348	384	330	318	300	288	288	288	276	276	276	168	168	120	120	186	186	306	210	360	300	300	60	186	120	186	120	120	
318	420	366	360	360	348	348	348	300	300	300	192	192	180	180	60	60	204	132	348	258	258	186	60	180	60	180	180	
LOCATION_TURN_MATRIX
100	130	122	113	112	199	136	122	129	152	173	146	151	136	158	140	176	113	122	167	194	134	110	172	114	184	100	147	
170	100	154	188	164	169	136	136	152	170	104	183	155	115	101	104	155	187	174	115	149	134	178	168	114	135	168	102	
178	146	100	161	178	114	104	165	117	139	126	169	192	109	120	179	160	152	154	134	113	140	154	179	196	196	192	181	
187	112	139	100	158	114	195	181	104	132	195	106	183	169	132	170	140	136	172	148	116	110	123	136	151	120	176	169	
188	136	122	142	100	175	164	159	112	100	167	164	135	191	132	181	104	123	142	156	108	117	193	182	116	147	156	185	
101	131	186	186	125	100	190	147	164	150	137	102	145	176	185	131	113	108	117	186	118	151	140	178	154	189	172	110	
164	164	196	105	136	110	100	186	153	151	183	193	111	157	144	123	188	142	110	163	105	190	166	187	170	171	186	126	
178	164	135	119	141	153	114	100	106	130	108	103	151	178	122	151	130	133	184	177	110	141	166	110	122	174	191	197	
171	148	183	196	188	136	147	194	100	167	100	146	168	129	128	142	172	118	174	147	105	158	156	160	120	106	119	136	
148	130	161	168	200	150	149	170	133	100	177	106	175	116	188	180	176	194	108	146	130	187	183	173	128	141	169	176	
127	196	174	105	133	163	117	192	200	123	100	171	175	140	183	115	104	186	128	153	151	175	100	146	191	117	132	197	
154	117	131	194	136	198	107	197	154	194	129	100	136	184	140	147	172	184	148	131	103	156	185	200	152	158	154	143	
149	145	108	117	165	155	189	149	132	125	125	164	100	140	199	142	101	144	163	185	117	191	200	143	113	165	102	154	
164	185	191	131	109	124	143	122	171	184	160	116	160	100	109	116	196	113	131	186	166	139	183	175	144	161	105	170	
142	199	180	168	168	115	156	178	172	112	117	160	101	191	100	147	177	177	199	158	172	188	164	175	180	168	154	195	
160	196	121	130	119	169	177	149	158	120	185	153	158	184	153	100	152	159	197	157	181	159	102	123	168	200	124	186	
124	145	140	160	196	187	112	170	128	124	196	128	199	104	123	148	100	149	114	112	117	135	105	132	138	180	198	156	
187	113	148	164	177	192	158	167	182	106	114	116	156	187	123	141	151	100	166	132	168	163	159	123	129	173	161	116	
178	126	146	128	158	183	190	116	126	192	172	152	137	169	101	103	186	134	100	184	199	137	130	160	148	113	140	150	
133	185	166	152	144	114	137	123	153	154	147	169	115	114	142	143	188	168	116	100	111	195	128	157	191	164	141	171	
106	151	187	184	192	182	195	190	195	170	149	197	183	134	128	119	183	132	101	189	100	129	151	163	147	166	104	177	
166	166	160	190	183	149	110	159	142	113	125	144	109	161	112	141	165	137	163	105	171	100	101	185	169	129	103	197	
190	122	146	177	107	160	134	134	144	117	200	115	100	117	136	198	195	141	170	172	149	199	100	106	150	116	118	145	
128	132	121	164	118	122	113	190	140	127	154	100	157	125	125	177	168	177	140	143	137	115	194	100	128	167	115	155	
186	186	104	149	184	146	130	178	180	172	109	148	187	156	120	132	162	171	152	109	153	131	150	172	100	155	124	184	
116	165	104	180	153	111	129	126	194	159	183	142	135	139	132	100	120	127	187	136	134	171	184	133	145	100	129	192	
200	132	108	124	144	128	114	109	181	131	168	146	198	195	146	176	102	139	160	159	196	197	182	185	176	171	100	146	
153	198	119	131	115	190	174	103	164	124	103	157	146	130	105	114	144	184	150	129	123	103	155	145	116	108	154	100	
DEPOTS_TO_LOCAL_TURN_MATRIX
178	126	146	128	158	183	190	116	126	192	172	152	137	169	101	103	186	134	100	184	199	137	130	160	148	113	140	150	
190	122	146	177	107	160	134	134	144	117	200	115	100	117	136	198	195	141	170	172	149	199	100	106	150	116	118	145	
128	132	121	164	118	122	113	190	140	127	154	100	157	125	125	177	168	177	140	143	137	115	194	100	128	167	115	155	
LOCAL_TO_DEPOT_TURN_MATRIX
122	174	154	172	142	117	110	184	174	108	128	148	163	131	199	197	114	166	100	116	101	163	170	140	152	187	160	150	
110	178	154	123	193	140	166	166	156	183	100	185	200	183	164	102	105	159	130	128	151	101	100	194	150	184	182	155	
172	168	179	136	182	178	187	110	160	173	146	200	143	175	175	123	132	123	160	157	163	185	106	100	172	133	185	145	

