INDEX_PROBLEM
1
PATIENTS
800
STRETCHERS
16
NUM_ROOM
28
NUM_DEPOT
3
NUM_PRIORITY
4
PRIORITY_LIST
0	1	2	3	4
PRIORITY_WEIGHT
0	1	10	18	30
PRIORITY_JOB
0	2	2	3	4	4	1	2	3	3	3	4	2	2	3	4	3	4	4	2	3	3	4	4	2	2	3	3	4	4	2	3	2	3	4	4	1	2	4	3	3	3	4	4	2	2	3	4	4	4	1	2	3	3	3	4	4	1	1	1	4	2	2	3	2	4	4	2	3	3	1	3	4	1	4	4	2	2	3	2	3	4	2	2	3	3	4	1	1	1	4	1	2	3	2	3	3	4	4	2	2	3	4	4	1	1	1	4	1	2	3	2	2	3	4	2	2	3	4	4	4	1	1	1	2	3	3	1	2	4	2	2	3	3	4	3	4	1	1	1	4	2	2	1	3	4	4	1	2	3	3	2	3	1	1	1	4	4	2	2	2	3	4	1	2	3	3	4	4	3	1	1	1	4	4	2	2	2	3	4	4	2	3	3	4	3	1	1	4	2	2	1	3	3	4	4	2	2	3	3	3	1	1	4	1	2	2	1	3	3	4	4	2	2	3	4	4	1	1	4	1	2	2	1	2	3	3	4	2	2	3	4	3	4	4	1	1	2	3	1	3	4	2	2	3	3	4	4	2	2	2	1	1	1	3	1	2	4	4	1	2	3	3	3	4	4	4	1	1	1	2	2	1	3	4	4	1	2	3	3	4	3	4	1	1	1	2	2	2	3	3	4	4	1	2	3	4	3	4	1	1	1	2	2	2	3	3	3	4	4	2	2	3	4	3	4	1	1	4	1	1	2	3	3	4	2	2	4	3	1	4	4	1	1	1	2	2	2	3	3	4	2	2	3	4	3	4	1	1	1	2	3	1	2	3	4	4	2	2	3	3	4	4	2	1	1	1	2	1	1	3	4	4	1	2	3	3	3	3	4	4	1	1	1	2	2	2	3	4	2	1	3	4	3	3	4	4	1	1	1	2	2	2	3	4	4	4	1	2	3	3	3	1	1	1	4	2	1	2	2	3	3	4	2	2	3	3	4	4	1	1	1	1	4	2	3	3	4	4	2	2	4	3	4	1	1	4	1	1	2	2	3	3	4	2	2	3	4	3	4	4	1	1	1	2	2	3	3	4	2	2	3	3	3	1	4	4	1	1	1	2	1	2	3	4	2	2	2	3	4	3	4	4	1	1	1	2	1	2	3	4	4	1	2	4	4	3	3	3	4	1	1	1	2	2	2	3	4	4	1	2	3	3	3	1	1	1	4	2	1	4	2	3	3	4	2	2	4	4	3	4	1	1	4	2	2	2	3	3	4	4	2	2	3	3	4	1	1	4	1	1	2	2	3	3	2	2	1	3	4	3	4	4	1	1	1	2	2	3	3	4	2	2	3	3	4	1	4	2	1	1	1	2	2	3	4	4	2	2	3	3	1	3	4	1	1	1	2	2	1	3	4	4	1	2	3	4	4	3	4	1	1	1	2	2	2	1	3	4	4	1	2	3	3	3	4	1	1	1	4	2	2	2	3	3	4	2	3	3	4	3	4	1	1	2	2	1	3	3	3	4	4	2	2	3	4	4	1	1	4	1	2	2	1	3	3	4	2	2	3	4	3	4	1	1	1	2	3	2	1	3	4	2	2	3	3	4	4	2	1	1	1	3	3	1	2	4	4	2	2	3	3	3	3	4	1	1	1	4	2	2	3	4	1	2	3	1	3	4	2	4	1	1	1	2	2	3	1	4	4	1	2	3	3	4	1	1	1	4	2	2	3	1	3	1	1	1	3	4	4	2	1	1	2	3	3	4	1	2	1	1	1	2	2	3	3	1	1	1	4	4	2	2	1	2	1	1	1	3	4	4	1	1	1	1	2	3	3	4	2	1
TIME_ASKED
0	28849	28898	28947	28996	29045	29094	29149	29198	29247	29296	29345	29394	29429	29458	29487	29516	29545	29574	29603	29632	29661	29690	29742	29784	29826	29868	29910	29952	29994	30029	30058	30087	30116	30145	30174	30203	30232	30261	30290	30329	30358	30387	30416	30445	30474	30503	30532	30561	30590	30621	30642	30663	30684	30705	30726	30747	30768	30789	30810	30831	30852	30873	30894	30949	30998	31047	31096	31145	31194	31227	31254	31281	31308	31335	31362	31389	31416	31443	31470	31497	31524	31548	31572	31596	31620	31644	31668	31692	31716	31740	31764	31788	31837	31874	31911	31948	31985	32022	32059	32096	32159	32218	32277	32336	32395	32419	32438	32457	32476	32495	32514	32533	32552	32571	32590	32609	32628	32647	32666	32685	32759	32818	32877	32936	32995	33027	33054	33081	33108	33135	33162	33189	33216	33243	33270	33297	33333	33366	33399	33432	33465	33498	33531	33564	33597	33616	33632	33648	33664	33680	33696	33712	33728	33744	33760	33776	33792	33808	33824	33840	33856	33872	33888	33933	33966	33999	34032	34065	34098	34131	34164	34197	34242	34284	34326	34368	34410	34452	34494	34533	34566	34599	34632	34665	34698	34731	34764	34797	34827	34854	34881	34908	34935	34962	34989	35016	35043	35070	35097	35137	35174	35211	35248	35285	35322	35359	35396	35433	35466	35499	35532	35565	35598	35631	35664	35697	35723	35746	35769	35792	35815	35838	35861	35884	35907	35930	35953	35976	35999	36023	36046	36069	36092	36115	36138	36161	36184	36207	36230	36253	36276	36299	36327	36354	36381	36408	36435	36462	36489	36516	36543	36570	36597	36619	36638	36657	36676	36695	36714	36733	36752	36771	36790	36809	36828	36847	36866	36885	36949	36998	37047	37096	37145	37194	37259	37318	37377	37436	37495	37549	37598	37647	37696	37745	37794	37827	37854	37881	37908	37935	37962	37989	38016	38043	38070	38097	38123	38146	38169	38192	38215	38238	38261	38284	38307	38330	38353	38376	38399	38419	38438	38457	38476	38495	38514	38533	38552	38571	38590	38609	38628	38647	38666	38685	38742	38784	38826	38868	38910	38952	38994	39029	39058	39087	39116	39145	39174	39203	39232	39261	39290	39349	39398	39447	39496	39545	39594	39633	39666	39699	39732	39765	39798	39831	39864	39897	39937	39974	40011	40048	40085	40122	40159	40196	40242	40284	40326	40368	40410	40452	40494	40542	40584	40626	40668	40710	40752	40794	40849	40898	40947	40996	41045	41094	41133	41166	41199	41232	41265	41298	41331	41364	41397	41423	41446	41469	41492	41515	41538	41561	41584	41607	41630	41653	41676	41699	41749	41798	41847	41896	41945	41994	42099	42198	42297	42342	42384	42426	42468	42510	42552	42594	42699	42798	42897	42923	42946	42969	42992	43015	43038	43061	43084	43107	43130	43153	43176	43199	43237	43274	43311	43348	43385	43422	43459	43496	43549	43598	43647	43696	43745	43794	43899	43998	44097	44159	44218	44277	44336	44395	44459	44518	44577	44636	44695	44799	44898	44997	45033	45066	45099	45132	45165	45198	45231	45264	45297	45337	45374	45411	45448	45485	45522	45559	45596	45637	45674	45711	45748	45785	45822	45859	45896	45959	46018	46077	46136	46195	46249	46298	46347	46396	46445	46494	46537	46574	46611	46648	46685	46722	46759	46796	46821	46842	46863	46884	46905	46926	46947	46968	46989	47010	47031	47052	47073	47094	47199	47298	47397	47437	47474	47511	47548	47585	47622	47659	47696	47737	47774	47811	47848	47885	47922	47959	47996	48049	48098	48147	48196	48245	48294	48324	48348	48372	48396	48420	48444	48468	48492	48516	48540	48564	48588	48627	48654	48681	48708	48735	48762	48789	48816	48843	48870	48897	48937	48974	49011	49048	49085	49122	49159	49196	49233	49266	49299	49332	49365	49398	49431	49464	49497	49537	49574	49611	49648	49685	49722	49759	49796	49827	49854	49881	49908	49935	49962	49989	50016	50043	50070	50097	50149	50198	50247	50296	50345	50394	50424	50448	50472	50496	50520	50544	50568	50592	50616	50640	50664	50688	50737	50774	50811	50848	50885	50922	50959	50996	51027	51054	51081	51108	51135	51162	51189	51216	51243	51270	51297	51324	51348	51372	51396	51420	51444	51468	51492	51516	51540	51564	51588	51637	51674	51711	51748	51785	51822	51859	51896	51933	51966	51999	52032	52065	52098	52131	52164	52197	52259	52318	52377	52436	52495	52517	52534	52551	52568	52585	52602	52619	52636	52653	52670	52687	52704	52721	52738	52755	52772	52789	52859	52918	52977	53036	53095	53137	53174	53211	53248	53285	53322	53359	53396	53459	53518	53577	53636	53695	53733	53766	53799	53832	53865	53898	53931	53964	53997	54027	54054	54081	54108	54135	54162	54189	54216	54243	54270	54297	54374	54448	54522	54596	54627	54654	54681	54708	54735	54762	54789	54816	54843	54870	54897	55049	55198	55237	55274	55311	55348	55385	55422	55459	55496	55574	55648	55722	55796	55827	55854	55881	55908	55935	55962	55989	56016	56043	56070	56097	56399	56499	56598	56697	56733	56766	56799	56832	56865	56898	56931	56964	56997	57049	57098	57147	57196	57245	57294	57359	57418	57477	57536	57595
ORIGIN
26	16	6	27	19	7	27	14	14	4	26	10	2	23	12	14	25	14	3	23	14	14	14	14	14	14	27	27	27	20	23	27	14	9	1	23	11	14	14	13	2	27	2	27	24	14	14	7	7	6	27	18	7	27	20	8	14	14	17	2	23	12	2	14	3	9	23	14	4	24	11	11	11	25	25	14	19	8	3	9	9	23	23	11	2	14	27	7	27	26	14	14	14	4	5	7	26	5	18	7	27	20	26	8	3	8	23	2	2	2	14	14	14	14	14	4	24	15	4	25	16	25	14	3	26	14	23	12	12	14	10	2	23	14	2	4	23	14	26	1	27	15	14	20	20	7	7	27	20	14	3	13	14	14	14	27	20	2	14	14	8	8	8	24	15	4	14	16	27	15	15	26	14	2	14	14	14	13	20	23	12	2	23	27	26	11	9	14	14	27	8	14	1	1	1	20	8	27	3	2	2	13	13	2	14	4	26	1	13	8	25	14	4	26	7	1	7	14	14	14	2	14	14	2	1	14	1	12	2	23	14	3	2	26	7	7	27	11	1	23	3	3	14	8	27	23	23	14	3	2	23	23	23	14	2	26	14	2	2	2	26	16	1	23	23	3	14	14	26	14	14	14	14	16	27	27	23	13	3	23	7	23	8	11	14	1	1	14	14	2	2	2	23	8	1	23	1	1	14	26	14	2	1	1	1	14	27	14	16	5	26	3	14	14	14	14	14	3	14	14	27	1	14	14	13	2	23	7	3	1	23	23	23	1	14	3	3	13	23	12	8	1	23	10	27	2	14	14	26	14	14	1	14	3	4	8	5	26	3	9	14	2	3	2	14	14	3	26	2	2	27	4	2	23	23	26	1	3	1	4	4	7	14	4	13	13	26	11	1	23	10	1	14	14	27	11	11	14	27	14	14	27	26	27	14	16	3	23	9	3	3	14	14	3	14	14	1	27	14	26	23	14	3	16	23	2	23	23	14	14	1	1	14	14	2	23	23	10	1	14	2	27	27	20	14	27	14	14	3	3	27	20	16	6	27	19	7	2	14	14	2	26	14	7	14	14	14	26	14	3	23	14	7	1	26	14	3	25	14	16	16	27	1	2	9	26	1	11	26	27	1	1	27	14	14	26	27	2	2	8	5	27	18	7	2	2	2	2	14	17	17	2	22	27	27	27	3	23	14	4	2	4	4	14	25	14	4	26	20	14	27	2	1	23	11	2	14	27	23	27	14	14	14	15	14	23	27	1	26	17	7	27	27	24	27	14	14	2	27	20	24	27	20	26	23	14	4	27	15	27	23	23	3	3	26	14	14	14	2	1	23	10	2	23	25	14	2	14	14	27	15	14	26	2	27	26	16	7	27	20	2	1	23	14	9	20	2	2	2	2	16	23	14	3	24	14	4	14	20	3	26	14	14	2	14	27	26	23	10	2	23	12	14	2	14	27	27	14	14	27	14	2	14	14	7	26	19	8	23	2	3	16	16	20	2	14	14	27	23	14	3	24	14	4	14	20	1	26	14	2	27	14	14	2	13	10	1	23	12	2	23	1	14	14	27	14	27	11	14	23	16	6	27	19	7	27	14	25	20	20	20	22	23	14	7	27	14	3	23	14	4	20	25	27	26	14	1	26	20	14	4	7	9	1	23	23	7	23	14	14	7	14	27	11	15	14	1	23	6	27	18	7	27	14	14	17	2	22	2	23	2	2	14	14	3	23	14	4	14	14	25	14	5	5	27	20	14	14	14	9	1	23	11	2	26	26	23	14	14	27	24	14	1	4	23	5	27	18	7	27	20	8	23	2	27	27	23	12	2	8	25
DESTINATION
3	14	17	2	22	23	2	3	3	23	14	14	14	27	11	25	14	25	14	4	2	9	9	9	9	1	23	23	2	14	27	23	26	14	14	27	15	5	5	7	27	18	27	18	2	26	8	23	23	17	2	27	20	2	14	14	3	16	6	27	27	11	14	25	14	14	3	26	14	2	12	12	12	14	14	3	22	14	26	14	14	1	27	15	14	20	23	13	23	14	1	1	26	14	14	13	14	14	27	20	2	14	14	14	14	14	7	27	27	14	20	20	8	15	26	14	2	14	14	14	14	14	9	23	14	4	27	11	11	9	14	14	27	8	14	14	1	9	3	23	23	11	2	14	14	13	13	2	14	4	26	7	26	26	5	18	7	27	20	8	14	14	14	2	14	14	1	14	2	14	14	14	4	24	15	25	16	7	7	27	11	14	1	23	3	12	14	10	2	23	14	4	23	23	23	14	14	2	26	14	14	7	7	27	20	14	3	23	7	14	14	26	14	3	13	14	13	8	8	8	24	4	16	27	14	8	23	11	14	1	25	14	14	3	20	20	23	12	23	27	26	26	1	14	2	27	1	1	26	14	1	1	1	20	27	3	2	14	14	14	3	14	14	27	1	26	25	25	14	4	1	1	1	14	23	23	1	7	14	3	13	1	14	12	2	23	23	3	2	14	14	14	26	14	14	1	14	14	8	3	8	27	14	23	14	3	2	20	14	14	3	26	2	2	2	2	2	26	1	1	23	23	1	4	7	14	1	13	14	23	27	27	27	23	3	23	23	7	27	11	14	14	27	14	2	27	2	2	23	8	8	23	1	14	23	14	14	3	14	14	1	27	14	27	16	5	26	3	14	14	23	14	14	1	1	3	14	14	14	14	14	13	2	14	7	7	3	20	14	27	14	14	3	3	23	12	12	1	23	10	10	2	14	2	26	14	14	7	14	14	14	8	5	26	3	9	14	2	3	3	1	25	14	16	27	27	27	27	4	2	23	24	1	1	27	1	27	14	14	26	27	2	2	11	1	23	10	10	14	14	2	14	14	17	2	22	23	27	26	26	27	14	16	23	9	3	4	14	25	14	4	26	20	14	14	4	26	14	3	16	16	2	23	27	14	14	14	15	14	23	14	23	23	10	1	14	2	27	27	14	14	2	27	20	24	27	27	27	16	6	6	27	19	2	2	23	14	3	26	14	14	14	14	26	14	3	23	14	7	1	2	14	14	27	15	14	26	2	1	2	9	9	26	11	26	27	23	14	3	9	20	2	2	2	2	8	5	27	18	7	2	2	7	3	3	26	14	2	14	2	27	27	23	23	14	4	2	4	14	14	27	14	14	27	14	2	27	2	1	23	11	2	14	27	2	3	16	20	2	14	14	23	27	1	17	7	27	27	27	24	14	1	26	14	2	26	14	2	11	26	14	4	15	24	15	23	14	27	14	14	27	11	15	14	1	23	23	10	2	23	25	14	25	20	20	14	22	14	7	27	26	16	16	7	27	20	2	23	27	26	14	1	26	14	4	7	23	14	3	24	2	4	4	14	7	14	14	27	11	14	1	23	10	2	23	2	23	12	2	27	14	17	2	22	23	2	2	14	7	7	14	19	27	8	23	2	25	14	5	26	14	14	14	23	14	3	24	14	14	4	14	20	14	14	27	1	20	1	4	2	13	1	23	12	14	2	23	1	17	2	27	23	2	16	8	6	27	19	14	27	27	27	25	25	14	4	26	14	25	5	14	3	23	23	2	14	4	25	25	14	14	27	15	14	14	14	27	9	1	23	1	26	23	14	27	14	2	27	20	2	14	14	7	27	18	18	27	11	14	14	14
DUE_DATE
0	30427	30476	30045	29554	29603	31392	30727	30296	30345	30394	29903	30972	31007	30556	30045	30614	30103	30132	31181	30730	30759	30248	30300	31362	31404	30966	31008	30510	30552	31607	31156	31665	31214	30703	30732	32501	31810	30819	31388	31427	31456	30945	30974	32023	32052	31601	31090	31119	31148	32919	32220	31761	31782	31803	31284	31305	33066	33087	33108	31389	32430	32451	31992	32527	31556	31605	32674	32243	32292	33525	32352	31839	33606	31893	31920	32967	32994	32541	33048	32595	32082	33126	33150	32694	32718	32202	33966	33990	34014	32298	34062	33366	32935	33452	33009	33046	32543	32580	33637	33674	33257	32776	32835	34634	34693	34717	32996	34755	34054	33593	34092	34111	33650	33129	34168	34187	33726	33205	33224	33243	35057	35116	35175	34514	34093	34125	35352	34659	33666	34713	34740	34287	34314	33801	34368	33855	35631	35664	35697	33990	35043	35076	35829	34662	34155	34174	35930	35226	34762	34778	35274	34810	36026	36042	36058	34334	34350	35386	35402	35418	34954	34430	36186	35511	35064	35097	34590	34623	35196	36429	36462	36495	34800	34842	35904	35946	35988	35550	35052	35091	36144	35697	35730	35223	35796	37029	37062	35355	36405	36432	37179	36006	36033	35520	35547	36594	36621	36168	36195	36235	37472	37509	35806	37583	36900	36937	37694	36531	36564	36057	36090	37143	37176	36729	36222	36255	38021	38044	36327	38090	37393	37416	38159	37462	37005	37028	36511	37554	37577	37121	36604	37167	36650	36673	38436	38459	37762	37305	38528	37351	36834	37877	37905	37452	37479	36966	36993	38040	38067	38094	38841	38868	38895	37717	38936	38235	37234	37253	39012	38311	37850	37869	37888	37367	37386	37405	39164	39183	39247	38576	38625	39394	38243	37752	37817	39616	38955	38534	38593	38107	38696	38205	39994	40043	40092	39405	39432	39459	39006	39033	38520	38547	40314	39621	39168	38655	39221	38704	40467	40490	40513	39816	39839	39862	39405	39428	39451	38934	38957	39997	40016	39555	39034	39593	39072	40831	40850	39129	40888	40907	40206	39745	39764	39243	40320	40362	39384	39966	41208	39510	39552	41327	41356	41385	40694	40723	40752	40301	40330	39819	40868	40927	40496	40005	40594	40103	41892	41931	41964	41277	40830	42063	41376	40929	40422	40455	41515	41552	41109	41146	40643	40680	41737	42494	42540	42582	41904	42666	42708	41550	41052	41100	42882	42204	41766	41808	41850	41892	41407	41456	43245	43294	43343	42672	42711	42744	42297	41790	42843	43596	42429	41922	42495	42521	42004	42027	43790	43813	43836	43139	43162	43185	42728	42211	42234	42257	44047	43376	42945	42994	43043	44292	44397	44496	42855	43920	44682	44004	44046	43608	43650	43152	44277	44376	43995	44021	43504	43527	45290	45313	45336	45359	43642	44685	44228	44251	43734	43757	44815	44852	43869	44446	43943	45720	45757	44054	45847	45896	45225	45274	44843	44892	44457	45576	45675	45257	44776	45375	44894	44953	46757	46816	46875	46214	46273	45897	45996	45555	46611	46644	46197	46230	46263	47496	45789	45822	47595	47635	47672	46989	47746	47063	46620	46117	47174	47215	47252	46809	46306	46883	46380	46417	48194	48257	48316	47655	48434	47773	47347	46856	46905	48694	48023	47052	47095	47672	47709	47746	47243	49020	49057	49094	48399	48420	48441	47982	47463	47484	49245	48546	48087	48108	48129	49350	49371	49392	47757	48876	49695	47995	49052	48609	48646	48143	49200	49237	48254	48295	48872	48369	50146	50183	48480	49537	49574	49627	49196	49245	48754	48803	49872	49902	49446	49470	48954	50718	50742	49026	50790	50814	50118	50142	49686	49725	50232	50259	51006	49833	49320	49887	49374	49401	51168	51195	51235	50552	50589	50146	50183	49680	50737	50774	50331	50364	49857	51630	49923	50976	51729	51762	51795	51115	51152	50709	50206	50243	51300	51337	50894	50925	52152	50979	50466	52233	52260	52287	51594	51621	52368	51195	50707	50756	52545	51874	51443	50952	50982	51546	51030	52794	52818	52842	52146	52170	52194	52938	51762	51246	51295	53072	52389	51946	51983	52020	51517	53294	53325	53352	51639	52686	52713	52740	52287	52314	51801	52848	52395	52422	51906	52470	51954	53718	53742	53046	53070	53814	52638	52662	52686	52195	52232	53289	53326	52883	52380	52417	54194	54231	52524	54297	53610	53643	54396	53229	53262	52755	53837	53896	53475	52994	53593	53075	54832	54849	54866	54163	53700	54197	54934	53751	53228	54265	54282	53819	53836	53313	53330	54367	55157	55216	55275	54134	54193	55435	54752	53769	53806	54863	54900	54457	54494	54557	54616	54135	55934	55993	56031	54324	55377	55410	54963	54456	56229	55542	55095	56325	55152	54639	55686	54693	56460	56487	56514	55821	55848	55395	56672	55006	55080	56894	56205	55752	55779	55266	57033	57060	57087	55374	56421	56448	55995	57347	56296	57535	57572	57609	56446	55943	55980	57037	57794	57872	57226	56820	56894	56385	58152	57459	58206	58233	58260	57567	57594	57141	57168	58395	58697	58797	57156	57255	58311	58344	59097	58410	59163	59196	59229	58062	57555	57607	59396	59445	59494	59543	58872	58457	58516	58035	59114	59893
TRANSPORT_MODE
0	2	2	2	1	1	1	2	0	2	2	1	1	1	2	0	0	2	1	1	1	1	1	0	2	2	2	1	1	1	2	0	2	1	1	1	1	2	0	0	2	2	1	1	1	1	2	0	2	1	1	1	1	1	0	0	0	3	3	3	1	1	1	2	0	2	2	1	1	1	3	0	0	3	1	1	1	1	2	0	2	2	1	1	1	0	1	0	3	3	1	1	1	1	0	0	2	2	2	1	1	1	1	0	0	3	3	1	1	1	1	0	0	2	2	2	1	1	1	1	0	3	3	3	1	1	1	0	0	2	2	1	1	1	1	0	0	3	3	3	1	1	1	0	1	2	2	1	1	1	0	0	1	3	3	3	1	1	1	0	2	2	1	1	1	1	0	0	0	1	3	3	3	1	1	1	0	1	2	2	1	1	1	0	0	1	3	3	1	1	1	0	1	2	2	2	1	1	0	0	1	3	3	1	1	1	0	0	1	1	2	2	2	1	1	0	1	3	3	1	1	1	0	0	0	1	1	2	2	2	1	1	0	1	1	3	3	1	1	0	1	2	1	2	2	1	1	0	0	1	1	3	3	3	1	0	0	1	1	2	2	1	1	0	0	1	1	3	3	3	1	1	0	1	1	2	2	1	1	0	0	1	1	3	3	3	1	1	0	0	1	1	2	2	1	1	0	1	1	3	3	3	1	1	0	0	1	1	2	2	2	1	0	0	1	1	3	3	1	1	0	1	1	2	2	2	1	0	1	0	1	1	3	3	1	1	0	0	1	1	1	2	2	2	1	0	1	1	3	3	1	1	0	0	1	1	2	2	2	1	1	0	1	1	3	3	3	1	0	0	1	1	2	2	1	1	0	0	1	1	1	3	3	3	1	0	1	1	2	2	1	1	0	0	1	1	1	3	3	3	1	0	1	1	0	2	1	2	1	0	1	1	3	3	3	1	1	0	0	1	1	2	2	2	1	0	1	1	1	3	3	1	0	0	1	1	1	2	2	2	1	0	1	1	3	3	1	1	0	0	1	1	1	2	2	2	1	0	0	1	1	1	3	3	1	0	1	1	2	2	2	1	1	0	0	1	1	3	3	3	1	0	1	1	2	2	0	1	1	0	1	1	1	3	3	3	1	0	1	1	2	2	1	1	0	0	0	1	1	1	3	3	3	1	0	1	1	2	2	1	1	0	1	1	3	3	3	1	1	0	0	1	1	2	2	2	1	0	0	1	1	3	3	1	1	0	1	1	1	2	2	2	1	0	1	1	3	3	1	1	0	0	1	1	1	2	2	0	2	1	0	1	1	3	3	1	1	0	1	1	2	2	2	1	1	0	0	1	1	3	3	3	1	0	1	1	2	2	1	1	0	0	1	1	3	3	3	1	1	0	1	1	2	2	1	1	0	0	1	1	3	3	3	1	1	0	0	1	1	2	2	1	1	0	1	1	3	3	3	1	1	0	1	2	2	1	2	1	0	0	1	1	3	3	1	1	0	0	1	1	2	2	2	1	1	0	1	3	3	1	1	1	0	0	1	1	2	2	2	1	1	0	1	3	3	1	1	1	0	0	1	2	2	2	1	1	1	0	1	3	3	3	1	1	0	0	1	2	2	1	1	1	0	0	1	3	3	3	1	1	1	1	2	2	1	1	0	1	0	0	1	3	3	3	1	1	1	0	1	2	2	1	1	1	0	3	3	3	1	1	1	1	0	0	3	3	3	1	1	1	0	3	3	1	1	1	1	0	0	3	3	3	1	1	1	1	0	3	3	1	1	1	1	0	0	3	3	3	1	1	1	1	0	3	3	1	1	1	1	0	0
PATIENT_WEIGHT
83	140	117	42	62	113	147	50	108	99	64	118	130	141	97	146	54	61	68	134	144	110	73	77	143	35	103	45	150	66	91	147	56	67	131	37	43	115	63	136	149	143	150	111	40	64	140	37	35	59	103	115	118	33	90	122	101	37	30	68	142	115	30	74	88	77	140	34	60	45	149	33	145	72	148	75	49	124	40	54	112	82	148	63	124	98	30	95	48	87	138	66	97	122	136	40	106	130	77	127	139	118	117	136	138	124	96	54	69	107	86	89	77	99	47	43	71	113	107	75	75	129	104	95	150	97	100	126	33	131	146	58	92	116	97	78	32	112	105	113	65	33	142	140	138	48	147	150	51	106	44	103	134	111	149	101	83	149	122	53	41	48	33	84	132	74	115	141	59	96	147	91	30	76	104	81	144	135	56	117	112	85	87	102	95	60	118	139	78	66	106	30	78	114	70	104	91	143	108	35	63	113	35	93	37	65	126	67	92	149	107	124	47	35	131	120	105	148	130	132	42	96	122	135	55	45	146	61	36	133	141	81	97	70	44	131	129	60	67	131	107	70	59	34	91	150	131	46	140	128	136	66	70	129	124	93	147	114	79	141	103	48	102	90	31	84	68	45	87	113	114	45	74	55	146	135	115	60	91	146	90	75	73	140	107	79	76	64	110	96	114	150	47	52	106	143	44	47	131	33	141	63	84	142	60	91	109	63	139	75	131	70	54	139	48	143	85	135	100	111	105	39	137	131	50	119	94	82	109	55	97	54	138	71	118	84	121	106	134	78	132	91	102	30	80	86	53	131	33	99	62	75	43	81	143	37	129	112	121	150	131	139	150	149	100	64	112	79	88	148	137	80	130	80	83	85	62	131	105	92	80	148	48	112	50	114	31	115	54	93	144	85	127	69	49	86	124	37	93	39	122	41	74	108	104	98	134	81	41	39	97	89	37	77	114	96	34	90	131	58	59	38	117	142	136	106	72	33	119	59	43	58	101	150	128	35	109	131	71	65	92	91	30	138	105	125	50	51	54	68	119	52	133	73	80	57	111	107	56	117	106	66	137	52	104	30	63	123	34	102	32	32	57	143	145	72	55	135	98	137	136	142	89	111	64	96	33	44	90	84	92	134	118	53	140	150	111	40	104	68	112	137	122	146	138	121	43	63	49	36	72	137	84	55	110	104	46	82	61	97	90	58	51	64	86	115	141	118	118	54	53	135	142	86	86	54	98	83	115	97	82	130	135	113	70	90	31	37	83	61	111	143	33	107	56	95	88	39	125	134	138	136	32	124	104	86	40	125	58	30	39	83	141	116	62	76	108	133	98	31	108	74	131	71	131	31	66	30	62	67	46	42	111	63	122	30	63	72	73	124	35	95	129	63	54	67	32	52	35	114	50	127	53	67	75	96	141	109	121	32	70	40	46	69	103	67	120	79	55	49	67	144	32	126	90	146	58	92	124	144	127	112	36	110	103	141	117	79	69	63	91	109	82	89	115	124	98	79	54	44	60	33	143	36	143	34	123	140	131	117	106	45	111	85	89	95	74	34	89	67	150	122	57	70	137	115	65	134	43	79	58	117	109	120	60	71	136	118	96	35	72	50	150	97	37	43	105	38	81	38	98	113	73	40	58	115	35	80	144	84	141	131	130	44	42	141	45	66	37	64	58	91	38	62	149	140	86	58	127	51	128	79	143	101	43	64	112	33	56	52	146	50	32	47	97	128	90	57	73	64	57	146	70	55	109	69	106	55	101	68	105	57	118	143	50	88	135	55	36	93	63	111	100	98	62	98	65	73	142	105	119	74	88	76	134	93	129	54	36	135	45
DISTANCE_MATRIX
0	360	318	300	288	276	264	264	150	150	150	60	90	90	162	168	204	228	234	312	360	408	348	318	168	192	168	318
360	60	264	318	324	342	342	342	348	348	354	360	372	378	378	420	420	480	462	498	462	462	384	420	372	420	378	378
318	264	60	270	276	288	288	288	294	294	294	318	318	324	324	414	414	468	462	486	462	462	330	366	366	408	372	324
300	318	270	60	276	288	288	288	288	288	288	300	300	312	318	408	408	468	462	486	438	438	318	360	360	402	360	312
288	324	276	276	60	276	276	276	276	276	276	288	288	300	300	402	396	462	456	480	432	432	300	360	360	402	348	300
276	342	288	288	276	60	180	180	252	258	264	264	264	288	288	390	390	456	450	480	432	432	288	348	348	348	288	288
264	342	288	288	276	180	60	180	246	258	264	264	264	288	288	390	390	456	450	480	432	432	288	348	348	348	288	288
264	342	288	288	276	180	180	60	240	258	264	264	264	288	288	390	390	456	450	480	432	432	288	348	348	348	288	288
150	348	294	288	276	252	246	240	60	120	120	150	126	270	270	378	384	420	438	480	420	408	276	300	300	300	276	270
150	348	294	288	276	258	258	258	120	60	120	150	150	270	270	378	384	420	438	480	420	408	276	300	300	300	276	270
150	354	294	288	276	264	264	264	120	120	60	150	150	270	270	378	384	420	438	480	420	408	276	300	300	300	276	270
60	360	318	300	288	264	264	264	150	150	150	60	90	162	168	228	234	312	360	408	348	318	168	192	192	198	168	162
90	372	318	300	288	264	264	264	150	150	150	90	60	162	168	228	234	312	360	408	348	318	168	192	192	198	168	162
90	378	324	312	300	288	288	288	270	270	270	162	162	60	120	180	180	306	210	360	300	300	120	180	120	180	120	234
162	378	324	318	300	288	288	288	270	270	270	168	168	120	60	180	180	306	210	360	300	300	120	180	120	180	120	120
168	420	414	408	402	348	348	348	300	300	300	228	228	180	180	60	132	204	132	348	258	258	186	60	180	132	222	180
204	420	414	408	396	390	390	390	384	384	384	234	234	180	180	132	60	204	132	348	258	258	186	60	180	132	222	180
228	480	468	468	462	456	456	456	420	420	420	312	312	306	306	204	204	60	198	120	240	240	306	204	306	138	306	306
234	462	462	462	456	450	450	450	438	438	438	360	360	210	210	132	132	198	60	138	132	132	210	132	210	132	210	210
312	498	486	486	480	480	480	480	480	480	480	408	408	360	360	348	348	120	138	60	348	348	360	348	360	348	360	360
360	462	462	438	432	432	432	432	420	420	420	348	348	300	300	258	258	240	132	348	60	60	300	258	300	258	300	300
408	462	462	438	432	432	432	432	408	408	408	318	318	300	300	258	258	240	132	348	60	60	300	258	300	258	300	300
348	384	330	318	300	288	288	288	276	276	276	168	168	120	120	186	186	306	210	360	300	300	60	186	120	186	120	120
318	420	366	360	360	348	348	348	300	300	300	192	192	180	180	60	60	204	132	348	258	258	186	60	180	60	180	180
168	372	300	306	300	288	288	288	270	270	270	168	168	120	120	180	180	306	210	360	300	300	120	180	60	180	120	120
192	420	408	402	402	348	348	348	300	300	300	198	198	180	180	132	132	138	132	348	258	258	186	60	180	60	180	180
168	378	372	360	348	288	288	288	276	276	276	168	168	120	120	222	222	306	210	360	300	300	120	180	120	180	60	120
318	378	324	312	300	288	288	288	270	270	270	162	162	234	120	180	180	306	210	360	300	300	120	180	120	180	120	60
DEPOTS_DISTANCE
234	462	462	462	456	450	450	450	438	438	438	360	360	210	210	132	132	198	60	138	132	132	210	132	210	132	210	210	
348	384	330	318	300	288	288	288	276	276	276	168	168	120	120	186	186	306	210	360	300	300	60	186	120	186	120	120	
318	420	366	360	360	348	348	348	300	300	300	192	192	180	180	60	60	204	132	348	258	258	186	60	180	60	180	180	
LOCATION_TURN_MATRIX
100	130	122	113	112	199	136	122	129	152	173	146	151	136	158	140	176	113	122	167	194	134	110	172	114	184	100	147	
170	100	154	188	164	169	136	136	152	170	104	183	155	115	101	104	155	187	174	115	149	134	178	168	114	135	168	102	
178	146	100	161	178	114	104	165	117	139	126	169	192	109	120	179	160	152	154	134	113	140	154	179	196	196	192	181	
187	112	139	100	158	114	195	181	104	132	195	106	183	169	132	170	140	136	172	148	116	110	123	136	151	120	176	169	
188	136	122	142	100	175	164	159	112	100	167	164	135	191	132	181	104	123	142	156	108	117	193	182	116	147	156	185	
101	131	186	186	125	100	190	147	164	150	137	102	145	176	185	131	113	108	117	186	118	151	140	178	154	189	172	110	
164	164	196	105	136	110	100	186	153	151	183	193	111	157	144	123	188	142	110	163	105	190	166	187	170	171	186	126	
178	164	135	119	141	153	114	100	106	130	108	103	151	178	122	151	130	133	184	177	110	141	166	110	122	174	191	197	
171	148	183	196	188	136	147	194	100	167	100	146	168	129	128	142	172	118	174	147	105	158	156	160	120	106	119	136	
148	130	161	168	200	150	149	170	133	100	177	106	175	116	188	180	176	194	108	146	130	187	183	173	128	141	169	176	
127	196	174	105	133	163	117	192	200	123	100	171	175	140	183	115	104	186	128	153	151	175	100	146	191	117	132	197	
154	117	131	194	136	198	107	197	154	194	129	100	136	184	140	147	172	184	148	131	103	156	185	200	152	158	154	143	
149	145	108	117	165	155	189	149	132	125	125	164	100	140	199	142	101	144	163	185	117	191	200	143	113	165	102	154	
164	185	191	131	109	124	143	122	171	184	160	116	160	100	109	116	196	113	131	186	166	139	183	175	144	161	105	170	
142	199	180	168	168	115	156	178	172	112	117	160	101	191	100	147	177	177	199	158	172	188	164	175	180	168	154	195	
160	196	121	130	119	169	177	149	158	120	185	153	158	184	153	100	152	159	197	157	181	159	102	123	168	200	124	186	
124	145	140	160	196	187	112	170	128	124	196	128	199	104	123	148	100	149	114	112	117	135	105	132	138	180	198	156	
187	113	148	164	177	192	158	167	182	106	114	116	156	187	123	141	151	100	166	132	168	163	159	123	129	173	161	116	
178	126	146	128	158	183	190	116	126	192	172	152	137	169	101	103	186	134	100	184	199	137	130	160	148	113	140	150	
133	185	166	152	144	114	137	123	153	154	147	169	115	114	142	143	188	168	116	100	111	195	128	157	191	164	141	171	
106	151	187	184	192	182	195	190	195	170	149	197	183	134	128	119	183	132	101	189	100	129	151	163	147	166	104	177	
166	166	160	190	183	149	110	159	142	113	125	144	109	161	112	141	165	137	163	105	171	100	101	185	169	129	103	197	
190	122	146	177	107	160	134	134	144	117	200	115	100	117	136	198	195	141	170	172	149	199	100	106	150	116	118	145	
128	132	121	164	118	122	113	190	140	127	154	100	157	125	125	177	168	177	140	143	137	115	194	100	128	167	115	155	
186	186	104	149	184	146	130	178	180	172	109	148	187	156	120	132	162	171	152	109	153	131	150	172	100	155	124	184	
116	165	104	180	153	111	129	126	194	159	183	142	135	139	132	100	120	127	187	136	134	171	184	133	145	100	129	192	
200	132	108	124	144	128	114	109	181	131	168	146	198	195	146	176	102	139	160	159	196	197	182	185	176	171	100	146	
153	198	119	131	115	190	174	103	164	124	103	157	146	130	105	114	144	184	150	129	123	103	155	145	116	108	154	100	
DEPOTS_TO_LOCAL_TURN_MATRIX
178	126	146	128	158	183	190	116	126	192	172	152	137	169	101	103	186	134	100	184	199	137	130	160	148	113	140	150	
190	122	146	177	107	160	134	134	144	117	200	115	100	117	136	198	195	141	170	172	149	199	100	106	150	116	118	145	
128	132	121	164	118	122	113	190	140	127	154	100	157	125	125	177	168	177	140	143	137	115	194	100	128	167	115	155	
LOCAL_TO_DEPOT_TURN_MATRIX
122	174	154	172	142	117	110	184	174	108	128	148	163	131	199	197	114	166	100	116	101	163	170	140	152	187	160	150	
110	178	154	123	193	140	166	166	156	183	100	185	200	183	164	102	105	159	130	128	151	101	100	194	150	184	182	155	
172	168	179	136	182	178	187	110	160	173	146	200	143	175	175	123	132	123	160	157	163	185	106	100	172	133	185	145	

