INDEX_PROBLEM
1
PATIENTS
800
STRETCHERS
16
NUM_ROOM
28
NUM_DEPOT
3
NUM_PRIORITY
4
PRIORITY_LIST
0	1	2	3	4
PRIORITY_WEIGHT
0	1	10	18	30
PRIORITY_JOB
0	2	2	3	3	1	2	2	2	3	3	2	2	3	3	3	4	1	2	2	3	3	2	3	2	3	3	4	4	1	4	3	2	2	3	3	1	2	2	3	2	3	4	4	2	2	3	3	3	3	1	2	2	3	3	4	3	1	1	1	2	2	3	3	1	4	1	2	2	3	1	3	1	1	3	2	2	3	3	2	2	4	4	1	2	2	1	3	1	1	3	3	1	2	2	1	3	3	4	4	2	2	1	4	3	1	3	3	1	2	2	2	1	3	3	2	2	3	3	3	2	1	1	4	1	2	2	2	3	3	2	2	3	3	4	4	1	1	1	4	1	2	2	1	3	3	1	2	2	3	4	3	2	1	1	1	4	2	2	2	1	3	3	1	2	2	3	3	3	1	1	1	3	2	2	1	2	3	3	4	1	2	2	3	1	1	1	3	3	2	2	1	2	3	3	4	1	2	3	3	1	1	1	2	3	4	1	2	3	2	2	3	4	2	2	4	3	3	1	1	3	4	1	1	2	2	2	3	3	2	2	4	2	3	1	1	3	4	1	1	2	2	3	3	2	2	3	3	3	1	1	4	1	2	1	2	2	3	3	4	1	2	3	3	1	3	1	1	4	2	2	1	3	3	4	1	2	2	3	4	2	2	1	1	1	2	3	1	2	3	3	3	1	2	2	3	4	3	2	1	1	1	2	3	1	3	4	4	1	2	2	2	3	3	1	1	1	3	1	2	2	3	3	4	4	1	2	3	3	2	1	1	1	3	3	1	1	4	2	2	3	3	2	2	2	4	3	3	1	1	4	1	1	2	2	3	3	2	2	3	3	1	3	4	1	1	1	2	2	2	3	3	1	2	3	3	3	1	4	4	1	1	1	2	2	1	2	3	3	2	1	2	4	3	3	2	1	1	1	2	1	2	4	3	3	3	1	2	2	2	3	3	1	1	1	2	2	1	3	3	4	1	2	2	3	3	3	1	1	1	4	1	1	3	2	3	3	4	1	2	3	4	2	3	1	1	1	3	4	2	2	1	2	2	3	2	2	3	3	3	3	3	1	1	1	1	2	2	3	3	2	2	3	3	3	4	1	1	1	2	1	2	2	3	3	4	1	2	3	4	3	4	1	1	1	2	1	1	2	3	3	4	1	2	2	2	2	3	2	1	1	1	2	1	1	3	3	3	1	2	2	3	3	3	1	1	1	2	2	1	3	3	4	1	2	2	3	3	3	3	1	1	1	4	1	1	2	3	3	4	1	2	4	2	2	3	1	1	1	3	4	2	3	1	2	2	3	2	2	3	3	3	3	1	1	3	1	1	2	2	3	3	2	2	3	4	3	1	1	4	1	2	2	2	2	3	3	1	2	3	3	2	4	1	1	4	1	2	1	1	2	3	3	1	2	2	3	2	2	4	2	1	1	1	2	1	2	3	3	4	1	2	2	3	3	1	1	1	3	2	2	1	3	3	4	1	2	2	3	3	1	1	1	3	1	2	2	3	3	3	4	4	1	2	4	2	2	1	1	1	3	3	1	1	2	2	3	4	2	2	2	3	3	1	1	3	1	2	1	2	2	3	3	2	2	3	3	3	4	1	1	1	2	2	2	3	3	4	2	2	3	3	3	1	1	1	4	1	2	2	1	3	3	4	1	2	2	3	3	2	1	1	1	2	2	3	1	2	3	4	1	2	2	3	3	1	1	1	3	2	2	3	1	1	1	3	4	1	2	1	2	1	1	1	2	3	3	2	1	1	1	2	3	3	4	2	1	1	1	1	1	2	2	3	1	2	1	1	1	3	4	1	1	1	1	2	2	3	4	2	1
TIME_ASKED
0	28849	28898	28947	28996	29045	29094	29149	29198	29247	29296	29345	29394	29429	29458	29487	29516	29545	29574	29603	29632	29661	29690	29742	29784	29826	29868	29910	29952	29994	30029	30058	30087	30116	30145	30174	30203	30232	30261	30290	30329	30358	30387	30416	30445	30474	30503	30532	30561	30590	30621	30642	30663	30684	30705	30726	30747	30768	30789	30810	30831	30852	30873	30894	30949	30998	31047	31096	31145	31194	31227	31254	31281	31308	31335	31362	31389	31416	31443	31470	31497	31524	31548	31572	31596	31620	31644	31668	31692	31716	31740	31764	31788	31837	31874	31911	31948	31985	32022	32059	32096	32159	32218	32277	32336	32395	32419	32438	32457	32476	32495	32514	32533	32552	32571	32590	32609	32628	32647	32666	32685	32759	32818	32877	32936	32995	33027	33054	33081	33108	33135	33162	33189	33216	33243	33270	33297	33333	33366	33399	33432	33465	33498	33531	33564	33597	33616	33632	33648	33664	33680	33696	33712	33728	33744	33760	33776	33792	33808	33824	33840	33856	33872	33888	33933	33966	33999	34032	34065	34098	34131	34164	34197	34242	34284	34326	34368	34410	34452	34494	34533	34566	34599	34632	34665	34698	34731	34764	34797	34827	34854	34881	34908	34935	34962	34989	35016	35043	35070	35097	35137	35174	35211	35248	35285	35322	35359	35396	35433	35466	35499	35532	35565	35598	35631	35664	35697	35723	35746	35769	35792	35815	35838	35861	35884	35907	35930	35953	35976	35999	36023	36046	36069	36092	36115	36138	36161	36184	36207	36230	36253	36276	36299	36327	36354	36381	36408	36435	36462	36489	36516	36543	36570	36597	36619	36638	36657	36676	36695	36714	36733	36752	36771	36790	36809	36828	36847	36866	36885	36949	36998	37047	37096	37145	37194	37259	37318	37377	37436	37495	37549	37598	37647	37696	37745	37794	37827	37854	37881	37908	37935	37962	37989	38016	38043	38070	38097	38123	38146	38169	38192	38215	38238	38261	38284	38307	38330	38353	38376	38399	38419	38438	38457	38476	38495	38514	38533	38552	38571	38590	38609	38628	38647	38666	38685	38742	38784	38826	38868	38910	38952	38994	39029	39058	39087	39116	39145	39174	39203	39232	39261	39290	39349	39398	39447	39496	39545	39594	39633	39666	39699	39732	39765	39798	39831	39864	39897	39937	39974	40011	40048	40085	40122	40159	40196	40242	40284	40326	40368	40410	40452	40494	40542	40584	40626	40668	40710	40752	40794	40849	40898	40947	40996	41045	41094	41133	41166	41199	41232	41265	41298	41331	41364	41397	41423	41446	41469	41492	41515	41538	41561	41584	41607	41630	41653	41676	41699	41749	41798	41847	41896	41945	41994	42099	42198	42297	42342	42384	42426	42468	42510	42552	42594	42699	42798	42897	42923	42946	42969	42992	43015	43038	43061	43084	43107	43130	43153	43176	43199	43237	43274	43311	43348	43385	43422	43459	43496	43549	43598	43647	43696	43745	43794	43899	43998	44097	44159	44218	44277	44336	44395	44459	44518	44577	44636	44695	44799	44898	44997	45033	45066	45099	45132	45165	45198	45231	45264	45297	45337	45374	45411	45448	45485	45522	45559	45596	45637	45674	45711	45748	45785	45822	45859	45896	45959	46018	46077	46136	46195	46249	46298	46347	46396	46445	46494	46537	46574	46611	46648	46685	46722	46759	46796	46821	46842	46863	46884	46905	46926	46947	46968	46989	47010	47031	47052	47073	47094	47199	47298	47397	47437	47474	47511	47548	47585	47622	47659	47696	47737	47774	47811	47848	47885	47922	47959	47996	48049	48098	48147	48196	48245	48294	48324	48348	48372	48396	48420	48444	48468	48492	48516	48540	48564	48588	48627	48654	48681	48708	48735	48762	48789	48816	48843	48870	48897	48937	48974	49011	49048	49085	49122	49159	49196	49233	49266	49299	49332	49365	49398	49431	49464	49497	49537	49574	49611	49648	49685	49722	49759	49796	49827	49854	49881	49908	49935	49962	49989	50016	50043	50070	50097	50149	50198	50247	50296	50345	50394	50424	50448	50472	50496	50520	50544	50568	50592	50616	50640	50664	50688	50737	50774	50811	50848	50885	50922	50959	50996	51027	51054	51081	51108	51135	51162	51189	51216	51243	51270	51297	51324	51348	51372	51396	51420	51444	51468	51492	51516	51540	51564	51588	51637	51674	51711	51748	51785	51822	51859	51896	51933	51966	51999	52032	52065	52098	52131	52164	52197	52259	52318	52377	52436	52495	52517	52534	52551	52568	52585	52602	52619	52636	52653	52670	52687	52704	52721	52738	52755	52772	52789	52859	52918	52977	53036	53095	53137	53174	53211	53248	53285	53322	53359	53396	53459	53518	53577	53636	53695	53733	53766	53799	53832	53865	53898	53931	53964	53997	54027	54054	54081	54108	54135	54162	54189	54216	54243	54270	54297	54374	54448	54522	54596	54627	54654	54681	54708	54735	54762	54789	54816	54843	54870	54897	55049	55198	55237	55274	55311	55348	55385	55422	55459	55496	55574	55648	55722	55796	55827	55854	55881	55908	55935	55962	55989	56016	56043	56070	56097	56399	56499	56598	56697	56733	56766	56799	56832	56865	56898	56931	56964	56997	57049	57098	57147	57196	57245	57294	57359	57418	57477	57536	57595
ORIGIN
26	16	6	27	19	7	27	25	25	14	4	10	2	23	12	23	23	14	3	23	14	14	14	16	14	14	27	7	27	20	7	9	14	9	1	23	11	14	2	13	14	27	20	27	24	14	14	14	8	6	27	18	7	27	20	8	14	14	17	2	23	12	2	14	14	14	23	14	4	24	11	1	1	25	14	14	19	8	9	14	1	1	23	11	2	14	14	14	2	14	14	14	14	4	5	7	7	1	18	7	27	20	8	14	1	17	17	2	12	2	23	14	1	14	14	4	24	15	4	26	16	25	2	3	26	26	23	14	3	14	10	2	23	14	2	14	23	14	14	15	14	26	16	8	1	2	7	27	20	14	3	23	13	14	23	27	20	23	13	4	14	27	4	24	15	4	14	16	6	2	1	26	14	22	8	3	14	14	2	23	12	2	23	14	26	1	14	14	14	16	14	1	1	14	27	20	8	27	3	14	23	14	20	2	14	13	26	27	14	14	14	14	4	26	7	1	23	23	23	14	14	14	1	14	17	14	23	12	2	23	14	3	23	14	14	27	11	14	26	25	14	4	14	8	27	23	9	3	23	3	2	2	14	14	5	10	1	27	14	4	26	16	1	26	23	1	1	4	3	3	23	14	2	27	11	2	23	13	3	23	27	2	27	11	14	1	16	14	3	14	14	27	23	8	1	22	3	3	23	23	3	14	14	3	26	15	4	26	16	5	26	16	14	23	23	26	14	3	14	3	3	20	2	23	13	2	23	14	3	27	18	20	14	7	14	3	3	14	27	20	8	1	23	10	27	2	14	4	26	14	14	14	26	14	24	15	5	26	16	7	14	4	14	3	14	3	16	16	16	2	23	13	2	23	14	3	24	1	27	1	27	1	26	26	26	14	20	8	1	23	10	1	23	7	2	4	14	14	27	14	2	27	15	4	14	16	3	1	14	3	2	2	14	14	3	20	20	2	12	2	23	14	3	27	14	27	27	7	14	1	14	26	1	14	27	1	23	10	1	23	24	24	14	14	14	27	14	14	27	20	4	26	16	6	27	19	7	27	23	23	14	26	14	14	2	14	2	23	14	3	23	14	7	25	23	14	1	25	7	23	26	4	27	24	9	1	23	11	2	23	23	23	27	14	3	27	2	2	26	16	5	27	18	7	20	20	14	14	3	17	2	22	23	2	27	14	3	23	14	4	14	14	14	1	25	14	4	26	26	14	23	9	1	23	11	2	23	14	2	1	14	14	27	15	14	27	16	5	26	17	7	27	20	14	3	14	14	2	27	20	11	14	13	3	23	14	4	24	15	1	1	25	14	3	26	2	4	2	8	1	23	10	2	23	25	14	25	14	27	27	14	20	7	26	5	26	16	7	27	20	7	23	14	3	9	23	11	2	14	4	2	23	14	3	24	14	4	7	7	3	26	26	14	2	14	23	23	23	10	2	23	12	26	14	14	27	14	14	27	27	14	16	26	16	7	26	19	8	14	14	3	16	20	11	14	14	27	2	23	14	3	24	14	4	1	14	1	1	26	14	27	26	14	23	23	10	1	23	12	2	23	23	27	14	27	14	24	11	8	26	16	6	27	19	7	27	8	14	3	14	20	2	23	16	16	23	14	3	23	14	4	26	2	14	26	14	14	27	20	14	23	23	9	1	23	23	2	23	13	2	14	14	27	24	15	14	1	7	6	27	18	7	27	21	8	17	2	22	2	23	12	2	5	14	3	23	14	4	14	1	25	1	25	14	27	20	3	14	14	9	1	23	11	2	27	13	14	27	14	14	24	14	1	7	7	5	27	18	7	27	20	8	1	2	27	2	23	12	2	14	14
DESTINATION
3	14	17	2	22	23	2	14	14	3	23	14	14	27	11	1	1	25	14	4	26	1	9	14	1	1	23	20	2	14	13	14	2	14	14	27	15	5	27	7	25	18	7	18	2	26	8	1	14	17	2	27	20	2	14	14	1	16	6	27	27	11	14	25	25	2	3	26	14	2	12	14	23	14	3	3	22	14	14	16	23	14	27	15	14	20	20	8	14	9	9	1	26	14	14	13	13	23	27	20	2	14	14	4	14	6	6	27	11	14	1	8	14	2	26	14	2	14	14	3	14	14	14	23	14	14	27	1	26	1	14	14	27	8	14	1	1	9	1	11	2	3	14	14	23	14	20	2	14	4	26	27	7	5	1	18	7	1	7	14	1	23	14	2	14	14	1	14	17	14	23	14	4	2	14	26	16	16	14	27	11	14	1	25	3	14	10	10	2	14	2	14	23	3	2	14	14	2	26	5	1	2	7	27	20	7	3	23	10	1	4	26	14	3	13	14	27	27	27	4	15	4	14	16	6	2	27	11	14	1	25	14	3	8	2	23	12	2	3	14	3	23	3	14	2	27	14	26	27	14	27	27	20	8	14	14	14	23	26	14	3	14	14	3	1	14	14	14	26	26	27	1	27	18	20	14	1	7	14	3	23	14	23	12	2	23	14	3	23	5	4	2	26	14	14	19	26	14	4	4	14	8	9	23	3	11	14	3	14	14	3	16	1	27	27	14	4	26	1	26	26	7	27	1	7	14	1	26	14	2	27	11	2	13	3	23	23	4	2	14	14	14	27	14	2	27	26	14	23	8	1	1	3	2	2	14	14	3	14	20	2	14	4	26	4	26	16	16	16	27	27	7	14	1	26	14	1	14	2	23	2	23	14	14	14	3	14	14	14	27	14	14	27	20	27	14	8	1	23	10	27	2	14	14	26	14	14	24	2	26	14	24	15	5	26	7	7	14	11	14	1	25	14	23	26	2	2	13	2	23	3	14	24	4	23	14	27	14	14	27	2	2	20	8	1	23	10	1	23	7	14	3	14	17	2	22	23	2	27	27	15	14	16	3	14	15	14	1	25	14	4	26	20	14	27	2	23	14	20	27	14	14	2	1	14	14	27	15	14	27	27	27	23	10	14	23	24	24	3	14	14	2	27	20	11	14	4	4	26	6	27	19	7	27	23	25	14	3	26	14	4	2	2	23	14	3	23	14	14	25	27	14	14	27	15	14	7	26	27	24	9	1	23	11	2	23	14	14	3	9	20	2	14	4	26	16	5	27	18	7	20	20	7	14	3	26	14	2	14	23	23	14	3	23	14	24	14	14	14	14	27	14	14	27	14	16	14	1	23	23	26	14	23	14	14	3	16	20	2	14	23	27	16	26	17	27	15	27	20	14	14	1	26	14	2	26	14	23	13	23	14	14	4	24	15	1	1	27	14	14	27	11	23	8	8	23	10	2	23	23	25	14	3	14	20	14	22	14	16	5	26	16	7	15	20	20	23	14	1	26	14	1	26	14	23	2	23	23	14	3	2	14	4	7	27	14	14	27	11	14	1	7	23	2	23	2	2	12	14	3	14	17	2	22	23	2	14	5	26	16	7	14	27	14	14	1	25	14	5	26	14	3	14	2	14	3	3	2	14	4	1	27	14	14	27	1	14	1	7	14	10	1	23	2	14	2	23	23	17	2	27	23	2	7	14	6	27	19	14	27	11	27	14	25	14	4	26	14	2	23	14	23	14	3	2	14	26	2	2	14	14	27	15	14	23	7	9	23	9	1	1	26	23	13	13	14	2	27	20	2	14	14	14	27	18	27	27	11	14	8	8
DUE_DATE
0	30427	30476	30045	30094	31343	30672	30727	30776	30345	30394	30923	30972	30527	30556	30585	30074	31843	31152	31181	30730	30759	31268	30840	31362	30924	30966	30468	30510	32292	30587	31156	31665	31694	31243	31272	32501	31810	31839	31388	31907	31456	30945	30974	32023	32052	31601	31630	31659	31688	32919	32220	32241	31782	31803	31284	31845	33066	33087	33108	32409	32430	31971	31992	33247	31556	33345	32674	32723	32292	33525	32352	33579	33606	32433	32940	32967	32514	32541	33048	33075	32082	32106	33870	33174	33198	33942	32766	33990	34014	32838	32862	34086	33415	33452	34209	33046	33083	32580	32617	33674	33737	34516	32835	33434	34693	33517	33536	34755	34054	34073	34092	34831	33650	33669	34168	34187	33726	33745	33764	34263	35057	35116	33435	35234	34573	34605	34632	34179	34206	34713	34740	34287	34314	33801	33828	35595	35631	35664	33957	35730	35043	35076	35829	34662	34695	35914	35210	35226	34762	34238	34794	35290	36026	36042	36058	34334	35370	35386	35402	36138	34954	34970	36186	35511	35544	35097	35130	35163	36396	36429	36462	35295	35820	35862	36624	35946	35508	35550	35052	36831	36144	36177	35730	36963	36996	37029	35862	35895	36405	36432	37179	36486	36033	36060	35547	37314	36621	36168	36195	37435	37472	37509	36826	36383	35880	37657	36974	36531	37044	37077	36630	36123	37176	37209	36222	36795	36821	38044	38067	36890	36373	38136	38159	37462	37485	37508	37051	37074	37577	37601	36604	37647	37190	38413	38436	37259	36742	38505	38528	37831	37854	37397	37425	37932	37959	37506	37533	37560	38787	38814	37101	38868	38175	38917	38216	38235	37774	37793	37272	39031	38330	37869	37888	39107	37926	39145	39164	37443	38527	38576	39345	38194	38243	37752	39557	38896	38955	38534	38053	39127	39176	39945	39994	40043	39372	38925	40152	39459	39006	39033	39060	40287	39594	39621	39168	38655	39221	39724	40467	40490	40513	39816	39359	40582	39405	38888	38911	40674	39977	39997	40016	39555	39574	40793	40812	40831	39650	40869	40168	40187	39726	39745	39224	39243	41040	40362	39924	39966	40488	41250	41292	41327	40156	40185	41414	41443	39732	40781	40810	40359	40388	40927	40976	41025	40054	40643	40692	41931	41964	40257	42030	42063	41376	41409	40962	40995	41515	41552	41109	41146	42383	41220	40717	42494	42540	42582	41904	41946	41988	41550	41592	42840	42162	41724	41766	41808	43050	41352	41407	43196	43245	43294	42623	42672	43431	42744	42297	42330	42843	43596	42909	41922	42495	42521	43024	43767	43790	43813	43116	43859	43162	42165	42728	42751	42774	43997	43327	43376	43425	42994	43043	44292	44397	44496	43875	43920	44682	43524	43566	43068	44850	44172	44277	43896	43995	44021	45244	45267	45290	43573	45336	45359	44182	44685	44228	44251	43734	45497	44815	44372	43869	44926	44483	45720	45757	45794	44647	44156	45225	45274	46043	45372	45477	45096	45675	45737	45316	45375	45434	45493	45557	46816	46875	46934	46993	46377	46476	46095	46131	46644	46677	46230	46263	46296	45789	47562	47595	47635	46952	47709	47026	47063	46620	46657	46154	47935	47252	46809	46306	46883	46380	48157	48194	48257	47596	48375	48434	47773	47347	47396	46905	48694	48023	48072	48115	48152	47709	48226	48983	49020	49057	48374	49119	49140	47961	47982	48003	49224	48525	48546	48087	48108	48129	49350	49371	49392	48777	48876	49695	48535	48572	48069	49846	49163	49200	48757	48794	48835	48872	50109	50146	50183	48480	50257	50294	49627	49196	49245	48754	50543	49872	48882	49926	49950	49494	50718	50742	50766	49590	49074	50118	49662	50886	50205	50232	49779	50286	50313	49860	49887	49914	49941	51168	51195	50035	51272	51309	50626	50663	50220	50257	50774	50811	50364	49857	50430	51663	51696	49989	51762	51075	51115	51152	51189	50746	50783	52020	51337	50894	50925	51432	50439	52206	52233	50520	52287	51594	52341	52368	51675	51247	51296	52545	51874	51923	51492	52002	52026	51030	52074	52818	52842	52866	52170	52914	52218	51762	51786	51295	53072	52389	52426	51983	52020	53257	53294	53325	52152	52659	52686	53433	52260	52287	51774	53541	52848	52875	52422	52446	53670	53694	53718	52542	53766	53070	53094	52638	52662	52686	52195	52232	54009	53326	52343	53400	53437	54194	54231	54264	53097	53130	54363	54396	53709	53742	53295	52817	53896	53955	54014	53593	53615	54832	54849	53666	54883	54180	54917	54214	54231	53768	53785	54282	54299	53836	53853	53870	53347	55157	55216	55275	54614	54673	54715	54272	54309	53806	54863	54900	54457	54494	54557	55816	55875	55934	54253	56031	55344	55377	56130	54963	54996	54489	56262	55575	55605	55152	55179	55686	56433	56460	56487	55794	55821	55368	56595	55952	55546	55080	56894	56205	56232	55779	55806	57033	57060	57087	55914	56421	56448	55995	57347	57496	57535	56372	55869	57646	56963	57720	57037	57794	57872	57946	57300	56894	56925	57432	58179	58206	58233	57540	57087	57114	56601	57648	58395	58697	58797	58896	58995	58311	58344	57897	59130	58443	59196	59229	59262	58095	57607	59396	59445	59494	59543	58872	58937	58516	58035	59114	59893
TRANSPORT_MODE
0	2	2	2	1	1	1	2	0	2	1	1	1	1	2	0	2	2	1	1	1	1	2	0	2	1	1	1	1	2	0	0	2	2	1	1	1	1	2	0	0	2	2	1	1	1	2	0	0	2	1	1	1	1	1	0	0	3	3	3	1	1	1	2	0	2	1	1	1	1	3	0	3	3	1	1	1	1	2	0	0	2	1	1	1	1	3	0	3	3	1	1	1	1	2	0	0	2	2	1	1	1	3	0	0	3	1	1	1	1	2	0	0	2	2	1	1	1	1	0	0	3	3	1	1	1	1	0	2	2	2	1	1	1	1	0	0	3	3	1	1	1	1	0	2	2	2	1	1	1	1	0	0	3	3	3	1	1	1	0	0	2	2	1	1	1	1	0	0	3	3	3	1	1	1	0	0	1	2	2	1	1	1	0	3	3	3	1	1	1	1	0	0	2	2	1	1	1	1	0	3	3	3	1	1	1	1	0	0	2	2	1	1	1	1	0	0	1	3	3	1	1	1	0	0	1	2	2	2	1	1	0	0	1	3	3	1	1	1	0	1	2	2	2	1	1	1	0	1	3	3	1	1	1	0	0	1	2	2	2	1	1	1	0	0	1	3	3	1	1	1	0	1	2	2	2	1	1	1	0	0	1	3	3	3	1	1	0	0	0	1	1	2	2	1	1	0	1	1	3	3	3	1	1	0	1	2	2	1	1	1	0	0	1	3	3	3	1	1	1	0	1	2	2	1	1	1	0	0	1	3	3	3	1	1	1	0	0	1	1	2	2	2	1	0	0	1	1	3	3	1	1	0	1	1	2	2	2	1	1	0	0	1	1	3	3	1	1	0	1	1	2	2	2	1	1	0	0	1	1	3	3	1	1	0	0	1	1	2	2	2	1	1	0	1	1	3	3	3	1	0	0	0	1	1	2	2	1	1	0	1	1	3	3	3	1	1	0	1	1	2	2	1	1	0	1	1	3	3	3	1	1	0	0	1	1	2	2	1	1	0	0	1	1	3	3	3	1	1	0	0	1	1	2	2	2	1	0	0	1	1	1	3	3	1	0	1	1	2	2	2	1	1	0	1	1	3	3	1	1	0	0	1	1	2	2	2	1	1	0	1	1	3	3	1	1	0	0	1	1	2	2	2	1	1	0	0	1	1	3	3	3	1	0	0	1	1	2	2	1	1	0	1	1	3	3	3	1	1	0	1	1	2	2	1	1	0	0	1	1	3	3	3	1	1	0	1	1	2	2	1	1	0	0	1	1	3	3	3	1	1	0	0	1	1	2	2	2	1	0	0	1	1	3	3	1	1	0	1	1	2	2	2	1	1	0	1	3	3	1	1	1	0	0	1	2	2	2	1	1	1	0	1	3	3	1	1	1	0	0	1	2	2	2	1	1	1	0	0	1	1	3	3	3	1	0	0	1	1	2	2	1	1	0	1	3	3	3	1	1	1	0	1	2	2	1	1	1	0	1	3	3	3	1	1	1	0	0	1	2	2	1	1	1	0	0	1	3	3	3	1	1	1	0	1	2	2	2	1	1	0	0	1	3	3	1	1	1	0	0	1	2	2	2	1	1	1	0	1	3	3	1	1	1	0	2	2	2	1	1	1	1	0	0	3	3	1	1	1	1	0	2	2	2	1	1	1	1	0	0	3	3	3	1	1	1	0	0	1	2	2	1	1	1	0	3	3	3	1	1	1	1	0	3	3	1	1	1	1	0	0	3	3	3	1	1	1	1	0	3	3	1	1	1	1	0	0	3	3	3	1	1	1	1	0	0	3	3	3	1	1	1	0	3	3	1	1	1	1	0	0
PATIENT_WEIGHT
128	99	30	107	49	123	146	132	124	121	105	90	43	138	33	69	85	144	57	143	148	57	33	72	102	47	72	148	134	92	125	68	66	137	141	83	64	100	55	80	119	119	91	39	111	36	95	40	146	35	136	117	48	107	52	84	46	46	143	32	72	131	102	35	109	61	87	98	143	85	92	81	147	48	49	70	53	60	87	142	114	88	43	149	145	100	82	76	40	131	56	73	78	129	78	107	136	77	84	104	87	40	136	32	102	45	136	50	137	64	51	30	115	68	104	47	110	59	54	135	115	74	122	117	101	79	95	115	98	88	68	80	120	56	106	149	35	86	32	84	96	147	138	135	49	32	126	76	83	135	126	118	75	124	74	38	99	99	150	126	84	45	78	54	146	43	137	114	147	55	31	107	33	131	35	143	60	146	69	143	70	76	37	124	69	36	141	84	141	115	58	44	144	99	48	123	108	35	134	55	140	94	119	117	128	99	68	53	72	127	133	127	87	98	87	103	92	105	125	30	76	45	123	78	78	90	35	129	116	36	67	131	65	100	121	130	77	60	87	132	91	150	101	135	106	62	33	65	42	66	141	101	91	105	75	109	56	32	85	59	134	75	146	77	94	65	69	122	70	30	103	31	95	44	89	117	85	121	77	53	53	120	98	127	49	130	73	48	148	50	82	136	108	64	109	110	103	119	133	105	49	47	110	89	145	80	59	84	51	77	130	70	40	121	53	73	118	101	122	106	142	144	37	53	92	67	55	38	65	135	108	131	50	55	66	36	39	57	106	76	86	120	110	32	99	116	116	81	137	92	39	125	83	141	41	93	89	71	136	130	127	33	88	73	112	77	57	115	44	142	83	32	49	68	56	134	55	131	83	84	124	123	139	66	147	84	33	104	39	36	78	60	83	55	46	61	138	142	102	96	66	80	85	111	109	32	123	41	87	130	62	55	51	66	127	88	113	107	123	142	62	91	110	132	102	106	57	128	55	133	92	132	57	85	114	113	30	61	77	54	77	46	71	148	75	63	128	119	80	141	118	62	45	35	141	140	68	122	57	117	51	141	93	150	42	107	89	127	45	54	49	42	52	79	112	82	104	57	143	87	63	94	56	114	136	33	56	114	138	50	44	140	43	131	47	57	112	71	135	93	116	72	33	76	143	30	39	95	135	103	51	85	89	106	47	66	101	138	69	79	133	149	81	31	31	78	107	143	146	40	116	101	36	141	30	86	125	130	131	42	109	83	93	147	71	127	145	117	58	32	123	72	60	103	85	33	117	108	114	92	132	97	88	86	111	86	142	68	49	37	36	76	121	139	122	109	107	94	45	150	44	94	134	138	110	79	37	133	140	86	110	58	41	132	84	88	32	146	110	40	70	46	32	127	140	103	136	130	109	143	109	115	146	107	137	76	115	30	143	139	42	36	103	65	122	50	35	117	136	67	96	78	76	100	49	142	35	98	110	120	89	38	126	128	54	71	79	137	83	150	125	101	141	77	64	129	45	65	32	46	135	87	133	116	139	94	92	40	36	146	49	123	41	78	125	150	53	65	149	141	86	73	121	108	111	75	135	69	56	54	99	134	71	97	107	75	123	102	84	76	128	43	86	99	89	56	71	113	128	137	31	128	66	80	37	82	101	41	91	60	66	72	98	122	54	79	53	150	60	77	71	93	57	33	56	53	123	91	98	59	79	77	68	143	30	34	83	59	39	47	128	127	84	71	61	141	117	141	112	122	100	145	75	89	44	115	138	98	110	149	134	147	84	98	44	30	57	60	135	61	108	69	149	126	140	142	133	98	102	54	142	47	148	58	58	120	113	75	106	69	114
DISTANCE_MATRIX
0	360	318	300	288	276	264	264	150	150	150	60	90	90	162	168	204	228	234	312	360	408	348	318	168	192	168	318
360	60	264	318	324	342	342	342	348	348	354	360	372	378	378	420	420	480	462	498	462	462	384	420	372	420	378	378
318	264	60	270	276	288	288	288	294	294	294	318	318	324	324	414	414	468	462	486	462	462	330	366	366	408	372	324
300	318	270	60	276	288	288	288	288	288	288	300	300	312	318	408	408	468	462	486	438	438	318	360	360	402	360	312
288	324	276	276	60	276	276	276	276	276	276	288	288	300	300	402	396	462	456	480	432	432	300	360	360	402	348	300
276	342	288	288	276	60	180	180	252	258	264	264	264	288	288	390	390	456	450	480	432	432	288	348	348	348	288	288
264	342	288	288	276	180	60	180	246	258	264	264	264	288	288	390	390	456	450	480	432	432	288	348	348	348	288	288
264	342	288	288	276	180	180	60	240	258	264	264	264	288	288	390	390	456	450	480	432	432	288	348	348	348	288	288
150	348	294	288	276	252	246	240	60	120	120	150	126	270	270	378	384	420	438	480	420	408	276	300	300	300	276	270
150	348	294	288	276	258	258	258	120	60	120	150	150	270	270	378	384	420	438	480	420	408	276	300	300	300	276	270
150	354	294	288	276	264	264	264	120	120	60	150	150	270	270	378	384	420	438	480	420	408	276	300	300	300	276	270
60	360	318	300	288	264	264	264	150	150	150	60	90	162	168	228	234	312	360	408	348	318	168	192	192	198	168	162
90	372	318	300	288	264	264	264	150	150	150	90	60	162	168	228	234	312	360	408	348	318	168	192	192	198	168	162
90	378	324	312	300	288	288	288	270	270	270	162	162	60	120	180	180	306	210	360	300	300	120	180	120	180	120	234
162	378	324	318	300	288	288	288	270	270	270	168	168	120	60	180	180	306	210	360	300	300	120	180	120	180	120	120
168	420	414	408	402	348	348	348	300	300	300	228	228	180	180	60	132	204	132	348	258	258	186	60	180	132	222	180
204	420	414	408	396	390	390	390	384	384	384	234	234	180	180	132	60	204	132	348	258	258	186	60	180	132	222	180
228	480	468	468	462	456	456	456	420	420	420	312	312	306	306	204	204	60	198	120	240	240	306	204	306	138	306	306
234	462	462	462	456	450	450	450	438	438	438	360	360	210	210	132	132	198	60	138	132	132	210	132	210	132	210	210
312	498	486	486	480	480	480	480	480	480	480	408	408	360	360	348	348	120	138	60	348	348	360	348	360	348	360	360
360	462	462	438	432	432	432	432	420	420	420	348	348	300	300	258	258	240	132	348	60	60	300	258	300	258	300	300
408	462	462	438	432	432	432	432	408	408	408	318	318	300	300	258	258	240	132	348	60	60	300	258	300	258	300	300
348	384	330	318	300	288	288	288	276	276	276	168	168	120	120	186	186	306	210	360	300	300	60	186	120	186	120	120
318	420	366	360	360	348	348	348	300	300	300	192	192	180	180	60	60	204	132	348	258	258	186	60	180	60	180	180
168	372	300	306	300	288	288	288	270	270	270	168	168	120	120	180	180	306	210	360	300	300	120	180	60	180	120	120
192	420	408	402	402	348	348	348	300	300	300	198	198	180	180	132	132	138	132	348	258	258	186	60	180	60	180	180
168	378	372	360	348	288	288	288	276	276	276	168	168	120	120	222	222	306	210	360	300	300	120	180	120	180	60	120
318	378	324	312	300	288	288	288	270	270	270	162	162	234	120	180	180	306	210	360	300	300	120	180	120	180	120	60
DEPOTS_DISTANCE
234	462	462	462	456	450	450	450	438	438	438	360	360	210	210	132	132	198	60	138	132	132	210	132	210	132	210	210	
348	384	330	318	300	288	288	288	276	276	276	168	168	120	120	186	186	306	210	360	300	300	60	186	120	186	120	120	
318	420	366	360	360	348	348	348	300	300	300	192	192	180	180	60	60	204	132	348	258	258	186	60	180	60	180	180	
LOCATION_TURN_MATRIX
100	130	122	113	112	199	136	122	129	152	173	146	151	136	158	140	176	113	122	167	194	134	110	172	114	184	100	147	
170	100	154	188	164	169	136	136	152	170	104	183	155	115	101	104	155	187	174	115	149	134	178	168	114	135	168	102	
178	146	100	161	178	114	104	165	117	139	126	169	192	109	120	179	160	152	154	134	113	140	154	179	196	196	192	181	
187	112	139	100	158	114	195	181	104	132	195	106	183	169	132	170	140	136	172	148	116	110	123	136	151	120	176	169	
188	136	122	142	100	175	164	159	112	100	167	164	135	191	132	181	104	123	142	156	108	117	193	182	116	147	156	185	
101	131	186	186	125	100	190	147	164	150	137	102	145	176	185	131	113	108	117	186	118	151	140	178	154	189	172	110	
164	164	196	105	136	110	100	186	153	151	183	193	111	157	144	123	188	142	110	163	105	190	166	187	170	171	186	126	
178	164	135	119	141	153	114	100	106	130	108	103	151	178	122	151	130	133	184	177	110	141	166	110	122	174	191	197	
171	148	183	196	188	136	147	194	100	167	100	146	168	129	128	142	172	118	174	147	105	158	156	160	120	106	119	136	
148	130	161	168	200	150	149	170	133	100	177	106	175	116	188	180	176	194	108	146	130	187	183	173	128	141	169	176	
127	196	174	105	133	163	117	192	200	123	100	171	175	140	183	115	104	186	128	153	151	175	100	146	191	117	132	197	
154	117	131	194	136	198	107	197	154	194	129	100	136	184	140	147	172	184	148	131	103	156	185	200	152	158	154	143	
149	145	108	117	165	155	189	149	132	125	125	164	100	140	199	142	101	144	163	185	117	191	200	143	113	165	102	154	
164	185	191	131	109	124	143	122	171	184	160	116	160	100	109	116	196	113	131	186	166	139	183	175	144	161	105	170	
142	199	180	168	168	115	156	178	172	112	117	160	101	191	100	147	177	177	199	158	172	188	164	175	180	168	154	195	
160	196	121	130	119	169	177	149	158	120	185	153	158	184	153	100	152	159	197	157	181	159	102	123	168	200	124	186	
124	145	140	160	196	187	112	170	128	124	196	128	199	104	123	148	100	149	114	112	117	135	105	132	138	180	198	156	
187	113	148	164	177	192	158	167	182	106	114	116	156	187	123	141	151	100	166	132	168	163	159	123	129	173	161	116	
178	126	146	128	158	183	190	116	126	192	172	152	137	169	101	103	186	134	100	184	199	137	130	160	148	113	140	150	
133	185	166	152	144	114	137	123	153	154	147	169	115	114	142	143	188	168	116	100	111	195	128	157	191	164	141	171	
106	151	187	184	192	182	195	190	195	170	149	197	183	134	128	119	183	132	101	189	100	129	151	163	147	166	104	177	
166	166	160	190	183	149	110	159	142	113	125	144	109	161	112	141	165	137	163	105	171	100	101	185	169	129	103	197	
190	122	146	177	107	160	134	134	144	117	200	115	100	117	136	198	195	141	170	172	149	199	100	106	150	116	118	145	
128	132	121	164	118	122	113	190	140	127	154	100	157	125	125	177	168	177	140	143	137	115	194	100	128	167	115	155	
186	186	104	149	184	146	130	178	180	172	109	148	187	156	120	132	162	171	152	109	153	131	150	172	100	155	124	184	
116	165	104	180	153	111	129	126	194	159	183	142	135	139	132	100	120	127	187	136	134	171	184	133	145	100	129	192	
200	132	108	124	144	128	114	109	181	131	168	146	198	195	146	176	102	139	160	159	196	197	182	185	176	171	100	146	
153	198	119	131	115	190	174	103	164	124	103	157	146	130	105	114	144	184	150	129	123	103	155	145	116	108	154	100	
DEPOTS_TO_LOCAL_TURN_MATRIX
178	126	146	128	158	183	190	116	126	192	172	152	137	169	101	103	186	134	100	184	199	137	130	160	148	113	140	150	
190	122	146	177	107	160	134	134	144	117	200	115	100	117	136	198	195	141	170	172	149	199	100	106	150	116	118	145	
128	132	121	164	118	122	113	190	140	127	154	100	157	125	125	177	168	177	140	143	137	115	194	100	128	167	115	155	
LOCAL_TO_DEPOT_TURN_MATRIX
122	174	154	172	142	117	110	184	174	108	128	148	163	131	199	197	114	166	100	116	101	163	170	140	152	187	160	150	
110	178	154	123	193	140	166	166	156	183	100	185	200	183	164	102	105	159	130	128	151	101	100	194	150	184	182	155	
172	168	179	136	182	178	187	110	160	173	146	200	143	175	175	123	132	123	160	157	163	185	106	100	172	133	185	145	

