INDEX_PROBLEM
1
PATIENTS
800
STRETCHERS
16
NUM_ROOM
28
NUM_DEPOT
3
NUM_PRIORITY
4
PRIORITY_LIST
0	1	2	3	4
PRIORITY_WEIGHT
0	1	10	18	30
PRIORITY_JOB
0	2	3	3	4	2	2	3	4	4	4	4	2	3	3	4	4	4	1	2	3	4	4	3	4	2	2	3	4	4	4	4	4	2	3	3	4	2	2	4	3	3	4	4	4	2	3	3	4	4	4	2	2	3	4	4	4	1	1	1	4	2	3	3	1	2	4	4	1	2	3	4	4	1	1	1	4	4	2	2	1	4	3	4	4	2	3	3	3	1	1	4	4	2	2	2	4	3	4	4	4	2	3	3	4	1	1	4	2	2	3	1	3	4	4	4	3	2	3	4	4	4	1	1	4	1	2	3	1	2	4	4	2	2	3	4	4	3	1	1	1	2	3	3	2	2	4	4	2	2	3	4	4	3	1	1	1	4	4	2	3	1	3	4	4	2	2	3	4	4	1	1	1	4	4	2	3	3	3	4	4	1	2	3	4	4	1	1	1	4	4	2	2	1	3	4	4	4	2	3	2	3	1	1	4	4	2	2	2	4	3	4	4	4	2	3	3	3	1	1	4	4	2	2	2	1	3	4	4	2	3	3	4	4	4	1	1	4	1	2	3	3	4	4	2	2	3	4	4	4	1	1	1	1	4	2	3	2	4	4	2	2	3	4	3	2	1	1	1	4	4	2	3	2	3	4	4	2	2	3	4	3	1	1	1	4	4	2	3	1	2	3	4	4	1	2	3	4	1	1	1	4	4	2	2	1	4	3	4	4	4	2	3	4	1	1	4	4	2	2	2	3	3	4	4	4	2	3	3	4	1	1	4	4	2	2	2	3	3	4	4	2	3	3	4	3	4	1	1	4	1	2	3	1	4	4	2	3	3	4	4	4	2	1	1	1	2	3	4	1	4	4	2	2	3	4	4	2	1	1	1	4	4	2	3	2	3	4	4	2	2	3	3	4	1	1	1	4	2	3	3	1	4	4	4	1	3	2	1	3	1	1	3	4	4	2	3	1	3	4	4	2	3	1	4	4	1	4	4	4	2	2	2	3	3	4	4	2	3	3	4	3	1	1	4	4	2	2	2	1	3	4	4	2	3	3	4	4	1	1	4	1	2	3	2	2	4	4	2	3	3	4	4	4	1	1	1	4	2	3	1	2	4	4	2	2	3	4	4	1	1	1	4	4	2	2	1	3	3	4	4	2	2	3	4	3	1	1	1	4	2	3	2	1	3	4	4	2	4	2	3	1	1	1	3	4	4	2	2	4	3	3	4	4	2	3	4	1	1	4	4	2	2	3	4	3	4	4	4	2	3	3	3	1	1	3	4	4	2	1	2	2	3	4	4	2	3	3	4	1	1	4	4	2	2	1	3	4	4	2	3	3	4	4	1	1	1	4	2	3	4	2	4	4	2	2	3	4	4	4	3	1	1	1	2	3	3	1	2	4	4	2	2	3	4	3	4	4	1	1	1	2	3	3	1	4	4	2	2	3	4	3	4	1	1	1	4	2	3	3	1	4	4	1	2	3	4	4	3	1	1	1	4	4	2	2	2	3	4	4	2	3	3	4	3	1	1	4	4	2	2	1	3	3	4	4	2	3	3	4	4	1	1	4	2	2	3	1	2	4	4	2	3	3	4	4	4	1	1	1	2	3	4	1	2	4	4	2	2	3	4	4	3	1	1	1	2	3	3	1	3	4	4	2	2	3	4	4	3	4	1	1	1	2	3	3	1	4	4	2	2	3	4	4	4	1	1	1	4	2	3	3	1	1	1	4	4	1	2	2	2	1	1	1	3	4	4	2	1	1	1	1	2	3	4	2	1	1	1	4	4	2	3	1	2	1	1	1	3	4	4	2	1	1	1	2	3	4	4	3	1
TIME_ASKED
0	28849	28898	28947	28996	29045	29094	29149	29198	29247	29296	29345	29394	29429	29458	29487	29516	29545	29574	29603	29632	29661	29690	29742	29784	29826	29868	29910	29952	29994	30029	30058	30087	30116	30145	30174	30203	30232	30261	30290	30329	30358	30387	30416	30445	30474	30503	30532	30561	30590	30621	30642	30663	30684	30705	30726	30747	30768	30789	30810	30831	30852	30873	30894	30949	30998	31047	31096	31145	31194	31227	31254	31281	31308	31335	31362	31389	31416	31443	31470	31497	31524	31548	31572	31596	31620	31644	31668	31692	31716	31740	31764	31788	31837	31874	31911	31948	31985	32022	32059	32096	32159	32218	32277	32336	32395	32419	32438	32457	32476	32495	32514	32533	32552	32571	32590	32609	32628	32647	32666	32685	32759	32818	32877	32936	32995	33027	33054	33081	33108	33135	33162	33189	33216	33243	33270	33297	33333	33366	33399	33432	33465	33498	33531	33564	33597	33616	33632	33648	33664	33680	33696	33712	33728	33744	33760	33776	33792	33808	33824	33840	33856	33872	33888	33933	33966	33999	34032	34065	34098	34131	34164	34197	34242	34284	34326	34368	34410	34452	34494	34533	34566	34599	34632	34665	34698	34731	34764	34797	34827	34854	34881	34908	34935	34962	34989	35016	35043	35070	35097	35137	35174	35211	35248	35285	35322	35359	35396	35433	35466	35499	35532	35565	35598	35631	35664	35697	35723	35746	35769	35792	35815	35838	35861	35884	35907	35930	35953	35976	35999	36023	36046	36069	36092	36115	36138	36161	36184	36207	36230	36253	36276	36299	36327	36354	36381	36408	36435	36462	36489	36516	36543	36570	36597	36619	36638	36657	36676	36695	36714	36733	36752	36771	36790	36809	36828	36847	36866	36885	36949	36998	37047	37096	37145	37194	37259	37318	37377	37436	37495	37549	37598	37647	37696	37745	37794	37827	37854	37881	37908	37935	37962	37989	38016	38043	38070	38097	38123	38146	38169	38192	38215	38238	38261	38284	38307	38330	38353	38376	38399	38419	38438	38457	38476	38495	38514	38533	38552	38571	38590	38609	38628	38647	38666	38685	38742	38784	38826	38868	38910	38952	38994	39029	39058	39087	39116	39145	39174	39203	39232	39261	39290	39349	39398	39447	39496	39545	39594	39633	39666	39699	39732	39765	39798	39831	39864	39897	39937	39974	40011	40048	40085	40122	40159	40196	40242	40284	40326	40368	40410	40452	40494	40542	40584	40626	40668	40710	40752	40794	40849	40898	40947	40996	41045	41094	41133	41166	41199	41232	41265	41298	41331	41364	41397	41423	41446	41469	41492	41515	41538	41561	41584	41607	41630	41653	41676	41699	41749	41798	41847	41896	41945	41994	42099	42198	42297	42342	42384	42426	42468	42510	42552	42594	42699	42798	42897	42923	42946	42969	42992	43015	43038	43061	43084	43107	43130	43153	43176	43199	43237	43274	43311	43348	43385	43422	43459	43496	43549	43598	43647	43696	43745	43794	43899	43998	44097	44159	44218	44277	44336	44395	44459	44518	44577	44636	44695	44799	44898	44997	45033	45066	45099	45132	45165	45198	45231	45264	45297	45337	45374	45411	45448	45485	45522	45559	45596	45637	45674	45711	45748	45785	45822	45859	45896	45959	46018	46077	46136	46195	46249	46298	46347	46396	46445	46494	46537	46574	46611	46648	46685	46722	46759	46796	46821	46842	46863	46884	46905	46926	46947	46968	46989	47010	47031	47052	47073	47094	47199	47298	47397	47437	47474	47511	47548	47585	47622	47659	47696	47737	47774	47811	47848	47885	47922	47959	47996	48049	48098	48147	48196	48245	48294	48324	48348	48372	48396	48420	48444	48468	48492	48516	48540	48564	48588	48627	48654	48681	48708	48735	48762	48789	48816	48843	48870	48897	48937	48974	49011	49048	49085	49122	49159	49196	49233	49266	49299	49332	49365	49398	49431	49464	49497	49537	49574	49611	49648	49685	49722	49759	49796	49827	49854	49881	49908	49935	49962	49989	50016	50043	50070	50097	50149	50198	50247	50296	50345	50394	50424	50448	50472	50496	50520	50544	50568	50592	50616	50640	50664	50688	50737	50774	50811	50848	50885	50922	50959	50996	51027	51054	51081	51108	51135	51162	51189	51216	51243	51270	51297	51324	51348	51372	51396	51420	51444	51468	51492	51516	51540	51564	51588	51637	51674	51711	51748	51785	51822	51859	51896	51933	51966	51999	52032	52065	52098	52131	52164	52197	52259	52318	52377	52436	52495	52517	52534	52551	52568	52585	52602	52619	52636	52653	52670	52687	52704	52721	52738	52755	52772	52789	52859	52918	52977	53036	53095	53137	53174	53211	53248	53285	53322	53359	53396	53459	53518	53577	53636	53695	53733	53766	53799	53832	53865	53898	53931	53964	53997	54027	54054	54081	54108	54135	54162	54189	54216	54243	54270	54297	54374	54448	54522	54596	54627	54654	54681	54708	54735	54762	54789	54816	54843	54870	54897	55049	55198	55237	55274	55311	55348	55385	55422	55459	55496	55574	55648	55722	55796	55827	55854	55881	55908	55935	55962	55989	56016	56043	56070	56097	56399	56499	56598	56697	56733	56766	56799	56832	56865	56898	56931	56964	56997	57049	57098	57147	57196	57245	57294	57359	57418	57477	57536	57595
ORIGIN
26	16	6	27	19	7	27	25	27	14	14	10	2	23	5	5	25	14	3	23	14	14	14	14	27	14	27	27	27	20	4	4	7	9	1	23	11	14	14	27	7	14	2	27	24	14	14	14	23	6	27	18	7	27	20	8	14	14	17	2	23	12	2	2	2	13	23	14	4	24	11	11	14	14	14	25	19	8	9	14	9	23	23	11	2	14	27	14	26	14	14	14	14	4	5	23	13	2	18	7	27	20	26	8	23	8	17	27	2	2	14	14	25	2	14	4	24	15	4	2	16	25	3	26	3	26	23	12	25	1	10	2	23	14	2	4	23	14	27	15	14	15	23	20	14	7	7	27	20	14	3	13	14	14	27	27	20	2	14	14	7	7	8	24	15	4	14	16	8	15	26	14	2	2	14	14	14	14	14	23	12	2	23	27	14	11	14	14	27	27	8	14	1	9	1	20	8	27	3	2	26	13	13	2	14	4	26	7	26	26	14	14	4	26	7	1	7	1	14	2	14	14	14	14	14	14	14	25	2	23	14	3	2	26	7	25	27	14	11	14	16	16	12	8	27	23	23	14	3	2	12	23	14	14	2	26	14	7	14	2	26	16	1	23	23	14	26	14	3	3	3	14	14	23	25	27	23	13	3	23	7	7	14	14	1	1	25	25	14	3	20	20	23	8	1	23	1	1	11	14	2	2	27	1	26	14	1	14	16	5	26	3	14	14	25	14	14	3	14	27	1	26	25	14	13	2	23	7	3	1	14	23	1	7	14	3	13	13	14	20	8	1	23	10	27	2	14	7	26	14	14	1	14	14	14	20	5	26	3	9	14	2	14	20	14	14	3	26	26	2	2	4	2	23	23	26	1	3	14	4	7	14	1	13	14	23	27	11	1	23	10	1	14	14	8	7	14	14	27	14	2	27	2	2	14	14	2	23	1	3	14	14	14	3	14	14	1	14	14	27	23	14	3	14	23	2	14	14	1	1	1	3	14	14	14	23	23	10	1	14	2	27	3	23	14	14	14	14	3	3	3	12	16	6	27	19	7	2	27	14	26	14	26	14	14	1	14	26	14	3	23	14	7	1	14	3	2	25	14	27	27	27	27	2	9	26	1	11	26	2	26	27	27	14	26	27	2	2	2	11	5	27	18	7	2	2	14	11	14	2	2	22	27	27	26	26	3	23	14	4	14	3	14	25	25	26	20	26	14	14	27	2	1	23	11	2	16	23	27	27	14	14	14	14	14	23	27	1	26	17	7	27	20	27	27	14	14	2	20	20	24	27	27	26	23	14	4	27	15	14	14	14	14	26	14	26	14	14	14	1	23	10	2	14	1	2	14	14	27	15	14	16	2	2	14	26	16	7	27	14	26	27	2	14	20	2	2	2	11	2	3	23	14	3	24	14	4	2	2	3	3	14	2	14	14	2	27	27	10	2	23	12	4	4	4	4	14	14	2	27	2	27	27	14	7	26	19	2	27	27	27	1	20	20	1	14	1	23	23	14	3	24	14	4	24	26	1	1	14	2	27	26	14	2	13	10	1	23	12	2	23	23	23	23	14	14	27	11	14	1	16	6	27	19	7	27	14	23	2	20	14	14	23	14	2	27	14	3	23	14	20	20	1	1	27	26	1	26	20	14	2	7	9	1	23	23	7	23	4	14	7	14	14	11	15	14	1	10	6	27	18	7	27	14	14	14	14	17	2	23	2	2	4	14	3	23	14	4	7	14	23	23	25	14	27	20	14	14	23	9	1	23	11	2	14	14	13	13	14	14	24	14	1	1	14	5	27	18	7	27	20	8	1	14	17	27	23	12	2	16	1
DESTINATION
3	14	17	2	22	23	2	14	2	3	3	14	14	27	14	14	14	25	14	4	2	20	9	9	23	1	23	23	2	14	14	14	13	14	14	27	15	10	5	23	13	5	27	18	2	26	8	8	1	17	2	27	20	2	14	14	25	16	6	27	27	11	14	14	27	7	3	26	14	2	12	12	25	5	25	14	22	14	14	20	14	1	27	15	14	20	23	4	14	9	1	1	26	14	14	27	7	27	27	20	2	14	14	14	7	14	6	18	27	14	20	8	14	27	26	14	2	14	14	14	14	14	23	14	23	14	27	11	14	23	14	14	27	8	14	14	1	9	23	11	2	11	27	14	26	13	13	2	14	4	26	7	26	26	2	18	7	27	26	8	23	23	14	2	14	14	1	14	14	14	14	4	24	24	15	25	16	25	25	27	11	14	1	23	16	12	10	2	23	23	14	4	23	14	23	14	14	2	26	14	14	7	7	27	20	14	3	13	14	14	3	26	14	3	13	14	13	23	8	24	15	4	15	16	8	15	15	14	14	1	25	14	14	3	20	14	23	2	12	2	14	14	11	14	2	27	1	1	26	14	11	1	20	8	27	3	2	13	25	14	3	14	14	27	1	26	14	4	26	26	26	1	1	1	14	23	1	7	14	3	13	13	25	2	23	23	14	14	2	26	7	7	26	14	14	1	14	14	12	8	27	27	23	14	3	2	14	20	14	14	3	26	2	2	14	2	2	26	1	23	23	3	14	4	7	14	1	13	14	23	25	27	23	13	3	23	7	7	8	7	14	14	27	14	2	27	2	20	23	8	1	23	1	1	1	14	14	3	14	14	1	14	1	14	16	5	26	3	3	14	14	14	14	1	1	3	14	26	25	14	13	2	23	7	3	1	23	12	14	27	14	14	3	3	14	20	8	1	23	10	27	2	14	14	26	26	14	7	14	14	20	5	5	26	3	9	14	2	3	2	1	25	14	2	27	27	4	2	23	23	23	26	1	1	2	1	27	14	14	26	27	2	14	27	1	10	10	1	14	14	14	11	14	17	2	22	23	27	2	2	14	3	14	3	3	14	3	14	25	14	4	26	20	14	1	14	27	14	3	23	23	2	23	27	14	14	14	15	14	14	3	23	23	10	14	2	27	27	27	20	14	2	27	20	24	27	3	12	16	27	27	19	2	2	14	14	14	3	26	14	26	14	26	14	14	14	7	14	1	1	2	14	14	27	15	14	16	27	2	2	9	26	1	26	26	27	2	14	3	9	20	2	11	2	2	5	5	27	7	7	2	2	2	3	3	26	14	2	14	26	26	26	3	14	4	14	4	4	4	14	27	14	14	2	14	27	2	1	23	11	2	16	27	27	1	3	16	20	2	1	14	23	27	1	7	27	27	27	20	27	26	1	26	14	2	26	14	27	27	26	23	4	27	15	15	27	23	23	14	14	27	11	14	14	14	14	10	2	14	23	14	23	2	20	20	14	22	14	2	2	2	14	7	7	14	26	14	1	27	26	14	1	26	14	2	3	23	23	3	24	2	14	4	14	7	14	14	27	11	14	1	27	27	27	10	2	23	12	4	14	14	17	2	22	23	2	4	27	27	7	26	26	27	2	27	23	25	14	5	26	14	14	23	23	23	14	24	14	14	4	24	13	14	14	27	1	20	1	14	2	13	10	1	12	14	2	23	14	17	2	27	23	2	16	1	1	16	6	14	27	27	27	14	25	14	4	26	14	20	5	27	27	14	3	2	14	20	20	1	14	14	27	15	14	20	4	7	7	9	1	1	26	23	23	4	14	2	27	20	2	14	14	23	10	6	18	27	11	14	14	14
DUE_DATE
0	30427	29996	30045	29554	30623	30672	30247	29756	29805	29854	29903	30972	30527	30556	30045	30074	30103	31872	31181	30730	30219	30248	30840	30342	31404	31446	31008	30510	30552	30587	30616	30645	31694	31243	31272	30761	31810	31839	30848	31427	31456	30945	30974	31003	32052	31601	31630	31119	31148	31179	32220	32241	31782	31263	31284	31305	33066	33087	33108	31389	32430	31971	31992	33247	32576	31605	31654	33443	32772	32325	31812	31839	33606	33633	33660	31947	31974	33021	33048	33795	32082	32646	32130	32154	33198	32742	32766	32790	34014	34038	32322	32346	33415	33452	33489	32506	33083	32580	32617	32654	33737	33316	33375	32894	34693	34717	32996	34035	34054	33593	34812	33631	33110	33129	33148	33707	34206	33745	33224	33243	33317	35116	35175	33494	35293	34605	34152	35379	34686	33693	33720	34767	34794	34341	33828	33855	34431	35664	35697	35730	35043	34596	34629	35142	35175	34174	34190	35226	35242	34778	34254	34270	34826	36042	36058	36074	34350	34366	35402	34938	36154	34970	34446	34491	35544	35577	35130	34623	34656	36429	36462	36495	34800	34842	35904	35466	35508	35550	35052	35091	36864	36177	35730	35223	35256	37029	37062	37095	35385	35412	36459	36486	37233	36060	35547	35574	35601	36648	36195	36715	36272	37509	37546	35843	35880	36937	36974	37011	36024	36597	36090	36123	36156	37209	36762	36795	36821	38044	38067	36350	36373	37416	37439	37462	38205	37028	36511	36534	37577	37121	37144	36627	36650	36673	38436	38459	36742	38505	37808	37351	37374	36857	36885	37932	37959	37506	36993	37020	37047	38814	38841	38868	38895	37177	38216	37755	38254	37253	37272	38311	38330	37869	37348	37907	38406	39145	39164	39183	37507	37556	38625	38194	38723	38292	37817	37876	38955	39014	38593	38107	38696	39945	39994	40043	38352	38385	39432	38979	40206	39513	39060	38547	38574	40341	39648	39195	38681	40444	40467	40490	38773	38796	39839	39862	40605	38888	39451	38934	38957	38977	40016	39555	39034	40793	40812	39091	39110	40149	40168	40187	39726	39745	39224	39243	39300	40362	39924	39966	39468	41250	41292	39587	39616	40665	40694	40723	40272	40301	39790	39819	40868	40447	40496	40005	40594	40103	41892	41931	40224	41997	41310	40863	42096	40389	40422	41475	41035	41072	40569	40606	40643	41700	42457	42494	42540	41862	41424	40926	42708	41010	41052	42120	42162	41724	41226	41268	42330	43092	43147	43196	41505	41554	42623	42192	42711	42264	41757	41790	42843	42876	42429	42462	41955	43721	43744	43767	42050	43093	42636	42659	43882	42165	42188	42211	43974	42797	43327	44096	42945	44194	44243	43092	42657	42756	43875	43440	44682	43524	43026	43068	44130	43692	44997	43356	43455	45221	43504	43527	43550	44593	44616	44639	44182	44205	43688	43711	44754	44297	44335	43832	44409	45646	45683	43980	44017	45074	45127	45176	45945	44794	44303	44352	45477	45096	45195	44717	44776	46575	46634	44953	46757	46096	45675	46214	46273	45357	45456	46575	46131	46164	45657	45690	45723	47496	47529	47562	45855	46915	46472	47709	47026	46043	46080	47137	47174	46735	46232	46269	48046	48083	48120	46417	46454	47537	47596	48375	47234	47293	46807	46856	47925	47974	47543	47052	47635	48872	48909	48946	47243	48300	47857	48374	49119	47940	47421	47442	48483	47484	48525	48066	49287	49308	49329	48150	47631	47652	48777	48876	47955	48535	48572	48069	48106	49163	48720	48217	49994	50035	48332	48369	49426	49463	49020	48517	49094	48607	48656	48705	49774	49343	49392	49422	50646	50670	49494	48978	49002	50046	50790	50094	50118	49662	49146	49185	50232	49779	49806	49293	51060	51087	49374	49401	50448	50475	51235	50072	49569	49606	50663	50220	50257	49754	49791	51564	51597	51630	49923	50976	50529	50022	51075	50095	50132	51189	51226	50783	50280	50317	50354	50925	52152	52179	52206	51513	51060	51087	52314	51621	50628	50655	51727	51776	51345	50854	51443	50952	50982	52746	52770	52794	52098	51642	51666	52890	51174	51198	52242	52266	51835	51332	51909	51406	53183	53220	53257	51554	52605	52152	52179	53406	51693	51720	53487	52794	52341	51828	51855	52422	53646	53670	53694	51978	52002	53046	53070	53094	52638	52122	52146	53215	52772	52809	52306	52883	54120	54157	52454	52491	53544	53577	54330	53163	53196	52689	52722	53775	53357	53416	52935	52994	54793	54815	53092	54129	54146	53683	54900	54197	53194	53211	54248	53785	53802	53279	53296	53313	55070	55087	55157	54496	54075	53594	55393	54715	53732	53769	54826	54863	54420	53917	53954	54557	55816	55875	55934	55273	54831	54864	56097	54930	54423	54456	55509	55542	55095	54585	54612	55179	54666	56433	56460	56487	55794	55341	55368	56595	54932	55006	56100	56174	55725	55212	55239	55266	57033	57060	57087	55374	56421	55968	55995	57347	57496	57535	55832	55869	57646	56963	57000	57037	57794	57872	57946	56820	56354	56385	57432	58179	58206	58233	58260	57567	57114	56601	57648	58395	58697	58797	57156	57255	58311	57864	59097	58410	59163	59196	59229	58062	57555	57607	58676	59445	59494	59543	58872	58457	57976	58035	58634	59893
TRANSPORT_MODE
0	2	2	2	1	1	1	2	0	2	1	1	1	1	2	0	2	2	1	1	1	1	2	0	0	2	2	1	1	1	1	0	0	2	2	1	1	1	1	0	0	2	2	2	1	1	1	2	0	2	1	1	1	1	1	0	0	3	3	3	1	1	1	1	0	0	2	2	1	1	1	1	0	3	3	3	1	1	1	1	0	0	2	2	2	1	1	1	0	3	3	1	1	1	1	0	0	2	2	2	1	1	1	1	0	3	3	1	1	1	1	0	0	0	2	2	2	1	1	1	1	0	3	3	1	1	1	1	0	0	2	2	2	1	1	1	1	0	3	3	3	1	1	1	0	0	2	2	1	1	1	1	0	0	3	3	3	1	1	1	1	0	2	2	1	1	1	1	0	0	3	3	3	1	1	1	1	0	2	2	1	1	1	1	0	0	3	3	3	1	1	1	1	0	2	2	2	1	1	1	0	0	3	3	1	1	1	1	0	0	1	2	2	2	1	1	1	0	3	3	1	1	1	1	0	0	1	2	2	2	1	1	1	0	0	3	3	1	1	1	1	0	2	2	2	1	1	1	1	0	0	3	3	3	1	1	1	0	2	2	1	1	1	1	0	0	3	3	3	1	1	1	1	0	2	2	1	1	1	1	0	0	3	3	3	1	1	1	1	0	0	2	2	1	1	1	1	0	3	3	3	1	1	1	1	0	0	2	2	2	1	1	1	0	3	3	1	1	1	1	0	0	2	2	2	1	1	1	1	0	3	3	1	1	1	1	0	0	2	2	2	1	1	1	1	0	0	3	3	1	1	1	1	0	2	2	2	1	1	1	1	0	0	3	3	3	1	1	1	0	2	2	1	1	1	1	0	0	3	3	3	1	1	1	2	0	2	1	1	1	1	1	0	0	3	3	3	1	1	1	2	0	1	2	1	1	0	1	3	0	3	3	1	1	1	1	2	0	2	2	1	1	1	3	0	0	3	1	1	1	1	2	0	0	2	1	2	1	1	1	0	0	3	3	1	1	1	1	0	0	2	2	2	1	1	1	1	0	3	3	1	1	1	1	0	0	2	2	2	1	1	1	1	0	3	3	3	1	1	1	0	0	2	2	1	1	1	1	0	3	3	3	1	1	1	0	0	2	2	1	1	1	1	0	0	1	3	3	3	1	1	1	0	0	2	2	1	1	1	1	0	3	3	3	1	1	1	1	0	0	2	2	1	1	1	1	0	3	3	1	1	1	1	0	0	2	2	2	1	1	1	0	0	3	3	1	1	1	1	0	0	1	2	2	2	1	1	1	0	3	3	1	1	1	1	0	2	2	2	1	1	1	1	0	0	3	3	1	1	1	1	0	2	2	2	1	1	1	1	0	0	3	3	3	1	1	1	0	0	1	2	2	1	1	1	0	0	1	3	3	3	1	1	1	0	1	2	2	1	1	1	0	0	3	3	3	1	1	1	1	0	2	2	1	1	1	1	0	0	3	3	3	1	1	1	1	0	2	2	2	1	1	1	0	0	3	3	1	1	1	1	0	0	1	2	2	2	1	1	1	0	3	3	1	1	1	1	0	0	2	2	2	1	1	1	1	0	3	3	1	1	1	1	0	0	2	2	2	1	1	1	1	0	3	3	3	1	1	1	0	0	2	2	1	1	1	1	0	0	1	3	3	3	1	1	1	0	2	2	1	1	1	1	0	0	3	3	3	1	1	1	1	0	3	3	1	1	1	1	0	0	3	3	3	1	1	1	1	0	3	3	3	1	1	1	0	0	3	3	1	1	1	1	0	0	3	3	3	1	1	1	1	0	3	3	1	1	1	1	0	0
PATIENT_WEIGHT
49	40	104	103	148	72	125	82	122	45	51	115	80	109	38	72	70	32	98	143	145	138	123	63	43	119	145	37	150	141	95	97	51	92	82	149	76	129	75	114	46	119	108	67	98	106	102	73	44	45	60	143	144	47	51	145	134	106	35	79	89	68	118	68	140	77	108	62	68	62	84	129	127	92	38	140	83	86	116	78	43	97	57	130	40	108	79	70	114	113	138	57	74	31	98	132	139	60	131	39	31	135	43	123	67	82	145	58	56	50	102	133	141	102	128	100	74	93	81	97	140	109	64	32	65	46	57	99	147	121	55	40	96	70	94	137	150	46	137	56	68	73	104	33	40	69	38	125	42	132	31	44	117	75	85	78	31	57	51	94	113	58	46	132	137	132	125	57	82	121	56	87	142	93	54	134	30	80	111	145	132	93	48	54	137	116	84	58	110	117	150	119	88	52	80	112	74	122	59	58	141	139	95	45	132	92	102	124	78	113	138	133	131	40	63	82	111	50	150	132	101	102	107	57	110	120	136	107	136	76	71	101	141	121	147	69	129	114	36	70	87	115	53	72	144	70	88	135	107	107	130	139	150	137	78	149	133	110	111	69	106	113	133	122	91	69	79	146	65	72	69	113	76	98	54	60	46	74	134	145	52	49	86	111	85	96	147	45	94	52	36	59	33	88	134	137	37	43	51	140	60	43	144	82	70	74	45	88	142	48	48	72	128	115	34	77	129	133	124	114	50	117	98	121	65	150	147	46	132	101	110	105	67	79	95	123	34	56	41	46	55	38	133	66	91	134	82	31	85	34	88	57	59	33	31	106	68	76	31	133	34	85	80	94	149	55	109	146	32	45	115	104	99	120	72	51	109	104	45	113	140	109	146	63	140	34	149	108	116	84	86	150	142	80	33	119	36	133	147	61	100	140	63	150	125	119	94	49	85	48	69	33	135	110	40	70	36	139	30	68	124	80	30	65	51	96	119	131	94	115	50	40	78	33	81	89	75	61	135	95	30	139	148	111	90	98	93	91	46	145	121	123	69	96	123	31	117	86	110	95	145	111	128	78	116	92	58	56	118	134	100	105	32	130	87	33	85	69	123	129	143	38	143	76	49	139	128	106	109	81	85	39	124	38	123	147	127	126	70	66	147	62	57	49	87	72	117	35	118	53	141	73	102	70	69	48	55	146	63	138	48	142	137	99	40	127	94	34	121	93	69	66	117	83	48	85	119	31	135	139	138	103	138	70	44	116	139	78	133	104	48	44	80	65	108	30	122	74	89	89	64	82	44	57	57	124	31	35	97	125	94	38	136	36	128	74	42	43	122	114	114	143	61	90	37	53	104	75	127	131	31	39	112	129	40	46	85	123	110	71	129	94	51	78	139	89	65	95	143	39	102	64	36	52	41	117	36	102	63	62	52	95	129	37	35	118	81	45	74	101	71	82	90	87	94	71	91	116	149	126	90	60	70	69	43	141	73	99	138	40	49	31	84	128	127	146	147	47	109	138	132	142	66	30	40	96	131	110	68	51	106	33	68	34	39	149	141	81	72	80	77	80	147	99	115	94	127	110	137	79	38	77	46	32	51	89	122	132	50	144	50	108	81	91	125	79	105	87	91	73	60	52	116	111	127	99	130	64	31	78	137	122	143	37	48	100	61	66	42	145	53	132	96	36	131	115	110	127	71	134	143	76	74	122	40	85	40	119	95	31	71	135	63	65	109	127	87	63	119	117	82	116	117	44	128	101	92	56	32	113	100	123	63	100	102	58	94	146	118	140	125	79	33	59	142	64	144	113	85	123	147	31	72	89	60	49	36	101	92	129	88
DISTANCE_MATRIX
0	360	318	300	288	276	264	264	150	150	150	60	90	90	162	168	204	228	234	312	360	408	348	318	168	192	168	318
360	60	264	318	324	342	342	342	348	348	354	360	372	378	378	420	420	480	462	498	462	462	384	420	372	420	378	378
318	264	60	270	276	288	288	288	294	294	294	318	318	324	324	414	414	468	462	486	462	462	330	366	366	408	372	324
300	318	270	60	276	288	288	288	288	288	288	300	300	312	318	408	408	468	462	486	438	438	318	360	360	402	360	312
288	324	276	276	60	276	276	276	276	276	276	288	288	300	300	402	396	462	456	480	432	432	300	360	360	402	348	300
276	342	288	288	276	60	180	180	252	258	264	264	264	288	288	390	390	456	450	480	432	432	288	348	348	348	288	288
264	342	288	288	276	180	60	180	246	258	264	264	264	288	288	390	390	456	450	480	432	432	288	348	348	348	288	288
264	342	288	288	276	180	180	60	240	258	264	264	264	288	288	390	390	456	450	480	432	432	288	348	348	348	288	288
150	348	294	288	276	252	246	240	60	120	120	150	126	270	270	378	384	420	438	480	420	408	276	300	300	300	276	270
150	348	294	288	276	258	258	258	120	60	120	150	150	270	270	378	384	420	438	480	420	408	276	300	300	300	276	270
150	354	294	288	276	264	264	264	120	120	60	150	150	270	270	378	384	420	438	480	420	408	276	300	300	300	276	270
60	360	318	300	288	264	264	264	150	150	150	60	90	162	168	228	234	312	360	408	348	318	168	192	192	198	168	162
90	372	318	300	288	264	264	264	150	150	150	90	60	162	168	228	234	312	360	408	348	318	168	192	192	198	168	162
90	378	324	312	300	288	288	288	270	270	270	162	162	60	120	180	180	306	210	360	300	300	120	180	120	180	120	234
162	378	324	318	300	288	288	288	270	270	270	168	168	120	60	180	180	306	210	360	300	300	120	180	120	180	120	120
168	420	414	408	402	348	348	348	300	300	300	228	228	180	180	60	132	204	132	348	258	258	186	60	180	132	222	180
204	420	414	408	396	390	390	390	384	384	384	234	234	180	180	132	60	204	132	348	258	258	186	60	180	132	222	180
228	480	468	468	462	456	456	456	420	420	420	312	312	306	306	204	204	60	198	120	240	240	306	204	306	138	306	306
234	462	462	462	456	450	450	450	438	438	438	360	360	210	210	132	132	198	60	138	132	132	210	132	210	132	210	210
312	498	486	486	480	480	480	480	480	480	480	408	408	360	360	348	348	120	138	60	348	348	360	348	360	348	360	360
360	462	462	438	432	432	432	432	420	420	420	348	348	300	300	258	258	240	132	348	60	60	300	258	300	258	300	300
408	462	462	438	432	432	432	432	408	408	408	318	318	300	300	258	258	240	132	348	60	60	300	258	300	258	300	300
348	384	330	318	300	288	288	288	276	276	276	168	168	120	120	186	186	306	210	360	300	300	60	186	120	186	120	120
318	420	366	360	360	348	348	348	300	300	300	192	192	180	180	60	60	204	132	348	258	258	186	60	180	60	180	180
168	372	300	306	300	288	288	288	270	270	270	168	168	120	120	180	180	306	210	360	300	300	120	180	60	180	120	120
192	420	408	402	402	348	348	348	300	300	300	198	198	180	180	132	132	138	132	348	258	258	186	60	180	60	180	180
168	378	372	360	348	288	288	288	276	276	276	168	168	120	120	222	222	306	210	360	300	300	120	180	120	180	60	120
318	378	324	312	300	288	288	288	270	270	270	162	162	234	120	180	180	306	210	360	300	300	120	180	120	180	120	60
DEPOTS_DISTANCE
234	462	462	462	456	450	450	450	438	438	438	360	360	210	210	132	132	198	60	138	132	132	210	132	210	132	210	210	
348	384	330	318	300	288	288	288	276	276	276	168	168	120	120	186	186	306	210	360	300	300	60	186	120	186	120	120	
318	420	366	360	360	348	348	348	300	300	300	192	192	180	180	60	60	204	132	348	258	258	186	60	180	60	180	180	
LOCATION_TURN_MATRIX
100	130	122	113	112	199	136	122	129	152	173	146	151	136	158	140	176	113	122	167	194	134	110	172	114	184	100	147	
170	100	154	188	164	169	136	136	152	170	104	183	155	115	101	104	155	187	174	115	149	134	178	168	114	135	168	102	
178	146	100	161	178	114	104	165	117	139	126	169	192	109	120	179	160	152	154	134	113	140	154	179	196	196	192	181	
187	112	139	100	158	114	195	181	104	132	195	106	183	169	132	170	140	136	172	148	116	110	123	136	151	120	176	169	
188	136	122	142	100	175	164	159	112	100	167	164	135	191	132	181	104	123	142	156	108	117	193	182	116	147	156	185	
101	131	186	186	125	100	190	147	164	150	137	102	145	176	185	131	113	108	117	186	118	151	140	178	154	189	172	110	
164	164	196	105	136	110	100	186	153	151	183	193	111	157	144	123	188	142	110	163	105	190	166	187	170	171	186	126	
178	164	135	119	141	153	114	100	106	130	108	103	151	178	122	151	130	133	184	177	110	141	166	110	122	174	191	197	
171	148	183	196	188	136	147	194	100	167	100	146	168	129	128	142	172	118	174	147	105	158	156	160	120	106	119	136	
148	130	161	168	200	150	149	170	133	100	177	106	175	116	188	180	176	194	108	146	130	187	183	173	128	141	169	176	
127	196	174	105	133	163	117	192	200	123	100	171	175	140	183	115	104	186	128	153	151	175	100	146	191	117	132	197	
154	117	131	194	136	198	107	197	154	194	129	100	136	184	140	147	172	184	148	131	103	156	185	200	152	158	154	143	
149	145	108	117	165	155	189	149	132	125	125	164	100	140	199	142	101	144	163	185	117	191	200	143	113	165	102	154	
164	185	191	131	109	124	143	122	171	184	160	116	160	100	109	116	196	113	131	186	166	139	183	175	144	161	105	170	
142	199	180	168	168	115	156	178	172	112	117	160	101	191	100	147	177	177	199	158	172	188	164	175	180	168	154	195	
160	196	121	130	119	169	177	149	158	120	185	153	158	184	153	100	152	159	197	157	181	159	102	123	168	200	124	186	
124	145	140	160	196	187	112	170	128	124	196	128	199	104	123	148	100	149	114	112	117	135	105	132	138	180	198	156	
187	113	148	164	177	192	158	167	182	106	114	116	156	187	123	141	151	100	166	132	168	163	159	123	129	173	161	116	
178	126	146	128	158	183	190	116	126	192	172	152	137	169	101	103	186	134	100	184	199	137	130	160	148	113	140	150	
133	185	166	152	144	114	137	123	153	154	147	169	115	114	142	143	188	168	116	100	111	195	128	157	191	164	141	171	
106	151	187	184	192	182	195	190	195	170	149	197	183	134	128	119	183	132	101	189	100	129	151	163	147	166	104	177	
166	166	160	190	183	149	110	159	142	113	125	144	109	161	112	141	165	137	163	105	171	100	101	185	169	129	103	197	
190	122	146	177	107	160	134	134	144	117	200	115	100	117	136	198	195	141	170	172	149	199	100	106	150	116	118	145	
128	132	121	164	118	122	113	190	140	127	154	100	157	125	125	177	168	177	140	143	137	115	194	100	128	167	115	155	
186	186	104	149	184	146	130	178	180	172	109	148	187	156	120	132	162	171	152	109	153	131	150	172	100	155	124	184	
116	165	104	180	153	111	129	126	194	159	183	142	135	139	132	100	120	127	187	136	134	171	184	133	145	100	129	192	
200	132	108	124	144	128	114	109	181	131	168	146	198	195	146	176	102	139	160	159	196	197	182	185	176	171	100	146	
153	198	119	131	115	190	174	103	164	124	103	157	146	130	105	114	144	184	150	129	123	103	155	145	116	108	154	100	
DEPOTS_TO_LOCAL_TURN_MATRIX
178	126	146	128	158	183	190	116	126	192	172	152	137	169	101	103	186	134	100	184	199	137	130	160	148	113	140	150	
190	122	146	177	107	160	134	134	144	117	200	115	100	117	136	198	195	141	170	172	149	199	100	106	150	116	118	145	
128	132	121	164	118	122	113	190	140	127	154	100	157	125	125	177	168	177	140	143	137	115	194	100	128	167	115	155	
LOCAL_TO_DEPOT_TURN_MATRIX
122	174	154	172	142	117	110	184	174	108	128	148	163	131	199	197	114	166	100	116	101	163	170	140	152	187	160	150	
110	178	154	123	193	140	166	166	156	183	100	185	200	183	164	102	105	159	130	128	151	101	100	194	150	184	182	155	
172	168	179	136	182	178	187	110	160	173	146	200	143	175	175	123	132	123	160	157	163	185	106	100	172	133	185	145	

