INDEX_PROBLEM
1
PATIENTS
800
STRETCHERS
16
NUM_ROOM
28
NUM_DEPOTS
3
NUM_PRIORITY
4
PRIORITY_LIST
0	1	2	3	4	
PRIORITY_WEIGHT
0	1	10	18	30	
PRIORITY_JOB
0	1	2	2	3	4	4	1	3	2	3	4	4	1	2	4	2	3	4	4	1	2	3	4	4	3	4	4	2	2	3	3	4	4	4	4	1	2	3	4	3	3	4	4	1	2	3	4	4	4	4	1	2	2	3	4	4	1	1	4	4	1	2	3	2	4	4	1	2	2	1	3	4	1	3	4	4	4	1	2	1	3	3	4	2	2	1	3	4	3	4	4	4	1	2	1	2	3	3	4	4	1	2	1	4	3	4	4	4	1	2	2	2	3	3	4	4	1	2	1	4	3	4	4	1	2	2	1	3	3	4	4	4	1	2	1	3	3	3	4	2	2	3	1	2	4	4	4	1	2	3	4	3	1	3	4	4	1	2	3	2	4	4	4	1	2	3	4	4	1	1	3	4	4	1	2	2	1	3	4	4	1	2	1	4	1	2	3	4	4	4	1	2	3	2	3	3	4	2	1	4	2	3	4	4	4	1	1	3	2	3	3	4	4	1	4	4	1	2	3	4	4	4	2	3	1	2	3	3	4	4	1	4	1	2	3	4	4	1	2	1	2	2	3	4	4	1	2	3	1	3	3	4	4	2	1	3	2	3	4	4	4	1	4	3	1	2	3	3	4	2	2	2	2	3	4	4	4	1	4	4	2	1	1	3	3	4	4	1	4	1	2	3	4	4	4	3	1	1	1	2	2	3	4	3	4	1	2	3	3	4	4	3	1	4	2	2	3	4	1	2	4	1	2	3	3	4	4	4	4	1	2	2	3	4	1	2	4	4	1	2	3	3	4	3	4	1	1	2	3	4	1	4	1	2	2	3	4	4	4	3	4	1	1	2	3	3	1	4	2	2	3	4	4	4	3	2	1	1	2	3	3	4	1	3	4	2	2	3	4	4	4	4	1	2	1	3	3	4	4	1	4	1	2	3	4	4	4	3	1	1	1	2	2	3	4	2	4	1	2	3	3	4	4	3	2	1	1	2	3	4	4	1	4	4	1	2	3	3	4	4	3	4	2	1	2	3	4	2	1	4	4	1	2	3	3	4	4	4	1	1	2	3	4	3	4	1	2	2	3	4	4	3	1	1	1	2	3	3	4	2	4	2	2	3	4	4	1	4	1	2	1	3	3	4	4	2	1	2	2	3	4	4	4	4	4	1	2	1	3	3	4	4	3	1	2	3	4	4	1	4	2	1	1	2	3	4	4	1	3	1	2	3	3	4	4	4	2	1	1	2	3	4	4	2	4	1	2	3	3	4	4	4	4	2	2	1	3	4	4	1	2	4	1	2	3	3	4	4	4	1	2	1	3	4	4	1	2	1	2	2	3	4	4	1	3	2	1	3	3	4	4	1	1	2	2	3	4	4	1	2	4	3	1	3	4	4	2	3	1	2	3	4	4	4	1	4	4	2	3	1	3	4	4	1	2	2	3	4	4	1	2	3	2	1	1	3	4	4	1	2	4	2	3	3	4	2	2	4	3	1	1	4	4	4	1	1	4	2	3	3	4	4	2	4	3	2	1	3	4	4	1	1	2	2	3	3	4	4	1	2	4	3	1	4	4	4	1	1	2	2	3	4	4	1	2	3	2	1	3	3	4	2	2	2	3	4	4	4	1	2	3	4	1	1	3	4	2	2	3	3	1	4	4	4	1	2	3	4	2	3	1	4	4	1	2	3	2	4	4	1	2	2	3	4	1	1	4	4	1	2	3	2	1	4	4	4	2	2	1	1	1	1	3	4	4	1	2	2	1	3	3	4	4	2	2	2	1	2	3	4	4	4	1	3	1	1	2	3	3	4	1	1	1	2	3	4	4	4	2	2	
TIME_ASKED
0	28800	28800	28800	28800	28800	28800	28800	28800	28800	28800	28800	28800	28800	28800	28800	28800	29545	29574	29603	29632	29661	29690	29742	29784	29826	29868	29910	29952	29994	30029	30058	30087	30116	30145	30174	30203	30232	30261	30290	30329	30358	30387	30416	30445	30474	30503	30532	30561	30590	30621	30642	30663	30684	30705	30726	30747	30768	30789	30810	30831	30852	30873	30894	30949	30998	31047	31096	31145	31194	31227	31254	31281	31308	31335	31362	31389	31416	31443	31470	31497	31524	31548	31572	31596	31620	31644	31668	31692	31716	31740	31764	31788	31837	31874	31911	31948	31985	32022	32059	32096	32159	32218	32277	32336	32395	32419	32438	32457	32476	32495	32514	32533	32552	32571	32590	32609	32628	32647	32666	32685	32759	32818	32877	32936	32995	33027	33054	33081	33108	33135	33162	33189	33216	33243	33270	33297	33333	33366	33399	33432	33465	33498	33531	33564	33597	33616	33632	33648	33664	33680	33696	33712	33728	33744	33760	33776	33792	33808	33824	33840	33856	33872	33888	33933	33966	33999	34032	34065	34098	34131	34164	34197	34242	34284	34326	34368	34410	34452	34494	34533	34566	34599	34632	34665	34698	34731	34764	34797	34827	34854	34881	34908	34935	34962	34989	35016	35043	35070	35097	35137	35174	35211	35248	35285	35322	35359	35396	35433	35466	35499	35532	35565	35598	35631	35664	35697	35723	35746	35769	35792	35815	35838	35861	35884	35907	35930	35953	35976	35999	36023	36046	36069	36092	36115	36138	36161	36184	36207	36230	36253	36276	36299	36327	36354	36381	36408	36435	36462	36489	36516	36543	36570	36597	36619	36638	36657	36676	36695	36714	36733	36752	36771	36790	36809	36828	36847	36866	36885	36949	36998	37047	37096	37145	37194	37259	37318	37377	37436	37495	37549	37598	37647	37696	37745	37794	37827	37854	37881	37908	37935	37962	37989	38016	38043	38070	38097	38123	38146	38169	38192	38215	38238	38261	38284	38307	38330	38353	38376	38399	38419	38438	38457	38476	38495	38514	38533	38552	38571	38590	38609	38628	38647	38666	38685	38742	38784	38826	38868	38910	38952	38994	39029	39058	39087	39116	39145	39174	39203	39232	39261	39290	39349	39398	39447	39496	39545	39594	39633	39666	39699	39732	39765	39798	39831	39864	39897	39937	39974	40011	40048	40085	40122	40159	40196	40242	40284	40326	40368	40410	40452	40494	40542	40584	40626	40668	40710	40752	40794	40849	40898	40947	40996	41045	41094	41133	41166	41199	41232	41265	41298	41331	41364	41397	41423	41446	41469	41492	41515	41538	41561	41584	41607	41630	41653	41676	41699	41749	41798	41847	41896	41945	41994	42099	42198	42297	42342	42384	42426	42468	42510	42552	42594	42699	42798	42897	42923	42946	42969	42992	43015	43038	43061	43084	43107	43130	43153	43176	43199	43237	43274	43311	43348	43385	43422	43459	43496	43549	43598	43647	43696	43745	43794	43899	43998	44097	44159	44218	44277	44336	44395	44459	44518	44577	44636	44695	44799	44898	44997	45033	45066	45099	45132	45165	45198	45231	45264	45297	45337	45374	45411	45448	45485	45522	45559	45596	45637	45674	45711	45748	45785	45822	45859	45896	45959	46018	46077	46136	46195	46249	46298	46347	46396	46445	46494	46537	46574	46611	46648	46685	46722	46759	46796	46821	46842	46863	46884	46905	46926	46947	46968	46989	47010	47031	47052	47073	47094	47199	47298	47397	47437	47474	47511	47548	47585	47622	47659	47696	47737	47774	47811	47848	47885	47922	47959	47996	48049	48098	48147	48196	48245	48294	48324	48348	48372	48396	48420	48444	48468	48492	48516	48540	48564	48588	48627	48654	48681	48708	48735	48762	48789	48816	48843	48870	48897	48937	48974	49011	49048	49085	49122	49159	49196	49233	49266	49299	49332	49365	49398	49431	49464	49497	49537	49574	49611	49648	49685	49722	49759	49796	49827	49854	49881	49908	49935	49962	49989	50016	50043	50070	50097	50149	50198	50247	50296	50345	50394	50424	50448	50472	50496	50520	50544	50568	50592	50616	50640	50664	50688	50737	50774	50811	50848	50885	50922	50959	50996	51027	51054	51081	51108	51135	51162	51189	51216	51243	51270	51297	51324	51348	51372	51396	51420	51444	51468	51492	51516	51540	51564	51588	51637	51674	51711	51748	51785	51822	51859	51896	51933	51966	51999	52032	52065	52098	52131	52164	52197	52259	52318	52377	52436	52495	52517	52534	52551	52568	52585	52602	52619	52636	52653	52670	52687	52704	52721	52738	52755	52772	52789	52859	52918	52977	53036	53095	53137	53174	53211	53248	53285	53322	53359	53396	53459	53518	53577	53636	53695	53733	53766	53799	53832	53865	53898	53931	53964	53997	54027	54054	54081	54108	54135	54162	54189	54216	54243	54270	54297	54374	54448	54522	54596	54627	54654	54681	54708	54735	54762	54789	54816	54843	54870	54897	55049	55198	55237	55274	55311	55348	55385	55422	55459	55496	55574	55648	55722	55796	55827	55854	55881	55908	55935	55962	55989	56016	56043	56070	56097	56399	56499	56598	56697	56733	56766	56799	56832	56865	56898	56931	56964	56997	57049	57098	57147	57196	57245	57294	57359	57418	57477	57536	57595	
ORIGIN
0	16	6	27	19	7	27	25	14	25	23	10	2	23	11	14	26	14	3	23	1	4	14	14	26	14	16	7	27	20	9	9	16	9	1	23	11	14	23	13	2	14	2	3	24	14	14	26	26	6	27	18	7	27	20	8	14	14	17	2	23	12	2	2	9	14	23	14	4	24	12	14	12	14	25	27	19	8	23	9	9	14	23	11	2	14	14	14	14	14	14	24	14	4	5	7	27	27	18	7	27	20	8	14	16	17	2	17	12	2	14	14	25	14	14	4	24	15	4	27	16	26	26	26	3	27	23	26	11	11	10	2	23	14	2	14	14	26	26	27	27	26	20	9	20	20	14	27	20	14	3	13	20	23	27	20	20	23	4	14	14	26	27	24	15	4	23	16	23	15	26	26	14	2	8	14	14	14	15	23	12	2	23	27	11	12	12	14	14	27	14	12	9	9	9	20	8	27	3	14	14	5	4	2	14	13	26	7	14	1	2	14	4	26	14	8	23	8	8	2	14	14	14	14	1	14	14	25	2	23	14	3	14	2	14	27	11	11	14	12	14	11	2	8	27	23	14	16	14	11	14	14	14	14	2	20	20	14	23	7	26	16	23	1	13	3	23	27	14	14	3	14	27	27	26	27	23	13	3	23	2	27	26	26	14	1	25	14	4	8	13	5	23	8	1	14	14	12	14	1	2	27	1	4	9	13	1	27	16	5	26	3	14	5	7	1	3	14	14	14	7	23	1	27	13	2	23	14	3	14	14	23	1	7	14	3	27	23	1	27	8	1	23	10	27	23	7	14	26	14	14	2	2	16	14	2	5	26	7	14	2	7	7	14	14	14	3	26	20	20	14	4	2	23	1	26	20	23	23	23	7	14	1	2	14	13	27	2	1	23	10	1	14	2	27	2	2	14	27	14	2	4	14	4	27	26	23	11	14	14	14	1	14	3	14	3	3	14	14	14	23	14	3	14	26	14	14	5	14	1	3	3	3	27	5	13	23	10	1	14	7	14	23	14	23	27	14	3	14	3	27	23	16	6	27	19	7	14	14	14	14	3	14	16	16	2	2	3	14	3	23	14	19	23	2	2	25	14	14	10	10	3	3	27	9	3	16	11	26	3	23	7	7	14	14	2	13	2	2	2	5	27	18	7	2	2	2	27	14	14	2	23	23	4	26	2	3	23	14	4	14	2	14	26	4	14	26	26	22	14	27	2	1	23	11	2	14	14	26	23	14	14	15	15	14	3	14	23	26	17	7	27	14	14	14	14	14	27	20	20	24	27	16	14	23	14	4	23	15	2	3	3	14	26	26	14	2	4	27	1	23	10	2	14	23	2	14	14	27	27	14	14	26	26	27	26	16	7	27	14	26	26	16	27	9	20	2	2	2	2	4	23	14	3	24	14	4	14	14	4	3	26	14	14	14	14	15	4	10	2	23	12	23	23	14	27	14	14	9	9	14	4	4	1	7	26	19	2	14	23	3	16	20	11	2	1	3	16	23	14	3	24	14	4	14	14	1	1	26	7	27	26	14	4	11	10	1	23	12	2	23	11	11	14	14	14	24	11	27	26	16	6	27	19	7	27	26	14	14	20	20	2	23	14	26	27	14	3	23	14	14	27	13	14	26	14	7	27	20	14	4	4	9	1	23	4	16	23	12	12	12	14	27	24	15	14	1	15	6	27	18	7	27	14	14	14	17	10	2	23	2	2	14	14	3	23	14	4	14	25	14	23	25	7	27	20	1	2	7	9	1	23	11	2	4	14	14	14	14	3	24	14	1	11	11	5	27	18	7	27	20	8	14	2	17	1	23	12	2	26	12	
DESTINATION
0	14	17	2	22	23	2	14	9	14	27	14	14	27	12	25	14	25	14	4	23	14	9	9	14	1	16	20	2	14	14	14	14	14	14	27	15	5	1	7	27	5	27	14	2	26	8	14	14	17	2	27	20	2	14	14	25	16	6	14	27	11	14	27	14	26	3	26	14	2	11	26	11	26	14	2	22	14	1	14	14	26	27	15	14	20	9	9	20	9	9	1	26	14	14	13	2	23	27	20	2	14	14	26	14	6	27	6	11	14	20	8	14	15	26	14	2	14	14	2	14	14	14	14	23	2	27	14	12	12	14	14	27	8	14	9	9	14	14	23	23	3	14	14	14	14	4	2	14	4	26	7	14	27	18	7	7	1	14	8	16	14	23	2	14	14	1	14	1	14	14	14	4	24	14	2	16	20	14	27	11	14	1	23	12	11	11	10	2	23	2	11	14	14	14	14	14	2	26	20	20	14	14	27	20	7	3	13	20	23	27	26	14	3	4	14	27	14	14	24	15	15	16	16	23	26	26	14	14	1	25	14	4	14	15	23	12	12	2	11	9	12	14	14	2	27	1	14	9	12	9	20	8	8	27	14	14	5	1	20	3	14	1	14	7	26	1	2	4	4	26	8	23	23	14	23	1	7	14	3	27	23	14	14	2	23	14	3	14	14	7	14	26	14	14	2	2	11	2	14	27	23	14	14	14	7	14	23	14	14	3	26	20	14	13	23	26	16	1	1	13	1	23	23	7	14	1	2	14	2	26	27	23	13	3	23	2	27	23	2	14	14	27	14	2	27	13	2	23	8	1	14	14	14	1	27	14	3	13	3	14	13	13	16	16	5	26	3	14	14	5	14	14	1	23	3	14	1	1	1	13	2	23	14	3	7	23	27	14	27	14	14	3	27	23	27	27	1	23	10	27	14	16	14	2	3	27	12	16	16	16	14	5	26	26	14	14	2	2	2	1	25	14	10	3	20	20	14	2	23	26	26	26	23	14	7	27	14	14	2	13	2	27	2	27	23	1	14	1	14	2	27	14	17	2	22	23	4	4	2	4	26	1	14	14	14	14	26	25	14	4	26	22	27	14	14	14	3	3	14	14	26	26	23	14	26	14	15	14	26	27	13	13	1	1	14	7	14	14	14	14	2	27	20	24	27	27	23	16	16	27	7	7	14	3	14	14	3	26	14	2	14	2	3	23	3	14	14	19	4	2	14	14	27	15	14	26	26	3	27	9	26	11	11	26	26	16	27	3	9	20	2	2	2	2	5	5	18	7	7	2	2	14	4	3	26	14	27	14	14	26	26	3	14	14	4	14	14	23	14	27	14	14	9	27	14	2	2	23	23	2	2	14	3	23	3	16	20	2	1	14	3	14	23	17	7	27	27	14	14	14	1	26	14	2	26	14	4	16	14	23	14	4	15	15	2	11	14	14	14	27	11	27	27	1	23	10	10	14	14	2	14	14	14	20	14	22	14	26	7	26	16	7	15	27	14	26	14	27	26	14	1	26	14	4	4	23	23	14	20	2	14	4	14	12	14	14	27	11	14	1	15	15	4	10	2	2	12	23	14	14	17	2	22	23	2	14	4	1	7	7	14	27	2	14	23	25	14	5	26	1	2	7	16	14	3	20	2	14	4	14	14	14	14	27	14	14	1	11	11	11	1	23	2	14	2	23	11	17	2	27	23	2	16	26	16	6	14	14	27	27	27	26	25	14	4	26	14	26	14	26	27	14	20	2	14	14	27	13	14	14	27	15	14	14	9	16	1	1	14	1	26	23	12	12	14	2	27	20	2	14	14	26	27	6	14	27	11	14	14	11	
DUE_DATE
0	31147	30476	30525	30094	29603	29652	31447	30296	30825	30394	29903	29952	31727	31036	30045	31094	30643	30132	30161	31930	31239	30788	30300	30342	30924	30426	30468	31530	31572	31127	31156	30645	30674	30703	30732	32501	31810	31359	30848	31427	31456	30945	30974	32743	32052	31601	31090	31119	31148	31179	32940	32241	32262	31803	31284	31305	33066	33087	31368	31389	33150	32451	31992	32527	31556	31605	33394	32723	32772	33525	32352	31839	33606	32433	31920	31947	31974	33741	33048	33795	32622	32646	32130	33174	33198	33942	32766	32250	32814	32298	32322	32346	34135	33452	34209	33526	33083	33120	32617	32654	34457	33796	34575	32894	33493	32977	32996	33015	34774	34073	34092	34111	33650	33669	33148	33167	34926	34225	34964	33243	33857	33376	33435	35234	34573	34605	35352	34179	34206	33693	33720	33747	35514	34821	35568	34395	34431	34464	33957	35010	35043	34596	35829	35142	34155	34174	34190	35946	35242	34778	34254	34810	36026	34842	34318	34334	36090	35386	34922	35418	34414	34430	34446	36231	35544	35097	34590	34623	36396	36429	35262	34755	34800	36582	35904	35946	36708	35550	35052	35091	36864	36177	36930	35223	36996	36309	35862	35355	35385	35412	37179	36486	36033	36540	36087	36114	35601	36648	37395	35695	36752	36309	35806	35843	35880	37657	37694	36531	37044	36597	36630	36123	36156	37929	36222	36255	38021	37324	36867	36350	36373	36396	37439	36982	38205	37508	37051	37074	36557	36581	38344	36627	38390	37693	37236	36719	36742	38505	37808	38551	37854	37877	37425	36912	36939	38706	38013	37560	38787	37614	37641	37128	37155	38197	38936	37755	38254	37793	37272	37291	37310	39069	37348	37907	39126	38425	37964	37983	37507	38576	38625	38674	38723	38292	37817	37876	37935	39734	38053	38107	39176	39945	39994	38843	38892	38385	38412	40179	38466	40233	39540	39087	38574	38601	38628	39195	40421	40444	40467	39770	39793	39336	38819	39382	38865	40628	39931	39474	39497	38977	38996	39555	40774	39053	40092	40111	39650	39129	40888	40187	39186	40945	40244	39783	39840	39342	39384	39426	39468	41250	40572	40607	40156	39645	41414	40723	39732	39761	41530	40839	40388	40447	39956	40545	40054	41843	41892	41211	40764	40257	42030	40323	42096	41409	41442	40995	40495	40532	40569	41146	40643	42420	42457	41774	41340	41382	42624	40926	41988	42030	41592	41100	41142	41184	41766	42288	43050	43092	42427	41996	42045	41554	43343	42192	41691	42744	42777	42330	41823	41856	41889	41922	43695	43001	43744	42567	42590	42073	42096	43859	42142	43905	43208	42751	42234	42257	42307	42896	44145	44194	44243	43572	43677	43296	42855	43920	42942	44724	44046	43608	43650	43152	43257	43896	44475	45221	45244	44547	44090	43573	43596	45359	43642	43665	45428	44731	44274	44297	43795	43832	44409	43906	44963	45720	45037	44594	44107	45176	45945	44254	44303	46092	45477	45096	45195	44717	44776	44835	46634	46693	46037	45616	45135	45734	45253	47097	46476	46575	46131	45624	45657	46230	47463	47496	47529	46842	46395	46435	45932	46989	46006	47063	47100	46657	46154	46195	47972	46269	48046	47363	48120	46957	46994	46517	46576	47655	48434	47773	47827	47396	46905	46954	47003	47052	47095	48872	48189	48946	47783	47820	47317	47354	47919	49140	48441	47982	47463	47484	49245	47526	48567	49308	49329	48630	48171	47652	47757	49596	48495	49735	49052	48609	48646	48143	48180	48217	49274	50035	50072	49389	48946	48443	48480	49537	48554	50347	49676	49245	49294	48803	48852	48882	48906	49950	49974	50718	49542	49026	49050	50814	50118	49122	50886	50205	49752	49779	49266	49293	49320	51087	50394	51141	49968	49455	49495	51272	50589	51346	50663	50700	50257	49754	49791	51564	50397	50910	51663	50496	50529	50022	50055	51835	51872	51189	51226	50783	50280	50317	52094	51405	50412	50979	52206	51033	50520	50547	51594	51141	52368	51675	51247	50756	50805	50854	52643	50952	50982	52026	51570	52794	51618	51102	51126	52890	52194	52218	51762	51246	51295	53072	52389	51946	52463	53220	53257	52094	51585	51612	53379	52686	51693	52740	52287	52314	51801	52848	52875	51882	52446	53670	53694	51978	52002	52026	53790	53814	52098	53142	52686	52735	52232	52269	53326	52343	52920	53437	54194	53031	52524	52557	54330	54363	53676	53709	53262	53295	52817	52876	54675	54014	53053	53615	54832	53109	53126	53143	54900	54917	54214	54231	53768	53245	53262	55019	54316	53853	54350	55087	53957	54016	53535	54614	54673	54715	54272	53769	53806	53843	55620	54937	54494	54017	55816	55875	54734	54253	55311	55344	54897	54930	56163	54456	54489	54522	56295	55605	55152	54639	55686	55233	56460	54747	54774	56541	55848	55395	55952	55006	55080	56894	56205	56232	55779	55266	57033	57060	55347	55374	57141	56448	55995	56627	57496	55795	55832	55869	56926	56963	57720	57757	57794	57872	56746	56280	56354	58125	57432	57459	58206	57033	57060	56547	56574	57621	57648	57675	58697	58077	57696	57255	57291	57324	59097	57930	59163	59196	58509	58062	58095	57607	59396	59445	59494	58823	58392	57917	57976	58035	59114	59173	
TRANSPORT_MODE
0	2	2	4	4	4	4	2	0	4	4	4	4	4	2	0	2	4	4	4	4	4	2	0	0	4	4	4	4	4	2	0	0	4	4	4	1	4	4	0	0	2	4	1	4	4	4	2	0	4	1	4	4	4	4	0	0	3	3	4	4	4	1	2	0	4	1	4	4	4	3	0	0	3	4	4	4	4	4	2	0	4	1	4	4	4	3	0	0	4	4	4	4	4	4	0	0	2	4	4	4	4	4	3	0	4	4	4	4	4	4	0	0	2	2	4	4	4	4	3	0	4	4	4	4	4	2	0	0	2	1	4	4	4	4	3	0	4	4	4	1	4	2	0	0	4	1	1	4	4	4	0	0	3	4	4	1	4	4	2	0	4	1	4	4	4	1	0	0	3	3	4	4	1	4	2	0	0	4	4	4	1	4	3	0	3	4	4	4	1	4	2	0	0	4	4	4	1	4	3	0	4	4	4	1	4	2	0	0	4	4	4	4	4	4	0	0	3	4	1	4	4	1	0	0	2	2	1	1	4	4	4	0	3	1	4	1	4	4	0	0	2	2	4	4	4	4	1	0	3	1	4	1	4	4	0	0	2	1	4	1	4	1	0	0	3	4	4	4	4	4	0	0	1	2	4	4	1	4	0	0	4	3	3	4	1	1	4	0	4	2	1	4	1	4	0	0	3	3	4	4	1	4	4	0	2	1	4	4	1	1	0	0	3	4	4	1	4	1	0	0	4	2	4	4	1	1	0	0	1	3	4	4	4	1	0	0	1	4	2	4	4	4	4	0	4	3	1	4	1	4	0	1	2	2	1	1	4	4	0	0	1	3	4	1	4	4	0	1	2	2	4	4	4	4	0	0	1	3	4	1	1	1	0	0	1	2	1	4	4	1	0	0	4	4	3	4	1	1	1	0	4	4	2	1	1	4	0	0	4	3	3	4	1	1	1	0	4	2	4	1	4	1	0	0	4	3	3	1	1	1	4	0	0	1	2	4	1	4	1	0	0	4	4	3	1	4	4	0	0	1	4	2	1	1	4	1	0	1	1	3	1	4	1	0	1	2	2	4	4	1	1	0	0	1	3	4	4	4	1	0	4	2	2	4	1	4	1	0	0	1	3	1	1	1	1	0	0	4	1	2	4	1	1	0	0	4	1	3	4	1	4	1	0	1	4	2	4	1	4	0	4	3	3	1	1	1	4	0	0	1	2	1	4	1	1	0	1	3	3	1	1	1	4	0	0	1	2	1	4	1	1	0	0	1	4	3	1	4	4	0	0	4	1	2	1	1	4	1	0	1	1	3	1	1	1	0	0	1	2	2	4	4	1	1	0	1	3	1	1	4	1	0	0	1	2	2	1	4	1	4	0	4	3	1	1	1	1	0	0	1	2	1	1	4	4	0	0	1	1	3	1	1	1	1	0	4	2	1	1	1	1	0	4	3	3	4	1	1	1	0	0	1	2	1	1	1	1	0	4	3	3	1	1	1	1	0	0	1	2	1	1	1	4	0	0	1	3	4	1	1	1	0	0	4	1	2	1	1	1	1	0	1	3	1	4	1	1	0	1	2	2	1	1	1	1	0	0	3	1	4	1	1	1	0	2	2	1	1	1	4	1	0	0	3	1	1	1	1	1	0	0	4	2	1	1	1	1	0	0	1	3	1	1	1	1	4	0	1	2	1	1	1	1	0	3	3	1	1	1	1	1	0	3	1	1	1	1	1	0	0	3	3	1	1	1	1	1	0	3	1	1	1	4	1	0	0	3	1	1	1	1	1	0	0	3	1	1	1	1	1	1	0	3	1	1	1	1	1	0	0	
DISTANCE_MATRIX
60	360	318	300	288	276	264	264	150	150	150	60	90	90	162	168	204	228	234	312	360	408	348	318	168	192	168	318	
360	60	264	318	324	342	342	342	348	348	354	360	372	378	378	420	420	480	462	498	462	462	384	420	372	420	378	378	
318	264	60	270	276	288	288	288	294	294	294	318	318	324	324	414	414	468	462	486	462	462	330	366	366	408	372	324	
300	318	270	60	276	288	288	288	288	288	288	300	300	312	318	408	408	468	462	486	438	438	318	360	360	402	360	312	
288	324	276	276	60	276	276	276	276	276	276	288	288	300	300	402	396	462	456	480	432	432	300	360	360	402	348	300	
276	342	288	288	276	60	180	180	252	258	264	264	264	288	288	390	390	456	450	480	432	432	288	348	348	348	288	288	
264	342	288	288	276	180	60	180	246	258	264	264	264	288	288	390	390	456	450	480	432	432	288	348	348	348	288	288	
264	342	288	288	276	180	180	60	240	258	264	264	264	288	288	390	390	456	450	480	432	432	288	348	348	348	288	288	
150	348	294	288	276	252	246	240	60	120	120	150	126	270	270	378	384	420	438	480	420	408	276	300	300	300	276	270	
150	348	294	288	276	258	258	258	120	60	120	150	150	270	270	378	384	420	438	480	420	408	276	300	300	300	276	270	
150	354	294	288	276	264	264	264	120	120	60	150	150	270	270	378	384	420	438	480	420	408	276	300	300	300	276	270	
60	360	318	300	288	264	264	264	150	150	150	60	90	162	168	228	234	312	360	408	348	318	168	192	192	198	168	162	
90	372	318	300	288	264	264	264	150	150	150	90	60	162	168	228	234	312	360	408	348	318	168	192	192	198	168	162	
90	378	324	312	300	288	288	288	270	270	270	162	162	60	120	180	180	306	210	360	300	300	120	180	120	180	120	234	
162	378	324	318	300	288	288	288	270	270	270	168	168	120	60	180	180	306	210	360	300	300	120	180	120	180	120	120	
168	420	414	408	402	348	348	348	300	300	300	228	228	180	180	60	132	204	132	348	258	258	186	60	180	132	222	180	
204	420	414	408	396	390	390	390	384	384	384	234	234	180	180	132	60	204	132	348	258	258	186	60	180	132	222	180	
228	480	468	468	462	456	456	456	420	420	420	312	312	306	306	204	204	60	198	120	240	240	306	204	306	138	306	306	
234	462	462	462	456	450	450	450	438	438	438	360	360	210	210	132	132	198	60	138	132	132	210	132	210	132	210	210	
312	498	486	486	480	480	480	480	480	480	480	408	408	360	360	348	348	120	138	60	348	348	360	348	360	348	360	360	
360	462	462	438	432	432	432	432	420	420	420	348	348	300	300	258	258	240	132	348	60	60	300	258	300	258	300	300	
408	462	462	438	432	432	432	432	408	408	408	318	318	300	300	258	258	240	132	348	60	60	300	258	300	258	300	300	
348	384	330	318	300	288	288	288	276	276	276	168	168	120	120	186	186	306	210	360	300	300	60	186	120	186	120	120	
318	420	366	360	360	348	348	348	300	300	300	192	192	180	180	60	60	204	132	348	258	258	186	60	180	60	180	180	
168	372	300	306	300	288	288	288	270	270	270	168	168	120	120	180	180	306	210	360	300	300	120	180	60	180	120	120	
192	420	408	402	402	348	348	348	300	300	300	198	198	180	180	132	132	138	132	348	258	258	186	60	180	60	180	180	
168	378	372	360	348	288	288	288	276	276	276	168	168	120	120	222	222	306	210	360	300	300	120	180	120	180	60	120	
318	378	324	312	300	288	288	288	270	270	270	162	162	234	120	180	180	306	210	360	300	300	120	180	120	180	120	60	
DEPOT_DISTANCE_MATRIX
60	360	318	300	288	276	264	264	150	150	150	60	90	90	162	168	204	228	234	312	360	408	348	318	168	192	168	318	
162	378	324	318	300	288	288	288	270	270	270	168	168	120	60	180	180	306	210	360	300	300	120	180	120	180	120	120	
318	420	366	360	360	348	348	348	300	300	300	192	192	180	180	60	60	204	132	348	258	258	186	60	180	60	180	180	
PATIENT_WEIGHT
147	63	71	45	44	121	120	149	148	52	136	100	37	81	39	91	128	141	149	88	114	104	109	67	35	47	89	121	54	81	82	75	57	122	83	30	134	113	77	131	53	31	90	78	50	127	73	103	71	129	52	99	96	39	139	65	144	51	113	132	141	150	52	97	144	150	66	53	43	48	96	49	147	110	80	36	113	134	35	109	56	45	77	61	31	140	144	69	129	94	142	138	121	99	145	67	112	106	89	48	59	113	99	97	128	136	42	92	134	119	105	35	61	116	33	123	46	35	106	37	58	109	99	109	138	124	138	91	93	111	136	54	144	89	150	36	55	71	127	61	113	81	64	121	61	125	97	66	111	81	39	123	30	122	31	129	90	72	60	117	141	54	54	125	71	124	67	30	123	127	31	137	65	136	75	30	56	108	135	91	79	38	71	117	43	97	71	123	66	139	130	32	73	77	44	33	88	88	33	137	132	83	106	145	57	80	132	70	59	114	43	64	59	85	94	101	123	34	103	145	90	96	118	134	60	68	120	39	150	149	76	45	101	106	106	58	149	120	51	61	122	134	103	76	55	106	94	47	39	33	122	64	127	100	87	90	100	71	93	82	70	142	147	136	102	113	97	45	85	115	147	75	39	91	59	58	58	142	59	101	56	86	121	140	68	121	133	138	103	109	38	105	58	64	139	145	112	123	43	150	123	112	89	58	103	60	105	88	117	125	62	106	65	40	144	48	87	106	119	131	70	92	130	49	67	135	111	81	149	50	148	57	40	37	121	83	76	107	136	56	68	104	86	108	64	122	87	57	50	30	145	148	134	61	112	128	48	123	142	30	72	86	57	64	37	130	61	52	97	88	147	71	109	64	45	72	65	112	43	84	102	93	101	145	136	116	84	150	132	43	130	75	116	100	80	143	94	137	150	100	114	132	141	86	118	88	63	36	46	149	87	33	72	143	32	109	30	78	91	33	79	120	107	93	78	84	110	88	77	145	87	34	136	113	77	138	122	58	59	127	114	54	35	59	125	67	86	130	59	79	148	109	123	141	56	36	85	68	130	61	69	66	58	131	125	70	136	126	61	37	32	85	89	38	103	100	58	117	149	88	80	33	132	75	150	147	108	111	37	96	76	118	110	96	90	101	96	75	66	108	50	88	38	127	30	34	81	61	31	142	126	85	90	56	54	114	46	91	135	50	54	121	72	139	33	58	36	98	124	130	145	123	146	98	98	45	58	63	79	127	126	108	113	148	56	117	85	78	129	76	61	143	103	71	129	107	133	96	36	74	55	30	127	121	118	127	139	147	36	51	37	116	136	58	103	66	127	148	36	56	86	62	35	94	149	85	50	84	143	145	101	133	94	52	136	118	39	115	135	130	88	128	116	150	95	57	128	67	150	119	91	41	87	80	66	142	145	125	30	90	119	30	149	98	103	115	64	134	135	127	135	62	120	40	88	140	77	97	100	138	140	129	113	149	111	57	73	68	129	73	125	42	134	108	90	119	138	99	45	114	38	139	38	70	148	86	94	62	36	59	115	134	30	54	100	55	69	68	133	132	47	34	73	44	117	38	85	121	73	70	82	94	37	123	88	107	100	92	49	126	150	89	40	130	113	61	74	133	114	78	30	55	144	40	66	100	130	39	40	69	136	85	129	34	88	89	98	132	110	48	91	68	138	60	112	93	104	57	57	146	75	54	149	109	129	73	118	130	72	111	39	115	124	76	70	116	33	41	55	111	39	124	150	127	44	104	90	99	38	94	63	135	137	110	61	94	55	128	59	120	68	149	84	68	52	70	81	50	40	106	90	85	139	55	149	99	127	91	100	122	39	
LOCATION_TURN_MATRIX
100	130	122	113	112	199	136	122	129	152	173	146	151	136	158	140	176	113	122	167	194	134	110	172	114	184	100	147	
170	100	154	188	164	169	136	136	152	170	104	183	155	115	101	104	155	187	174	115	149	134	178	168	114	135	168	102	
178	146	100	161	178	114	104	165	117	139	126	169	192	109	120	179	160	152	154	134	113	140	154	179	196	196	192	181	
187	112	139	100	158	114	195	181	104	132	195	106	183	169	132	170	140	136	172	148	116	110	123	136	151	120	176	169	
188	136	122	142	100	175	164	159	112	100	167	164	135	191	132	181	104	123	142	156	108	117	193	182	116	147	156	185	
101	131	186	186	125	100	190	147	164	150	137	102	145	176	185	131	113	108	117	186	118	151	140	178	154	189	172	110	
164	164	196	105	136	110	100	186	153	151	183	193	111	157	144	123	188	142	110	163	105	190	166	187	170	171	186	126	
178	164	135	119	141	153	114	100	106	130	108	103	151	178	122	151	130	133	184	177	110	141	166	110	122	174	191	197	
171	148	183	196	188	136	147	194	100	167	100	146	168	129	128	142	172	118	174	147	105	158	156	160	120	106	119	136	
148	130	161	168	200	150	149	170	133	100	177	106	175	116	188	180	176	194	108	146	130	187	183	173	128	141	169	176	
127	196	174	105	133	163	117	192	200	123	100	171	175	140	183	115	104	186	128	153	151	175	100	146	191	117	132	197	
154	117	131	194	136	198	107	197	154	194	129	100	136	184	140	147	172	184	148	131	103	156	185	200	152	158	154	143	
149	145	108	117	165	155	189	149	132	125	125	164	100	140	199	142	101	144	163	185	117	191	200	143	113	165	102	154	
164	185	191	131	109	124	143	122	171	184	160	116	160	100	109	116	196	113	131	186	166	139	183	175	144	161	105	170	
142	199	180	168	168	115	156	178	172	112	117	160	101	191	100	147	177	177	199	158	172	188	164	175	180	168	154	195	
160	196	121	130	119	169	177	149	158	120	185	153	158	184	153	100	152	159	197	157	181	159	102	123	168	200	124	186	
124	145	140	160	196	187	112	170	128	124	196	128	199	104	123	148	100	149	114	112	117	135	105	132	138	180	198	156	
187	113	148	164	177	192	158	167	182	106	114	116	156	187	123	141	151	100	166	132	168	163	159	123	129	173	161	116	
178	126	146	128	158	183	190	116	126	192	172	152	137	169	101	103	186	134	100	184	199	137	130	160	148	113	140	150	
133	185	166	152	144	114	137	123	153	154	147	169	115	114	142	143	188	168	116	100	111	195	128	157	191	164	141	171	
106	151	187	184	192	182	195	190	195	170	149	197	183	134	128	119	183	132	101	189	100	129	151	163	147	166	104	177	
166	166	160	190	183	149	110	159	142	113	125	144	109	161	112	141	165	137	163	105	171	100	101	185	169	129	103	197	
190	122	146	177	107	160	134	134	144	117	200	115	100	117	136	198	195	141	170	172	149	199	100	106	150	116	118	145	
128	132	121	164	118	122	113	190	140	127	154	100	157	125	125	177	168	177	140	143	137	115	194	100	128	167	115	155	
186	186	104	149	184	146	130	178	180	172	109	148	187	156	120	132	162	171	152	109	153	131	150	172	100	155	124	184	
116	165	104	180	153	111	129	126	194	159	183	142	135	139	132	100	120	127	187	136	134	171	184	133	145	100	129	192	
200	132	108	124	144	128	114	109	181	131	168	146	198	195	146	176	102	139	160	159	196	197	182	185	176	171	100	146	
153	198	119	131	115	190	174	103	164	124	103	157	146	130	105	114	144	184	150	129	123	103	155	145	116	108	154	100	

