INDEX_PROBLEM
1
PATIENTS
800
STRETCHERS
16
NUM_ROOM
28
NUM_DEPOTS
3
NUM_PRIORITY
4
PRIORITY_LIST
0	1	2	3	4	
PRIORITY_WEIGHT
0	1	10	18	30	
PRIORITY_JOB
0	1	2	2	3	3	1	2	3	2	3	3	1	2	2	3	2	3	3	4	1	1	2	4	3	3	4	1	2	2	3	2	3	4	1	1	2	2	3	3	3	4	1	2	2	3	3	3	4	4	1	2	2	3	3	2	3	1	1	1	2	2	3	3	1	4	1	2	2	3	3	1	2	1	1	2	2	3	3	2	4	4	1	2	2	3	3	1	3	4	1	1	2	2	3	2	1	4	1	2	2	3	3	1	3	4	1	1	2	2	3	1	2	3	1	2	2	3	3	4	3	3	1	1	2	2	3	3	1	1	2	2	3	3	4	2	2	1	1	2	2	3	3	4	2	1	1	2	2	3	4	4	3	1	1	1	2	2	3	3	1	4	1	1	2	2	3	3	3	4	1	1	3	4	1	2	2	1	3	3	1	2	2	3	2	3	1	3	4	1	2	2	2	3	3	1	2	2	3	1	3	3	4	1	1	2	2	1	2	3	4	1	2	2	3	1	3	3	4	1	1	2	2	1	2	1	3	3	1	2	2	3	3	3	1	4	1	2	2	3	1	2	3	1	2	2	3	3	4	1	4	1	2	2	3	3	2	4	1	1	2	2	1	2	3	1	3	4	1	2	2	3	1	3	4	1	1	2	2	3	3	3	1	1	3	3	1	2	2	2	3	3	4	1	2	1	4	2	2	3	3	1	2	2	1	3	3	4	1	2	2	3	3	1	3	3	4	1	1	1	2	2	2	3	4	1	2	2	3	1	3	3	4	1	1	1	2	2	2	3	3	1	2	2	3	1	1	3	3	1	2	2	1	3	3	4	1	2	2	3	2	1	3	3	1	2	2	2	1	3	3	4	1	1	2	2	4	2	1	1	3	4	1	2	1	2	3	3	4	1	1	3	3	2	1	1	2	3	3	2	2	1	2	3	4	3	1	1	3	1	2	2	3	3	1	1	4	2	2	3	3	4	1	2	2	1	2	3	3	4	2	3	1	1	2	3	3	4	1	3	1	2	2	3	3	4	1	1	2	1	1	2	2	3	3	1	3	2	1	2	3	3	1	1	2	2	3	3	4	1	2	4	1	2	1	3	3	1	2	2	1	2	3	3	4	1	1	2	4	2	1	3	3	4	1	2	1	2	3	3	4	1	1	3	3	2	1	1	2	3	3	1	2	2	2	3	3	1	2	3	2	2	1	1	3	3	4	1	1	2	2	3	3	1	2	4	3	2	1	3	3	4	1	1	2	1	2	3	3	4	1	2	3	2	1	3	3	4	1	1	1	1	2	2	3	3	1	2	3	4	2	1	3	3	4	1	1	2	2	3	3	1	2	2	2	2	3	1	3	4	1	2	1	2	3	3	1	1	2	3	2	3	1	3	4	1	2	2	1	3	3	4	1	1	2	3	3	2	1	1	3	3	1	2	1	1	2	3	3	1	2	2	4	3	1	1	3	4	1	2	2	2	2	3	3	1	2	2	3	3	1	3	4	1	1	1	3	2	3	3	4	1	2	2	3	1	3	3	4	1	1	1	2	2	2	3	3	1	2	2	4	2	3	1	3	1	2	2	1	3	3	4	1	2	2	3	3	1	1	3	1	2	2	3	1	3	4	1	1	2	3	3	2	3	1	4	1	2	2	3	2	3	4	1	1	2	2	3	2	3	1	1	3	1	2	2	1	3	3	1	2	2	3	4	3	1	1	3	1	2	2	3	1	1	3	4	1	2	2	2	1	1	3	3	1	1	2	2	1	1	3	3	4	1	2	2	1	1	3	3	4	1	1	2	1	1	1	2	2	3	4	1	2	1	2	2	3	3	4	2	1	
TIME_ASKED
0	28800	28800	28800	28800	28800	28800	28800	28800	28800	28800	28800	28800	28800	28800	28800	28800	29545	29574	29603	29632	29661	29690	29742	29784	29826	29868	29910	29952	29994	30029	30058	30087	30116	30145	30174	30203	30232	30261	30290	30329	30358	30387	30416	30445	30474	30503	30532	30561	30590	30621	30642	30663	30684	30705	30726	30747	30768	30789	30810	30831	30852	30873	30894	30949	30998	31047	31096	31145	31194	31227	31254	31281	31308	31335	31362	31389	31416	31443	31470	31497	31524	31548	31572	31596	31620	31644	31668	31692	31716	31740	31764	31788	31837	31874	31911	31948	31985	32022	32059	32096	32159	32218	32277	32336	32395	32419	32438	32457	32476	32495	32514	32533	32552	32571	32590	32609	32628	32647	32666	32685	32759	32818	32877	32936	32995	33027	33054	33081	33108	33135	33162	33189	33216	33243	33270	33297	33333	33366	33399	33432	33465	33498	33531	33564	33597	33616	33632	33648	33664	33680	33696	33712	33728	33744	33760	33776	33792	33808	33824	33840	33856	33872	33888	33933	33966	33999	34032	34065	34098	34131	34164	34197	34242	34284	34326	34368	34410	34452	34494	34533	34566	34599	34632	34665	34698	34731	34764	34797	34827	34854	34881	34908	34935	34962	34989	35016	35043	35070	35097	35137	35174	35211	35248	35285	35322	35359	35396	35433	35466	35499	35532	35565	35598	35631	35664	35697	35723	35746	35769	35792	35815	35838	35861	35884	35907	35930	35953	35976	35999	36023	36046	36069	36092	36115	36138	36161	36184	36207	36230	36253	36276	36299	36327	36354	36381	36408	36435	36462	36489	36516	36543	36570	36597	36619	36638	36657	36676	36695	36714	36733	36752	36771	36790	36809	36828	36847	36866	36885	36949	36998	37047	37096	37145	37194	37259	37318	37377	37436	37495	37549	37598	37647	37696	37745	37794	37827	37854	37881	37908	37935	37962	37989	38016	38043	38070	38097	38123	38146	38169	38192	38215	38238	38261	38284	38307	38330	38353	38376	38399	38419	38438	38457	38476	38495	38514	38533	38552	38571	38590	38609	38628	38647	38666	38685	38742	38784	38826	38868	38910	38952	38994	39029	39058	39087	39116	39145	39174	39203	39232	39261	39290	39349	39398	39447	39496	39545	39594	39633	39666	39699	39732	39765	39798	39831	39864	39897	39937	39974	40011	40048	40085	40122	40159	40196	40242	40284	40326	40368	40410	40452	40494	40542	40584	40626	40668	40710	40752	40794	40849	40898	40947	40996	41045	41094	41133	41166	41199	41232	41265	41298	41331	41364	41397	41423	41446	41469	41492	41515	41538	41561	41584	41607	41630	41653	41676	41699	41749	41798	41847	41896	41945	41994	42099	42198	42297	42342	42384	42426	42468	42510	42552	42594	42699	42798	42897	42923	42946	42969	42992	43015	43038	43061	43084	43107	43130	43153	43176	43199	43237	43274	43311	43348	43385	43422	43459	43496	43549	43598	43647	43696	43745	43794	43899	43998	44097	44159	44218	44277	44336	44395	44459	44518	44577	44636	44695	44799	44898	44997	45033	45066	45099	45132	45165	45198	45231	45264	45297	45337	45374	45411	45448	45485	45522	45559	45596	45637	45674	45711	45748	45785	45822	45859	45896	45959	46018	46077	46136	46195	46249	46298	46347	46396	46445	46494	46537	46574	46611	46648	46685	46722	46759	46796	46821	46842	46863	46884	46905	46926	46947	46968	46989	47010	47031	47052	47073	47094	47199	47298	47397	47437	47474	47511	47548	47585	47622	47659	47696	47737	47774	47811	47848	47885	47922	47959	47996	48049	48098	48147	48196	48245	48294	48324	48348	48372	48396	48420	48444	48468	48492	48516	48540	48564	48588	48627	48654	48681	48708	48735	48762	48789	48816	48843	48870	48897	48937	48974	49011	49048	49085	49122	49159	49196	49233	49266	49299	49332	49365	49398	49431	49464	49497	49537	49574	49611	49648	49685	49722	49759	49796	49827	49854	49881	49908	49935	49962	49989	50016	50043	50070	50097	50149	50198	50247	50296	50345	50394	50424	50448	50472	50496	50520	50544	50568	50592	50616	50640	50664	50688	50737	50774	50811	50848	50885	50922	50959	50996	51027	51054	51081	51108	51135	51162	51189	51216	51243	51270	51297	51324	51348	51372	51396	51420	51444	51468	51492	51516	51540	51564	51588	51637	51674	51711	51748	51785	51822	51859	51896	51933	51966	51999	52032	52065	52098	52131	52164	52197	52259	52318	52377	52436	52495	52517	52534	52551	52568	52585	52602	52619	52636	52653	52670	52687	52704	52721	52738	52755	52772	52789	52859	52918	52977	53036	53095	53137	53174	53211	53248	53285	53322	53359	53396	53459	53518	53577	53636	53695	53733	53766	53799	53832	53865	53898	53931	53964	53997	54027	54054	54081	54108	54135	54162	54189	54216	54243	54270	54297	54374	54448	54522	54596	54627	54654	54681	54708	54735	54762	54789	54816	54843	54870	54897	55049	55198	55237	55274	55311	55348	55385	55422	55459	55496	55574	55648	55722	55796	55827	55854	55881	55908	55935	55962	55989	56016	56043	56070	56097	56399	56499	56598	56697	56733	56766	56799	56832	56865	56898	56931	56964	56997	57049	57098	57147	57196	57245	57294	57359	57418	57477	57536	57595	
ORIGIN
0	16	6	27	19	7	27	25	1	25	23	10	2	23	12	14	14	14	3	23	14	16	26	16	14	14	16	7	27	20	8	14	23	9	1	23	11	14	23	13	2	14	14	3	24	14	4	14	14	6	27	18	7	27	20	8	1	14	17	2	23	12	2	26	23	3	23	14	4	24	15	1	26	11	7	27	19	8	27	14	14	1	23	11	2	23	14	14	23	14	3	24	14	4	26	1	7	1	18	7	27	20	8	14	23	17	1	23	12	2	23	14	14	14	14	4	24	15	4	26	16	14	14	14	3	27	23	8	3	3	10	2	23	12	2	23	16	14	14	27	4	26	16	5	1	1	7	27	20	8	1	23	10	23	27	20	2	23	13	2	27	3	4	24	15	4	26	16	6	27	15	26	27	22	8	1	14	14	2	23	12	2	23	14	3	14	26	4	25	16	5	1	1	14	27	20	8	27	23	14	1	23	20	2	23	13	2	27	14	14	14	14	4	26	16	14	27	14	14	2	20	8	1	14	17	3	23	12	2	23	14	3	23	14	14	27	11	5	26	16	14	8	19	8	27	23	9	1	14	3	2	14	14	2	23	14	14	27	14	4	26	16	1	26	17	4	1	4	14	1	23	10	2	2	11	2	23	13	3	23	14	4	27	11	14	26	16	6	3	26	15	27	23	8	1	22	22	2	22	12	2	23	14	3	25	14	4	26	16	5	26	26	7	26	9	26	27	23	9	3	9	20	2	23	13	2	23	14	3	14	14	14	26	16	6	3	26	14	27	20	8	1	23	10	2	14	23	2	26	14	3	23	19	4	24	15	5	26	26	7	14	26	3	14	23	9	1	14	20	2	23	13	2	23	7	3	24	27	7	27	7	5	27	18	14	2	20	8	1	23	10	1	23	12	4	2	14	3	23	14	14	27	15	27	26	16	6	1	11	14	2	23	8	1	23	20	2	23	12	2	23	14	3	27	14	27	7	16	5	26	14	14	1	14	27	1	23	10	1	27	24	2	14	13	2	23	14	27	2	24	4	26	16	6	27	19	7	23	23	14	1	23	10	12	27	27	2	23	14	3	23	14	27	27	27	14	26	16	7	23	3	14	27	23	9	26	23	11	2	4	4	2	23	14	3	24	18	4	26	16	5	27	18	7	27	14	14	3	23	10	2	23	23	14	23	14	3	23	14	4	23	15	23	14	16	6	26	19	26	14	23	9	1	23	11	2	2	12	2	23	14	3	15	15	14	27	16	5	26	17	7	27	14	1	3	23	10	1	20	20	2	23	13	3	23	14	4	24	15	4	1	1	6	27	19	14	14	23	8	1	23	10	2	23	12	27	14	27	3	23	14	14	14	16	5	26	16	7	27	20	27	23	14	9	1	23	11	2	4	13	2	23	14	3	24	14	4	26	7	14	27	18	7	14	14	14	1	23	10	2	23	12	26	26	14	14	23	14	27	27	11	5	26	14	7	27	19	8	12	23	14	1	23	11	2	14	13	2	23	14	3	24	14	4	14	14	5	27	18	7	27	26	14	1	23	10	1	23	12	2	23	14	14	27	14	4	24	11	23	26	16	6	27	19	7	27	14	14	20	23	10	2	23	14	11	23	14	3	23	14	4	8	7	14	1	16	7	27	20	14	4	23	9	1	23	11	2	23	13	14	27	14	4	24	15	14	1	16	6	27	18	7	27	21	8	3	14	10	2	23	12	2	15	14	3	23	14	4	14	16	5	1	16	7	27	20	14	14	8	9	1	23	11	2	4	13	2	27	14	3	24	14	1	1	7	5	27	18	7	27	20	8	1	14	10	1	23	12	2	7	14	
DESTINATION
0	14	17	2	22	23	2	14	23	14	27	14	14	27	11	16	5	25	14	4	26	14	3	14	9	1	16	20	2	14	14	2	27	14	14	27	15	5	1	7	27	5	26	14	2	26	14	1	1	17	2	27	20	2	14	14	14	16	6	14	27	11	14	23	1	14	3	26	14	2	14	14	3	12	20	2	22	14	2	16	16	14	27	15	14	27	16	8	1	8	14	1	26	14	3	23	13	23	27	20	2	14	14	4	27	6	14	27	11	14	1	8	1	15	26	14	2	14	14	3	14	3	3	3	23	2	27	14	26	26	14	14	27	11	14	1	14	1	1	23	14	3	14	14	23	23	20	2	14	14	14	27	14	1	18	7	14	1	7	14	23	23	14	2	14	14	3	14	17	2	14	14	2	2	14	14	16	16	14	27	11	14	1	25	14	8	3	14	14	14	14	23	23	3	2	14	14	2	27	5	14	27	7	14	1	7	14	23	10	1	4	26	14	3	14	2	2	16	2	24	14	14	14	16	6	14	27	11	14	1	25	14	3	26	2	23	12	14	3	14	3	14	22	14	2	27	14	14	25	14	27	20	8	14	1	26	1	23	26	14	3	14	14	3	9	14	14	14	4	14	27	14	27	27	20	14	1	7	14	3	26	14	23	12	2	3	14	17	23	14	11	2	26	14	14	19	19	14	19	11	14	1	25	14	14	26	14	3	14	14	3	14	20	14	17	14	3	27	14	26	17	7	27	1	7	14	1	1	14	10	26	2	3	14	17	23	14	4	2	14	14	14	27	14	14	4	3	14	23	8	14	3	22	14	2	14	14	3	14	20	2	14	26	16	27	14	14	26	7	27	27	7	14	1	20	14	1	2	20	2	13	14	2	27	3	24	14	14	14	27	14	14	27	11	14	27	25	14	3	26	2	23	14	23	3	14	17	24	12	4	24	27	14	14	27	7	27	27	11	14	1	25	14	23	26	2	13	14	14	3	3	3	24	4	23	14	27	14	14	18	2	14	20	7	14	3	1	23	27	2	14	3	14	17	2	22	23	27	27	4	14	27	14	11	2	23	14	1	25	14	4	26	2	23	23	2	3	14	20	27	14	4	2	27	14	14	27	15	14	14	14	14	1	26	14	1	27	14	3	14	14	2	27	20	2	4	4	26	27	14	14	7	7	4	1	25	14	3	26	14	27	14	27	2	14	17	14	22	14	25	27	14	14	27	15	14	27	11	27	1	26	14	11	11	2	23	14	14	3	9	20	2	4	24	26	27	14	14	7	7	27	1	7	14	3	26	14	2	14	14	23	23	17	2	22	4	4	26	14	14	27	14	14	27	11	23	9	23	14	4	26	2	2	14	14	3	16	20	2	14	2	27	16	14	14	27	15	27	14	7	14	1	26	14	2	26	14	3	13	3	2	27	20	15	15	4	14	27	14	14	27	11	23	23	8	1	3	26	23	23	12	14	3	20	20	2	22	14	11	27	5	14	27	15	27	20	7	14	1	26	14	1	26	14	4	2	14	2	27	20	2	14	4	14	27	14	14	27	11	14	1	8	1	23	26	14	2	12	26	3	14	17	2	22	23	2	15	5	14	27	14	14	27	8	12	1	25	14	5	26	14	14	13	2	23	16	20	2	14	4	14	27	14	14	27	20	14	1	7	1	23	10	14	2	14	2	23	14	17	2	27	23	2	7	14	26	16	14	14	27	11	27	14	25	14	4	26	14	2	14	14	23	14	20	2	14	4	8	14	14	14	27	15	14	14	7	14	23	26	14	1	26	23	23	13	14	2	27	20	2	14	14	14	16	14	14	27	11	14	21	8	
DUE_DATE
0	31147	30476	30525	30094	30143	31392	30727	30296	30825	30394	30443	31692	31007	31036	30585	31094	30643	30672	30161	31930	31959	31268	30300	30882	30924	30426	32208	31530	31572	31127	31636	31185	30674	32443	32472	31781	31810	31359	31388	31427	30916	32685	31994	32023	31572	31601	31630	31119	31148	32919	32220	32241	31782	31803	32304	31845	33066	33087	33108	32409	32430	31971	31992	33247	31556	33345	32674	32723	32292	32325	33552	32859	33606	33633	32940	32967	32514	32541	33048	32055	32082	33846	33150	33174	32718	32742	33966	32790	32274	34038	34062	33366	33415	32972	33489	34246	32543	34320	33637	33674	33257	33316	34575	33434	32953	34717	34736	34035	34054	33593	34812	34111	33650	34869	34168	34187	33726	33745	33224	33783	33857	35116	35175	34514	34573	34125	34152	35379	35406	34713	34740	34287	34314	33801	34848	34875	35631	35664	34977	35010	34563	34596	34089	35142	35895	35914	35210	35226	34762	34238	34254	34810	36026	36042	36058	35354	35370	34906	34922	36138	34414	36170	36186	35511	35544	35097	35130	35163	34656	36429	36462	35295	34800	36582	35904	35946	36708	35550	35592	36831	36144	36177	35730	36243	35796	37029	35862	35355	37125	36432	36459	36486	36033	36060	37287	36594	36621	36168	37395	36235	36272	35769	37546	37583	36900	36937	37694	37011	36564	36057	37830	37143	37176	36729	37962	36795	36821	36304	38067	38090	37393	37416	38159	37462	38205	37028	37051	38274	37577	37601	37144	37167	37190	38413	36696	38459	37762	37785	37328	38551	37854	37397	38625	37932	37959	37506	37533	37020	38787	37074	38841	38148	38175	37717	37736	38235	37234	38993	39012	38311	38330	39069	38368	37907	39126	37945	37424	39183	38527	38576	38145	39394	38243	37752	39557	39616	38955	39014	38593	38647	38696	39945	39994	38843	38892	40125	39432	39459	39486	39033	39060	38547	40314	39621	40368	38655	39701	39724	39267	39290	40513	39816	39839	40582	39405	39428	38911	40674	39977	39997	39536	39555	40774	39593	39612	39091	40850	40869	40888	40187	40206	40225	39764	39243	41040	40362	40404	39966	41208	40050	40092	39587	41356	41385	41414	40723	40752	40781	40330	40359	41588	40927	40976	40545	41794	41843	40692	40731	41964	41277	41310	42063	40896	40929	40422	42195	41515	41552	41109	41626	42383	41220	41257	42494	41820	41862	41904	42666	41508	41550	41052	42840	42882	42204	42246	41268	42330	43092	43147	41996	41505	43294	42623	43392	42711	42264	42297	41790	43563	43596	42429	42462	42975	43721	43744	43047	42590	42613	43116	43139	43882	43185	42728	42211	42774	43997	44047	42896	44145	43474	43523	43092	43197	44496	44595	42900	43962	44004	43566	43608	43110	44892	44277	44376	45195	44501	44044	44067	43550	44593	44136	45359	45382	44685	44228	44251	43734	45497	44335	45572	44889	44926	44483	44520	44017	45794	45847	45176	45945	45994	45323	45372	44997	45096	46395	45257	45796	46575	45914	45493	45557	46816	46875	46214	46273	45897	45996	45555	47331	46644	45657	47430	46743	47496	46329	46362	47595	46915	46952	47709	47026	46583	46620	46117	47894	47935	47252	46269	47326	48083	46920	46957	46454	48257	47596	48375	47714	47293	47347	46856	48645	48694	47543	47592	48115	48872	48909	48226	47783	47820	49057	48374	48399	48420	47961	47982	49203	48504	48045	48546	48567	49308	49329	48150	48171	47652	49497	49596	48975	49015	48572	48609	49846	49163	48180	48757	49274	50035	48872	48909	48406	50183	50220	49537	50294	49627	49196	49245	48754	50543	49872	49422	49926	50670	49494	49518	49002	50766	50790	50814	50838	50142	50166	49725	49752	50979	50286	49833	49320	50367	51114	49941	49968	49455	51235	51272	50589	50626	50183	50220	51457	50774	50811	50844	50877	50430	51663	50496	49989	51762	51075	51835	51152	50709	50746	51983	52020	51337	50894	51405	50952	52179	51006	50493	52260	51567	51594	52341	51168	51195	50707	52496	52545	51874	51443	51492	52002	52746	52770	51594	51618	52842	52146	52890	52914	52218	51762	51786	53035	52352	52389	51406	51983	53220	53257	52094	51585	53352	52659	52686	52713	52740	52287	52314	53541	52848	52875	52422	52446	53670	52494	51978	53742	53766	53790	52614	53118	52662	52686	52195	53972	53289	53326	52883	54120	52957	52994	52491	54264	54297	54330	53643	53676	53709	53262	53295	54557	53896	53955	52994	54073	53615	54832	53649	54866	54163	54180	54917	53734	53751	53228	54985	54282	54299	53836	53853	55070	55087	53957	55216	54555	54614	54193	55435	54272	53769	55546	55583	54900	54457	54494	55037	54616	55875	54194	55993	55311	55344	54897	55410	54963	54456	56229	56262	55575	55605	55152	55659	55206	56433	56460	55287	56514	55821	55848	56595	55472	55546	56820	56174	56205	55752	55239	55806	57033	57060	55887	57114	56421	56448	55995	57347	57496	56335	55832	57609	56926	56963	57000	57757	57794	56672	56746	58020	58094	57405	57432	58179	58206	57033	57060	56547	58314	57621	57648	58395	58697	57597	57696	57255	59031	59064	58377	59130	59163	59196	58509	58542	58095	57607	59396	58725	59494	58823	58872	58457	58516	58035	59114	59893	
TRANSPORT_MODE
0	2	2	4	4	4	4	2	0	4	4	4	4	4	2	0	0	4	4	4	4	4	4	0	2	4	4	4	4	4	2	0	4	4	4	4	4	2	0	0	2	4	1	4	4	4	2	0	0	4	4	4	4	1	1	0	0	3	3	4	4	4	4	4	0	2	4	4	1	4	4	0	0	3	4	1	4	4	4	0	0	2	4	4	1	4	4	3	0	4	4	1	4	4	4	0	0	2	2	4	4	4	4	3	0	4	4	4	4	4	4	0	0	2	2	4	4	4	4	4	0	0	3	4	4	4	4	4	0	2	4	4	4	4	4	0	0	3	4	1	4	4	4	2	0	1	1	4	4	4	4	0	0	3	3	4	4	4	4	2	0	1	1	4	1	4	4	0	0	0	3	3	4	4	4	1	4	0	2	1	4	4	4	4	0	0	3	4	4	4	4	1	0	2	1	4	4	4	1	3	0	4	1	4	4	4	4	0	0	2	2	4	4	4	4	3	0	1	4	1	4	4	4	0	0	0	2	2	4	4	4	4	4	0	3	4	1	1	4	4	0	0	2	1	4	1	4	4	0	3	1	4	4	4	4	2	0	1	1	4	1	4	3	0	0	3	4	4	4	4	1	2	0	1	4	4	4	4	1	0	0	0	3	3	4	1	1	4	2	0	1	4	1	4	4	3	0	0	4	4	4	4	4	4	0	2	1	1	1	1	4	0	0	3	1	4	4	1	1	0	0	2	2	4	4	4	4	1	0	3	4	4	4	1	1	0	0	2	2	4	4	1	4	1	0	0	3	1	4	1	1	4	0	2	4	4	4	1	1	0	0	3	1	4	4	4	4	0	0	2	1	4	1	4	1	0	0	1	3	3	4	1	1	4	0	2	4	1	1	4	4	0	0	4	3	3	4	1	1	4	0	2	4	4	1	4	1	0	0	3	1	1	4	4	1	0	0	2	1	1	1	1	4	0	4	3	4	1	1	4	0	0	4	2	4	4	1	4	1	0	3	4	1	1	1	1	0	0	0	1	2	2	1	4	1	4	0	4	3	1	4	1	1	0	1	2	2	4	4	1	4	0	0	4	3	1	4	1	1	0	0	1	2	1	4	1	1	0	0	4	3	4	1	1	1	1	0	1	2	4	4	1	4	0	0	1	3	3	1	4	4	4	0	4	2	1	1	1	1	0	0	4	3	3	1	1	1	1	0	1	2	1	4	1	4	0	0	1	3	1	1	1	4	0	0	4	2	4	1	4	4	1	0	4	3	1	1	1	1	0	0	1	2	2	1	1	4	4	0	0	1	3	1	1	1	1	0	1	2	2	4	1	1	1	0	0	1	3	4	4	1	4	0	1	2	1	1	1	4	0	0	1	3	4	1	1	1	1	0	1	2	1	1	4	1	0	0	1	3	3	4	1	1	4	0	0	1	2	1	1	4	1	0	1	3	3	1	1	4	1	0	0	1	2	1	1	1	1	0	1	3	4	1	4	1	0	0	1	2	1	1	4	1	1	0	3	1	1	1	1	4	0	0	1	2	2	1	1	1	1	0	0	1	3	1	1	1	4	0	2	2	1	1	1	1	1	0	0	3	1	4	1	1	1	0	2	1	4	1	1	1	0	0	1	3	1	1	1	1	1	0	2	1	4	1	1	1	0	0	1	3	3	1	1	1	1	0	2	4	1	1	1	1	0	0	3	3	1	1	1	1	1	0	3	1	1	1	1	4	0	0	3	1	1	1	1	1	0	0	3	1	1	1	1	1	1	0	3	1	1	1	1	1	0	0	3	3	1	1	1	1	1	0	3	1	1	1	1	1	0	0	
DISTANCE_MATRIX
60	360	318	300	288	276	264	264	150	150	150	60	90	90	162	168	204	228	234	312	360	408	348	318	168	192	168	318	
360	60	264	318	324	342	342	342	348	348	354	360	372	378	378	420	420	480	462	498	462	462	384	420	372	420	378	378	
318	264	60	270	276	288	288	288	294	294	294	318	318	324	324	414	414	468	462	486	462	462	330	366	366	408	372	324	
300	318	270	60	276	288	288	288	288	288	288	300	300	312	318	408	408	468	462	486	438	438	318	360	360	402	360	312	
288	324	276	276	60	276	276	276	276	276	276	288	288	300	300	402	396	462	456	480	432	432	300	360	360	402	348	300	
276	342	288	288	276	60	180	180	252	258	264	264	264	288	288	390	390	456	450	480	432	432	288	348	348	348	288	288	
264	342	288	288	276	180	60	180	246	258	264	264	264	288	288	390	390	456	450	480	432	432	288	348	348	348	288	288	
264	342	288	288	276	180	180	60	240	258	264	264	264	288	288	390	390	456	450	480	432	432	288	348	348	348	288	288	
150	348	294	288	276	252	246	240	60	120	120	150	126	270	270	378	384	420	438	480	420	408	276	300	300	300	276	270	
150	348	294	288	276	258	258	258	120	60	120	150	150	270	270	378	384	420	438	480	420	408	276	300	300	300	276	270	
150	354	294	288	276	264	264	264	120	120	60	150	150	270	270	378	384	420	438	480	420	408	276	300	300	300	276	270	
60	360	318	300	288	264	264	264	150	150	150	60	90	162	168	228	234	312	360	408	348	318	168	192	192	198	168	162	
90	372	318	300	288	264	264	264	150	150	150	90	60	162	168	228	234	312	360	408	348	318	168	192	192	198	168	162	
90	378	324	312	300	288	288	288	270	270	270	162	162	60	120	180	180	306	210	360	300	300	120	180	120	180	120	234	
162	378	324	318	300	288	288	288	270	270	270	168	168	120	60	180	180	306	210	360	300	300	120	180	120	180	120	120	
168	420	414	408	402	348	348	348	300	300	300	228	228	180	180	60	132	204	132	348	258	258	186	60	180	132	222	180	
204	420	414	408	396	390	390	390	384	384	384	234	234	180	180	132	60	204	132	348	258	258	186	60	180	132	222	180	
228	480	468	468	462	456	456	456	420	420	420	312	312	306	306	204	204	60	198	120	240	240	306	204	306	138	306	306	
234	462	462	462	456	450	450	450	438	438	438	360	360	210	210	132	132	198	60	138	132	132	210	132	210	132	210	210	
312	498	486	486	480	480	480	480	480	480	480	408	408	360	360	348	348	120	138	60	348	348	360	348	360	348	360	360	
360	462	462	438	432	432	432	432	420	420	420	348	348	300	300	258	258	240	132	348	60	60	300	258	300	258	300	300	
408	462	462	438	432	432	432	432	408	408	408	318	318	300	300	258	258	240	132	348	60	60	300	258	300	258	300	300	
348	384	330	318	300	288	288	288	276	276	276	168	168	120	120	186	186	306	210	360	300	300	60	186	120	186	120	120	
318	420	366	360	360	348	348	348	300	300	300	192	192	180	180	60	60	204	132	348	258	258	186	60	180	60	180	180	
168	372	300	306	300	288	288	288	270	270	270	168	168	120	120	180	180	306	210	360	300	300	120	180	60	180	120	120	
192	420	408	402	402	348	348	348	300	300	300	198	198	180	180	132	132	138	132	348	258	258	186	60	180	60	180	180	
168	378	372	360	348	288	288	288	276	276	276	168	168	120	120	222	222	306	210	360	300	300	120	180	120	180	60	120	
318	378	324	312	300	288	288	288	270	270	270	162	162	234	120	180	180	306	210	360	300	300	120	180	120	180	120	60	
DEPOT_DISTANCE_MATRIX
60	360	318	300	288	276	264	264	150	150	150	60	90	90	162	168	204	228	234	312	360	408	348	318	168	192	168	318	
162	378	324	318	300	288	288	288	270	270	270	168	168	120	60	180	180	306	210	360	300	300	120	180	120	180	120	120	
318	420	366	360	360	348	348	348	300	300	300	192	192	180	180	60	60	204	132	348	258	258	186	60	180	60	180	180	
PATIENT_WEIGHT
67	114	46	62	86	150	74	90	81	126	76	128	93	33	119	43	132	103	147	88	52	145	60	61	135	135	149	122	143	126	113	102	134	146	145	144	61	115	94	146	96	146	65	58	143	99	39	146	38	73	57	100	68	65	53	47	116	98	71	72	112	103	37	75	127	133	145	39	45	79	150	84	132	85	133	111	124	60	83	94	140	108	45	133	85	101	63	120	40	146	143	95	45	90	93	105	88	105	111	90	113	128	45	77	123	46	112	144	58	127	136	80	94	63	64	82	47	57	40	96	32	66	45	128	110	74	30	139	118	117	95	48	127	68	93	75	83	72	46	76	123	108	31	143	124	103	77	37	48	97	51	100	145	91	113	51	73	100	118	131	60	100	127	147	73	111	58	77	71	35	52	83	114	145	126	69	102	115	67	47	70	140	99	46	67	107	121	116	137	42	114	111	38	139	138	122	99	33	41	90	132	150	54	58	76	128	45	42	135	62	134	111	51	41	133	41	112	121	108	90	84	88	133	76	79	127	119	40	132	70	141	76	32	69	31	131	120	71	70	114	106	37	83	67	64	125	36	84	35	101	142	50	125	150	131	32	42	78	137	98	85	64	129	123	137	39	85	83	78	103	37	42	122	125	40	68	93	64	139	136	50	39	35	110	54	64	111	94	148	82	35	148	139	80	48	58	121	137	128	69	133	113	121	62	32	60	80	40	45	77	94	64	55	74	130	149	73	52	35	142	37	52	55	110	143	91	139	126	132	63	141	75	126	31	77	137	106	148	33	113	63	36	30	48	107	64	107	81	59	69	69	68	56	47	113	126	44	55	122	59	37	71	50	143	94	139	146	101	138	112	70	75	148	123	87	91	119	82	118	30	95	137	31	81	31	132	80	127	136	54	89	37	33	87	52	30	123	93	124	50	94	52	69	94	32	42	54	150	113	92	124	148	78	131	124	124	84	71	73	148	145	98	76	63	67	80	43	82	95	60	144	72	110	143	98	68	114	138	77	109	115	55	107	91	55	142	103	141	74	31	132	73	75	133	70	64	107	113	106	91	65	55	32	48	84	100	117	146	144	40	93	94	85	114	133	33	140	130	100	41	84	107	90	55	143	73	70	87	130	68	138	55	36	150	149	111	119	71	63	148	149	137	119	40	147	30	144	111	98	113	34	121	83	128	69	50	51	131	52	80	68	123	49	30	150	70	101	130	30	97	110	98	55	36	68	50	114	121	144	60	105	111	41	98	131	63	124	88	120	72	124	70	31	90	145	105	126	124	61	58	31	65	141	149	38	133	36	130	111	50	143	53	30	42	137	109	98	91	85	99	123	58	80	139	43	109	58	126	111	93	149	91	58	54	136	116	52	119	64	35	88	133	38	45	82	45	70	59	116	129	91	104	58	121	48	130	62	110	123	113	94	95	50	44	68	77	61	34	43	99	78	36	37	53	125	145	85	52	139	85	100	121	59	125	127	31	105	122	78	54	138	132	137	62	109	134	67	104	33	31	79	88	63	91	133	70	126	75	130	83	127	105	95	44	32	122	134	74	92	98	94	68	31	111	92	148	38	121	123	60	35	140	46	101	99	133	70	57	46	133	86	54	30	38	52	132	99	49	76	126	110	131	53	76	111	44	118	119	149	91	96	148	119	81	117	130	111	48	81	123	49	80	134	144	150	111	57	133	49	79	129	110	85	43	59	119	64	124	68	73	105	78	148	121	99	65	128	96	76	66	31	64	39	115	147	127	131	135	34	127	133	64	37	114	91	130	107	96	148	120	49	66	30	116	95	30	47	80	143	134	85	128	145	134	77	31	33	89	89	61	137	
LOCATION_TURN_MATRIX
100	130	122	113	112	199	136	122	129	152	173	146	151	136	158	140	176	113	122	167	194	134	110	172	114	184	100	147	
170	100	154	188	164	169	136	136	152	170	104	183	155	115	101	104	155	187	174	115	149	134	178	168	114	135	168	102	
178	146	100	161	178	114	104	165	117	139	126	169	192	109	120	179	160	152	154	134	113	140	154	179	196	196	192	181	
187	112	139	100	158	114	195	181	104	132	195	106	183	169	132	170	140	136	172	148	116	110	123	136	151	120	176	169	
188	136	122	142	100	175	164	159	112	100	167	164	135	191	132	181	104	123	142	156	108	117	193	182	116	147	156	185	
101	131	186	186	125	100	190	147	164	150	137	102	145	176	185	131	113	108	117	186	118	151	140	178	154	189	172	110	
164	164	196	105	136	110	100	186	153	151	183	193	111	157	144	123	188	142	110	163	105	190	166	187	170	171	186	126	
178	164	135	119	141	153	114	100	106	130	108	103	151	178	122	151	130	133	184	177	110	141	166	110	122	174	191	197	
171	148	183	196	188	136	147	194	100	167	100	146	168	129	128	142	172	118	174	147	105	158	156	160	120	106	119	136	
148	130	161	168	200	150	149	170	133	100	177	106	175	116	188	180	176	194	108	146	130	187	183	173	128	141	169	176	
127	196	174	105	133	163	117	192	200	123	100	171	175	140	183	115	104	186	128	153	151	175	100	146	191	117	132	197	
154	117	131	194	136	198	107	197	154	194	129	100	136	184	140	147	172	184	148	131	103	156	185	200	152	158	154	143	
149	145	108	117	165	155	189	149	132	125	125	164	100	140	199	142	101	144	163	185	117	191	200	143	113	165	102	154	
164	185	191	131	109	124	143	122	171	184	160	116	160	100	109	116	196	113	131	186	166	139	183	175	144	161	105	170	
142	199	180	168	168	115	156	178	172	112	117	160	101	191	100	147	177	177	199	158	172	188	164	175	180	168	154	195	
160	196	121	130	119	169	177	149	158	120	185	153	158	184	153	100	152	159	197	157	181	159	102	123	168	200	124	186	
124	145	140	160	196	187	112	170	128	124	196	128	199	104	123	148	100	149	114	112	117	135	105	132	138	180	198	156	
187	113	148	164	177	192	158	167	182	106	114	116	156	187	123	141	151	100	166	132	168	163	159	123	129	173	161	116	
178	126	146	128	158	183	190	116	126	192	172	152	137	169	101	103	186	134	100	184	199	137	130	160	148	113	140	150	
133	185	166	152	144	114	137	123	153	154	147	169	115	114	142	143	188	168	116	100	111	195	128	157	191	164	141	171	
106	151	187	184	192	182	195	190	195	170	149	197	183	134	128	119	183	132	101	189	100	129	151	163	147	166	104	177	
166	166	160	190	183	149	110	159	142	113	125	144	109	161	112	141	165	137	163	105	171	100	101	185	169	129	103	197	
190	122	146	177	107	160	134	134	144	117	200	115	100	117	136	198	195	141	170	172	149	199	100	106	150	116	118	145	
128	132	121	164	118	122	113	190	140	127	154	100	157	125	125	177	168	177	140	143	137	115	194	100	128	167	115	155	
186	186	104	149	184	146	130	178	180	172	109	148	187	156	120	132	162	171	152	109	153	131	150	172	100	155	124	184	
116	165	104	180	153	111	129	126	194	159	183	142	135	139	132	100	120	127	187	136	134	171	184	133	145	100	129	192	
200	132	108	124	144	128	114	109	181	131	168	146	198	195	146	176	102	139	160	159	196	197	182	185	176	171	100	146	
153	198	119	131	115	190	174	103	164	124	103	157	146	130	105	114	144	184	150	129	123	103	155	145	116	108	154	100	

