INDEX_PROBLEM
1
PATIENTS
800
STRETCHERS
16
NUM_ROOM
28
NUM_DEPOTS
3
NUM_PRIORITY
4
PRIORITY_LIST
0	1	2	3	4	
PRIORITY_WEIGHT
0	1	10	18	30	
PRIORITY_JOB
0	1	2	2	3	3	3	2	1	2	3	3	1	3	3	4	2	2	3	4	1	2	3	3	2	3	3	1	2	3	4	3	2	3	4	1	2	4	3	2	3	3	1	2	3	3	3	2	3	4	4	1	2	2	3	4	3	1	3	1	2	2	1	1	1	3	3	1	2	2	3	4	3	1	3	4	1	2	2	1	2	3	3	1	2	2	2	3	3	1	3	4	1	2	1	2	1	3	3	1	2	3	2	3	3	4	1	4	1	2	2	2	2	1	4	3	1	2	3	3	4	3	3	1	3	1	2	1	2	1	2	3	4	1	2	2	3	3	1	3	3	1	2	1	2	1	2	3	4	1	2	2	3	4	1	3	3	1	2	2	1	2	3	4	1	2	2	3	3	4	1	3	1	4	1	2	1	1	2	3	1	2	2	3	3	2	3	1	3	1	2	2	1	1	3	3	1	2	2	4	3	2	1	3	4	1	2	2	1	2	3	3	4	1	2	3	3	4	1	1	3	4	1	2	2	1	2	2	3	1	2	2	3	3	4	3	1	3	1	2	1	1	2	2	3	4	1	2	3	2	4	1	3	3	1	2	1	1	2	2	3	4	1	2	3	2	3	1	3	3	1	2	1	2	1	3	4	1	2	2	3	4	2	3	3	1	4	1	2	1	2	2	3	3	1	2	3	4	3	2	1	3	1	2	1	1	1	3	3	1	2	2	2	4	3	1	3	4	1	2	2	1	2	3	3	1	2	3	2	3	3	1	4	4	1	2	1	1	2	1	2	3	1	2	2	3	4	3	1	3	1	2	2	2	1	2	3	4	1	2	3	3	2	1	3	3	1	2	1	1	2	2	3	4	1	2	4	3	2	1	3	3	1	2	1	1	2	3	4	1	2	3	2	3	4	2	1	3	1	3	1	2	1	2	4	3	1	2	2	3	2	1	3	3	1	2	1	1	4	3	3	1	2	1	3	3	4	2	3	4	1	2	2	1	1	3	3	1	2	1	3	2	3	3	4	1	2	2	2	1	2	1	3	4	1	2	3	2	3	1	3	1	2	2	1	2	1	3	3	1	2	4	3	3	3	1	3	3	1	2	2	1	1	2	3	4	1	2	4	3	2	1	3	3	2	2	1	2	1	3	4	1	2	2	3	3	2	3	1	3	1	2	2	1	2	3	3	1	2	2	4	3	3	1	3	4	1	1	2	1	1	2	3	3	1	2	3	4	3	1	2	3	4	1	1	2	1	2	3	3	2	2	2	3	3	1	3	4	1	2	1	2	1	3	3	1	2	4	2	3	3	3	1	3	1	2	2	1	2	3	1	2	4	3	3	2	3	1	3	1	2	1	1	1	2	3	4	1	2	3	2	3	1	3	3	2	2	2	1	1	3	4	4	1	2	3	2	3	2	3	3	1	2	1	2	1	3	1	2	2	3	4	3	3	1	4	1	2	2	1	1	1	3	3	1	2	2	3	4	3	1	3	4	1	2	2	1	1	3	3	2	2	3	2	3	3	1	4	1	2	3	2	1	2	3	1	2	3	2	3	4	3	4	1	1	2	2	1	2	3	4	1	2	3	3	4	1	3	1	1	2	2	1	1	1	3	3	1	2	3	3	2	3	1	3	1	2	2	2	1	2	3	4	1	2	3	3	2	3	3	4	1	2	1	1	2	1	3	1	2	2	3	3	4	1	4	1	2	2	2	1	3	1	3	3	1	2	1	2	1	1	2	3	4	1	1	2	1	1	2	3	3	1	2	1	2	1	2	2	3	4	1	2	1	1	1	2	3	1	3	2	1	2	1	1	2	3	4	1	1	2	
TIME_ASKED
0	28800	28800	28800	28800	28800	28800	28800	28800	28800	28800	28800	28800	28800	28800	28800	28800	29545	29574	29603	29632	29661	29690	29742	29784	29826	29868	29910	29952	29994	30029	30058	30087	30116	30145	30174	30203	30232	30261	30290	30329	30358	30387	30416	30445	30474	30503	30532	30561	30590	30621	30642	30663	30684	30705	30726	30747	30768	30789	30810	30831	30852	30873	30894	30949	30998	31047	31096	31145	31194	31227	31254	31281	31308	31335	31362	31389	31416	31443	31470	31497	31524	31548	31572	31596	31620	31644	31668	31692	31716	31740	31764	31788	31837	31874	31911	31948	31985	32022	32059	32096	32159	32218	32277	32336	32395	32419	32438	32457	32476	32495	32514	32533	32552	32571	32590	32609	32628	32647	32666	32685	32759	32818	32877	32936	32995	33027	33054	33081	33108	33135	33162	33189	33216	33243	33270	33297	33333	33366	33399	33432	33465	33498	33531	33564	33597	33616	33632	33648	33664	33680	33696	33712	33728	33744	33760	33776	33792	33808	33824	33840	33856	33872	33888	33933	33966	33999	34032	34065	34098	34131	34164	34197	34242	34284	34326	34368	34410	34452	34494	34533	34566	34599	34632	34665	34698	34731	34764	34797	34827	34854	34881	34908	34935	34962	34989	35016	35043	35070	35097	35137	35174	35211	35248	35285	35322	35359	35396	35433	35466	35499	35532	35565	35598	35631	35664	35697	35723	35746	35769	35792	35815	35838	35861	35884	35907	35930	35953	35976	35999	36023	36046	36069	36092	36115	36138	36161	36184	36207	36230	36253	36276	36299	36327	36354	36381	36408	36435	36462	36489	36516	36543	36570	36597	36619	36638	36657	36676	36695	36714	36733	36752	36771	36790	36809	36828	36847	36866	36885	36949	36998	37047	37096	37145	37194	37259	37318	37377	37436	37495	37549	37598	37647	37696	37745	37794	37827	37854	37881	37908	37935	37962	37989	38016	38043	38070	38097	38123	38146	38169	38192	38215	38238	38261	38284	38307	38330	38353	38376	38399	38419	38438	38457	38476	38495	38514	38533	38552	38571	38590	38609	38628	38647	38666	38685	38742	38784	38826	38868	38910	38952	38994	39029	39058	39087	39116	39145	39174	39203	39232	39261	39290	39349	39398	39447	39496	39545	39594	39633	39666	39699	39732	39765	39798	39831	39864	39897	39937	39974	40011	40048	40085	40122	40159	40196	40242	40284	40326	40368	40410	40452	40494	40542	40584	40626	40668	40710	40752	40794	40849	40898	40947	40996	41045	41094	41133	41166	41199	41232	41265	41298	41331	41364	41397	41423	41446	41469	41492	41515	41538	41561	41584	41607	41630	41653	41676	41699	41749	41798	41847	41896	41945	41994	42099	42198	42297	42342	42384	42426	42468	42510	42552	42594	42699	42798	42897	42923	42946	42969	42992	43015	43038	43061	43084	43107	43130	43153	43176	43199	43237	43274	43311	43348	43385	43422	43459	43496	43549	43598	43647	43696	43745	43794	43899	43998	44097	44159	44218	44277	44336	44395	44459	44518	44577	44636	44695	44799	44898	44997	45033	45066	45099	45132	45165	45198	45231	45264	45297	45337	45374	45411	45448	45485	45522	45559	45596	45637	45674	45711	45748	45785	45822	45859	45896	45959	46018	46077	46136	46195	46249	46298	46347	46396	46445	46494	46537	46574	46611	46648	46685	46722	46759	46796	46821	46842	46863	46884	46905	46926	46947	46968	46989	47010	47031	47052	47073	47094	47199	47298	47397	47437	47474	47511	47548	47585	47622	47659	47696	47737	47774	47811	47848	47885	47922	47959	47996	48049	48098	48147	48196	48245	48294	48324	48348	48372	48396	48420	48444	48468	48492	48516	48540	48564	48588	48627	48654	48681	48708	48735	48762	48789	48816	48843	48870	48897	48937	48974	49011	49048	49085	49122	49159	49196	49233	49266	49299	49332	49365	49398	49431	49464	49497	49537	49574	49611	49648	49685	49722	49759	49796	49827	49854	49881	49908	49935	49962	49989	50016	50043	50070	50097	50149	50198	50247	50296	50345	50394	50424	50448	50472	50496	50520	50544	50568	50592	50616	50640	50664	50688	50737	50774	50811	50848	50885	50922	50959	50996	51027	51054	51081	51108	51135	51162	51189	51216	51243	51270	51297	51324	51348	51372	51396	51420	51444	51468	51492	51516	51540	51564	51588	51637	51674	51711	51748	51785	51822	51859	51896	51933	51966	51999	52032	52065	52098	52131	52164	52197	52259	52318	52377	52436	52495	52517	52534	52551	52568	52585	52602	52619	52636	52653	52670	52687	52704	52721	52738	52755	52772	52789	52859	52918	52977	53036	53095	53137	53174	53211	53248	53285	53322	53359	53396	53459	53518	53577	53636	53695	53733	53766	53799	53832	53865	53898	53931	53964	53997	54027	54054	54081	54108	54135	54162	54189	54216	54243	54270	54297	54374	54448	54522	54596	54627	54654	54681	54708	54735	54762	54789	54816	54843	54870	54897	55049	55198	55237	55274	55311	55348	55385	55422	55459	55496	55574	55648	55722	55796	55827	55854	55881	55908	55935	55962	55989	56016	56043	56070	56097	56399	56499	56598	56697	56733	56766	56799	56832	56865	56898	56931	56964	56997	57049	57098	57147	57196	57245	57294	57359	57418	57477	57536	57595	
ORIGIN
0	16	6	27	19	1	27	23	1	1	23	10	2	14	14	14	23	14	3	23	16	4	26	16	5	26	16	7	27	23	27	7	23	9	1	23	13	14	23	13	2	23	14	3	24	14	20	14	14	6	27	18	7	27	20	8	1	14	10	2	23	23	2	26	1	3	23	14	4	14	15	5	26	1	7	27	19	8	14	3	14	1	23	11	2	2	13	2	23	2	3	24	14	4	5	1	7	1	18	7	27	20	8	1	23	14	17	23	12	2	14	14	14	14	14	4	24	15	4	26	16	6	11	3	7	27	23	14	14	3	10	2	23	12	14	23	14	3	14	14	4	26	16	7	14	1	7	27	20	8	14	23	10	1	23	11	2	23	14	14	14	27	4	24	15	4	26	16	6	27	26	7	26	22	8	14	3	14	2	23	12	2	27	14	3	23	14	14	25	16	5	1	25	14	27	20	8	27	14	9	1	23	20	2	23	13	2	27	14	14	14	14	4	26	16	5	27	18	17	14	20	8	1	14	14	17	2	12	2	23	14	3	23	14	14	24	27	5	26	25	25	14	4	8	27	23	14	1	23	11	2	2	12	2	23	14	14	14	27	4	26	16	5	14	17	7	27	4	8	1	23	14	14	2	27	2	23	13	3	23	14	4	27	11	4	14	16	6	14	3	26	27	23	8	1	3	10	2	23	12	2	23	14	14	27	15	14	26	16	5	1	16	7	27	9	14	27	23	9	1	9	20	2	23	13	2	27	14	3	24	14	14	26	16	6	3	26	14	23	2	8	1	23	10	2	23	12	17	26	14	3	23	14	14	27	15	5	26	25	7	27	26	8	3	23	9	1	16	20	2	17	13	2	23	14	14	24	14	4	1	16	5	27	26	14	2	26	8	1	23	10	1	23	12	2	17	14	3	23	14	14	27	11	4	26	16	6	27	11	7	14	14	8	1	23	20	2	14	12	2	23	14	3	7	14	4	14	16	5	26	16	1	1	26	14	1	23	10	1	14	11	2	14	13	2	23	14	14	14	27	11	6	16	6	27	19	7	27	22	3	1	23	10	2	23	14	11	23	14	3	23	14	4	25	11	14	26	16	7	1	26	14	1	23	9	1	23	11	2	23	13	24	23	14	27	20	20	14	20	16	5	27	18	7	27	20	8	3	14	10	22	23	23	2	2	14	3	23	14	4	24	15	5	1	16	6	27	26	14	14	12	9	1	23	11	2	23	12	2	27	14	3	24	15	14	27	7	5	26	17	7	27	20	3	1	14	10	1	20	2	2	14	14	3	23	14	4	24	15	4	25	16	25	27	14	2	2	14	8	1	23	10	2	23	12	14	23	14	3	23	14	27	11	27	5	26	16	7	27	20	8	27	14	9	1	20	2	14	26	14	2	23	14	3	24	14	4	26	26	6	27	14	2	2	14	14	1	23	10	2	23	12	2	14	14	3	23	14	14	27	11	14	26	16	7	27	19	8	14	23	14	1	23	2	14	14	14	3	23	14	3	24	14	4	1	7	14	27	18	7	2	26	14	3	23	10	1	23	12	2	23	14	14	27	14	4	27	11	14	26	16	6	27	19	7	27	8	8	14	23	10	2	14	16	27	23	14	3	23	14	4	26	16	1	26	16	7	27	14	23	13	23	9	1	23	11	2	23	13	14	23	14	4	11	14	1	25	16	6	27	18	7	27	21	3	3	23	10	22	23	2	2	23	14	3	23	14	4	25	16	1	26	16	7	27	14	3	14	14	9	1	23	11	27	23	13	27	23	14	3	24	14	1	7	7	5	27	18	7	27	20	8	12	14	10	1	23	12	2	7	27	
DESTINATION
0	14	17	2	22	23	2	26	23	14	27	14	14	4	25	16	1	25	14	4	14	14	3	14	14	3	16	20	2	27	23	13	27	14	14	27	7	5	1	7	14	1	26	14	2	20	7	8	1	17	2	27	20	2	14	14	14	16	14	14	27	1	27	23	14	14	3	26	14	2	14	14	3	23	20	2	22	14	4	26	16	14	27	15	14	27	7	14	1	27	14	1	26	14	14	23	13	23	27	20	2	14	14	14	27	26	6	27	11	14	20	20	8	1	26	14	2	14	14	3	14	17	12	23	23	2	27	15	5	26	14	14	27	11	8	1	25	14	1	26	14	3	14	13	2	23	20	2	14	14	4	27	14	14	1	20	14	1	8	8	1	23	14	2	14	14	3	14	17	2	14	23	14	2	14	4	26	16	14	27	11	14	23	25	14	4	26	10	14	14	14	23	14	3	2	14	14	2	16	14	14	27	7	14	1	7	14	23	10	1	4	26	14	3	14	14	2	27	6	4	14	14	14	16	16	6	27	11	14	1	25	14	3	26	2	2	23	14	3	14	14	3	23	14	2	27	5	14	27	15	14	27	11	14	1	9	9	1	23	14	3	14	14	2	9	20	2	14	14	14	27	5	5	27	18	14	1	7	14	3	26	14	23	12	14	2	14	17	3	23	14	2	26	14	14	26	14	14	27	11	27	1	25	1	23	11	2	3	14	14	23	16	20	2	17	4	3	27	14	14	17	7	27	1	7	14	23	26	14	2	26	2	3	14	17	23	14	4	27	14	14	14	27	14	14	27	11	6	23	25	14	3	10	2	23	14	14	3	14	20	2	14	14	26	27	14	14	16	7	27	9	7	14	1	26	1	1	26	14	23	14	14	2	14	3	24	14	14	14	27	14	14	27	11	27	6	8	14	3	10	2	23	12	14	3	14	17	2	12	23	8	15	14	14	27	7	27	26	11	14	1	25	14	13	26	14	1	14	14	3	16	24	24	14	4	14	27	14	14	8	20	14	20	7	14	3	26	1	1	2	12	17	14	17	2	22	23	2	2	26	14	27	14	27	7	16	12	1	25	14	4	26	14	14	12	2	3	14	20	24	14	4	14	27	14	14	27	15	14	27	7	1	1	26	23	11	11	2	14	14	14	2	27	20	2	14	14	26	16	14	19	7	7	27	22	25	14	3	26	14	2	14	14	23	14	17	2	14	4	25	11	14	14	27	15	14	27	11	27	23	26	14	1	11	2	23	13	14	3	9	20	2	14	26	14	16	14	14	7	27	27	20	8	14	3	26	14	2	14	14	14	14	14	2	4	24	24	15	14	14	27	14	14	27	11	5	1	9	14	4	2	23	12	2	14	3	16	20	2	14	14	3	5	14	14	7	27	20	3	1	14	1	26	14	2	26	14	3	3	17	2	4	24	24	15	4	14	27	14	14	27	11	14	8	8	14	3	2	2	23	12	25	3	14	20	2	22	14	16	27	5	14	27	27	20	20	8	27	1	26	14	1	26	14	23	13	2	2	27	20	24	14	4	26	27	14	14	27	11	14	1	25	1	23	26	14	23	12	2	3	14	17	2	22	23	2	14	14	16	27	14	27	8	14	23	1	25	14	5	26	14	3	14	23	3	16	20	2	4	1	7	27	14	14	27	20	14	1	7	1	3	26	14	12	2	23	14	14	17	2	27	23	2	7	26	26	27	14	19	7	27	27	1	25	14	4	2	14	14	14	23	3	14	20	2	4	26	16	16	14	14	27	15	23	27	7	23	1	26	14	1	2	23	13	13	14	2	27	20	2	14	14	11	16	14	14	27	11	27	21	2	
DUE_DATE
0	31147	30476	30525	30094	30143	30192	30727	31496	30825	30394	30443	31692	30527	30556	30045	31094	31123	30672	30161	31930	31239	30788	30840	31362	30924	30966	32208	31530	31092	30587	31156	31665	31214	30703	32472	31781	30790	31359	31868	31427	31456	32685	31994	31543	31572	31601	32110	31659	31148	31179	32940	32241	32262	31803	31284	31845	33066	31887	33108	32409	32430	33171	33192	33247	32096	32145	33394	32723	32772	32325	31812	32379	33606	32433	31920	33687	32994	33021	33768	33075	32622	32646	33870	33174	33198	33222	32766	32790	34014	32838	32322	34086	33415	34172	33489	34246	33083	33120	34357	33674	33257	33796	33375	33434	32953	34717	32996	34755	34054	34073	34092	34111	34850	33129	33688	34907	34206	33745	33764	33243	33857	33916	35175	34034	35293	34605	35352	34659	35406	34713	34260	33747	35514	34821	34848	34395	34431	35664	34497	34530	35763	35076	35829	35142	35895	35194	34730	34206	35962	35258	35274	34810	34286	36042	34858	34874	36090	35386	35402	36138	35434	34970	34446	36231	35544	35577	35130	35163	34656	36429	35262	36495	34800	36582	35904	36666	36708	36030	35592	36831	36144	36177	35730	35763	36276	35829	37062	35895	37125	36432	36459	37206	37233	36060	36087	37314	36621	36648	35655	36235	36752	37509	36346	35843	37620	36937	36974	37731	37044	36597	36630	36123	37896	37209	36762	36795	36281	38044	38067	36890	36373	38136	37439	37462	38205	37508	37531	37074	38297	37601	37624	37167	37190	36673	37236	38459	37282	38505	37808	38551	38574	37877	37905	37452	36939	38706	38013	37560	38067	37074	38841	37668	37695	38917	38216	38955	38974	38273	38292	37831	37310	39069	38368	37907	38406	37945	39164	37983	38047	39296	38625	39394	38723	39492	38357	37876	39675	39014	39073	38647	38156	39225	38794	38843	40092	38385	40152	39459	40206	39513	39540	39087	39114	40341	39648	39195	38681	39244	39747	40490	39313	40536	39839	40582	40605	40628	39451	39474	40697	39997	40016	40035	39034	39593	40812	39631	39110	40869	40168	40187	40926	40225	39764	39783	41040	40362	39924	40446	40008	40050	41292	39587	39616	41385	40694	41443	41472	40781	41530	40839	40388	41647	40976	41025	40594	40103	40692	41931	40764	41997	41310	41343	41376	42129	41442	40995	40495	42272	41589	41146	41183	41700	42457	41294	41340	42582	41904	42666	42708	42030	42072	41640	41142	42924	42246	41268	41850	42372	43147	41996	42045	43294	42623	43392	43431	42744	42297	41790	43563	42876	42429	42942	42495	41981	43024	43767	42590	43813	42636	43859	43162	43905	43208	42211	42774	43997	43327	43376	42945	43474	44243	43092	43197	44496	43875	44640	44682	42984	43566	43608	44850	44172	44997	43896	43995	43481	44524	44067	43550	45313	44616	44639	45382	45405	44228	44251	45474	44777	45535	44372	44889	44446	44483	43980	45757	45074	45127	45176	45945	45274	46043	44892	44457	46296	45675	45257	45796	45375	46634	45493	46757	46096	46155	46934	46273	47097	45996	46095	47331	46644	45657	46230	46263	46296	47529	46362	46395	47635	46952	46989	47746	47783	47100	46657	46154	47935	47252	46269	46846	47363	48120	46957	46994	47537	47596	48375	47714	48493	47347	46856	48645	47974	48023	47592	47635	48152	47709	48946	47783	49020	48337	48374	49119	48420	47961	47982	49203	48504	48525	47526	48087	48108	49329	48150	47631	49392	49497	48876	49695	49735	49052	48609	48646	49883	49200	48757	48254	48835	50072	49389	48946	48443	50220	50257	49574	50347	49676	49245	49294	49823	49872	49902	49446	49470	50694	49518	49002	50766	50070	50814	50118	50862	49686	49725	50952	50259	49266	50313	49860	49887	49914	51141	49968	51195	50515	50552	51309	50626	50183	51420	50737	49754	50331	50364	50877	50430	51663	50496	51729	51042	51795	51835	51872	51189	50746	50243	52020	51337	50894	51405	50952	52179	51006	51033	51540	51567	51594	52341	52368	51195	50707	50756	52545	51874	51443	51972	51522	52026	51570	51594	52818	52122	52866	52170	52914	51738	52962	52266	52315	51872	51369	51946	51983	53220	51517	53294	52605	52632	53379	53406	53433	52260	52287	53514	52821	52848	52395	51882	52446	53670	52494	51978	53742	53046	53070	53814	53838	52662	52686	53215	53252	52809	53326	52883	52920	54157	52454	54231	53544	53097	53610	54363	53676	53229	54462	53775	53357	53896	53475	52994	53593	53075	54832	54849	54146	54163	54900	54197	53734	53211	54968	54265	53802	53819	53296	55053	53870	55087	55157	54496	54555	55334	55393	55435	54272	54309	55546	54863	54420	54457	54974	54557	55816	54675	55934	55273	55311	55344	56097	55410	54963	54456	56229	55542	55095	55125	55632	55179	55206	54693	56460	55767	56514	56541	55848	56595	55472	56746	56100	56174	55725	55752	55239	57006	55293	57060	56367	56394	56421	57168	55995	57347	56296	56335	57572	56889	57646	56963	57720	57757	57074	56672	56206	58020	58094	57405	58152	58179	57486	57033	57060	58287	57594	58341	57648	58395	57977	58077	57696	57255	59031	58344	59097	59130	59163	58476	58029	59262	58095	58627	59396	58725	59494	59543	58872	58457	57976	59775	59834	59173	
TRANSPORT_MODE
0	2	4	4	4	0	0	0	2	4	4	4	4	0	0	0	2	4	4	4	2	0	0	0	4	4	4	4	2	0	0	0	1	1	4	4	2	0	0	0	4	4	4	4	1	0	0	0	0	2	4	4	4	4	0	0	0	3	4	4	4	0	0	0	0	4	2	4	4	4	0	0	0	3	4	4	4	4	0	0	0	2	4	4	4	4	0	0	0	3	4	4	4	4	0	0	0	2	4	4	4	4	0	0	0	0	3	4	4	4	4	0	0	0	2	4	4	4	0	0	0	0	4	3	1	4	1	0	0	0	2	4	4	4	1	0	0	0	3	4	4	4	4	0	0	0	2	1	1	4	4	0	0	0	3	4	4	4	1	0	0	0	2	4	4	4	1	0	0	0	0	4	3	1	4	0	0	0	4	2	1	4	4	0	0	0	4	3	4	4	4	0	0	0	2	1	4	4	1	0	0	0	3	4	4	4	1	0	0	0	2	4	4	4	4	0	0	0	0	3	4	4	4	1	0	0	0	4	2	4	1	0	0	0	0	1	3	4	4	4	0	0	0	4	2	4	1	4	0	0	0	3	4	1	4	1	0	0	0	2	4	4	4	1	0	0	0	3	4	1	4	1	0	0	0	2	4	4	1	4	0	0	0	0	4	3	4	4	0	0	0	1	2	1	4	4	0	0	0	1	3	4	1	1	0	0	0	2	4	4	4	4	0	0	0	3	4	4	4	4	0	0	0	2	1	1	1	4	0	0	0	3	1	1	4	4	0	0	0	0	2	4	1	4	0	0	0	1	3	1	4	4	0	0	0	2	1	4	1	4	0	0	0	3	4	1	4	4	0	0	0	2	1	1	4	1	0	0	0	3	1	4	4	4	0	0	0	2	1	4	4	0	4	0	0	0	3	1	4	1	0	0	0	1	2	0	1	1	4	0	0	3	1	4	1	4	0	0	0	2	4	4	1	3	0	0	0	1	4	4	4	2	0	0	0	1	1	1	4	3	0	0	0	1	1	4	1	1	0	0	0	0	2	1	1	4	0	0	0	3	1	4	1	4	0	0	0	2	4	4	1	0	0	0	0	3	4	1	1	4	0	0	0	2	1	1	1	1	0	0	0	3	4	1	4	1	0	0	0	2	1	1	4	4	0	0	0	0	3	1	4	4	0	0	0	2	1	1	1	1	0	0	0	3	1	1	4	0	0	0	0	2	1	4	1	1	0	0	0	3	1	4	1	4	0	0	0	2	1	1	4	4	0	0	0	3	4	1	1	1	0	0	0	4	1	1	1	0	0	0	0	1	3	1	1	1	0	0	2	4	1	1	0	0	0	0	1	3	1	1	4	0	0	0	2	4	1	4	4	0	0	0	3	1	1	1	1	0	0	0	2	1	1	1	1	0	0	0	0	4	1	1	1	0	0	0	1	2	1	4	1	0	0	0	3	1	1	1	0	0	0	0	4	2	4	4	1	0	0	0	3	1	1	1	1	0	0	0	2	1	1	1	1	0	0	0	3	1	1	1	4	0	0	0	1	1	1	1	0	0	0	0	4	3	1	1	4	0	0	2	1	4	1	0	0	0	0	1	3	1	1	1	0	0	0	2	1	1	1	1	0	0	0	3	1	1	1	1	0	0	0	2	1	4	1	1	0	0	0	1	1	4	1	0	0	0	0	2	1	1	1	1	0	0	3	1	1	1	0	0	0	0	3	1	1	1	1	0	0	0	3	1	1	1	1	0	0	0	3	1	1	1	1	0	0	0	3	4	1	1	1	0	0	0	3	1	1	1	0	1	0	0	0	3	1	1	1	1	0	0	0	
DISTANCE_MATRIX
60	360	318	300	288	276	264	264	150	150	150	60	90	90	162	168	204	228	234	312	360	408	348	318	168	192	168	318	
360	60	264	318	324	342	342	342	348	348	354	360	372	378	378	420	420	480	462	498	462	462	384	420	372	420	378	378	
318	264	60	270	276	288	288	288	294	294	294	318	318	324	324	414	414	468	462	486	462	462	330	366	366	408	372	324	
300	318	270	60	276	288	288	288	288	288	288	300	300	312	318	408	408	468	462	486	438	438	318	360	360	402	360	312	
288	324	276	276	60	276	276	276	276	276	276	288	288	300	300	402	396	462	456	480	432	432	300	360	360	402	348	300	
276	342	288	288	276	60	180	180	252	258	264	264	264	288	288	390	390	456	450	480	432	432	288	348	348	348	288	288	
264	342	288	288	276	180	60	180	246	258	264	264	264	288	288	390	390	456	450	480	432	432	288	348	348	348	288	288	
264	342	288	288	276	180	180	60	240	258	264	264	264	288	288	390	390	456	450	480	432	432	288	348	348	348	288	288	
150	348	294	288	276	252	246	240	60	120	120	150	126	270	270	378	384	420	438	480	420	408	276	300	300	300	276	270	
150	348	294	288	276	258	258	258	120	60	120	150	150	270	270	378	384	420	438	480	420	408	276	300	300	300	276	270	
150	354	294	288	276	264	264	264	120	120	60	150	150	270	270	378	384	420	438	480	420	408	276	300	300	300	276	270	
60	360	318	300	288	264	264	264	150	150	150	60	90	162	168	228	234	312	360	408	348	318	168	192	192	198	168	162	
90	372	318	300	288	264	264	264	150	150	150	90	60	162	168	228	234	312	360	408	348	318	168	192	192	198	168	162	
90	378	324	312	300	288	288	288	270	270	270	162	162	60	120	180	180	306	210	360	300	300	120	180	120	180	120	234	
162	378	324	318	300	288	288	288	270	270	270	168	168	120	60	180	180	306	210	360	300	300	120	180	120	180	120	120	
168	420	414	408	402	348	348	348	300	300	300	228	228	180	180	60	132	204	132	348	258	258	186	60	180	132	222	180	
204	420	414	408	396	390	390	390	384	384	384	234	234	180	180	132	60	204	132	348	258	258	186	60	180	132	222	180	
228	480	468	468	462	456	456	456	420	420	420	312	312	306	306	204	204	60	198	120	240	240	306	204	306	138	306	306	
234	462	462	462	456	450	450	450	438	438	438	360	360	210	210	132	132	198	60	138	132	132	210	132	210	132	210	210	
312	498	486	486	480	480	480	480	480	480	480	408	408	360	360	348	348	120	138	60	348	348	360	348	360	348	360	360	
360	462	462	438	432	432	432	432	420	420	420	348	348	300	300	258	258	240	132	348	60	60	300	258	300	258	300	300	
408	462	462	438	432	432	432	432	408	408	408	318	318	300	300	258	258	240	132	348	60	60	300	258	300	258	300	300	
348	384	330	318	300	288	288	288	276	276	276	168	168	120	120	186	186	306	210	360	300	300	60	186	120	186	120	120	
318	420	366	360	360	348	348	348	300	300	300	192	192	180	180	60	60	204	132	348	258	258	186	60	180	60	180	180	
168	372	300	306	300	288	288	288	270	270	270	168	168	120	120	180	180	306	210	360	300	300	120	180	60	180	120	120	
192	420	408	402	402	348	348	348	300	300	300	198	198	180	180	132	132	138	132	348	258	258	186	60	180	60	180	180	
168	378	372	360	348	288	288	288	276	276	276	168	168	120	120	222	222	306	210	360	300	300	120	180	120	180	60	120	
318	378	324	312	300	288	288	288	270	270	270	162	162	234	120	180	180	306	210	360	300	300	120	180	120	180	120	60	
DEPOT_DISTANCE_MATRIX
60	360	318	300	288	276	264	264	150	150	150	60	90	90	162	168	204	228	234	312	360	408	348	318	168	192	168	318	
162	378	324	318	300	288	288	288	270	270	270	168	168	120	60	180	180	306	210	360	300	300	120	180	120	180	120	120	
318	420	366	360	360	348	348	348	300	300	300	192	192	180	180	60	60	204	132	348	258	258	186	60	180	60	180	180	
PATIENT_WEIGHT
114	81	79	33	143	53	121	129	143	124	66	66	70	140	105	104	92	130	131	125	129	87	70	150	131	74	34	100	83	75	143	87	70	69	120	40	140	68	108	112	89	150	109	30	146	128	100	35	136	64	84	120	48	49	87	34	82	128	117	101	123	48	82	32	123	119	55	80	49	142	124	35	109	79	89	86	123	140	116	44	41	60	90	105	64	78	60	134	123	39	128	76	84	85	55	102	44	146	117	136	46	34	133	48	50	39	115	101	146	100	91	77	126	77	39	127	128	132	46	101	36	87	103	131	121	93	113	84	102	42	137	101	39	142	60	90	113	58	139	93	70	150	84	98	33	120	70	69	107	89	64	34	48	110	110	135	57	42	63	106	140	79	98	147	47	149	149	77	106	65	143	131	85	42	31	37	83	40	118	132	76	81	102	124	39	114	85	48	41	118	71	138	31	97	110	134	54	87	84	52	49	114	41	119	76	78	111	46	54	57	128	54	54	97	48	107	144	94	127	72	127	132	75	52	43	146	116	99	123	51	129	141	65	55	139	148	43	76	134	67	93	37	105	43	96	139	77	69	52	135	77	99	111	37	74	93	39	149	97	130	75	94	65	63	32	116	113	37	78	80	52	148	93	149	144	72	110	48	75	149	106	57	78	110	87	80	134	31	125	122	100	37	113	53	56	71	40	62	63	96	114	34	51	77	54	132	91	76	56	39	129	148	94	63	138	84	102	66	137	117	113	57	126	135	113	81	40	119	103	30	96	85	76	78	61	123	101	30	131	90	89	146	99	140	150	143	121	92	125	89	54	86	64	49	70	52	137	34	43	56	88	143	96	126	113	70	42	38	134	58	143	124	95	140	138	119	68	55	147	53	51	115	144	140	136	108	106	83	139	50	142	34	130	94	80	108	51	84	114	128	44	108	109	56	80	63	76	141	149	82	82	122	53	146	99	121	131	114	131	150	84	114	37	40	68	43	52	83	49	133	104	118	77	60	79	37	146	54	146	73	120	126	75	130	141	92	79	127	142	141	32	106	59	133	46	119	68	98	72	140	50	103	135	36	71	119	60	71	147	41	78	149	106	48	116	89	92	71	50	119	110	96	48	147	43	103	139	92	120	80	30	143	85	103	31	75	149	136	88	133	92	77	31	115	100	61	60	134	109	46	77	130	145	140	119	127	138	40	34	93	119	51	139	64	124	58	91	59	41	42	104	84	133	79	64	44	54	107	108	122	144	31	76	105	122	38	101	70	104	50	36	114	86	150	74	76	149	115	54	132	54	74	82	52	43	54	41	39	139	128	143	143	49	136	61	122	46	68	95	93	126	88	100	58	89	67	111	124	40	47	126	83	131	79	118	129	51	141	102	134	42	120	85	138	82	53	114	87	62	90	81	96	103	70	69	80	148	108	75	37	31	124	81	68	103	51	86	126	56	142	103	106	113	43	121	31	144	88	143	79	79	59	80	90	147	86	61	89	129	93	58	75	86	31	124	81	41	71	79	65	34	47	150	54	99	150	84	84	40	30	80	100	142	90	133	118	58	57	33	56	77	55	55	139	39	95	124	85	123	143	38	110	32	87	67	53	126	80	49	57	68	42	45	77	32	150	50	57	113	65	40	120	59	132	31	105	142	106	93	114	83	88	125	72	116	64	93	102	143	62	96	38	66	107	84	118	103	52	104	56	76	88	47	48	119	106	115	51	81	73	55	39	51	83	124	116	136	74	103	53	99	60	87	89	75	44	68	67	130	141	93	86	146	148	30	89	40	99	112	103	117	48	61	33	84	115	134	92	86	143	46	33	50	78	65	72	150	97	75	115	135	
LOCATION_TURN_MATRIX
100	130	122	113	112	199	136	122	129	152	173	146	151	136	158	140	176	113	122	167	194	134	110	172	114	184	100	147	
170	100	154	188	164	169	136	136	152	170	104	183	155	115	101	104	155	187	174	115	149	134	178	168	114	135	168	102	
178	146	100	161	178	114	104	165	117	139	126	169	192	109	120	179	160	152	154	134	113	140	154	179	196	196	192	181	
187	112	139	100	158	114	195	181	104	132	195	106	183	169	132	170	140	136	172	148	116	110	123	136	151	120	176	169	
188	136	122	142	100	175	164	159	112	100	167	164	135	191	132	181	104	123	142	156	108	117	193	182	116	147	156	185	
101	131	186	186	125	100	190	147	164	150	137	102	145	176	185	131	113	108	117	186	118	151	140	178	154	189	172	110	
164	164	196	105	136	110	100	186	153	151	183	193	111	157	144	123	188	142	110	163	105	190	166	187	170	171	186	126	
178	164	135	119	141	153	114	100	106	130	108	103	151	178	122	151	130	133	184	177	110	141	166	110	122	174	191	197	
171	148	183	196	188	136	147	194	100	167	100	146	168	129	128	142	172	118	174	147	105	158	156	160	120	106	119	136	
148	130	161	168	200	150	149	170	133	100	177	106	175	116	188	180	176	194	108	146	130	187	183	173	128	141	169	176	
127	196	174	105	133	163	117	192	200	123	100	171	175	140	183	115	104	186	128	153	151	175	100	146	191	117	132	197	
154	117	131	194	136	198	107	197	154	194	129	100	136	184	140	147	172	184	148	131	103	156	185	200	152	158	154	143	
149	145	108	117	165	155	189	149	132	125	125	164	100	140	199	142	101	144	163	185	117	191	200	143	113	165	102	154	
164	185	191	131	109	124	143	122	171	184	160	116	160	100	109	116	196	113	131	186	166	139	183	175	144	161	105	170	
142	199	180	168	168	115	156	178	172	112	117	160	101	191	100	147	177	177	199	158	172	188	164	175	180	168	154	195	
160	196	121	130	119	169	177	149	158	120	185	153	158	184	153	100	152	159	197	157	181	159	102	123	168	200	124	186	
124	145	140	160	196	187	112	170	128	124	196	128	199	104	123	148	100	149	114	112	117	135	105	132	138	180	198	156	
187	113	148	164	177	192	158	167	182	106	114	116	156	187	123	141	151	100	166	132	168	163	159	123	129	173	161	116	
178	126	146	128	158	183	190	116	126	192	172	152	137	169	101	103	186	134	100	184	199	137	130	160	148	113	140	150	
133	185	166	152	144	114	137	123	153	154	147	169	115	114	142	143	188	168	116	100	111	195	128	157	191	164	141	171	
106	151	187	184	192	182	195	190	195	170	149	197	183	134	128	119	183	132	101	189	100	129	151	163	147	166	104	177	
166	166	160	190	183	149	110	159	142	113	125	144	109	161	112	141	165	137	163	105	171	100	101	185	169	129	103	197	
190	122	146	177	107	160	134	134	144	117	200	115	100	117	136	198	195	141	170	172	149	199	100	106	150	116	118	145	
128	132	121	164	118	122	113	190	140	127	154	100	157	125	125	177	168	177	140	143	137	115	194	100	128	167	115	155	
186	186	104	149	184	146	130	178	180	172	109	148	187	156	120	132	162	171	152	109	153	131	150	172	100	155	124	184	
116	165	104	180	153	111	129	126	194	159	183	142	135	139	132	100	120	127	187	136	134	171	184	133	145	100	129	192	
200	132	108	124	144	128	114	109	181	131	168	146	198	195	146	176	102	139	160	159	196	197	182	185	176	171	100	146	
153	198	119	131	115	190	174	103	164	124	103	157	146	130	105	114	144	184	150	129	123	103	155	145	116	108	154	100	

