INDEX_PROBLEM
1
PATIENTS
800
STRETCHERS
16
NUM_ROOM
28
NUM_DEPOTS
3
NUM_PRIORITY
4
PRIORITY_LIST
0	1	2	3	4	
PRIORITY_WEIGHT
0	1	10	18	30	
PRIORITY_JOB
0	2	4	1	3	4	3	4	3	4	2	3	4	4	4	4	3	4	1	3	4	4	3	4	3	4	2	3	3	4	4	3	4	1	2	4	4	3	4	3	4	2	3	4	4	4	4	3	4	4	2	4	4	3	4	3	4	1	3	4	1	1	2	2	1	2	3	4	4	4	3	4	3	1	3	4	2	1	2	1	2	3	4	4	4	3	2	4	4	1	1	2	3	1	2	3	1	4	2	3	4	4	3	4	4	1	2	4	2	1	2	1	2	4	4	1	3	4	3	4	4	1	4	2	1	2	3	1	2	3	4	1	3	4	3	4	4	1	3	4	1	2	3	1	2	2	3	4	3	4	4	4	3	1	1	2	4	1	2	3	1	2	3	4	4	4	4	4	3	4	2	4	4	1	2	1	2	1	1	3	2	4	3	4	4	3	4	1	2	1	2	3	3	3	4	2	4	3	4	4	4	3	4	1	1	2	1	2	3	2	4	4	2	3	4	4	4	1	3	1	4	2	3	1	1	2	2	4	1	4	3	4	4	3	3	4	1	1	2	1	2	4	2	3	4	4	3	4	1	1	3	1	2	1	2	3	1	4	2	3	3	4	4	4	3	4	4	1	1	2	2	1	2	3	4	2	3	4	4	4	3	4	4	2	4	1	1	2	1	2	4	1	3	4	3	4	4	3	4	2	3	1	2	1	2	1	3	4	4	3	4	4	4	2	3	4	3	1	2	1	2	1	2	4	2	3	4	4	4	3	3	4	1	1	2	1	1	2	4	2	4	4	3	4	4	3	1	3	1	1	2	1	2	4	2	4	4	4	3	4	3	4	1	1	1	2	1	2	1	3	4	2	3	4	4	4	3	3	4	1	1	2	3	1	2	4	2	4	2	4	4	4	3	4	3	4	2	3	1	1	1	4	3	2	1	4	3	4	3	4	2	4	2	1	2	1	4	4	1	3	4	3	4	4	4	4	2	3	2	1	2	1	2	4	1	3	4	3	4	4	4	2	3	1	3	1	2	3	1	2	4	2	4	3	4	4	3	4	1	3	2	1	1	2	2	1	2	4	4	4	3	4	3	4	1	1	1	2	1	2	3	4	4	2	4	1	4	3	4	3	4	1	1	2	3	1	2	3	4	2	4	4	4	3	4	3	4	2	3	1	2	1	2	4	2	3	4	3	4	3	4	2	4	1	2	1	2	4	4	1	3	3	4	4	4	3	4	2	3	2	1	2	1	2	4	1	3	4	4	4	4	4	2	3	1	3	1	2	1	2	4	2	4	2	3	4	4	3	2	3	4	1	1	2	1	2	1	2	4	1	4	3	4	4	3	4	1	2	1	2	3	1	2	3	4	3	4	4	4	3	1	3	1	4	2	1	2	3	2	3	4	4	4	4	3	4	4	4	2	1	4	1	2	2	1	2	3	2	3	4	3	4	4	4	4	1	2	1	2	1	3	4	2	2	3	4	4	4	3	4	1	1	2	1	2	3	3	4	2	3	4	4	4	3	3	4	1	2	1	2	1	2	2	4	2	3	4	4	4	3	4	2	1	4	1	2	1	2	1	4	1	3	3	4	4	3	4	2	1	3	2	1	2	3	4	1	3	3	4	4	3	1	4	1	2	3	2	1	2	3	4	2	4	4	4	4	3	4	4	4	1	2	3	1	2	1	2	2	4	4	3	4	3	4	4	1	3	4	1	2	1	2	1	2	3	3	1	2	1	2	4	1	3	1	2	3	1	2	1	4	2	3	2	1	1	2	1	4	1	1	2	3	1	2	1	1	2	4	2	2	1	2	3	1	3	4	1	2	3	1	2	
TIME_ASKED
0	28800	28800	28800	28800	28800	28800	28800	28800	28800	28800	28800	28800	28800	28800	28800	28800	29545	29574	29603	29632	29661	29690	29742	29784	29826	29868	29910	29952	29994	30029	30058	30087	30116	30145	30174	30203	30232	30261	30290	30329	30358	30387	30416	30445	30474	30503	30532	30561	30590	30621	30642	30663	30684	30705	30726	30747	30768	30789	30810	30831	30852	30873	30894	30949	30998	31047	31096	31145	31194	31227	31254	31281	31308	31335	31362	31389	31416	31443	31470	31497	31524	31548	31572	31596	31620	31644	31668	31692	31716	31740	31764	31788	31837	31874	31911	31948	31985	32022	32059	32096	32159	32218	32277	32336	32395	32419	32438	32457	32476	32495	32514	32533	32552	32571	32590	32609	32628	32647	32666	32685	32759	32818	32877	32936	32995	33027	33054	33081	33108	33135	33162	33189	33216	33243	33270	33297	33333	33366	33399	33432	33465	33498	33531	33564	33597	33616	33632	33648	33664	33680	33696	33712	33728	33744	33760	33776	33792	33808	33824	33840	33856	33872	33888	33933	33966	33999	34032	34065	34098	34131	34164	34197	34242	34284	34326	34368	34410	34452	34494	34533	34566	34599	34632	34665	34698	34731	34764	34797	34827	34854	34881	34908	34935	34962	34989	35016	35043	35070	35097	35137	35174	35211	35248	35285	35322	35359	35396	35433	35466	35499	35532	35565	35598	35631	35664	35697	35723	35746	35769	35792	35815	35838	35861	35884	35907	35930	35953	35976	35999	36023	36046	36069	36092	36115	36138	36161	36184	36207	36230	36253	36276	36299	36327	36354	36381	36408	36435	36462	36489	36516	36543	36570	36597	36619	36638	36657	36676	36695	36714	36733	36752	36771	36790	36809	36828	36847	36866	36885	36949	36998	37047	37096	37145	37194	37259	37318	37377	37436	37495	37549	37598	37647	37696	37745	37794	37827	37854	37881	37908	37935	37962	37989	38016	38043	38070	38097	38123	38146	38169	38192	38215	38238	38261	38284	38307	38330	38353	38376	38399	38419	38438	38457	38476	38495	38514	38533	38552	38571	38590	38609	38628	38647	38666	38685	38742	38784	38826	38868	38910	38952	38994	39029	39058	39087	39116	39145	39174	39203	39232	39261	39290	39349	39398	39447	39496	39545	39594	39633	39666	39699	39732	39765	39798	39831	39864	39897	39937	39974	40011	40048	40085	40122	40159	40196	40242	40284	40326	40368	40410	40452	40494	40542	40584	40626	40668	40710	40752	40794	40849	40898	40947	40996	41045	41094	41133	41166	41199	41232	41265	41298	41331	41364	41397	41423	41446	41469	41492	41515	41538	41561	41584	41607	41630	41653	41676	41699	41749	41798	41847	41896	41945	41994	42099	42198	42297	42342	42384	42426	42468	42510	42552	42594	42699	42798	42897	42923	42946	42969	42992	43015	43038	43061	43084	43107	43130	43153	43176	43199	43237	43274	43311	43348	43385	43422	43459	43496	43549	43598	43647	43696	43745	43794	43899	43998	44097	44159	44218	44277	44336	44395	44459	44518	44577	44636	44695	44799	44898	44997	45033	45066	45099	45132	45165	45198	45231	45264	45297	45337	45374	45411	45448	45485	45522	45559	45596	45637	45674	45711	45748	45785	45822	45859	45896	45959	46018	46077	46136	46195	46249	46298	46347	46396	46445	46494	46537	46574	46611	46648	46685	46722	46759	46796	46821	46842	46863	46884	46905	46926	46947	46968	46989	47010	47031	47052	47073	47094	47199	47298	47397	47437	47474	47511	47548	47585	47622	47659	47696	47737	47774	47811	47848	47885	47922	47959	47996	48049	48098	48147	48196	48245	48294	48324	48348	48372	48396	48420	48444	48468	48492	48516	48540	48564	48588	48627	48654	48681	48708	48735	48762	48789	48816	48843	48870	48897	48937	48974	49011	49048	49085	49122	49159	49196	49233	49266	49299	49332	49365	49398	49431	49464	49497	49537	49574	49611	49648	49685	49722	49759	49796	49827	49854	49881	49908	49935	49962	49989	50016	50043	50070	50097	50149	50198	50247	50296	50345	50394	50424	50448	50472	50496	50520	50544	50568	50592	50616	50640	50664	50688	50737	50774	50811	50848	50885	50922	50959	50996	51027	51054	51081	51108	51135	51162	51189	51216	51243	51270	51297	51324	51348	51372	51396	51420	51444	51468	51492	51516	51540	51564	51588	51637	51674	51711	51748	51785	51822	51859	51896	51933	51966	51999	52032	52065	52098	52131	52164	52197	52259	52318	52377	52436	52495	52517	52534	52551	52568	52585	52602	52619	52636	52653	52670	52687	52704	52721	52738	52755	52772	52789	52859	52918	52977	53036	53095	53137	53174	53211	53248	53285	53322	53359	53396	53459	53518	53577	53636	53695	53733	53766	53799	53832	53865	53898	53931	53964	53997	54027	54054	54081	54108	54135	54162	54189	54216	54243	54270	54297	54374	54448	54522	54596	54627	54654	54681	54708	54735	54762	54789	54816	54843	54870	54897	55049	55198	55237	55274	55311	55348	55385	55422	55459	55496	55574	55648	55722	55796	55827	55854	55881	55908	55935	55962	55989	56016	56043	56070	56097	56399	56499	56598	56697	56733	56766	56799	56832	56865	56898	56931	56964	56997	57049	57098	57147	57196	57245	57294	57359	57418	57477	57536	57595	
ORIGIN
0	16	6	23	25	7	27	23	23	1	23	26	14	14	14	14	4	14	14	14	14	4	26	16	4	14	16	14	9	14	27	7	14	9	14	14	11	2	23	4	11	2	14	20	2	14	14	26	26	6	27	18	7	27	20	8	14	14	10	2	14	23	2	26	14	7	23	14	25	24	15	1	25	25	7	1	1	25	14	3	14	7	23	3	16	23	14	14	3	3	4	5	5	15	14	1	14	14	18	26	7	20	8	1	7	7	1	27	20	2	14	14	26	14	14	4	24	14	4	27	14	14	23	26	14	2	14	14	14	14	10	2	14	14	2	14	16	16	14	9	14	27	16	4	14	16	7	27	20	11	1	4	4	4	26	14	20	14	14	14	20	23	3	24	15	4	20	16	1	8	23	26	2	3	14	18	4	14	14	23	12	24	24	14	27	25	24	14	1	26	14	1	14	1	1	20	8	3	23	9	14	16	20	2	14	15	14	14	14	14	11	14	4	27	16	5	14	14	14	7	2	14	14	14	14	14	14	25	2	23	14	3	26	14	4	4	27	2	2	25	23	14	14	8	27	23	12	23	16	14	14	14	14	14	27	14	4	16	14	15	26	14	8	26	16	14	4	14	26	14	2	14	14	4	8	3	23	13	3	23	4	1	8	14	14	1	25	14	14	26	9	14	23	8	23	23	10	5	14	2	2	27	11	1	25	9	14	14	16	5	23	16	14	16	16	16	3	16	14	3	16	14	7	14	13	2	14	14	3	5	14	14	1	7	14	3	14	14	26	1	8	1	23	10	14	14	12	15	26	14	4	27	14	23	8	3	5	3	16	1	14	14	14	1	14	14	27	16	26	26	14	14	2	23	5	3	20	14	4	7	4	2	14	26	14	16	14	14	1	23	10	1	23	14	16	14	14	14	27	14	10	4	11	4	14	26	11	14	9	15	14	1	14	14	14	14	10	14	14	16	23	26	26	24	14	10	16	14	14	1	14	14	7	1	16	23	23	10	14	23	14	20	14	14	27	14	14	27	3	14	3	1	16	6	27	19	7	27	22	4	3	12	16	14	14	11	16	3	14	3	23	14	14	16	14	14	1	14	3	1	26	14	14	20	9	26	27	11	26	23	14	1	27	14	26	27	2	14	5	11	5	27	18	7	2	14	11	14	17	2	22	23	3	2	2	2	3	14	14	4	24	15	14	25	14	4	26	26	3	26	14	2	1	26	11	2	23	12	26	10	14	23	15	14	14	27	1	23	26	14	7	27	20	20	20	14	2	27	20	14	14	26	12	14	23	14	4	2	15	4	22	22	14	8	26	14	14	14	3	1	4	23	2	23	14	14	4	14	14	14	15	14	7	11	27	26	26	7	27	20	2	23	27	11	3	26	20	2	14	11	1	23	14	3	24	14	4	7	1	11	26	26	14	3	14	14	7	7	10	2	23	12	14	26	14	14	14	4	14	27	26	2	1	14	7	1	19	8	27	23	14	3	14	20	2	14	14	27	27	14	26	24	14	4	14	14	14	26	1	26	14	2	26	23	14	10	1	23	12	2	23	23	23	27	14	14	27	11	15	14	16	23	27	19	7	27	14	14	22	20	20	14	22	14	27	23	14	3	16	14	4	20	4	23	26	16	3	1	26	14	1	1	9	1	23	4	1	23	1	1	14	14	14	27	11	14	1	14	6	3	18	7	27	21	14	10	23	2	2	22	23	2	7	14	3	3	26	4	25	16	27	27	16	14	16	26	14	26	14	9	1	24	14	2	23	13	14	14	14	14	14	14	1	27	14	5	27	18	7	27	20	8	14	17	10	1	27	23	2	7	16	
DESTINATION
0	14	17	7	14	23	2	26	7	14	27	3	26	4	25	16	14	25	9	1	25	14	3	14	14	9	16	3	14	2	23	13	4	14	5	5	15	14	1	14	12	27	26	7	27	20	8	14	14	17	2	27	20	2	14	14	26	16	14	14	25	7	27	23	26	23	3	26	14	2	14	14	14	14	20	14	14	14	4	26	16	23	27	14	16	27	16	4	14	14	14	14	14	11	2	23	4	26	27	14	20	14	14	14	20	20	14	18	7	27	20	8	14	15	26	14	2	3	14	18	4	2	7	14	25	24	15	1	25	25	14	14	1	26	14	1	14	14	25	14	3	23	16	14	3	16	20	2	14	15	14	14	14	14	14	26	7	20	8	1	7	7	14	2	14	14	14	14	14	14	7	14	24	14	4	27	14	16	4	27	11	2	2	25	23	14	2	2	14	14	2	14	16	14	14	14	14	14	27	14	4	16	7	27	20	11	1	4	4	4	12	26	14	2	14	14	4	16	3	23	24	4	15	20	1	8	8	14	14	1	25	14	14	26	14	14	23	24	24	14	27	25	5	14	2	27	11	1	14	9	1	1	8	3	23	9	14	16	16	11	3	16	14	3	16	5	14	4	14	4	27	16	5	14	14	23	1	7	14	3	14	14	14	25	2	23	14	3	26	14	14	15	26	14	4	27	14	14	8	27	27	23	12	23	14	14	16	1	14	14	27	16	26	16	16	14	26	14	8	26	16	26	13	4	7	14	2	26	14	14	8	8	23	13	3	23	4	1	14	14	14	14	27	14	10	4	11	14	23	8	23	23	10	27	14	14	14	14	14	14	5	9	9	14	16	5	23	16	14	14	16	26	14	1	14	14	7	1	14	13	14	14	2	14	3	14	20	1	14	27	14	14	27	3	14	1	8	1	23	10	14	14	12	14	4	3	12	16	14	11	8	14	5	3	16	1	14	16	16	14	1	14	3	1	26	14	14	2	2	23	5	3	20	14	14	1	27	14	26	27	2	14	16	1	23	10	1	23	14	16	14	14	14	17	2	22	23	2	2	14	26	11	14	9	10	15	14	26	25	14	4	26	3	14	16	16	23	26	26	24	14	10	26	7	14	14	23	15	14	27	16	23	23	10	14	23	14	20	14	20	14	2	27	20	14	26	12	1	6	27	19	7	14	27	22	22	14	8	26	14	2	14	16	14	3	23	14	14	14	14	4	14	14	14	15	14	7	11	14	14	9	27	11	26	26	23	23	27	3	26	20	2	14	11	11	5	27	18	7	2	2	14	11	1	3	26	14	14	14	14	2	2	3	14	14	4	26	15	26	14	14	4	14	27	26	26	14	2	1	26	11	2	23	12	23	3	14	20	2	14	14	27	23	20	26	14	7	27	20	20	14	1	26	14	2	26	14	23	14	12	14	14	4	23	2	4	23	23	14	14	27	11	15	14	8	4	4	23	2	23	14	22	14	20	20	14	22	14	2	27	26	26	26	7	27	20	2	23	23	26	3	1	26	14	4	1	1	14	23	14	3	24	14	7	1	14	14	27	11	14	1	7	7	23	10	2	23	12	14	26	14	27	2	22	23	2	26	1	2	14	7	1	19	8	23	27	25	14	16	26	14	14	14	27	14	16	26	24	14	4	14	14	14	14	27	14	14	1	14	14	10	1	1	23	12	2	23	1	17	26	27	23	2	7	16	14	27	27	27	19	7	27	23	25	14	26	14	14	14	14	23	23	14	3	16	14	4	14	4	14	14	1	9	14	27	7	1	1	26	1	4	1	23	23	1	14	2	27	20	2	14	14	26	6	14	14	18	7	27	21	14	
DUE_DATE
0	30427	29456	31245	30094	29603	30192	29707	30296	29805	30874	30443	29952	29987	30016	30045	30614	30103	31872	30701	30190	30219	30788	30300	30882	30384	31446	31008	31050	30552	30587	31156	30645	32414	31723	30732	30761	31330	30819	31388	30887	31936	31485	30974	31003	31032	31061	31630	31119	31148	32199	31200	31221	31782	31263	31824	31305	33066	31887	31368	33129	33150	32451	32472	33247	32576	32145	31654	31703	31752	32325	31812	32379	33606	32433	31920	32967	33714	33021	33768	33075	32622	32106	32130	32154	32718	33222	32226	32250	34014	34038	33342	32886	34135	33452	33009	34246	32543	33600	33157	32654	32717	33316	32835	32894	34693	33997	32996	34035	34774	34073	34812	34111	33110	33129	34888	33707	33186	33745	33224	33243	35057	33376	34455	35234	34573	34125	35352	34659	34206	33693	35460	34287	33774	34341	33828	33855	35631	34464	33957	35730	35043	34596	35829	35142	35175	34714	34190	34746	34222	34238	34254	34810	36026	36042	35338	34334	36090	35386	34922	36138	35434	34970	34446	34491	34524	34557	34590	35163	34656	35709	34722	34755	36540	35862	36624	35946	36708	36750	35592	36111	35124	35697	35190	35223	35796	35289	37062	36375	37125	36432	35979	36006	36033	35520	36567	35574	36141	35628	35655	35695	36272	35769	37546	37583	36900	37657	36974	36531	37044	36057	36090	37143	36696	36189	36222	36255	38021	36844	38067	36350	37393	36936	38159	38182	37485	37508	36511	38274	36557	37121	36604	36627	37190	37213	36696	38459	38482	37785	38528	37831	36834	37877	37425	36912	36939	37506	36993	38760	38787	37614	38841	38148	38895	38197	37736	38955	37234	38273	37812	37831	37310	37329	37348	37907	37386	37405	39164	39183	38527	38576	39345	38674	38243	37752	38837	38416	37935	37994	38053	38647	38156	38205	39274	38303	40092	40125	39432	40179	39486	38493	40260	39087	38574	39141	38628	38655	39221	38704	39747	39290	40513	39816	40559	39862	40605	39428	38911	38934	39497	38977	38996	39015	40054	39593	39072	39631	40850	40149	40888	40187	40926	40225	39224	40263	39840	39342	39384	39426	40008	40050	39552	41327	41356	40665	41414	41443	40752	39761	40810	39819	39848	40447	39956	40005	40594	41843	40692	41931	41964	41277	42030	41343	40356	41409	40422	40455	40495	41072	40569	41146	40643	42420	42457	42494	41820	42582	41904	42666	41508	41010	42072	41640	41142	41184	41226	41808	41850	41352	43147	43196	42525	42094	43343	42672	41691	42744	41757	42810	41823	41856	41889	42462	41955	42521	42004	43047	42590	43813	43836	43859	42142	42705	43208	43951	42234	42797	42307	42896	42405	43474	42503	43572	44397	43776	44595	42900	42942	44724	43566	43068	43650	43152	43257	43356	43455	44501	44044	44547	45290	44593	45336	44639	43642	45405	44228	43711	44274	43757	43795	43832	44889	44446	45683	44520	45757	45074	44647	45896	45225	44254	45323	44352	44997	44556	44655	45257	44776	46575	45434	45973	46757	46816	46155	46214	46993	46377	45456	45555	45591	46164	45657	46230	45723	47496	47529	47562	46875	47635	46952	46509	46006	46043	47100	46117	47894	46195	46772	46269	46846	46343	48120	48157	47474	47057	48316	47655	47234	46753	47827	46856	46905	46954	47543	47052	47635	47132	48189	47746	48983	48300	49057	48374	47379	48420	47961	47442	48003	47484	48045	47526	48567	47568	49329	48630	49371	48672	47757	47856	49695	48535	48572	48069	48106	48143	48720	48217	49274	48835	49352	50109	49426	50183	49500	48517	50294	49147	48656	48705	48754	48803	48852	49902	49446	50670	49494	50718	50022	50766	50070	49074	50118	49122	50166	49725	49212	49239	49806	50313	49860	49347	51114	51141	50448	51195	50515	51272	50589	49606	51383	49680	50257	49754	49791	50364	49857	51630	50943	51696	51009	50562	51795	51115	50672	50169	50746	50243	50280	50317	50894	52125	50952	52179	50466	51513	52260	51567	51114	51621	51168	50655	50707	50756	50805	51394	50903	50952	50982	52026	52770	51054	52818	52122	52146	52890	52194	51738	52242	51786	51295	51872	51369	51406	51443	51480	53257	52574	53325	52632	53379	52206	51693	52740	52767	52314	51801	51828	51855	52422	51906	53670	53694	52998	53742	53046	52590	52614	52098	53142	52686	52195	52232	52269	52846	52883	52380	54157	53474	54231	53544	54297	53610	53643	52656	53709	53262	52755	52817	52876	53475	52994	54073	54815	53092	54849	54146	54883	54180	54917	53194	54951	53768	53785	53262	53279	53836	53313	54350	55087	53957	54496	55275	54614	54193	53695	55472	54309	54346	53843	53880	54457	55694	54017	55816	55155	54734	55273	56031	55344	54897	54390	55443	54456	54489	54522	54555	55125	54612	54639	54666	56433	55740	55287	56514	55821	56568	55875	55952	55006	55080	55694	55185	55752	55239	55266	57033	55860	55347	57114	56421	57168	56475	57347	56776	56335	56372	57609	56926	57683	57000	56017	57794	56672	57946	57300	56894	58125	57432	58179	56466	57513	57060	57567	58314	58341	57648	58395	56957	58797	58896	58275	57831	59064	58377	59130	59163	58476	57489	58542	58575	59347	58676	58245	59494	58343	57852	59657	58996	58575	59834	59173	
TRANSPORT_MODE
0	4	4	2	0	0	0	0	4	4	4	0	0	0	0	0	4	4	4	0	0	0	0	0	2	4	4	2	0	0	0	0	4	1	2	0	0	0	0	0	1	4	4	2	0	0	0	0	0	4	4	1	0	0	0	0	0	4	4	2	0	0	0	0	0	4	4	4	0	0	0	0	0	4	4	4	0	0	0	0	2	4	4	0	0	0	0	0	0	3	4	4	0	0	0	0	0	2	4	4	4	0	0	0	0	3	4	4	0	0	0	0	0	0	4	4	4	0	0	0	0	3	4	4	0	0	0	0	0	4	4	4	0	0	0	0	0	3	4	4	0	0	0	0	0	4	4	1	0	0	0	0	0	4	3	1	4	0	0	0	0	2	4	1	0	0	0	0	0	0	4	4	4	0	0	0	0	0	1	2	1	0	0	0	0	4	4	4	0	0	0	0	0	4	2	1	0	0	0	0	0	4	4	1	0	0	0	0	0	4	1	2	4	0	0	0	0	0	4	3	1	0	0	0	0	0	4	4	4	0	0	0	0	0	4	1	3	0	0	0	0	0	4	4	1	0	0	0	0	4	4	3	0	0	0	0	0	1	4	4	0	0	0	0	0	0	4	4	3	4	0	0	0	0	4	1	2	0	0	0	0	0	4	4	1	0	0	0	0	0	1	4	2	0	0	0	0	0	4	4	1	0	0	0	0	4	4	2	0	0	0	0	0	1	4	1	0	0	0	0	0	4	1	2	4	0	0	0	0	0	1	4	3	0	0	0	0	0	1	4	4	0	0	0	0	0	1	4	3	0	0	0	0	4	1	1	0	0	0	0	0	4	4	3	0	0	0	0	0	1	4	1	0	0	0	0	0	1	4	4	3	0	0	0	0	0	4	4	2	0	0	0	0	0	4	4	1	0	0	0	0	1	1	0	1	0	0	0	0	2	1	4	0	0	0	0	0	4	1	2	0	0	0	0	0	4	1	1	0	0	0	0	0	4	4	1	2	0	0	0	0	4	1	3	0	0	0	0	0	0	4	1	4	0	0	0	0	1	1	1	0	0	0	0	0	3	1	4	0	0	0	0	0	4	4	3	0	0	0	0	1	0	4	4	0	0	0	0	0	1	4	1	3	0	0	0	0	1	1	2	0	0	0	0	0	1	1	4	0	0	0	0	0	1	4	2	0	0	0	0	1	1	4	0	0	0	0	0	4	4	2	0	0	0	0	0	1	1	1	0	0	0	0	0	1	1	4	2	0	0	0	0	1	1	3	0	0	0	0	0	1	1	2	1	0	0	0	0	0	4	1	3	0	0	0	0	0	4	4	1	0	0	0	0	1	1	3	0	0	0	0	0	4	1	1	0	0	0	0	0	1	1	3	1	0	0	0	0	4	1	2	0	0	0	0	0	0	1	1	3	4	0	0	0	0	1	4	2	0	0	0	0	0	1	1	1	0	0	0	0	1	2	1	0	0	0	0	0	1	1	4	0	0	0	0	0	1	1	2	1	0	0	0	0	0	1	3	4	0	0	0	0	0	1	1	2	4	0	0	0	0	1	3	1	0	0	0	0	0	1	1	1	0	0	0	0	0	1	3	1	0	0	0	0	1	1	1	0	0	0	0	0	1	3	1	1	0	0	0	0	1	2	1	0	0	0	0	0	0	4	3	1	1	0	0	0	0	1	2	1	0	0	0	0	0	1	1	1	0	0	0	0	3	1	1	0	0	0	0	0	1	1	1	0	0	0	0	0	3	1	1	1	0	0	0	0	3	1	1	0	0	0	0	0	0	3	1	1	1	0	0	0	0	3	1	1	0	0	0	0	0	
DISTANCE_MATRIX
60	360	318	300	288	276	264	264	150	150	150	60	90	90	162	168	204	228	234	312	360	408	348	318	168	192	168	318	
360	60	264	318	324	342	342	342	348	348	354	360	372	378	378	420	420	480	462	498	462	462	384	420	372	420	378	378	
318	264	60	270	276	288	288	288	294	294	294	318	318	324	324	414	414	468	462	486	462	462	330	366	366	408	372	324	
300	318	270	60	276	288	288	288	288	288	288	300	300	312	318	408	408	468	462	486	438	438	318	360	360	402	360	312	
288	324	276	276	60	276	276	276	276	276	276	288	288	300	300	402	396	462	456	480	432	432	300	360	360	402	348	300	
276	342	288	288	276	60	180	180	252	258	264	264	264	288	288	390	390	456	450	480	432	432	288	348	348	348	288	288	
264	342	288	288	276	180	60	180	246	258	264	264	264	288	288	390	390	456	450	480	432	432	288	348	348	348	288	288	
264	342	288	288	276	180	180	60	240	258	264	264	264	288	288	390	390	456	450	480	432	432	288	348	348	348	288	288	
150	348	294	288	276	252	246	240	60	120	120	150	126	270	270	378	384	420	438	480	420	408	276	300	300	300	276	270	
150	348	294	288	276	258	258	258	120	60	120	150	150	270	270	378	384	420	438	480	420	408	276	300	300	300	276	270	
150	354	294	288	276	264	264	264	120	120	60	150	150	270	270	378	384	420	438	480	420	408	276	300	300	300	276	270	
60	360	318	300	288	264	264	264	150	150	150	60	90	162	168	228	234	312	360	408	348	318	168	192	192	198	168	162	
90	372	318	300	288	264	264	264	150	150	150	90	60	162	168	228	234	312	360	408	348	318	168	192	192	198	168	162	
90	378	324	312	300	288	288	288	270	270	270	162	162	60	120	180	180	306	210	360	300	300	120	180	120	180	120	234	
162	378	324	318	300	288	288	288	270	270	270	168	168	120	60	180	180	306	210	360	300	300	120	180	120	180	120	120	
168	420	414	408	402	348	348	348	300	300	300	228	228	180	180	60	132	204	132	348	258	258	186	60	180	132	222	180	
204	420	414	408	396	390	390	390	384	384	384	234	234	180	180	132	60	204	132	348	258	258	186	60	180	132	222	180	
228	480	468	468	462	456	456	456	420	420	420	312	312	306	306	204	204	60	198	120	240	240	306	204	306	138	306	306	
234	462	462	462	456	450	450	450	438	438	438	360	360	210	210	132	132	198	60	138	132	132	210	132	210	132	210	210	
312	498	486	486	480	480	480	480	480	480	480	408	408	360	360	348	348	120	138	60	348	348	360	348	360	348	360	360	
360	462	462	438	432	432	432	432	420	420	420	348	348	300	300	258	258	240	132	348	60	60	300	258	300	258	300	300	
408	462	462	438	432	432	432	432	408	408	408	318	318	300	300	258	258	240	132	348	60	60	300	258	300	258	300	300	
348	384	330	318	300	288	288	288	276	276	276	168	168	120	120	186	186	306	210	360	300	300	60	186	120	186	120	120	
318	420	366	360	360	348	348	348	300	300	300	192	192	180	180	60	60	204	132	348	258	258	186	60	180	60	180	180	
168	372	300	306	300	288	288	288	270	270	270	168	168	120	120	180	180	306	210	360	300	300	120	180	60	180	120	120	
192	420	408	402	402	348	348	348	300	300	300	198	198	180	180	132	132	138	132	348	258	258	186	60	180	60	180	180	
168	378	372	360	348	288	288	288	276	276	276	168	168	120	120	222	222	306	210	360	300	300	120	180	120	180	60	120	
318	378	324	312	300	288	288	288	270	270	270	162	162	234	120	180	180	306	210	360	300	300	120	180	120	180	120	60	
DEPOT_DISTANCE_MATRIX
60	360	318	300	288	276	264	264	150	150	150	60	90	90	162	168	204	228	234	312	360	408	348	318	168	192	168	318	
162	378	324	318	300	288	288	288	270	270	270	168	168	120	60	180	180	306	210	360	300	300	120	180	120	180	120	120	
318	420	366	360	360	348	348	348	300	300	300	192	192	180	180	60	60	204	132	348	258	258	186	60	180	60	180	180	
PATIENT_WEIGHT
140	56	86	31	35	103	41	110	43	87	64	47	62	125	53	53	56	101	126	63	88	138	73	122	55	51	148	147	48	142	35	134	69	118	129	101	117	36	45	74	79	50	128	77	46	114	126	65	30	115	70	133	86	69	105	52	38	97	51	48	63	146	102	125	75	72	100	131	111	113	81	40	102	44	38	127	124	49	36	69	89	131	82	55	124	143	81	34	116	122	144	49	136	125	94	148	95	60	95	89	38	45	51	116	61	127	61	43	129	75	84	97	68	104	48	93	134	41	116	65	53	126	83	81	69	33	79	101	129	63	53	87	102	45	149	105	38	128	77	101	103	85	48	50	39	87	110	143	75	44	143	99	114	131	72	54	136	53	124	52	138	67	111	115	115	51	118	43	31	60	38	148	93	117	43	147	99	149	96	138	143	140	149	69	71	136	147	140	59	56	110	132	37	103	91	44	143	51	139	120	122	39	119	139	57	114	132	148	70	133	146	137	40	97	52	43	62	134	88	143	56	34	33	61	114	37	38	70	134	127	38	41	129	78	78	115	121	84	50	81	63	124	111	91	104	139	84	36	124	133	93	122	146	56	150	39	46	80	50	58	128	87	124	51	55	146	81	92	73	44	59	90	150	85	97	112	72	77	110	139	30	105	80	105	103	113	140	120	60	45	143	80	39	114	126	118	44	141	73	144	64	124	55	37	72	125	147	105	49	101	111	54	146	49	95	82	46	84	114	91	130	128	94	122	148	87	68	104	64	108	50	69	73	144	145	84	135	138	102	118	109	66	76	134	111	64	149	81	86	124	87	74	50	65	41	81	141	99	88	118	111	72	78	57	103	132	122	122	131	111	120	120	47	36	112	61	147	48	104	133	112	30	47	116	101	140	105	74	63	104	52	34	34	49	137	145	147	96	67	148	148	138	128	51	52	69	79	136	87	67	81	30	61	107	94	48	100	143	33	114	92	125	134	99	88	55	106	111	33	52	96	38	37	56	41	111	92	99	109	68	93	120	39	128	76	142	62	83	59	44	38	137	41	49	67	88	126	101	122	72	76	62	32	81	127	140	44	34	144	52	34	78	126	91	127	94	79	78	142	53	131	62	39	143	73	119	81	129	126	71	138	139	140	46	98	138	79	148	108	128	77	61	118	46	133	35	57	114	119	128	48	70	34	57	75	109	30	113	101	91	66	106	104	49	130	75	91	142	86	150	48	119	84	50	59	41	61	70	97	72	95	72	64	31	97	58	140	38	145	139	145	123	39	143	54	100	93	144	119	84	33	133	140	46	78	119	63	64	139	85	149	79	137	105	32	122	38	140	142	83	108	87	116	51	126	75	43	35	79	68	38	141	61	100	136	116	137	41	132	64	79	108	125	88	56	65	146	57	100	108	59	39	150	61	44	37	58	78	116	63	147	44	80	55	140	55	89	112	46	61	64	70	97	83	124	74	102	80	107	75	144	134	89	140	70	62	127	101	127	90	87	32	131	84	123	69	62	90	56	38	37	53	61	75	145	32	68	117	70	149	39	129	138	51	137	110	35	76	71	79	80	131	57	91	134	115	145	39	74	58	139	93	121	102	76	146	61	143	49	32	140	131	126	36	148	46	120	83	75	33	126	78	47	127	33	58	49	143	123	63	51	111	50	67	130	147	45	100	139	72	120	120	110	32	79	119	81	108	70	53	76	87	106	146	59	70	58	108	79	77	90	141	89	70	127	36	59	145	46	43	37	148	103	111	68	104	51	86	75	101	36	73	73	120	54	97	75	123	70	47	148	89	33	94	62	48	48	97	136	139	76	116	62	68	110	52	85	94	68	38	133	
LOCATION_TURN_MATRIX
100	130	122	113	112	199	136	122	129	152	173	146	151	136	158	140	176	113	122	167	194	134	110	172	114	184	100	147	
170	100	154	188	164	169	136	136	152	170	104	183	155	115	101	104	155	187	174	115	149	134	178	168	114	135	168	102	
178	146	100	161	178	114	104	165	117	139	126	169	192	109	120	179	160	152	154	134	113	140	154	179	196	196	192	181	
187	112	139	100	158	114	195	181	104	132	195	106	183	169	132	170	140	136	172	148	116	110	123	136	151	120	176	169	
188	136	122	142	100	175	164	159	112	100	167	164	135	191	132	181	104	123	142	156	108	117	193	182	116	147	156	185	
101	131	186	186	125	100	190	147	164	150	137	102	145	176	185	131	113	108	117	186	118	151	140	178	154	189	172	110	
164	164	196	105	136	110	100	186	153	151	183	193	111	157	144	123	188	142	110	163	105	190	166	187	170	171	186	126	
178	164	135	119	141	153	114	100	106	130	108	103	151	178	122	151	130	133	184	177	110	141	166	110	122	174	191	197	
171	148	183	196	188	136	147	194	100	167	100	146	168	129	128	142	172	118	174	147	105	158	156	160	120	106	119	136	
148	130	161	168	200	150	149	170	133	100	177	106	175	116	188	180	176	194	108	146	130	187	183	173	128	141	169	176	
127	196	174	105	133	163	117	192	200	123	100	171	175	140	183	115	104	186	128	153	151	175	100	146	191	117	132	197	
154	117	131	194	136	198	107	197	154	194	129	100	136	184	140	147	172	184	148	131	103	156	185	200	152	158	154	143	
149	145	108	117	165	155	189	149	132	125	125	164	100	140	199	142	101	144	163	185	117	191	200	143	113	165	102	154	
164	185	191	131	109	124	143	122	171	184	160	116	160	100	109	116	196	113	131	186	166	139	183	175	144	161	105	170	
142	199	180	168	168	115	156	178	172	112	117	160	101	191	100	147	177	177	199	158	172	188	164	175	180	168	154	195	
160	196	121	130	119	169	177	149	158	120	185	153	158	184	153	100	152	159	197	157	181	159	102	123	168	200	124	186	
124	145	140	160	196	187	112	170	128	124	196	128	199	104	123	148	100	149	114	112	117	135	105	132	138	180	198	156	
187	113	148	164	177	192	158	167	182	106	114	116	156	187	123	141	151	100	166	132	168	163	159	123	129	173	161	116	
178	126	146	128	158	183	190	116	126	192	172	152	137	169	101	103	186	134	100	184	199	137	130	160	148	113	140	150	
133	185	166	152	144	114	137	123	153	154	147	169	115	114	142	143	188	168	116	100	111	195	128	157	191	164	141	171	
106	151	187	184	192	182	195	190	195	170	149	197	183	134	128	119	183	132	101	189	100	129	151	163	147	166	104	177	
166	166	160	190	183	149	110	159	142	113	125	144	109	161	112	141	165	137	163	105	171	100	101	185	169	129	103	197	
190	122	146	177	107	160	134	134	144	117	200	115	100	117	136	198	195	141	170	172	149	199	100	106	150	116	118	145	
128	132	121	164	118	122	113	190	140	127	154	100	157	125	125	177	168	177	140	143	137	115	194	100	128	167	115	155	
186	186	104	149	184	146	130	178	180	172	109	148	187	156	120	132	162	171	152	109	153	131	150	172	100	155	124	184	
116	165	104	180	153	111	129	126	194	159	183	142	135	139	132	100	120	127	187	136	134	171	184	133	145	100	129	192	
200	132	108	124	144	128	114	109	181	131	168	146	198	195	146	176	102	139	160	159	196	197	182	185	176	171	100	146	
153	198	119	131	115	190	174	103	164	124	103	157	146	130	105	114	144	184	150	129	123	103	155	145	116	108	154	100	

