INDEX_PROBLEM
1
PATIENTS
800
STRETCHERS
16
NUM_ROOM
28
NUM_DEPOTS
3
NUM_PRIORITY
4
PRIORITY_LIST
0	1	2	3	4	
PRIORITY_WEIGHT
0	1	10	18	30	
PRIORITY_JOB
0	1	2	3	1	3	3	2	3	2	3	2	3	3	4	2	3	3	1	2	2	3	4	3	3	2	3	3	2	3	4	3	4	1	2	3	2	3	4	3	3	1	3	3	2	3	4	2	3	4	1	2	3	3	2	3	4	1	3	4	1	1	1	1	2	2	2	3	3	3	4	1	2	3	1	2	1	2	1	1	3	3	2	3	3	3	2	3	4	4	1	2	2	1	2	1	1	3	1	3	3	3	4	3	3	4	1	2	2	1	2	1	1	3	4	1	2	2	3	4	3	3	2	1	3	2	1	2	1	3	1	2	2	3	3	3	1	3	1	2	2	1	2	1	2	3	4	1	4	2	3	3	3	2	1	3	2	1	1	1	2	1	3	4	4	3	4	2	3	4	1	2	1	3	2	1	1	2	1	2	3	3	3	2	3	3	2	3	1	1	2	1	1	2	3	2	3	4	2	3	3	3	4	1	2	1	2	1	2	2	3	1	3	4	3	4	2	3	4	1	1	1	2	1	2	1	2	3	4	1	3	4	3	3	2	2	1	1	2	1	2	1	3	3	1	2	3	3	3	2	3	1	1	2	1	2	1	2	3	4	4	2	3	3	3	1	2	1	2	2	1	1	1	3	2	3	4	3	4	2	3	4	4	1	2	1	2	2	1	1	3	1	2	3	3	2	3	3	3	2	3	1	2	1	1	1	2	3	3	2	3	4	3	2	3	4	2	1	2	2	1	1	2	3	3	4	3	2	3	2	3	4	2	1	1	1	2	1	2	3	1	4	3	3	2	2	2	3	1	1	1	2	1	2	3	1	3	4	3	3	1	2	3	1	1	2	1	2	2	2	3	4	2	3	4	3	3	1	2	1	1	2	1	1	1	3	2	3	3	4	2	3	4	4	1	2	1	2	2	1	1	3	3	3	1	3	2	2	3	2	2	3	1	1	1	2	3	1	3	2	3	4	2	3	2	3	4	1	2	2	1	3	1	2	3	3	4	3	2	3	2	3	4	2	1	1	1	2	2	1	2	3	1	4	3	3	2	2	3	1	1	1	2	1	2	3	1	2	3	4	3	3	1	3	2	1	1	2	1	2	1	3	4	1	2	3	3	3	4	2	3	1	2	2	1	1	1	2	3	4	3	4	2	3	4	1	2	3	1	2	2	1	1	1	2	3	3	3	2	3	3	2	3	1	1	1	2	1	1	2	3	2	3	2	3	4	3	3	4	1	2	1	2	1	2	2	3	2	3	3	4	2	3	3	4	1	1	1	2	1	2	2	3	1	2	4	3	3	2	3	2	3	1	1	1	2	1	3	1	2	2	3	3	2	3	2	3	1	3	1	1	2	1	1	2	3	4	3	3	2	2	2	1	3	1	2	1	1	1	4	1	2	3	4	2	3	4	3	1	1	2	2	2	1	1	1	4	2	3	3	3	2	3	1	1	2	3	2	1	1	2	3	2	3	4	3	2	3	4	1	2	3	1	2	1	2	3	2	3	4	3	2	3	4	2	1	2	3	1	1	2	1	2	1	2	1	2	3	4	3	3	2	3	1	4	1	1	2	1	1	2	2	3	3	3	3	2	1	1	3	1	1	2	1	2	2	3	2	3	3	3	4	1	1	3	4	2	1	1	2	1	1	2	3	2	3	4	2	3	1	1	2	1	2	1	1	2	2	3	1	3	3	2	3	4	4	1	2	1	1	2	1	1	2	3	3	1	2	1	2	2	1	2	1	1	1	1	2	1	3	2	3	1	2	1	2	1	4	1	2	1	1	2	1	2	1	3	1	2	1	1	1	2	1	2	4	1	1	2	1	2	
TIME_ASKED
0	28800	28800	28800	28800	28800	28800	28800	28800	28800	28800	28800	28800	28800	28800	28800	28800	29545	29574	29603	29632	29661	29690	29742	29784	29826	29868	29910	29952	29994	30029	30058	30087	30116	30145	30174	30203	30232	30261	30290	30329	30358	30387	30416	30445	30474	30503	30532	30561	30590	30621	30642	30663	30684	30705	30726	30747	30768	30789	30810	30831	30852	30873	30894	30949	30998	31047	31096	31145	31194	31227	31254	31281	31308	31335	31362	31389	31416	31443	31470	31497	31524	31548	31572	31596	31620	31644	31668	31692	31716	31740	31764	31788	31837	31874	31911	31948	31985	32022	32059	32096	32159	32218	32277	32336	32395	32419	32438	32457	32476	32495	32514	32533	32552	32571	32590	32609	32628	32647	32666	32685	32759	32818	32877	32936	32995	33027	33054	33081	33108	33135	33162	33189	33216	33243	33270	33297	33333	33366	33399	33432	33465	33498	33531	33564	33597	33616	33632	33648	33664	33680	33696	33712	33728	33744	33760	33776	33792	33808	33824	33840	33856	33872	33888	33933	33966	33999	34032	34065	34098	34131	34164	34197	34242	34284	34326	34368	34410	34452	34494	34533	34566	34599	34632	34665	34698	34731	34764	34797	34827	34854	34881	34908	34935	34962	34989	35016	35043	35070	35097	35137	35174	35211	35248	35285	35322	35359	35396	35433	35466	35499	35532	35565	35598	35631	35664	35697	35723	35746	35769	35792	35815	35838	35861	35884	35907	35930	35953	35976	35999	36023	36046	36069	36092	36115	36138	36161	36184	36207	36230	36253	36276	36299	36327	36354	36381	36408	36435	36462	36489	36516	36543	36570	36597	36619	36638	36657	36676	36695	36714	36733	36752	36771	36790	36809	36828	36847	36866	36885	36949	36998	37047	37096	37145	37194	37259	37318	37377	37436	37495	37549	37598	37647	37696	37745	37794	37827	37854	37881	37908	37935	37962	37989	38016	38043	38070	38097	38123	38146	38169	38192	38215	38238	38261	38284	38307	38330	38353	38376	38399	38419	38438	38457	38476	38495	38514	38533	38552	38571	38590	38609	38628	38647	38666	38685	38742	38784	38826	38868	38910	38952	38994	39029	39058	39087	39116	39145	39174	39203	39232	39261	39290	39349	39398	39447	39496	39545	39594	39633	39666	39699	39732	39765	39798	39831	39864	39897	39937	39974	40011	40048	40085	40122	40159	40196	40242	40284	40326	40368	40410	40452	40494	40542	40584	40626	40668	40710	40752	40794	40849	40898	40947	40996	41045	41094	41133	41166	41199	41232	41265	41298	41331	41364	41397	41423	41446	41469	41492	41515	41538	41561	41584	41607	41630	41653	41676	41699	41749	41798	41847	41896	41945	41994	42099	42198	42297	42342	42384	42426	42468	42510	42552	42594	42699	42798	42897	42923	42946	42969	42992	43015	43038	43061	43084	43107	43130	43153	43176	43199	43237	43274	43311	43348	43385	43422	43459	43496	43549	43598	43647	43696	43745	43794	43899	43998	44097	44159	44218	44277	44336	44395	44459	44518	44577	44636	44695	44799	44898	44997	45033	45066	45099	45132	45165	45198	45231	45264	45297	45337	45374	45411	45448	45485	45522	45559	45596	45637	45674	45711	45748	45785	45822	45859	45896	45959	46018	46077	46136	46195	46249	46298	46347	46396	46445	46494	46537	46574	46611	46648	46685	46722	46759	46796	46821	46842	46863	46884	46905	46926	46947	46968	46989	47010	47031	47052	47073	47094	47199	47298	47397	47437	47474	47511	47548	47585	47622	47659	47696	47737	47774	47811	47848	47885	47922	47959	47996	48049	48098	48147	48196	48245	48294	48324	48348	48372	48396	48420	48444	48468	48492	48516	48540	48564	48588	48627	48654	48681	48708	48735	48762	48789	48816	48843	48870	48897	48937	48974	49011	49048	49085	49122	49159	49196	49233	49266	49299	49332	49365	49398	49431	49464	49497	49537	49574	49611	49648	49685	49722	49759	49796	49827	49854	49881	49908	49935	49962	49989	50016	50043	50070	50097	50149	50198	50247	50296	50345	50394	50424	50448	50472	50496	50520	50544	50568	50592	50616	50640	50664	50688	50737	50774	50811	50848	50885	50922	50959	50996	51027	51054	51081	51108	51135	51162	51189	51216	51243	51270	51297	51324	51348	51372	51396	51420	51444	51468	51492	51516	51540	51564	51588	51637	51674	51711	51748	51785	51822	51859	51896	51933	51966	51999	52032	52065	52098	52131	52164	52197	52259	52318	52377	52436	52495	52517	52534	52551	52568	52585	52602	52619	52636	52653	52670	52687	52704	52721	52738	52755	52772	52789	52859	52918	52977	53036	53095	53137	53174	53211	53248	53285	53322	53359	53396	53459	53518	53577	53636	53695	53733	53766	53799	53832	53865	53898	53931	53964	53997	54027	54054	54081	54108	54135	54162	54189	54216	54243	54270	54297	54374	54448	54522	54596	54627	54654	54681	54708	54735	54762	54789	54816	54843	54870	54897	55049	55198	55237	55274	55311	55348	55385	55422	55459	55496	55574	55648	55722	55796	55827	55854	55881	55908	55935	55962	55989	56016	56043	56070	56097	56399	56499	56598	56697	56733	56766	56799	56832	56865	56898	56931	56964	56997	57049	57098	57147	57196	57245	57294	57359	57418	57477	57536	57595	
ORIGIN
0	16	6	25	19	7	27	23	1	1	23	26	26	14	14	14	14	14	14	3	14	4	26	16	16	26	16	9	14	27	7	23	23	9	14	23	11	2	23	13	14	23	14	20	2	14	14	14	14	6	27	18	7	27	20	8	18	14	10	2	22	23	2	26	23	3	23	14	14	24	15	1	26	16	7	4	26	14	3	14	14	1	23	11	16	23	14	2	20	20	3	27	27	15	14	1	7	1	18	7	14	20	8	1	14	14	1	27	20	2	14	14	27	14	14	4	24	15	4	27	23	14	14	14	26	2	26	14	3	3	10	2	2	12	2	23	16	16	14	14	16	27	16	14	7	1	7	27	20	8	1	23	10	13	23	11	3	14	14	14	3	3	4	24	15	4	26	16	1	18	19	7	26	2	14	14	18	27	2	23	12	2	23	14	3	23	2	14	27	27	11	14	1	14	27	20	8	14	23	9	2	23	11	2	14	14	14	27	14	14	14	14	4	14	16	5	14	23	23	23	14	14	3	14	14	1	23	12	2	23	14	3	23	14	14	24	27	14	1	25	14	4	19	8	27	23	9	1	14	11	3	2	14	4	27	14	14	14	14	4	26	16	5	26	17	7	4	4	14	2	14	14	10	10	11	2	23	13	3	23	14	4	11	15	4	14	25	14	3	26	14	27	23	8	1	23	10	2	23	12	2	27	14	14	25	25	4	26	16	5	26	16	7	23	9	26	3	14	14	3	9	20	2	23	13	2	23	14	3	20	20	20	1	7	14	3	26	14	15	20	8	1	23	10	2	14	12	2	26	14	14	27	14	14	27	15	5	26	16	7	14	26	8	3	14	14	3	16	20	20	27	13	2	23	14	3	24	14	1	1	7	14	1	26	14	14	7	8	1	23	10	1	23	12	2	14	14	14	27	14	14	27	11	27	26	16	6	1	14	7	14	23	14	3	14	20	2	14	12	2	23	14	3	24	14	4	27	14	1	26	14	14	1	26	23	1	23	10	1	23	11	2	27	14	27	14	14	27	27	11	27	26	16	6	27	19	7	27	22	23	14	23	17	26	2	23	26	23	14	3	23	14	14	27	11	14	1	25	14	1	3	14	23	23	9	26	23	11	2	23	23	1	14	27	14	14	27	14	2	16	5	27	18	7	27	20	8	1	14	17	2	22	23	2	2	14	3	23	14	4	24	15	5	14	14	14	25	4	26	23	26	9	1	23	11	2	23	12	14	4	14	14	27	15	14	27	27	5	26	1	7	27	20	8	14	14	14	2	27	20	2	14	14	3	23	14	4	24	15	4	26	25	25	14	3	26	14	14	14	1	23	10	2	23	12	2	14	14	14	14	27	15	14	16	5	26	16	7	27	20	27	27	14	9	3	14	20	2	14	16	2	23	14	3	24	14	4	26	16	14	3	26	14	2	14	14	3	23	10	2	23	12	2	23	5	27	27	14	14	27	11	3	26	14	7	27	19	8	27	14	9	3	16	20	2	14	14	3	23	14	3	24	14	4	14	14	14	27	26	14	2	26	14	3	14	10	1	23	12	2	23	14	14	27	14	14	27	11	14	26	16	6	27	19	7	27	23	26	20	23	20	2	22	14	2	23	14	3	23	14	4	20	8	1	26	16	14	1	26	14	4	23	9	1	23	11	2	23	13	16	14	14	14	27	11	14	1	27	6	3	18	7	27	21	8	1	23	10	22	22	23	2	27	14	3	14	14	4	25	16	5	26	16	14	5	26	14	14	25	9	1	23	14	2	23	13	27	23	14	14	27	20	14	1	7	5	27	18	7	27	20	8	1	23	10	1	27	23	2	7	14	
DESTINATION
0	14	17	14	22	23	2	26	23	14	27	14	14	4	25	16	5	25	9	14	26	14	3	14	14	3	16	14	2	23	13	27	27	14	5	27	15	14	1	7	5	1	26	7	27	20	8	1	1	17	2	27	20	2	14	14	27	16	14	14	19	7	27	23	1	14	3	26	10	2	14	14	3	14	20	23	14	4	26	16	16	14	27	15	16	27	16	14	7	7	14	23	23	11	2	23	13	23	27	20	3	14	14	14	3	3	14	18	7	27	20	8	18	15	26	14	2	14	14	18	27	1	3	3	14	24	14	15	26	26	14	14	27	11	14	1	14	14	1	26	16	23	14	2	20	23	20	2	14	14	14	27	14	7	1	20	14	20	8	1	14	23	14	2	14	14	3	14	14	27	22	23	14	24	15	4	27	23	14	27	11	14	1	25	14	4	27	2	2	2	12	2	23	3	2	14	14	4	27	14	14	27	15	27	20	8	1	23	10	1	4	26	14	2	14	14	10	27	3	3	15	4	26	16	1	14	27	11	14	1	25	14	3	26	2	2	23	2	23	14	3	23	22	14	2	27	14	14	25	15	14	27	8	14	23	9	2	2	26	14	3	14	14	3	9	20	14	14	4	14	16	5	14	14	20	14	1	7	14	3	26	14	12	14	14	2	14	3	23	14	16	2	26	14	14	27	14	14	27	11	27	23	9	1	14	14	14	3	14	14	3	16	20	27	17	14	26	16	5	26	17	7	27	1	7	14	1	26	14	7	11	11	23	13	3	23	14	4	11	14	14	14	27	14	14	4	11	27	23	8	1	23	10	2	23	14	14	3	14	20	2	14	14	26	16	5	26	16	7	7	23	7	14	1	26	14	1	26	23	23	13	2	23	14	3	3	20	14	14	27	14	14	27	11	27	20	8	1	23	10	2	23	12	23	3	14	17	24	26	23	8	27	5	26	16	7	14	26	11	14	1	25	14	1	26	14	23	2	23	14	3	3	24	14	1	14	27	14	14	27	20	14	2	1	23	10	1	23	18	12	2	3	14	17	2	22	23	2	2	7	16	27	6	14	27	7	14	1	25	14	4	26	2	23	12	2	23	14	3	24	14	4	27	27	14	14	27	15	14	27	27	23	1	23	10	1	23	2	27	14	14	2	27	20	2	14	14	14	16	6	27	19	7	27	22	25	14	3	26	14	2	14	14	26	3	3	14	23	14	27	3	14	14	27	15	14	27	11	16	14	9	26	23	11	2	23	23	14	3	14	20	2	14	14	16	5	5	27	18	7	27	20	8	14	3	26	14	2	14	14	3	14	14	3	23	14	4	15	5	14	27	14	14	27	11	24	9	9	1	1	23	11	2	14	14	3	16	20	2	14	23	3	5	14	26	1	7	27	20	14	14	1	26	14	2	26	14	3	14	3	23	14	4	24	15	4	26	27	14	14	27	11	14	1	14	23	23	10	2	23	12	26	3	20	20	2	22	14	2	5	14	26	16	7	27	20	8	27	1	26	14	1	26	14	4	2	2	2	14	3	24	14	4	26	16	14	14	27	11	14	1	25	10	23	10	2	23	12	2	3	14	17	2	22	23	2	27	3	14	27	7	27	19	8	27	1	25	14	5	26	14	14	14	23	3	16	3	24	14	4	14	27	14	14	27	20	14	1	7	14	10	26	1	23	12	2	23	23	17	26	27	23	2	7	14	14	27	14	19	19	7	27	23	25	14	2	26	14	14	14	14	3	14	3	23	14	4	20	14	14	14	27	9	14	27	7	23	1	26	1	23	11	2	23	13	14	2	27	20	2	14	14	14	27	14	14	18	7	27	21	8	
DUE_DATE
0	31147	30476	30045	31294	30143	30192	30727	30296	30825	30394	30923	30492	30527	30016	31065	30614	30643	31872	31181	31210	30759	30248	30840	30882	31404	30966	31008	31530	31092	30587	31156	30645	32414	31723	31272	31781	31330	30819	31388	31427	32656	31485	31514	32023	31572	31061	32110	31659	31148	32919	32220	31761	31782	32283	31824	31305	33066	31887	31368	33129	33150	33171	33192	32527	32576	32625	32194	32243	32292	31785	33552	32859	32406	33633	32940	33687	32994	33741	33768	32595	32622	33126	32670	32694	32718	33222	32766	32250	32274	34038	33342	33366	34135	33452	34209	34246	33083	34320	33157	33194	33257	32776	33375	33434	32953	34717	34016	34035	34774	34073	34812	34831	33650	33129	34888	34187	34206	33745	33224	33783	33857	34396	35175	34034	34573	35325	34632	35379	34206	35433	34740	34767	34314	34341	34368	35595	34431	35664	34977	35010	35763	35076	35829	35142	34695	34174	35930	34206	35242	34778	34794	34810	35306	36042	34858	35354	36090	36106	36122	35418	36154	34970	34446	34491	35064	34557	35610	35163	34656	36429	35742	36495	35340	35862	36624	36666	35988	36750	36072	35631	35664	35697	36210	35763	35796	36309	35862	37095	37125	36432	37179	37206	36513	36060	36567	36114	35601	36648	36195	36235	36272	35769	37546	36863	37620	36937	37694	37011	37044	36597	37830	36663	36156	36729	36222	37275	36821	36304	38067	38090	38113	37416	38159	37462	38205	37508	37051	36534	38297	37121	36604	37167	37190	37693	37716	38459	38482	37785	38528	37831	38574	37397	37425	38652	37959	37506	37533	37560	38067	37614	38841	38868	38175	38917	38216	38955	38254	37793	37272	37291	38330	37869	37888	37907	39126	38425	39164	38463	38527	39296	39345	39394	38243	38772	38357	37876	38475	37994	39073	38647	38156	38205	39994	39323	40092	39405	39432	40179	40206	39033	40260	39567	39114	39141	39648	39195	39221	39244	39747	39290	40513	39816	40559	40582	40605	39908	39451	39474	39977	39517	38996	39555	40054	39593	39072	40111	40850	40149	40168	40907	40926	40225	39764	39783	39300	39882	40404	39966	40488	40050	39552	40607	41356	41385	41414	40723	41472	40781	40330	41559	39848	40447	40496	41025	41074	41123	40692	41931	41964	41997	41310	42063	41376	40929	42162	40995	40495	41072	41109	42346	41663	41220	42457	42494	41820	42582	41904	41946	41988	41550	41052	42120	41682	41184	41766	41808	43050	42372	43147	43196	42525	43294	43343	43392	42231	42744	42297	42330	41823	42876	42429	41922	41955	43721	43024	43767	43070	43093	43836	43859	42682	42705	42728	43951	42774	43277	43327	42896	43425	43474	43043	44292	44397	44496	43875	43440	44682	43524	44046	43608	43110	44172	43797	44376	43995	43481	45244	44547	44570	45313	44136	45359	44662	44205	44228	43711	44274	44777	44335	44852	44409	43906	44963	45720	45757	45794	45127	45176	45945	45274	44843	46092	44457	45096	45195	45737	45796	45375	46634	46693	46757	46096	46875	46214	45793	47097	46476	46095	45591	46164	46197	47430	46263	46776	47529	47562	46875	47635	46952	47709	46546	46043	47820	47137	46694	46735	46772	46269	47326	46883	48120	47437	47474	48257	48316	48375	47714	47293	46807	47396	46905	47974	47543	47052	48835	48152	47709	48946	48263	48300	49057	49094	49119	48420	47961	47982	48003	48504	48045	48066	48567	48108	49329	49350	49371	48672	49497	49596	48975	48535	49052	48609	49126	48683	48180	48757	48794	48295	50072	49389	50146	49463	50220	49537	49574	49147	49676	49245	49294	48803	49872	49422	49446	48930	50694	50718	50742	50046	50790	50094	50118	49662	50886	50205	49212	49779	49806	50313	49860	50367	49914	51141	51168	51195	50515	51272	50109	51346	50663	50700	50257	50294	50811	50364	50877	50430	51663	50496	51729	51762	51075	51835	51872	51189	50746	50243	50820	50857	51374	51405	51432	52179	51006	52233	51540	52287	52314	52341	50628	52395	51727	51296	50805	51874	51443	50952	51522	52746	52770	52074	52098	52122	52866	52890	52914	51198	52242	51786	51835	51872	52389	51946	53183	53220	52537	52094	52605	53352	53379	52686	52233	52740	52287	51774	52341	52848	52395	51882	53646	52950	52494	53718	53022	53766	53070	52614	53118	52662	52146	52735	53252	52809	52306	53363	54120	53437	52994	54231	54264	53577	54330	53643	54396	53709	54462	53775	53357	52876	53475	53534	54073	53615	54832	53109	54866	54883	54180	54917	54934	54231	54248	53785	53802	53819	53836	54333	55070	55087	53957	55216	55275	54614	55393	54715	54752	54309	54826	54383	54420	54457	53954	55757	55816	54675	54194	55273	56031	56064	55377	56130	56163	55476	55029	55542	55095	54585	55632	55179	56406	56433	55740	56487	55794	56541	56568	55875	55952	55546	56820	55694	55725	56232	55779	55266	55293	57060	56367	57114	57141	56448	57195	57347	56776	56335	56372	57609	56926	57683	57000	57037	57794	57152	57946	58020	58094	58125	57432	58179	57006	57513	57060	58287	57594	58341	57648	58395	56957	58797	58176	58995	59031	58344	59097	58410	59163	57996	59229	58542	59295	59347	59396	58725	59494	58823	57852	59657	59716	59055	59834	59173	
TRANSPORT_MODE
0	2	4	4	2	0	0	0	0	1	4	4	0	0	0	0	0	4	4	2	0	0	0	0	4	4	4	0	0	0	0	0	4	1	2	0	0	0	0	0	4	4	4	0	0	0	0	0	0	4	4	4	0	0	0	0	0	3	4	4	4	0	0	0	0	2	4	0	4	0	0	0	0	4	4	4	0	0	0	0	0	2	4	4	0	0	0	0	0	4	4	4	0	0	0	0	0	2	4	4	0	0	0	0	0	4	4	4	0	0	0	0	0	4	2	4	4	0	0	0	0	0	4	3	4	0	0	0	0	4	1	4	0	0	0	0	0	4	3	4	0	0	0	0	0	1	4	1	0	0	0	0	0	1	3	4	0	0	0	0	0	1	4	4	0	0	0	0	0	0	4	4	3	4	0	0	0	0	1	2	1	0	0	0	0	0	4	4	4	0	0	0	0	4	2	1	0	0	0	0	0	4	4	4	0	0	0	0	0	1	2	4	0	0	0	0	0	1	4	4	0	0	0	0	0	0	4	1	2	4	0	0	0	0	4	4	3	0	0	0	0	0	4	4	1	0	0	0	0	4	4	3	0	0	0	0	0	4	1	4	0	0	0	0	0	4	4	3	0	0	0	0	0	4	4	4	0	0	0	0	0	0	4	1	1	3	0	0	0	0	1	4	2	0	0	0	0	0	4	4	1	0	0	0	0	1	4	2	0	0	0	0	0	1	4	4	0	0	0	0	0	4	1	2	0	0	0	0	0	4	1	4	0	0	0	0	0	1	4	1	2	0	0	0	0	0	4	4	3	0	0	0	0	1	4	1	0	0	0	0	0	4	4	3	0	0	0	0	0	4	1	1	0	0	0	0	0	4	1	3	0	0	0	0	0	4	4	4	0	0	0	0	0	1	4	1	3	0	0	0	0	0	4	4	1	0	0	0	0	2	1	1	0	0	0	0	0	4	4	2	0	0	0	0	1	1	1	0	0	0	0	0	1	4	2	0	0	0	0	0	4	4	4	0	0	0	0	0	0	4	1	1	2	0	0	0	0	4	1	3	0	0	0	0	1	1	2	1	0	0	0	0	0	1	4	3	0	0	0	0	0	1	1	4	0	0	0	0	0	4	4	3	0	0	0	0	0	4	1	1	0	0	0	0	0	1	1	1	3	0	0	0	0	1	4	2	0	0	0	0	0	4	1	3	1	0	0	0	0	4	1	2	0	0	0	0	0	4	4	1	0	0	0	0	0	1	1	2	0	0	0	0	0	1	4	1	0	0	0	0	0	1	1	2	1	0	0	0	0	0	1	4	3	0	0	0	0	1	2	1	4	0	0	0	0	0	1	3	4	0	0	0	0	1	4	1	0	0	0	0	0	1	3	1	0	0	0	0	0	1	1	4	0	0	0	0	0	1	1	3	1	0	0	0	0	0	1	2	4	0	0	0	0	1	3	1	4	0	0	0	0	0	1	2	1	0	0	0	0	1	1	1	0	0	0	0	0	1	2	1	0	0	0	0	0	1	1	1	0	0	0	0	0	4	2	1	1	0	0	0	0	0	1	3	4	0	0	0	0	2	1	1	1	0	0	0	0	0	3	1	1	0	0	0	0	1	1	1	0	0	0	0	0	3	1	1	0	0	0	0	0	1	1	1	0	0	0	0	0	3	1	1	4	0	0	0	0	2	1	3	0	0	0	0	0	1	1	1	3	0	0	0	0	1	1	1	0	0	0	0	0	1	1	3	0	0	0	0	0	1	1	1	0	0	0	0	0	1	1	1	0	0	0	0	0	3	1	1	0	0	0	0	0	3	1	1	0	0	0	0	0	
DISTANCE_MATRIX
60	360	318	300	288	276	264	264	150	150	150	60	90	90	162	168	204	228	234	312	360	408	348	318	168	192	168	318	
360	60	264	318	324	342	342	342	348	348	354	360	372	378	378	420	420	480	462	498	462	462	384	420	372	420	378	378	
318	264	60	270	276	288	288	288	294	294	294	318	318	324	324	414	414	468	462	486	462	462	330	366	366	408	372	324	
300	318	270	60	276	288	288	288	288	288	288	300	300	312	318	408	408	468	462	486	438	438	318	360	360	402	360	312	
288	324	276	276	60	276	276	276	276	276	276	288	288	300	300	402	396	462	456	480	432	432	300	360	360	402	348	300	
276	342	288	288	276	60	180	180	252	258	264	264	264	288	288	390	390	456	450	480	432	432	288	348	348	348	288	288	
264	342	288	288	276	180	60	180	246	258	264	264	264	288	288	390	390	456	450	480	432	432	288	348	348	348	288	288	
264	342	288	288	276	180	180	60	240	258	264	264	264	288	288	390	390	456	450	480	432	432	288	348	348	348	288	288	
150	348	294	288	276	252	246	240	60	120	120	150	126	270	270	378	384	420	438	480	420	408	276	300	300	300	276	270	
150	348	294	288	276	258	258	258	120	60	120	150	150	270	270	378	384	420	438	480	420	408	276	300	300	300	276	270	
150	354	294	288	276	264	264	264	120	120	60	150	150	270	270	378	384	420	438	480	420	408	276	300	300	300	276	270	
60	360	318	300	288	264	264	264	150	150	150	60	90	162	168	228	234	312	360	408	348	318	168	192	192	198	168	162	
90	372	318	300	288	264	264	264	150	150	150	90	60	162	168	228	234	312	360	408	348	318	168	192	192	198	168	162	
90	378	324	312	300	288	288	288	270	270	270	162	162	60	120	180	180	306	210	360	300	300	120	180	120	180	120	234	
162	378	324	318	300	288	288	288	270	270	270	168	168	120	60	180	180	306	210	360	300	300	120	180	120	180	120	120	
168	420	414	408	402	348	348	348	300	300	300	228	228	180	180	60	132	204	132	348	258	258	186	60	180	132	222	180	
204	420	414	408	396	390	390	390	384	384	384	234	234	180	180	132	60	204	132	348	258	258	186	60	180	132	222	180	
228	480	468	468	462	456	456	456	420	420	420	312	312	306	306	204	204	60	198	120	240	240	306	204	306	138	306	306	
234	462	462	462	456	450	450	450	438	438	438	360	360	210	210	132	132	198	60	138	132	132	210	132	210	132	210	210	
312	498	486	486	480	480	480	480	480	480	480	408	408	360	360	348	348	120	138	60	348	348	360	348	360	348	360	360	
360	462	462	438	432	432	432	432	420	420	420	348	348	300	300	258	258	240	132	348	60	60	300	258	300	258	300	300	
408	462	462	438	432	432	432	432	408	408	408	318	318	300	300	258	258	240	132	348	60	60	300	258	300	258	300	300	
348	384	330	318	300	288	288	288	276	276	276	168	168	120	120	186	186	306	210	360	300	300	60	186	120	186	120	120	
318	420	366	360	360	348	348	348	300	300	300	192	192	180	180	60	60	204	132	348	258	258	186	60	180	60	180	180	
168	372	300	306	300	288	288	288	270	270	270	168	168	120	120	180	180	306	210	360	300	300	120	180	60	180	120	120	
192	420	408	402	402	348	348	348	300	300	300	198	198	180	180	132	132	138	132	348	258	258	186	60	180	60	180	180	
168	378	372	360	348	288	288	288	276	276	276	168	168	120	120	222	222	306	210	360	300	300	120	180	120	180	60	120	
318	378	324	312	300	288	288	288	270	270	270	162	162	234	120	180	180	306	210	360	300	300	120	180	120	180	120	60	
DEPOT_DISTANCE_MATRIX
60	360	318	300	288	276	264	264	150	150	150	60	90	90	162	168	204	228	234	312	360	408	348	318	168	192	168	318	
162	378	324	318	300	288	288	288	270	270	270	168	168	120	60	180	180	306	210	360	300	300	120	180	120	180	120	120	
318	420	366	360	360	348	348	348	300	300	300	192	192	180	180	60	60	204	132	348	258	258	186	60	180	60	180	180	
PATIENT_WEIGHT
32	117	92	78	144	71	49	127	143	33	110	105	31	45	48	130	148	73	134	101	130	49	54	54	37	107	49	109	123	54	50	36	126	58	54	139	103	36	134	127	132	30	44	33	35	101	70	76	101	34	99	85	58	123	133	41	128	38	84	116	66	53	88	64	106	144	140	129	61	70	82	68	80	103	68	64	40	53	59	124	31	125	84	64	56	128	94	54	138	38	35	85	107	146	104	40	112	43	72	47	36	136	35	142	94	94	111	45	57	119	78	54	36	146	93	131	123	134	42	69	147	119	67	82	82	127	93	147	68	39	90	142	61	99	144	116	91	113	71	81	143	65	106	59	95	93	68	126	31	83	102	62	69	83	97	34	118	100	141	38	70	63	77	89	120	61	113	63	131	143	63	84	110	120	134	31	47	45	80	123	139	33	38	49	53	85	68	59	83	61	148	51	132	62	52	78	140	71	50	76	117	126	93	108	134	54	118	102	91	100	98	139	146	65	35	60	121	60	90	71	35	125	43	83	131	96	109	138	45	118	108	140	41	109	69	111	147	67	83	109	123	85	150	116	105	42	33	150	31	147	144	117	79	45	107	61	150	61	113	46	52	111	105	146	49	113	123	76	128	31	127	115	105	70	103	89	108	109	98	42	150	45	113	132	147	85	42	95	115	120	86	36	74	42	65	118	33	123	94	150	150	107	81	42	64	78	97	40	133	107	125	51	95	106	149	54	89	68	137	142	111	82	146	130	76	33	78	139	78	47	125	63	149	108	143	86	40	66	36	118	149	115	67	35	76	84	37	139	59	134	64	51	129	84	91	66	107	135	87	114	90	78	36	95	130	118	115	30	58	73	137	140	94	99	143	55	150	56	53	77	89	71	121	102	131	119	136	93	124	39	55	137	63	91	36	118	110	44	137	31	90	54	39	70	67	45	102	65	143	105	136	118	79	115	37	146	47	50	65	46	130	87	89	53	132	150	139	123	75	146	42	58	137	91	72	74	108	58	35	47	40	126	117	145	43	73	140	59	82	93	71	30	88	80	108	110	120	114	115	88	143	99	142	74	79	60	146	59	120	146	65	126	116	61	137	115	50	145	91	87	55	51	77	73	113	60	119	87	77	117	36	123	122	58	142	115	79	98	107	31	138	72	104	89	127	109	132	122	146	56	119	124	88	108	116	74	124	31	84	58	97	67	36	83	33	98	60	36	59	119	84	69	53	47	113	108	125	52	79	48	86	150	120	150	86	31	77	144	55	41	64	145	67	57	138	115	111	106	91	120	110	129	147	37	149	78	110	84	121	71	140	52	115	46	56	45	55	148	69	129	47	42	64	117	92	121	45	102	65	132	146	83	103	48	118	142	50	124	73	89	136	51	145	77	81	101	75	71	111	45	97	120	115	111	73	116	105	47	131	111	73	83	110	129	55	148	43	81	42	106	65	122	144	74	137	46	116	64	108	145	51	125	90	49	68	46	110	148	139	104	37	110	57	87	69	150	105	107	108	87	35	141	91	114	86	77	36	148	146	125	133	73	98	50	103	50	134	98	123	131	106	108	128	133	51	135	52	120	108	102	143	73	131	84	103	127	77	65	52	66	125	40	73	108	36	112	105	43	135	88	118	84	44	38	125	66	72	102	150	114	121	33	99	103	131	85	149	48	53	111	78	79	32	74	135	133	108	137	62	138	34	53	84	150	113	67	81	144	136	37	129	79	149	52	53	147	62	103	112	62	86	113	131	146	35	93	121	37	127	131	72	121	148	33	124	79	55	105	38	137	115	133	92	41	88	104	48	47	83	37	76	109	150	109	144	117	134	53	64	30	30	
LOCATION_TURN_MATRIX
100	130	122	113	112	199	136	122	129	152	173	146	151	136	158	140	176	113	122	167	194	134	110	172	114	184	100	147	
170	100	154	188	164	169	136	136	152	170	104	183	155	115	101	104	155	187	174	115	149	134	178	168	114	135	168	102	
178	146	100	161	178	114	104	165	117	139	126	169	192	109	120	179	160	152	154	134	113	140	154	179	196	196	192	181	
187	112	139	100	158	114	195	181	104	132	195	106	183	169	132	170	140	136	172	148	116	110	123	136	151	120	176	169	
188	136	122	142	100	175	164	159	112	100	167	164	135	191	132	181	104	123	142	156	108	117	193	182	116	147	156	185	
101	131	186	186	125	100	190	147	164	150	137	102	145	176	185	131	113	108	117	186	118	151	140	178	154	189	172	110	
164	164	196	105	136	110	100	186	153	151	183	193	111	157	144	123	188	142	110	163	105	190	166	187	170	171	186	126	
178	164	135	119	141	153	114	100	106	130	108	103	151	178	122	151	130	133	184	177	110	141	166	110	122	174	191	197	
171	148	183	196	188	136	147	194	100	167	100	146	168	129	128	142	172	118	174	147	105	158	156	160	120	106	119	136	
148	130	161	168	200	150	149	170	133	100	177	106	175	116	188	180	176	194	108	146	130	187	183	173	128	141	169	176	
127	196	174	105	133	163	117	192	200	123	100	171	175	140	183	115	104	186	128	153	151	175	100	146	191	117	132	197	
154	117	131	194	136	198	107	197	154	194	129	100	136	184	140	147	172	184	148	131	103	156	185	200	152	158	154	143	
149	145	108	117	165	155	189	149	132	125	125	164	100	140	199	142	101	144	163	185	117	191	200	143	113	165	102	154	
164	185	191	131	109	124	143	122	171	184	160	116	160	100	109	116	196	113	131	186	166	139	183	175	144	161	105	170	
142	199	180	168	168	115	156	178	172	112	117	160	101	191	100	147	177	177	199	158	172	188	164	175	180	168	154	195	
160	196	121	130	119	169	177	149	158	120	185	153	158	184	153	100	152	159	197	157	181	159	102	123	168	200	124	186	
124	145	140	160	196	187	112	170	128	124	196	128	199	104	123	148	100	149	114	112	117	135	105	132	138	180	198	156	
187	113	148	164	177	192	158	167	182	106	114	116	156	187	123	141	151	100	166	132	168	163	159	123	129	173	161	116	
178	126	146	128	158	183	190	116	126	192	172	152	137	169	101	103	186	134	100	184	199	137	130	160	148	113	140	150	
133	185	166	152	144	114	137	123	153	154	147	169	115	114	142	143	188	168	116	100	111	195	128	157	191	164	141	171	
106	151	187	184	192	182	195	190	195	170	149	197	183	134	128	119	183	132	101	189	100	129	151	163	147	166	104	177	
166	166	160	190	183	149	110	159	142	113	125	144	109	161	112	141	165	137	163	105	171	100	101	185	169	129	103	197	
190	122	146	177	107	160	134	134	144	117	200	115	100	117	136	198	195	141	170	172	149	199	100	106	150	116	118	145	
128	132	121	164	118	122	113	190	140	127	154	100	157	125	125	177	168	177	140	143	137	115	194	100	128	167	115	155	
186	186	104	149	184	146	130	178	180	172	109	148	187	156	120	132	162	171	152	109	153	131	150	172	100	155	124	184	
116	165	104	180	153	111	129	126	194	159	183	142	135	139	132	100	120	127	187	136	134	171	184	133	145	100	129	192	
200	132	108	124	144	128	114	109	181	131	168	146	198	195	146	176	102	139	160	159	196	197	182	185	176	171	100	146	
153	198	119	131	115	190	174	103	164	124	103	157	146	130	105	114	144	184	150	129	123	103	155	145	116	108	154	100	

