INDEX_PROBLEM
1
PATIENTS
800
STRETCHERS
16
NUM_ROOM
28
NUM_DEPOTS
3
NUM_PRIORITY
4
PRIORITY_LIST
0	1	2	3	4	
PRIORITY_WEIGHT
0	1	10	18	30	
PRIORITY_JOB
0	1	2	3	1	3	3	2	3	2	2	3	3	3	2	3	3	1	2	3	4	3	3	4	3	2	3	4	3	2	4	3	3	1	2	3	4	2	3	3	3	2	3	4	2	3	4	3	3	1	2	3	4	3	2	3	4	1	1	2	3	1	1	1	2	3	2	3	1	3	2	3	4	1	2	3	2	1	1	2	1	3	3	4	1	3	2	3	4	3	2	3	2	2	1	2	2	1	3	4	1	3	3	4	2	3	2	3	1	1	1	2	2	1	2	3	2	3	4	3	3	2	1	1	1	2	1	2	1	1	3	2	3	1	3	3	3	4	2	4	1	2	1	2	1	2	2	3	2	1	2	3	3	3	4	3	4	1	1	1	1	2	2	2	3	4	2	3	4	2	3	1	1	2	2	1	1	1	2	3	4	1	4	3	3	2	3	1	2	2	3	1	1	2	1	3	1	2	3	3	2	3	4	3	2	3	2	1	2	2	1	4	1	2	3	3	2	3	4	3	1	2	1	1	2	2	1	4	1	2	3	2	3	4	3	3	1	1	2	1	1	2	1	3	2	3	1	2	3	3	3	1	4	1	2	2	1	2	1	2	3	2	1	4	2	3	3	3	3	4	1	1	1	2	1	2	2	3	1	4	2	3	2	3	1	2	4	1	1	1	2	1	2	3	1	4	3	3	2	3	1	2	3	2	2	1	1	2	3	4	1	4	3	3	2	3	2	3	2	1	2	1	2	1	3	4	1	3	3	4	2	3	2	3	1	1	2	1	2	1	2	1	2	4	2	3	3	3	1	3	4	1	2	1	1	1	1	2	2	1	4	2	3	3	3	3	1	2	1	2	1	2	2	3	1	3	2	3	3	3	2	3	4	2	1	1	1	2	1	2	3	4	2	3	4	2	1	1	4	2	1	1	1	2	3	3	1	2	3	3	2	3	1	3	1	2	1	1	2	1	3	2	3	4	3	3	2	3	4	1	2	2	1	1	2	1	3	2	3	3	3	4	2	3	4	1	2	1	1	2	2	1	3	1	3	4	3	3	3	3	1	2	3	1	2	1	1	1	4	1	2	2	2	3	3	3	1	3	3	2	1	2	1	1	1	2	3	4	2	3	3	3	1	2	3	2	1	2	2	1	4	1	2	4	2	3	3	3	3	1	1	2	1	1	2	1	3	1	2	4	3	4	2	3	3	1	4	1	1	1	2	1	2	2	3	3	3	2	3	4	3	1	2	2	1	1	2	1	3	2	3	3	3	2	3	4	4	1	2	2	2	1	2	1	3	1	3	3	3	4	3	4	4	1	2	1	2	1	1	3	1	2	3	2	3	3	3	1	1	2	3	2	1	2	1	1	2	3	2	3	3	3	1	1	2	3	2	1	2	2	1	4	1	2	4	2	3	3	3	3	1	2	2	1	1	2	1	3	1	2	4	3	4	2	3	3	1	4	1	1	1	2	1	2	2	3	3	3	2	3	4	3	1	2	2	1	1	2	1	3	2	3	3	3	2	3	4	4	1	2	2	1	2	2	1	3	2	3	3	3	3	4	2	1	2	3	1	1	2	1	4	1	2	2	3	3	3	4	1	1	3	3	2	1	2	1	1	2	3	2	3	3	3	1	1	2	3	2	1	2	1	2	4	1	2	2	3	4	3	3	1	3	2	2	1	1	1	2	3	1	2	4	3	2	3	1	3	1	2	1	1	1	2	4	1	3	2	1	1	2	1	3	1	1	2	2	1	2	1	2	3	2	1	2	1	1	1	3	4	1	2	1	2	1	1	1	2	3	2	1	2	1	2	2	3	4	1	1	2	1	2	
TIME_ASKED
0	28800	28800	28800	28800	28800	28800	28800	28800	28800	28800	28800	28800	28800	28800	28800	28800	29545	29574	29603	29632	29661	29690	29742	29784	29826	29868	29910	29952	29994	30029	30058	30087	30116	30145	30174	30203	30232	30261	30290	30329	30358	30387	30416	30445	30474	30503	30532	30561	30590	30621	30642	30663	30684	30705	30726	30747	30768	30789	30810	30831	30852	30873	30894	30949	30998	31047	31096	31145	31194	31227	31254	31281	31308	31335	31362	31389	31416	31443	31470	31497	31524	31548	31572	31596	31620	31644	31668	31692	31716	31740	31764	31788	31837	31874	31911	31948	31985	32022	32059	32096	32159	32218	32277	32336	32395	32419	32438	32457	32476	32495	32514	32533	32552	32571	32590	32609	32628	32647	32666	32685	32759	32818	32877	32936	32995	33027	33054	33081	33108	33135	33162	33189	33216	33243	33270	33297	33333	33366	33399	33432	33465	33498	33531	33564	33597	33616	33632	33648	33664	33680	33696	33712	33728	33744	33760	33776	33792	33808	33824	33840	33856	33872	33888	33933	33966	33999	34032	34065	34098	34131	34164	34197	34242	34284	34326	34368	34410	34452	34494	34533	34566	34599	34632	34665	34698	34731	34764	34797	34827	34854	34881	34908	34935	34962	34989	35016	35043	35070	35097	35137	35174	35211	35248	35285	35322	35359	35396	35433	35466	35499	35532	35565	35598	35631	35664	35697	35723	35746	35769	35792	35815	35838	35861	35884	35907	35930	35953	35976	35999	36023	36046	36069	36092	36115	36138	36161	36184	36207	36230	36253	36276	36299	36327	36354	36381	36408	36435	36462	36489	36516	36543	36570	36597	36619	36638	36657	36676	36695	36714	36733	36752	36771	36790	36809	36828	36847	36866	36885	36949	36998	37047	37096	37145	37194	37259	37318	37377	37436	37495	37549	37598	37647	37696	37745	37794	37827	37854	37881	37908	37935	37962	37989	38016	38043	38070	38097	38123	38146	38169	38192	38215	38238	38261	38284	38307	38330	38353	38376	38399	38419	38438	38457	38476	38495	38514	38533	38552	38571	38590	38609	38628	38647	38666	38685	38742	38784	38826	38868	38910	38952	38994	39029	39058	39087	39116	39145	39174	39203	39232	39261	39290	39349	39398	39447	39496	39545	39594	39633	39666	39699	39732	39765	39798	39831	39864	39897	39937	39974	40011	40048	40085	40122	40159	40196	40242	40284	40326	40368	40410	40452	40494	40542	40584	40626	40668	40710	40752	40794	40849	40898	40947	40996	41045	41094	41133	41166	41199	41232	41265	41298	41331	41364	41397	41423	41446	41469	41492	41515	41538	41561	41584	41607	41630	41653	41676	41699	41749	41798	41847	41896	41945	41994	42099	42198	42297	42342	42384	42426	42468	42510	42552	42594	42699	42798	42897	42923	42946	42969	42992	43015	43038	43061	43084	43107	43130	43153	43176	43199	43237	43274	43311	43348	43385	43422	43459	43496	43549	43598	43647	43696	43745	43794	43899	43998	44097	44159	44218	44277	44336	44395	44459	44518	44577	44636	44695	44799	44898	44997	45033	45066	45099	45132	45165	45198	45231	45264	45297	45337	45374	45411	45448	45485	45522	45559	45596	45637	45674	45711	45748	45785	45822	45859	45896	45959	46018	46077	46136	46195	46249	46298	46347	46396	46445	46494	46537	46574	46611	46648	46685	46722	46759	46796	46821	46842	46863	46884	46905	46926	46947	46968	46989	47010	47031	47052	47073	47094	47199	47298	47397	47437	47474	47511	47548	47585	47622	47659	47696	47737	47774	47811	47848	47885	47922	47959	47996	48049	48098	48147	48196	48245	48294	48324	48348	48372	48396	48420	48444	48468	48492	48516	48540	48564	48588	48627	48654	48681	48708	48735	48762	48789	48816	48843	48870	48897	48937	48974	49011	49048	49085	49122	49159	49196	49233	49266	49299	49332	49365	49398	49431	49464	49497	49537	49574	49611	49648	49685	49722	49759	49796	49827	49854	49881	49908	49935	49962	49989	50016	50043	50070	50097	50149	50198	50247	50296	50345	50394	50424	50448	50472	50496	50520	50544	50568	50592	50616	50640	50664	50688	50737	50774	50811	50848	50885	50922	50959	50996	51027	51054	51081	51108	51135	51162	51189	51216	51243	51270	51297	51324	51348	51372	51396	51420	51444	51468	51492	51516	51540	51564	51588	51637	51674	51711	51748	51785	51822	51859	51896	51933	51966	51999	52032	52065	52098	52131	52164	52197	52259	52318	52377	52436	52495	52517	52534	52551	52568	52585	52602	52619	52636	52653	52670	52687	52704	52721	52738	52755	52772	52789	52859	52918	52977	53036	53095	53137	53174	53211	53248	53285	53322	53359	53396	53459	53518	53577	53636	53695	53733	53766	53799	53832	53865	53898	53931	53964	53997	54027	54054	54081	54108	54135	54162	54189	54216	54243	54270	54297	54374	54448	54522	54596	54627	54654	54681	54708	54735	54762	54789	54816	54843	54870	54897	55049	55198	55237	55274	55311	55348	55385	55422	55459	55496	55574	55648	55722	55796	55827	55854	55881	55908	55935	55962	55989	56016	56043	56070	56097	56399	56499	56598	56697	56733	56766	56799	56832	56865	56898	56931	56964	56997	57049	57098	57147	57196	57245	57294	57359	57418	57477	57536	57595	
ORIGIN
0	16	6	25	14	7	27	23	1	1	23	26	14	14	14	14	14	14	14	3	14	4	26	16	16	26	16	9	9	14	27	7	23	9	14	14	11	2	23	13	14	23	14	20	20	2	14	14	14	6	27	18	7	27	20	8	18	14	10	2	22	23	2	26	23	3	23	14	14	24	15	1	26	16	7	4	26	14	3	14	14	1	23	11	16	23	14	2	20	20	3	27	27	15	14	1	7	5	18	7	14	20	8	1	14	14	1	27	20	20	2	14	14	27	14	4	24	15	4	27	23	14	14	19	26	2	2	14	14	3	10	2	2	14	2	23	16	16	14	14	16	27	27	16	14	7	7	27	20	23	1	23	10	13	23	11	3	14	14	14	14	3	3	24	15	4	26	16	1	18	19	26	26	2	14	14	18	27	1	23	12	24	23	14	3	23	2	14	27	27	11	14	1	14	14	20	8	14	23	9	2	23	11	2	14	14	14	27	14	7	1	14	4	14	16	5	14	23	23	23	14	14	3	14	14	27	22	12	2	23	14	3	23	14	14	24	27	14	1	1	25	14	4	8	27	23	12	1	14	11	3	27	14	4	27	27	14	14	27	15	26	16	8	26	17	7	4	4	14	2	14	14	14	10	27	3	23	13	3	23	14	4	11	15	11	14	25	14	14	3	26	2	23	8	23	23	10	2	23	12	2	27	14	14	14	25	15	14	16	5	26	16	7	23	9	26	3	14	14	3	9	20	14	14	13	2	23	14	3	20	20	20	1	7	14	3	26	14	12	14	8	1	23	10	2	14	12	2	3	14	14	27	14	14	27	11	5	26	16	1	14	26	8	3	14	14	3	16	20	27	17	14	2	23	5	3	24	14	1	1	7	14	1	26	14	7	11	11	1	23	10	1	23	12	2	14	3	14	27	14	14	4	11	27	26	16	6	1	14	7	14	23	14	3	14	20	2	14	14	26	23	14	3	24	14	4	27	14	1	26	14	14	1	26	23	23	23	10	1	23	11	2	27	14	27	14	14	14	27	11	27	20	16	6	27	19	7	27	22	23	14	23	17	26	23	8	27	3	14	3	23	14	14	27	11	14	1	25	14	1	14	26	2	23	9	26	23	11	2	23	23	1	27	27	14	27	20	14	2	1	5	27	18	7	27	20	8	1	14	14	2	22	23	2	2	7	3	23	14	4	24	15	5	14	14	25	25	4	2	23	12	2	1	23	11	2	23	12	14	4	14	14	27	15	14	27	27	23	26	1	7	27	20	8	14	14	14	2	27	20	2	14	14	14	23	14	4	24	15	4	26	25	25	14	3	14	2	14	14	1	23	10	2	23	12	2	14	26	14	14	27	14	27	11	16	26	16	7	27	20	27	27	14	3	3	14	2	14	14	16	5	23	14	3	24	14	4	26	16	14	26	26	2	14	14	3	14	23	10	2	23	12	2	23	5	27	27	14	14	27	11	24	9	14	7	27	19	8	27	14	9	3	16	20	2	14	23	3	2	14	3	24	14	4	14	14	14	27	26	14	2	26	14	3	14	10	1	23	12	2	23	14	14	27	14	14	27	11	14	1	16	6	27	19	7	27	23	26	14	20	20	2	22	14	2	5	14	3	23	14	4	20	8	14	26	16	14	26	14	4	2	2	9	1	23	11	2	23	13	16	14	14	14	11	14	1	25	10	6	3	18	7	27	21	8	14	23	10	22	23	2	27	3	14	3	14	14	4	25	16	5	26	16	14	26	14	14	14	25	9	1	23	14	2	23	13	27	23	14	14	20	14	1	7	14	5	27	18	7	27	20	8	1	23	10	1	23	2	7	14	25	
DESTINATION
0	14	17	14	3	23	2	26	23	14	27	14	4	25	16	5	5	25	9	14	25	14	3	14	14	3	16	14	14	2	23	13	27	14	5	5	15	14	1	7	5	1	26	7	7	27	20	8	1	17	2	27	20	2	14	14	27	16	14	14	19	7	27	23	1	14	3	26	26	2	14	14	3	14	20	23	14	4	26	16	16	14	27	15	16	27	16	14	7	7	14	23	23	11	2	23	13	14	27	20	3	14	14	14	3	3	14	18	7	7	27	20	8	18	26	14	2	14	14	18	27	1	3	22	14	24	24	15	1	26	14	14	27	26	14	1	14	14	1	26	16	23	23	14	2	20	20	2	14	27	14	27	14	7	1	20	14	20	20	8	1	14	14	2	14	14	3	14	14	27	22	14	14	24	15	4	27	23	14	27	11	2	1	25	14	4	27	2	2	2	12	2	23	16	16	14	14	4	27	14	14	27	15	27	20	8	1	23	10	13	23	26	14	2	14	14	10	27	3	3	15	4	26	16	1	18	19	11	14	1	25	14	3	26	2	2	23	2	23	23	14	3	23	14	2	27	11	14	25	15	14	2	8	14	23	23	9	2	23	11	3	14	14	3	9	20	14	14	4	14	16	16	5	14	23	23	1	7	14	3	26	14	12	14	12	2	14	3	3	23	14	14	26	14	1	27	14	14	27	11	27	23	9	1	1	14	11	3	14	14	3	16	20	27	17	14	26	16	5	26	17	7	4	4	7	14	1	26	14	7	11	11	23	13	3	23	14	4	11	15	14	14	27	14	14	4	11	27	14	8	1	23	10	2	23	12	14	3	14	14	2	14	14	26	16	5	26	16	7	23	9	26	14	1	14	14	1	26	23	23	13	2	23	14	3	20	20	20	14	27	14	14	27	11	27	20	14	1	23	10	2	14	12	2	3	14	17	24	26	23	8	27	5	26	16	7	14	26	8	3	1	25	14	1	26	14	23	2	23	14	3	3	24	14	1	1	27	14	14	27	20	14	2	1	23	10	1	1	23	12	2	14	14	17	2	22	23	2	2	7	16	27	6	14	7	14	23	26	25	14	4	26	2	23	12	2	23	14	3	24	4	14	14	27	14	14	27	15	14	27	27	23	23	23	10	23	11	2	27	14	14	2	27	20	2	14	14	14	16	16	27	19	7	27	22	23	14	3	26	14	2	14	14	26	3	14	14	23	14	27	11	14	14	27	15	14	27	11	16	14	9	26	23	11	2	23	23	1	3	14	20	2	14	14	16	5	5	27	18	7	27	20	8	1	3	26	14	2	14	14	3	14	14	3	23	4	24	15	5	14	27	14	14	27	11	24	9	14	1	1	23	2	23	12	14	3	16	20	2	14	23	3	4	26	26	1	27	20	8	14	14	1	26	14	2	26	14	3	14	3	14	14	24	15	4	26	25	27	14	14	27	11	14	1	14	23	23	10	2	23	12	2	14	20	20	2	22	14	2	5	14	26	16	7	27	20	27	27	24	26	14	1	26	14	4	2	2	2	14	3	24	14	4	26	16	14	14	27	11	14	1	25	10	23	10	2	23	12	2	23	14	17	2	22	23	2	27	3	5	14	7	27	19	8	27	14	25	14	5	26	14	14	14	9	14	16	3	14	4	14	14	14	14	14	27	20	14	1	7	14	10	26	1	12	2	23	14	14	17	26	27	23	2	7	14	16	27	14	19	7	27	23	26	25	14	2	26	14	14	14	14	3	14	3	14	4	20	8	14	14	14	27	9	14	27	7	23	1	26	1	11	2	23	13	16	14	2	27	20	2	14	14	14	27	14	14	7	27	21	8	14	
DUE_DATE
0	31147	30476	30045	31294	30143	30192	30727	30296	30825	30874	30443	30492	30527	31036	30585	30614	31843	31152	30701	30190	30759	30788	30300	30882	31404	30966	30468	31050	31572	30587	31156	31185	32414	31723	31272	30761	31810	31359	31388	31427	31936	31485	30974	32023	31572	31061	31630	31659	32888	32199	31740	31221	31782	32283	31824	31305	33066	33087	32388	31929	33150	33171	33192	32527	32096	32625	32194	33443	32292	32805	32352	31839	33606	32913	32460	32967	33714	33741	33048	33795	32622	32646	32130	33894	32718	33222	32766	32250	32814	33318	32862	33366	33415	34172	33489	33526	34283	33120	32617	34394	33257	33316	32835	33914	33493	33997	33536	34755	34774	34793	34092	34111	34850	34149	33688	34187	33726	33205	33764	33783	34337	35116	35175	35234	34573	35325	34632	35379	35406	34233	34740	34287	35514	34341	34368	34395	33891	34944	33957	35730	35043	35796	35109	35862	35175	35194	34730	35226	35962	35258	34794	34810	34826	34302	34858	34334	36090	36106	36122	36138	35434	35450	35466	35031	34524	35577	35130	34623	35676	35229	36462	36495	35820	35862	36624	36666	36708	36030	35592	35091	36864	35157	35730	35763	36276	35829	37062	36375	36405	35952	37179	37206	36513	37260	36087	37314	36621	36168	36195	36715	36272	35769	36346	36863	36420	36937	37694	37011	37044	37797	36090	37863	37176	36729	36762	37275	36821	36304	36867	38090	37393	38136	38159	37462	37485	38228	36511	38274	37577	37121	37624	37167	36650	37213	37236	38459	38482	37785	38528	38551	37854	38597	37425	37932	37479	38706	38013	37560	37587	37614	38841	37128	38895	38197	38216	38955	38254	38993	38292	37831	38330	39069	37348	38387	37926	37945	37964	37983	37507	39296	39345	39394	38723	39492	38837	38896	38475	39734	38053	39127	38696	39225	38794	40043	39372	38385	40152	40179	40206	39513	40260	39567	39114	40341	38628	39195	39221	39724	39267	40490	39793	39336	39839	39862	40605	40628	39931	39474	38957	40717	38996	39555	39574	40073	39612	40111	39650	40149	40888	40187	40926	40225	40964	39783	39300	41082	39924	39966	39468	40530	40092	40607	40156	41385	41414	40723	41472	40781	41530	40839	41588	40927	39956	41025	40594	40643	40692	41931	40764	40257	42030	41343	42096	42129	42162	42195	41515	41552	42309	40606	41663	41220	41257	41294	41340	42582	41904	42666	41988	42750	42072	42120	41682	42924	41766	42288	41850	41892	41947	42476	42045	41554	42623	43392	43431	43464	42777	43530	42843	42396	41889	42942	42495	41981	43024	43767	43790	42073	43116	43859	43882	43905	43208	42751	42774	43997	43327	42896	42945	43474	43043	44292	43197	44496	43875	44640	44682	44004	44766	43608	44130	43692	43257	43896	43995	44501	44044	43527	45290	44593	44616	45359	45382	44685	45428	44251	44754	44297	44335	44372	43869	44926	44483	43980	45757	45074	45847	45896	45225	45274	46043	44892	46197	45096	44655	45257	45316	45375	45434	46693	46037	45616	46875	46214	46993	47097	47196	45555	47331	46644	46677	46710	46263	46296	46329	47562	46395	46435	46952	47709	47026	47783	47820	47857	47174	46735	46232	47289	46846	46883	46920	48157	47474	47057	47596	48375	47714	47773	48547	46856	48645	47974	47003	48072	47635	47672	47709	47746	48983	49020	48337	49094	49119	48420	49161	47982	49203	48504	47505	48066	47547	48588	48129	48150	49371	47652	49497	49596	49695	49015	49772	49089	49126	48683	48720	48757	49274	48835	48332	48909	50146	49463	49500	50257	50294	49627	50396	49245	49774	49343	49392	49422	49926	49470	48954	48978	50742	50046	50070	50094	50838	50142	50886	49725	50952	49779	49806	49833	49320	49887	49374	49401	51168	50475	51235	50552	51309	51346	50183	51420	50737	50294	50811	50364	50397	50430	51663	51696	51009	50562	51075	51835	51152	51909	51946	51263	50820	51337	50894	50925	50952	52179	52206	51513	51060	51567	52314	51621	51648	52395	50707	52496	51825	50854	51923	51492	51522	51546	51570	52794	52098	52122	52866	52890	52194	52938	51762	52986	52315	51332	51909	51406	52463	52020	52057	53294	51585	53352	53379	53406	52713	53460	52767	52794	52341	52368	52395	52902	52446	51930	52494	53718	53022	53046	53790	53814	53118	53862	52686	53215	52772	52809	52846	53363	52920	52417	52454	54231	53544	53577	54330	53643	53676	54429	53262	53775	53357	53416	53475	53534	53053	54095	54832	54129	53666	54883	54900	54197	54934	53211	54968	54265	54282	53819	53836	53853	53330	55087	55157	54016	54075	54614	55393	54715	55472	55509	54826	54383	54900	54457	54494	54557	55816	55875	55214	54793	55311	56064	55377	56130	55443	54456	56229	55542	55575	55125	54612	55179	55206	56433	55260	55767	55794	56541	56568	56595	55952	55546	56820	56174	55185	55752	56259	55806	57033	55860	57087	56394	57141	57168	57195	56627	55756	57535	56372	56889	57646	57683	57000	57757	56594	57872	57946	57300	57374	58125	57432	58179	57486	57033	57540	58287	57594	58341	58368	58395	57497	57057	58896	58275	59031	58344	59097	59130	59163	58476	58029	58542	59295	58627	59396	58725	58774	58343	57852	59657	59716	59055	59834	59173	
TRANSPORT_MODE
0	2	4	4	2	0	0	0	0	4	4	2	0	0	0	0	4	4	4	2	0	0	0	0	0	4	4	4	0	0	0	0	0	4	4	2	0	0	0	0	0	4	4	4	0	0	0	0	0	4	4	4	0	0	0	0	0	3	1	4	2	0	0	0	0	0	4	4	3	0	0	0	0	4	1	1	2	0	0	0	0	0	4	4	4	0	0	0	0	0	4	1	2	0	0	0	0	0	4	4	4	0	0	0	0	0	1	4	4	0	0	0	0	0	2	1	4	4	0	0	0	0	0	3	4	2	0	0	0	0	1	4	4	3	0	0	0	0	0	4	4	4	0	0	0	0	0	4	4	3	0	0	0	0	0	4	4	4	0	0	0	0	0	4	4	4	0	0	0	0	0	3	4	4	4	0	0	0	0	2	4	3	0	0	0	0	0	4	4	4	2	0	0	0	0	1	4	4	0	0	0	0	0	1	1	2	0	0	0	0	0	4	4	4	0	0	0	0	0	4	4	1	0	0	0	0	0	2	1	4	1	0	0	0	0	0	3	4	2	0	0	0	0	4	1	4	3	0	0	0	0	0	1	4	4	0	0	0	0	0	4	4	3	0	0	0	0	0	1	1	4	0	0	0	0	0	4	4	1	0	0	0	0	0	3	1	4	2	0	0	0	0	4	4	3	0	0	0	0	0	4	4	1	2	0	0	0	0	4	1	4	0	0	0	0	0	4	4	2	0	0	0	0	0	4	4	1	0	0	0	0	0	1	4	2	0	0	0	0	0	4	1	1	0	0	0	0	0	3	4	1	0	0	0	0	0	2	4	1	3	0	0	0	0	1	4	1	0	0	0	0	0	4	4	3	0	0	0	0	0	4	4	1	0	0	0	0	0	1	4	1	0	0	0	0	0	3	4	1	0	0	0	0	0	0	1	4	1	0	0	0	0	3	4	1	4	0	0	0	0	2	4	4	0	0	0	0	0	4	1	1	0	0	0	0	0	2	1	1	0	0	0	0	0	1	4	4	0	0	0	0	0	2	1	1	0	0	0	0	0	4	1	4	0	0	0	0	0	2	4	4	1	0	0	0	0	3	1	4	0	0	0	0	0	1	4	1	0	0	0	0	0	3	1	1	0	0	0	0	0	1	4	1	0	0	0	0	0	1	3	1	0	0	0	0	0	4	4	4	0	0	0	0	0	1	3	4	1	0	0	0	0	2	1	1	0	0	0	0	0	1	1	4	0	0	0	0	0	2	1	1	0	0	0	0	0	4	4	1	0	0	0	0	0	1	2	4	0	0	0	0	0	4	1	1	0	0	0	0	1	2	1	4	0	0	0	0	0	3	1	1	0	0	0	0	1	1	1	0	0	0	0	0	3	4	1	0	0	0	0	0	1	4	1	0	0	0	0	0	4	3	1	0	0	0	0	0	1	1	1	0	0	0	0	0	1	3	1	1	0	0	0	0	2	1	4	0	0	0	0	0	1	1	1	0	0	0	0	0	2	1	4	0	0	0	0	0	1	1	4	0	0	0	0	0	2	1	1	0	0	0	0	0	1	1	1	0	0	0	0	2	1	1	1	0	0	0	0	0	3	1	1	0	0	0	0	1	4	1	0	0	0	0	0	3	1	1	0	0	0	0	0	4	1	1	0	0	0	0	0	3	1	1	0	0	0	0	0	1	1	1	0	0	0	0	3	1	1	1	0	0	0	0	0	3	1	1	0	0	0	0	1	1	3	0	0	0	0	0	1	4	1	0	0	0	0	0	1	1	1	0	0	0	0	0	3	1	1	0	0	0	0	0	1	1	1	0	0	0	0	0	
DISTANCE_MATRIX
60	360	318	300	288	276	264	264	150	150	150	60	90	90	162	168	204	228	234	312	360	408	348	318	168	192	168	318	
360	60	264	318	324	342	342	342	348	348	354	360	372	378	378	420	420	480	462	498	462	462	384	420	372	420	378	378	
318	264	60	270	276	288	288	288	294	294	294	318	318	324	324	414	414	468	462	486	462	462	330	366	366	408	372	324	
300	318	270	60	276	288	288	288	288	288	288	300	300	312	318	408	408	468	462	486	438	438	318	360	360	402	360	312	
288	324	276	276	60	276	276	276	276	276	276	288	288	300	300	402	396	462	456	480	432	432	300	360	360	402	348	300	
276	342	288	288	276	60	180	180	252	258	264	264	264	288	288	390	390	456	450	480	432	432	288	348	348	348	288	288	
264	342	288	288	276	180	60	180	246	258	264	264	264	288	288	390	390	456	450	480	432	432	288	348	348	348	288	288	
264	342	288	288	276	180	180	60	240	258	264	264	264	288	288	390	390	456	450	480	432	432	288	348	348	348	288	288	
150	348	294	288	276	252	246	240	60	120	120	150	126	270	270	378	384	420	438	480	420	408	276	300	300	300	276	270	
150	348	294	288	276	258	258	258	120	60	120	150	150	270	270	378	384	420	438	480	420	408	276	300	300	300	276	270	
150	354	294	288	276	264	264	264	120	120	60	150	150	270	270	378	384	420	438	480	420	408	276	300	300	300	276	270	
60	360	318	300	288	264	264	264	150	150	150	60	90	162	168	228	234	312	360	408	348	318	168	192	192	198	168	162	
90	372	318	300	288	264	264	264	150	150	150	90	60	162	168	228	234	312	360	408	348	318	168	192	192	198	168	162	
90	378	324	312	300	288	288	288	270	270	270	162	162	60	120	180	180	306	210	360	300	300	120	180	120	180	120	234	
162	378	324	318	300	288	288	288	270	270	270	168	168	120	60	180	180	306	210	360	300	300	120	180	120	180	120	120	
168	420	414	408	402	348	348	348	300	300	300	228	228	180	180	60	132	204	132	348	258	258	186	60	180	132	222	180	
204	420	414	408	396	390	390	390	384	384	384	234	234	180	180	132	60	204	132	348	258	258	186	60	180	132	222	180	
228	480	468	468	462	456	456	456	420	420	420	312	312	306	306	204	204	60	198	120	240	240	306	204	306	138	306	306	
234	462	462	462	456	450	450	450	438	438	438	360	360	210	210	132	132	198	60	138	132	132	210	132	210	132	210	210	
312	498	486	486	480	480	480	480	480	480	480	408	408	360	360	348	348	120	138	60	348	348	360	348	360	348	360	360	
360	462	462	438	432	432	432	432	420	420	420	348	348	300	300	258	258	240	132	348	60	60	300	258	300	258	300	300	
408	462	462	438	432	432	432	432	408	408	408	318	318	300	300	258	258	240	132	348	60	60	300	258	300	258	300	300	
348	384	330	318	300	288	288	288	276	276	276	168	168	120	120	186	186	306	210	360	300	300	60	186	120	186	120	120	
318	420	366	360	360	348	348	348	300	300	300	192	192	180	180	60	60	204	132	348	258	258	186	60	180	60	180	180	
168	372	300	306	300	288	288	288	270	270	270	168	168	120	120	180	180	306	210	360	300	300	120	180	60	180	120	120	
192	420	408	402	402	348	348	348	300	300	300	198	198	180	180	132	132	138	132	348	258	258	186	60	180	60	180	180	
168	378	372	360	348	288	288	288	276	276	276	168	168	120	120	222	222	306	210	360	300	300	120	180	120	180	60	120	
318	378	324	312	300	288	288	288	270	270	270	162	162	234	120	180	180	306	210	360	300	300	120	180	120	180	120	60	
DEPOT_DISTANCE_MATRIX
60	360	318	300	288	276	264	264	150	150	150	60	90	90	162	168	204	228	234	312	360	408	348	318	168	192	168	318	
162	378	324	318	300	288	288	288	270	270	270	168	168	120	60	180	180	306	210	360	300	300	120	180	120	180	120	120	
318	420	366	360	360	348	348	348	300	300	300	192	192	180	180	60	60	204	132	348	258	258	186	60	180	60	180	180	
PATIENT_WEIGHT
43	138	105	71	128	113	133	116	139	101	128	103	117	114	141	53	34	139	89	130	90	99	130	70	60	65	96	90	56	39	115	129	143	53	133	105	47	143	85	88	93	134	108	143	68	44	136	122	126	133	77	120	42	65	76	58	110	58	143	61	141	56	128	109	149	137	33	52	48	97	132	105	45	61	129	111	93	91	91	80	45	47	125	131	82	32	68	97	71	114	40	41	112	133	136	130	124	90	68	118	62	81	114	115	87	117	49	80	81	87	71	119	70	101	134	38	61	59	98	58	30	143	138	109	40	120	147	106	135	46	43	83	62	66	88	74	139	117	44	63	80	36	117	94	59	101	134	122	57	131	107	113	76	106	130	68	72	78	129	137	150	84	106	125	134	69	85	117	117	44	34	37	78	78	113	64	78	44	80	111	133	134	97	68	94	101	62	46	47	79	104	93	48	123	137	61	128	81	76	114	37	78	94	149	42	97	89	57	121	130	148	88	141	141	121	47	95	74	31	111	147	116	120	40	107	146	85	88	51	114	100	124	96	39	134	137	54	55	124	98	146	69	36	34	75	42	147	51	135	125	57	64	103	111	130	120	79	115	140	130	52	137	98	40	36	64	53	106	84	122	79	116	79	69	103	34	65	36	113	140	46	34	83	83	112	147	133	118	108	42	41	92	84	135	86	119	118	110	51	96	144	40	75	117	46	139	113	127	98	46	144	76	45	120	93	44	100	126	116	131	79	76	116	105	75	67	118	148	67	74	52	134	45	134	46	96	80	109	42	94	126	83	91	119	127	42	98	57	132	85	73	103	105	49	85	136	80	74	80	139	85	64	141	120	39	34	150	56	75	90	133	42	54	87	141	87	88	56	85	42	127	63	41	95	132	32	122	82	145	31	78	137	110	118	129	149	77	92	92	118	85	100	150	71	33	57	74	87	73	132	32	30	114	64	149	126	49	98	100	92	138	136	95	75	134	81	136	103	103	142	128	78	110	139	33	42	111	81	97	51	100	106	129	69	36	41	50	34	122	49	62	61	55	64	117	57	131	140	40	104	115	97	37	31	81	102	41	38	111	115	85	70	92	72	111	109	125	105	73	72	86	105	71	50	47	64	53	107	127	76	85	62	88	90	68	55	145	138	58	123	77	64	118	113	150	93	139	36	121	89	34	87	140	69	32	51	104	133	146	56	140	121	51	141	53	148	58	108	119	69	86	104	68	102	30	130	122	108	95	45	112	42	76	71	127	83	49	61	48	126	150	93	73	100	141	51	81	146	47	107	122	35	136	130	128	71	106	66	116	115	76	40	90	130	48	65	62	70	97	108	143	146	148	131	68	88	111	88	137	75	135	43	103	138	32	55	87	104	112	150	118	67	133	46	145	57	93	79	76	78	63	123	44	145	90	108	134	83	55	119	107	128	133	102	113	119	68	35	99	84	56	58	142	130	103	81	33	32	50	71	128	111	88	96	149	46	142	58	75	103	67	107	132	123	52	31	89	57	136	68	90	68	106	76	130	45	102	127	111	44	70	36	107	40	124	113	123	82	75	67	145	66	62	52	83	114	88	32	48	119	42	52	113	79	114	103	61	35	126	54	69	98	134	110	100	31	76	121	135	103	32	74	86	83	107	111	68	136	47	49	138	41	119	96	128	45	57	110	145	62	75	55	142	89	147	127	67	31	35	110	81	105	44	89	38	66	95	149	100	87	115	61	102	63	38	80	59	121	102	62	73	72	113	78	101	140	64	40	58	79	121	67	128	48	121	144	56	80	108	42	121	134	50	59	94	96	46	92	144	138	84	134	86	110	37	106	51	135	98	127	49	
LOCATION_TURN_MATRIX
100	130	122	113	112	199	136	122	129	152	173	146	151	136	158	140	176	113	122	167	194	134	110	172	114	184	100	147	
170	100	154	188	164	169	136	136	152	170	104	183	155	115	101	104	155	187	174	115	149	134	178	168	114	135	168	102	
178	146	100	161	178	114	104	165	117	139	126	169	192	109	120	179	160	152	154	134	113	140	154	179	196	196	192	181	
187	112	139	100	158	114	195	181	104	132	195	106	183	169	132	170	140	136	172	148	116	110	123	136	151	120	176	169	
188	136	122	142	100	175	164	159	112	100	167	164	135	191	132	181	104	123	142	156	108	117	193	182	116	147	156	185	
101	131	186	186	125	100	190	147	164	150	137	102	145	176	185	131	113	108	117	186	118	151	140	178	154	189	172	110	
164	164	196	105	136	110	100	186	153	151	183	193	111	157	144	123	188	142	110	163	105	190	166	187	170	171	186	126	
178	164	135	119	141	153	114	100	106	130	108	103	151	178	122	151	130	133	184	177	110	141	166	110	122	174	191	197	
171	148	183	196	188	136	147	194	100	167	100	146	168	129	128	142	172	118	174	147	105	158	156	160	120	106	119	136	
148	130	161	168	200	150	149	170	133	100	177	106	175	116	188	180	176	194	108	146	130	187	183	173	128	141	169	176	
127	196	174	105	133	163	117	192	200	123	100	171	175	140	183	115	104	186	128	153	151	175	100	146	191	117	132	197	
154	117	131	194	136	198	107	197	154	194	129	100	136	184	140	147	172	184	148	131	103	156	185	200	152	158	154	143	
149	145	108	117	165	155	189	149	132	125	125	164	100	140	199	142	101	144	163	185	117	191	200	143	113	165	102	154	
164	185	191	131	109	124	143	122	171	184	160	116	160	100	109	116	196	113	131	186	166	139	183	175	144	161	105	170	
142	199	180	168	168	115	156	178	172	112	117	160	101	191	100	147	177	177	199	158	172	188	164	175	180	168	154	195	
160	196	121	130	119	169	177	149	158	120	185	153	158	184	153	100	152	159	197	157	181	159	102	123	168	200	124	186	
124	145	140	160	196	187	112	170	128	124	196	128	199	104	123	148	100	149	114	112	117	135	105	132	138	180	198	156	
187	113	148	164	177	192	158	167	182	106	114	116	156	187	123	141	151	100	166	132	168	163	159	123	129	173	161	116	
178	126	146	128	158	183	190	116	126	192	172	152	137	169	101	103	186	134	100	184	199	137	130	160	148	113	140	150	
133	185	166	152	144	114	137	123	153	154	147	169	115	114	142	143	188	168	116	100	111	195	128	157	191	164	141	171	
106	151	187	184	192	182	195	190	195	170	149	197	183	134	128	119	183	132	101	189	100	129	151	163	147	166	104	177	
166	166	160	190	183	149	110	159	142	113	125	144	109	161	112	141	165	137	163	105	171	100	101	185	169	129	103	197	
190	122	146	177	107	160	134	134	144	117	200	115	100	117	136	198	195	141	170	172	149	199	100	106	150	116	118	145	
128	132	121	164	118	122	113	190	140	127	154	100	157	125	125	177	168	177	140	143	137	115	194	100	128	167	115	155	
186	186	104	149	184	146	130	178	180	172	109	148	187	156	120	132	162	171	152	109	153	131	150	172	100	155	124	184	
116	165	104	180	153	111	129	126	194	159	183	142	135	139	132	100	120	127	187	136	134	171	184	133	145	100	129	192	
200	132	108	124	144	128	114	109	181	131	168	146	198	195	146	176	102	139	160	159	196	197	182	185	176	171	100	146	
153	198	119	131	115	190	174	103	164	124	103	157	146	130	105	114	144	184	150	129	123	103	155	145	116	108	154	100	

