INDEX_PROBLEM
1
PATIENTS
800
STRETCHERS
16
NUM_ROOM
28
NUM_DEPOTS
3
NUM_PRIORITY
4
PRIORITY_LIST
0	1	2	3	4	
PRIORITY_WEIGHT
0	1	10	18	30	
PRIORITY_JOB
0	1	2	3	4	3	4	3	2	2	3	4	1	4	3	3	2	3	4	4	1	4	4	3	2	3	4	1	2	3	4	4	3	3	4	1	2	3	4	3	3	4	2	3	3	4	3	3	4	4	1	2	3	4	4	3	3	1	4	2	2	1	2	1	2	3	1	2	3	4	4	4	3	1	4	1	2	3	1	2	4	1	2	3	4	1	1	3	4	3	4	1	2	3	2	1	1	4	4	2	3	3	3	3	4	1	4	1	2	3	2	1	2	4	4	2	2	3	3	3	4	1	4	1	2	3	2	1	2	4	4	1	2	3	4	3	4	1	4	1	2	3	1	2	1	3	4	1	2	1	3	4	3	3	4	2	3	3	2	1	1	4	1	2	3	4	3	4	3	4	1	4	2	2	2	1	2	1	3	4	1	2	3	3	4	1	4	1	2	3	2	2	3	4	1	2	3	1	4	4	3	3	4	1	2	3	1	2	1	4	2	3	3	1	4	3	3	1	4	4	1	2	3	2	1	2	4	2	2	3	4	3	4	3	1	4	1	2	3	1	2	4	4	4	1	2	3	4	1	1	3	4	1	2	2	2	1	3	3	4	1	2	3	4	3	3	1	3	4	2	3	1	2	1	3	4	1	2	3	4	4	3	1	4	2	2	2	1	2	1	4	3	1	2	3	3	4	4	1	4	4	1	2	1	2	2	3	4	1	2	3	4	3	3	1	3	4	1	1	2	1	2	3	4	2	4	3	3	3	1	3	1	4	1	2	2	1	2	3	4	4	2	4	3	3	4	2	1	3	1	2	1	2	3	4	4	1	4	3	4	1	2	1	3	4	1	2	2	1	2	3	4	4	1	3	4	3	2	1	3	4	2	1	2	1	3	3	3	4	1	2	4	3	4	3	4	2	4	1	2	1	2	3	2	1	2	3	3	4	4	1	4	1	1	2	2	3	2	3	4	1	2	4	3	4	3	1	4	4	1	1	2	2	2	3	4	2	3	3	3	4	3	1	4	1	2	1	2	1	1	3	4	2	2	3	4	3	3	4	1	1	2	2	2	1	3	4	1	2	4	3	4	3	3	4	1	1	2	2	1	3	4	4	1	2	2	4	4	3	3	1	4	1	2	2	1	2	3	3	4	4	1	4	3	4	2	3	4	2	1	2	1	1	2	3	1	2	3	3	4	4	1	4	2	2	2	1	3	2	3	4	1	2	4	3	4	3	4	1	4	1	2	2	1	2	3	4	1	2	4	3	4	3	1	3	4	1	2	1	1	2	3	4	2	3	2	3	4	2	3	4	1	1	2	1	2	2	3	4	4	2	4	3	4	2	3	1	1	2	1	2	2	3	4	4	1	2	3	4	4	3	1	4	1	2	1	1	2	3	3	4	1	2	3	4	3	3	3	1	4	4	2	1	2	1	2	3	1	2	3	4	4	3	4	1	4	2	2	1	2	2	3	4	2	1	2	4	3	3	1	4	4	1	1	2	4	2	3	4	1	2	3	4	3	1	3	1	3	4	1	2	1	2	2	3	4	2	2	4	3	4	3	1	3	1	2	1	2	1	4	4	2	2	3	4	3	4	3	1	4	1	2	2	2	3	4	4	1	2	4	3	1	3	1	4	1	2	1	2	1	3	3	4	1	4	2	3	3	4	3	1	4	2	2	2	1	1	3	4	1	2	3	3	4	4	1	4	2	2	2	1	2	3	1	4	1	2	2	1	2	1	3	4	4	1	1	1	2	1	2	3	4	1	1	1	2	1	2	3	3	4	2	1	2	1	1	1	2	3	4	2	1	2	1	2	2	3	4	1	1	2	
TIME_ASKED
0	28800	28800	28800	28800	28800	28800	28800	28800	28800	28800	28800	28800	28800	28800	28800	28800	29545	29574	29603	29632	29661	29690	29742	29784	29826	29868	29910	29952	29994	30029	30058	30087	30116	30145	30174	30203	30232	30261	30290	30329	30358	30387	30416	30445	30474	30503	30532	30561	30590	30621	30642	30663	30684	30705	30726	30747	30768	30789	30810	30831	30852	30873	30894	30949	30998	31047	31096	31145	31194	31227	31254	31281	31308	31335	31362	31389	31416	31443	31470	31497	31524	31548	31572	31596	31620	31644	31668	31692	31716	31740	31764	31788	31837	31874	31911	31948	31985	32022	32059	32096	32159	32218	32277	32336	32395	32419	32438	32457	32476	32495	32514	32533	32552	32571	32590	32609	32628	32647	32666	32685	32759	32818	32877	32936	32995	33027	33054	33081	33108	33135	33162	33189	33216	33243	33270	33297	33333	33366	33399	33432	33465	33498	33531	33564	33597	33616	33632	33648	33664	33680	33696	33712	33728	33744	33760	33776	33792	33808	33824	33840	33856	33872	33888	33933	33966	33999	34032	34065	34098	34131	34164	34197	34242	34284	34326	34368	34410	34452	34494	34533	34566	34599	34632	34665	34698	34731	34764	34797	34827	34854	34881	34908	34935	34962	34989	35016	35043	35070	35097	35137	35174	35211	35248	35285	35322	35359	35396	35433	35466	35499	35532	35565	35598	35631	35664	35697	35723	35746	35769	35792	35815	35838	35861	35884	35907	35930	35953	35976	35999	36023	36046	36069	36092	36115	36138	36161	36184	36207	36230	36253	36276	36299	36327	36354	36381	36408	36435	36462	36489	36516	36543	36570	36597	36619	36638	36657	36676	36695	36714	36733	36752	36771	36790	36809	36828	36847	36866	36885	36949	36998	37047	37096	37145	37194	37259	37318	37377	37436	37495	37549	37598	37647	37696	37745	37794	37827	37854	37881	37908	37935	37962	37989	38016	38043	38070	38097	38123	38146	38169	38192	38215	38238	38261	38284	38307	38330	38353	38376	38399	38419	38438	38457	38476	38495	38514	38533	38552	38571	38590	38609	38628	38647	38666	38685	38742	38784	38826	38868	38910	38952	38994	39029	39058	39087	39116	39145	39174	39203	39232	39261	39290	39349	39398	39447	39496	39545	39594	39633	39666	39699	39732	39765	39798	39831	39864	39897	39937	39974	40011	40048	40085	40122	40159	40196	40242	40284	40326	40368	40410	40452	40494	40542	40584	40626	40668	40710	40752	40794	40849	40898	40947	40996	41045	41094	41133	41166	41199	41232	41265	41298	41331	41364	41397	41423	41446	41469	41492	41515	41538	41561	41584	41607	41630	41653	41676	41699	41749	41798	41847	41896	41945	41994	42099	42198	42297	42342	42384	42426	42468	42510	42552	42594	42699	42798	42897	42923	42946	42969	42992	43015	43038	43061	43084	43107	43130	43153	43176	43199	43237	43274	43311	43348	43385	43422	43459	43496	43549	43598	43647	43696	43745	43794	43899	43998	44097	44159	44218	44277	44336	44395	44459	44518	44577	44636	44695	44799	44898	44997	45033	45066	45099	45132	45165	45198	45231	45264	45297	45337	45374	45411	45448	45485	45522	45559	45596	45637	45674	45711	45748	45785	45822	45859	45896	45959	46018	46077	46136	46195	46249	46298	46347	46396	46445	46494	46537	46574	46611	46648	46685	46722	46759	46796	46821	46842	46863	46884	46905	46926	46947	46968	46989	47010	47031	47052	47073	47094	47199	47298	47397	47437	47474	47511	47548	47585	47622	47659	47696	47737	47774	47811	47848	47885	47922	47959	47996	48049	48098	48147	48196	48245	48294	48324	48348	48372	48396	48420	48444	48468	48492	48516	48540	48564	48588	48627	48654	48681	48708	48735	48762	48789	48816	48843	48870	48897	48937	48974	49011	49048	49085	49122	49159	49196	49233	49266	49299	49332	49365	49398	49431	49464	49497	49537	49574	49611	49648	49685	49722	49759	49796	49827	49854	49881	49908	49935	49962	49989	50016	50043	50070	50097	50149	50198	50247	50296	50345	50394	50424	50448	50472	50496	50520	50544	50568	50592	50616	50640	50664	50688	50737	50774	50811	50848	50885	50922	50959	50996	51027	51054	51081	51108	51135	51162	51189	51216	51243	51270	51297	51324	51348	51372	51396	51420	51444	51468	51492	51516	51540	51564	51588	51637	51674	51711	51748	51785	51822	51859	51896	51933	51966	51999	52032	52065	52098	52131	52164	52197	52259	52318	52377	52436	52495	52517	52534	52551	52568	52585	52602	52619	52636	52653	52670	52687	52704	52721	52738	52755	52772	52789	52859	52918	52977	53036	53095	53137	53174	53211	53248	53285	53322	53359	53396	53459	53518	53577	53636	53695	53733	53766	53799	53832	53865	53898	53931	53964	53997	54027	54054	54081	54108	54135	54162	54189	54216	54243	54270	54297	54374	54448	54522	54596	54627	54654	54681	54708	54735	54762	54789	54816	54843	54870	54897	55049	55198	55237	55274	55311	55348	55385	55422	55459	55496	55574	55648	55722	55796	55827	55854	55881	55908	55935	55962	55989	56016	56043	56070	56097	56399	56499	56598	56697	56733	56766	56799	56832	56865	56898	56931	56964	56997	57049	57098	57147	57196	57245	57294	57359	57418	57477	57536	57595	
ORIGIN
0	16	6	27	19	25	27	23	25	25	23	10	2	14	14	14	14	14	3	23	13	14	26	16	14	26	16	7	9	9	27	7	9	9	1	23	14	14	23	2	14	2	14	3	2	14	14	8	11	6	27	18	7	27	20	8	26	14	10	2	23	14	2	26	12	14	23	14	4	14	8	12	14	25	7	27	9	9	9	3	14	14	23	11	2	14	14	23	14	2	3	24	7	5	5	1	24	1	18	7	27	27	20	1	12	27	12	23	12	2	14	14	14	14	14	4	24	15	4	14	16	26	26	14	7	14	14	11	2	23	10	2	23	4	14	14	27	14	14	26	14	27	14	27	9	23	7	27	20	14	14	27	13	14	23	27	2	2	14	14	11	14	4	24	15	4	26	16	20	27	26	26	14	14	14	1	14	23	3	23	12	2	25	14	14	1	14	14	27	14	8	5	23	14	1	20	8	23	13	13	5	27	20	2	14	5	4	23	7	8	27	14	4	16	8	5	1	14	16	14	20	14	3	3	14	2	17	25	2	23	14	3	26	14	14	14	27	11	14	25	16	14	3	8	27	23	14	23	27	4	26	14	14	2	7	7	14	27	23	4	26	4	5	14	17	2	14	26	3	14	14	14	14	14	4	2	23	13	3	23	10	10	6	14	14	25	25	14	14	26	14	23	23	8	23	14	10	2	25	26	2	1	1	1	3	26	1	17	16	5	1	9	14	1	2	27	14	14	14	2	9	14	27	23	13	2	27	14	5	14	14	14	1	7	14	3	14	14	2	2	8	1	23	10	26	14	12	27	26	14	4	10	14	14	25	6	5	26	25	6	14	26	14	14	6	14	23	14	26	2	14	13	2	23	14	1	20	26	2	1	1	14	14	26	14	17	14	14	1	23	10	1	14	14	17	14	14	14	27	14	14	14	11	4	26	1	11	7	14	14	14	17	17	3	14	17	2	2	14	17	23	14	3	16	14	14	9	14	7	26	26	23	7	7	14	14	23	10	1	3	14	24	2	8	14	14	14	5	5	9	9	2	16	6	27	19	7	27	22	3	12	14	20	26	14	26	26	23	14	3	23	14	14	26	15	6	6	1	14	16	16	26	13	23	9	26	14	11	26	13	4	4	27	14	14	14	26	12	8	8	5	27	18	7	20	14	2	17	14	2	22	23	10	2	2	2	3	23	14	25	24	14	1	1	14	4	26	26	10	14	14	9	1	23	11	14	23	14	14	27	14	26	15	14	14	7	14	1	26	17	7	14	11	14	14	14	14	27	20	11	11	23	6	3	23	14	4	14	15	4	14	22	14	3	26	14	14	14	23	1	23	10	2	14	14	23	15	14	14	27	15	26	27	1	14	26	16	7	27	26	26	13	14	3	9	9	20	16	20	26	14	23	14	3	24	14	4	14	17	14	3	26	14	3	8	26	8	14	10	2	1	12	14	11	1	14	27	14	14	26	26	1	9	14	7	1	19	2	14	14	1	3	23	20	2	14	14	7	5	14	3	24	14	4	14	3	3	1	18	2	14	2	26	3	14	10	1	23	12	2	23	15	25	25	14	27	23	11	15	12	16	6	27	19	14	27	12	14	23	20	10	22	22	14	16	14	14	3	23	14	4	26	13	13	26	14	7	1	26	14	26	8	9	1	23	11	13	23	4	8	8	14	4	11	11	14	1	23	6	27	18	11	27	21	3	14	23	10	22	22	26	2	11	14	3	23	19	5	8	16	5	5	16	7	27	26	14	11	7	9	1	23	14	14	23	13	14	14	14	3	24	7	1	27	14	5	27	18	7	27	20	8	14	17	10	1	23	2	2	7	27	
DESTINATION
0	14	17	2	22	14	2	26	14	14	27	14	14	5	8	16	25	25	14	4	7	9	3	14	9	3	16	20	14	14	23	13	14	14	14	27	5	5	1	24	5	27	26	14	27	20	8	14	12	17	2	27	20	2	14	14	14	16	14	14	27	25	27	23	11	26	3	26	14	2	14	11	2	14	20	2	14	14	14	26	16	26	27	15	14	9	16	27	9	27	14	1	13	14	14	23	2	23	27	20	2	2	14	14	11	2	11	27	11	27	20	8	26	15	26	14	2	14	14	1	14	14	14	3	23	8	8	12	14	1	14	14	27	14	8	5	23	9	9	14	2	23	2	23	14	27	20	2	14	5	4	23	7	5	1	18	14	27	20	1	12	16	14	2	14	14	3	14	14	2	14	14	4	15	4	14	16	27	14	27	11	14	14	25	16	23	10	2	23	4	14	14	27	26	14	14	14	27	7	7	14	23	7	14	20	14	14	27	13	14	23	26	14	14	14	14	14	16	14	4	14	4	26	26	20	27	6	14	14	1	25	14	14	26	3	3	23	12	25	14	14	3	26	14	2	27	1	1	23	14	14	1	8	27	13	13	5	2	27	14	3	14	14	2	9	14	5	14	26	8	5	8	5	1	14	14	1	7	14	3	14	14	17	1	25	14	14	3	26	14	4	27	26	14	4	10	14	14	14	3	27	14	14	23	14	3	14	6	14	14	23	14	26	14	27	23	4	4	5	14	17	2	23	1	7	14	23	26	14	2	4	4	23	13	3	23	10	10	27	14	14	14	27	14	14	4	11	23	23	8	23	14	10	2	14	17	14	3	14	17	2	14	1	1	17	5	1	9	14	14	9	7	14	1	26	23	7	14	14	23	23	2	2	14	5	9	8	2	14	27	14	14	5	5	9	2	2	1	23	10	26	26	12	14	3	23	12	20	26	26	25	6	6	26	25	6	14	14	26	6	1	25	14	16	26	26	14	2	13	14	14	1	20	20	4	4	27	14	14	14	26	2	14	14	1	10	1	14	14	17	17	14	14	17	2	22	23	2	2	26	11	16	7	14	2	14	14	1	25	14	4	26	10	14	14	17	17	23	3	16	16	14	7	27	14	14	26	15	14	7	14	14	23	10	1	3	14	11	14	14	14	2	27	20	11	26	24	6	2	27	19	7	14	27	22	22	14	3	26	14	2	26	23	23	3	23	14	14	14	26	15	14	14	27	15	26	27	1	26	23	9	14	11	26	26	13	4	14	3	9	20	16	20	8	8	8	5	18	7	20	20	7	17	14	3	26	14	8	14	14	8	2	3	23	14	25	26	15	1	14	27	14	14	26	26	1	14	1	9	23	11	14	23	14	1	3	16	20	2	14	14	7	1	26	17	17	7	14	11	3	3	1	26	14	2	26	14	4	6	9	23	14	4	23	14	14	14	25	14	14	23	11	15	12	23	1	23	10	2	14	14	23	14	26	20	14	22	14	16	1	14	26	27	7	27	26	26	13	14	26	14	1	26	14	4	14	26	23	27	24	3	24	14	26	8	14	14	27	11	14	1	14	14	14	10	23	1	12	14	11	14	17	2	22	26	2	11	16	1	7	14	19	19	2	14	5	25	14	5	26	14	14	7	7	14	3	20	24	14	4	3	14	14	14	27	20	7	1	14	14	14	10	14	12	12	2	23	27	17	2	27	12	2	7	27	16	27	14	19	19	14	27	12	25	14	4	22	14	14	14	14	14	14	20	2	14	4	12	13	14	14	27	8	9	27	7	8	8	26	14	1	13	23	23	4	14	2	27	20	2	14	14	8	6	14	14	27	27	27	21	3	
DUE_DATE
0	31147	30476	30045	29554	30143	29652	30247	30776	30825	30394	29903	31692	29987	30556	30585	31094	30643	30132	30161	31930	30219	30248	30840	31362	30924	30426	32208	31530	31092	30587	30616	31185	31214	30703	32472	31781	31330	30819	31388	31427	30916	31965	31514	31543	31032	31601	31630	31119	31148	32919	32220	31761	31242	31263	31824	31845	33066	31347	32388	32409	33150	32451	33192	32527	32096	33345	32674	32243	31752	31785	31812	32379	33606	31893	33660	32967	32514	33741	33048	32055	33822	33126	32670	32154	33918	33942	32766	32250	32814	32298	34062	33366	32935	33452	34209	34246	32543	32580	33637	33194	33257	33316	33375	32894	34693	32977	34736	34035	33574	34073	34812	34111	33110	33129	34168	34187	33726	33745	33764	33243	35057	33376	35175	34514	34093	34605	35352	34659	33666	33693	35460	34767	34314	33801	34368	33855	35631	33924	35697	35010	34563	35796	35109	35862	34695	34174	35930	35226	35962	34778	34254	34810	34826	34302	35338	34874	34890	35386	36122	36138	34414	36170	35466	35031	34524	35097	34590	35163	34656	36429	34722	35775	35820	35862	36624	35946	36708	35550	35052	36831	36144	35697	35730	35223	36996	35289	37062	36375	35925	36432	36459	36006	35493	37260	36567	36114	37341	35628	35655	36235	36272	35769	37546	36863	36420	37657	36974	37731	36024	37077	36630	36663	37896	36189	36762	36795	38021	36304	36327	38090	37393	36936	37439	38182	37485	36488	37531	37554	37097	36581	37144	36627	37190	38413	36696	38459	37762	37305	38528	37831	36834	36857	36885	38652	37959	37506	36993	38760	38787	37614	37101	38868	38175	38197	38216	38955	37774	37793	37272	39031	38330	37869	37348	37907	37926	39145	37964	37443	38527	38096	39345	38674	39443	38292	37817	39616	38955	38534	38053	38107	38696	39945	38254	39323	39372	39405	40152	39459	40206	38493	39060	40287	39594	39141	39168	38655	38681	40444	38727	38750	40513	39816	40559	39862	39885	39428	38911	40674	39977	39517	38996	39555	39574	40793	39612	39091	40850	40869	40168	40907	40206	39745	39224	40263	39300	39882	39924	39966	41208	40050	41292	39587	41356	40665	40694	41443	40752	40301	39790	39819	40868	39907	40496	40545	40054	41123	41892	40731	41964	41277	42030	41343	40896	40389	40422	42195	40495	41072	40569	42346	41663	42420	41257	40754	42540	41862	41904	42666	41988	41550	41052	41100	42882	41724	41226	41808	42330	43092	41947	41456	42525	43294	42623	43392	42231	42264	42297	41790	43563	42876	41889	42462	41955	42521	42004	43047	42050	43813	43116	43859	43162	42705	43208	43951	43254	42797	42847	42356	42405	44194	42503	44292	44397	43776	43875	43440	43962	43524	43026	44808	44130	43152	43797	43356	43995	45221	43504	43527	45290	45313	44616	44639	44662	44205	43688	44731	44274	44297	44335	43832	44409	45646	43943	45720	45037	45794	45127	45896	45945	44794	44303	45372	45477	45096	44655	45257	45316	44835	46634	46693	46037	46096	46155	46934	45793	45357	47196	46575	45591	46164	45657	46230	46263	45756	47529	47562	46875	46915	47672	46509	46006	46043	47820	47137	47174	46195	46232	46809	46846	48083	46380	48157	47474	47537	48316	47655	47234	47293	46807	46856	48645	46954	47543	47052	48115	47672	47169	48226	48983	48300	49057	49094	48399	47940	49161	48462	48003	48024	47505	47526	49287	47568	48609	48630	48651	49392	48297	48876	48495	47995	49772	49089	48106	48683	48180	48757	48254	50035	48332	50109	49426	49463	50220	49537	49094	48607	50396	49725	48754	49343	48852	49422	50646	49470	48954	50718	50022	50766	50790	50094	49638	49122	50166	49725	50232	49779	49266	50313	49860	49347	51114	51141	50448	51195	50515	50552	50109	49606	49643	50700	49717	50294	49791	50844	50397	51630	51663	50976	51729	51042	51075	50635	50132	50169	51946	51263	50820	50317	50354	50925	52152	50439	52206	51513	52260	52287	51594	51141	51168	50655	52447	51776	51345	50854	51443	51492	51522	52746	51030	51054	52098	52842	52146	52890	52194	51738	52962	52266	51835	51332	51369	51946	51443	53220	51517	52574	52605	53352	52659	52686	52233	51720	52767	53514	52821	51828	52395	52422	53646	51930	51954	53718	53742	53046	52050	53094	52638	52122	53886	53215	52772	52269	52846	54083	52920	54157	52994	52491	54264	53577	54330	53643	53676	53229	52722	53775	53837	52876	53475	52994	53593	54815	53632	54849	54146	54883	54180	54917	53194	53211	54248	54265	53802	53279	53836	53313	53870	55087	53417	55216	54555	54614	54673	54235	53732	53769	55546	54863	53880	54457	55694	54557	55816	54135	55934	55273	56031	55344	56097	54930	54963	54456	56229	54522	55575	55125	55152	54639	55206	56433	54720	55767	55794	55821	56568	56595	55472	55006	56820	56174	55725	55752	55239	55266	57033	55320	56367	56394	56421	57168	56475	56147	57496	55795	57572	56889	56926	57683	57000	57757	56594	56132	56206	58020	58094	58125	57432	58179	57486	57033	56520	58287	58314	58341	57648	58395	57977	57597	57696	57255	58311	59064	58377	59130	59163	59196	58509	58062	57555	58627	59396	58725	59494	58823	58872	58457	57976	59775	59834	59173	
TRANSPORT_MODE
0	2	4	4	4	0	0	0	2	4	1	4	4	0	0	0	2	4	4	4	2	0	0	0	4	4	4	4	2	0	0	0	4	4	4	4	2	0	0	0	4	4	4	4	2	0	0	0	0	4	4	4	4	4	0	0	0	3	4	4	4	0	0	0	0	2	4	4	4	4	0	0	0	3	4	4	4	2	0	0	4	4	4	4	0	3	0	0	0	1	4	4	4	2	0	0	0	4	4	4	4	1	0	0	0	3	1	4	4	1	0	0	0	0	2	4	4	1	0	0	0	3	4	4	4	4	0	0	0	2	4	1	1	4	0	0	0	3	4	4	4	2	0	0	0	4	1	4	4	3	0	0	0	4	4	1	4	4	0	0	0	2	4	4	4	1	0	0	0	0	3	4	4	1	0	0	0	0	2	4	4	4	4	0	0	3	4	4	4	2	0	0	0	4	4	1	4	3	0	0	0	4	4	4	4	2	0	0	0	4	4	4	1	3	0	0	0	0	1	1	4	4	1	0	0	0	2	4	4	4	0	0	0	0	3	1	1	4	2	0	0	0	4	4	4	1	0	0	0	3	4	1	4	4	0	0	0	2	4	1	4	1	0	0	0	0	3	4	4	1	4	0	0	0	2	4	4	4	4	0	0	0	3	4	1	1	0	0	0	0	4	2	1	4	1	0	0	0	3	4	4	1	0	0	0	4	2	4	4	4	0	0	0	4	3	1	1	1	0	0	0	2	1	4	4	0	4	0	0	0	1	3	1	4	1	0	0	0	4	4	4	1	0	0	0	0	4	3	4	4	1	0	0	4	2	4	1	0	0	0	0	1	3	1	4	4	0	0	0	1	2	4	4	1	0	0	0	1	3	4	4	4	0	0	0	0	4	2	4	1	1	0	0	0	1	4	1	1	0	0	0	1	4	0	2	4	4	0	0	1	3	1	4	0	0	0	0	4	4	2	1	4	0	0	0	4	3	1	1	1	0	0	0	1	2	4	4	1	0	0	0	1	3	1	1	1	0	0	0	0	4	4	4	1	0	0	0	1	4	3	4	4	0	0	0	1	2	4	4	0	0	0	0	1	1	3	1	1	0	0	1	2	1	4	4	0	0	0	0	1	3	1	1	4	0	0	0	4	2	1	1	4	0	0	0	4	4	1	1	0	0	0	0	1	1	2	1	4	0	0	4	3	1	1	0	0	0	0	1	1	2	1	4	0	0	0	4	1	3	1	4	0	0	0	4	2	1	4	1	0	0	0	1	3	1	1	4	0	0	0	1	1	2	1	0	1	0	0	0	1	1	3	4	1	0	0	0	1	2	1	4	0	0	0	4	1	3	1	4	0	0	0	4	2	1	1	1	0	0	0	1	3	1	1	1	0	0	0	1	2	4	1	1	0	0	0	0	1	3	1	1	1	0	0	0	4	1	2	1	4	0	0	0	4	3	1	4	0	0	0	1	2	1	0	1	1	0	0	1	3	1	1	1	0	0	0	1	2	1	1	1	0	0	0	0	4	3	1	1	1	0	0	0	1	2	4	1	1	0	0	0	4	3	4	1	1	0	0	0	1	2	1	1	0	0	0	0	1	3	1	1	1	0	0	1	2	1	1	1	0	0	0	1	3	1	4	1	0	0	0	1	2	1	4	0	1	0	0	0	1	3	1	1	1	0	0	0	1	2	1	1	1	0	0	0	3	1	1	1	0	0	0	1	3	1	1	1	0	0	0	3	1	1	1	1	0	0	0	3	4	1	1	1	0	0	0	3	1	1	1	1	0	0	0	0	3	1	1	1	1	0	0	0	3	1	1	1	1	0	0	0	
DISTANCE_MATRIX
60	360	318	300	288	276	264	264	150	150	150	60	90	90	162	168	204	228	234	312	360	408	348	318	168	192	168	318	
360	60	264	318	324	342	342	342	348	348	354	360	372	378	378	420	420	480	462	498	462	462	384	420	372	420	378	378	
318	264	60	270	276	288	288	288	294	294	294	318	318	324	324	414	414	468	462	486	462	462	330	366	366	408	372	324	
300	318	270	60	276	288	288	288	288	288	288	300	300	312	318	408	408	468	462	486	438	438	318	360	360	402	360	312	
288	324	276	276	60	276	276	276	276	276	276	288	288	300	300	402	396	462	456	480	432	432	300	360	360	402	348	300	
276	342	288	288	276	60	180	180	252	258	264	264	264	288	288	390	390	456	450	480	432	432	288	348	348	348	288	288	
264	342	288	288	276	180	60	180	246	258	264	264	264	288	288	390	390	456	450	480	432	432	288	348	348	348	288	288	
264	342	288	288	276	180	180	60	240	258	264	264	264	288	288	390	390	456	450	480	432	432	288	348	348	348	288	288	
150	348	294	288	276	252	246	240	60	120	120	150	126	270	270	378	384	420	438	480	420	408	276	300	300	300	276	270	
150	348	294	288	276	258	258	258	120	60	120	150	150	270	270	378	384	420	438	480	420	408	276	300	300	300	276	270	
150	354	294	288	276	264	264	264	120	120	60	150	150	270	270	378	384	420	438	480	420	408	276	300	300	300	276	270	
60	360	318	300	288	264	264	264	150	150	150	60	90	162	168	228	234	312	360	408	348	318	168	192	192	198	168	162	
90	372	318	300	288	264	264	264	150	150	150	90	60	162	168	228	234	312	360	408	348	318	168	192	192	198	168	162	
90	378	324	312	300	288	288	288	270	270	270	162	162	60	120	180	180	306	210	360	300	300	120	180	120	180	120	234	
162	378	324	318	300	288	288	288	270	270	270	168	168	120	60	180	180	306	210	360	300	300	120	180	120	180	120	120	
168	420	414	408	402	348	348	348	300	300	300	228	228	180	180	60	132	204	132	348	258	258	186	60	180	132	222	180	
204	420	414	408	396	390	390	390	384	384	384	234	234	180	180	132	60	204	132	348	258	258	186	60	180	132	222	180	
228	480	468	468	462	456	456	456	420	420	420	312	312	306	306	204	204	60	198	120	240	240	306	204	306	138	306	306	
234	462	462	462	456	450	450	450	438	438	438	360	360	210	210	132	132	198	60	138	132	132	210	132	210	132	210	210	
312	498	486	486	480	480	480	480	480	480	480	408	408	360	360	348	348	120	138	60	348	348	360	348	360	348	360	360	
360	462	462	438	432	432	432	432	420	420	420	348	348	300	300	258	258	240	132	348	60	60	300	258	300	258	300	300	
408	462	462	438	432	432	432	432	408	408	408	318	318	300	300	258	258	240	132	348	60	60	300	258	300	258	300	300	
348	384	330	318	300	288	288	288	276	276	276	168	168	120	120	186	186	306	210	360	300	300	60	186	120	186	120	120	
318	420	366	360	360	348	348	348	300	300	300	192	192	180	180	60	60	204	132	348	258	258	186	60	180	60	180	180	
168	372	300	306	300	288	288	288	270	270	270	168	168	120	120	180	180	306	210	360	300	300	120	180	60	180	120	120	
192	420	408	402	402	348	348	348	300	300	300	198	198	180	180	132	132	138	132	348	258	258	186	60	180	60	180	180	
168	378	372	360	348	288	288	288	276	276	276	168	168	120	120	222	222	306	210	360	300	300	120	180	120	180	60	120	
318	378	324	312	300	288	288	288	270	270	270	162	162	234	120	180	180	306	210	360	300	300	120	180	120	180	120	60	
DEPOT_DISTANCE_MATRIX
60	360	318	300	288	276	264	264	150	150	150	60	90	90	162	168	204	228	234	312	360	408	348	318	168	192	168	318	
162	378	324	318	300	288	288	288	270	270	270	168	168	120	60	180	180	306	210	360	300	300	120	180	120	180	120	120	
318	420	366	360	360	348	348	348	300	300	300	192	192	180	180	60	60	204	132	348	258	258	186	60	180	60	180	180	
PATIENT_WEIGHT
87	133	32	91	124	92	36	74	146	61	34	95	57	81	105	110	33	127	106	90	48	30	53	103	87	82	122	133	94	44	133	73	123	145	123	120	133	130	46	46	97	105	47	116	36	30	43	137	126	84	87	89	51	74	129	143	125	58	144	120	72	141	133	37	60	114	74	97	64	36	132	123	78	78	117	145	68	131	73	50	97	33	33	97	125	147	79	42	72	90	41	86	104	31	59	83	115	146	103	113	127	78	114	75	42	122	84	86	74	72	65	45	83	47	64	84	48	133	54	73	51	76	39	95	148	98	122	90	37	40	144	67	76	83	70	35	72	113	79	54	44	112	69	75	141	80	77	120	110	69	127	100	58	85	65	115	142	130	120	42	141	120	90	82	76	118	144	39	66	109	113	91	101	144	133	124	91	53	144	56	102	125	41	66	93	78	38	103	95	64	34	135	60	81	69	30	149	60	79	59	51	102	144	119	137	111	141	133	52	106	34	101	39	78	131	110	69	48	74	139	147	95	34	100	79	75	67	45	41	36	96	102	145	86	60	111	132	144	61	67	67	150	112	39	104	125	145	49	126	139	31	89	73	148	75	102	130	118	58	105	70	130	31	105	67	97	146	33	107	145	47	58	69	107	84	62	135	147	107	146	78	97	85	133	113	150	50	43	150	139	102	118	135	109	114	43	134	124	47	102	149	70	135	121	141	142	76	133	124	35	117	106	141	127	118	37	78	60	146	138	112	93	95	52	127	68	66	73	135	82	76	85	80	141	97	99	143	47	34	45	106	146	102	113	32	67	64	37	105	110	104	121	129	149	120	31	62	111	115	55	49	124	117	30	83	111	45	34	138	114	37	49	57	75	144	72	30	88	73	123	102	97	46	78	123	43	46	128	42	119	63	140	83	36	81	71	53	50	63	136	44	133	138	72	137	74	91	118	105	50	59	87	41	132	83	128	54	139	138	32	35	130	48	51	98	62	134	104	149	77	110	96	63	121	79	112	68	112	93	52	109	107	39	76	76	90	114	71	79	33	114	45	143	89	44	128	65	35	30	150	75	82	127	79	147	49	65	97	105	54	68	49	123	127	144	70	122	59	131	64	31	66	75	117	54	87	121	90	98	85	63	135	134	64	83	120	109	144	122	116	116	52	45	39	54	81	115	104	75	93	88	145	67	127	37	96	135	80	130	74	37	118	30	117	30	67	74	127	99	73	99	106	79	147	132	130	40	79	80	122	109	124	83	93	101	132	117	132	109	133	77	145	90	37	92	107	91	106	91	82	60	119	99	52	132	75	41	42	127	54	92	46	49	103	127	54	122	90	35	142	85	140	31	76	127	66	83	107	75	81	50	122	40	103	71	83	46	73	33	104	30	109	68	121	116	133	136	145	95	78	66	71	62	86	113	118	65	121	51	78	50	114	148	119	65	42	36	68	35	144	149	95	118	142	92	138	31	123	150	114	74	39	121	121	41	93	150	148	87	59	132	106	125	96	72	47	42	150	49	130	38	109	36	44	51	119	45	75	63	126	59	130	49	32	50	62	89	44	132	143	44	104	135	89	90	122	30	59	35	127	83	62	125	37	95	47	101	67	139	109	147	131	33	103	129	113	55	101	63	32	105	68	129	68	109	96	43	95	120	128	52	72	69	100	127	144	65	53	107	73	143	147	127	48	36	137	116	104	150	147	108	63	59	54	121	97	40	50	144	51	123	123	124	137	83	133	80	86	63	123	123	57	87	111	74	89	55	64	104	63	45	30	98	127	41	136	102	76	43	65	93	50	124	89	98	113	132	135	56	46	148	73	112	112	87	44	81	36	101	146	112	
LOCATION_TURN_MATRIX
100	130	122	113	112	199	136	122	129	152	173	146	151	136	158	140	176	113	122	167	194	134	110	172	114	184	100	147	
170	100	154	188	164	169	136	136	152	170	104	183	155	115	101	104	155	187	174	115	149	134	178	168	114	135	168	102	
178	146	100	161	178	114	104	165	117	139	126	169	192	109	120	179	160	152	154	134	113	140	154	179	196	196	192	181	
187	112	139	100	158	114	195	181	104	132	195	106	183	169	132	170	140	136	172	148	116	110	123	136	151	120	176	169	
188	136	122	142	100	175	164	159	112	100	167	164	135	191	132	181	104	123	142	156	108	117	193	182	116	147	156	185	
101	131	186	186	125	100	190	147	164	150	137	102	145	176	185	131	113	108	117	186	118	151	140	178	154	189	172	110	
164	164	196	105	136	110	100	186	153	151	183	193	111	157	144	123	188	142	110	163	105	190	166	187	170	171	186	126	
178	164	135	119	141	153	114	100	106	130	108	103	151	178	122	151	130	133	184	177	110	141	166	110	122	174	191	197	
171	148	183	196	188	136	147	194	100	167	100	146	168	129	128	142	172	118	174	147	105	158	156	160	120	106	119	136	
148	130	161	168	200	150	149	170	133	100	177	106	175	116	188	180	176	194	108	146	130	187	183	173	128	141	169	176	
127	196	174	105	133	163	117	192	200	123	100	171	175	140	183	115	104	186	128	153	151	175	100	146	191	117	132	197	
154	117	131	194	136	198	107	197	154	194	129	100	136	184	140	147	172	184	148	131	103	156	185	200	152	158	154	143	
149	145	108	117	165	155	189	149	132	125	125	164	100	140	199	142	101	144	163	185	117	191	200	143	113	165	102	154	
164	185	191	131	109	124	143	122	171	184	160	116	160	100	109	116	196	113	131	186	166	139	183	175	144	161	105	170	
142	199	180	168	168	115	156	178	172	112	117	160	101	191	100	147	177	177	199	158	172	188	164	175	180	168	154	195	
160	196	121	130	119	169	177	149	158	120	185	153	158	184	153	100	152	159	197	157	181	159	102	123	168	200	124	186	
124	145	140	160	196	187	112	170	128	124	196	128	199	104	123	148	100	149	114	112	117	135	105	132	138	180	198	156	
187	113	148	164	177	192	158	167	182	106	114	116	156	187	123	141	151	100	166	132	168	163	159	123	129	173	161	116	
178	126	146	128	158	183	190	116	126	192	172	152	137	169	101	103	186	134	100	184	199	137	130	160	148	113	140	150	
133	185	166	152	144	114	137	123	153	154	147	169	115	114	142	143	188	168	116	100	111	195	128	157	191	164	141	171	
106	151	187	184	192	182	195	190	195	170	149	197	183	134	128	119	183	132	101	189	100	129	151	163	147	166	104	177	
166	166	160	190	183	149	110	159	142	113	125	144	109	161	112	141	165	137	163	105	171	100	101	185	169	129	103	197	
190	122	146	177	107	160	134	134	144	117	200	115	100	117	136	198	195	141	170	172	149	199	100	106	150	116	118	145	
128	132	121	164	118	122	113	190	140	127	154	100	157	125	125	177	168	177	140	143	137	115	194	100	128	167	115	155	
186	186	104	149	184	146	130	178	180	172	109	148	187	156	120	132	162	171	152	109	153	131	150	172	100	155	124	184	
116	165	104	180	153	111	129	126	194	159	183	142	135	139	132	100	120	127	187	136	134	171	184	133	145	100	129	192	
200	132	108	124	144	128	114	109	181	131	168	146	198	195	146	176	102	139	160	159	196	197	182	185	176	171	100	146	
153	198	119	131	115	190	174	103	164	124	103	157	146	130	105	114	144	184	150	129	123	103	155	145	116	108	154	100	

