INDEX_PROBLEM
1
PATIENTS
800
STRETCHERS
16
NUM_ROOM
28
NUM_DEPOTS
3
NUM_PRIORITY
4
PRIORITY_LIST
0	1	2	3	4	
PRIORITY_WEIGHT
0	1	10	18	30	
PRIORITY_JOB
0	1	2	3	1	2	3	3	3	2	3	4	1	2	3	3	2	3	3	1	2	4	2	3	2	3	1	2	3	3	4	3	3	4	1	2	2	3	3	4	3	4	1	2	3	2	3	4	3	1	2	3	4	2	3	3	4	1	1	2	2	3	1	1	2	1	2	3	3	2	3	3	3	1	4	1	2	2	1	2	1	3	1	2	3	1	4	2	3	4	1	2	2	1	2	1	3	3	1	2	3	1	4	2	3	3	4	1	2	3	1	2	2	3	4	1	2	2	3	4	2	3	1	1	2	3	1	1	2	3	1	2	2	3	3	3	4	1	4	1	2	3	1	2	1	3	1	2	2	3	2	3	4	1	1	4	1	2	3	2	1	3	4	1	2	3	2	3	3	1	1	4	1	2	2	2	2	1	3	1	2	3	4	2	3	1	3	1	2	2	1	2	1	3	3	1	2	3	1	3	2	3	4	1	2	2	2	1	1	4	3	1	2	3	1	3	4	2	3	4	1	2	3	2	1	1	4	1	2	2	3	3	3	2	3	1	1	2	3	2	1	2	3	1	2	2	3	4	3	3	1	4	1	2	3	1	1	3	1	2	2	1	3	4	3	2	3	4	1	2	3	1	1	2	3	1	2	3	4	2	3	3	1	1	1	2	2	3	2	1	2	1	2	3	1	4	2	3	3	4	1	2	2	1	1	2	3	1	2	3	3	3	4	3	1	3	1	2	2	1	2	1	3	4	1	2	3	3	4	2	1	3	4	2	2	1	2	1	3	3	1	2	2	3	3	2	3	1	2	1	3	1	2	1	3	4	1	2	2	3	4	3	1	3	1	2	2	1	2	3	3	1	2	2	3	3	4	1	3	1	4	1	2	1	1	2	3	3	4	2	2	2	3	3	1	3	1	2	1	3	1	2	3	1	2	3	4	2	3	2	1	3	4	1	2	1	1	2	2	3	1	2	3	3	3	3	1	3	1	2	1	2	1	4	2	3	4	1	2	3	2	1	3	3	4	2	1	2	1	3	2	3	1	2	3	3	4	2	3	1	2	3	1	2	1	4	1	2	2	3	3	3	3	1	4	1	1	2	2	1	2	3	3	1	2	2	3	4	3	3	1	4	1	2	1	1	2	3	3	2	2	3	2	3	3	1	4	1	1	2	3	1	2	1	3	1	2	3	4	2	3	4	1	1	2	2	2	1	1	3	1	2	3	3	3	3	3	1	4	1	2	2	1	1	4	2	3	1	2	3	3	2	3	3	1	4	1	2	2	1	1	2	3	4	1	2	3	4	2	3	3	1	2	2	1	1	3	4	1	2	2	3	3	3	3	1	1	2	2	1	2	2	3	3	1	2	2	3	3	4	3	1	4	1	2	1	2	1	3	3	1	2	2	2	3	3	1	3	1	4	1	2	2	1	3	3	1	2	2	3	3	3	1	4	1	1	2	2	2	1	2	3	1	2	3	4	3	3	3	1	4	1	2	1	2	1	2	3	1	2	3	3	4	2	1	3	4	1	2	1	2	2	3	2	3	1	2	3	3	2	3	3	1	1	2	3	1	1	1	4	1	2	2	3	3	3	3	1	4	1	2	2	2	1	3	3	1	2	2	4	3	2	2	3	1	1	2	3	1	1	3	4	1	2	2	3	3	4	2	3	1	4	1	2	1	1	2	3	1	2	3	3	2	3	3	1	2	1	2	3	1	2	1	1	4	1	2	2	1	1	1	3	3	1	2	2	1	2	1	2	3	1	2	1	1	2	1	3	3	4	1	1	2	1	2	1	2	2	3	4	1	1	2	1	1	2	3	3	1	1	2	
TIME_ASKED
0	28800	28800	28800	28800	28800	28800	28800	28800	28800	28800	28800	28800	28800	28800	28800	28800	29545	29574	29603	29632	29661	29690	29742	29784	29826	29868	29910	29952	29994	30029	30058	30087	30116	30145	30174	30203	30232	30261	30290	30329	30358	30387	30416	30445	30474	30503	30532	30561	30590	30621	30642	30663	30684	30705	30726	30747	30768	30789	30810	30831	30852	30873	30894	30949	30998	31047	31096	31145	31194	31227	31254	31281	31308	31335	31362	31389	31416	31443	31470	31497	31524	31548	31572	31596	31620	31644	31668	31692	31716	31740	31764	31788	31837	31874	31911	31948	31985	32022	32059	32096	32159	32218	32277	32336	32395	32419	32438	32457	32476	32495	32514	32533	32552	32571	32590	32609	32628	32647	32666	32685	32759	32818	32877	32936	32995	33027	33054	33081	33108	33135	33162	33189	33216	33243	33270	33297	33333	33366	33399	33432	33465	33498	33531	33564	33597	33616	33632	33648	33664	33680	33696	33712	33728	33744	33760	33776	33792	33808	33824	33840	33856	33872	33888	33933	33966	33999	34032	34065	34098	34131	34164	34197	34242	34284	34326	34368	34410	34452	34494	34533	34566	34599	34632	34665	34698	34731	34764	34797	34827	34854	34881	34908	34935	34962	34989	35016	35043	35070	35097	35137	35174	35211	35248	35285	35322	35359	35396	35433	35466	35499	35532	35565	35598	35631	35664	35697	35723	35746	35769	35792	35815	35838	35861	35884	35907	35930	35953	35976	35999	36023	36046	36069	36092	36115	36138	36161	36184	36207	36230	36253	36276	36299	36327	36354	36381	36408	36435	36462	36489	36516	36543	36570	36597	36619	36638	36657	36676	36695	36714	36733	36752	36771	36790	36809	36828	36847	36866	36885	36949	36998	37047	37096	37145	37194	37259	37318	37377	37436	37495	37549	37598	37647	37696	37745	37794	37827	37854	37881	37908	37935	37962	37989	38016	38043	38070	38097	38123	38146	38169	38192	38215	38238	38261	38284	38307	38330	38353	38376	38399	38419	38438	38457	38476	38495	38514	38533	38552	38571	38590	38609	38628	38647	38666	38685	38742	38784	38826	38868	38910	38952	38994	39029	39058	39087	39116	39145	39174	39203	39232	39261	39290	39349	39398	39447	39496	39545	39594	39633	39666	39699	39732	39765	39798	39831	39864	39897	39937	39974	40011	40048	40085	40122	40159	40196	40242	40284	40326	40368	40410	40452	40494	40542	40584	40626	40668	40710	40752	40794	40849	40898	40947	40996	41045	41094	41133	41166	41199	41232	41265	41298	41331	41364	41397	41423	41446	41469	41492	41515	41538	41561	41584	41607	41630	41653	41676	41699	41749	41798	41847	41896	41945	41994	42099	42198	42297	42342	42384	42426	42468	42510	42552	42594	42699	42798	42897	42923	42946	42969	42992	43015	43038	43061	43084	43107	43130	43153	43176	43199	43237	43274	43311	43348	43385	43422	43459	43496	43549	43598	43647	43696	43745	43794	43899	43998	44097	44159	44218	44277	44336	44395	44459	44518	44577	44636	44695	44799	44898	44997	45033	45066	45099	45132	45165	45198	45231	45264	45297	45337	45374	45411	45448	45485	45522	45559	45596	45637	45674	45711	45748	45785	45822	45859	45896	45959	46018	46077	46136	46195	46249	46298	46347	46396	46445	46494	46537	46574	46611	46648	46685	46722	46759	46796	46821	46842	46863	46884	46905	46926	46947	46968	46989	47010	47031	47052	47073	47094	47199	47298	47397	47437	47474	47511	47548	47585	47622	47659	47696	47737	47774	47811	47848	47885	47922	47959	47996	48049	48098	48147	48196	48245	48294	48324	48348	48372	48396	48420	48444	48468	48492	48516	48540	48564	48588	48627	48654	48681	48708	48735	48762	48789	48816	48843	48870	48897	48937	48974	49011	49048	49085	49122	49159	49196	49233	49266	49299	49332	49365	49398	49431	49464	49497	49537	49574	49611	49648	49685	49722	49759	49796	49827	49854	49881	49908	49935	49962	49989	50016	50043	50070	50097	50149	50198	50247	50296	50345	50394	50424	50448	50472	50496	50520	50544	50568	50592	50616	50640	50664	50688	50737	50774	50811	50848	50885	50922	50959	50996	51027	51054	51081	51108	51135	51162	51189	51216	51243	51270	51297	51324	51348	51372	51396	51420	51444	51468	51492	51516	51540	51564	51588	51637	51674	51711	51748	51785	51822	51859	51896	51933	51966	51999	52032	52065	52098	52131	52164	52197	52259	52318	52377	52436	52495	52517	52534	52551	52568	52585	52602	52619	52636	52653	52670	52687	52704	52721	52738	52755	52772	52789	52859	52918	52977	53036	53095	53137	53174	53211	53248	53285	53322	53359	53396	53459	53518	53577	53636	53695	53733	53766	53799	53832	53865	53898	53931	53964	53997	54027	54054	54081	54108	54135	54162	54189	54216	54243	54270	54297	54374	54448	54522	54596	54627	54654	54681	54708	54735	54762	54789	54816	54843	54870	54897	55049	55198	55237	55274	55311	55348	55385	55422	55459	55496	55574	55648	55722	55796	55827	55854	55881	55908	55935	55962	55989	56016	56043	56070	56097	56399	56499	56598	56697	56733	56766	56799	56832	56865	56898	56931	56964	56997	57049	57098	57147	57196	57245	57294	57359	57418	57477	57536	57595	
ORIGIN
0	16	6	27	19	25	27	23	25	25	23	10	2	27	14	14	8	14	3	23	14	4	26	16	27	26	16	7	27	13	27	7	23	9	1	23	14	14	23	13	23	2	14	3	24	14	14	11	11	6	27	18	7	27	20	8	13	14	10	2	23	23	2	26	14	3	23	14	4	25	15	5	14	14	7	27	14	14	14	3	14	1	23	11	2	2	13	7	2	23	3	24	7	5	1	7	7	1	18	7	27	2	8	1	14	20	1	23	12	2	2	14	14	14	14	4	24	15	4	14	16	6	14	3	7	27	14	14	14	3	10	2	23	4	14	23	14	14	14	14	4	26	7	13	13	1	7	27	20	14	14	13	10	2	23	11	2	14	14	14	14	1	4	24	15	4	26	16	6	1	26	26	26	22	14	1	14	17	2	23	12	2	27	14	3	26	14	14	25	11	8	1	25	14	27	20	8	27	3	9	1	23	20	2	14	14	4	7	14	14	14	14	4	26	8	5	27	14	14	14	20	14	3	3	14	17	2	12	2	23	14	3	26	14	4	14	11	5	23	23	25	14	4	8	27	23	14	1	14	3	2	2	14	2	14	14	14	14	27	4	26	4	5	14	17	1	4	26	8	1	14	14	2	16	27	2	23	13	3	23	14	4	3	27	14	14	25	14	14	26	14	27	23	8	23	3	10	2	25	14	14	23	5	14	3	14	14	26	16	5	1	16	7	1	9	14	14	14	14	14	2	9	2	23	13	2	27	14	3	9	16	14	14	7	14	3	26	14	15	2	8	1	23	10	2	23	12	3	26	26	14	26	14	14	27	15	5	26	25	7	14	26	14	3	14	14	23	16	20	2	2	13	2	23	14	14	20	14	4	27	7	1	23	26	14	17	2	8	1	23	10	1	17	12	11	14	14	3	14	14	14	27	11	4	26	16	6	23	17	11	23	23	14	1	14	20	10	14	26	2	23	14	3	7	14	4	27	27	14	26	26	1	7	26	14	1	23	10	1	14	11	24	14	13	14	27	14	9	11	27	27	6	16	6	27	19	7	27	22	12	1	3	27	6	17	23	12	23	14	3	23	14	1	14	3	14	1	1	14	13	26	14	1	23	9	1	14	11	26	26	14	4	27	14	8	20	23	14	20	16	5	27	18	7	20	14	8	17	14	17	2	22	23	2	2	14	3	23	14	4	24	15	11	11	16	6	4	26	14	14	26	9	1	23	11	2	23	14	2	27	14	26	15	14	14	27	7	5	26	17	7	27	20	3	14	14	2	1	27	20	11	23	14	3	23	14	4	14	15	4	25	14	25	26	14	2	14	25	14	1	23	10	2	23	12	3	3	14	27	15	14	2	2	23	5	26	16	7	27	20	8	13	13	3	9	20	2	14	14	26	2	23	14	3	24	14	4	2	8	3	27	26	14	8	14	14	2	23	10	2	23	12	14	14	14	27	23	14	14	14	27	5	26	16	7	27	19	8	14	27	14	1	23	20	2	14	14	3	23	14	3	24	14	4	3	14	1	26	18	14	2	26	14	3	23	10	1	23	12	2	23	14	4	27	14	4	27	14	11	27	16	6	27	19	7	27	8	3	3	20	10	2	22	14	16	27	14	3	23	14	4	26	4	1	27	14	7	27	1	26	23	13	9	1	23	11	13	23	14	26	27	14	4	11	11	14	1	25	6	27	18	7	27	21	3	3	23	10	22	23	23	2	14	14	3	23	14	23	8	16	14	25	16	7	27	26	14	3	23	9	1	23	11	7	23	13	1	14	14	3	24	20	7	1	7	5	27	18	7	27	20	8	12	14	10	1	23	2	2	7	26	
DESTINATION
0	14	17	2	22	14	2	26	14	14	27	14	14	23	8	16	14	25	14	4	9	14	3	14	23	3	16	20	2	7	23	13	27	14	14	27	5	5	1	7	27	27	26	14	2	20	8	12	12	17	2	27	20	2	14	14	7	16	14	14	27	1	27	23	25	14	3	26	14	14	14	14	2	2	20	2	16	4	4	26	16	14	27	15	14	27	7	13	27	27	14	1	13	14	23	13	13	23	27	20	2	24	14	14	1	14	14	27	11	27	27	20	8	4	26	14	2	14	14	1	14	17	3	23	23	2	25	15	5	26	14	14	27	14	8	1	25	1	1	26	14	3	13	7	7	23	20	2	14	5	4	7	14	14	1	20	14	20	8	8	1	14	14	2	14	14	3	14	17	14	14	14	14	2	4	14	16	6	14	27	11	14	23	25	14	3	10	10	14	12	14	23	14	3	2	14	14	2	26	14	14	1	7	14	20	8	14	13	10	1	4	26	14	3	14	14	2	16	4	4	14	4	26	26	16	6	27	11	14	1	25	14	14	26	14	2	12	14	27	27	14	3	23	14	2	27	5	14	3	14	27	27	20	14	9	9	1	1	23	14	3	14	14	2	9	14	14	14	14	14	16	5	27	14	18	14	1	7	14	3	26	14	14	2	2	2	14	3	3	14	4	2	26	14	4	26	14	14	14	8	8	1	14	1	14	3	2	3	14	14	23	16	20	14	14	4	4	16	5	5	14	17	27	1	7	14	23	26	14	17	14	2	2	13	3	23	14	4	11	14	14	14	27	14	14	27	11	14	23	23	1	3	10	2	23	14	14	3	14	20	10	14	5	26	16	16	1	16	7	27	27	7	14	1	26	1	7	1	14	2	13	23	27	14	3	9	24	14	14	27	14	14	9	11	15	2	2	14	10	2	2	23	12	14	3	14	17	27	6	12	27	27	15	14	25	7	14	26	14	14	1	25	14	13	26	14	2	2	2	3	14	14	20	14	4	14	27	14	14	8	20	2	20	7	1	23	1	17	12	23	2	17	14	17	2	22	23	2	2	11	14	26	23	17	6	7	11	1	25	14	4	26	14	26	26	26	23	23	3	7	14	4	14	27	14	14	26	15	14	14	1	14	23	10	14	11	27	2	14	14	14	2	27	20	11	26	14	6	16	6	27	19	7	27	27	25	14	3	26	14	2	14	12	12	14	17	23	14	1	25	3	14	14	27	15	14	27	1	27	23	9	14	11	26	2	23	13	14	3	9	20	2	14	26	20	16	27	14	18	7	20	1	8	14	3	26	14	8	14	14	14	3	14	14	4	24	4	14	5	14	27	14	14	27	11	26	26	9	23	11	2	14	14	27	14	3	16	20	2	14	14	7	7	26	17	7	27	20	20	3	14	1	26	14	2	26	14	24	14	23	2	14	4	14	15	4	22	27	14	14	27	11	15	8	25	23	3	2	10	2	23	14	3	14	20	2	22	14	16	23	5	14	27	7	27	20	8	27	1	26	14	1	26	14	26	2	23	14	27	3	24	14	4	26	27	14	14	27	11	14	1	25	14	23	2	14	23	10	12	3	14	17	2	22	23	2	14	26	26	7	14	27	19	8	14	23	25	14	5	26	14	3	14	23	3	3	20	2	24	14	1	7	14	14	27	20	7	1	4	3	23	10	14	12	12	2	23	14	17	2	27	23	2	7	26	27	27	14	19	7	7	27	8	25	14	4	2	27	14	14	16	14	14	20	2	14	4	26	27	14	14	27	15	13	27	7	23	1	26	14	1	11	13	23	13	14	2	27	20	2	14	14	11	25	14	14	27	27	27	21	3	
DUE_DATE
0	31147	30476	30045	31294	30623	30192	30247	30296	30825	30394	29903	31692	31007	30556	30585	31094	30643	30672	31901	31210	30219	31268	30840	31362	30924	32166	31488	31050	31092	30587	31156	31185	30674	32443	31752	31781	31330	31359	30848	31427	30916	32685	31994	31543	32052	31601	31090	31659	32888	32199	31740	31221	32262	31803	31824	31305	33066	33087	32388	32409	31950	33171	33192	32527	33296	32625	32194	32243	32772	32325	32352	32379	33606	31893	33660	32967	32994	33741	33048	33795	32622	33846	33150	32694	33918	32202	33246	32790	32274	34038	33342	33366	34135	33452	34209	33046	33083	34320	33637	33194	34457	32776	33855	33434	33493	32977	34736	34035	33574	34793	34092	34111	33650	33129	34888	34187	34206	33745	33224	34263	33857	35116	35175	34514	34093	35325	35352	34659	34206	35433	34740	34767	34314	34341	34368	33855	35631	33924	35697	35010	34563	35796	35109	35862	34695	35914	35210	35226	34762	35258	34794	34270	36026	36042	34318	36074	35370	34906	35402	36138	34954	34430	36186	35511	35064	35577	35130	35163	36396	36429	34722	36495	35820	35862	35904	35946	36708	35550	36792	36111	35664	35157	36210	35763	36996	35829	37062	36375	36405	37152	36459	37206	36033	36060	37287	36594	36141	37368	36195	36715	36272	35769	37546	36863	36900	36937	37694	37731	36024	36597	37830	37143	36696	37929	36762	36255	37301	36844	36327	38090	37393	36936	37439	38182	38205	36488	38251	37554	37577	37121	37144	37167	37670	37213	38436	38459	37762	37305	37808	38551	37854	37397	38625	37932	37959	37506	36993	37560	37587	38814	37101	38868	38175	37717	38936	38955	37774	38993	38292	38311	39050	37869	37348	37907	38406	37945	37424	39183	38527	38096	39345	39394	38723	38292	39557	38896	38475	37994	39073	38647	38696	39945	39994	40043	39372	39405	38952	39459	40206	39513	40260	39567	39114	40341	38628	39675	39221	39244	38727	40490	39793	39816	40559	40582	39885	39428	40651	39954	39497	39517	39536	39015	39574	40793	39612	40831	40130	40149	40888	40187	40926	39745	39224	40983	40320	39882	39924	39426	40488	41250	40092	39587	40636	40665	41414	40723	41472	40301	40330	41559	40868	40927	40496	40545	41074	40643	41892	41211	41964	40797	42030	41343	42096	40929	40422	42195	41515	41552	41109	40606	41183	42420	41257	42494	41820	41862	42624	41946	41508	41550	42792	42120	42162	41724	41766	41268	43050	41892	43147	41456	43245	42574	43343	43392	42711	42264	42297	41790	42843	42876	42909	42462	42495	43721	42544	43767	43070	43813	42636	43859	43162	42705	43928	43231	42774	42257	43327	42896	43425	44194	43043	42552	44397	43776	44595	44640	43962	44004	43566	44808	44130	43692	43797	43896	43995	45221	44044	45267	44570	45313	44616	45359	43642	44685	44228	43711	45474	44777	44335	44852	45609	44446	44483	43980	45037	45794	45127	45896	44745	45274	44843	46092	45477	45096	45195	44717	45796	45375	46634	45973	45557	46816	46155	46934	45253	47097	46476	46575	46131	46164	46197	46230	47463	45756	47529	47562	46875	46915	47672	46989	46546	46583	47820	47137	47174	46735	46232	46809	46846	48083	46380	48157	47474	48257	48316	47655	47234	47293	47827	47876	47445	47974	47543	47592	48835	47132	48909	48946	48263	47820	49057	48374	49119	47940	49161	48462	48003	47484	48525	48066	47547	49308	49329	48630	48651	48672	49497	49596	48495	49735	49052	48609	48646	48683	48720	48757	49994	48295	50072	49389	49426	50183	50220	48517	49574	49147	50396	49725	49294	49343	49872	49422	49446	50670	48954	50718	50022	50046	50790	50814	50118	49662	49146	50925	50232	49779	49266	50313	49860	49887	51114	50421	50448	51195	51235	50072	49569	51346	50663	50700	50257	50294	50331	50364	51597	51630	50943	50976	51729	51042	51075	50635	50672	51909	51226	51263	50820	50857	50354	50925	52152	50439	52206	51513	52260	51567	52314	51141	51168	52395	51727	51776	51825	51394	51443	52692	51522	52746	51030	52794	52098	52122	52866	51690	51714	52938	52242	52266	51835	51872	51909	53146	51443	53220	53257	52574	52605	52632	53379	52686	52233	53460	52767	52314	51801	52368	52395	52422	53646	51930	53694	52998	53742	53046	53790	53094	52638	53862	53166	52735	52772	52269	53326	54083	52920	52417	54194	53511	54264	53577	53610	53163	53676	53229	54462	53775	53357	53416	53955	53534	53593	54815	54832	54129	53666	54883	54900	54917	53194	54951	54248	54265	53802	53819	53836	53853	55070	53347	55157	54496	54555	54614	55393	54235	54272	55509	54826	54863	53880	54457	54974	55037	54616	55875	55934	55273	54831	56064	56097	54930	54423	56196	55509	55542	55095	55125	54612	55659	55206	56433	54720	56487	55794	56541	56568	55875	55472	56746	56100	55694	55725	56232	55779	55806	57033	56340	57087	56394	55941	57168	56475	57347	57496	55795	57572	56889	56926	57683	57720	57757	56594	56672	57946	57300	57374	58125	57432	58179	57486	57033	58260	57567	58314	58341	57648	58395	57497	57597	57156	58995	59031	58344	59097	58410	59163	58476	58509	58062	57555	59347	59396	58725	59494	59543	58872	58457	58516	59775	59834	59173	
TRANSPORT_MODE
0	2	4	4	4	2	0	0	0	4	4	1	2	0	0	0	4	4	4	4	4	0	0	0	2	4	4	4	2	0	0	0	1	4	4	4	2	0	0	0	4	4	4	4	2	0	0	0	4	4	4	4	4	0	0	0	0	3	4	4	4	4	0	0	0	2	4	4	4	0	0	0	0	3	4	4	4	4	0	0	0	2	4	4	4	3	0	0	4	4	4	4	4	0	0	0	0	2	4	4	4	3	0	0	0	1	4	4	4	1	0	0	0	0	2	4	4	1	4	0	0	0	3	1	4	4	0	0	0	2	4	4	4	4	0	0	0	3	1	1	4	2	0	0	0	4	4	4	1	4	0	0	0	0	3	4	4	4	2	0	0	1	4	1	4	4	0	0	0	0	3	4	4	4	1	0	0	0	2	4	4	4	0	0	0	3	4	4	4	1	0	0	0	0	2	4	4	4	3	0	0	4	4	4	4	1	0	0	0	0	2	4	4	4	3	0	0	0	4	4	4	1	1	0	0	0	2	1	4	4	4	0	0	0	0	3	1	4	4	0	0	0	2	1	4	4	4	0	0	0	3	1	4	1	2	0	0	4	1	4	4	3	0	0	0	0	4	1	4	1	2	0	0	0	4	4	1	4	4	0	0	0	0	3	4	4	4	2	0	0	0	4	1	1	3	0	0	0	4	1	4	4	2	0	0	0	1	4	1	4	0	0	0	0	3	4	4	4	4	0	0	0	2	1	1	1	4	0	0	0	3	4	4	1	1	0	0	0	0	2	1	4	1	4	0	0	0	3	4	4	4	0	0	0	2	1	4	1	4	0	0	0	3	4	1	1	0	0	0	2	1	4	1	1	0	0	0	0	4	3	4	1	1	0	0	0	2	4	4	4	4	0	0	0	0	4	3	1	1	1	0	0	4	1	1	1	0	0	0	0	3	4	4	4	1	0	0	0	2	1	1	4	0	0	0	4	3	4	1	4	0	0	0	0	4	2	1	1	1	0	0	3	4	4	1	1	0	0	0	0	1	2	1	1	4	0	0	0	4	4	1	1	0	0	0	1	2	4	4	4	0	0	0	0	4	3	1	4	0	0	0	1	2	1	1	1	0	0	0	1	3	1	4	4	0	0	0	1	2	1	1	4	0	0	0	0	4	3	1	1	4	0	0	0	4	4	1	1	0	0	0	1	3	1	1	4	0	0	0	4	2	1	1	0	0	0	1	3	1	4	4	0	0	0	0	1	2	1	1	4	0	0	0	4	3	1	4	1	0	0	0	1	2	1	1	4	0	0	0	1	1	1	1	0	0	0	1	2	1	4	1	0	0	0	1	3	1	4	0	0	0	0	4	2	1	1	4	0	0	0	4	3	1	1	1	0	0	0	1	2	1	1	1	0	0	0	0	1	3	1	4	1	0	0	1	2	1	1	0	1	0	0	0	4	3	1	1	4	0	0	0	4	2	4	1	0	0	0	1	3	1	1	1	0	0	0	1	2	1	1	1	0	0	0	3	1	1	1	1	0	0	0	0	4	2	1	1	1	0	0	0	1	3	4	1	1	0	0	0	2	4	1	1	1	0	0	0	3	1	1	1	0	0	0	2	1	1	1	1	0	0	0	0	1	3	1	1	1	0	0	2	1	1	1	4	0	0	0	0	1	3	1	4	1	0	0	0	2	1	1	1	1	0	0	0	3	1	1	1	1	0	0	0	3	1	1	1	0	0	0	3	1	1	1	1	0	0	0	3	1	1	1	1	0	0	0	3	1	4	1	1	0	0	0	0	3	1	1	1	1	0	0	0	3	1	1	1	1	0	0	0	
DISTANCE_MATRIX
60	360	318	300	288	276	264	264	150	150	150	60	90	90	162	168	204	228	234	312	360	408	348	318	168	192	168	318	
360	60	264	318	324	342	342	342	348	348	354	360	372	378	378	420	420	480	462	498	462	462	384	420	372	420	378	378	
318	264	60	270	276	288	288	288	294	294	294	318	318	324	324	414	414	468	462	486	462	462	330	366	366	408	372	324	
300	318	270	60	276	288	288	288	288	288	288	300	300	312	318	408	408	468	462	486	438	438	318	360	360	402	360	312	
288	324	276	276	60	276	276	276	276	276	276	288	288	300	300	402	396	462	456	480	432	432	300	360	360	402	348	300	
276	342	288	288	276	60	180	180	252	258	264	264	264	288	288	390	390	456	450	480	432	432	288	348	348	348	288	288	
264	342	288	288	276	180	60	180	246	258	264	264	264	288	288	390	390	456	450	480	432	432	288	348	348	348	288	288	
264	342	288	288	276	180	180	60	240	258	264	264	264	288	288	390	390	456	450	480	432	432	288	348	348	348	288	288	
150	348	294	288	276	252	246	240	60	120	120	150	126	270	270	378	384	420	438	480	420	408	276	300	300	300	276	270	
150	348	294	288	276	258	258	258	120	60	120	150	150	270	270	378	384	420	438	480	420	408	276	300	300	300	276	270	
150	354	294	288	276	264	264	264	120	120	60	150	150	270	270	378	384	420	438	480	420	408	276	300	300	300	276	270	
60	360	318	300	288	264	264	264	150	150	150	60	90	162	168	228	234	312	360	408	348	318	168	192	192	198	168	162	
90	372	318	300	288	264	264	264	150	150	150	90	60	162	168	228	234	312	360	408	348	318	168	192	192	198	168	162	
90	378	324	312	300	288	288	288	270	270	270	162	162	60	120	180	180	306	210	360	300	300	120	180	120	180	120	234	
162	378	324	318	300	288	288	288	270	270	270	168	168	120	60	180	180	306	210	360	300	300	120	180	120	180	120	120	
168	420	414	408	402	348	348	348	300	300	300	228	228	180	180	60	132	204	132	348	258	258	186	60	180	132	222	180	
204	420	414	408	396	390	390	390	384	384	384	234	234	180	180	132	60	204	132	348	258	258	186	60	180	132	222	180	
228	480	468	468	462	456	456	456	420	420	420	312	312	306	306	204	204	60	198	120	240	240	306	204	306	138	306	306	
234	462	462	462	456	450	450	450	438	438	438	360	360	210	210	132	132	198	60	138	132	132	210	132	210	132	210	210	
312	498	486	486	480	480	480	480	480	480	480	408	408	360	360	348	348	120	138	60	348	348	360	348	360	348	360	360	
360	462	462	438	432	432	432	432	420	420	420	348	348	300	300	258	258	240	132	348	60	60	300	258	300	258	300	300	
408	462	462	438	432	432	432	432	408	408	408	318	318	300	300	258	258	240	132	348	60	60	300	258	300	258	300	300	
348	384	330	318	300	288	288	288	276	276	276	168	168	120	120	186	186	306	210	360	300	300	60	186	120	186	120	120	
318	420	366	360	360	348	348	348	300	300	300	192	192	180	180	60	60	204	132	348	258	258	186	60	180	60	180	180	
168	372	300	306	300	288	288	288	270	270	270	168	168	120	120	180	180	306	210	360	300	300	120	180	60	180	120	120	
192	420	408	402	402	348	348	348	300	300	300	198	198	180	180	132	132	138	132	348	258	258	186	60	180	60	180	180	
168	378	372	360	348	288	288	288	276	276	276	168	168	120	120	222	222	306	210	360	300	300	120	180	120	180	60	120	
318	378	324	312	300	288	288	288	270	270	270	162	162	234	120	180	180	306	210	360	300	300	120	180	120	180	120	60	
DEPOT_DISTANCE_MATRIX
60	360	318	300	288	276	264	264	150	150	150	60	90	90	162	168	204	228	234	312	360	408	348	318	168	192	168	318	
162	378	324	318	300	288	288	288	270	270	270	168	168	120	60	180	180	306	210	360	300	300	120	180	120	180	120	120	
318	420	366	360	360	348	348	348	300	300	300	192	192	180	180	60	60	204	132	348	258	258	186	60	180	60	180	180	
PATIENT_WEIGHT
130	128	58	81	124	96	83	104	115	60	92	92	78	132	146	148	65	46	65	45	93	146	117	131	113	69	148	54	76	85	45	122	75	70	102	78	79	92	54	150	51	48	136	52	43	119	66	105	33	93	107	86	112	70	66	137	82	61	71	34	80	150	95	129	58	129	58	140	81	37	89	58	103	42	147	113	122	33	35	94	143	69	107	121	34	76	146	35	40	40	139	82	106	108	75	48	101	79	114	121	114	46	55	112	72	105	133	115	31	142	66	114	102	120	143	97	58	87	57	137	94	45	71	100	53	32	78	90	142	39	148	93	60	113	131	87	138	111	103	91	54	77	139	121	58	94	122	89	136	65	125	138	87	105	144	83	114	59	70	34	141	46	36	33	117	78	30	140	139	99	104	86	89	82	106	114	70	91	143	123	136	80	38	62	54	102	106	117	146	117	104	79	118	144	80	77	127	78	66	34	124	32	63	73	85	104	114	118	137	85	112	55	45	116	85	69	67	148	105	147	84	42	85	139	77	149	109	96	56	116	33	50	44	30	75	94	79	115	96	44	126	148	83	121	85	92	149	73	81	88	138	150	55	57	97	36	111	77	136	89	96	93	34	31	63	146	112	95	30	98	43	82	43	79	146	95	138	87	34	68	58	102	38	106	64	110	96	98	58	123	129	59	104	132	131	96	32	129	41	34	79	92	100	104	120	69	114	42	90	79	37	58	116	52	58	106	82	36	36	60	109	90	136	56	131	125	61	142	135	107	140	62	93	112	100	65	77	121	62	101	102	85	124	137	106	87	56	57	95	97	127	63	73	110	131	130	72	87	64	30	45	80	106	94	102	33	67	132	82	51	74	53	67	63	107	133	52	130	84	101	69	118	50	79	90	120	142	69	120	50	101	81	127	124	95	90	43	97	83	58	100	75	53	99	96	131	97	78	106	114	88	38	31	56	44	118	73	93	106	54	106	98	100	37	129	113	114	36	58	71	66	44	137	46	70	30	78	93	73	84	110	126	45	67	34	60	140	87	100	93	39	73	101	132	76	104	147	59	67	30	46	128	61	144	149	109	65	120	57	145	33	58	144	117	30	95	42	114	105	76	120	131	44	124	92	137	135	127	103	138	133	141	130	71	86	75	141	102	102	114	43	110	89	32	122	71	68	61	119	89	107	30	128	59	116	124	39	114	137	89	81	35	111	78	146	104	146	56	83	75	54	71	82	49	31	33	40	74	91	134	32	115	114	35	79	134	127	144	149	114	149	90	67	40	64	100	102	68	111	124	124	68	125	60	125	64	100	84	133	53	51	123	64	97	52	110	48	50	94	66	57	121	67	129	96	121	106	94	85	122	119	60	89	66	92	76	147	149	84	79	51	51	52	68	109	72	124	61	147	52	106	47	48	74	100	113	91	143	44	88	37	136	92	67	140	93	73	132	77	105	49	66	49	54	34	83	60	71	129	40	116	140	101	111	79	94	145	61	33	112	65	79	123	135	89	117	98	128	71	48	125	112	56	62	147	36	64	41	85	50	87	41	59	80	50	87	90	89	140	108	94	73	47	103	149	73	112	67	45	118	64	116	55	92	89	90	149	140	55	117	89	94	34	116	146	75	47	93	143	75	62	105	112	90	78	95	78	88	75	62	38	38	109	123	79	83	66	68	122	98	56	39	60	88	135	51	133	132	136	135	77	80	97	78	42	146	150	35	99	52	89	113	136	86	110	71	58	61	143	63	123	141	136	126	105	49	49	44	130	56	73	123	122	127	30	122	88	140	63	122	85	100	130	104	138	60	125	122	108	58	118	43	58	119	75	72	112	111	128	149	136	
LOCATION_TURN_MATRIX
100	130	122	113	112	199	136	122	129	152	173	146	151	136	158	140	176	113	122	167	194	134	110	172	114	184	100	147	
170	100	154	188	164	169	136	136	152	170	104	183	155	115	101	104	155	187	174	115	149	134	178	168	114	135	168	102	
178	146	100	161	178	114	104	165	117	139	126	169	192	109	120	179	160	152	154	134	113	140	154	179	196	196	192	181	
187	112	139	100	158	114	195	181	104	132	195	106	183	169	132	170	140	136	172	148	116	110	123	136	151	120	176	169	
188	136	122	142	100	175	164	159	112	100	167	164	135	191	132	181	104	123	142	156	108	117	193	182	116	147	156	185	
101	131	186	186	125	100	190	147	164	150	137	102	145	176	185	131	113	108	117	186	118	151	140	178	154	189	172	110	
164	164	196	105	136	110	100	186	153	151	183	193	111	157	144	123	188	142	110	163	105	190	166	187	170	171	186	126	
178	164	135	119	141	153	114	100	106	130	108	103	151	178	122	151	130	133	184	177	110	141	166	110	122	174	191	197	
171	148	183	196	188	136	147	194	100	167	100	146	168	129	128	142	172	118	174	147	105	158	156	160	120	106	119	136	
148	130	161	168	200	150	149	170	133	100	177	106	175	116	188	180	176	194	108	146	130	187	183	173	128	141	169	176	
127	196	174	105	133	163	117	192	200	123	100	171	175	140	183	115	104	186	128	153	151	175	100	146	191	117	132	197	
154	117	131	194	136	198	107	197	154	194	129	100	136	184	140	147	172	184	148	131	103	156	185	200	152	158	154	143	
149	145	108	117	165	155	189	149	132	125	125	164	100	140	199	142	101	144	163	185	117	191	200	143	113	165	102	154	
164	185	191	131	109	124	143	122	171	184	160	116	160	100	109	116	196	113	131	186	166	139	183	175	144	161	105	170	
142	199	180	168	168	115	156	178	172	112	117	160	101	191	100	147	177	177	199	158	172	188	164	175	180	168	154	195	
160	196	121	130	119	169	177	149	158	120	185	153	158	184	153	100	152	159	197	157	181	159	102	123	168	200	124	186	
124	145	140	160	196	187	112	170	128	124	196	128	199	104	123	148	100	149	114	112	117	135	105	132	138	180	198	156	
187	113	148	164	177	192	158	167	182	106	114	116	156	187	123	141	151	100	166	132	168	163	159	123	129	173	161	116	
178	126	146	128	158	183	190	116	126	192	172	152	137	169	101	103	186	134	100	184	199	137	130	160	148	113	140	150	
133	185	166	152	144	114	137	123	153	154	147	169	115	114	142	143	188	168	116	100	111	195	128	157	191	164	141	171	
106	151	187	184	192	182	195	190	195	170	149	197	183	134	128	119	183	132	101	189	100	129	151	163	147	166	104	177	
166	166	160	190	183	149	110	159	142	113	125	144	109	161	112	141	165	137	163	105	171	100	101	185	169	129	103	197	
190	122	146	177	107	160	134	134	144	117	200	115	100	117	136	198	195	141	170	172	149	199	100	106	150	116	118	145	
128	132	121	164	118	122	113	190	140	127	154	100	157	125	125	177	168	177	140	143	137	115	194	100	128	167	115	155	
186	186	104	149	184	146	130	178	180	172	109	148	187	156	120	132	162	171	152	109	153	131	150	172	100	155	124	184	
116	165	104	180	153	111	129	126	194	159	183	142	135	139	132	100	120	127	187	136	134	171	184	133	145	100	129	192	
200	132	108	124	144	128	114	109	181	131	168	146	198	195	146	176	102	139	160	159	196	197	182	185	176	171	100	146	
153	198	119	131	115	190	174	103	164	124	103	157	146	130	105	114	144	184	150	129	123	103	155	145	116	108	154	100	

