INDEX_PROBLEM
1
PATIENTS
800
STRETCHERS
16
NUM_ROOM
28
NUM_DEPOTS
3
NUM_PRIORITY
4
PRIORITY_LIST
0	1	2	3	4	
PRIORITY_WEIGHT
0	1	10	18	30	
PRIORITY_JOB
0	1	2	3	3	1	3	3	2	3	4	2	3	4	3	4	3	4	1	2	3	3	4	4	3	4	2	2	4	4	3	3	3	4	1	2	3	4	3	3	4	1	2	3	4	4	3	4	4	4	1	2	3	4	3	3	4	1	3	4	1	2	1	1	1	3	4	2	3	3	3	4	3	1	4	1	2	3	2	1	2	4	2	2	3	3	4	3	1	4	1	2	3	1	2	2	4	4	4	1	2	4	3	4	3	1	4	1	2	1	2	1	3	3	4	4	1	2	4	3	4	3	1	4	2	3	2	1	1	3	4	1	2	3	3	3	4	4	2	2	3	2	1	1	4	1	2	3	4	3	4	4	2	4	1	1	2	2	1	2	3	4	1	2	3	3	3	4	2	4	4	1	1	2	2	1	2	3	4	2	3	3	3	4	3	4	1	1	2	3	1	1	2	4	2	2	3	3	4	3	4	1	4	1	2	1	2	2	4	3	4	1	2	4	3	4	3	4	1	4	1	1	2	2	4	2	3	4	1	2	3	4	3	3	4	1	1	2	1	2	1	3	3	4	1	2	3	4	4	3	4	2	2	2	1	1	3	4	1	2	3	3	4	3	4	4	1	2	2	2	1	2	2	3	4	1	2	4	4	4	2	3	4	4	1	1	2	1	2	3	4	1	2	3	3	4	3	3	1	4	1	1	2	1	2	3	4	2	2	3	4	3	1	3	4	1	1	2	2	2	1	3	4	4	2	4	3	4	4	2	3	1	4	1	2	2	2	2	3	4	4	1	4	3	4	2	3	1	4	1	1	1	2	2	3	3	4	1	3	3	4	2	3	1	4	2	1	1	2	2	3	4	1	2	3	4	3	2	3	4	1	2	1	2	2	2	3	4	4	1	4	4	4	2	2	3	4	1	3	1	1	1	2	4	1	2	3	3	3	3	3	1	4	1	2	1	1	2	3	4	2	2	4	3	4	2	3	4	1	2	1	2	1	2	3	4	4	2	4	3	4	2	3	1	4	1	2	2	1	4	2	3	4	4	1	3	4	3	2	3	1	4	1	1	1	2	2	3	3	4	1	3	4	3	2	3	1	4	2	1	2	1	2	3	4	1	2	4	4	3	3	4	1	2	2	1	2	2	2	3	4	4	1	4	4	3	2	3	4	1	1	1	2	1	2	3	4	1	2	4	3	3	3	3	1	4	1	1	2	1	2	3	4	2	2	4	3	3	3	4	1	1	2	1	2	1	3	4	2	2	4	3	4	4	3	4	1	4	1	2	2	2	2	3	4	1	2	3	4	3	3	4	1	1	2	1	1	2	3	3	4	1	2	3	4	3	3	1	4	2	3	1	1	2	3	4	1	2	3	3	4	4	4	1	4	2	1	2	1	2	2	3	4	1	2	3	4	4	3	4	1	4	1	2	1	1	2	3	1	2	3	3	3	3	3	1	4	1	2	2	1	1	3	4	2	3	3	4	3	4	4	1	1	2	3	2	1	2	4	2	2	3	3	4	3	4	1	4	1	2	1	2	2	4	3	4	1	2	3	4	3	4	4	1	1	2	3	1	2	3	4	1	2	3	3	3	1	1	4	2	3	3	1	2	1	4	1	2	3	4	3	4	3	4	1	2	2	3	1	2	1	4	4	1	2	3	3	4	4	2	1	4	1	2	3	2	1	4	1	2	3	1	3	4	3	3	4	1	2	1	2	1	1	3	4	2	3	1	2	1	1	3	4	1	2	1	2	1	2	3	4	2	1	2	1	2	1	2	3	4	1	2	1	2	1	1	3	4	4	1	2	1	2	1	1	2	3	4	2	1	2	
TIME_ASKED
0	28800	28800	28800	28800	28800	28800	28800	28800	28800	28800	28800	28800	28800	28800	28800	28800	29545	29574	29603	29632	29661	29690	29742	29784	29826	29868	29910	29952	29994	30029	30058	30087	30116	30145	30174	30203	30232	30261	30290	30329	30358	30387	30416	30445	30474	30503	30532	30561	30590	30621	30642	30663	30684	30705	30726	30747	30768	30789	30810	30831	30852	30873	30894	30949	30998	31047	31096	31145	31194	31227	31254	31281	31308	31335	31362	31389	31416	31443	31470	31497	31524	31548	31572	31596	31620	31644	31668	31692	31716	31740	31764	31788	31837	31874	31911	31948	31985	32022	32059	32096	32159	32218	32277	32336	32395	32419	32438	32457	32476	32495	32514	32533	32552	32571	32590	32609	32628	32647	32666	32685	32759	32818	32877	32936	32995	33027	33054	33081	33108	33135	33162	33189	33216	33243	33270	33297	33333	33366	33399	33432	33465	33498	33531	33564	33597	33616	33632	33648	33664	33680	33696	33712	33728	33744	33760	33776	33792	33808	33824	33840	33856	33872	33888	33933	33966	33999	34032	34065	34098	34131	34164	34197	34242	34284	34326	34368	34410	34452	34494	34533	34566	34599	34632	34665	34698	34731	34764	34797	34827	34854	34881	34908	34935	34962	34989	35016	35043	35070	35097	35137	35174	35211	35248	35285	35322	35359	35396	35433	35466	35499	35532	35565	35598	35631	35664	35697	35723	35746	35769	35792	35815	35838	35861	35884	35907	35930	35953	35976	35999	36023	36046	36069	36092	36115	36138	36161	36184	36207	36230	36253	36276	36299	36327	36354	36381	36408	36435	36462	36489	36516	36543	36570	36597	36619	36638	36657	36676	36695	36714	36733	36752	36771	36790	36809	36828	36847	36866	36885	36949	36998	37047	37096	37145	37194	37259	37318	37377	37436	37495	37549	37598	37647	37696	37745	37794	37827	37854	37881	37908	37935	37962	37989	38016	38043	38070	38097	38123	38146	38169	38192	38215	38238	38261	38284	38307	38330	38353	38376	38399	38419	38438	38457	38476	38495	38514	38533	38552	38571	38590	38609	38628	38647	38666	38685	38742	38784	38826	38868	38910	38952	38994	39029	39058	39087	39116	39145	39174	39203	39232	39261	39290	39349	39398	39447	39496	39545	39594	39633	39666	39699	39732	39765	39798	39831	39864	39897	39937	39974	40011	40048	40085	40122	40159	40196	40242	40284	40326	40368	40410	40452	40494	40542	40584	40626	40668	40710	40752	40794	40849	40898	40947	40996	41045	41094	41133	41166	41199	41232	41265	41298	41331	41364	41397	41423	41446	41469	41492	41515	41538	41561	41584	41607	41630	41653	41676	41699	41749	41798	41847	41896	41945	41994	42099	42198	42297	42342	42384	42426	42468	42510	42552	42594	42699	42798	42897	42923	42946	42969	42992	43015	43038	43061	43084	43107	43130	43153	43176	43199	43237	43274	43311	43348	43385	43422	43459	43496	43549	43598	43647	43696	43745	43794	43899	43998	44097	44159	44218	44277	44336	44395	44459	44518	44577	44636	44695	44799	44898	44997	45033	45066	45099	45132	45165	45198	45231	45264	45297	45337	45374	45411	45448	45485	45522	45559	45596	45637	45674	45711	45748	45785	45822	45859	45896	45959	46018	46077	46136	46195	46249	46298	46347	46396	46445	46494	46537	46574	46611	46648	46685	46722	46759	46796	46821	46842	46863	46884	46905	46926	46947	46968	46989	47010	47031	47052	47073	47094	47199	47298	47397	47437	47474	47511	47548	47585	47622	47659	47696	47737	47774	47811	47848	47885	47922	47959	47996	48049	48098	48147	48196	48245	48294	48324	48348	48372	48396	48420	48444	48468	48492	48516	48540	48564	48588	48627	48654	48681	48708	48735	48762	48789	48816	48843	48870	48897	48937	48974	49011	49048	49085	49122	49159	49196	49233	49266	49299	49332	49365	49398	49431	49464	49497	49537	49574	49611	49648	49685	49722	49759	49796	49827	49854	49881	49908	49935	49962	49989	50016	50043	50070	50097	50149	50198	50247	50296	50345	50394	50424	50448	50472	50496	50520	50544	50568	50592	50616	50640	50664	50688	50737	50774	50811	50848	50885	50922	50959	50996	51027	51054	51081	51108	51135	51162	51189	51216	51243	51270	51297	51324	51348	51372	51396	51420	51444	51468	51492	51516	51540	51564	51588	51637	51674	51711	51748	51785	51822	51859	51896	51933	51966	51999	52032	52065	52098	52131	52164	52197	52259	52318	52377	52436	52495	52517	52534	52551	52568	52585	52602	52619	52636	52653	52670	52687	52704	52721	52738	52755	52772	52789	52859	52918	52977	53036	53095	53137	53174	53211	53248	53285	53322	53359	53396	53459	53518	53577	53636	53695	53733	53766	53799	53832	53865	53898	53931	53964	53997	54027	54054	54081	54108	54135	54162	54189	54216	54243	54270	54297	54374	54448	54522	54596	54627	54654	54681	54708	54735	54762	54789	54816	54843	54870	54897	55049	55198	55237	55274	55311	55348	55385	55422	55459	55496	55574	55648	55722	55796	55827	55854	55881	55908	55935	55962	55989	56016	56043	56070	56097	56399	56499	56598	56697	56733	56766	56799	56832	56865	56898	56931	56964	56997	57049	57098	57147	57196	57245	57294	57359	57418	57477	57536	57595	
ORIGIN
0	16	6	27	19	19	27	23	14	25	23	10	2	14	14	14	14	14	3	23	4	14	26	16	14	26	16	7	9	9	27	7	9	9	1	23	14	14	23	2	14	2	14	3	2	14	14	11	11	6	27	18	7	27	20	8	14	14	10	2	23	23	2	26	9	14	23	14	4	8	8	12	14	14	7	27	9	9	9	3	14	14	23	11	2	23	23	23	14	2	3	24	7	5	1	24	7	1	18	7	27	27	20	1	12	12	12	23	12	2	14	14	14	16	14	4	24	15	4	14	16	14	26	14	7	14	14	11	2	23	10	2	23	4	14	14	27	16	14	26	14	27	27	27	27	23	7	27	20	14	14	27	13	23	23	27	2	2	14	14	14	14	4	24	15	4	26	16	20	6	26	26	14	14	14	1	14	14	3	23	12	2	25	14	14	26	14	14	27	14	8	5	23	14	1	20	8	27	13	13	5	27	20	2	14	5	4	23	14	5	27	14	4	26	8	5	1	16	16	14	20	14	3	14	14	14	17	25	2	23	14	3	26	14	16	14	27	11	14	25	16	14	3	8	27	23	14	23	3	3	14	14	14	2	7	7	7	27	23	4	26	4	5	14	17	2	23	26	3	14	14	16	16	16	4	2	23	13	3	23	10	10	27	14	14	1	25	14	14	14	14	23	23	8	23	14	10	2	14	26	2	1	1	26	1	26	1	17	16	5	1	9	14	1	9	27	14	14	14	14	2	14	27	23	13	2	27	14	5	9	8	14	1	7	7	14	3	26	2	2	8	1	23	10	26	14	12	4	26	14	14	4	10	14	25	6	5	26	25	6	14	26	2	14	6	14	14	23	14	2	14	13	2	23	14	1	20	26	4	1	1	14	14	23	26	17	14	14	1	23	10	1	17	14	17	14	14	14	27	27	14	14	11	27	26	1	11	7	14	14	4	17	17	3	14	17	2	2	14	17	23	14	3	16	14	14	7	14	7	26	26	26	23	7	14	14	23	10	1	3	11	24	14	2	14	14	14	14	9	11	9	2	16	6	27	19	7	27	22	10	3	14	14	20	12	26	26	23	14	3	23	14	14	26	15	3	6	1	14	14	16	26	13	23	9	1	14	11	26	13	17	4	27	14	14	14	20	12	8	8	5	27	18	7	20	14	2	17	17	17	22	22	23	2	2	2	3	23	14	25	24	15	1	23	25	25	26	26	10	14	14	9	1	23	11	14	23	14	27	27	14	26	15	15	14	7	14	1	26	17	7	14	11	3	14	14	14	2	27	20	11	26	6	3	23	14	4	14	15	4	14	14	14	3	23	14	2	14	23	1	23	10	2	14	14	23	14	14	14	15	26	26	27	1	14	26	16	7	27	26	26	13	14	3	9	20	20	16	20	26	14	23	14	3	24	14	4	14	3	14	3	26	14	8	14	14	8	14	10	2	1	12	14	11	15	14	27	14	26	26	26	1	9	16	7	1	19	2	14	17	3	3	23	20	14	14	14	7	5	14	3	24	14	4	3	3	1	1	18	2	26	14	4	14	14	10	1	23	12	2	23	15	14	25	14	27	11	11	15	12	16	6	27	19	14	27	12	14	14	20	10	22	14	16	6	14	14	3	23	14	4	26	13	14	26	14	7	26	26	14	26	8	9	1	23	11	13	23	4	8	14	14	4	11	11	14	1	23	6	27	18	11	27	21	3	14	23	10	22	22	26	2	14	14	3	23	19	5	8	16	25	25	16	7	27	14	14	3	7	9	1	23	14	14	23	13	5	7	14	3	24	7	7	1	14	5	27	18	7	27	20	8	12	27	10	1	23	2	2	7	27	
DESTINATION
0	14	17	2	22	22	2	26	3	14	27	14	14	8	16	25	25	25	14	4	14	9	3	14	9	3	16	20	14	14	23	13	14	14	14	27	5	5	1	24	5	27	26	14	27	20	8	12	12	17	2	27	20	2	14	14	26	16	14	14	27	7	27	23	14	26	3	26	14	14	14	11	2	2	20	2	14	14	14	26	16	26	27	15	14	27	27	27	9	27	14	1	13	14	23	2	13	23	27	20	2	2	14	14	11	11	11	27	11	27	20	8	20	14	26	14	2	14	14	1	14	3	14	3	23	8	8	12	14	1	14	14	27	14	8	5	23	14	9	14	2	23	23	23	23	27	20	2	14	5	4	23	7	1	1	18	14	27	20	1	16	16	14	2	14	14	3	14	14	17	14	14	4	15	4	14	16	16	14	27	11	14	14	25	16	3	10	2	23	4	14	14	27	26	14	14	14	2	7	7	14	23	7	14	20	14	14	27	10	14	23	26	14	3	14	14	14	14	14	4	14	4	26	16	16	8	6	14	14	1	25	14	14	26	14	3	23	12	25	14	14	3	26	14	2	27	1	1	26	14	1	1	8	27	13	13	13	2	27	14	3	14	14	2	9	14	27	14	26	8	5	14	14	14	14	14	1	7	14	3	14	14	2	1	25	23	14	3	3	26	4	27	26	14	4	10	14	14	8	3	27	14	23	3	23	3	14	6	14	14	23	14	26	14	14	23	4	4	4	5	14	2	23	1	7	14	23	26	14	17	14	4	23	13	13	3	23	14	27	14	14	14	27	14	14	4	11	14	23	8	8	23	14	2	14	17	14	3	14	17	2	14	27	1	17	5	5	1	9	14	9	7	14	1	26	23	7	14	14	23	23	2	2	27	14	9	8	2	14	27	14	14	9	5	9	2	2	8	23	23	10	26	12	2	3	23	12	20	26	26	14	6	6	26	25	6	14	14	26	6	1	25	14	16	26	26	13	2	13	14	14	14	1	20	4	4	27	14	14	14	20	2	8	14	1	10	10	1	17	12	17	14	14	17	2	22	23	2	2	14	26	16	3	7	11	14	14	1	25	14	4	26	10	14	14	26	17	23	3	3	16	14	7	27	14	14	26	15	14	7	9	14	23	10	1	3	11	11	14	14	14	2	27	20	11	26	24	6	6	6	19	19	7	27	22	22	14	3	26	14	2	14	23	27	14	14	14	14	14	26	15	14	14	27	15	26	27	1	2	23	9	14	11	11	26	13	4	14	3	9	20	16	20	26	8	16	5	27	18	7	20	14	17	14	3	26	14	8	14	14	8	3	3	23	1	25	24	15	1	14	27	14	14	26	26	1	9	1	9	11	14	14	23	14	1	3	16	20	2	14	14	7	1	26	17	7	7	14	11	3	3	1	26	14	2	26	14	4	23	9	23	14	4	14	15	4	14	25	14	14	23	11	15	12	14	1	23	2	14	14	14	23	14	14	20	14	22	14	16	6	26	26	27	7	26	26	26	13	14	26	14	1	26	14	26	14	23	23	27	24	14	4	14	8	8	14	14	27	11	14	1	14	8	14	10	23	12	12	14	11	14	17	2	22	26	2	11	16	16	7	14	19	2	14	17	5	25	14	5	26	14	3	7	5	14	3	20	14	14	4	3	14	14	14	27	20	7	1	14	14	10	10	14	12	12	2	23	27	17	2	27	12	2	7	27	16	27	14	19	19	14	27	15	25	14	4	22	14	14	14	14	14	14	20	2	4	4	26	13	14	14	27	8	9	27	7	14	13	26	14	1	13	13	23	4	14	2	27	20	2	14	14	11	23	14	14	27	27	27	21	3	
DUE_DATE
0	31147	30476	30045	30094	31343	30192	30247	30776	30345	29854	30923	30492	29987	30556	30045	30614	30103	31872	31181	30730	30759	30248	30300	30882	30384	31446	31488	30510	30552	31127	31156	31185	30674	32443	31752	31301	30790	31359	31388	30887	32656	31965	31514	31003	31032	31601	31090	31119	31148	32919	32220	31761	31242	31803	31824	31305	33066	31887	31368	33129	32430	33171	33192	33247	32096	31605	32674	32243	32292	32325	31812	32379	33606	31893	33660	32967	32514	33021	33768	33075	32082	33126	33150	32694	32718	32202	32766	33990	32274	34038	33342	32886	34135	33452	33489	32506	32543	32580	34357	33674	32717	33316	32835	33434	34693	32977	34736	34035	34774	34073	34812	33631	33650	33129	33148	34907	34206	33205	33764	33243	33857	35116	33435	34514	34093	34605	35352	35379	34206	33693	35460	34767	34314	34341	34368	33855	33891	34944	34977	34530	35043	35796	35829	34122	35895	35194	34730	34206	34762	34238	34254	35290	34286	36042	36058	35354	35370	36106	35402	34938	34414	36170	35466	35031	35064	35097	34590	35643	34656	34689	36462	36495	35820	35862	36624	35946	35508	35010	36072	35631	35664	35697	35190	35763	35256	37029	37062	36375	35925	37152	37179	36486	35493	36540	36567	36114	36141	35628	36195	35695	37472	35769	37546	36863	37620	36937	36974	35991	36564	36057	37830	37143	36156	36729	36222	36795	36281	38044	36327	38090	38113	37416	37439	36442	37485	37028	36511	38274	37577	37121	36604	37167	37190	36673	38436	38459	37762	38505	37808	38551	37374	37397	36885	38652	37959	37506	36993	37020	37587	37074	38121	38148	38175	38917	38936	37755	37234	38993	38292	37831	37850	37329	37888	37367	37386	39145	38444	38463	38527	39296	38625	38674	38243	37752	39557	38896	37935	37994	38053	39127	38696	38205	38254	40043	40092	39405	40152	39459	39006	38493	40260	39567	39114	39141	38628	39195	39221	40444	38727	40490	40513	39816	40559	39862	39405	38888	39931	39954	39497	38977	39536	40755	39574	39053	40812	40831	40130	40149	40168	40907	39726	39205	39224	40263	39300	39882	39384	39426	40488	40050	41292	39587	41356	40665	40694	40723	40752	40301	39790	39819	41588	39907	40496	40005	41074	40643	41892	40191	41964	41997	42030	41343	41376	40929	40962	40455	42235	41072	41109	40606	41663	41220	42457	40754	41820	42582	42624	41946	41988	41550	41052	42840	42162	41724	41226	41808	42330	41892	41407	43196	42525	43294	42623	42672	42711	42264	41757	41790	43563	41856	41889	41922	42975	43001	42544	42027	43790	42613	43836	43859	43882	43185	42188	43951	43254	42797	42847	42896	42945	42994	44243	42552	44397	43776	44595	44640	43962	43524	43026	44088	44130	43152	43797	43356	44475	44021	43504	45267	44570	45313	44616	45359	44662	44205	43688	43711	44754	43757	44335	43832	44889	44446	45683	43980	45757	45074	45127	45896	44205	45274	44843	44352	44457	46296	45195	44717	45316	45855	45434	46693	45017	46816	46875	46934	46273	46377	45996	46095	45591	47364	46197	45690	46263	46776	46329	47562	45855	46915	47672	46989	47746	47063	46620	46117	47894	47215	46232	46269	46846	46883	46380	48157	47474	47537	48316	47655	47714	47773	47347	46856	46905	48694	47003	47052	47635	48152	47709	47206	48983	49020	49057	48374	49119	48420	47961	47442	49203	48504	47505	48066	48087	48108	48129	49350	47631	49392	49497	48876	49695	49015	48572	48069	49126	49163	48180	48757	48794	48835	48332	50109	50146	49463	50220	49537	50294	49147	48656	49725	49774	48803	49392	48882	48906	49470	48954	50718	49002	50766	50070	50094	50118	50142	49686	49185	50952	50259	49806	49293	49860	49887	49374	51141	51168	50475	51235	51272	50589	50146	50183	49680	51457	50774	50331	49824	50397	50430	51663	49956	51009	50562	51795	51835	51152	50709	50206	51983	51300	50857	50894	50385	50412	50439	52206	50493	51540	52287	51594	52341	51648	51675	51247	50756	52545	51874	51443	50952	50982	51546	51030	52794	51078	52842	52146	52890	52914	52218	51762	52986	52315	51872	51909	51946	51983	52020	53257	51554	53325	52632	52659	53406	53433	52260	51747	52794	52341	52368	51855	52422	51906	51930	53694	53718	53022	52566	53070	53814	53118	52122	53166	53215	52772	52809	52306	52883	52380	54157	52454	54231	53544	54297	53610	53643	52656	53229	52722	54495	53837	53416	52935	53534	53053	53075	54832	54849	54146	53683	54900	54197	53734	53211	54968	54265	53802	53819	53836	55053	55070	53347	54437	54016	54075	55334	54673	55435	53732	55509	54826	54383	53880	54457	53954	54557	54076	55875	55214	55273	54831	56064	55377	56130	54423	54456	56229	55542	55095	55125	54612	54639	55686	56433	54720	56487	55794	55341	55848	56595	54932	56746	56100	55694	56925	55752	55239	55806	55833	55320	57087	56394	57141	56448	57195	57347	56296	55795	56852	56409	57646	56963	57720	57757	56594	56132	57946	57300	58094	57405	58152	57459	57006	56493	57540	58287	57594	58341	57648	58395	57977	57597	57156	58995	58311	59064	58377	59130	59163	57996	57489	57522	59295	58627	59396	58725	59494	59543	58872	58457	57976	59055	59834	59173	
TRANSPORT_MODE
0	2	4	4	4	2	0	0	4	4	4	4	2	0	0	0	4	4	4	4	2	0	0	0	0	4	4	4	2	0	0	0	4	4	4	4	2	0	0	0	4	4	4	4	0	0	0	0	2	4	4	4	4	0	0	0	0	3	4	4	4	4	0	0	0	2	4	1	1	1	0	0	0	3	4	4	4	4	0	0	0	4	4	4	1	0	0	0	3	4	4	4	4	0	0	0	0	2	4	1	1	0	0	0	4	3	4	4	4	0	0	0	0	1	2	4	4	4	0	0	0	4	3	4	4	1	0	0	0	4	2	4	4	4	0	0	0	4	4	4	4	0	0	0	4	2	4	4	4	0	0	0	0	4	3	4	4	0	0	0	4	2	4	4	4	0	0	0	0	4	1	3	4	4	0	0	0	1	2	4	4	4	0	0	0	4	3	4	4	1	0	0	0	1	4	4	1	0	0	0	4	3	4	4	4	0	0	0	0	1	2	4	1	0	0	0	4	4	3	4	4	0	0	0	0	1	4	2	4	1	0	0	0	4	4	3	1	4	0	0	0	1	4	2	4	4	0	0	0	4	4	4	4	0	0	0	4	1	2	4	1	0	0	0	1	4	3	1	0	0	0	0	4	4	2	4	4	0	0	0	0	4	1	4	3	4	0	0	1	1	2	1	4	0	0	0	4	4	3	1	4	0	0	0	4	1	2	1	4	0	0	0	0	4	4	3	4	1	0	0	0	4	4	2	1	0	0	0	0	1	4	3	4	1	0	0	0	4	1	4	2	1	0	0	0	4	1	3	4	4	0	0	0	4	4	2	4	1	0	0	0	4	1	3	1	1	0	0	0	1	4	2	1	4	0	0	0	0	4	1	3	1	0	0	0	4	4	2	1	4	0	0	0	0	1	4	4	3	1	0	0	4	4	1	2	4	0	0	0	1	1	3	1	4	0	0	0	1	4	2	1	4	0	0	0	0	1	1	3	4	4	0	0	0	4	4	2	1	0	0	0	4	1	3	1	1	0	0	0	0	1	1	4	2	4	0	0	0	1	1	3	4	4	0	0	0	1	4	2	4	1	0	0	0	4	4	3	1	1	0	0	0	1	1	2	1	4	0	0	0	4	1	3	1	0	0	0	0	1	1	2	4	1	0	0	0	4	1	1	3	4	0	0	0	4	4	2	1	1	0	0	0	4	1	3	1	1	0	0	0	1	1	2	1	1	0	0	0	4	4	3	1	1	0	0	0	1	1	2	4	0	0	0	0	4	1	3	4	4	0	0	0	1	1	2	1	1	0	0	0	1	1	3	1	4	0	0	0	1	2	1	1	1	0	0	0	1	3	4	4	1	0	0	0	1	2	4	4	4	0	0	0	1	3	1	1	0	0	0	0	1	2	1	1	1	0	0	0	1	1	3	1	1	0	0	0	1	2	4	1	1	0	0	0	1	3	1	4	1	0	0	0	1	2	4	4	1	0	0	0	1	3	1	1	1	0	0	0	1	2	1	1	0	0	0	1	3	1	1	1	0	0	0	0	1	2	1	4	1	0	0	0	1	3	1	1	4	0	0	2	4	1	1	1	0	0	0	3	1	1	1	1	0	0	0	2	1	1	1	1	0	0	0	0	3	1	1	1	0	0	0	2	1	1	1	1	0	0	0	0	3	4	1	1	4	0	0	2	1	1	1	3	0	0	0	1	1	1	1	3	0	0	0	1	1	1	1	3	0	0	0	1	1	1	1	3	0	0	0	1	1	1	3	0	0	0	0	1	1	1	1	1	0	0	0	3	1	1	1	0	0	0	0	3	1	1	1	1	0	0	0	
DISTANCE_MATRIX
60	360	318	300	288	276	264	264	150	150	150	60	90	90	162	168	204	228	234	312	360	408	348	318	168	192	168	318	
360	60	264	318	324	342	342	342	348	348	354	360	372	378	378	420	420	480	462	498	462	462	384	420	372	420	378	378	
318	264	60	270	276	288	288	288	294	294	294	318	318	324	324	414	414	468	462	486	462	462	330	366	366	408	372	324	
300	318	270	60	276	288	288	288	288	288	288	300	300	312	318	408	408	468	462	486	438	438	318	360	360	402	360	312	
288	324	276	276	60	276	276	276	276	276	276	288	288	300	300	402	396	462	456	480	432	432	300	360	360	402	348	300	
276	342	288	288	276	60	180	180	252	258	264	264	264	288	288	390	390	456	450	480	432	432	288	348	348	348	288	288	
264	342	288	288	276	180	60	180	246	258	264	264	264	288	288	390	390	456	450	480	432	432	288	348	348	348	288	288	
264	342	288	288	276	180	180	60	240	258	264	264	264	288	288	390	390	456	450	480	432	432	288	348	348	348	288	288	
150	348	294	288	276	252	246	240	60	120	120	150	126	270	270	378	384	420	438	480	420	408	276	300	300	300	276	270	
150	348	294	288	276	258	258	258	120	60	120	150	150	270	270	378	384	420	438	480	420	408	276	300	300	300	276	270	
150	354	294	288	276	264	264	264	120	120	60	150	150	270	270	378	384	420	438	480	420	408	276	300	300	300	276	270	
60	360	318	300	288	264	264	264	150	150	150	60	90	162	168	228	234	312	360	408	348	318	168	192	192	198	168	162	
90	372	318	300	288	264	264	264	150	150	150	90	60	162	168	228	234	312	360	408	348	318	168	192	192	198	168	162	
90	378	324	312	300	288	288	288	270	270	270	162	162	60	120	180	180	306	210	360	300	300	120	180	120	180	120	234	
162	378	324	318	300	288	288	288	270	270	270	168	168	120	60	180	180	306	210	360	300	300	120	180	120	180	120	120	
168	420	414	408	402	348	348	348	300	300	300	228	228	180	180	60	132	204	132	348	258	258	186	60	180	132	222	180	
204	420	414	408	396	390	390	390	384	384	384	234	234	180	180	132	60	204	132	348	258	258	186	60	180	132	222	180	
228	480	468	468	462	456	456	456	420	420	420	312	312	306	306	204	204	60	198	120	240	240	306	204	306	138	306	306	
234	462	462	462	456	450	450	450	438	438	438	360	360	210	210	132	132	198	60	138	132	132	210	132	210	132	210	210	
312	498	486	486	480	480	480	480	480	480	480	408	408	360	360	348	348	120	138	60	348	348	360	348	360	348	360	360	
360	462	462	438	432	432	432	432	420	420	420	348	348	300	300	258	258	240	132	348	60	60	300	258	300	258	300	300	
408	462	462	438	432	432	432	432	408	408	408	318	318	300	300	258	258	240	132	348	60	60	300	258	300	258	300	300	
348	384	330	318	300	288	288	288	276	276	276	168	168	120	120	186	186	306	210	360	300	300	60	186	120	186	120	120	
318	420	366	360	360	348	348	348	300	300	300	192	192	180	180	60	60	204	132	348	258	258	186	60	180	60	180	180	
168	372	300	306	300	288	288	288	270	270	270	168	168	120	120	180	180	306	210	360	300	300	120	180	60	180	120	120	
192	420	408	402	402	348	348	348	300	300	300	198	198	180	180	132	132	138	132	348	258	258	186	60	180	60	180	180	
168	378	372	360	348	288	288	288	276	276	276	168	168	120	120	222	222	306	210	360	300	300	120	180	120	180	60	120	
318	378	324	312	300	288	288	288	270	270	270	162	162	234	120	180	180	306	210	360	300	300	120	180	120	180	120	60	
DEPOT_DISTANCE_MATRIX
60	360	318	300	288	276	264	264	150	150	150	60	90	90	162	168	204	228	234	312	360	408	348	318	168	192	168	318	
162	378	324	318	300	288	288	288	270	270	270	168	168	120	60	180	180	306	210	360	300	300	120	180	120	180	120	120	
318	420	366	360	360	348	348	348	300	300	300	192	192	180	180	60	60	204	132	348	258	258	186	60	180	60	180	180	
PATIENT_WEIGHT
110	51	70	59	41	78	128	142	116	59	67	91	115	62	40	60	32	97	121	40	88	110	112	115	125	58	144	91	120	115	83	117	141	62	41	143	90	122	80	99	98	137	135	41	146	34	102	125	117	147	118	51	116	140	112	148	43	67	41	77	95	135	89	92	87	62	53	104	140	46	135	117	95	68	39	81	142	150	108	138	135	148	38	71	93	108	132	102	116	118	124	71	126	59	49	93	45	113	42	109	66	112	146	60	110	149	93	93	144	110	107	128	143	61	86	101	72	96	125	54	60	137	113	141	72	44	107	97	69	132	129	45	75	117	43	115	112	95	141	127	71	43	103	84	57	97	138	125	113	73	35	52	78	83	65	148	37	101	88	119	100	96	89	67	35	74	49	147	93	100	80	149	96	146	32	51	111	93	97	31	68	77	72	63	73	53	95	116	42	145	78	94	150	116	76	143	47	147	137	138	58	108	148	43	36	117	34	74	116	147	97	132	36	91	67	40	119	140	148	86	135	134	39	130	124	100	61	123	112	110	52	101	51	82	42	116	88	75	96	46	140	134	131	61	55	122	124	71	85	107	97	107	69	31	104	124	49	130	39	103	53	128	110	32	130	134	103	78	76	88	100	110	70	120	136	123	48	136	59	89	117	144	126	83	78	107	142	83	104	112	139	78	41	58	93	101	95	47	37	131	99	98	48	80	150	75	95	147	110	101	129	33	123	103	72	41	147	110	84	34	130	41	137	40	62	56	131	84	81	61	89	85	132	89	82	118	100	144	52	31	117	62	109	44	127	145	70	67	116	31	43	106	42	89	93	127	115	101	125	51	77	58	139	132	148	71	45	89	30	119	106	106	145	73	74	102	78	101	52	89	78	133	65	133	80	139	146	65	118	42	112	47	94	77	119	125	41	78	39	78	76	109	103	30	49	101	96	147	74	98	130	55	130	123	120	61	148	126	56	56	91	73	78	133	108	120	102	144	111	111	132	88	37	87	115	138	48	71	86	91	137	37	104	119	126	137	79	69	64	53	138	86	127	137	45	87	49	97	77	118	37	108	135	48	106	95	38	110	74	130	42	44	64	118	81	125	134	59	64	74	99	48	74	120	114	56	72	52	65	43	87	39	48	89	66	108	138	57	103	139	118	54	145	118	119	114	100	123	119	139	117	75	122	76	95	137	87	123	75	89	51	143	50	78	101	84	52	81	58	71	128	45	114	54	53	102	91	61	60	115	136	129	128	82	138	46	41	129	111	77	127	65	53	120	92	48	41	136	42	117	32	69	110	132	138	130	72	68	58	68	134	131	138	42	91	52	128	62	139	69	68	120	102	142	149	49	135	95	88	86	40	97	92	99	117	98	147	145	34	43	112	41	128	127	107	141	63	49	38	100	73	41	104	78	91	102	147	76	95	140	100	81	119	70	62	126	137	36	56	90	92	42	42	35	64	123	48	141	115	32	74	111	83	105	59	81	88	60	44	61	128	111	130	47	84	112	133	49	71	96	34	120	110	38	35	98	52	52	54	84	42	149	40	103	92	101	37	140	107	114	132	47	41	149	53	102	72	78	127	61	92	39	43	108	84	58	135	95	139	43	38	54	47	61	109	116	49	83	43	65	40	39	114	114	74	41	125	97	102	50	88	128	146	126	31	91	102	136	71	105	33	38	77	34	62	89	102	46	45	81	72	78	65	50	143	125	136	33	33	48	122	130	76	77	69	105	103	98	32	72	129	33	150	130	60	96	85	67	96	95	64	32	96	77	58	78	62	125	125	67	148	49	49	88	75	41	120	118	46	111	31	149	51	95	150	122	119	142	135	83	134	
LOCATION_TURN_MATRIX
100	130	122	113	112	199	136	122	129	152	173	146	151	136	158	140	176	113	122	167	194	134	110	172	114	184	100	147	
170	100	154	188	164	169	136	136	152	170	104	183	155	115	101	104	155	187	174	115	149	134	178	168	114	135	168	102	
178	146	100	161	178	114	104	165	117	139	126	169	192	109	120	179	160	152	154	134	113	140	154	179	196	196	192	181	
187	112	139	100	158	114	195	181	104	132	195	106	183	169	132	170	140	136	172	148	116	110	123	136	151	120	176	169	
188	136	122	142	100	175	164	159	112	100	167	164	135	191	132	181	104	123	142	156	108	117	193	182	116	147	156	185	
101	131	186	186	125	100	190	147	164	150	137	102	145	176	185	131	113	108	117	186	118	151	140	178	154	189	172	110	
164	164	196	105	136	110	100	186	153	151	183	193	111	157	144	123	188	142	110	163	105	190	166	187	170	171	186	126	
178	164	135	119	141	153	114	100	106	130	108	103	151	178	122	151	130	133	184	177	110	141	166	110	122	174	191	197	
171	148	183	196	188	136	147	194	100	167	100	146	168	129	128	142	172	118	174	147	105	158	156	160	120	106	119	136	
148	130	161	168	200	150	149	170	133	100	177	106	175	116	188	180	176	194	108	146	130	187	183	173	128	141	169	176	
127	196	174	105	133	163	117	192	200	123	100	171	175	140	183	115	104	186	128	153	151	175	100	146	191	117	132	197	
154	117	131	194	136	198	107	197	154	194	129	100	136	184	140	147	172	184	148	131	103	156	185	200	152	158	154	143	
149	145	108	117	165	155	189	149	132	125	125	164	100	140	199	142	101	144	163	185	117	191	200	143	113	165	102	154	
164	185	191	131	109	124	143	122	171	184	160	116	160	100	109	116	196	113	131	186	166	139	183	175	144	161	105	170	
142	199	180	168	168	115	156	178	172	112	117	160	101	191	100	147	177	177	199	158	172	188	164	175	180	168	154	195	
160	196	121	130	119	169	177	149	158	120	185	153	158	184	153	100	152	159	197	157	181	159	102	123	168	200	124	186	
124	145	140	160	196	187	112	170	128	124	196	128	199	104	123	148	100	149	114	112	117	135	105	132	138	180	198	156	
187	113	148	164	177	192	158	167	182	106	114	116	156	187	123	141	151	100	166	132	168	163	159	123	129	173	161	116	
178	126	146	128	158	183	190	116	126	192	172	152	137	169	101	103	186	134	100	184	199	137	130	160	148	113	140	150	
133	185	166	152	144	114	137	123	153	154	147	169	115	114	142	143	188	168	116	100	111	195	128	157	191	164	141	171	
106	151	187	184	192	182	195	190	195	170	149	197	183	134	128	119	183	132	101	189	100	129	151	163	147	166	104	177	
166	166	160	190	183	149	110	159	142	113	125	144	109	161	112	141	165	137	163	105	171	100	101	185	169	129	103	197	
190	122	146	177	107	160	134	134	144	117	200	115	100	117	136	198	195	141	170	172	149	199	100	106	150	116	118	145	
128	132	121	164	118	122	113	190	140	127	154	100	157	125	125	177	168	177	140	143	137	115	194	100	128	167	115	155	
186	186	104	149	184	146	130	178	180	172	109	148	187	156	120	132	162	171	152	109	153	131	150	172	100	155	124	184	
116	165	104	180	153	111	129	126	194	159	183	142	135	139	132	100	120	127	187	136	134	171	184	133	145	100	129	192	
200	132	108	124	144	128	114	109	181	131	168	146	198	195	146	176	102	139	160	159	196	197	182	185	176	171	100	146	
153	198	119	131	115	190	174	103	164	124	103	157	146	130	105	114	144	184	150	129	123	103	155	145	116	108	154	100	

