INDEX_PROBLEM
1
PATIENTS
800
STRETCHERS
16
NUM_ROOM
28
NUM_DEPOTS
3
NUM_PRIORITY
4
PRIORITY_LIST
0	1	2	3	4	
PRIORITY_WEIGHT
0	1	10	18	30	
PRIORITY_JOB
0	1	2	3	4	4	4	3	2	3	4	4	1	4	4	3	2	3	4	2	4	4	4	3	3	4	4	1	2	4	4	4	3	4	4	2	2	4	3	4	3	4	1	2	3	4	3	4	4	4	4	1	2	4	3	4	4	3	4	2	3	1	2	1	4	4	1	2	3	4	4	3	1	4	2	4	2	1	2	2	3	4	1	2	3	4	4	3	1	4	4	2	2	1	2	1	3	4	4	1	2	4	4	4	1	3	4	4	1	3	1	2	2	3	4	2	3	3	4	1	4	4	1	4	1	2	2	3	1	3	4	4	2	4	3	4	4	3	1	4	1	2	2	3	1	3	4	4	2	2	3	4	4	3	1	4	3	1	1	2	1	2	4	4	4	1	4	3	4	2	1	3	4	2	2	1	2	3	3	4	4	1	2	4	4	3	1	4	2	1	2	3	3	3	4	4	1	2	4	4	3	3	1	4	4	2	1	2	2	2	3	4	1	2	4	4	4	3	3	1	4	4	4	1	2	1	1	2	3	4	2	4	4	4	3	4	1	1	3	3	2	1	2	4	4	2	4	3	4	3	3	4	1	4	1	2	3	1	2	3	4	4	2	4	4	4	2	1	3	4	1	2	2	1	2	3	4	4	1	3	4	4	2	1	3	4	4	2	1	3	4	2	3	4	1	2	3	4	4	3	1	4	4	1	2	1	2	3	4	4	1	3	4	4	2	1	3	4	3	2	3	1	2	4	3	4	1	4	3	4	2	1	3	4	4	2	2	1	2	1	2	3	4	2	4	4	3	3	4	1	4	1	1	1	2	2	3	4	2	3	4	4	3	3	4	1	4	1	3	1	2	2	3	4	4	2	4	4	3	3	1	3	4	1	3	1	2	2	3	4	4	1	4	4	4	2	1	3	4	4	2	1	2	2	3	4	1	2	3	4	1	3	1	4	4	1	2	1	3	2	3	4	1	2	4	4	3	3	1	4	4	2	3	2	1	3	3	4	1	2	4	4	3	3	1	4	4	1	2	2	3	2	3	4	4	2	4	4	4	3	3	1	4	1	2	1	1	3	4	4	2	3	4	4	2	3	1	4	1	4	1	2	1	2	3	4	2	3	3	4	4	1	3	4	1	2	2	3	1	3	4	4	4	1	3	4	4	1	2	3	4	2	2	2	1	3	4	1	2	3	4	3	4	1	4	4	2	2	1	1	2	3	4	4	1	2	3	4	3	1	3	4	2	3	1	3	2	3	4	1	2	3	4	4	3	1	4	4	1	4	1	2	2	2	3	4	2	3	4	4	4	1	4	1	2	3	1	2	1	4	4	2	3	3	4	3	1	4	1	2	3	1	2	1	4	4	2	3	4	3	4	4	1	4	4	1	2	3	2	1	3	4	4	1	2	4	3	4	2	1	3	4	4	2	2	2	1	3	4	1	2	3	4	3	1	4	2	3	1	1	2	4	4	4	1	2	3	3	4	3	1	4	4	2	3	1	2	1	3	4	4	1	2	4	4	4	1	3	4	4	1	2	2	3	2	3	4	2	3	3	4	4	1	4	4	1	2	1	1	1	3	4	2	3	3	4	3	4	1	4	4	1	2	2	2	3	4	4	2	3	4	4	1	1	3	4	2	1	2	1	2	4	3	4	4	1	3	4	4	1	2	3	4	2	2	1	2	1	3	4	1	2	3	4	3	4	4	2	3	1	2	1	4	1	4	1	2	3	3	2	1	1	4	4	2	2	2	1	2	1	3	4	4	1	1	1	2	1	2	3	4	4	1	2	3	1	1	2	3	4	1	2	2	1	2	3	4	4	1	2	1	
TIME_ASKED
0	28800	28800	28800	28800	28800	28800	28800	28800	28800	28800	28800	28800	28800	28800	28800	28800	29545	29574	29603	29632	29661	29690	29742	29784	29826	29868	29910	29952	29994	30029	30058	30087	30116	30145	30174	30203	30232	30261	30290	30329	30358	30387	30416	30445	30474	30503	30532	30561	30590	30621	30642	30663	30684	30705	30726	30747	30768	30789	30810	30831	30852	30873	30894	30949	30998	31047	31096	31145	31194	31227	31254	31281	31308	31335	31362	31389	31416	31443	31470	31497	31524	31548	31572	31596	31620	31644	31668	31692	31716	31740	31764	31788	31837	31874	31911	31948	31985	32022	32059	32096	32159	32218	32277	32336	32395	32419	32438	32457	32476	32495	32514	32533	32552	32571	32590	32609	32628	32647	32666	32685	32759	32818	32877	32936	32995	33027	33054	33081	33108	33135	33162	33189	33216	33243	33270	33297	33333	33366	33399	33432	33465	33498	33531	33564	33597	33616	33632	33648	33664	33680	33696	33712	33728	33744	33760	33776	33792	33808	33824	33840	33856	33872	33888	33933	33966	33999	34032	34065	34098	34131	34164	34197	34242	34284	34326	34368	34410	34452	34494	34533	34566	34599	34632	34665	34698	34731	34764	34797	34827	34854	34881	34908	34935	34962	34989	35016	35043	35070	35097	35137	35174	35211	35248	35285	35322	35359	35396	35433	35466	35499	35532	35565	35598	35631	35664	35697	35723	35746	35769	35792	35815	35838	35861	35884	35907	35930	35953	35976	35999	36023	36046	36069	36092	36115	36138	36161	36184	36207	36230	36253	36276	36299	36327	36354	36381	36408	36435	36462	36489	36516	36543	36570	36597	36619	36638	36657	36676	36695	36714	36733	36752	36771	36790	36809	36828	36847	36866	36885	36949	36998	37047	37096	37145	37194	37259	37318	37377	37436	37495	37549	37598	37647	37696	37745	37794	37827	37854	37881	37908	37935	37962	37989	38016	38043	38070	38097	38123	38146	38169	38192	38215	38238	38261	38284	38307	38330	38353	38376	38399	38419	38438	38457	38476	38495	38514	38533	38552	38571	38590	38609	38628	38647	38666	38685	38742	38784	38826	38868	38910	38952	38994	39029	39058	39087	39116	39145	39174	39203	39232	39261	39290	39349	39398	39447	39496	39545	39594	39633	39666	39699	39732	39765	39798	39831	39864	39897	39937	39974	40011	40048	40085	40122	40159	40196	40242	40284	40326	40368	40410	40452	40494	40542	40584	40626	40668	40710	40752	40794	40849	40898	40947	40996	41045	41094	41133	41166	41199	41232	41265	41298	41331	41364	41397	41423	41446	41469	41492	41515	41538	41561	41584	41607	41630	41653	41676	41699	41749	41798	41847	41896	41945	41994	42099	42198	42297	42342	42384	42426	42468	42510	42552	42594	42699	42798	42897	42923	42946	42969	42992	43015	43038	43061	43084	43107	43130	43153	43176	43199	43237	43274	43311	43348	43385	43422	43459	43496	43549	43598	43647	43696	43745	43794	43899	43998	44097	44159	44218	44277	44336	44395	44459	44518	44577	44636	44695	44799	44898	44997	45033	45066	45099	45132	45165	45198	45231	45264	45297	45337	45374	45411	45448	45485	45522	45559	45596	45637	45674	45711	45748	45785	45822	45859	45896	45959	46018	46077	46136	46195	46249	46298	46347	46396	46445	46494	46537	46574	46611	46648	46685	46722	46759	46796	46821	46842	46863	46884	46905	46926	46947	46968	46989	47010	47031	47052	47073	47094	47199	47298	47397	47437	47474	47511	47548	47585	47622	47659	47696	47737	47774	47811	47848	47885	47922	47959	47996	48049	48098	48147	48196	48245	48294	48324	48348	48372	48396	48420	48444	48468	48492	48516	48540	48564	48588	48627	48654	48681	48708	48735	48762	48789	48816	48843	48870	48897	48937	48974	49011	49048	49085	49122	49159	49196	49233	49266	49299	49332	49365	49398	49431	49464	49497	49537	49574	49611	49648	49685	49722	49759	49796	49827	49854	49881	49908	49935	49962	49989	50016	50043	50070	50097	50149	50198	50247	50296	50345	50394	50424	50448	50472	50496	50520	50544	50568	50592	50616	50640	50664	50688	50737	50774	50811	50848	50885	50922	50959	50996	51027	51054	51081	51108	51135	51162	51189	51216	51243	51270	51297	51324	51348	51372	51396	51420	51444	51468	51492	51516	51540	51564	51588	51637	51674	51711	51748	51785	51822	51859	51896	51933	51966	51999	52032	52065	52098	52131	52164	52197	52259	52318	52377	52436	52495	52517	52534	52551	52568	52585	52602	52619	52636	52653	52670	52687	52704	52721	52738	52755	52772	52789	52859	52918	52977	53036	53095	53137	53174	53211	53248	53285	53322	53359	53396	53459	53518	53577	53636	53695	53733	53766	53799	53832	53865	53898	53931	53964	53997	54027	54054	54081	54108	54135	54162	54189	54216	54243	54270	54297	54374	54448	54522	54596	54627	54654	54681	54708	54735	54762	54789	54816	54843	54870	54897	55049	55198	55237	55274	55311	55348	55385	55422	55459	55496	55574	55648	55722	55796	55827	55854	55881	55908	55935	55962	55989	56016	56043	56070	56097	56399	56499	56598	56697	56733	56766	56799	56832	56865	56898	56931	56964	56997	57049	57098	57147	57196	57245	57294	57359	57418	57477	57536	57595	
ORIGIN
0	16	6	27	19	14	27	23	25	14	23	10	2	22	14	11	14	14	3	23	13	14	26	16	14	14	16	7	9	27	7	14	8	9	1	23	4	14	23	2	14	14	14	3	2	14	14	14	8	6	27	18	7	27	20	8	8	14	10	2	23	26	2	26	14	23	23	14	14	14	8	12	14	5	7	27	7	9	3	14	14	14	23	11	14	14	14	23	14	14	14	24	7	5	1	24	24	14	18	7	27	20	20	1	14	14	17	23	20	2	14	14	14	14	14	4	24	15	25	14	16	25	3	3	3	2	2	14	11	14	10	2	23	14	14	14	16	14	26	27	14	14	9	16	27	9	9	27	20	14	14	27	2	14	2	27	27	2	14	14	14	2	26	24	15	4	26	16	20	9	8	26	26	14	14	14	14	14	14	23	12	2	8	14	14	12	14	14	27	9	9	5	14	9	9	20	8	2	14	13	5	14	14	2	14	5	5	23	24	5	17	14	4	16	8	5	1	15	14	14	14	14	14	14	14	14	14	25	2	23	14	3	26	14	26	27	27	14	14	25	16	16	11	8	27	23	4	23	27	4	4	14	14	27	7	9	7	14	9	7	26	4	5	14	27	14	14	9	26	14	14	14	14	14	2	4	23	13	3	23	14	20	26	14	14	14	25	14	14	26	14	3	23	8	23	25	10	2	14	1	14	1	1	14	1	23	14	14	16	5	13	9	14	5	23	20	3	14	14	4	23	5	5	27	13	2	8	14	5	14	14	14	1	7	14	3	1	14	14	14	8	1	23	10	26	14	12	3	26	14	4	10	14	14	16	8	5	26	23	6	14	4	26	26	14	14	23	14	14	26	14	4	2	23	14	14	20	26	23	23	23	23	26	26	26	14	2	2	1	23	10	1	23	2	6	3	14	14	27	14	14	4	11	23	14	1	11	7	11	11	14	14	14	3	17	17	2	14	2	17	23	14	3	14	14	14	1	5	14	1	26	7	7	14	27	23	23	10	1	14	14	24	14	14	14	27	14	14	1	14	17	14	16	6	27	19	7	27	22	10	27	10	20	20	12	12	12	3	14	3	23	14	14	26	14	6	1	14	16	16	26	26	23	20	9	26	14	11	26	13	2	27	27	14	14	26	26	2	4	14	5	27	18	7	26	14	17	14	14	2	22	23	23	2	2	26	3	23	14	25	24	14	1	25	25	4	26	26	10	14	14	17	1	23	11	9	23	14	9	14	14	26	14	15	14	7	14	23	26	17	7	14	11	2	2	8	14	2	20	14	14	26	9	6	23	14	4	14	15	4	3	14	3	3	14	2	2	25	23	1	23	10	2	6	14	23	14	6	6	27	14	7	1	14	13	26	16	7	27	27	1	13	27	3	9	20	16	20	14	14	8	23	14	3	24	14	4	26	2	17	3	14	8	8	14	14	26	14	10	2	1	12	14	24	24	14	27	14	17	26	1	26	14	14	7	26	19	14	14	3	7	3	23	2	2	23	14	7	12	14	3	24	14	11	11	14	14	1	18	2	2	26	14	14	3	10	1	23	12	2	23	15	25	25	14	27	23	15	2	3	16	6	27	19	14	27	2	15	15	26	10	14	26	26	1	11	14	3	23	14	4	26	26	11	26	14	7	1	20	20	8	14	9	1	23	4	13	23	4	14	14	14	4	11	14	1	14	14	6	27	18	14	27	21	11	11	23	10	22	26	2	24	26	14	3	23	14	5	19	16	12	12	16	7	27	26	14	14	14	9	1	23	14	3	23	13	3	3	14	3	24	7	7	1	14	5	27	18	7	27	20	8	25	17	10	1	23	2	7	12	14	
DESTINATION
0	14	17	2	22	26	2	26	14	3	27	14	14	19	16	12	5	25	14	4	7	9	3	14	9	9	16	20	14	23	13	3	14	14	14	27	14	5	1	24	5	5	26	14	27	20	8	25	14	17	2	27	20	2	14	14	14	16	14	14	27	14	27	23	8	3	3	26	2	2	14	11	2	14	20	2	13	14	26	16	16	26	27	15	9	9	16	27	8	9	9	1	13	14	23	2	2	26	27	20	2	14	14	14	8	26	6	27	7	27	20	8	8	8	26	14	2	14	14	8	14	14	23	23	23	14	14	8	12	5	14	14	27	9	9	5	14	9	14	23	2	2	14	14	23	14	14	2	14	5	5	23	24	5	24	18	18	27	20	20	1	27	14	2	14	14	14	14	14	14	14	14	14	15	25	15	16	16	26	27	11	14	14	25	16	11	10	10	23	14	14	14	16	14	14	14	14	14	9	7	14	9	9	27	20	14	14	27	2	14	9	26	14	14	14	14	14	14	25	26	15	4	26	26	16	20	9	14	14	1	25	14	14	26	14	23	23	2	25	14	14	14	12	14	2	27	14	1	23	14	14	9	20	23	13	14	13	5	14	20	3	14	14	4	23	5	5	17	14	4	8	8	5	1	27	14	1	7	14	3	1	14	14	25	25	2	14	3	26	14	2	14	26	14	4	14	14	14	16	23	8	14	23	4	23	27	4	26	14	14	7	14	26	14	27	7	26	4	5	14	27	14	14	23	7	14	14	26	14	2	16	4	23	13	3	23	14	20	4	26	14	14	27	14	14	4	11	14	23	8	23	14	10	2	14	14	14	3	1	17	2	14	14	14	5	16	1	9	9	14	5	14	14	1	26	2	7	14	27	27	27	27	14	14	14	5	14	14	14	27	14	14	1	14	17	14	8	1	23	10	26	14	12	27	10	23	12	20	12	12	26	8	5	26	6	6	14	4	14	6	1	25	14	4	26	26	23	14	2	23	14	20	20	26	23	1	27	14	14	2	26	2	4	4	1	23	10	1	23	2	6	3	14	17	2	22	23	2	2	14	23	14	7	7	11	11	11	26	25	14	4	26	10	14	2	17	23	3	16	16	14	14	1	7	14	14	26	15	14	7	14	23	23	10	3	14	14	24	14	8	14	2	27	20	14	26	9	16	16	27	19	7	7	27	22	3	14	3	26	14	2	25	23	14	14	23	14	14	14	26	10	6	14	27	15	14	7	1	14	9	9	14	26	11	26	13	2	27	3	9	20	16	20	14	14	14	5	27	7	26	26	14	17	17	3	26	14	8	14	14	26	3	26	23	25	24	24	14	1	14	27	14	14	17	26	1	1	17	17	23	9	23	14	9	7	3	16	20	2	23	14	7	23	26	17	7	14	11	2	2	14	1	26	14	2	26	14	14	14	6	23	4	14	14	15	4	3	25	14	14	23	11	15	2	2	1	23	2	6	14	23	3	15	26	20	14	22	26	1	26	13	26	27	27	27	27	1	13	11	26	14	1	26	20	20	8	8	23	27	24	24	14	4	26	14	14	14	27	11	14	1	14	14	14	10	23	1	14	24	26	14	17	2	22	26	2	24	14	14	14	14	26	14	14	14	12	25	14	5	26	14	14	3	12	14	3	20	24	11	11	14	3	14	14	27	14	7	1	14	3	10	1	14	12	2	23	15	15	17	2	27	16	2	7	12	12	27	14	19	14	27	2	14	25	14	4	16	14	22	14	11	11	14	20	2	14	4	26	15	14	14	27	8	14	27	7	14	14	26	14	1	13	13	23	4	14	2	27	20	2	14	14	14	6	14	14	27	27	21	11	26	
DUE_DATE
0	31147	30476	30045	29554	29603	29652	30247	30776	30345	29854	29903	31692	29987	30016	30585	31094	30643	30132	31181	30190	30219	30248	30840	30882	30384	30426	32208	31530	30552	30587	30616	31185	30674	30703	31752	31781	30790	31359	30848	31427	30916	32685	31994	31543	31032	31601	31090	31119	31148	31179	32940	32241	31242	31803	31284	31305	31866	31347	32388	31929	33150	32451	33192	31507	31556	33345	32674	32243	31752	31785	32352	33579	31866	32913	31920	32967	33714	33021	33048	32595	32082	33846	33150	32694	32178	32202	32766	33990	32274	32298	33342	33366	34135	33452	34209	33046	32543	32580	34357	33674	32717	32776	32835	34634	33493	32977	32996	34755	33574	34793	34092	34111	33650	33129	34168	33707	33726	33205	34964	33243	33317	35116	33435	35234	34573	34605	34152	35379	34206	33693	33720	34767	33774	34341	33828	33855	34431	35664	33957	35730	35043	35076	34629	35862	34695	34174	34190	35226	35242	34778	34254	34270	34826	36042	34318	34874	36090	36106	35402	36138	35434	34430	34446	34491	36264	34557	35130	34623	35676	36429	35262	34755	35820	35862	36624	35946	35508	35550	35052	35091	36864	36177	35190	35223	35796	37029	35322	36375	37125	36432	35979	36006	36033	35520	35547	37314	36621	35628	35655	36235	36272	37509	35806	35843	36900	37657	36974	37011	37044	36597	36090	37863	37176	36189	36222	36255	36821	36844	38067	36350	36373	36396	38159	37462	38205	38228	37531	37074	36557	37601	36604	36627	36650	37213	36696	38459	38482	37305	37328	37831	38574	37877	36885	36912	37959	36966	37533	37020	37587	37614	37101	38868	37155	38917	38216	37755	38974	38273	37812	37291	37310	38349	37348	37367	37386	38425	39164	37983	37507	39296	38625	38674	39443	38772	38357	37876	37935	39734	38593	38107	38156	39225	39994	38843	38352	38385	39432	40179	39006	38493	39540	39087	38574	40341	39648	39195	38681	38704	39267	40490	38773	38796	40559	39862	40605	39908	39451	38934	38957	40717	39536	39015	39034	40073	40812	39631	39110	39669	40168	39707	40926	40225	39224	39783	39300	41082	39384	39966	39468	40530	41292	40127	39616	39645	40694	40723	41472	40781	41530	40839	40388	39907	40976	40005	40054	40643	40692	40191	41964	40257	42030	42063	42096	41409	41442	40995	40495	41552	41109	40606	40643	41220	41257	40754	42540	40842	42624	41466	42708	42030	42072	41640	41142	41184	42246	41268	41310	41892	41947	43196	42045	41554	43343	42192	43431	42744	42777	42330	41823	41856	43629	41922	41955	41981	43024	43767	42590	42073	42096	43139	43882	43185	43208	42751	42234	43997	43327	42896	42405	44194	43043	44292	42657	42756	44595	43920	44682	43524	44046	43608	43110	44892	44277	43356	43455	44021	44044	45267	43550	43573	44616	44159	44662	45405	44228	44251	43734	45497	44815	43832	43869	44446	44483	45720	44017	44054	45847	45176	45225	44794	45323	44892	44457	44556	45675	44717	44776	44835	45434	45493	46757	45076	46875	46214	46993	47097	45996	45555	45591	46644	46197	45690	45723	46776	46329	47562	45855	47635	45932	47709	47026	47783	47100	46657	46154	47215	46772	46809	46306	46343	48120	46957	46454	48257	47596	47655	47234	48493	47347	46856	46905	46954	48743	47592	47095	47132	48909	48226	47783	47280	48337	48374	48399	49140	47961	47442	49203	48504	48045	47526	48087	47568	49329	47610	47631	48672	48777	49596	49695	49015	48572	48069	48106	49883	49200	48757	48254	48835	50072	48909	48406	49463	49020	50257	49094	49627	49196	48705	50494	49823	49392	48882	48906	49470	50694	48978	49002	50766	49050	50814	50118	50142	50166	49725	49212	50259	49806	49293	49320	49347	51114	49401	51168	50475	50035	51272	50589	51346	49643	49680	50737	50294	50331	49824	50397	51630	49923	51696	51009	50562	51795	51115	51872	50169	50206	51263	50820	50317	50894	50385	50412	52179	50466	50493	52260	51567	51114	51621	52368	51195	50707	50756	52545	51874	50903	51492	50982	52026	52770	51594	51078	51102	52146	52170	52194	52938	51762	51246	53035	52352	51909	51406	51983	53220	51517	52574	52125	53352	53379	52686	51693	51720	51747	53514	52821	52368	52395	51882	52446	53670	51954	51978	53022	52566	53790	53094	53838	52662	52146	52195	53972	53289	52306	52343	52380	54157	52994	52491	52524	54297	53610	53643	53196	53709	53262	52755	53837	53416	53475	52994	53053	54815	53092	53109	54866	54163	54900	54917	54934	53751	53228	54265	53802	53819	53296	53853	53330	55087	53417	53476	55275	54614	54673	54715	54272	53769	53806	54863	54420	53917	53954	55757	55816	54675	54194	55273	56031	55344	56097	55410	54423	54996	54489	54522	56295	55125	54612	54639	56406	55713	55260	54747	55794	55821	56568	55875	56672	55546	55080	56894	56205	55752	55239	55806	55293	55320	56367	55914	57141	56448	57195	55607	57496	55795	57572	56889	56446	56483	57000	57757	57794	56132	56206	57300	57374	57405	58152	57459	58206	57033	56520	56547	58314	58341	58368	57675	58697	58077	57696	57255	57291	59064	58377	57930	59163	59196	58509	58062	57555	59347	58676	58725	59494	58823	58392	57917	57976	59775	59114	59893	
TRANSPORT_MODE
0	4	4	4	4	0	0	0	2	4	4	4	2	0	0	0	4	4	4	4	0	0	0	0	2	4	4	4	4	0	0	0	2	4	4	1	4	0	0	0	2	4	4	4	4	0	0	0	2	4	1	4	1	0	0	0	0	4	4	4	4	0	0	0	4	2	1	4	4	0	0	0	3	4	4	1	0	0	0	0	4	2	4	4	4	0	0	0	3	4	4	4	4	0	0	0	2	4	4	4	4	0	0	0	3	4	4	4	4	0	0	0	4	2	4	4	4	0	0	0	0	4	3	4	4	4	0	0	0	4	2	4	4	0	0	0	0	4	3	4	1	4	0	0	0	4	2	4	4	1	0	0	0	1	3	4	4	4	0	0	0	1	2	4	4	4	0	0	0	4	3	4	1	4	0	0	0	0	4	2	1	4	4	0	0	1	3	4	1	0	0	0	0	4	4	2	4	4	0	0	0	4	3	4	4	1	0	0	0	1	2	4	4	1	0	0	0	0	4	3	4	1	4	0	0	0	4	2	4	4	4	0	0	0	4	4	3	4	1	0	0	0	4	2	4	1	0	0	0	0	1	4	3	4	4	0	0	0	4	2	4	1	4	0	0	0	4	3	1	1	4	0	0	0	1	2	4	4	4	0	0	0	4	3	1	1	4	0	0	0	0	1	4	2	4	4	0	0	0	4	3	4	1	0	0	0	1	4	2	4	1	0	0	0	4	3	4	1	1	0	0	0	4	2	1	4	4	0	0	0	4	3	4	4	4	0	0	0	0	4	2	1	1	1	0	0	0	1	4	3	1	4	0	0	0	4	2	4	1	0	0	0	0	4	1	3	1	4	0	0	0	4	2	4	1	1	0	0	0	4	3	4	4	1	0	0	0	1	2	4	1	1	0	0	0	4	3	1	4	1	0	0	0	4	2	1	4	4	0	0	0	4	3	1	4	0	0	0	0	1	2	1	1	1	0	0	0	4	3	1	1	4	0	0	0	1	2	4	4	4	0	0	0	4	3	1	4	4	0	0	0	1	2	1	1	1	0	0	0	0	4	3	1	1	4	0	0	1	2	1	1	0	0	0	0	4	3	1	4	1	0	0	0	1	2	4	4	4	0	0	0	3	1	1	4	4	0	0	0	2	1	1	1	1	0	0	0	3	1	4	1	4	0	0	0	1	2	1	1	4	0	0	0	3	4	1	4	0	0	0	0	4	2	1	1	1	0	0	0	3	1	1	1	1	0	0	0	2	4	1	1	1	0	0	0	3	1	1	4	4	0	0	0	2	1	1	1	4	0	0	0	3	4	4	1	2	0	0	0	1	1	1	1	0	0	0	3	1	1	1	1	0	0	0	2	1	4	1	0	0	0	0	3	1	1	1	4	0	0	0	2	4	1	1	4	0	0	0	0	3	4	1	1	1	0	0	0	2	1	1	1	1	0	0	3	1	1	1	0	0	0	0	2	1	1	1	1	0	0	0	3	4	1	1	0	0	0	0	2	1	4	4	4	0	0	0	3	1	1	1	1	0	0	0	2	1	1	1	1	0	0	0	3	1	1	1	1	0	0	0	4	1	1	1	0	0	0	0	3	1	1	4	1	0	0	2	1	4	1	0	0	0	0	3	1	1	1	1	0	0	0	2	1	1	1	1	0	0	0	3	1	1	1	1	0	0	0	0	2	1	1	1	4	0	0	1	1	1	4	0	0	0	0	3	1	1	1	1	0	0	0	3	1	1	1	0	0	0	0	3	1	1	1	1	0	0	0	3	1	1	1	1	0	0	0	3	1	1	1	1	0	0	0	3	1	1	1	1	0	0	0	
DISTANCE_MATRIX
60	360	318	300	288	276	264	264	150	150	150	60	90	90	162	168	204	228	234	312	360	408	348	318	168	192	168	318	
360	60	264	318	324	342	342	342	348	348	354	360	372	378	378	420	420	480	462	498	462	462	384	420	372	420	378	378	
318	264	60	270	276	288	288	288	294	294	294	318	318	324	324	414	414	468	462	486	462	462	330	366	366	408	372	324	
300	318	270	60	276	288	288	288	288	288	288	300	300	312	318	408	408	468	462	486	438	438	318	360	360	402	360	312	
288	324	276	276	60	276	276	276	276	276	276	288	288	300	300	402	396	462	456	480	432	432	300	360	360	402	348	300	
276	342	288	288	276	60	180	180	252	258	264	264	264	288	288	390	390	456	450	480	432	432	288	348	348	348	288	288	
264	342	288	288	276	180	60	180	246	258	264	264	264	288	288	390	390	456	450	480	432	432	288	348	348	348	288	288	
264	342	288	288	276	180	180	60	240	258	264	264	264	288	288	390	390	456	450	480	432	432	288	348	348	348	288	288	
150	348	294	288	276	252	246	240	60	120	120	150	126	270	270	378	384	420	438	480	420	408	276	300	300	300	276	270	
150	348	294	288	276	258	258	258	120	60	120	150	150	270	270	378	384	420	438	480	420	408	276	300	300	300	276	270	
150	354	294	288	276	264	264	264	120	120	60	150	150	270	270	378	384	420	438	480	420	408	276	300	300	300	276	270	
60	360	318	300	288	264	264	264	150	150	150	60	90	162	168	228	234	312	360	408	348	318	168	192	192	198	168	162	
90	372	318	300	288	264	264	264	150	150	150	90	60	162	168	228	234	312	360	408	348	318	168	192	192	198	168	162	
90	378	324	312	300	288	288	288	270	270	270	162	162	60	120	180	180	306	210	360	300	300	120	180	120	180	120	234	
162	378	324	318	300	288	288	288	270	270	270	168	168	120	60	180	180	306	210	360	300	300	120	180	120	180	120	120	
168	420	414	408	402	348	348	348	300	300	300	228	228	180	180	60	132	204	132	348	258	258	186	60	180	132	222	180	
204	420	414	408	396	390	390	390	384	384	384	234	234	180	180	132	60	204	132	348	258	258	186	60	180	132	222	180	
228	480	468	468	462	456	456	456	420	420	420	312	312	306	306	204	204	60	198	120	240	240	306	204	306	138	306	306	
234	462	462	462	456	450	450	450	438	438	438	360	360	210	210	132	132	198	60	138	132	132	210	132	210	132	210	210	
312	498	486	486	480	480	480	480	480	480	480	408	408	360	360	348	348	120	138	60	348	348	360	348	360	348	360	360	
360	462	462	438	432	432	432	432	420	420	420	348	348	300	300	258	258	240	132	348	60	60	300	258	300	258	300	300	
408	462	462	438	432	432	432	432	408	408	408	318	318	300	300	258	258	240	132	348	60	60	300	258	300	258	300	300	
348	384	330	318	300	288	288	288	276	276	276	168	168	120	120	186	186	306	210	360	300	300	60	186	120	186	120	120	
318	420	366	360	360	348	348	348	300	300	300	192	192	180	180	60	60	204	132	348	258	258	186	60	180	60	180	180	
168	372	300	306	300	288	288	288	270	270	270	168	168	120	120	180	180	306	210	360	300	300	120	180	60	180	120	120	
192	420	408	402	402	348	348	348	300	300	300	198	198	180	180	132	132	138	132	348	258	258	186	60	180	60	180	180	
168	378	372	360	348	288	288	288	276	276	276	168	168	120	120	222	222	306	210	360	300	300	120	180	120	180	60	120	
318	378	324	312	300	288	288	288	270	270	270	162	162	234	120	180	180	306	210	360	300	300	120	180	120	180	120	60	
DEPOT_DISTANCE_MATRIX
60	360	318	300	288	276	264	264	150	150	150	60	90	90	162	168	204	228	234	312	360	408	348	318	168	192	168	318	
162	378	324	318	300	288	288	288	270	270	270	168	168	120	60	180	180	306	210	360	300	300	120	180	120	180	120	120	
318	420	366	360	360	348	348	348	300	300	300	192	192	180	180	60	60	204	132	348	258	258	186	60	180	60	180	180	
PATIENT_WEIGHT
123	120	92	39	138	71	89	143	83	37	107	122	129	109	50	124	81	50	66	119	113	32	112	125	81	75	136	123	100	122	147	65	36	106	110	149	140	133	103	93	83	121	51	125	131	44	55	97	101	64	126	133	98	110	76	146	52	86	43	121	150	56	111	38	146	135	101	76	150	68	40	78	143	66	125	148	130	135	87	69	95	82	48	86	49	109	88	92	40	64	62	47	135	111	127	47	132	122	66	86	90	68	103	136	143	102	112	98	125	89	53	35	32	77	110	95	34	123	42	104	78	90	91	104	75	78	109	108	45	134	146	89	65	105	134	58	74	50	57	86	123	146	67	61	87	104	68	118	142	149	56	128	89	42	127	131	86	41	88	59	58	66	38	134	42	61	55	86	85	53	108	38	148	110	140	89	95	40	122	112	65	32	133	129	105	59	92	46	77	89	104	55	72	117	96	77	147	128	59	97	107	96	108	53	92	82	48	76	107	103	137	140	71	42	91	82	67	62	93	85	42	136	57	113	145	150	130	136	62	50	33	89	40	101	137	148	114	70	34	92	61	109	43	89	71	76	39	123	127	49	78	51	113	144	30	62	52	146	144	71	75	100	75	32	138	108	112	136	59	146	127	124	110	112	77	145	97	109	88	82	56	79	84	36	89	109	61	147	66	144	150	38	129	49	59	149	104	108	40	145	96	46	91	40	117	102	63	68	106	44	136	120	61	145	131	98	142	94	128	110	39	73	54	41	133	92	109	39	95	42	102	130	82	51	96	81	48	112	138	71	57	103	56	98	141	103	46	48	63	42	81	87	145	97	61	139	54	30	56	93	48	36	110	59	73	69	143	149	134	90	73	78	73	138	35	115	87	131	146	121	105	112	130	62	31	105	96	117	92	69	36	133	78	123	90	63	132	32	145	43	89	99	53	55	89	53	142	47	34	81	102	148	146	134	116	120	42	87	41	148	41	64	38	130	143	56	111	76	139	46	37	92	69	51	80	58	45	67	42	62	128	51	125	35	103	44	34	39	104	82	127	69	119	147	106	65	102	142	61	142	52	130	93	131	135	132	75	37	120	61	36	60	105	148	83	56	30	138	136	67	108	109	61	44	122	139	50	66	117	93	71	134	118	61	87	48	132	71	47	58	94	136	75	76	129	140	148	123	137	146	56	98	105	80	66	45	104	33	33	131	102	106	92	114	149	32	81	127	84	114	111	43	43	63	36	45	99	80	124	132	133	96	68	142	51	78	46	148	135	61	108	58	62	63	86	75	121	103	41	146	125	99	50	104	146	120	75	101	144	48	40	119	43	81	67	109	98	40	113	104	112	122	144	140	85	94	76	124	147	66	53	112	98	44	139	57	106	101	122	148	75	37	88	96	54	41	126	79	46	134	96	80	113	99	117	115	44	41	90	111	59	54	33	50	74	96	36	148	125	113	64	147	93	82	116	71	38	115	116	41	46	104	130	111	137	126	80	76	40	75	34	117	130	87	48	83	145	115	53	67	150	122	75	138	139	99	45	47	33	85	148	131	84	123	70	39	114	68	56	96	120	142	84	40	115	146	93	146	50	81	125	61	33	132	56	123	41	107	120	111	42	76	37	85	60	57	143	122	35	126	38	71	93	116	139	112	138	58	124	124	97	103	145	31	56	52	60	39	93	148	81	67	99	62	118	113	102	62	60	70	45	94	81	118	35	141	143	130	84	54	77	110	111	119	40	72	73	117	46	53	133	85	78	103	65	138	94	42	112	37	67	126	98	111	79	78	54	135	93	52	50	135	51	84	50	42	83	139	64	112	69	133	99	98	71	135	143	129	49	30	58	
LOCATION_TURN_MATRIX
100	130	122	113	112	199	136	122	129	152	173	146	151	136	158	140	176	113	122	167	194	134	110	172	114	184	100	147	
170	100	154	188	164	169	136	136	152	170	104	183	155	115	101	104	155	187	174	115	149	134	178	168	114	135	168	102	
178	146	100	161	178	114	104	165	117	139	126	169	192	109	120	179	160	152	154	134	113	140	154	179	196	196	192	181	
187	112	139	100	158	114	195	181	104	132	195	106	183	169	132	170	140	136	172	148	116	110	123	136	151	120	176	169	
188	136	122	142	100	175	164	159	112	100	167	164	135	191	132	181	104	123	142	156	108	117	193	182	116	147	156	185	
101	131	186	186	125	100	190	147	164	150	137	102	145	176	185	131	113	108	117	186	118	151	140	178	154	189	172	110	
164	164	196	105	136	110	100	186	153	151	183	193	111	157	144	123	188	142	110	163	105	190	166	187	170	171	186	126	
178	164	135	119	141	153	114	100	106	130	108	103	151	178	122	151	130	133	184	177	110	141	166	110	122	174	191	197	
171	148	183	196	188	136	147	194	100	167	100	146	168	129	128	142	172	118	174	147	105	158	156	160	120	106	119	136	
148	130	161	168	200	150	149	170	133	100	177	106	175	116	188	180	176	194	108	146	130	187	183	173	128	141	169	176	
127	196	174	105	133	163	117	192	200	123	100	171	175	140	183	115	104	186	128	153	151	175	100	146	191	117	132	197	
154	117	131	194	136	198	107	197	154	194	129	100	136	184	140	147	172	184	148	131	103	156	185	200	152	158	154	143	
149	145	108	117	165	155	189	149	132	125	125	164	100	140	199	142	101	144	163	185	117	191	200	143	113	165	102	154	
164	185	191	131	109	124	143	122	171	184	160	116	160	100	109	116	196	113	131	186	166	139	183	175	144	161	105	170	
142	199	180	168	168	115	156	178	172	112	117	160	101	191	100	147	177	177	199	158	172	188	164	175	180	168	154	195	
160	196	121	130	119	169	177	149	158	120	185	153	158	184	153	100	152	159	197	157	181	159	102	123	168	200	124	186	
124	145	140	160	196	187	112	170	128	124	196	128	199	104	123	148	100	149	114	112	117	135	105	132	138	180	198	156	
187	113	148	164	177	192	158	167	182	106	114	116	156	187	123	141	151	100	166	132	168	163	159	123	129	173	161	116	
178	126	146	128	158	183	190	116	126	192	172	152	137	169	101	103	186	134	100	184	199	137	130	160	148	113	140	150	
133	185	166	152	144	114	137	123	153	154	147	169	115	114	142	143	188	168	116	100	111	195	128	157	191	164	141	171	
106	151	187	184	192	182	195	190	195	170	149	197	183	134	128	119	183	132	101	189	100	129	151	163	147	166	104	177	
166	166	160	190	183	149	110	159	142	113	125	144	109	161	112	141	165	137	163	105	171	100	101	185	169	129	103	197	
190	122	146	177	107	160	134	134	144	117	200	115	100	117	136	198	195	141	170	172	149	199	100	106	150	116	118	145	
128	132	121	164	118	122	113	190	140	127	154	100	157	125	125	177	168	177	140	143	137	115	194	100	128	167	115	155	
186	186	104	149	184	146	130	178	180	172	109	148	187	156	120	132	162	171	152	109	153	131	150	172	100	155	124	184	
116	165	104	180	153	111	129	126	194	159	183	142	135	139	132	100	120	127	187	136	134	171	184	133	145	100	129	192	
200	132	108	124	144	128	114	109	181	131	168	146	198	195	146	176	102	139	160	159	196	197	182	185	176	171	100	146	
153	198	119	131	115	190	174	103	164	124	103	157	146	130	105	114	144	184	150	129	123	103	155	145	116	108	154	100	

