INDEX_PROBLEM
1
PATIENTS
800
STRETCHERS
16
NUM_ROOM
28
NUM_DEPOTS
3
NUM_PRIORITY
4
PRIORITY_LIST
0	1	2	3	4	
PRIORITY_WEIGHT
0	1	10	18	30	
PRIORITY_JOB
0	1	2	2	3	3	4	1	3	2	2	3	3	1	1	3	2	2	3	4	1	2	2	2	3	3	1	1	2	2	3	3	3	3	4	1	2	2	3	4	3	3	4	1	2	2	3	3	2	3	4	1	2	2	3	3	4	1	3	4	1	2	2	3	1	3	1	1	2	2	1	3	1	3	4	1	2	2	3	2	3	3	4	1	1	2	1	3	1	2	3	3	1	2	2	1	2	3	3	4	1	2	1	3	4	2	3	3	4	1	2	2	1	2	3	3	4	1	2	3	3	1	2	3	3	1	1	2	2	2	3	4	1	2	2	3	1	1	3	3	1	1	2	1	2	3	3	4	1	2	2	2	2	1	3	3	4	1	2	1	2	2	3	3	4	1	2	3	4	1	2	3	3	1	2	2	1	3	2	3	4	1	1	3	1	1	2	2	3	4	1	1	4	2	2	3	3	1	1	3	1	1	2	2	3	3	4	2	2	1	2	2	3	3	1	3	3	2	1	2	3	3	4	1	2	1	2	2	3	3	4	4	3	1	1	2	2	3	3	1	1	1	2	3	3	4	4	4	1	1	2	2	3	3	1	1	1	1	2	2	3	3	1	2	2	2	1	2	3	3	4	1	1	2	2	3	3	4	1	3	2	2	1	2	3	3	4	1	1	3	1	2	2	3	3	1	4	1	2	1	3	3	4	1	2	2	2	3	3	1	1	3	2	2	1	1	2	3	3	4	1	1	2	2	3	3	4	3	4	1	1	1	2	2	3	3	1	3	1	2	2	3	3	4	4	3	1	2	1	2	3	3	2	1	1	2	3	3	4	1	2	1	2	2	1	3	3	4	1	1	1	2	2	3	3	1	3	2	2	2	1	3	3	4	1	1	1	2	2	3	3	4	1	3	2	2	1	3	3	2	2	1	4	1	2	3	3	4	1	3	1	2	1	3	3	4	1	1	2	2	3	3	1	1	2	2	2	1	1	3	3	1	2	3	2	2	3	3	4	1	3	4	2	2	1	1	3	3	4	1	3	1	2	2	3	3	4	2	3	1	2	2	1	3	3	1	1	1	2	3	3	4	1	3	2	2	1	3	3	1	2	1	1	2	2	3	3	4	1	4	2	2	1	3	3	1	1	1	2	2	3	3	4	1	2	3	2	2	3	1	3	4	1	1	2	2	2	3	3	1	1	2	2	3	1	3	4	1	2	1	2	3	3	1	1	2	3	3	2	3	1	1	3	1	2	2	2	3	3	4	1	2	4	3	2	3	1	1	3	4	1	1	2	2	2	3	3	4	1	3	2	2	2	1	3	1	1	2	2	3	3	3	4	1	2	3	2	1	3	3	1	1	1	2	2	2	3	4	1	2	2	4	3	1	3	4	1	2	1	2	2	3	3	1	2	2	3	3	1	3	4	1	1	2	2	1	2	3	3	1	1	2	3	2	3	1	4	1	2	2	3	1	3	4	1	1	2	2	3	3	1	1	4	1	2	2	2	2	3	3	1	2	2	3	3	3	3	1	1	4	1	2	2	1	3	3	4	1	2	2	3	3	3	1	3	1	2	2	2	1	3	3	4	1	2	2	3	2	3	1	1	1	2	2	2	3	4	1	2	2	3	3	3	1	1	4	1	1	2	2	1	3	3	4	1	2	2	3	4	2	1	3	1	2	2	3	1	2	3	1	2	2	3	3	3	1	4	1	2	2	3	3	1	1	1	1	2	2	3	1	2	1	1	4	4	1	2	2	1	1	3	3	1	1	2	2	1	1	1	2	3	3	4	1	1	2	1	2	2	3	3	4	1	1	1	2	2	3	3	2	1	
TIME_ASKED
0	28800	28800	28800	28800	28800	28800	28800	28800	28800	28800	28800	28800	28800	28800	28800	28800	29545	29574	29603	29632	29661	29690	29742	29784	29826	29868	29910	29952	29994	30029	30058	30087	30116	30145	30174	30203	30232	30261	30290	30329	30358	30387	30416	30445	30474	30503	30532	30561	30590	30621	30642	30663	30684	30705	30726	30747	30768	30789	30810	30831	30852	30873	30894	30949	30998	31047	31096	31145	31194	31227	31254	31281	31308	31335	31362	31389	31416	31443	31470	31497	31524	31548	31572	31596	31620	31644	31668	31692	31716	31740	31764	31788	31837	31874	31911	31948	31985	32022	32059	32096	32159	32218	32277	32336	32395	32419	32438	32457	32476	32495	32514	32533	32552	32571	32590	32609	32628	32647	32666	32685	32759	32818	32877	32936	32995	33027	33054	33081	33108	33135	33162	33189	33216	33243	33270	33297	33333	33366	33399	33432	33465	33498	33531	33564	33597	33616	33632	33648	33664	33680	33696	33712	33728	33744	33760	33776	33792	33808	33824	33840	33856	33872	33888	33933	33966	33999	34032	34065	34098	34131	34164	34197	34242	34284	34326	34368	34410	34452	34494	34533	34566	34599	34632	34665	34698	34731	34764	34797	34827	34854	34881	34908	34935	34962	34989	35016	35043	35070	35097	35137	35174	35211	35248	35285	35322	35359	35396	35433	35466	35499	35532	35565	35598	35631	35664	35697	35723	35746	35769	35792	35815	35838	35861	35884	35907	35930	35953	35976	35999	36023	36046	36069	36092	36115	36138	36161	36184	36207	36230	36253	36276	36299	36327	36354	36381	36408	36435	36462	36489	36516	36543	36570	36597	36619	36638	36657	36676	36695	36714	36733	36752	36771	36790	36809	36828	36847	36866	36885	36949	36998	37047	37096	37145	37194	37259	37318	37377	37436	37495	37549	37598	37647	37696	37745	37794	37827	37854	37881	37908	37935	37962	37989	38016	38043	38070	38097	38123	38146	38169	38192	38215	38238	38261	38284	38307	38330	38353	38376	38399	38419	38438	38457	38476	38495	38514	38533	38552	38571	38590	38609	38628	38647	38666	38685	38742	38784	38826	38868	38910	38952	38994	39029	39058	39087	39116	39145	39174	39203	39232	39261	39290	39349	39398	39447	39496	39545	39594	39633	39666	39699	39732	39765	39798	39831	39864	39897	39937	39974	40011	40048	40085	40122	40159	40196	40242	40284	40326	40368	40410	40452	40494	40542	40584	40626	40668	40710	40752	40794	40849	40898	40947	40996	41045	41094	41133	41166	41199	41232	41265	41298	41331	41364	41397	41423	41446	41469	41492	41515	41538	41561	41584	41607	41630	41653	41676	41699	41749	41798	41847	41896	41945	41994	42099	42198	42297	42342	42384	42426	42468	42510	42552	42594	42699	42798	42897	42923	42946	42969	42992	43015	43038	43061	43084	43107	43130	43153	43176	43199	43237	43274	43311	43348	43385	43422	43459	43496	43549	43598	43647	43696	43745	43794	43899	43998	44097	44159	44218	44277	44336	44395	44459	44518	44577	44636	44695	44799	44898	44997	45033	45066	45099	45132	45165	45198	45231	45264	45297	45337	45374	45411	45448	45485	45522	45559	45596	45637	45674	45711	45748	45785	45822	45859	45896	45959	46018	46077	46136	46195	46249	46298	46347	46396	46445	46494	46537	46574	46611	46648	46685	46722	46759	46796	46821	46842	46863	46884	46905	46926	46947	46968	46989	47010	47031	47052	47073	47094	47199	47298	47397	47437	47474	47511	47548	47585	47622	47659	47696	47737	47774	47811	47848	47885	47922	47959	47996	48049	48098	48147	48196	48245	48294	48324	48348	48372	48396	48420	48444	48468	48492	48516	48540	48564	48588	48627	48654	48681	48708	48735	48762	48789	48816	48843	48870	48897	48937	48974	49011	49048	49085	49122	49159	49196	49233	49266	49299	49332	49365	49398	49431	49464	49497	49537	49574	49611	49648	49685	49722	49759	49796	49827	49854	49881	49908	49935	49962	49989	50016	50043	50070	50097	50149	50198	50247	50296	50345	50394	50424	50448	50472	50496	50520	50544	50568	50592	50616	50640	50664	50688	50737	50774	50811	50848	50885	50922	50959	50996	51027	51054	51081	51108	51135	51162	51189	51216	51243	51270	51297	51324	51348	51372	51396	51420	51444	51468	51492	51516	51540	51564	51588	51637	51674	51711	51748	51785	51822	51859	51896	51933	51966	51999	52032	52065	52098	52131	52164	52197	52259	52318	52377	52436	52495	52517	52534	52551	52568	52585	52602	52619	52636	52653	52670	52687	52704	52721	52738	52755	52772	52789	52859	52918	52977	53036	53095	53137	53174	53211	53248	53285	53322	53359	53396	53459	53518	53577	53636	53695	53733	53766	53799	53832	53865	53898	53931	53964	53997	54027	54054	54081	54108	54135	54162	54189	54216	54243	54270	54297	54374	54448	54522	54596	54627	54654	54681	54708	54735	54762	54789	54816	54843	54870	54897	55049	55198	55237	55274	55311	55348	55385	55422	55459	55496	55574	55648	55722	55796	55827	55854	55881	55908	55935	55962	55989	56016	56043	56070	56097	56399	56499	56598	56697	56733	56766	56799	56832	56865	56898	56931	56964	56997	57049	57098	57147	57196	57245	57294	57359	57418	57477	57536	57595	
ORIGIN
0	16	6	27	19	7	27	25	1	25	23	10	2	23	12	14	14	14	3	23	14	16	14	16	14	14	16	7	27	20	7	14	14	9	1	23	11	14	2	13	14	14	14	3	24	14	4	14	7	6	27	18	7	27	20	8	1	14	17	2	23	12	2	26	23	3	23	14	4	24	11	1	5	5	7	27	19	8	27	14	14	1	23	11	2	23	14	14	2	14	3	24	14	4	26	7	27	1	18	7	27	20	14	1	23	17	1	23	12	2	23	14	14	14	14	4	24	15	4	23	16	23	14	14	3	27	23	14	3	3	10	2	23	12	2	16	16	2	14	27	4	26	16	8	1	1	7	27	20	8	1	23	2	3	27	20	2	23	13	14	27	3	4	24	15	4	26	16	6	15	26	26	27	22	8	26	14	14	2	23	12	2	23	27	26	26	26	4	25	16	5	14	14	14	27	20	8	27	23	14	23	23	20	2	23	13	2	27	14	14	14	14	4	26	16	14	27	14	23	2	20	8	1	14	17	3	23	12	2	23	14	3	23	14	14	27	11	5	26	23	3	8	19	8	27	23	9	1	14	3	2	14	14	2	16	10	10	27	14	4	26	16	1	26	16	14	1	4	14	1	23	2	2	2	11	2	23	13	3	23	2	4	27	27	14	26	16	14	3	14	15	27	23	8	1	22	22	14	22	14	2	23	14	3	14	14	4	26	16	5	26	26	7	23	23	26	27	23	9	3	3	20	2	23	13	2	23	14	3	14	27	20	26	16	6	3	3	14	27	20	8	1	23	10	2	14	11	2	26	14	3	19	19	4	24	15	5	26	26	7	19	4	26	14	14	9	1	14	14	2	23	13	2	23	7	3	20	20	27	27	27	5	27	1	1	14	20	8	1	23	10	1	23	12	4	14	14	3	23	14	14	4	15	27	26	16	6	1	11	3	14	2	14	1	23	20	20	22	12	2	23	14	3	27	14	27	27	7	14	26	14	14	7	14	27	1	23	10	1	27	24	2	14	13	14	27	14	27	14	11	4	26	16	6	27	19	7	23	23	14	23	23	14	12	12	14	2	23	14	3	23	14	27	4	27	11	1	16	7	23	26	4	27	23	9	26	23	11	2	26	4	14	27	14	3	24	2	14	26	16	5	27	18	7	27	14	14	3	14	17	2	23	23	27	27	14	3	23	14	4	23	15	14	1	25	6	26	19	2	14	23	9	1	23	11	2	2	12	2	27	14	14	15	15	14	14	16	5	26	17	7	27	14	1	3	23	14	2	20	20	2	4	13	3	23	14	4	24	15	4	1	1	14	3	19	14	27	14	8	1	23	10	2	23	12	27	14	14	3	23	14	14	27	11	5	26	16	7	27	20	27	23	14	3	1	23	11	2	4	24	2	23	14	3	24	14	4	26	7	14	3	26	7	14	14	14	23	23	10	2	23	12	26	26	14	27	23	14	27	27	23	23	26	14	7	27	19	8	12	23	3	16	23	11	2	14	27	2	23	14	3	24	14	4	14	14	5	1	26	7	27	26	14	3	23	10	1	23	12	2	23	14	14	14	14	4	24	11	23	26	16	6	27	19	7	27	14	14	20	20	10	2	23	14	11	23	14	3	23	14	4	8	7	14	26	16	7	27	20	14	4	2	9	1	23	11	2	23	13	2	14	14	4	24	15	14	1	8	6	27	18	7	27	21	8	17	17	10	2	23	12	2	5	14	3	23	14	4	14	16	5	1	25	7	27	20	14	14	13	9	1	23	11	2	4	13	2	14	14	3	24	14	1	7	7	5	27	18	7	27	20	8	1	2	10	1	23	12	2	14	13	
DESTINATION
0	14	17	2	22	23	2	14	23	14	27	14	14	27	11	16	5	25	14	4	26	14	9	14	5	1	16	20	2	14	13	2	2	14	14	27	15	5	27	7	5	5	26	14	2	26	14	1	13	17	2	27	20	2	14	14	14	16	6	14	27	11	14	23	1	14	3	26	14	2	12	14	14	14	20	2	22	14	2	16	16	14	27	15	14	27	20	8	14	8	14	1	26	14	3	13	2	23	27	20	2	14	4	14	27	6	14	27	11	14	1	8	1	15	26	14	2	14	14	26	14	26	3	3	23	2	27	1	26	26	14	14	27	11	14	14	14	27	1	23	14	3	14	14	23	23	20	2	14	14	14	27	27	26	18	7	14	1	7	1	23	23	14	2	14	14	3	14	17	14	14	14	2	2	14	23	16	10	14	27	11	14	1	23	3	3	3	14	14	14	14	16	16	3	2	14	14	2	27	16	1	1	7	14	1	7	14	23	10	1	4	26	14	3	14	2	2	2	3	24	14	14	14	16	6	14	27	11	14	1	25	14	3	1	2	23	12	14	3	27	14	14	22	14	2	27	14	14	25	14	27	20	8	14	14	14	14	23	26	14	3	14	14	3	14	2	14	14	4	14	27	14	27	27	20	14	1	7	14	3	27	14	23	23	2	3	14	3	23	5	11	2	26	14	14	19	19	8	19	8	14	1	25	14	1	26	14	3	14	14	3	14	20	27	27	14	3	27	14	26	26	7	27	1	7	14	1	1	14	10	2	11	3	14	17	23	23	4	2	14	14	14	27	14	14	4	15	14	23	8	14	22	22	14	2	14	14	3	14	20	22	14	14	16	4	14	14	26	26	27	27	7	14	1	20	14	7	7	2	2	2	14	2	14	14	3	14	14	14	27	14	14	27	11	14	20	8	14	3	26	2	14	14	23	3	14	17	14	12	26	4	24	15	14	27	7	7	19	11	14	1	25	14	23	26	2	2	13	2	3	3	3	20	4	23	14	27	14	14	18	2	14	20	7	1	23	1	23	1	12	14	3	14	17	2	22	23	27	27	4	27	27	16	11	11	15	14	1	25	14	4	26	2	14	23	12	23	14	20	27	14	14	2	27	14	14	27	15	14	14	14	1	23	26	14	1	24	2	3	14	14	2	27	20	2	4	4	26	16	6	14	7	7	23	23	25	14	3	26	14	27	14	2	23	14	17	14	22	27	4	27	14	14	27	15	14	27	11	27	23	9	26	11	11	2	26	14	14	3	9	20	2	4	24	26	27	5	27	7	7	27	14	7	14	3	26	14	2	14	14	23	23	3	23	22	4	23	15	14	14	27	14	14	27	11	23	9	1	14	4	26	2	2	12	14	3	16	20	2	14	2	27	16	26	14	27	15	27	14	1	14	1	26	14	2	26	14	3	13	3	23	14	20	15	15	4	1	27	14	14	27	11	23	23	1	23	3	26	23	23	27	27	3	20	20	2	22	14	11	27	26	16	27	15	27	20	23	14	1	26	14	1	26	14	4	2	14	23	14	20	2	14	4	26	27	14	14	27	11	14	1	8	1	2	26	14	2	12	26	3	14	17	2	22	23	2	15	5	14	14	14	14	27	8	12	1	25	14	5	26	14	14	13	2	14	16	20	2	14	4	14	14	14	14	27	20	14	1	7	14	10	1	14	2	14	2	23	14	17	2	27	23	2	7	14	6	6	14	14	27	11	27	14	25	14	4	26	14	2	14	14	23	14	20	2	14	4	8	7	14	14	27	15	14	14	7	14	2	9	14	1	26	23	13	13	14	2	27	20	2	14	14	14	27	14	14	27	11	14	8	7	
DUE_DATE
0	31147	30476	30525	30094	30143	29652	31447	30296	30825	30874	30443	30492	31727	31756	30585	31094	31123	30672	30161	31930	31239	31268	31320	30882	30924	32166	32208	31530	31572	31127	31156	31185	31214	30703	32472	31781	31810	31359	30848	31427	31456	30945	32714	32023	32052	31601	31630	32139	31688	31179	32940	32241	32262	31803	31824	31305	33066	31887	31368	33129	32430	32451	31992	33247	32096	33345	33394	32723	32772	33525	32352	33579	32406	31893	33660	32967	32994	32541	33048	32595	32622	32106	33870	33894	33198	33942	32766	33990	33294	32838	32862	34086	33415	33452	34209	33526	33083	33120	32617	34394	33737	34516	33375	32894	33973	33517	33536	33015	34774	34073	34092	34831	34130	33669	33688	33167	34926	34225	33764	33783	35057	34396	33975	34034	35293	35325	34632	34659	34686	34233	33720	35487	34794	34821	34368	35595	35631	34464	34497	35730	35763	35076	35829	35142	34695	34714	34190	35946	35242	35258	35274	35290	36026	34842	34858	34334	36090	35386	36122	35418	35434	34970	34986	34491	36264	35577	35130	34623	36396	35709	35262	35295	36540	35862	35904	36666	35508	36030	35592	35091	36864	36897	35730	36963	36996	36309	36342	35895	35385	37152	37179	35466	36513	36540	36087	36114	37341	37368	36195	37435	37472	36789	36826	36383	36420	35917	36974	37011	37764	37077	37110	36663	36696	37929	36762	36795	37301	38044	37347	36890	36913	36396	38159	37462	38205	37508	37531	37074	37097	36581	36604	37167	38390	38413	37716	37739	37282	37305	38528	38551	38574	37877	37425	37452	36939	36966	36993	38760	38787	38094	38121	37668	37695	38917	38936	38955	38974	38273	38292	37831	37850	39069	38368	38387	38406	39145	38444	37983	38047	37556	39345	39394	38723	38772	38357	38416	37935	39734	38593	39127	39176	39945	39274	38843	38892	38385	40152	40179	39006	40233	39540	39567	39114	39141	40368	38655	40421	39724	40467	39290	39313	38796	40559	39862	39885	39908	39451	39474	40697	40717	39536	40035	40054	40793	40812	40111	39650	39669	39148	40907	40926	40225	40244	39783	39840	39342	39924	39426	41208	41250	41292	40607	40636	40185	40214	41443	40272	41501	40810	40839	40388	40447	39956	40005	40594	41843	41172	41931	41244	40797	40830	41343	42096	42129	41442	40995	41035	40532	42309	41626	42383	41700	41737	42494	41340	41382	40884	42666	42708	42750	42072	42120	41682	41724	42966	41808	42330	42372	42427	43196	42045	42094	41603	43392	43431	43464	42777	42810	42363	42396	41889	43662	42495	43001	43024	43767	42590	42613	43116	43139	43882	42165	43928	43231	42774	42797	42307	44096	42945	44194	43523	44292	43197	43296	42855	44640	44682	44004	44046	43608	43650	44892	44997	44376	44475	44501	45244	45267	44090	44113	45336	44639	44182	44685	44708	44251	44274	43757	45535	44372	43869	44926	44963	45720	45757	44594	44647	44156	45945	44794	46043	45372	45477	45096	45195	44717	45796	45375	46634	45973	46037	46816	45675	45734	46993	47097	47196	46575	46131	46164	45657	47430	46263	46776	46809	47562	46395	46435	47672	46989	47746	47783	47100	47137	46694	46735	46232	48009	46306	47363	47400	48157	46994	47057	48316	48375	48434	47773	47827	47396	47445	46954	48743	48072	47635	48152	48189	47746	48983	47820	47317	49094	49119	48420	48441	48462	48003	48024	49245	49266	48567	48588	48129	49350	48171	47652	49497	48876	49695	49015	48572	48609	49846	49883	49200	48757	48794	49315	48872	50109	50146	48983	50220	49537	49574	49627	49196	49245	48754	50543	49872	48882	49446	49950	49494	50718	50742	49566	49050	50814	50838	50142	50166	50205	49752	49779	49266	51033	49860	50367	50394	50421	51168	49995	51235	51272	50589	50626	50183	50220	50257	49754	51531	50844	50397	50910	51663	50496	50529	51762	51795	51835	51152	51189	51226	50783	50280	52057	51374	51405	50412	50979	52206	51033	50520	52287	51594	52341	51648	51675	51247	51296	52545	51874	51923	51492	51522	52746	51570	51054	52818	52842	52146	52170	52914	52218	51762	51786	53035	53072	52389	51946	52463	52020	53257	51554	53325	52632	52659	52206	53433	52260	51747	53514	53541	52848	52875	52422	52446	53670	53694	51978	53742	53046	53070	53094	53118	52662	52686	53935	53252	53289	52846	52883	52920	52957	54194	54231	52524	54297	53610	53643	54396	53229	53262	52755	54557	53896	53955	53534	53593	53615	54832	53649	54866	54163	54180	54197	54934	53751	53768	53245	55002	54299	54316	53853	54350	53887	55157	55216	55275	54614	54673	54715	54272	53769	55546	54863	54900	54457	54494	54557	55816	55875	54194	55993	56031	55344	55377	56130	54963	54996	54489	56262	55575	55605	55152	54639	55686	56433	55260	56487	55794	55821	55368	56595	55952	55546	56820	56174	56205	55752	55779	55806	57033	55320	57087	56394	56421	55968	55995	57347	57496	57535	57572	56889	56926	56483	57720	57037	57794	57872	56206	56280	58094	57405	57432	58179	58206	57033	57060	58287	58314	57621	57648	58395	58697	58797	58176	57795	57831	57324	59097	59130	58443	59196	58509	58542	58095	58147	57656	59445	59494	59543	58872	58937	58516	58575	59114	59893	
TRANSPORT_MODE
0	2	4	4	4	4	4	2	0	4	4	4	4	4	2	0	2	4	4	4	4	4	2	0	4	4	4	4	4	2	0	0	2	1	1	4	4	4	2	0	0	4	4	4	4	1	2	0	0	4	4	4	1	4	4	0	0	3	4	4	4	4	4	2	0	4	4	4	4	4	3	0	3	4	4	4	4	4	2	0	0	4	4	4	4	4	3	0	3	4	4	4	4	4	2	0	0	4	4	4	4	4	3	0	0	4	4	4	4	4	4	0	0	2	4	1	4	4	4	0	0	3	1	4	4	4	1	0	2	2	4	4	1	4	4	0	0	3	4	4	4	1	1	0	2	2	4	4	4	4	1	0	0	3	4	1	4	4	4	0	0	2	4	4	4	4	4	0	0	3	4	4	1	1	4	0	0	4	2	4	1	4	4	0	3	3	4	1	4	4	4	0	0	2	4	4	4	4	4	0	3	3	1	4	4	1	4	0	0	2	1	4	4	4	4	0	0	4	3	1	4	4	4	0	0	1	2	4	1	4	4	0	0	4	3	4	1	4	1	0	4	2	4	1	1	4	4	0	4	3	4	4	4	4	0	0	4	2	2	1	4	1	1	0	0	4	3	4	1	1	4	0	4	2	2	4	4	4	4	0	0	4	3	4	4	4	1	0	0	0	1	1	2	1	4	1	0	4	4	3	4	4	1	4	0	4	2	4	1	1	4	0	0	4	3	3	1	4	1	4	0	4	2	1	4	4	1	0	0	4	3	3	4	1	1	4	0	0	1	4	2	1	1	4	0	0	1	4	3	4	4	4	0	1	4	2	4	4	1	1	0	0	1	4	3	1	4	1	0	4	1	2	2	4	4	1	0	0	4	4	3	4	1	4	0	0	4	1	2	2	1	1	4	0	1	4	3	1	1	1	0	0	0	1	4	2	4	1	4	0	4	4	3	1	1	4	4	0	4	1	2	4	1	4	0	1	1	3	3	1	4	1	0	0	1	4	2	4	1	4	0	0	1	1	3	3	1	4	4	0	0	1	4	2	4	4	1	0	0	1	1	4	3	1	1	0	4	1	2	4	1	4	1	0	1	1	3	4	1	4	0	0	4	1	2	2	1	4	4	0	4	1	3	4	1	1	0	0	1	4	2	2	1	1	1	0	0	1	1	3	1	4	4	0	0	1	1	2	1	1	4	0	1	4	3	4	1	4	1	0	4	4	2	1	1	1	0	0	1	1	3	3	1	4	1	0	4	1	2	1	1	1	0	0	1	4	3	3	1	1	1	0	0	4	1	2	4	4	4	0	0	1	1	3	4	1	1	0	1	4	2	1	1	1	1	0	1	3	1	1	4	1	0	0	4	2	2	1	1	1	4	0	1	3	1	4	1	1	0	0	1	2	2	4	1	1	1	0	0	1	1	3	1	1	1	0	0	4	4	2	1	1	1	0	1	3	1	1	4	1	1	0	1	2	4	1	4	1	0	1	3	3	1	1	1	1	0	0	1	2	1	4	1	1	0	0	1	3	3	1	1	1	1	0	4	2	1	1	1	4	0	0	1	3	1	4	1	1	0	0	1	2	1	1	1	1	1	0	4	3	1	1	1	1	0	2	2	1	1	1	4	1	0	0	3	1	1	1	1	1	0	2	2	1	1	1	1	1	0	0	3	1	1	4	1	1	0	0	1	2	1	1	1	1	0	3	1	1	4	1	1	1	0	3	1	1	1	1	1	0	0	3	3	1	1	1	1	1	0	3	1	1	1	1	1	0	0	3	3	1	1	1	1	1	0	0	3	1	1	1	1	1	0	3	1	1	1	1	1	0	0	
DISTANCE_MATRIX
60	360	318	300	288	276	264	264	150	150	150	60	90	90	162	168	204	228	234	312	360	408	348	318	168	192	168	318	
360	60	264	318	324	342	342	342	348	348	354	360	372	378	378	420	420	480	462	498	462	462	384	420	372	420	378	378	
318	264	60	270	276	288	288	288	294	294	294	318	318	324	324	414	414	468	462	486	462	462	330	366	366	408	372	324	
300	318	270	60	276	288	288	288	288	288	288	300	300	312	318	408	408	468	462	486	438	438	318	360	360	402	360	312	
288	324	276	276	60	276	276	276	276	276	276	288	288	300	300	402	396	462	456	480	432	432	300	360	360	402	348	300	
276	342	288	288	276	60	180	180	252	258	264	264	264	288	288	390	390	456	450	480	432	432	288	348	348	348	288	288	
264	342	288	288	276	180	60	180	246	258	264	264	264	288	288	390	390	456	450	480	432	432	288	348	348	348	288	288	
264	342	288	288	276	180	180	60	240	258	264	264	264	288	288	390	390	456	450	480	432	432	288	348	348	348	288	288	
150	348	294	288	276	252	246	240	60	120	120	150	126	270	270	378	384	420	438	480	420	408	276	300	300	300	276	270	
150	348	294	288	276	258	258	258	120	60	120	150	150	270	270	378	384	420	438	480	420	408	276	300	300	300	276	270	
150	354	294	288	276	264	264	264	120	120	60	150	150	270	270	378	384	420	438	480	420	408	276	300	300	300	276	270	
60	360	318	300	288	264	264	264	150	150	150	60	90	162	168	228	234	312	360	408	348	318	168	192	192	198	168	162	
90	372	318	300	288	264	264	264	150	150	150	90	60	162	168	228	234	312	360	408	348	318	168	192	192	198	168	162	
90	378	324	312	300	288	288	288	270	270	270	162	162	60	120	180	180	306	210	360	300	300	120	180	120	180	120	234	
162	378	324	318	300	288	288	288	270	270	270	168	168	120	60	180	180	306	210	360	300	300	120	180	120	180	120	120	
168	420	414	408	402	348	348	348	300	300	300	228	228	180	180	60	132	204	132	348	258	258	186	60	180	132	222	180	
204	420	414	408	396	390	390	390	384	384	384	234	234	180	180	132	60	204	132	348	258	258	186	60	180	132	222	180	
228	480	468	468	462	456	456	456	420	420	420	312	312	306	306	204	204	60	198	120	240	240	306	204	306	138	306	306	
234	462	462	462	456	450	450	450	438	438	438	360	360	210	210	132	132	198	60	138	132	132	210	132	210	132	210	210	
312	498	486	486	480	480	480	480	480	480	480	408	408	360	360	348	348	120	138	60	348	348	360	348	360	348	360	360	
360	462	462	438	432	432	432	432	420	420	420	348	348	300	300	258	258	240	132	348	60	60	300	258	300	258	300	300	
408	462	462	438	432	432	432	432	408	408	408	318	318	300	300	258	258	240	132	348	60	60	300	258	300	258	300	300	
348	384	330	318	300	288	288	288	276	276	276	168	168	120	120	186	186	306	210	360	300	300	60	186	120	186	120	120	
318	420	366	360	360	348	348	348	300	300	300	192	192	180	180	60	60	204	132	348	258	258	186	60	180	60	180	180	
168	372	300	306	300	288	288	288	270	270	270	168	168	120	120	180	180	306	210	360	300	300	120	180	60	180	120	120	
192	420	408	402	402	348	348	348	300	300	300	198	198	180	180	132	132	138	132	348	258	258	186	60	180	60	180	180	
168	378	372	360	348	288	288	288	276	276	276	168	168	120	120	222	222	306	210	360	300	300	120	180	120	180	60	120	
318	378	324	312	300	288	288	288	270	270	270	162	162	234	120	180	180	306	210	360	300	300	120	180	120	180	120	60	
DEPOT_DISTANCE_MATRIX
60	360	318	300	288	276	264	264	150	150	150	60	90	90	162	168	204	228	234	312	360	408	348	318	168	192	168	318	
162	378	324	318	300	288	288	288	270	270	270	168	168	120	60	180	180	306	210	360	300	300	120	180	120	180	120	120	
318	420	366	360	360	348	348	348	300	300	300	192	192	180	180	60	60	204	132	348	258	258	186	60	180	60	180	180	
PATIENT_WEIGHT
64	88	110	50	68	127	90	133	65	45	122	95	39	120	132	91	128	35	66	111	130	30	99	135	55	83	47	79	80	41	43	44	70	48	144	32	94	146	101	111	110	50	79	50	80	140	83	56	65	146	90	107	70	65	49	143	72	99	42	72	65	118	124	75	72	87	129	102	140	34	73	81	45	149	56	66	59	96	66	30	67	72	102	100	108	93	106	56	30	52	130	99	43	126	135	42	106	131	82	90	51	120	69	75	62	65	117	71	88	131	46	80	132	57	35	84	40	39	119	132	58	134	123	45	117	36	149	35	142	58	80	71	69	128	112	61	40	116	149	82	105	68	150	98	144	123	83	133	45	40	56	114	122	40	49	137	146	71	91	119	49	109	80	76	33	89	94	76	56	79	108	117	106	32	35	78	71	102	87	121	60	54	137	60	139	143	56	106	70	33	78	132	99	35	76	68	105	90	106	59	140	34	106	37	50	52	105	49	79	111	75	69	82	52	35	130	37	60	52	48	115	139	30	149	69	145	149	52	77	125	31	43	91	65	108	77	55	80	108	150	51	57	106	35	109	103	70	31	38	107	62	89	89	52	90	94	133	50	79	55	119	45	49	129	75	120	98	52	87	122	83	89	146	103	65	94	73	145	54	121	59	56	77	63	105	115	112	137	62	136	144	51	142	144	58	57	146	41	137	130	90	134	110	116	40	62	70	54	98	46	132	38	53	84	119	145	148	122	75	85	48	63	128	131	31	86	38	91	117	109	74	91	113	130	139	72	130	102	41	51	74	33	38	138	37	123	31	99	66	98	51	109	141	142	85	114	59	49	147	99	95	104	87	113	100	56	101	123	80	39	137	101	126	149	54	51	77	111	59	106	96	65	143	107	31	69	106	143	70	143	35	150	119	66	92	143	91	107	137	53	91	43	69	98	73	45	62	65	108	74	149	61	130	137	30	129	56	130	94	140	118	113	43	40	105	121	122	33	124	139	146	117	146	62	41	107	107	102	120	91	73	42	132	44	52	66	140	123	50	124	113	65	124	103	133	131	70	65	87	133	140	36	47	43	149	64	94	41	61	49	134	91	106	85	98	46	110	76	93	60	116	33	39	51	77	92	97	102	112	128	45	55	135	78	77	57	69	67	69	136	61	59	108	144	99	48	96	89	100	145	145	141	50	59	73	132	128	104	53	97	77	38	98	116	86	106	42	40	80	116	150	131	120	52	141	131	116	109	63	61	53	129	101	48	46	109	75	134	109	135	55	67	137	65	66	75	94	51	82	71	35	40	127	59	56	146	123	112	46	35	30	70	81	46	127	148	57	43	87	30	37	62	38	106	77	96	79	89	122	107	98	115	30	144	57	146	127	50	97	135	38	91	133	55	140	112	64	42	90	79	121	67	116	130	148	37	116	55	36	135	104	142	98	96	50	99	120	62	32	88	140	89	141	74	49	45	145	70	139	39	44	74	103	137	34	74	77	77	61	30	73	141	89	95	92	132	138	116	55	94	42	146	52	56	30	139	30	122	135	150	100	88	59	125	94	82	109	111	150	138	120	45	48	71	144	58	107	136	42	150	132	121	65	58	124	109	142	126	144	126	90	98	76	89	64	116	102	40	125	114	52	126	30	51	124	71	115	81	103	135	89	94	139	52	148	123	68	49	51	48	55	120	149	48	47	145	129	34	51	86	122	124	85	78	56	114	128	110	86	68	115	131	136	147	128	108	93	81	132	125	48	43	98	77	143	49	65	99	136	123	60	55	104	33	49	70	125	79	70	32	108	150	102	39	126	147	100	125	43	112	50	37	110	92	45	32	74	107	35	39	135	
LOCATION_TURN_MATRIX
100	130	122	113	112	199	136	122	129	152	173	146	151	136	158	140	176	113	122	167	194	134	110	172	114	184	100	147	
170	100	154	188	164	169	136	136	152	170	104	183	155	115	101	104	155	187	174	115	149	134	178	168	114	135	168	102	
178	146	100	161	178	114	104	165	117	139	126	169	192	109	120	179	160	152	154	134	113	140	154	179	196	196	192	181	
187	112	139	100	158	114	195	181	104	132	195	106	183	169	132	170	140	136	172	148	116	110	123	136	151	120	176	169	
188	136	122	142	100	175	164	159	112	100	167	164	135	191	132	181	104	123	142	156	108	117	193	182	116	147	156	185	
101	131	186	186	125	100	190	147	164	150	137	102	145	176	185	131	113	108	117	186	118	151	140	178	154	189	172	110	
164	164	196	105	136	110	100	186	153	151	183	193	111	157	144	123	188	142	110	163	105	190	166	187	170	171	186	126	
178	164	135	119	141	153	114	100	106	130	108	103	151	178	122	151	130	133	184	177	110	141	166	110	122	174	191	197	
171	148	183	196	188	136	147	194	100	167	100	146	168	129	128	142	172	118	174	147	105	158	156	160	120	106	119	136	
148	130	161	168	200	150	149	170	133	100	177	106	175	116	188	180	176	194	108	146	130	187	183	173	128	141	169	176	
127	196	174	105	133	163	117	192	200	123	100	171	175	140	183	115	104	186	128	153	151	175	100	146	191	117	132	197	
154	117	131	194	136	198	107	197	154	194	129	100	136	184	140	147	172	184	148	131	103	156	185	200	152	158	154	143	
149	145	108	117	165	155	189	149	132	125	125	164	100	140	199	142	101	144	163	185	117	191	200	143	113	165	102	154	
164	185	191	131	109	124	143	122	171	184	160	116	160	100	109	116	196	113	131	186	166	139	183	175	144	161	105	170	
142	199	180	168	168	115	156	178	172	112	117	160	101	191	100	147	177	177	199	158	172	188	164	175	180	168	154	195	
160	196	121	130	119	169	177	149	158	120	185	153	158	184	153	100	152	159	197	157	181	159	102	123	168	200	124	186	
124	145	140	160	196	187	112	170	128	124	196	128	199	104	123	148	100	149	114	112	117	135	105	132	138	180	198	156	
187	113	148	164	177	192	158	167	182	106	114	116	156	187	123	141	151	100	166	132	168	163	159	123	129	173	161	116	
178	126	146	128	158	183	190	116	126	192	172	152	137	169	101	103	186	134	100	184	199	137	130	160	148	113	140	150	
133	185	166	152	144	114	137	123	153	154	147	169	115	114	142	143	188	168	116	100	111	195	128	157	191	164	141	171	
106	151	187	184	192	182	195	190	195	170	149	197	183	134	128	119	183	132	101	189	100	129	151	163	147	166	104	177	
166	166	160	190	183	149	110	159	142	113	125	144	109	161	112	141	165	137	163	105	171	100	101	185	169	129	103	197	
190	122	146	177	107	160	134	134	144	117	200	115	100	117	136	198	195	141	170	172	149	199	100	106	150	116	118	145	
128	132	121	164	118	122	113	190	140	127	154	100	157	125	125	177	168	177	140	143	137	115	194	100	128	167	115	155	
186	186	104	149	184	146	130	178	180	172	109	148	187	156	120	132	162	171	152	109	153	131	150	172	100	155	124	184	
116	165	104	180	153	111	129	126	194	159	183	142	135	139	132	100	120	127	187	136	134	171	184	133	145	100	129	192	
200	132	108	124	144	128	114	109	181	131	168	146	198	195	146	176	102	139	160	159	196	197	182	185	176	171	100	146	
153	198	119	131	115	190	174	103	164	124	103	157	146	130	105	114	144	184	150	129	123	103	155	145	116	108	154	100	

