INDEX_PROBLEM
1
PATIENTS
800
STRETCHERS
16
NUM_ROOM
28
NUM_DEPOTS
3
NUM_PRIORITY
4
PRIORITY_LIST
0	1	2	3	4	
PRIORITY_WEIGHT
0	1	10	18	30	
PRIORITY_JOB
0	1	2	2	3	3	1	3	2	2	2	3	3	1	2	3	2	3	3	4	4	1	2	2	2	3	3	1	1	2	4	3	2	3	4	1	2	2	3	4	3	4	1	1	2	2	3	3	3	3	4	1	2	2	3	3	2	1	3	4	1	2	2	1	2	3	3	1	2	2	3	3	1	3	4	1	2	2	3	1	3	1	1	2	2	1	4	3	1	3	4	4	1	2	2	2	3	3	3	1	1	2	2	3	1	1	3	3	4	1	2	1	2	2	3	3	4	1	2	3	4	1	2	3	3	1	2	2	2	3	3	4	1	2	2	3	1	1	3	3	1	1	2	2	2	3	4	4	1	2	1	3	1	2	3	3	1	1	2	2	2	3	3	4	1	2	1	2	3	1	3	3	4	1	2	2	1	2	3	3	1	2	2	2	3	1	3	3	4	1	2	2	2	3	3	1	1	2	1	4	1	2	3	4	4	1	2	1	3	2	3	3	1	1	1	3	3	1	2	2	3	3	4	1	1	2	2	3	3	4	1	2	3	1	2	2	3	3	1	2	2	2	1	3	3	4	1	4	3	1	2	2	3	3	1	2	1	2	2	3	4	1	2	3	1	1	2	3	3	4	1	2	1	2	2	3	3	4	1	3	1	1	2	2	3	3	1	2	1	2	2	3	3	1	2	2	1	2	3	3	4	1	2	1	3	2	2	3	3	4	1	4	1	1	1	2	2	3	4	1	1	2	2	3	3	3	4	3	1	1	1	1	2	2	3	2	4	3	1	2	2	3	3	2	3	4	1	1	2	2	3	1	3	1	2	2	3	3	4	3	4	1	1	2	2	3	2	1	3	1	1	2	3	3	4	3	4	1	1	2	2	3	1	1	3	1	1	2	2	3	3	2	2	4	1	1	2	2	3	1	3	2	1	3	2	3	1	3	2	2	1	2	3	3	4	1	1	1	2	2	3	3	4	4	1	1	1	2	3	3	4	1	3	1	2	2	3	3	1	3	1	1	1	2	2	3	3	2	4	4	1	2	2	3	3	2	3	4	1	1	1	2	2	3	2	3	1	2	2	3	3	3	3	4	1	1	2	2	3	1	3	1	1	1	2	3	3	4	4	1	1	2	2	3	3	1	1	4	1	1	2	2	3	3	2	1	2	1	2	3	3	2	1	4	1	2	2	3	3	1	3	2	1	2	3	3	4	2	1	1	2	2	3	3	1	4	3	1	2	1	3	3	4	1	1	2	2	3	3	4	1	3	2	1	1	1	2	2	3	3	1	1	2	2	3	3	3	4	4	1	2	1	1	2	3	3	2	1	2	2	3	3	4	3	3	2	1	2	1	2	3	3	1	1	1	2	3	3	4	1	3	2	1	2	3	3	4	2	1	1	1	2	2	3	3	1	4	1	2	1	2	3	3	4	1	1	2	2	3	3	1	2	3	2	1	3	3	4	1	2	1	2	2	3	3	1	1	1	3	2	1	3	3	4	1	2	2	2	3	3	1	1	2	2	3	2	1	1	3	3	4	1	1	2	2	3	3	4	1	3	3	2	1	1	2	3	1	2	2	2	3	3	3	1	2	4	2	2	1	3	3	1	1	1	2	2	3	3	4	4	1	2	3	2	1	3	3	1	1	1	2	2	3	4	4	2	1	2	2	2	1	3	3	1	2	1	2	2	3	3	1	2	2	3	3	1	3	4	1	2	2	1	1	3	1	3	1	1	2	2	1	3	3	4	1	2	2	1	2	1	3	3	4	1	1	1	1	1	2	2	3	4	1	1	2	1	2	2	3	3	4	1	2	1	1	1	2	2	3	3	1	
TIME_ASKED
0	28800	28800	28800	28800	28800	28800	28800	28800	28800	28800	28800	28800	28800	28800	28800	28800	29545	29574	29603	29632	29661	29690	29742	29784	29826	29868	29910	29952	29994	30029	30058	30087	30116	30145	30174	30203	30232	30261	30290	30329	30358	30387	30416	30445	30474	30503	30532	30561	30590	30621	30642	30663	30684	30705	30726	30747	30768	30789	30810	30831	30852	30873	30894	30949	30998	31047	31096	31145	31194	31227	31254	31281	31308	31335	31362	31389	31416	31443	31470	31497	31524	31548	31572	31596	31620	31644	31668	31692	31716	31740	31764	31788	31837	31874	31911	31948	31985	32022	32059	32096	32159	32218	32277	32336	32395	32419	32438	32457	32476	32495	32514	32533	32552	32571	32590	32609	32628	32647	32666	32685	32759	32818	32877	32936	32995	33027	33054	33081	33108	33135	33162	33189	33216	33243	33270	33297	33333	33366	33399	33432	33465	33498	33531	33564	33597	33616	33632	33648	33664	33680	33696	33712	33728	33744	33760	33776	33792	33808	33824	33840	33856	33872	33888	33933	33966	33999	34032	34065	34098	34131	34164	34197	34242	34284	34326	34368	34410	34452	34494	34533	34566	34599	34632	34665	34698	34731	34764	34797	34827	34854	34881	34908	34935	34962	34989	35016	35043	35070	35097	35137	35174	35211	35248	35285	35322	35359	35396	35433	35466	35499	35532	35565	35598	35631	35664	35697	35723	35746	35769	35792	35815	35838	35861	35884	35907	35930	35953	35976	35999	36023	36046	36069	36092	36115	36138	36161	36184	36207	36230	36253	36276	36299	36327	36354	36381	36408	36435	36462	36489	36516	36543	36570	36597	36619	36638	36657	36676	36695	36714	36733	36752	36771	36790	36809	36828	36847	36866	36885	36949	36998	37047	37096	37145	37194	37259	37318	37377	37436	37495	37549	37598	37647	37696	37745	37794	37827	37854	37881	37908	37935	37962	37989	38016	38043	38070	38097	38123	38146	38169	38192	38215	38238	38261	38284	38307	38330	38353	38376	38399	38419	38438	38457	38476	38495	38514	38533	38552	38571	38590	38609	38628	38647	38666	38685	38742	38784	38826	38868	38910	38952	38994	39029	39058	39087	39116	39145	39174	39203	39232	39261	39290	39349	39398	39447	39496	39545	39594	39633	39666	39699	39732	39765	39798	39831	39864	39897	39937	39974	40011	40048	40085	40122	40159	40196	40242	40284	40326	40368	40410	40452	40494	40542	40584	40626	40668	40710	40752	40794	40849	40898	40947	40996	41045	41094	41133	41166	41199	41232	41265	41298	41331	41364	41397	41423	41446	41469	41492	41515	41538	41561	41584	41607	41630	41653	41676	41699	41749	41798	41847	41896	41945	41994	42099	42198	42297	42342	42384	42426	42468	42510	42552	42594	42699	42798	42897	42923	42946	42969	42992	43015	43038	43061	43084	43107	43130	43153	43176	43199	43237	43274	43311	43348	43385	43422	43459	43496	43549	43598	43647	43696	43745	43794	43899	43998	44097	44159	44218	44277	44336	44395	44459	44518	44577	44636	44695	44799	44898	44997	45033	45066	45099	45132	45165	45198	45231	45264	45297	45337	45374	45411	45448	45485	45522	45559	45596	45637	45674	45711	45748	45785	45822	45859	45896	45959	46018	46077	46136	46195	46249	46298	46347	46396	46445	46494	46537	46574	46611	46648	46685	46722	46759	46796	46821	46842	46863	46884	46905	46926	46947	46968	46989	47010	47031	47052	47073	47094	47199	47298	47397	47437	47474	47511	47548	47585	47622	47659	47696	47737	47774	47811	47848	47885	47922	47959	47996	48049	48098	48147	48196	48245	48294	48324	48348	48372	48396	48420	48444	48468	48492	48516	48540	48564	48588	48627	48654	48681	48708	48735	48762	48789	48816	48843	48870	48897	48937	48974	49011	49048	49085	49122	49159	49196	49233	49266	49299	49332	49365	49398	49431	49464	49497	49537	49574	49611	49648	49685	49722	49759	49796	49827	49854	49881	49908	49935	49962	49989	50016	50043	50070	50097	50149	50198	50247	50296	50345	50394	50424	50448	50472	50496	50520	50544	50568	50592	50616	50640	50664	50688	50737	50774	50811	50848	50885	50922	50959	50996	51027	51054	51081	51108	51135	51162	51189	51216	51243	51270	51297	51324	51348	51372	51396	51420	51444	51468	51492	51516	51540	51564	51588	51637	51674	51711	51748	51785	51822	51859	51896	51933	51966	51999	52032	52065	52098	52131	52164	52197	52259	52318	52377	52436	52495	52517	52534	52551	52568	52585	52602	52619	52636	52653	52670	52687	52704	52721	52738	52755	52772	52789	52859	52918	52977	53036	53095	53137	53174	53211	53248	53285	53322	53359	53396	53459	53518	53577	53636	53695	53733	53766	53799	53832	53865	53898	53931	53964	53997	54027	54054	54081	54108	54135	54162	54189	54216	54243	54270	54297	54374	54448	54522	54596	54627	54654	54681	54708	54735	54762	54789	54816	54843	54870	54897	55049	55198	55237	55274	55311	55348	55385	55422	55459	55496	55574	55648	55722	55796	55827	55854	55881	55908	55935	55962	55989	56016	56043	56070	56097	56399	56499	56598	56697	56733	56766	56799	56832	56865	56898	56931	56964	56997	57049	57098	57147	57196	57245	57294	57359	57418	57477	57536	57595	
ORIGIN
0	16	6	27	19	7	27	25	14	14	23	10	2	23	12	11	14	14	3	23	14	14	14	16	7	14	16	7	27	20	2	13	14	9	1	23	11	2	14	13	14	14	2	3	24	14	14	27	27	6	27	18	7	27	20	8	7	14	17	2	23	12	2	14	5	5	23	14	4	24	11	1	25	25	25	27	19	8	9	14	14	1	23	11	2	14	13	13	4	4	2	24	14	4	26	7	7	1	18	7	27	20	14	1	26	23	8	23	12	2	23	14	1	23	14	4	24	15	4	23	16	14	25	14	3	27	23	14	14	14	10	2	23	12	2	16	7	16	27	14	4	26	20	7	14	14	7	27	20	8	3	13	13	12	23	27	27	23	4	14	14	27	4	24	15	4	23	16	1	27	27	14	2	22	8	26	14	14	2	23	12	2	23	1	14	1	14	14	14	16	5	14	14	27	27	20	8	27	14	14	2	5	20	2	23	13	2	7	27	26	27	14	4	26	1	14	27	23	14	2	14	8	1	14	14	23	27	12	2	23	14	3	23	16	14	14	11	27	14	14	16	16	16	8	27	23	9	2	3	2	3	2	14	14	2	20	3	1	1	4	26	16	1	1	2	14	26	4	26	14	23	2	2	2	2	2	23	13	3	23	2	27	2	14	14	1	14	14	3	1	2	27	23	8	1	27	2	14	14	14	2	14	14	26	26	14	27	26	16	5	26	14	7	26	23	14	14	14	9	14	14	2	14	23	13	2	23	14	3	27	14	14	1	7	7	3	27	14	23	2	8	1	23	10	2	14	14	2	26	26	14	23	19	8	19	15	5	26	26	14	19	2	2	3	14	14	10	14	14	27	27	13	2	23	7	26	20	16	1	7	14	14	2	2	14	10	2	8	1	23	10	1	3	27	27	14	14	14	27	14	4	4	15	27	26	16	15	1	14	14	14	14	14	3	3	14	3	14	14	2	23	14	3	23	14	23	23	7	14	1	1	3	7	7	2	2	23	10	1	27	24	14	14	14	14	27	14	14	27	11	14	20	16	6	27	19	7	23	11	14	23	23	17	14	14	20	26	23	14	3	23	14	23	4	7	14	1	25	14	27	26	2	2	20	9	26	23	11	26	20	27	27	14	14	14	18	23	20	20	16	5	27	18	7	2	14	12	4	14	17	2	22	23	27	27	14	3	23	14	4	1	14	14	1	14	6	4	26	27	14	11	9	1	23	11	2	14	27	14	27	14	14	15	15	14	14	4	1	26	17	7	27	24	2	14	14	14	2	27	20	24	14	2	3	23	14	4	24	15	23	25	25	14	3	26	23	23	4	2	1	23	10	2	14	4	2	22	14	14	15	15	14	14	27	27	26	16	7	27	14	2	26	14	3	20	23	11	2	2	26	2	23	14	3	24	14	4	26	14	14	26	26	7	14	14	27	14	23	10	2	23	12	26	15	14	27	27	14	27	9	14	23	26	14	7	26	19	8	2	2	2	16	16	11	2	1	14	27	16	14	3	24	14	4	14	3	14	1	14	7	27	26	14	3	23	10	1	23	12	2	23	15	27	14	14	14	24	11	23	1	16	6	27	19	7	27	12	1	3	20	20	2	23	27	27	26	14	3	23	14	4	8	7	23	14	16	7	27	20	14	4	2	9	1	23	4	2	23	13	26	27	14	4	24	15	14	1	14	6	27	18	7	27	21	14	14	14	10	2	23	2	2	11	14	3	23	14	4	3	12	25	3	25	7	27	20	14	13	13	9	1	23	11	2	14	14	14	14	14	3	24	14	1	7	7	5	27	18	7	27	20	8	23	17	2	1	23	12	2	1	1	
DESTINATION
0	14	17	2	22	23	2	14	5	3	27	14	14	27	11	12	25	25	14	4	26	20	9	14	13	9	16	20	2	14	14	7	4	14	14	27	15	14	5	7	4	5	27	14	2	26	8	23	23	17	2	27	20	2	14	14	13	16	6	14	27	11	14	25	14	14	3	26	14	2	12	14	14	14	14	2	22	14	14	16	16	14	27	15	14	20	7	7	14	14	14	1	26	14	3	13	13	23	27	20	2	14	4	14	14	27	14	27	11	14	1	8	23	27	26	14	2	14	14	26	14	5	14	3	23	2	27	1	1	1	14	14	27	11	14	14	13	14	23	1	14	3	14	13	2	5	20	2	14	14	26	7	7	11	1	18	18	1	14	1	1	23	14	2	14	14	1	14	14	23	23	4	24	2	14	23	16	16	14	27	11	14	1	14	16	14	10	2	10	14	14	2	16	2	2	14	14	2	20	20	14	14	7	27	1	7	14	13	2	3	23	26	14	3	14	2	2	27	4	24	4	14	14	16	1	27	2	11	14	1	25	14	3	14	2	2	12	23	2	1	14	14	14	14	2	27	14	14	26	14	26	27	20	8	27	14	26	23	23	14	3	14	14	14	27	2	14	14	14	4	27	14	27	14	14	14	1	7	14	3	27	23	27	2	2	23	2	3	23	14	14	2	26	14	14	23	14	16	10	8	27	8	2	3	3	3	2	3	14	14	3	10	20	3	1	4	4	16	14	1	16	14	1	1	7	14	1	2	14	2	2	2	23	13	13	23	2	10	27	14	14	14	27	14	14	4	2	27	23	23	8	27	22	14	22	14	14	3	14	3	22	27	27	26	16	5	14	2	2	23	23	7	14	1	20	3	7	14	14	13	2	2	14	27	3	14	14	14	14	27	14	14	26	23	23	2	8	1	23	10	14	14	11	23	3	14	11	14	2	8	8	5	5	26	26	26	14	4	26	14	1	25	14	27	26	27	27	13	2	23	23	26	20	20	27	27	27	14	14	18	2	10	2	8	1	23	10	1	23	12	4	14	14	17	2	22	23	27	15	4	27	27	6	1	1	7	14	1	25	14	4	26	27	14	20	2	23	14	3	23	14	27	27	7	14	14	27	15	14	7	2	23	10	26	1	27	27	14	14	14	14	2	27	20	24	4	11	14	16	6	27	19	7	23	23	25	14	3	26	14	23	26	26	23	3	17	23	14	23	4	12	14	14	27	15	14	26	2	26	2	26	26	11	11	26	26	14	14	3	9	20	2	2	14	20	16	5	27	18	7	2	1	14	14	3	26	14	2	14	27	14	14	3	23	14	1	1	14	14	14	27	14	14	9	14	27	19	1	9	11	11	2	2	2	2	3	16	20	2	1	14	14	4	26	7	27	15	27	24	3	14	1	26	14	2	26	14	14	2	3	14	14	20	15	15	23	15	27	14	14	27	11	23	14	2	23	23	26	23	14	4	1	3	20	20	14	22	14	27	27	27	16	16	15	27	14	2	23	14	26	14	1	26	14	4	26	2	23	3	20	2	14	4	26	27	14	14	27	11	14	1	14	23	10	10	2	2	12	26	14	14	17	2	22	23	2	11	23	26	7	7	14	27	2	2	3	25	14	5	26	14	14	13	27	16	16	20	2	14	4	14	14	14	14	27	14	14	1	7	3	23	1	14	2	14	2	23	15	17	2	27	23	2	7	1	16	16	14	14	27	27	27	12	25	14	4	26	14	26	11	14	26	14	20	2	14	8	7	7	14	14	27	15	14	2	2	2	9	9	14	1	26	23	13	13	14	2	27	20	2	14	14	27	6	27	14	27	11	14	14	14	
DUE_DATE
0	31147	30476	30525	30094	30143	31392	30247	30776	30825	30874	30443	30492	31727	31036	30585	31094	30643	30672	30161	30190	31959	31268	31320	31362	30924	30966	32208	32250	31572	30587	31156	31665	31214	30703	32472	31781	31810	31359	30848	31427	30916	32685	32714	32023	32052	31601	31630	31659	31688	31179	32940	32241	32262	31803	31824	32325	33066	31887	31368	33129	32430	32451	33192	32527	32096	32145	33394	32723	32772	32325	32352	33579	32406	31893	33660	32967	32994	32541	33768	32595	33822	33846	33150	33174	33918	32202	32766	33990	32814	32298	32322	34086	33415	33452	33489	33046	33083	33120	34357	34394	33737	33796	33375	34634	34693	33517	33536	33015	34774	34073	34812	34111	34130	33669	33688	33167	34926	34225	33764	33243	35057	34396	33975	34034	35293	34605	34632	34659	34206	34233	33720	35487	34794	34821	34368	35595	35631	34464	34497	35730	35763	35076	35109	35142	34695	34174	34190	35946	35242	35978	34794	36010	35306	34842	34858	36074	36090	35386	35402	35418	34954	34970	34446	36231	35544	36297	35610	35163	36396	35229	35262	34755	36540	35862	35904	36666	35988	35550	35592	36831	36144	36177	36210	35763	36996	35829	35862	35355	37125	36432	36459	36486	36033	36060	37287	37314	36621	37368	35655	37435	36752	36309	35806	35843	37620	36937	37694	36531	37044	36597	36630	37863	37896	37929	36762	36795	38021	37324	37347	36890	36913	36396	38159	38182	37485	37508	37051	37074	36557	38321	37624	37167	38390	37693	37716	37259	37282	38505	37808	37831	37854	38597	37425	37452	36939	38706	36993	37560	38787	38094	38121	37668	37695	38917	38216	38955	38254	38273	37812	37291	39050	38349	37888	39107	39126	38425	37964	37983	37507	39296	38625	39394	38723	38772	38357	38416	37935	39734	38593	39847	39896	39225	39274	38843	38892	40125	39432	40179	39486	39513	39060	39087	40314	39621	39648	40395	39701	39244	39267	38750	40513	39816	40559	39382	39885	39908	39451	39474	38957	40717	38996	40755	40774	40793	40092	40111	39650	39129	40888	40907	40206	40225	39764	39783	39840	39342	39924	41166	41208	41250	41292	40607	40636	40185	40694	39703	40272	41501	40810	40839	40388	40447	40976	40545	40054	41843	41892	41211	41244	40797	42030	40863	42096	41409	41442	40995	41035	40532	41109	40606	42383	42420	41737	41774	41340	41862	42624	41466	42708	42750	42072	41640	41682	41184	41766	41268	43050	43092	42427	42476	42045	43294	43343	42192	43431	43464	42777	42810	42363	42396	42909	42942	41955	43721	43744	43047	43070	42613	43836	42659	43162	43905	42728	43231	42774	43997	42847	43376	43425	44194	43523	43092	43197	42756	44595	44640	44682	44004	44046	43608	43650	43152	43257	45096	45195	45221	44524	44067	44090	43573	45336	44159	45382	44685	44708	44251	44274	45497	44335	45572	45609	45646	44963	45000	44557	44594	45127	44156	44205	45994	45323	45372	44997	45096	45675	45257	44776	46575	46634	46693	46037	46096	45675	46214	45793	47097	46476	46575	46131	46164	46197	46230	45723	47496	47529	46842	46875	46435	47672	46509	47746	47783	47820	47137	46694	46735	46232	46269	48046	48083	47400	47437	46994	47057	48316	48375	46694	48493	48547	47876	47925	47494	47543	48072	48835	48152	48909	48226	47783	47820	48337	49094	47379	49140	48441	48462	48003	48024	49245	48066	48567	49308	48609	48150	48171	47652	48777	49596	49695	49015	49052	48609	48646	49883	48180	48757	49994	49315	50072	48909	48946	48443	50220	50257	49574	49627	49196	49245	48754	50543	49392	49902	50646	50670	50694	49998	50022	49566	49590	50814	50838	50142	50166	49725	49752	49779	49266	49293	51060	50367	51114	51141	50448	49995	50035	50552	51309	50626	50663	50220	50257	49754	50331	50364	50877	51630	50943	51696	51009	50562	50595	51835	51872	51909	51226	50783	50820	50317	52094	50925	51432	52179	51486	51033	51060	50547	51594	52341	52368	52395	51727	51776	51345	51394	52643	50952	52722	52026	52770	52074	51618	51642	51126	52890	52914	52218	52242	51786	51835	53072	52389	51946	52463	53220	52057	52094	51585	53352	52659	53406	52713	52740	52287	52314	53541	53568	53595	52422	52926	53670	52494	52518	52002	53766	53070	53094	53118	52662	52686	53935	53972	53289	53326	52883	53400	54157	54194	53031	53064	52557	54330	54363	53676	53709	53262	53295	52817	54616	53475	53534	54073	54815	54832	54129	53666	54883	54180	54197	54214	53751	53768	53785	55002	54299	53296	54333	54350	55087	53957	54016	55275	55334	55393	54715	54752	54309	54346	53843	53880	55657	54974	54557	55096	55875	54734	54793	56031	56064	56097	55410	55443	54996	54489	54522	55575	56325	55632	55659	55686	56433	55260	55287	56514	55821	56568	55875	55952	55546	55620	56894	56205	56232	55779	55806	57033	55860	55347	57114	56421	56448	57195	57347	56296	57535	56372	57609	57646	56963	57000	57757	56594	56672	56206	58020	57374	57405	58152	57459	58206	57033	57060	56547	58314	58341	58368	58395	58697	58077	58176	57795	57291	59064	59097	58410	59163	58476	58509	58062	58095	57607	59396	58725	59494	59543	59592	58937	58996	58575	58634	59893	
TRANSPORT_MODE
0	2	4	4	4	4	4	0	0	2	4	4	4	4	4	0	2	4	4	4	4	4	2	0	4	4	4	4	4	2	0	0	2	4	4	4	4	1	2	0	4	4	4	4	4	2	0	0	2	4	1	4	1	4	4	0	0	3	4	4	4	4	1	0	0	2	4	4	4	4	4	0	3	4	4	4	1	1	4	0	2	4	4	4	4	3	0	0	3	4	4	4	4	4	2	0	0	4	4	4	4	4	4	0	3	3	4	4	4	4	4	0	0	2	4	4	4	4	4	0	0	3	4	4	4	4	4	0	2	4	4	1	4	4	1	0	0	3	4	4	4	1	2	0	2	4	4	4	1	4	3	0	0	4	4	1	4	4	1	0	2	2	4	4	4	4	0	1	0	3	4	4	1	4	4	0	0	2	4	4	4	4	4	0	0	3	1	1	4	4	4	2	0	4	1	4	4	1	3	0	3	4	4	4	4	4	2	0	0	4	1	4	4	1	3	0	0	3	4	4	4	4	4	4	0	2	4	1	4	4	1	0	0	3	4	4	1	1	2	0	4	4	0	4	1	4	4	0	0	3	4	1	1	4	4	0	2	2	4	4	1	4	4	0	0	3	1	4	4	4	4	0	2	2	1	1	4	1	4	0	0	3	1	4	1	4	4	0	0	4	2	4	4	4	4	0	3	4	1	1	1	1	0	0	0	4	2	1	4	4	1	0	1	3	3	4	1	4	4	0	2	4	1	4	4	0	4	0	1	3	3	1	4	4	4	0	0	1	2	1	4	1	4	0	0	1	3	4	4	1	4	0	1	2	1	4	4	4	0	0	4	3	1	4	1	4	0	0	1	2	4	1	4	1	4	0	1	3	1	4	1	4	0	0	4	2	2	1	4	4	1	0	0	4	3	4	4	4	1	0	1	2	1	2	1	4	1	0	0	4	3	1	1	1	1	0	0	4	4	2	4	1	1	0	4	3	4	4	1	4	4	0	0	1	2	4	1	4	1	0	1	3	3	1	1	4	1	0	0	4	2	4	4	1	1	0	0	1	4	3	3	1	4	1	0	4	2	4	4	1	1	0	0	1	1	3	4	1	1	0	4	1	2	0	4	1	1	1	0	1	3	1	4	4	4	0	0	1	2	2	1	4	1	4	0	4	4	3	1	1	1	0	0	4	1	2	2	1	1	1	0	1	3	1	1	4	4	0	0	1	1	2	1	1	4	0	0	4	1	3	4	1	4	4	0	4	2	1	1	1	1	0	0	1	3	3	1	1	4	1	0	4	1	2	1	0	1	1	0	1	1	3	3	4	1	1	0	1	2	4	4	1	4	0	0	0	1	1	3	1	4	1	0	1	2	1	4	1	1	1	0	1	3	1	1	4	1	0	0	1	2	2	4	1	1	1	0	0	4	3	1	1	4	1	0	1	1	2	2	4	1	1	0	1	3	1	1	1	1	0	0	1	2	4	4	0	1	1	0	1	3	1	1	4	1	1	0	1	2	1	4	4	1	0	0	1	3	3	1	1	1	1	0	1	2	1	1	1	4	0	0	1	3	3	1	1	1	1	0	1	2	4	1	1	1	0	0	4	3	1	1	1	1	0	0	1	2	1	1	1	1	1	0	1	3	4	1	1	1	0	1	2	2	1	1	0	1	1	0	4	3	1	1	1	1	0	0	1	2	2	1	1	1	1	0	3	1	1	1	1	4	0	0	1	3	1	1	1	1	0	3	1	1	1	1	1	1	0	0	3	1	1	1	1	1	0	3	3	1	1	1	1	1	0	0	3	1	1	1	1	1	0	0	3	3	1	1	1	1	1	0	
DISTANCE_MATRIX
60	360	318	300	288	276	264	264	150	150	150	60	90	90	162	168	204	228	234	312	360	408	348	318	168	192	168	318	
360	60	264	318	324	342	342	342	348	348	354	360	372	378	378	420	420	480	462	498	462	462	384	420	372	420	378	378	
318	264	60	270	276	288	288	288	294	294	294	318	318	324	324	414	414	468	462	486	462	462	330	366	366	408	372	324	
300	318	270	60	276	288	288	288	288	288	288	300	300	312	318	408	408	468	462	486	438	438	318	360	360	402	360	312	
288	324	276	276	60	276	276	276	276	276	276	288	288	300	300	402	396	462	456	480	432	432	300	360	360	402	348	300	
276	342	288	288	276	60	180	180	252	258	264	264	264	288	288	390	390	456	450	480	432	432	288	348	348	348	288	288	
264	342	288	288	276	180	60	180	246	258	264	264	264	288	288	390	390	456	450	480	432	432	288	348	348	348	288	288	
264	342	288	288	276	180	180	60	240	258	264	264	264	288	288	390	390	456	450	480	432	432	288	348	348	348	288	288	
150	348	294	288	276	252	246	240	60	120	120	150	126	270	270	378	384	420	438	480	420	408	276	300	300	300	276	270	
150	348	294	288	276	258	258	258	120	60	120	150	150	270	270	378	384	420	438	480	420	408	276	300	300	300	276	270	
150	354	294	288	276	264	264	264	120	120	60	150	150	270	270	378	384	420	438	480	420	408	276	300	300	300	276	270	
60	360	318	300	288	264	264	264	150	150	150	60	90	162	168	228	234	312	360	408	348	318	168	192	192	198	168	162	
90	372	318	300	288	264	264	264	150	150	150	90	60	162	168	228	234	312	360	408	348	318	168	192	192	198	168	162	
90	378	324	312	300	288	288	288	270	270	270	162	162	60	120	180	180	306	210	360	300	300	120	180	120	180	120	234	
162	378	324	318	300	288	288	288	270	270	270	168	168	120	60	180	180	306	210	360	300	300	120	180	120	180	120	120	
168	420	414	408	402	348	348	348	300	300	300	228	228	180	180	60	132	204	132	348	258	258	186	60	180	132	222	180	
204	420	414	408	396	390	390	390	384	384	384	234	234	180	180	132	60	204	132	348	258	258	186	60	180	132	222	180	
228	480	468	468	462	456	456	456	420	420	420	312	312	306	306	204	204	60	198	120	240	240	306	204	306	138	306	306	
234	462	462	462	456	450	450	450	438	438	438	360	360	210	210	132	132	198	60	138	132	132	210	132	210	132	210	210	
312	498	486	486	480	480	480	480	480	480	480	408	408	360	360	348	348	120	138	60	348	348	360	348	360	348	360	360	
360	462	462	438	432	432	432	432	420	420	420	348	348	300	300	258	258	240	132	348	60	60	300	258	300	258	300	300	
408	462	462	438	432	432	432	432	408	408	408	318	318	300	300	258	258	240	132	348	60	60	300	258	300	258	300	300	
348	384	330	318	300	288	288	288	276	276	276	168	168	120	120	186	186	306	210	360	300	300	60	186	120	186	120	120	
318	420	366	360	360	348	348	348	300	300	300	192	192	180	180	60	60	204	132	348	258	258	186	60	180	60	180	180	
168	372	300	306	300	288	288	288	270	270	270	168	168	120	120	180	180	306	210	360	300	300	120	180	60	180	120	120	
192	420	408	402	402	348	348	348	300	300	300	198	198	180	180	132	132	138	132	348	258	258	186	60	180	60	180	180	
168	378	372	360	348	288	288	288	276	276	276	168	168	120	120	222	222	306	210	360	300	300	120	180	120	180	60	120	
318	378	324	312	300	288	288	288	270	270	270	162	162	234	120	180	180	306	210	360	300	300	120	180	120	180	120	60	
DEPOT_DISTANCE_MATRIX
60	360	318	300	288	276	264	264	150	150	150	60	90	90	162	168	204	228	234	312	360	408	348	318	168	192	168	318	
162	378	324	318	300	288	288	288	270	270	270	168	168	120	60	180	180	306	210	360	300	300	120	180	120	180	120	120	
318	420	366	360	360	348	348	348	300	300	300	192	192	180	180	60	60	204	132	348	258	258	186	60	180	60	180	180	
PATIENT_WEIGHT
71	90	32	30	120	137	142	57	118	132	52	136	82	149	117	88	107	111	67	37	119	130	71	140	115	96	50	106	47	134	38	38	68	150	91	45	141	128	58	124	143	30	122	112	137	135	74	55	146	135	36	149	75	140	120	76	125	136	87	80	144	50	136	84	37	63	120	108	150	100	124	82	110	80	114	55	66	109	80	74	65	64	138	73	141	119	55	30	55	117	59	92	41	33	144	68	80	72	139	135	128	141	82	64	77	140	55	72	122	36	138	40	52	71	56	42	146	37	41	44	78	136	103	60	85	31	63	114	143	85	143	87	50	145	92	101	111	95	47	50	99	140	114	71	89	67	98	62	148	81	69	104	147	95	135	117	102	61	111	91	57	68	62	61	30	100	124	70	87	143	56	72	84	44	62	91	127	136	120	127	49	71	120	131	66	150	82	72	53	145	146	33	77	62	112	39	49	55	139	114	45	135	40	136	117	115	118	74	144	35	130	67	128	145	104	113	46	33	111	124	56	128	74	103	41	86	149	81	106	86	84	137	53	96	104	116	90	132	121	144	82	36	90	69	45	128	53	45	80	104	59	105	53	56	66	100	102	95	149	48	97	111	113	73	79	135	82	149	132	97	47	88	108	74	81	43	125	109	142	31	117	108	59	69	141	105	58	89	144	30	133	85	33	122	91	99	60	145	97	77	38	54	54	31	35	101	126	139	79	127	34	103	30	109	45	124	62	134	97	68	92	52	43	129	111	127	121	65	150	115	86	107	132	98	86	150	50	70	118	135	55	65	40	114	131	97	34	100	77	124	138	46	53	103	123	66	150	36	134	117	115	113	96	114	80	77	61	36	115	98	61	135	34	71	36	103	122	81	57	146	142	125	107	60	64	32	141	84	38	130	47	146	82	55	56	82	89	99	81	46	100	72	58	32	130	130	83	132	80	99	43	105	100	33	69	69	83	63	130	126	69	132	105	65	121	49	42	65	133	67	140	106	68	42	63	138	113	114	47	118	57	124	45	150	73	39	80	64	99	104	49	89	120	95	67	31	34	133	58	45	56	96	32	107	121	85	115	42	70	69	125	142	102	139	123	34	59	132	87	75	121	104	53	131	59	59	94	92	111	143	91	50	148	50	73	134	113	101	45	108	96	52	115	75	148	128	92	48	60	68	108	79	103	121	34	30	49	106	36	81	69	87	106	96	93	42	147	32	141	128	54	77	85	107	41	113	30	115	68	144	64	113	73	110	41	60	53	141	146	54	128	30	78	110	115	64	107	69	146	97	121	31	138	34	69	144	129	95	77	51	98	110	108	57	127	60	119	54	45	134	108	83	34	56	52	68	123	56	94	52	50	42	104	111	116	72	97	85	63	41	52	82	83	144	46	42	142	136	99	101	128	32	90	75	34	144	77	76	64	83	109	139	107	65	90	100	63	136	86	129	33	64	140	83	92	150	118	110	105	35	98	104	73	101	132	125	114	58	57	72	93	76	70	39	98	72	59	146	63	101	136	141	97	106	149	108	130	84	59	109	50	137	31	39	119	96	131	99	87	47	91	140	142	90	77	68	132	79	117	102	96	131	83	105	48	104	91	52	68	88	139	69	137	84	60	120	32	90	145	76	102	86	98	91	72	54	102	145	114	46	111	113	71	96	76	99	95	38	106	38	108	136	65	93	64	82	102	96	58	123	113	97	126	109	69	89	122	36	55	40	146	96	34	120	120	86	33	146	143	30	60	72	32	101	92	107	34	59	134	121	111	107	35	147	123	57	117	53	121	32	45	131	58	136	65	132	68	124	149	85	136	111	38	121	77	43	92	90	42	72	48	
LOCATION_TURN_MATRIX
100	130	122	113	112	199	136	122	129	152	173	146	151	136	158	140	176	113	122	167	194	134	110	172	114	184	100	147	
170	100	154	188	164	169	136	136	152	170	104	183	155	115	101	104	155	187	174	115	149	134	178	168	114	135	168	102	
178	146	100	161	178	114	104	165	117	139	126	169	192	109	120	179	160	152	154	134	113	140	154	179	196	196	192	181	
187	112	139	100	158	114	195	181	104	132	195	106	183	169	132	170	140	136	172	148	116	110	123	136	151	120	176	169	
188	136	122	142	100	175	164	159	112	100	167	164	135	191	132	181	104	123	142	156	108	117	193	182	116	147	156	185	
101	131	186	186	125	100	190	147	164	150	137	102	145	176	185	131	113	108	117	186	118	151	140	178	154	189	172	110	
164	164	196	105	136	110	100	186	153	151	183	193	111	157	144	123	188	142	110	163	105	190	166	187	170	171	186	126	
178	164	135	119	141	153	114	100	106	130	108	103	151	178	122	151	130	133	184	177	110	141	166	110	122	174	191	197	
171	148	183	196	188	136	147	194	100	167	100	146	168	129	128	142	172	118	174	147	105	158	156	160	120	106	119	136	
148	130	161	168	200	150	149	170	133	100	177	106	175	116	188	180	176	194	108	146	130	187	183	173	128	141	169	176	
127	196	174	105	133	163	117	192	200	123	100	171	175	140	183	115	104	186	128	153	151	175	100	146	191	117	132	197	
154	117	131	194	136	198	107	197	154	194	129	100	136	184	140	147	172	184	148	131	103	156	185	200	152	158	154	143	
149	145	108	117	165	155	189	149	132	125	125	164	100	140	199	142	101	144	163	185	117	191	200	143	113	165	102	154	
164	185	191	131	109	124	143	122	171	184	160	116	160	100	109	116	196	113	131	186	166	139	183	175	144	161	105	170	
142	199	180	168	168	115	156	178	172	112	117	160	101	191	100	147	177	177	199	158	172	188	164	175	180	168	154	195	
160	196	121	130	119	169	177	149	158	120	185	153	158	184	153	100	152	159	197	157	181	159	102	123	168	200	124	186	
124	145	140	160	196	187	112	170	128	124	196	128	199	104	123	148	100	149	114	112	117	135	105	132	138	180	198	156	
187	113	148	164	177	192	158	167	182	106	114	116	156	187	123	141	151	100	166	132	168	163	159	123	129	173	161	116	
178	126	146	128	158	183	190	116	126	192	172	152	137	169	101	103	186	134	100	184	199	137	130	160	148	113	140	150	
133	185	166	152	144	114	137	123	153	154	147	169	115	114	142	143	188	168	116	100	111	195	128	157	191	164	141	171	
106	151	187	184	192	182	195	190	195	170	149	197	183	134	128	119	183	132	101	189	100	129	151	163	147	166	104	177	
166	166	160	190	183	149	110	159	142	113	125	144	109	161	112	141	165	137	163	105	171	100	101	185	169	129	103	197	
190	122	146	177	107	160	134	134	144	117	200	115	100	117	136	198	195	141	170	172	149	199	100	106	150	116	118	145	
128	132	121	164	118	122	113	190	140	127	154	100	157	125	125	177	168	177	140	143	137	115	194	100	128	167	115	155	
186	186	104	149	184	146	130	178	180	172	109	148	187	156	120	132	162	171	152	109	153	131	150	172	100	155	124	184	
116	165	104	180	153	111	129	126	194	159	183	142	135	139	132	100	120	127	187	136	134	171	184	133	145	100	129	192	
200	132	108	124	144	128	114	109	181	131	168	146	198	195	146	176	102	139	160	159	196	197	182	185	176	171	100	146	
153	198	119	131	115	190	174	103	164	124	103	157	146	130	105	114	144	184	150	129	123	103	155	145	116	108	154	100	

