INDEX_PROBLEM
1
PATIENTS
800
STRETCHERS
16
NUM_ROOM
28
NUM_DEPOTS
3
NUM_PRIORITY
4
PRIORITY_LIST
0	1	2	3	4	
PRIORITY_WEIGHT
0	1	10	18	30	
PRIORITY_JOB
0	1	2	3	4	1	3	4	2	3	4	2	3	4	3	4	3	4	4	1	2	3	4	4	3	4	4	2	3	4	4	4	4	4	1	2	3	3	4	4	3	4	4	2	3	3	4	3	4	1	2	3	4	4	4	3	4	1	4	1	2	3	2	1	2	4	2	3	4	1	4	4	3	4	1	2	3	4	1	1	2	2	3	4	1	4	4	3	4	4	4	1	2	3	1	3	2	4	2	3	3	1	3	4	4	4	4	1	2	3	1	2	2	3	4	4	1	2	1	4	4	3	4	2	3	4	3	1	1	4	1	2	3	1	4	3	4	4	4	2	3	4	2	1	2	4	1	2	3	4	3	4	3	1	4	2	3	3	1	3	2	4	1	2	3	4	4	4	3	1	1	4	1	2	3	2	2	3	4	2	3	4	1	4	4	3	4	1	2	3	4	1	1	2	2	3	4	1	4	4	3	4	4	1	2	3	1	2	1	4	4	2	3	4	4	3	4	1	4	4	1	2	3	2	1	3	3	4	1	2	3	4	4	4	1	4	2	3	4	2	2	1	4	1	2	3	4	3	4	4	1	3	2	4	2	1	1	4	4	1	2	3	3	4	3	2	1	4	2	3	1	3	2	4	4	4	1	2	4	4	3	1	3	1	4	4	1	2	2	3	2	3	2	3	4	4	4	3	1	4	1	2	3	1	1	2	4	4	2	3	4	4	3	1	4	4	1	2	1	2	1	4	3	4	2	3	3	4	4	4	1	4	4	1	3	2	1	3	2	3	4	4	1	4	4	4	2	1	3	2	3	2	2	1	4	4	1	2	3	3	4	4	4	4	2	3	2	1	1	4	4	1	2	3	3	4	4	4	1	2	3	2	1	3	2	4	4	4	1	2	4	3	4	1	3	4	1	1	2	2	2	4	3	2	1	3	4	4	4	4	1	1	2	3	2	1	3	1	4	2	3	4	4	4	3	4	1	4	1	2	2	1	3	3	4	2	3	4	4	4	4	4	4	1	4	1	2	1	2	2	3	4	2	2	3	4	4	3	4	1	1	2	2	2	1	3	4	4	1	2	3	4	4	3	4	2	3	1	2	1	4	4	1	2	3	3	4	4	1	4	1	4	2	3	2	1	3	4	4	1	2	4	3	4	2	3	4	1	4	2	2	1	2	2	3	4	1	2	4	4	3	1	4	4	1	1	1	3	2	3	4	2	4	3	3	4	2	4	1	4	1	2	1	3	2	3	4	2	3	4	4	4	4	4	1	4	1	1	3	2	3	2	3	4	2	2	4	4	3	3	4	1	1	2	1	2	1	3	4	4	1	2	4	4	3	3	1	4	2	3	1	2	1	4	4	1	2	3	4	4	4	4	1	4	2	3	2	1	3	3	4	4	1	2	4	3	4	3	4	1	4	2	2	1	2	2	3	1	2	3	4	3	4	4	1	4	1	2	2	1	1	3	4	2	3	4	4	3	4	4	1	3	1	2	2	2	1	4	4	2	3	4	4	3	4	4	1	4	1	2	3	2	1	3	4	4	2	2	4	4	3	3	1	4	1	2	2	2	1	3	4	1	2	3	4	3	4	1	4	2	3	4	2	1	3	4	4	1	2	3	4	4	4	1	4	2	3	1	2	1	3	4	4	1	2	3	3	4	4	4	1	4	2	3	2	1	2	3	4	1	2	3	3	4	4	1	4	1	2	3	2	1	1	1	4	2	3	4	2	1	2	1	4	4	1	2	1	3	2	1	3	4	2	1	2	2	1	3	4	4	1	1	1	2	1	1	2	3	4	4	2	1	3	1	2	3	3	4	2	1	2	
TIME_ASKED
0	28800	28800	28800	28800	28800	28800	28800	28800	28800	28800	28800	28800	28800	28800	28800	28800	29545	29574	29603	29632	29661	29690	29742	29784	29826	29868	29910	29952	29994	30029	30058	30087	30116	30145	30174	30203	30232	30261	30290	30329	30358	30387	30416	30445	30474	30503	30532	30561	30590	30621	30642	30663	30684	30705	30726	30747	30768	30789	30810	30831	30852	30873	30894	30949	30998	31047	31096	31145	31194	31227	31254	31281	31308	31335	31362	31389	31416	31443	31470	31497	31524	31548	31572	31596	31620	31644	31668	31692	31716	31740	31764	31788	31837	31874	31911	31948	31985	32022	32059	32096	32159	32218	32277	32336	32395	32419	32438	32457	32476	32495	32514	32533	32552	32571	32590	32609	32628	32647	32666	32685	32759	32818	32877	32936	32995	33027	33054	33081	33108	33135	33162	33189	33216	33243	33270	33297	33333	33366	33399	33432	33465	33498	33531	33564	33597	33616	33632	33648	33664	33680	33696	33712	33728	33744	33760	33776	33792	33808	33824	33840	33856	33872	33888	33933	33966	33999	34032	34065	34098	34131	34164	34197	34242	34284	34326	34368	34410	34452	34494	34533	34566	34599	34632	34665	34698	34731	34764	34797	34827	34854	34881	34908	34935	34962	34989	35016	35043	35070	35097	35137	35174	35211	35248	35285	35322	35359	35396	35433	35466	35499	35532	35565	35598	35631	35664	35697	35723	35746	35769	35792	35815	35838	35861	35884	35907	35930	35953	35976	35999	36023	36046	36069	36092	36115	36138	36161	36184	36207	36230	36253	36276	36299	36327	36354	36381	36408	36435	36462	36489	36516	36543	36570	36597	36619	36638	36657	36676	36695	36714	36733	36752	36771	36790	36809	36828	36847	36866	36885	36949	36998	37047	37096	37145	37194	37259	37318	37377	37436	37495	37549	37598	37647	37696	37745	37794	37827	37854	37881	37908	37935	37962	37989	38016	38043	38070	38097	38123	38146	38169	38192	38215	38238	38261	38284	38307	38330	38353	38376	38399	38419	38438	38457	38476	38495	38514	38533	38552	38571	38590	38609	38628	38647	38666	38685	38742	38784	38826	38868	38910	38952	38994	39029	39058	39087	39116	39145	39174	39203	39232	39261	39290	39349	39398	39447	39496	39545	39594	39633	39666	39699	39732	39765	39798	39831	39864	39897	39937	39974	40011	40048	40085	40122	40159	40196	40242	40284	40326	40368	40410	40452	40494	40542	40584	40626	40668	40710	40752	40794	40849	40898	40947	40996	41045	41094	41133	41166	41199	41232	41265	41298	41331	41364	41397	41423	41446	41469	41492	41515	41538	41561	41584	41607	41630	41653	41676	41699	41749	41798	41847	41896	41945	41994	42099	42198	42297	42342	42384	42426	42468	42510	42552	42594	42699	42798	42897	42923	42946	42969	42992	43015	43038	43061	43084	43107	43130	43153	43176	43199	43237	43274	43311	43348	43385	43422	43459	43496	43549	43598	43647	43696	43745	43794	43899	43998	44097	44159	44218	44277	44336	44395	44459	44518	44577	44636	44695	44799	44898	44997	45033	45066	45099	45132	45165	45198	45231	45264	45297	45337	45374	45411	45448	45485	45522	45559	45596	45637	45674	45711	45748	45785	45822	45859	45896	45959	46018	46077	46136	46195	46249	46298	46347	46396	46445	46494	46537	46574	46611	46648	46685	46722	46759	46796	46821	46842	46863	46884	46905	46926	46947	46968	46989	47010	47031	47052	47073	47094	47199	47298	47397	47437	47474	47511	47548	47585	47622	47659	47696	47737	47774	47811	47848	47885	47922	47959	47996	48049	48098	48147	48196	48245	48294	48324	48348	48372	48396	48420	48444	48468	48492	48516	48540	48564	48588	48627	48654	48681	48708	48735	48762	48789	48816	48843	48870	48897	48937	48974	49011	49048	49085	49122	49159	49196	49233	49266	49299	49332	49365	49398	49431	49464	49497	49537	49574	49611	49648	49685	49722	49759	49796	49827	49854	49881	49908	49935	49962	49989	50016	50043	50070	50097	50149	50198	50247	50296	50345	50394	50424	50448	50472	50496	50520	50544	50568	50592	50616	50640	50664	50688	50737	50774	50811	50848	50885	50922	50959	50996	51027	51054	51081	51108	51135	51162	51189	51216	51243	51270	51297	51324	51348	51372	51396	51420	51444	51468	51492	51516	51540	51564	51588	51637	51674	51711	51748	51785	51822	51859	51896	51933	51966	51999	52032	52065	52098	52131	52164	52197	52259	52318	52377	52436	52495	52517	52534	52551	52568	52585	52602	52619	52636	52653	52670	52687	52704	52721	52738	52755	52772	52789	52859	52918	52977	53036	53095	53137	53174	53211	53248	53285	53322	53359	53396	53459	53518	53577	53636	53695	53733	53766	53799	53832	53865	53898	53931	53964	53997	54027	54054	54081	54108	54135	54162	54189	54216	54243	54270	54297	54374	54448	54522	54596	54627	54654	54681	54708	54735	54762	54789	54816	54843	54870	54897	55049	55198	55237	55274	55311	55348	55385	55422	55459	55496	55574	55648	55722	55796	55827	55854	55881	55908	55935	55962	55989	56016	56043	56070	56097	56399	56499	56598	56697	56733	56766	56799	56832	56865	56898	56931	56964	56997	57049	57098	57147	57196	57245	57294	57359	57418	57477	57536	57595	
ORIGIN
0	16	6	27	19	25	27	23	25	14	23	10	2	22	14	14	14	14	3	23	4	14	26	16	14	14	16	7	9	26	27	7	8	9	1	23	14	14	23	2	4	14	14	3	2	14	14	14	14	6	27	18	7	27	20	8	8	14	10	2	23	14	2	26	5	23	23	14	14	14	8	12	5	5	7	27	9	9	3	14	9	14	23	11	14	14	14	23	14	14	14	24	7	5	5	1	24	5	18	7	27	20	20	1	27	14	17	23	20	2	2	14	14	14	14	4	24	15	25	14	16	25	3	14	3	2	14	11	14	2	10	2	23	14	14	14	16	14	27	27	14	14	9	16	27	9	9	27	20	14	14	27	2	14	14	27	27	2	14	14	2	11	26	24	15	4	26	16	20	9	26	26	26	14	14	1	14	5	14	23	12	2	14	14	14	12	12	14	27	14	14	8	14	9	9	20	8	2	13	13	5	14	20	2	14	5	4	23	24	5	1	14	4	16	8	5	1	27	27	12	14	14	14	14	14	14	14	25	2	23	14	3	26	14	4	27	27	14	14	25	16	11	16	8	27	23	14	23	27	4	4	14	14	27	7	7	14	14	23	7	26	4	5	14	27	14	14	26	26	14	14	14	14	14	16	4	23	13	3	23	14	20	6	26	14	14	25	14	14	26	26	3	23	8	23	14	10	2	14	1	14	1	1	1	23	14	14	14	16	5	1	9	14	5	27	27	3	14	14	2	23	14	5	27	13	2	27	14	5	14	14	14	1	7	14	3	1	14	17	25	8	1	23	10	26	14	12	14	26	14	4	10	14	14	4	8	5	26	25	6	14	10	26	6	14	23	23	14	26	14	14	4	2	23	14	1	20	26	23	14	23	23	26	14	10	14	4	2	1	23	10	1	23	2	17	14	14	14	27	14	14	4	11	23	14	1	11	7	14	11	14	14	14	3	17	2	17	4	2	17	23	14	3	16	14	14	5	5	14	1	26	23	7	14	14	23	23	10	1	3	14	24	14	14	14	27	14	14	1	5	9	2	16	6	27	19	7	27	22	27	27	12	20	26	6	12	25	3	14	3	23	14	14	26	15	6	25	14	16	26	26	26	14	20	9	26	14	11	26	13	2	1	27	14	14	14	14	2	14	14	5	27	18	7	26	14	17	14	14	2	2	22	10	2	2	26	3	23	14	25	24	14	1	26	25	4	26	26	10	14	14	17	1	23	11	9	23	14	14	9	14	26	14	26	15	7	14	23	26	17	7	14	11	14	2	8	14	2	27	20	11	26	24	6	23	14	4	14	15	4	14	3	14	3	26	14	14	26	2	1	23	10	2	6	14	14	26	23	6	27	15	14	14	1	13	26	16	7	27	27	1	13	4	3	9	9	20	16	20	8	8	23	14	3	24	14	4	26	2	17	3	26	14	8	14	14	8	14	10	2	1	12	14	11	24	14	27	14	14	17	26	1	14	14	7	26	19	14	14	3	7	3	23	20	2	23	14	27	12	14	3	24	14	11	14	3	14	1	18	2	2	26	14	4	3	10	1	23	12	2	23	15	14	25	14	27	23	11	15	12	16	6	27	19	14	27	14	15	26	26	10	22	22	26	16	11	14	3	23	14	4	26	13	11	26	14	7	1	26	20	4	14	9	1	23	4	13	23	4	14	14	14	4	11	11	14	1	14	6	27	18	14	27	21	3	14	23	10	22	22	26	2	26	14	3	23	19	5	19	16	25	12	16	7	27	14	14	14	7	9	1	23	14	14	23	13	14	14	14	3	24	7	1	14	14	5	27	18	7	27	20	8	14	17	10	1	23	2	2	7	27	
DESTINATION
0	14	17	2	22	14	2	26	14	3	27	14	14	19	16	25	5	25	14	4	14	9	3	14	9	9	16	20	14	14	23	13	14	14	14	27	5	5	1	24	14	5	26	14	27	20	20	8	25	17	2	27	20	2	14	14	14	16	14	14	27	25	27	23	14	3	3	26	2	2	14	11	14	14	20	2	14	14	26	16	14	26	27	15	9	9	16	27	9	9	9	1	13	14	14	23	2	14	27	20	2	14	14	14	2	26	6	27	7	27	27	20	8	26	26	14	2	14	14	1	14	14	23	3	23	14	8	12	5	14	14	14	27	9	8	5	14	9	23	23	2	2	14	14	23	14	14	2	14	5	4	23	24	5	5	18	18	27	20	1	27	12	14	2	14	14	14	14	14	14	14	14	14	15	4	14	16	14	26	27	11	14	2	25	16	11	11	10	23	4	4	14	16	14	14	14	14	14	7	7	14	9	7	27	20	14	14	27	2	14	23	26	14	14	14	14	14	2	2	11	15	4	26	16	20	20	26	14	14	1	25	14	14	26	14	23	23	2	25	14	14	12	14	14	2	27	1	1	23	14	14	9	8	23	13	13	5	5	27	20	3	14	14	2	23	5	5	14	14	4	8	5	1	1	14	14	1	7	14	3	1	14	17	14	25	2	14	3	26	14	14	14	26	14	4	10	14	14	16	23	8	14	23	23	27	4	4	26	14	14	23	14	26	14	23	23	26	4	5	14	27	2	14	23	7	14	23	26	14	2	16	16	23	13	3	23	14	10	6	14	14	14	27	14	14	4	11	3	23	8	23	14	10	2	14	14	14	3	14	17	2	14	14	17	5	1	1	9	14	1	5	14	14	1	26	23	7	14	27	5	27	27	14	5	14	5	14	14	14	27	14	14	1	14	9	2	8	1	23	10	26	14	12	27	10	23	12	20	26	12	8	4	8	26	6	14	6	14	14	6	1	25	14	16	26	26	14	14	2	23	14	1	20	26	2	1	27	14	14	14	26	2	4	4	1	23	10	1	23	14	17	14	14	17	2	22	23	2	2	23	23	11	7	14	17	11	14	26	25	14	4	26	10	14	14	17	14	3	16	14	14	14	9	7	14	14	26	15	14	7	14	23	23	10	1	3	5	24	2	8	14	2	27	20	14	26	9	2	16	27	27	19	14	27	22	3	14	3	26	14	2	25	23	3	14	23	14	14	14	26	15	6	14	27	15	14	7	1	26	14	9	14	26	14	11	13	4	27	3	9	20	16	20	8	14	14	5	27	18	7	20	14	2	17	3	26	14	8	14	14	8	26	3	23	14	25	26	14	24	14	27	14	14	17	26	16	14	1	17	23	11	1	9	14	7	3	16	20	2	23	14	7	14	26	17	17	7	14	11	14	14	1	26	14	2	26	14	14	24	6	23	14	4	14	15	4	14	25	14	14	23	11	15	12	2	1	23	2	2	6	14	23	15	26	20	14	22	26	16	26	13	26	27	7	27	27	1	23	11	26	14	1	26	20	4	14	8	23	27	24	24	14	4	14	14	14	14	27	11	14	1	14	8	14	10	23	1	12	14	11	14	17	2	22	26	2	26	14	14	14	14	19	19	14	14	12	25	14	5	26	14	14	7	12	14	3	20	24	14	11	14	3	14	14	27	14	7	1	14	3	10	1	14	12	12	2	23	15	17	2	27	16	2	7	27	16	27	14	19	19	14	27	14	25	14	4	22	14	22	14	14	11	14	20	2	4	4	26	13	14	14	27	8	26	27	7	9	9	26	14	1	13	23	4	4	14	2	27	20	2	14	14	8	6	14	14	27	27	27	21	3	
DUE_DATE
0	31147	30476	30045	29554	31343	30192	29707	30776	30345	29854	30923	30492	29987	30556	30045	30614	30103	30132	31901	31210	30759	30248	30300	30882	30384	30426	31488	31050	30552	30587	30616	30645	30674	32443	31752	31301	31330	30819	30848	31427	30916	30945	31994	31543	31572	31061	31630	31119	32888	32199	31740	31221	31242	31263	31824	31305	33066	31347	33108	32409	31950	32451	33192	32527	31556	32625	32194	31703	33492	31785	31812	32379	31866	33633	32940	32487	31974	33741	33768	33075	33102	32646	32130	33894	32178	32202	32766	32250	32274	32298	34062	33366	32935	34172	33009	33526	32543	33600	33157	33194	34457	33316	32835	32894	32953	32977	34736	34035	33574	34793	34092	34111	33650	33129	33148	34907	34206	34945	33224	33243	33857	33376	34455	34034	33553	34125	35352	35379	33666	35433	34740	34287	35514	33801	34368	33855	33891	33924	34977	34530	34023	35076	35829	35142	34155	35914	35210	34746	34222	34778	34254	34810	36026	34302	35338	34874	34890	36106	34922	35418	34414	36170	35466	35031	34524	34557	34590	35163	36396	36429	34722	36495	35820	35382	35904	35946	35508	35010	36072	35631	35124	36897	35190	35223	35796	35289	37062	36375	35925	35412	37179	37206	36513	36540	36087	35574	37341	35628	35655	36235	35732	35769	37546	36863	36420	37657	36974	37731	36024	36057	37110	36663	36156	36189	36762	36255	38021	36304	36327	38090	37393	36936	37439	38182	37005	37028	36511	38274	37577	37121	36604	36627	36650	38413	36696	37739	37282	36765	37808	37831	38574	36857	38625	37932	37479	36966	37533	37020	37047	38814	37641	38148	37155	38197	38936	38955	37234	37253	39012	38311	37850	37869	37348	37907	38406	39145	37424	38463	38047	39296	38145	38674	37703	37752	37817	39616	38955	37994	38053	38647	39896	38745	39994	38303	38352	40125	39432	39459	39006	39513	39060	39567	39114	38601	38628	38655	39221	40444	38727	40490	39793	39336	40559	40582	39885	38888	38911	39954	39497	38977	38996	39555	40774	39053	39072	40831	40130	40869	40168	40907	39186	39745	39224	40263	39840	39882	39384	39426	39468	41250	39552	39587	41356	40185	40694	41443	40272	40781	40330	39819	39848	41647	39956	40005	40054	41123	41892	40731	41244	40797	41310	41343	42096	40389	40422	42195	41515	41072	41109	40606	40643	40680	40717	41774	41340	41862	42624	42666	40968	41010	42792	42120	41682	41724	41226	41268	41310	43092	42427	41996	42525	43294	42143	42672	41691	41724	41757	43530	42843	41856	42429	41922	43695	42521	42004	43767	43790	43093	43116	43139	42142	42705	43208	43951	42774	42257	42307	42356	42405	44194	44243	43572	43197	43776	44595	43440	44682	42984	44046	43608	43110	43152	43257	43896	43455	45221	43504	45267	44570	44593	45336	44159	44182	43665	44708	44251	43734	43757	43795	43832	43869	43906	45683	43980	45757	45074	45847	45176	45225	44794	44303	45372	45477	45096	44655	44717	45316	44835	46634	46693	46037	46096	46155	46934	45793	45357	45456	47295	46611	46164	45657	45690	46263	45756	46809	46362	47595	46915	47672	45969	46006	47783	47100	46657	46694	46195	46232	48009	46306	48083	46380	47437	46994	47537	48316	47175	46694	46753	48547	47876	46905	47494	47003	48072	47635	47132	48909	47206	48263	48300	49057	48374	48399	47940	47421	49182	48483	47484	47505	48066	49287	47568	47589	49350	49371	49392	48297	48876	48495	47995	49052	48069	48646	48683	48180	49237	48254	50035	48332	50109	49426	50183	49020	49537	49094	48607	49676	49245	48754	48803	48852	48882	48906	50670	48954	50718	50742	49566	50070	49614	50118	49662	49146	50205	50232	49239	49266	49833	49860	49347	51114	51141	50448	51195	50515	51272	50109	49606	49643	51420	50737	49754	49791	50364	50397	51630	49923	50976	50529	51762	51075	51835	50132	50169	51946	51263	50820	50317	50354	50385	50412	52179	50466	51513	51060	51567	52314	51141	51168	50655	50707	52496	51825	50854	51443	50952	51522	51006	52770	51054	52098	52122	52866	52170	52194	51738	52962	52266	51835	51332	51909	51406	51443	53220	51517	53294	52605	52632	53379	53406	52233	51720	52767	52314	51801	51828	52395	51882	51906	53670	52494	53718	53022	53046	53070	53814	52098	52122	53166	52735	52232	52269	52846	52343	52380	54157	52454	54231	53544	53097	53610	54363	53196	52689	52722	53775	53837	52876	52935	53534	53593	54815	53092	54849	54146	54163	54180	54917	53734	53211	54968	54265	53802	53279	53836	53313	55070	53347	54437	54016	53535	54614	55393	54235	53732	53769	55546	54863	54420	53917	53954	54017	55816	54135	55214	54793	56031	55344	56097	54930	54423	54456	56229	55542	55095	55125	54612	54639	54666	56433	54720	55767	55314	55821	56568	55875	55472	55006	56820	56174	55725	55752	55239	55266	57033	55320	57087	56394	55941	56448	57195	57347	57496	55795	56852	56409	55906	56963	57720	57037	57794	56132	56206	58020	57374	58125	56952	57459	58206	57033	56520	57567	58314	57621	57648	58395	57497	57057	57156	58995	59031	59064	58377	59130	59163	58476	58029	57522	57555	58627	59396	58245	59494	58823	58392	58457	57976	59055	59834	59173	
TRANSPORT_MODE
0	2	4	4	4	2	0	0	4	4	1	4	2	0	0	0	0	4	4	4	4	2	0	0	0	4	4	4	2	0	0	0	4	4	4	4	4	0	0	0	0	2	4	4	4	2	0	0	4	4	4	4	4	0	0	0	0	3	4	4	4	2	0	0	0	4	4	4	4	3	0	0	0	4	4	4	4	2	0	0	0	4	4	4	3	0	0	0	0	4	1	4	1	4	0	0	0	2	4	4	4	3	0	0	0	1	4	4	4	1	0	0	0	0	2	4	4	4	3	0	0	4	1	1	4	2	0	0	0	4	4	4	4	3	0	0	0	0	4	4	1	2	0	0	0	1	4	4	4	4	0	0	0	3	1	4	4	2	0	0	0	4	4	4	1	4	0	0	0	0	3	4	4	4	2	0	0	0	1	4	4	4	3	0	0	0	4	4	4	4	2	0	0	0	4	4	4	3	0	0	0	4	4	4	1	2	0	0	0	0	1	4	4	4	0	0	0	3	1	4	4	4	0	0	0	0	2	4	4	1	1	0	0	0	3	4	1	4	4	0	0	0	2	1	4	1	4	0	0	0	3	4	4	4	0	0	0	2	4	1	1	4	0	0	0	0	3	4	4	1	0	0	0	1	2	4	4	4	0	0	0	0	4	3	4	1	4	0	0	0	4	2	4	1	4	0	0	0	3	1	1	1	4	0	0	0	4	4	4	1	0	0	0	3	4	1	1	4	0	0	0	0	4	2	1	4	0	0	0	4	3	4	1	4	0	0	0	0	1	4	2	1	4	0	0	0	1	3	4	1	4	0	0	0	1	2	4	4	1	0	0	0	4	4	4	4	0	0	0	1	2	1	4	1	0	0	0	1	3	1	1	0	0	0	0	4	2	4	4	4	0	0	0	0	1	1	3	4	4	0	0	4	1	2	0	1	4	0	0	1	3	1	4	4	0	0	0	0	4	1	1	4	0	0	0	1	3	1	4	1	0	0	0	4	2	1	4	0	0	0	0	4	4	3	1	1	0	0	0	4	1	2	1	1	0	0	0	4	1	3	1	4	0	0	0	1	2	1	4	1	0	0	0	4	4	4	4	0	0	0	1	2	4	1	1	0	0	0	0	1	3	4	1	0	0	0	1	4	2	1	1	0	0	0	0	1	4	3	1	1	0	0	0	4	1	2	4	1	0	0	4	3	4	1	4	0	0	0	1	2	1	1	0	1	0	0	0	1	3	1	1	4	0	0	0	1	2	1	4	0	0	0	1	1	3	4	1	0	0	0	0	4	4	2	1	4	0	0	0	1	1	3	1	1	0	0	0	1	2	1	4	1	0	0	0	1	3	1	1	1	0	0	0	1	2	4	1	4	0	0	0	1	3	4	1	0	0	0	0	4	2	4	1	1	0	0	0	1	1	3	1	1	0	0	0	1	2	1	1	1	0	0	0	4	3	1	1	1	0	0	0	1	2	1	4	1	0	0	0	1	3	4	4	1	0	0	0	1	2	1	1	0	0	0	0	1	3	1	1	1	0	0	0	1	1	2	1	1	0	0	0	1	3	1	4	1	0	0	0	1	2	1	1	4	0	0	0	3	1	4	1	1	0	0	0	2	1	1	1	1	0	0	0	3	1	1	1	0	0	0	0	1	2	1	1	1	0	0	0	1	3	1	1	1	0	0	0	4	2	1	1	1	0	0	0	3	4	1	1	1	0	0	0	3	1	1	1	1	0	0	0	3	1	1	1	1	0	0	0	3	1	1	1	0	0	0	3	1	1	1	1	0	0	0	0	3	1	1	1	1	0	0	0	3	1	1	1	1	0	0	0	
DISTANCE_MATRIX
60	360	318	300	288	276	264	264	150	150	150	60	90	90	162	168	204	228	234	312	360	408	348	318	168	192	168	318	
360	60	264	318	324	342	342	342	348	348	354	360	372	378	378	420	420	480	462	498	462	462	384	420	372	420	378	378	
318	264	60	270	276	288	288	288	294	294	294	318	318	324	324	414	414	468	462	486	462	462	330	366	366	408	372	324	
300	318	270	60	276	288	288	288	288	288	288	300	300	312	318	408	408	468	462	486	438	438	318	360	360	402	360	312	
288	324	276	276	60	276	276	276	276	276	276	288	288	300	300	402	396	462	456	480	432	432	300	360	360	402	348	300	
276	342	288	288	276	60	180	180	252	258	264	264	264	288	288	390	390	456	450	480	432	432	288	348	348	348	288	288	
264	342	288	288	276	180	60	180	246	258	264	264	264	288	288	390	390	456	450	480	432	432	288	348	348	348	288	288	
264	342	288	288	276	180	180	60	240	258	264	264	264	288	288	390	390	456	450	480	432	432	288	348	348	348	288	288	
150	348	294	288	276	252	246	240	60	120	120	150	126	270	270	378	384	420	438	480	420	408	276	300	300	300	276	270	
150	348	294	288	276	258	258	258	120	60	120	150	150	270	270	378	384	420	438	480	420	408	276	300	300	300	276	270	
150	354	294	288	276	264	264	264	120	120	60	150	150	270	270	378	384	420	438	480	420	408	276	300	300	300	276	270	
60	360	318	300	288	264	264	264	150	150	150	60	90	162	168	228	234	312	360	408	348	318	168	192	192	198	168	162	
90	372	318	300	288	264	264	264	150	150	150	90	60	162	168	228	234	312	360	408	348	318	168	192	192	198	168	162	
90	378	324	312	300	288	288	288	270	270	270	162	162	60	120	180	180	306	210	360	300	300	120	180	120	180	120	234	
162	378	324	318	300	288	288	288	270	270	270	168	168	120	60	180	180	306	210	360	300	300	120	180	120	180	120	120	
168	420	414	408	402	348	348	348	300	300	300	228	228	180	180	60	132	204	132	348	258	258	186	60	180	132	222	180	
204	420	414	408	396	390	390	390	384	384	384	234	234	180	180	132	60	204	132	348	258	258	186	60	180	132	222	180	
228	480	468	468	462	456	456	456	420	420	420	312	312	306	306	204	204	60	198	120	240	240	306	204	306	138	306	306	
234	462	462	462	456	450	450	450	438	438	438	360	360	210	210	132	132	198	60	138	132	132	210	132	210	132	210	210	
312	498	486	486	480	480	480	480	480	480	480	408	408	360	360	348	348	120	138	60	348	348	360	348	360	348	360	360	
360	462	462	438	432	432	432	432	420	420	420	348	348	300	300	258	258	240	132	348	60	60	300	258	300	258	300	300	
408	462	462	438	432	432	432	432	408	408	408	318	318	300	300	258	258	240	132	348	60	60	300	258	300	258	300	300	
348	384	330	318	300	288	288	288	276	276	276	168	168	120	120	186	186	306	210	360	300	300	60	186	120	186	120	120	
318	420	366	360	360	348	348	348	300	300	300	192	192	180	180	60	60	204	132	348	258	258	186	60	180	60	180	180	
168	372	300	306	300	288	288	288	270	270	270	168	168	120	120	180	180	306	210	360	300	300	120	180	60	180	120	120	
192	420	408	402	402	348	348	348	300	300	300	198	198	180	180	132	132	138	132	348	258	258	186	60	180	60	180	180	
168	378	372	360	348	288	288	288	276	276	276	168	168	120	120	222	222	306	210	360	300	300	120	180	120	180	60	120	
318	378	324	312	300	288	288	288	270	270	270	162	162	234	120	180	180	306	210	360	300	300	120	180	120	180	120	60	
DEPOT_DISTANCE_MATRIX
60	360	318	300	288	276	264	264	150	150	150	60	90	90	162	168	204	228	234	312	360	408	348	318	168	192	168	318	
162	378	324	318	300	288	288	288	270	270	270	168	168	120	60	180	180	306	210	360	300	300	120	180	120	180	120	120	
318	420	366	360	360	348	348	348	300	300	300	192	192	180	180	60	60	204	132	348	258	258	186	60	180	60	180	180	
PATIENT_WEIGHT
61	30	70	83	52	31	146	148	100	131	32	122	97	79	78	81	149	88	141	148	110	107	56	92	64	31	76	108	105	46	57	53	68	118	129	47	144	73	101	101	66	76	92	92	53	144	109	53	99	95	54	44	84	41	32	108	126	89	109	47	140	36	61	51	56	72	130	74	120	116	77	82	72	36	123	44	122	39	106	95	111	93	113	114	77	59	88	116	124	59	40	104	44	136	68	50	87	68	87	99	64	58	149	34	105	79	80	119	144	116	31	73	82	100	54	138	147	115	101	96	79	33	56	83	118	135	141	42	81	133	55	144	91	123	86	105	146	125	137	41	30	64	80	93	99	83	38	122	94	89	70	50	143	93	91	138	125	111	139	146	78	98	58	121	136	121	99	139	127	65	131	31	100	67	101	96	36	76	100	35	36	116	144	38	95	82	94	32	88	35	32	124	83	127	80	136	110	40	99	117	103	34	40	60	132	68	30	61	114	55	91	136	72	53	48	79	94	141	114	117	35	42	98	134	118	132	122	129	76	103	132	72	52	80	120	135	117	76	135	99	92	140	40	106	93	141	72	61	75	45	118	126	83	137	132	45	90	83	90	92	58	95	106	71	149	36	65	53	48	141	46	125	33	119	63	113	133	60	109	61	53	48	42	86	143	143	45	84	38	47	31	121	56	91	99	85	143	37	53	91	89	72	48	129	64	140	48	36	87	62	143	150	121	64	90	62	136	40	140	42	93	105	89	30	50	88	95	65	127	67	58	98	96	57	133	124	37	109	117	46	48	147	58	59	96	52	57	90	109	58	92	70	91	100	110	49	113	65	117	141	114	139	95	92	150	71	86	68	63	88	34	145	136	40	69	70	62	73	124	146	45	114	45	94	147	54	42	98	103	72	36	100	128	140	106	114	57	36	98	95	32	72	62	83	36	38	81	110	46	129	109	141	64	71	136	47	139	89	137	120	112	31	63	136	44	87	76	125	122	94	115	100	56	98	36	122	124	40	43	88	144	72	70	89	122	138	78	106	57	142	76	74	79	104	44	115	59	79	97	108	141	121	75	112	131	40	129	40	49	41	83	111	30	31	133	51	53	103	139	47	90	46	97	85	49	51	101	61	118	54	90	49	104	78	92	110	125	33	108	99	127	94	116	115	130	127	126	143	116	78	90	121	120	121	52	131	118	111	76	36	131	112	92	101	115	31	142	126	46	63	130	138	137	123	69	36	69	93	70	133	75	64	113	115	126	50	85	115	59	54	76	54	147	63	120	66	92	127	54	44	67	79	97	122	101	47	38	136	39	148	120	118	127	84	36	49	100	147	71	61	74	68	65	94	100	88	79	66	31	62	149	144	38	78	125	64	138	94	97	35	54	95	48	33	104	145	112	139	145	91	117	37	130	131	114	49	146	31	46	60	56	144	95	140	37	125	30	95	116	127	108	73	40	32	137	40	127	72	93	64	103	137	70	119	40	119	45	117	118	113	89	97	39	107	73	51	71	95	141	79	63	88	124	144	107	98	34	33	117	69	121	125	123	97	69	50	132	109	39	61	81	149	124	44	127	140	131	43	80	147	126	108	60	79	104	86	81	34	48	79	94	104	73	72	99	149	69	122	42	115	88	135	61	102	96	112	61	90	83	35	65	148	145	119	143	35	76	131	136	35	127	97	96	50	110	120	77	131	55	138	53	147	138	120	46	140	97	133	141	33	46	135	139	57	91	31	79	33	120	131	96	79	65	148	37	78	64	107	35	42	111	141	83	82	36	40	97	150	64	129	82	104	76	123	101	54	111	137	68	62	57	73	146	145	98	105	67	113	117	133	104	
LOCATION_TURN_MATRIX
100	130	122	113	112	199	136	122	129	152	173	146	151	136	158	140	176	113	122	167	194	134	110	172	114	184	100	147	
170	100	154	188	164	169	136	136	152	170	104	183	155	115	101	104	155	187	174	115	149	134	178	168	114	135	168	102	
178	146	100	161	178	114	104	165	117	139	126	169	192	109	120	179	160	152	154	134	113	140	154	179	196	196	192	181	
187	112	139	100	158	114	195	181	104	132	195	106	183	169	132	170	140	136	172	148	116	110	123	136	151	120	176	169	
188	136	122	142	100	175	164	159	112	100	167	164	135	191	132	181	104	123	142	156	108	117	193	182	116	147	156	185	
101	131	186	186	125	100	190	147	164	150	137	102	145	176	185	131	113	108	117	186	118	151	140	178	154	189	172	110	
164	164	196	105	136	110	100	186	153	151	183	193	111	157	144	123	188	142	110	163	105	190	166	187	170	171	186	126	
178	164	135	119	141	153	114	100	106	130	108	103	151	178	122	151	130	133	184	177	110	141	166	110	122	174	191	197	
171	148	183	196	188	136	147	194	100	167	100	146	168	129	128	142	172	118	174	147	105	158	156	160	120	106	119	136	
148	130	161	168	200	150	149	170	133	100	177	106	175	116	188	180	176	194	108	146	130	187	183	173	128	141	169	176	
127	196	174	105	133	163	117	192	200	123	100	171	175	140	183	115	104	186	128	153	151	175	100	146	191	117	132	197	
154	117	131	194	136	198	107	197	154	194	129	100	136	184	140	147	172	184	148	131	103	156	185	200	152	158	154	143	
149	145	108	117	165	155	189	149	132	125	125	164	100	140	199	142	101	144	163	185	117	191	200	143	113	165	102	154	
164	185	191	131	109	124	143	122	171	184	160	116	160	100	109	116	196	113	131	186	166	139	183	175	144	161	105	170	
142	199	180	168	168	115	156	178	172	112	117	160	101	191	100	147	177	177	199	158	172	188	164	175	180	168	154	195	
160	196	121	130	119	169	177	149	158	120	185	153	158	184	153	100	152	159	197	157	181	159	102	123	168	200	124	186	
124	145	140	160	196	187	112	170	128	124	196	128	199	104	123	148	100	149	114	112	117	135	105	132	138	180	198	156	
187	113	148	164	177	192	158	167	182	106	114	116	156	187	123	141	151	100	166	132	168	163	159	123	129	173	161	116	
178	126	146	128	158	183	190	116	126	192	172	152	137	169	101	103	186	134	100	184	199	137	130	160	148	113	140	150	
133	185	166	152	144	114	137	123	153	154	147	169	115	114	142	143	188	168	116	100	111	195	128	157	191	164	141	171	
106	151	187	184	192	182	195	190	195	170	149	197	183	134	128	119	183	132	101	189	100	129	151	163	147	166	104	177	
166	166	160	190	183	149	110	159	142	113	125	144	109	161	112	141	165	137	163	105	171	100	101	185	169	129	103	197	
190	122	146	177	107	160	134	134	144	117	200	115	100	117	136	198	195	141	170	172	149	199	100	106	150	116	118	145	
128	132	121	164	118	122	113	190	140	127	154	100	157	125	125	177	168	177	140	143	137	115	194	100	128	167	115	155	
186	186	104	149	184	146	130	178	180	172	109	148	187	156	120	132	162	171	152	109	153	131	150	172	100	155	124	184	
116	165	104	180	153	111	129	126	194	159	183	142	135	139	132	100	120	127	187	136	134	171	184	133	145	100	129	192	
200	132	108	124	144	128	114	109	181	131	168	146	198	195	146	176	102	139	160	159	196	197	182	185	176	171	100	146	
153	198	119	131	115	190	174	103	164	124	103	157	146	130	105	114	144	184	150	129	123	103	155	145	116	108	154	100	

