INDEX_PROBLEM
1
PATIENTS
800
STRETCHERS
16
NUM_ROOM
28
NUM_DEPOTS
3
NUM_PRIORITY
4
PRIORITY_LIST
0	1	2	3	4	
PRIORITY_WEIGHT
0	1	10	18	30	
PRIORITY_JOB
0	1	1	2	3	3	4	1	2	2	2	3	3	1	1	3	2	2	3	4	1	2	2	3	4	3	3	4	1	2	2	3	3	3	1	2	2	3	3	4	2	4	1	2	2	3	3	3	2	4	1	1	2	3	3	3	3	1	4	1	2	2	3	3	1	1	1	2	2	3	1	4	2	1	4	2	1	2	3	4	2	3	1	2	2	3	1	3	2	1	3	4	1	2	2	3	1	3	1	2	2	3	3	3	4	1	4	1	2	2	3	2	1	3	4	1	2	2	3	3	3	3	1	1	1	2	2	3	2	4	4	1	2	2	3	1	3	3	1	1	2	2	3	1	2	3	4	1	2	2	3	1	2	1	3	2	1	2	4	3	2	1	3	1	2	2	3	3	3	4	1	4	1	2	2	3	3	2	4	1	1	2	2	1	3	1	3	4	1	2	2	3	1	4	3	1	1	2	2	1	3	1	3	3	4	1	2	2	2	2	3	3	4	1	2	2	3	3	1	3	3	1	2	2	1	1	3	3	4	1	2	2	3	3	1	3	4	1	1	2	2	2	3	4	1	2	2	1	4	2	3	3	1	1	2	2	1	3	3	4	1	2	2	1	3	1	3	3	1	2	2	3	2	1	3	4	1	2	2	3	2	3	1	3	4	1	2	2	3	2	3	1	1	2	2	1	3	1	3	4	4	1	2	2	2	3	3	3	1	1	2	1	3	1	2	3	3	2	1	2	1	3	4	3	3	1	2	1	2	3	2	3	3	4	1	2	1	2	2	3	3	4	1	2	4	3	1	2	3	3	1	1	1	2	2	3	4	1	2	1	3	2	3	3	4	1	1	2	1	2	2	3	3	1	2	1	3	1	2	3	3	4	1	2	2	2	3	3	4	1	2	2	1	1	2	3	3	1	2	2	1	2	3	3	4	1	1	3	1	1	1	2	2	3	4	1	2	2	2	3	3	1	1	3	4	1	1	2	2	3	3	4	1	1	2	2	3	3	1	3	4	1	2	2	3	3	4	2	2	1	2	2	3	3	4	3	3	1	1	2	2	3	3	1	1	1	2	3	3	4	1	4	1	1	2	2	3	3	1	2	4	1	2	2	3	3	1	3	1	1	2	2	3	3	4	1	1	2	2	3	3	1	2	2	2	2	1	3	3	4	1	1	1	2	2	3	3	1	1	3	3	2	1	3	3	4	1	2	1	2	3	3	4	1	1	4	1	1	2	2	3	3	1	2	3	2	2	3	3	4	1	2	3	1	1	2	2	3	3	1	1	3	2	4	2	3	3	1	4	3	2	1	2	3	3	1	2	1	2	3	3	4	4	1	3	1	2	2	3	3	1	1	1	1	2	2	3	3	1	2	2	1	2	3	3	4	1	1	2	2	2	3	3	4	1	2	4	1	2	1	3	3	1	2	2	1	2	3	3	1	1	2	3	3	1	3	4	2	1	4	1	2	3	3	1	1	2	3	3	1	1	2	3	3	1	2	1	2	3	3	4	1	2	2	3	1	1	2	3	3	1	2	2	4	2	3	3	4	1	2	3	2	2	1	3	3	1	1	1	2	3	3	4	1	2	2	3	1	3	3	4	1	1	2	1	2	2	3	3	1	2	2	3	1	3	3	2	1	4	1	1	2	3	3	1	2	2	3	4	1	1	3	4	1	2	2	2	1	3	3	1	1	2	3	3	1	3	4	1	2	2	3	2	1	3	1	1	2	1	1	1	2	3	3	4	1	1	1	2	2	2	3	3	1	1	2	1	1	2	2	3	3	4	1	1	1	2	2	3	3	4	2	1	1	1	2	2	3	3	2	1	
TIME_ASKED
0	28800	28800	28800	28800	28800	28800	28800	28800	28800	28800	28800	28800	28800	28800	28800	28800	29545	29574	29603	29632	29661	29690	29742	29784	29826	29868	29910	29952	29994	30029	30058	30087	30116	30145	30174	30203	30232	30261	30290	30329	30358	30387	30416	30445	30474	30503	30532	30561	30590	30621	30642	30663	30684	30705	30726	30747	30768	30789	30810	30831	30852	30873	30894	30949	30998	31047	31096	31145	31194	31227	31254	31281	31308	31335	31362	31389	31416	31443	31470	31497	31524	31548	31572	31596	31620	31644	31668	31692	31716	31740	31764	31788	31837	31874	31911	31948	31985	32022	32059	32096	32159	32218	32277	32336	32395	32419	32438	32457	32476	32495	32514	32533	32552	32571	32590	32609	32628	32647	32666	32685	32759	32818	32877	32936	32995	33027	33054	33081	33108	33135	33162	33189	33216	33243	33270	33297	33333	33366	33399	33432	33465	33498	33531	33564	33597	33616	33632	33648	33664	33680	33696	33712	33728	33744	33760	33776	33792	33808	33824	33840	33856	33872	33888	33933	33966	33999	34032	34065	34098	34131	34164	34197	34242	34284	34326	34368	34410	34452	34494	34533	34566	34599	34632	34665	34698	34731	34764	34797	34827	34854	34881	34908	34935	34962	34989	35016	35043	35070	35097	35137	35174	35211	35248	35285	35322	35359	35396	35433	35466	35499	35532	35565	35598	35631	35664	35697	35723	35746	35769	35792	35815	35838	35861	35884	35907	35930	35953	35976	35999	36023	36046	36069	36092	36115	36138	36161	36184	36207	36230	36253	36276	36299	36327	36354	36381	36408	36435	36462	36489	36516	36543	36570	36597	36619	36638	36657	36676	36695	36714	36733	36752	36771	36790	36809	36828	36847	36866	36885	36949	36998	37047	37096	37145	37194	37259	37318	37377	37436	37495	37549	37598	37647	37696	37745	37794	37827	37854	37881	37908	37935	37962	37989	38016	38043	38070	38097	38123	38146	38169	38192	38215	38238	38261	38284	38307	38330	38353	38376	38399	38419	38438	38457	38476	38495	38514	38533	38552	38571	38590	38609	38628	38647	38666	38685	38742	38784	38826	38868	38910	38952	38994	39029	39058	39087	39116	39145	39174	39203	39232	39261	39290	39349	39398	39447	39496	39545	39594	39633	39666	39699	39732	39765	39798	39831	39864	39897	39937	39974	40011	40048	40085	40122	40159	40196	40242	40284	40326	40368	40410	40452	40494	40542	40584	40626	40668	40710	40752	40794	40849	40898	40947	40996	41045	41094	41133	41166	41199	41232	41265	41298	41331	41364	41397	41423	41446	41469	41492	41515	41538	41561	41584	41607	41630	41653	41676	41699	41749	41798	41847	41896	41945	41994	42099	42198	42297	42342	42384	42426	42468	42510	42552	42594	42699	42798	42897	42923	42946	42969	42992	43015	43038	43061	43084	43107	43130	43153	43176	43199	43237	43274	43311	43348	43385	43422	43459	43496	43549	43598	43647	43696	43745	43794	43899	43998	44097	44159	44218	44277	44336	44395	44459	44518	44577	44636	44695	44799	44898	44997	45033	45066	45099	45132	45165	45198	45231	45264	45297	45337	45374	45411	45448	45485	45522	45559	45596	45637	45674	45711	45748	45785	45822	45859	45896	45959	46018	46077	46136	46195	46249	46298	46347	46396	46445	46494	46537	46574	46611	46648	46685	46722	46759	46796	46821	46842	46863	46884	46905	46926	46947	46968	46989	47010	47031	47052	47073	47094	47199	47298	47397	47437	47474	47511	47548	47585	47622	47659	47696	47737	47774	47811	47848	47885	47922	47959	47996	48049	48098	48147	48196	48245	48294	48324	48348	48372	48396	48420	48444	48468	48492	48516	48540	48564	48588	48627	48654	48681	48708	48735	48762	48789	48816	48843	48870	48897	48937	48974	49011	49048	49085	49122	49159	49196	49233	49266	49299	49332	49365	49398	49431	49464	49497	49537	49574	49611	49648	49685	49722	49759	49796	49827	49854	49881	49908	49935	49962	49989	50016	50043	50070	50097	50149	50198	50247	50296	50345	50394	50424	50448	50472	50496	50520	50544	50568	50592	50616	50640	50664	50688	50737	50774	50811	50848	50885	50922	50959	50996	51027	51054	51081	51108	51135	51162	51189	51216	51243	51270	51297	51324	51348	51372	51396	51420	51444	51468	51492	51516	51540	51564	51588	51637	51674	51711	51748	51785	51822	51859	51896	51933	51966	51999	52032	52065	52098	52131	52164	52197	52259	52318	52377	52436	52495	52517	52534	52551	52568	52585	52602	52619	52636	52653	52670	52687	52704	52721	52738	52755	52772	52789	52859	52918	52977	53036	53095	53137	53174	53211	53248	53285	53322	53359	53396	53459	53518	53577	53636	53695	53733	53766	53799	53832	53865	53898	53931	53964	53997	54027	54054	54081	54108	54135	54162	54189	54216	54243	54270	54297	54374	54448	54522	54596	54627	54654	54681	54708	54735	54762	54789	54816	54843	54870	54897	55049	55198	55237	55274	55311	55348	55385	55422	55459	55496	55574	55648	55722	55796	55827	55854	55881	55908	55935	55962	55989	56016	56043	56070	56097	56399	56499	56598	56697	56733	56766	56799	56832	56865	56898	56931	56964	56997	57049	57098	57147	57196	57245	57294	57359	57418	57477	57536	57595	
ORIGIN
0	16	6	27	19	7	27	25	14	14	23	10	2	23	12	11	14	14	3	23	14	14	8	16	7	14	16	7	27	20	7	2	14	9	1	23	11	2	14	13	14	14	2	3	24	14	14	14	27	6	27	18	7	27	20	8	23	14	17	2	23	12	2	14	5	5	23	14	4	24	11	1	11	25	25	27	19	8	9	14	14	1	23	11	2	23	13	13	2	4	2	24	14	4	26	7	7	1	18	7	27	20	14	1	23	8	8	23	12	2	23	14	1	23	14	4	24	15	4	23	16	23	25	14	3	27	23	14	14	14	10	2	23	12	2	16	16	2	27	14	4	26	20	7	14	14	7	27	20	8	1	13	2	12	23	27	27	23	4	14	14	27	4	24	15	4	26	16	1	27	27	14	2	22	8	26	26	14	2	23	12	2	23	1	14	1	14	14	14	16	5	14	14	27	27	20	8	27	23	14	26	5	20	2	23	13	2	14	27	26	27	14	4	26	16	14	27	14	14	2	14	8	1	14	14	23	27	12	2	23	14	3	23	14	14	14	11	27	14	23	16	16	10	8	27	23	9	2	3	2	3	2	14	14	2	10	3	1	1	4	26	16	1	1	16	3	26	4	26	14	23	2	2	2	2	2	23	13	3	23	2	10	2	14	14	1	14	14	14	1	2	27	23	8	1	27	22	14	14	14	2	14	14	3	26	14	27	26	16	5	26	14	7	23	23	14	14	14	9	3	14	2	14	23	13	2	23	14	3	14	14	14	1	7	7	3	27	14	23	2	8	1	23	10	2	14	3	2	26	26	14	14	19	8	19	15	5	26	26	14	19	4	2	3	14	14	3	20	14	27	27	13	2	23	7	26	20	3	1	7	14	14	27	14	14	10	2	8	1	23	10	1	10	27	27	14	14	14	27	14	4	4	15	27	26	16	15	1	26	14	22	14	14	3	3	20	22	14	14	2	23	14	3	23	14	26	23	7	14	1	1	14	7	7	2	2	23	10	1	27	24	14	3	14	14	27	14	14	27	11	14	20	16	6	27	19	7	23	11	23	3	23	17	14	26	20	26	23	14	3	23	14	23	4	7	11	1	25	14	27	26	2	2	23	9	26	23	11	26	20	27	27	14	14	14	18	14	20	20	16	5	27	18	7	2	14	12	14	14	17	2	22	23	27	27	14	3	23	14	4	1	14	3	1	14	6	4	19	26	14	11	9	1	23	11	2	14	27	14	27	14	14	15	15	14	14	4	1	26	17	7	27	24	2	14	14	14	2	27	20	20	14	2	3	23	14	4	24	15	23	25	23	14	3	26	23	14	4	2	1	23	10	2	14	4	4	22	14	27	15	15	14	2	27	27	26	16	7	27	14	2	26	14	3	20	23	11	2	2	26	2	23	14	3	24	14	4	23	14	14	26	26	7	14	14	27	14	23	10	2	23	12	26	15	14	27	27	14	27	11	14	23	26	14	7	27	19	8	2	2	2	16	16	11	2	1	14	27	16	14	3	24	14	4	14	3	14	26	14	7	27	26	14	3	23	10	1	23	12	2	23	15	4	27	14	14	24	11	23	1	16	6	27	19	7	27	12	1	20	20	20	2	23	14	27	26	14	3	23	14	4	8	7	23	14	16	7	27	20	14	4	2	9	1	23	11	2	23	13	26	27	14	4	24	15	1	1	14	6	27	18	7	27	21	14	14	14	10	2	23	2	15	11	14	3	23	14	4	3	12	25	3	25	7	27	20	14	13	13	9	1	23	11	2	14	14	4	14	14	3	24	14	1	1	7	5	27	18	7	27	20	8	23	17	2	1	23	12	2	1	1	
DESTINATION
0	14	17	2	22	23	2	14	5	3	27	14	14	27	11	12	25	25	14	4	26	20	14	14	13	9	16	20	2	14	13	14	4	14	14	27	15	14	5	7	4	5	27	14	2	26	8	8	23	17	2	27	20	2	14	14	1	16	6	14	27	11	14	25	14	14	3	26	14	2	12	14	12	14	14	2	22	14	14	16	16	14	27	15	14	27	7	7	14	14	14	1	26	14	3	13	13	23	27	20	2	14	4	14	27	14	14	27	11	14	1	8	23	27	26	14	2	14	14	26	14	26	14	3	23	2	27	1	1	1	14	14	27	11	14	14	14	27	23	1	14	3	14	13	2	5	20	2	14	14	14	7	27	11	1	18	18	1	14	1	1	23	14	2	14	14	3	14	14	23	23	4	24	2	14	23	23	16	14	27	11	14	1	14	16	14	10	2	10	14	14	2	16	2	2	14	14	2	27	20	3	14	7	27	1	7	14	1	2	3	23	26	14	3	14	2	2	2	4	24	4	14	14	16	1	27	2	11	14	1	25	14	3	1	2	2	12	23	2	27	14	14	14	14	2	27	14	14	26	27	26	27	20	8	27	14	26	23	23	14	3	14	14	14	14	26	14	14	14	4	27	14	27	14	14	14	1	7	14	3	27	14	27	2	2	23	2	3	3	14	14	2	26	14	14	23	19	16	10	8	27	8	25	14	3	3	2	3	14	14	3	10	20	1	1	4	4	16	14	26	16	14	1	1	7	14	1	2	14	10	2	2	23	13	13	23	2	10	27	14	14	14	27	14	14	4	14	27	23	23	8	1	22	14	22	14	14	3	14	3	22	14	27	26	16	5	26	7	2	23	23	7	14	1	20	3	7	14	14	13	2	2	2	2	3	14	14	14	14	27	14	14	14	23	23	2	8	1	23	2	14	14	11	23	3	14	11	14	23	8	19	5	5	26	26	7	19	4	26	14	1	25	14	27	26	3	27	13	2	23	23	3	20	20	27	27	27	14	14	18	2	10	14	8	1	23	10	1	23	12	4	14	14	17	2	22	23	27	15	27	26	27	6	1	3	7	14	1	25	14	4	26	27	14	20	12	23	14	3	23	14	27	27	27	14	14	27	15	14	7	2	23	10	26	1	27	2	14	14	14	14	2	27	20	24	4	11	20	16	6	27	19	7	23	23	25	14	3	26	14	23	26	26	23	3	17	23	22	14	4	12	14	14	27	15	14	26	2	26	23	26	26	11	11	2	26	14	14	3	9	20	2	2	14	20	16	5	27	18	7	7	1	14	14	3	26	14	2	14	27	14	27	3	23	14	1	4	14	14	14	27	14	14	9	14	14	19	1	23	11	11	2	14	2	2	3	16	20	2	1	14	14	1	26	7	27	15	27	24	3	14	1	26	14	2	26	14	1	2	3	14	14	20	15	15	23	15	27	14	14	27	11	23	14	2	23	23	26	23	12	4	1	3	20	20	2	22	14	27	27	27	16	16	15	27	14	2	23	14	26	14	1	26	14	4	26	2	14	3	20	2	14	4	26	27	14	14	27	11	14	1	14	14	23	10	2	2	12	26	14	14	17	2	22	23	2	11	23	14	7	7	14	27	8	2	3	25	14	5	26	14	14	13	27	16	16	20	2	14	4	14	14	14	14	27	20	14	1	7	3	23	1	14	2	14	23	23	15	17	2	27	23	2	7	1	1	16	14	14	27	27	14	12	25	14	4	26	14	26	11	14	26	14	20	2	14	8	7	7	14	14	27	15	14	2	2	14	9	9	14	1	26	23	23	13	14	2	27	20	2	14	14	27	6	27	14	27	11	14	14	14	
DUE_DATE
0	31147	31196	30525	30094	30143	29652	31447	30776	30825	30874	30443	30492	31727	31756	30585	31094	31123	30672	30161	31930	31239	31268	30840	30342	30924	30966	30468	32250	31572	31607	31156	31185	31214	32443	31752	31781	31330	31359	30848	31907	30916	32685	31994	32023	31572	31601	31630	32139	31148	32919	32940	32241	31782	31803	31824	31845	33066	31347	33108	32409	32430	31971	31992	33247	33296	33345	32674	32723	32292	33525	31812	32859	33606	31893	32940	33687	32994	32541	32028	33075	32622	33846	33150	33174	32718	33942	32766	33270	34014	32838	32322	34086	33415	33452	33009	34246	33083	34320	33637	33674	33257	33316	33375	32894	34693	32977	34736	34035	34054	33593	34092	34831	33650	33129	34888	34187	34206	33745	33764	33783	33857	35116	35175	35234	34573	34605	34152	34659	33666	33693	35460	34767	34794	34341	35568	34395	34431	35664	35697	35010	35043	34596	35829	35142	34695	34174	35930	35226	35242	34778	35994	35290	36026	34842	35338	36074	35370	34366	34922	35418	36154	34970	36186	35511	35544	35097	35130	35163	34656	36429	34722	36495	35820	35862	35424	35466	35988	35010	36792	36831	36144	36177	36930	35763	36996	35829	35322	37095	36405	36432	35979	37206	35493	36060	37287	37314	36621	36648	37395	36235	37472	36309	36346	35843	37620	36937	36974	37011	37044	36597	36630	36123	37896	37209	37242	36795	36821	38044	36867	36890	38113	37416	37439	38182	38205	37028	37051	36534	38297	37601	37624	37167	37190	38413	37236	36719	38482	38505	37808	37831	37854	37397	36885	38652	37959	37986	38733	37020	38067	37614	37641	38868	38895	38197	38216	38955	37774	37793	37272	39031	38330	38349	39088	37907	39126	37945	37964	39183	38527	38576	38145	38674	39443	38292	37817	39616	38955	39014	38593	39127	38696	39945	38794	38303	40092	39405	39432	38979	39486	39033	40260	40287	39594	39621	40368	39195	40421	39244	38727	38750	40513	39816	39839	39862	39405	39428	39451	40674	40697	39997	40736	39555	40774	40073	39612	39631	40130	40869	40168	40907	39726	39205	39764	39783	41040	40362	41124	40446	40008	40530	40092	40127	39616	41385	40694	41443	40752	40781	40330	40359	39848	41647	40976	40005	40594	41843	41172	40731	40764	41997	42030	42063	41376	41409	40962	40455	42235	41552	42309	41146	41663	41220	41257	40754	42540	42582	41904	42666	41988	42030	41592	41640	42882	42204	42966	41808	43050	42372	41947	41996	41505	43294	42623	42672	42711	42264	42297	41790	43563	42876	42909	43662	43695	43001	42544	42567	43790	43093	43116	43859	43162	42705	42728	42211	43974	43997	42847	44096	44145	44194	43523	43572	43197	42756	44595	43920	43962	44004	43566	43608	44850	44892	43797	43356	45195	45221	44524	44547	44090	44113	43596	45359	45382	44685	44708	44251	44274	45497	44335	43832	45609	44926	44963	44520	44557	44054	45127	45176	45945	45274	45323	44892	44997	44556	45195	45257	46516	46575	45914	45973	45557	45616	46875	46934	46993	46377	45996	46095	45591	47364	45657	47430	47463	46776	46809	46362	46395	47635	46952	45969	47746	47063	47100	46657	46694	47935	46772	48009	48046	47363	47400	46957	46994	46517	48316	48375	47714	47773	47347	47396	48645	47974	48023	48072	48115	48872	47709	47746	47243	49020	49057	49094	48399	48420	47961	47982	49203	49224	48045	48066	48567	49308	48129	48150	47631	49392	48777	49596	48975	48535	48572	48069	49846	49883	48180	49957	49994	49315	49352	48909	48946	50183	49500	49057	49574	49627	49196	49245	48754	50543	49872	49422	50646	50670	49974	49998	49542	49566	50790	50814	49638	50142	49146	50205	49752	49779	51006	49293	49860	50367	51114	50421	49968	49995	51235	50552	51309	50626	50183	50220	49717	49754	51531	50364	51597	50910	50943	50496	50529	51762	51795	51835	51872	51189	51226	50783	50820	52057	51374	51405	52152	51459	51006	51033	50520	52287	52314	51621	51648	51675	51247	51296	50805	52594	51923	50952	52722	52026	52770	51594	51618	52842	52146	52170	52914	52218	51762	51786	53035	53072	52389	51946	51983	53220	52057	51554	52605	53352	51639	53406	52713	52260	52287	53514	53541	52848	52395	52422	53646	53670	52974	52518	52542	53766	53070	53814	53118	52662	52686	52195	53972	53289	53326	52883	54120	54157	53474	53031	53064	54297	53610	53643	52656	53709	53262	53295	52817	54616	53955	53534	54073	54095	54832	53649	53666	54883	54900	54917	54214	53751	53768	53245	55002	54299	54316	53853	55070	53887	53957	53476	55275	55334	54673	55435	54752	54789	54346	54383	55620	54937	54974	54557	55816	54675	54734	55273	56031	54324	56097	56130	55443	54996	55029	56262	55575	55605	55152	54639	56406	56433	55260	54747	56514	55821	55848	55875	56672	55546	55620	56894	56925	56232	55779	55806	57033	55860	55347	57114	56421	56448	55995	56627	57496	56335	57572	57609	56926	57683	57720	57757	57074	56672	56746	56280	58094	58125	58152	57459	57486	57513	57060	57087	58314	58341	57648	58395	58697	58077	58176	57795	57831	57324	59097	59130	59163	58476	58509	58062	58095	57607	58676	59445	59494	59543	58872	58937	58516	58575	59114	59893	
TRANSPORT_MODE
0	2	4	4	4	4	4	2	0	4	4	4	4	4	2	0	2	4	4	4	4	4	2	0	0	4	4	4	4	4	2	0	2	4	4	4	4	4	2	0	0	4	4	4	4	4	2	0	0	4	4	1	4	4	4	0	0	3	4	4	4	4	1	2	0	4	4	1	4	4	3	0	0	3	4	4	1	4	4	2	0	4	4	1	4	4	3	0	0	3	1	4	4	4	4	2	0	4	4	4	4	4	1	0	0	3	4	1	4	4	4	0	0	2	4	4	4	4	4	4	0	0	3	4	4	4	4	2	0	2	4	4	4	4	4	3	0	4	4	4	4	4	2	0	0	2	4	4	1	4	4	3	0	0	4	4	1	1	4	4	0	0	2	4	1	4	4	4	0	0	3	4	4	4	1	4	1	0	2	4	4	1	1	3	0	3	4	4	4	4	4	2	0	0	4	1	4	4	4	3	0	3	4	1	4	4	4	2	0	0	4	1	4	4	4	1	0	0	3	4	4	4	1	4	0	0	2	4	4	4	4	4	1	0	3	4	4	1	1	2	0	2	1	4	4	4	1	3	0	0	1	4	4	4	4	2	0	2	4	4	4	1	4	3	0	0	1	4	1	4	1	2	0	0	1	4	4	4	4	4	0	0	3	4	4	1	1	4	2	0	4	4	1	4	4	3	0	3	1	1	1	4	4	2	0	0	4	4	1	4	4	3	0	3	1	4	4	1	4	2	0	0	4	1	1	1	4	3	0	0	4	4	4	4	1	1	0	0	2	4	1	1	4	4	0	0	3	1	4	1	4	4	0	2	2	4	1	4	1	3	0	4	1	4	1	1	2	0	0	2	1	1	4	1	4	3	0	0	4	1	4	4	4	4	0	2	4	1	4	1	1	0	0	3	4	1	1	1	1	0	0	4	2	4	1	4	1	0	0	3	3	4	1	1	4	1	0	2	4	1	4	4	4	0	0	3	3	1	1	1	4	4	0	2	1	1	4	4	1	0	0	3	1	1	4	1	4	0	0	2	1	1	4	4	1	0	0	4	3	4	4	1	1	0	2	4	1	1	4	1	1	0	0	3	1	1	4	1	4	0	2	2	4	1	1	1	4	0	0	3	4	4	1	4	4	0	2	2	1	1	4	1	1	0	0	1	3	1	1	1	1	0	0	4	2	4	1	1	1	0	0	4	3	1	1	4	1	1	0	2	4	4	4	1	4	0	3	3	1	1	1	1	1	0	0	2	4	1	4	1	1	0	0	3	3	1	1	1	1	4	0	0	1	2	1	4	1	1	0	0	4	3	1	4	4	4	0	1	2	1	1	1	4	1	0	3	1	1	1	1	1	0	0	2	2	1	4	1	4	1	0	3	1	1	1	4	1	0	0	2	2	1	4	1	1	4	0	0	1	3	1	1	1	1	0	0	1	2	1	1	4	4	0	1	3	1	1	1	1	1	0	2	4	1	1	1	1	0	0	3	3	4	4	1	1	1	0	2	1	1	1	1	1	0	0	3	3	4	1	1	1	1	0	0	2	1	1	1	1	4	0	0	1	3	1	4	1	1	0	2	1	4	1	1	1	1	0	3	1	1	1	4	1	0	0	2	2	1	1	1	1	1	0	3	1	1	4	1	1	0	0	2	2	1	1	1	1	1	0	0	3	1	1	1	1	1	0	0	2	4	1	1	1	1	0	3	1	1	1	1	1	1	0	3	4	1	1	1	3	0	3	1	1	1	1	1	3	0	0	1	1	1	1	1	3	0	0	3	1	1	1	1	1	1	0	3	1	1	1	1	1	0	0	3	1	1	1	1	1	0	0	
DISTANCE_MATRIX
60	360	318	300	288	276	264	264	150	150	150	60	90	90	162	168	204	228	234	312	360	408	348	318	168	192	168	318	
360	60	264	318	324	342	342	342	348	348	354	360	372	378	378	420	420	480	462	498	462	462	384	420	372	420	378	378	
318	264	60	270	276	288	288	288	294	294	294	318	318	324	324	414	414	468	462	486	462	462	330	366	366	408	372	324	
300	318	270	60	276	288	288	288	288	288	288	300	300	312	318	408	408	468	462	486	438	438	318	360	360	402	360	312	
288	324	276	276	60	276	276	276	276	276	276	288	288	300	300	402	396	462	456	480	432	432	300	360	360	402	348	300	
276	342	288	288	276	60	180	180	252	258	264	264	264	288	288	390	390	456	450	480	432	432	288	348	348	348	288	288	
264	342	288	288	276	180	60	180	246	258	264	264	264	288	288	390	390	456	450	480	432	432	288	348	348	348	288	288	
264	342	288	288	276	180	180	60	240	258	264	264	264	288	288	390	390	456	450	480	432	432	288	348	348	348	288	288	
150	348	294	288	276	252	246	240	60	120	120	150	126	270	270	378	384	420	438	480	420	408	276	300	300	300	276	270	
150	348	294	288	276	258	258	258	120	60	120	150	150	270	270	378	384	420	438	480	420	408	276	300	300	300	276	270	
150	354	294	288	276	264	264	264	120	120	60	150	150	270	270	378	384	420	438	480	420	408	276	300	300	300	276	270	
60	360	318	300	288	264	264	264	150	150	150	60	90	162	168	228	234	312	360	408	348	318	168	192	192	198	168	162	
90	372	318	300	288	264	264	264	150	150	150	90	60	162	168	228	234	312	360	408	348	318	168	192	192	198	168	162	
90	378	324	312	300	288	288	288	270	270	270	162	162	60	120	180	180	306	210	360	300	300	120	180	120	180	120	234	
162	378	324	318	300	288	288	288	270	270	270	168	168	120	60	180	180	306	210	360	300	300	120	180	120	180	120	120	
168	420	414	408	402	348	348	348	300	300	300	228	228	180	180	60	132	204	132	348	258	258	186	60	180	132	222	180	
204	420	414	408	396	390	390	390	384	384	384	234	234	180	180	132	60	204	132	348	258	258	186	60	180	132	222	180	
228	480	468	468	462	456	456	456	420	420	420	312	312	306	306	204	204	60	198	120	240	240	306	204	306	138	306	306	
234	462	462	462	456	450	450	450	438	438	438	360	360	210	210	132	132	198	60	138	132	132	210	132	210	132	210	210	
312	498	486	486	480	480	480	480	480	480	480	408	408	360	360	348	348	120	138	60	348	348	360	348	360	348	360	360	
360	462	462	438	432	432	432	432	420	420	420	348	348	300	300	258	258	240	132	348	60	60	300	258	300	258	300	300	
408	462	462	438	432	432	432	432	408	408	408	318	318	300	300	258	258	240	132	348	60	60	300	258	300	258	300	300	
348	384	330	318	300	288	288	288	276	276	276	168	168	120	120	186	186	306	210	360	300	300	60	186	120	186	120	120	
318	420	366	360	360	348	348	348	300	300	300	192	192	180	180	60	60	204	132	348	258	258	186	60	180	60	180	180	
168	372	300	306	300	288	288	288	270	270	270	168	168	120	120	180	180	306	210	360	300	300	120	180	60	180	120	120	
192	420	408	402	402	348	348	348	300	300	300	198	198	180	180	132	132	138	132	348	258	258	186	60	180	60	180	180	
168	378	372	360	348	288	288	288	276	276	276	168	168	120	120	222	222	306	210	360	300	300	120	180	120	180	60	120	
318	378	324	312	300	288	288	288	270	270	270	162	162	234	120	180	180	306	210	360	300	300	120	180	120	180	120	60	
DEPOT_DISTANCE_MATRIX
60	360	318	300	288	276	264	264	150	150	150	60	90	90	162	168	204	228	234	312	360	408	348	318	168	192	168	318	
162	378	324	318	300	288	288	288	270	270	270	168	168	120	60	180	180	306	210	360	300	300	120	180	120	180	120	120	
318	420	366	360	360	348	348	348	300	300	300	192	192	180	180	60	60	204	132	348	258	258	186	60	180	60	180	180	
PATIENT_WEIGHT
88	50	92	58	34	90	147	136	126	91	101	131	110	139	116	33	68	77	82	64	86	86	100	74	91	132	68	116	32	100	57	126	136	80	95	80	32	124	95	141	150	121	115	37	146	38	72	121	110	47	62	105	150	149	114	98	70	146	60	56	141	108	70	104	41	67	72	76	55	47	76	92	105	129	122	105	41	95	96	140	112	53	129	127	102	55	34	67	100	57	35	80	87	76	58	34	84	70	136	107	110	43	110	99	55	110	63	56	83	120	137	38	134	84	102	59	70	65	126	77	112	65	134	76	35	119	66	127	86	90	136	57	66	150	76	80	106	36	82	86	47	114	69	126	39	117	41	123	50	130	59	46	44	80	127	33	57	74	129	43	50	34	124	56	116	119	50	111	85	30	117	120	120	61	141	89	138	30	59	87	133	32	72	130	93	83	107	121	105	123	106	130	87	141	53	56	119	75	68	68	33	65	142	109	144	40	34	141	105	123	31	42	133	35	97	37	101	56	59	101	66	84	100	144	76	44	132	39	96	62	50	73	100	144	146	146	68	97	144	46	67	32	50	137	47	95	148	78	117	97	147	81	89	135	43	123	99	111	37	105	72	84	60	119	77	146	33	70	68	52	115	95	84	38	132	49	146	138	44	97	43	97	94	146	50	123	45	48	99	96	136	132	72	33	116	134	58	33	63	46	73	33	96	128	75	36	117	116	99	47	48	83	70	67	74	43	67	99	79	47	132	109	128	50	135	46	59	124	128	130	104	135	128	93	86	112	64	108	85	149	81	112	56	86	84	58	124	33	104	123	69	80	30	125	121	74	145	150	137	143	97	81	96	58	47	92	63	112	147	109	142	78	85	47	59	46	44	125	119	140	127	74	80	102	131	69	124	102	70	91	136	94	42	40	79	47	59	113	74	101	131	124	72	58	38	54	71	120	99	69	75	140	104	98	140	59	126	101	52	93	147	57	87	96	95	83	124	121	132	49	127	105	103	107	124	80	103	32	84	99	63	89	117	63	32	147	128	137	73	60	30	148	63	148	36	72	112	115	107	131	120	135	147	120	78	68	49	32	130	115	89	132	113	144	103	121	128	67	73	72	43	114	109	92	84	128	93	133	60	134	73	70	114	130	81	67	58	67	115	60	59	141	48	56	134	53	97	107	52	67	34	127	146	109	109	99	69	46	69	110	140	51	135	53	115	128	109	111	102	54	58	82	75	136	141	136	42	36	132	36	36	135	87	46	135	98	84	128	108	101	88	42	38	35	48	65	77	123	148	75	138	52	38	63	148	146	149	66	120	48	124	65	101	107	86	138	68	68	66	37	150	84	128	141	47	98	92	89	69	103	48	118	150	103	123	67	74	116	118	84	144	33	86	75	79	90	128	104	31	105	48	77	75	100	60	105	81	87	141	127	70	39	57	146	71	70	30	74	109	149	38	73	142	109	130	105	145	39	39	104	96	130	81	98	146	53	117	149	140	37	130	113	40	54	81	78	123	89	115	50	110	116	83	138	133	68	70	61	137	132	128	58	53	140	87	71	88	47	118	36	77	146	147	31	52	51	36	135	136	134	96	45	43	82	132	100	72	80	66	75	50	66	112	130	51	56	53	92	90	140	74	111	30	123	129	54	43	114	54	99	44	38	139	95	58	127	100	103	77	97	147	129	40	33	80	62	95	74	114	50	123	139	113	61	76	143	66	129	30	37	145	119	138	33	71	123	147	118	127	42	127	57	51	135	71	86	46	148	60	142	37	84	46	45	66	56	126	51	42	33	98	35	44	117	75	100	126	99	78	40	129	61	140	118	46	75	144	41	86	73	95	
LOCATION_TURN_MATRIX
100	130	122	113	112	199	136	122	129	152	173	146	151	136	158	140	176	113	122	167	194	134	110	172	114	184	100	147	
170	100	154	188	164	169	136	136	152	170	104	183	155	115	101	104	155	187	174	115	149	134	178	168	114	135	168	102	
178	146	100	161	178	114	104	165	117	139	126	169	192	109	120	179	160	152	154	134	113	140	154	179	196	196	192	181	
187	112	139	100	158	114	195	181	104	132	195	106	183	169	132	170	140	136	172	148	116	110	123	136	151	120	176	169	
188	136	122	142	100	175	164	159	112	100	167	164	135	191	132	181	104	123	142	156	108	117	193	182	116	147	156	185	
101	131	186	186	125	100	190	147	164	150	137	102	145	176	185	131	113	108	117	186	118	151	140	178	154	189	172	110	
164	164	196	105	136	110	100	186	153	151	183	193	111	157	144	123	188	142	110	163	105	190	166	187	170	171	186	126	
178	164	135	119	141	153	114	100	106	130	108	103	151	178	122	151	130	133	184	177	110	141	166	110	122	174	191	197	
171	148	183	196	188	136	147	194	100	167	100	146	168	129	128	142	172	118	174	147	105	158	156	160	120	106	119	136	
148	130	161	168	200	150	149	170	133	100	177	106	175	116	188	180	176	194	108	146	130	187	183	173	128	141	169	176	
127	196	174	105	133	163	117	192	200	123	100	171	175	140	183	115	104	186	128	153	151	175	100	146	191	117	132	197	
154	117	131	194	136	198	107	197	154	194	129	100	136	184	140	147	172	184	148	131	103	156	185	200	152	158	154	143	
149	145	108	117	165	155	189	149	132	125	125	164	100	140	199	142	101	144	163	185	117	191	200	143	113	165	102	154	
164	185	191	131	109	124	143	122	171	184	160	116	160	100	109	116	196	113	131	186	166	139	183	175	144	161	105	170	
142	199	180	168	168	115	156	178	172	112	117	160	101	191	100	147	177	177	199	158	172	188	164	175	180	168	154	195	
160	196	121	130	119	169	177	149	158	120	185	153	158	184	153	100	152	159	197	157	181	159	102	123	168	200	124	186	
124	145	140	160	196	187	112	170	128	124	196	128	199	104	123	148	100	149	114	112	117	135	105	132	138	180	198	156	
187	113	148	164	177	192	158	167	182	106	114	116	156	187	123	141	151	100	166	132	168	163	159	123	129	173	161	116	
178	126	146	128	158	183	190	116	126	192	172	152	137	169	101	103	186	134	100	184	199	137	130	160	148	113	140	150	
133	185	166	152	144	114	137	123	153	154	147	169	115	114	142	143	188	168	116	100	111	195	128	157	191	164	141	171	
106	151	187	184	192	182	195	190	195	170	149	197	183	134	128	119	183	132	101	189	100	129	151	163	147	166	104	177	
166	166	160	190	183	149	110	159	142	113	125	144	109	161	112	141	165	137	163	105	171	100	101	185	169	129	103	197	
190	122	146	177	107	160	134	134	144	117	200	115	100	117	136	198	195	141	170	172	149	199	100	106	150	116	118	145	
128	132	121	164	118	122	113	190	140	127	154	100	157	125	125	177	168	177	140	143	137	115	194	100	128	167	115	155	
186	186	104	149	184	146	130	178	180	172	109	148	187	156	120	132	162	171	152	109	153	131	150	172	100	155	124	184	
116	165	104	180	153	111	129	126	194	159	183	142	135	139	132	100	120	127	187	136	134	171	184	133	145	100	129	192	
200	132	108	124	144	128	114	109	181	131	168	146	198	195	146	176	102	139	160	159	196	197	182	185	176	171	100	146	
153	198	119	131	115	190	174	103	164	124	103	157	146	130	105	114	144	184	150	129	123	103	155	145	116	108	154	100	

