INDEX_PROBLEM
1
PATIENTS
800
STRETCHERS
16
NUM_ROOM
28
NUM_DEPOTS
3
NUM_PRIORITY
4
PRIORITY_LIST
0	1	2	3	4	
PRIORITY_WEIGHT
0	1	10	18	30	
PRIORITY_JOB
0	2	3	1	3	3	3	4	2	3	2	2	3	3	3	2	3	4	1	3	4	3	3	2	2	3	1	2	3	4	4	3	3	2	3	3	3	4	2	3	3	4	1	2	4	2	3	3	3	2	3	3	3	4	2	3	4	4	1	2	1	2	1	1	3	2	3	3	3	3	4	2	1	4	2	1	2	1	1	2	3	1	2	3	3	4	3	2	1	2	3	1	2	1	1	2	1	1	2	3	3	3	3	3	1	4	2	2	2	1	2	1	2	3	1	2	4	3	4	3	1	3	2	1	1	2	1	2	3	4	1	3	3	4	2	3	2	1	3	1	1	1	2	2	2	3	2	3	3	2	3	4	3	3	1	4	1	1	1	2	2	3	2	3	2	3	4	4	2	3	4	1	1	2	1	1	2	2	3	3	3	3	2	3	3	1	2	1	2	2	1	1	3	1	2	3	4	3	3	2	1	2	3	1	2	2	1	1	4	1	2	3	3	4	3	3	2	1	2	3	1	2	1	2	1	4	1	2	2	3	4	3	3	3	1	2	1	2	1	2	1	3	1	2	4	3	2	3	4	3	1	1	2	1	1	2	2	3	4	2	3	3	2	3	3	3	1	1	2	1	1	2	1	2	3	2	3	3	4	2	3	4	4	1	2	1	2	1	1	2	3	2	3	3	3	3	4	1	2	3	1	2	1	1	2	1	2	3	2	3	3	3	2	1	3	4	1	2	2	1	1	1	1	2	3	2	3	4	3	3	1	3	4	2	2	1	2	1	2	1	2	2	3	4	3	3	3	1	3	1	1	2	2	1	1	2	3	4	2	3	2	3	1	1	2	4	1	1	2	2	2	3	4	4	3	2	3	3	1	1	2	3	1	1	1	2	2	3	4	3	3	2	3	4	3	1	2	2	2	1	2	1	3	3	3	1	4	2	1	3	2	3	1	1	2	1	1	2	2	4	1	2	3	4	3	3	1	3	1	2	1	2	1	1	2	3	4	2	2	3	3	3	2	1	3	1	1	2	2	1	1	2	3	2	2	3	4	4	3	1	3	4	1	2	1	2	1	2	3	3	2	3	2	1	1	1	2	4	1	1	2	2	1	2	3	3	4	3	3	2	1	1	2	3	1	1	1	2	3	2	3	4	3	3	2	3	4	1	2	2	2	1	2	1	1	3	3	1	4	3	3	2	2	3	1	1	2	1	1	3	2	4	1	2	3	4	3	2	1	2	3	2	1	2	1	1	1	2	3	1	3	3	3	3	2	2	3	4	1	2	1	2	1	1	2	3	2	3	4	3	3	1	2	3	1	1	2	1	1	2	3	4	2	3	2	1	1	1	3	2	1	2	1	1	4	1	2	3	3	3	2	3	1	3	1	2	2	1	2	2	3	4	2	4	3	3	2	3	4	3	1	2	1	1	1	1	3	2	3	3	3	2	3	4	4	1	2	1	2	2	1	1	1	3	3	3	3	3	3	2	1	2	3	1	2	1	1	2	4	1	2	3	3	4	3	3	1	2	3	1	2	2	1	1	1	1	2	3	2	3	4	3	1	2	3	2	1	2	2	1	4	1	2	3	2	3	3	1	1	3	1	1	2	1	1	3	1	2	3	4	3	2	3	1	3	3	1	2	1	2	1	4	2	4	2	3	3	2	3	4	3	1	2	1	2	1	2	1	3	2	3	3	3	2	3	1	2	3	2	1	1	2	4	1	1	3	1	2	1	1	2	4	1	2	1	2	1	1	2	1	3	1	1	1	2	1	2	2	3	4	1	1	1	2	2	2	3	1	1	1	1	2	2	1	2	3	1	1	2	1	2	
TIME_ASKED
0	28800	28800	28800	28800	28800	28800	28800	28800	28800	28800	28800	28800	28800	28800	28800	28800	29545	29574	29603	29632	29661	29690	29742	29784	29826	29868	29910	29952	29994	30029	30058	30087	30116	30145	30174	30203	30232	30261	30290	30329	30358	30387	30416	30445	30474	30503	30532	30561	30590	30621	30642	30663	30684	30705	30726	30747	30768	30789	30810	30831	30852	30873	30894	30949	30998	31047	31096	31145	31194	31227	31254	31281	31308	31335	31362	31389	31416	31443	31470	31497	31524	31548	31572	31596	31620	31644	31668	31692	31716	31740	31764	31788	31837	31874	31911	31948	31985	32022	32059	32096	32159	32218	32277	32336	32395	32419	32438	32457	32476	32495	32514	32533	32552	32571	32590	32609	32628	32647	32666	32685	32759	32818	32877	32936	32995	33027	33054	33081	33108	33135	33162	33189	33216	33243	33270	33297	33333	33366	33399	33432	33465	33498	33531	33564	33597	33616	33632	33648	33664	33680	33696	33712	33728	33744	33760	33776	33792	33808	33824	33840	33856	33872	33888	33933	33966	33999	34032	34065	34098	34131	34164	34197	34242	34284	34326	34368	34410	34452	34494	34533	34566	34599	34632	34665	34698	34731	34764	34797	34827	34854	34881	34908	34935	34962	34989	35016	35043	35070	35097	35137	35174	35211	35248	35285	35322	35359	35396	35433	35466	35499	35532	35565	35598	35631	35664	35697	35723	35746	35769	35792	35815	35838	35861	35884	35907	35930	35953	35976	35999	36023	36046	36069	36092	36115	36138	36161	36184	36207	36230	36253	36276	36299	36327	36354	36381	36408	36435	36462	36489	36516	36543	36570	36597	36619	36638	36657	36676	36695	36714	36733	36752	36771	36790	36809	36828	36847	36866	36885	36949	36998	37047	37096	37145	37194	37259	37318	37377	37436	37495	37549	37598	37647	37696	37745	37794	37827	37854	37881	37908	37935	37962	37989	38016	38043	38070	38097	38123	38146	38169	38192	38215	38238	38261	38284	38307	38330	38353	38376	38399	38419	38438	38457	38476	38495	38514	38533	38552	38571	38590	38609	38628	38647	38666	38685	38742	38784	38826	38868	38910	38952	38994	39029	39058	39087	39116	39145	39174	39203	39232	39261	39290	39349	39398	39447	39496	39545	39594	39633	39666	39699	39732	39765	39798	39831	39864	39897	39937	39974	40011	40048	40085	40122	40159	40196	40242	40284	40326	40368	40410	40452	40494	40542	40584	40626	40668	40710	40752	40794	40849	40898	40947	40996	41045	41094	41133	41166	41199	41232	41265	41298	41331	41364	41397	41423	41446	41469	41492	41515	41538	41561	41584	41607	41630	41653	41676	41699	41749	41798	41847	41896	41945	41994	42099	42198	42297	42342	42384	42426	42468	42510	42552	42594	42699	42798	42897	42923	42946	42969	42992	43015	43038	43061	43084	43107	43130	43153	43176	43199	43237	43274	43311	43348	43385	43422	43459	43496	43549	43598	43647	43696	43745	43794	43899	43998	44097	44159	44218	44277	44336	44395	44459	44518	44577	44636	44695	44799	44898	44997	45033	45066	45099	45132	45165	45198	45231	45264	45297	45337	45374	45411	45448	45485	45522	45559	45596	45637	45674	45711	45748	45785	45822	45859	45896	45959	46018	46077	46136	46195	46249	46298	46347	46396	46445	46494	46537	46574	46611	46648	46685	46722	46759	46796	46821	46842	46863	46884	46905	46926	46947	46968	46989	47010	47031	47052	47073	47094	47199	47298	47397	47437	47474	47511	47548	47585	47622	47659	47696	47737	47774	47811	47848	47885	47922	47959	47996	48049	48098	48147	48196	48245	48294	48324	48348	48372	48396	48420	48444	48468	48492	48516	48540	48564	48588	48627	48654	48681	48708	48735	48762	48789	48816	48843	48870	48897	48937	48974	49011	49048	49085	49122	49159	49196	49233	49266	49299	49332	49365	49398	49431	49464	49497	49537	49574	49611	49648	49685	49722	49759	49796	49827	49854	49881	49908	49935	49962	49989	50016	50043	50070	50097	50149	50198	50247	50296	50345	50394	50424	50448	50472	50496	50520	50544	50568	50592	50616	50640	50664	50688	50737	50774	50811	50848	50885	50922	50959	50996	51027	51054	51081	51108	51135	51162	51189	51216	51243	51270	51297	51324	51348	51372	51396	51420	51444	51468	51492	51516	51540	51564	51588	51637	51674	51711	51748	51785	51822	51859	51896	51933	51966	51999	52032	52065	52098	52131	52164	52197	52259	52318	52377	52436	52495	52517	52534	52551	52568	52585	52602	52619	52636	52653	52670	52687	52704	52721	52738	52755	52772	52789	52859	52918	52977	53036	53095	53137	53174	53211	53248	53285	53322	53359	53396	53459	53518	53577	53636	53695	53733	53766	53799	53832	53865	53898	53931	53964	53997	54027	54054	54081	54108	54135	54162	54189	54216	54243	54270	54297	54374	54448	54522	54596	54627	54654	54681	54708	54735	54762	54789	54816	54843	54870	54897	55049	55198	55237	55274	55311	55348	55385	55422	55459	55496	55574	55648	55722	55796	55827	55854	55881	55908	55935	55962	55989	56016	56043	56070	56097	56399	56499	56598	56697	56733	56766	56799	56832	56865	56898	56931	56964	56997	57049	57098	57147	57196	57245	57294	57359	57418	57477	57536	57595	
ORIGIN
0	16	6	25	19	7	27	23	1	1	23	26	14	14	14	14	23	14	14	23	14	4	26	16	14	26	16	7	14	27	7	14	23	9	1	23	11	2	23	13	2	23	14	3	20	2	14	14	14	6	27	18	7	27	20	8	18	23	10	2	22	23	2	26	27	3	23	14	14	24	15	5	26	16	7	4	26	14	3	14	14	1	23	11	16	23	13	2	20	14	3	27	15	14	1	7	14	1	18	7	14	20	8	1	14	10	1	27	20	2	14	14	14	23	14	4	24	15	4	26	23	6	14	26	10	2	14	14	14	3	10	2	2	12	2	23	14	16	24	14	16	27	7	14	14	1	7	27	20	8	1	23	10	1	23	11	3	14	14	14	27	3	4	24	15	4	26	16	1	27	19	7	2	14	14	3	14	17	2	23	12	2	23	14	3	23	2	14	27	11	14	1	25	14	27	20	8	14	23	9	2	23	11	2	14	14	14	27	14	14	14	14	4	14	16	5	14	23	7	27	2	14	14	3	14	2	23	12	2	23	14	3	23	14	6	24	27	11	14	1	25	4	19	8	27	23	9	1	23	11	3	2	12	14	4	27	14	27	14	4	26	16	5	26	17	7	1	20	8	14	14	2	14	27	11	2	23	13	3	23	14	4	27	15	4	14	1	25	14	27	15	27	23	8	1	23	10	2	23	12	2	27	14	14	27	14	4	26	16	5	26	16	7	23	9	26	3	14	14	3	9	3	2	23	13	2	23	14	3	24	20	20	26	7	14	3	26	14	14	20	8	1	23	10	2	23	12	2	26	14	14	27	14	23	24	15	5	26	16	7	27	26	8	14	23	9	14	3	16	20	23	13	2	23	14	3	24	14	1	26	16	5	1	26	14	2	20	8	1	23	10	1	23	12	2	23	14	3	27	14	14	27	15	4	26	16	6	27	14	7	27	23	8	3	14	20	2	23	12	2	23	14	3	24	14	4	27	14	5	1	26	14	1	26	27	1	23	10	1	23	11	2	27	14	2	27	27	14	14	27	11	26	16	6	27	19	7	27	22	3	14	17	17	14	2	23	2	23	14	3	23	14	4	27	14	5	1	16	14	1	26	14	27	23	9	1	23	11	2	23	23	2	23	14	14	27	20	14	26	16	5	27	18	7	27	20	8	1	23	2	2	22	23	2	2	14	3	23	14	4	24	15	5	26	16	14	4	26	14	14	23	9	1	23	11	2	23	12	14	27	14	14	27	15	14	27	16	5	26	1	7	27	20	8	3	23	2	27	27	20	2	14	14	3	23	14	4	24	15	4	26	25	3	26	26	14	2	14	8	1	23	10	2	23	12	25	27	14	3	27	15	14	27	11	5	26	16	7	27	20	8	27	14	9	9	20	20	2	14	14	2	23	14	3	24	14	4	26	16	6	26	14	14	2	14	14	1	23	10	2	23	12	2	23	14	27	14	14	14	27	11	3	26	16	7	27	19	8	27	14	9	16	20	20	2	14	14	3	23	14	3	24	14	4	1	14	14	27	26	14	2	26	14	3	14	10	1	23	12	2	23	14	14	23	14	14	27	11	14	1	16	6	27	19	7	27	23	3	1	23	2	22	14	2	5	23	14	3	23	14	4	26	16	1	26	16	7	26	14	23	2	23	9	1	23	11	2	23	13	2	23	14	14	11	14	1	25	27	6	27	18	7	27	21	8	1	23	10	22	23	2	27	23	14	3	14	14	4	25	16	5	26	16	14	5	26	14	3	14	9	1	23	14	2	23	13	2	23	14	3	20	14	1	7	14	5	27	18	7	27	20	8	1	17	10	1	23	2	7	14	1	
DESTINATION
0	14	17	14	22	23	2	26	23	14	27	14	4	25	16	5	1	25	9	4	26	14	3	14	9	3	16	20	2	23	13	2	27	14	14	27	15	14	1	7	14	1	26	14	7	27	20	8	1	17	2	27	20	2	14	14	27	27	14	14	19	7	27	23	23	14	3	26	10	2	14	14	3	14	20	23	14	4	26	16	16	14	27	15	16	27	7	14	7	26	14	23	11	2	23	13	2	23	27	20	3	14	14	14	3	14	14	18	7	27	20	8	1	3	26	14	2	14	14	3	27	17	3	14	14	24	15	5	5	26	14	14	27	11	14	1	25	14	1	26	16	23	13	2	2	23	20	2	14	14	14	27	14	14	27	20	14	20	8	1	23	23	14	2	14	14	3	14	14	2	22	23	24	15	4	26	16	6	14	27	11	14	1	25	14	4	27	2	2	12	2	23	14	3	2	14	14	4	27	14	14	27	15	27	20	8	1	23	10	1	4	26	14	2	14	14	10	27	20	2	24	15	4	26	16	27	27	11	14	1	25	14	3	26	17	2	23	12	2	23	14	23	22	14	2	27	14	14	27	15	14	27	11	8	14	23	9	23	26	14	3	14	14	3	9	20	14	14	14	4	16	14	5	18	20	14	1	7	14	3	26	14	23	14	14	2	23	14	3	23	11	2	26	14	14	27	14	14	27	11	27	23	9	1	23	26	14	3	14	14	3	16	20	27	17	14	26	16	5	26	17	23	27	1	7	14	1	26	14	2	11	11	3	13	3	23	14	4	1	14	14	14	27	14	14	27	11	27	23	8	1	23	10	27	2	14	14	3	14	20	2	14	14	4	27	14	5	26	16	7	27	7	14	1	26	14	1	26	23	3	14	14	23	14	3	24	14	14	14	27	14	14	27	11	27	1	25	14	23	10	2	23	14	14	3	14	17	2	26	23	2	27	14	26	16	7	27	27	11	14	1	25	14	1	26	14	23	2	14	23	14	3	24	14	23	14	27	14	14	27	20	14	2	20	14	23	23	10	1	23	12	3	14	17	2	22	23	2	2	26	4	6	6	15	27	7	14	1	25	14	4	26	14	23	2	14	23	14	3	24	14	4	2	27	14	14	27	15	14	27	27	14	1	1	1	23	11	2	3	14	14	2	27	20	2	14	14	14	27	27	27	19	7	27	22	25	14	3	26	14	2	14	14	3	14	3	23	14	4	25	27	14	14	27	15	14	27	11	16	23	26	1	23	11	2	23	14	14	3	14	20	2	14	14	26	27	27	18	18	7	27	20	8	14	3	26	14	2	14	14	3	14	23	14	14	4	24	15	14	14	27	14	14	27	11	14	23	1	14	23	11	2	23	12	14	3	16	20	2	14	14	3	16	14	17	7	7	27	20	8	14	1	26	14	2	26	14	3	14	17	14	4	4	24	15	4	14	27	14	14	27	11	14	1	25	23	10	10	2	23	12	26	3	14	20	2	22	14	2	5	14	16	7	7	27	20	8	27	1	26	14	1	26	14	23	2	2	2	14	3	24	14	4	26	16	14	14	27	11	14	1	25	1	3	10	2	23	12	2	23	14	17	2	22	23	2	27	26	14	27	27	19	8	27	14	1	25	14	5	26	14	3	14	23	3	16	20	14	4	1	14	27	14	14	27	20	14	1	7	14	3	26	1	12	2	23	14	23	17	2	27	23	2	7	14	14	27	14	19	7	27	23	1	25	14	2	26	14	14	14	14	3	14	3	23	14	4	26	16	14	14	27	9	14	27	7	14	1	26	14	11	2	23	13	2	14	2	27	20	2	14	14	14	6	14	14	7	27	21	8	23	
DUE_DATE
0	30427	29996	31245	30094	30143	30192	29707	30776	30345	30874	30923	30492	30527	30556	31065	30614	30103	31872	30701	30190	30759	30788	31320	31362	30924	32166	31488	31050	30552	30587	31156	31185	31694	31243	31272	31301	30790	31839	31388	31427	30916	32685	31994	31003	32052	31601	31630	31659	32168	31719	31740	31761	31242	32283	31824	31305	31326	33087	32388	33129	32430	33171	33192	32047	32576	32145	32194	32243	32292	31785	32832	33579	31866	32913	33660	32967	33714	33741	33048	32595	33822	33126	32670	32694	32178	32742	33246	33990	33294	32838	34062	33366	34135	34172	33489	34246	34283	33600	33157	33194	33257	33316	33375	34634	32953	33997	34016	34035	34774	34073	34812	34111	33650	34869	34168	33167	33726	33205	33764	34983	33857	34396	35175	35234	34573	35325	34632	34179	33666	35433	34260	34287	33774	34821	34368	34875	35631	34464	35697	35730	35763	35076	35109	35142	34695	35194	34730	34746	35242	34778	34254	34810	34826	36042	34318	36074	36090	36106	35402	35418	34954	35450	34986	35511	35064	34557	34590	35643	35196	34689	36462	36495	35820	36582	36624	35946	35988	35550	35592	35631	35664	36177	35730	35763	36996	36309	37062	36375	36405	37152	37179	36006	37233	36540	36087	35574	36141	36168	36675	37435	36752	36309	37546	36863	36900	37657	37694	35991	37764	37077	36630	36663	36156	36729	36762	37275	38021	37324	36867	38090	37393	38136	37439	38182	36465	38228	37531	37554	37097	36581	37144	37167	37190	38413	37716	38459	37762	38505	37808	38551	37374	38597	37905	36912	37479	37986	37533	37020	37587	38814	38841	38148	38895	38917	38216	38235	37774	37253	38292	37831	37850	38349	37888	37907	37926	39145	39164	38463	39247	39296	38625	39394	38723	38292	38837	38416	38475	37994	39073	38647	38156	38205	39994	39323	40092	39405	40152	40179	39486	39033	39540	39087	39114	39141	39168	38655	40421	39724	39267	40490	39793	40536	40559	39862	40605	39908	39451	39954	39497	39517	39536	40035	40774	39593	39072	40831	40130	40149	40888	40907	40926	40945	40244	39783	40320	39882	39384	39966	40008	41250	40092	39587	40636	40665	41414	40723	41472	40781	41530	40839	40868	40447	39956	40545	40594	40643	41892	40731	41964	41997	41310	41343	42096	42129	41442	40995	40495	41552	41109	41626	41183	42420	42457	41774	40800	42582	42624	41946	41988	42030	41592	41100	41142	41724	42246	41808	41850	43092	43147	42476	42045	43294	43343	43392	42711	42744	42297	41790	42363	42396	42909	42462	41955	42521	43744	43047	43070	43093	43836	43139	43882	42705	42728	42751	43974	42257	43327	44096	42945	43474	43043	44292	44397	43776	44595	44640	43962	44004	43026	44808	44130	43692	43257	43896	43995	45221	44044	45267	44570	45313	44616	45359	45382	44685	44228	43711	44754	44777	44335	44372	44409	44926	45683	44520	45757	45794	45127	45176	45945	45994	45323	44892	45477	45576	45195	44717	44776	45375	46634	45493	45017	46816	46155	46934	46273	47097	46476	46095	46131	46644	46197	46710	47463	47496	47529	46842	45855	47635	47672	46989	47026	47783	47100	46657	46694	46195	46772	46809	47326	48083	48120	47437	46994	48257	48316	48375	47714	47293	47827	47396	46905	47494	47543	48072	47635	47132	48909	48226	48263	48300	49057	48374	49119	49140	47961	47982	49203	47484	48045	48066	48567	48588	48129	49350	49371	48672	49497	49596	48495	49015	48032	49809	49126	48683	48180	48757	49274	50035	49352	48909	49426	50183	49500	50257	50294	50347	49676	49245	50494	49343	49392	49422	49446	49950	49974	49518	49002	50766	50070	50814	50118	50862	50886	50205	49752	50259	49806	49293	49860	49887	51114	50421	49968	51195	51235	50552	51309	51346	50663	50220	49717	50774	50331	50844	51597	51630	51663	50496	51009	51762	51075	51835	51872	50169	51946	51263	50820	50857	50894	51405	50952	52179	51006	52233	51540	51567	52314	51621	51648	51195	50707	51776	50805	51394	51443	51972	51522	51006	51570	52794	52098	52842	52866	52890	52914	51738	52242	51786	51835	51872	52389	51946	51443	51480	53257	52574	53325	52632	52659	53406	53433	53460	52287	52314	52341	52368	52395	52422	52926	53670	52974	52518	53742	53046	53790	53814	53118	52122	53886	53215	52772	52809	52306	52883	52920	54157	53474	53031	54264	53577	53610	54363	54396	54429	54462	53775	53357	53896	53475	52994	53593	54815	54112	53649	54146	54883	54180	54197	54934	53211	54968	54265	53802	54299	53836	53853	55070	55087	53957	55216	55275	54614	55393	55435	54272	55509	54826	54383	53880	54457	54974	54557	55816	54675	54734	55993	55311	56064	55377	56130	54423	55476	54489	55542	55095	55125	55632	55179	54666	55233	56460	55767	56514	55821	56568	55875	56672	55546	56100	55694	55725	55752	56259	55806	57033	56340	55887	56394	57141	57168	56475	55607	57496	57535	56372	57609	56926	57683	57720	57037	56054	57872	57226	58020	57374	58125	58152	57459	58206	57033	58260	58287	58314	57621	58368	57675	57977	57597	57156	58995	59031	59064	58377	58410	58443	57996	59229	59262	59295	59347	58676	58725	59494	58823	58392	59657	59716	59055	59834	59173	
TRANSPORT_MODE
0	4	4	2	0	0	0	0	4	4	4	0	0	0	0	0	1	4	4	0	0	0	0	0	2	4	4	2	0	0	0	0	4	4	4	0	0	0	0	0	0	4	4	2	0	0	0	0	4	4	4	0	0	0	0	0	0	4	4	4	0	0	0	0	2	4	4	0	0	0	0	0	4	4	4	0	0	0	0	0	2	4	4	4	0	0	0	0	3	4	4	0	0	0	0	0	0	1	4	4	0	0	0	0	3	4	4	0	0	0	0	0	0	4	1	1	0	0	0	0	3	4	1	0	0	0	0	0	4	4	4	0	0	0	0	0	4	3	4	4	0	0	0	0	2	1	1	0	0	0	0	0	0	4	4	4	0	0	0	0	2	4	1	0	0	0	0	0	0	4	4	4	0	0	0	0	4	2	4	0	0	0	0	0	1	4	4	0	0	0	0	0	1	2	4	4	0	0	0	0	3	4	4	0	0	0	0	0	4	2	4	4	0	0	0	0	0	3	4	4	0	0	0	0	0	1	4	4	0	0	0	0	0	4	3	4	0	0	0	0	0	4	1	4	0	0	0	0	0	1	3	1	4	0	0	0	0	2	4	1	0	0	0	0	0	4	3	1	1	0	0	0	0	0	2	4	4	0	0	0	0	0	4	4	1	0	0	0	0	0	4	2	1	0	0	0	0	4	4	1	0	0	0	0	0	1	2	4	4	0	0	0	0	3	4	4	0	0	0	0	0	0	4	2	1	4	0	0	0	0	3	1	4	0	0	0	0	0	0	1	4	1	0	0	0	0	4	3	4	0	0	0	0	0	1	4	1	0	0	0	0	0	4	3	4	1	0	0	0	0	2	1	1	0	0	0	0	0	3	4	4	1	0	0	0	0	2	1	1	0	0	0	0	0	0	4	1	4	0	0	0	0	0	4	2	4	0	0	0	0	4	1	1	0	0	0	0	0	4	2	1	4	0	0	0	0	3	1	1	0	0	0	0	0	2	4	1	1	0	0	0	0	0	3	4	4	0	0	0	0	0	4	4	1	0	0	0	0	0	3	1	1	0	0	0	0	1	1	1	0	0	0	0	0	3	4	4	2	0	0	0	0	1	1	4	0	0	0	0	0	3	1	4	2	0	0	0	0	0	4	1	1	0	0	0	0	0	4	1	4	0	0	0	0	0	2	1	1	0	0	0	0	1	1	4	0	0	0	0	0	2	1	1	0	0	0	0	0	3	1	4	0	0	0	0	0	2	4	4	3	0	0	0	0	0	1	1	1	0	0	0	0	0	1	1	1	0	0	0	0	0	3	4	1	0	0	0	0	1	1	1	0	0	0	0	0	3	4	1	0	0	0	0	0	4	4	1	0	0	0	0	0	3	1	1	1	0	0	0	0	2	1	4	0	0	0	0	0	0	1	1	1	0	0	0	0	2	1	1	0	0	0	0	0	4	1	1	0	0	0	0	0	2	4	4	0	0	0	0	0	1	1	1	0	0	0	0	0	2	1	1	1	0	0	0	0	3	1	1	0	0	0	0	0	0	1	1	4	0	0	0	0	3	1	1	0	0	0	0	0	1	4	1	0	0	0	0	3	4	1	0	0	0	0	0	1	1	1	0	0	0	0	0	3	1	1	1	0	0	0	0	0	2	1	1	0	0	0	0	0	1	1	1	0	0	0	0	0	2	1	1	0	0	0	0	1	1	4	0	0	0	0	0	3	1	1	0	0	0	0	0	1	1	1	0	0	0	0	0	3	1	1	3	0	0	0	0	1	1	1	0	0	0	0	0	1	1	1	0	0	0	0	0	3	1	1	0	0	0	0	0	
DISTANCE_MATRIX
60	360	318	300	288	276	264	264	150	150	150	60	90	90	162	168	204	228	234	312	360	408	348	318	168	192	168	318	
360	60	264	318	324	342	342	342	348	348	354	360	372	378	378	420	420	480	462	498	462	462	384	420	372	420	378	378	
318	264	60	270	276	288	288	288	294	294	294	318	318	324	324	414	414	468	462	486	462	462	330	366	366	408	372	324	
300	318	270	60	276	288	288	288	288	288	288	300	300	312	318	408	408	468	462	486	438	438	318	360	360	402	360	312	
288	324	276	276	60	276	276	276	276	276	276	288	288	300	300	402	396	462	456	480	432	432	300	360	360	402	348	300	
276	342	288	288	276	60	180	180	252	258	264	264	264	288	288	390	390	456	450	480	432	432	288	348	348	348	288	288	
264	342	288	288	276	180	60	180	246	258	264	264	264	288	288	390	390	456	450	480	432	432	288	348	348	348	288	288	
264	342	288	288	276	180	180	60	240	258	264	264	264	288	288	390	390	456	450	480	432	432	288	348	348	348	288	288	
150	348	294	288	276	252	246	240	60	120	120	150	126	270	270	378	384	420	438	480	420	408	276	300	300	300	276	270	
150	348	294	288	276	258	258	258	120	60	120	150	150	270	270	378	384	420	438	480	420	408	276	300	300	300	276	270	
150	354	294	288	276	264	264	264	120	120	60	150	150	270	270	378	384	420	438	480	420	408	276	300	300	300	276	270	
60	360	318	300	288	264	264	264	150	150	150	60	90	162	168	228	234	312	360	408	348	318	168	192	192	198	168	162	
90	372	318	300	288	264	264	264	150	150	150	90	60	162	168	228	234	312	360	408	348	318	168	192	192	198	168	162	
90	378	324	312	300	288	288	288	270	270	270	162	162	60	120	180	180	306	210	360	300	300	120	180	120	180	120	234	
162	378	324	318	300	288	288	288	270	270	270	168	168	120	60	180	180	306	210	360	300	300	120	180	120	180	120	120	
168	420	414	408	402	348	348	348	300	300	300	228	228	180	180	60	132	204	132	348	258	258	186	60	180	132	222	180	
204	420	414	408	396	390	390	390	384	384	384	234	234	180	180	132	60	204	132	348	258	258	186	60	180	132	222	180	
228	480	468	468	462	456	456	456	420	420	420	312	312	306	306	204	204	60	198	120	240	240	306	204	306	138	306	306	
234	462	462	462	456	450	450	450	438	438	438	360	360	210	210	132	132	198	60	138	132	132	210	132	210	132	210	210	
312	498	486	486	480	480	480	480	480	480	480	408	408	360	360	348	348	120	138	60	348	348	360	348	360	348	360	360	
360	462	462	438	432	432	432	432	420	420	420	348	348	300	300	258	258	240	132	348	60	60	300	258	300	258	300	300	
408	462	462	438	432	432	432	432	408	408	408	318	318	300	300	258	258	240	132	348	60	60	300	258	300	258	300	300	
348	384	330	318	300	288	288	288	276	276	276	168	168	120	120	186	186	306	210	360	300	300	60	186	120	186	120	120	
318	420	366	360	360	348	348	348	300	300	300	192	192	180	180	60	60	204	132	348	258	258	186	60	180	60	180	180	
168	372	300	306	300	288	288	288	270	270	270	168	168	120	120	180	180	306	210	360	300	300	120	180	60	180	120	120	
192	420	408	402	402	348	348	348	300	300	300	198	198	180	180	132	132	138	132	348	258	258	186	60	180	60	180	180	
168	378	372	360	348	288	288	288	276	276	276	168	168	120	120	222	222	306	210	360	300	300	120	180	120	180	60	120	
318	378	324	312	300	288	288	288	270	270	270	162	162	234	120	180	180	306	210	360	300	300	120	180	120	180	120	60	
DEPOT_DISTANCE_MATRIX
60	360	318	300	288	276	264	264	150	150	150	60	90	90	162	168	204	228	234	312	360	408	348	318	168	192	168	318	
162	378	324	318	300	288	288	288	270	270	270	168	168	120	60	180	180	306	210	360	300	300	120	180	120	180	120	120	
318	420	366	360	360	348	348	348	300	300	300	192	192	180	180	60	60	204	132	348	258	258	186	60	180	60	180	180	
PATIENT_WEIGHT
71	109	134	78	45	86	148	145	57	74	72	103	45	85	59	130	132	89	81	85	102	52	138	80	30	56	45	53	138	59	107	87	126	112	142	115	53	43	124	130	116	76	99	47	36	123	31	76	63	142	98	122	65	81	140	34	69	93	114	148	147	105	120	33	113	75	30	80	131	30	72	40	137	80	57	33	46	94	145	34	126	51	94	119	77	50	98	32	83	67	134	57	117	46	48	91	81	62	132	108	46	31	123	146	147	115	91	59	37	84	54	33	50	137	98	138	34	49	75	94	43	100	96	63	61	132	100	133	67	38	103	64	147	46	90	113	63	43	108	100	132	38	144	103	35	144	72	82	44	102	141	30	74	114	82	124	107	83	42	132	74	121	133	84	109	90	150	40	92	144	118	43	139	81	42	90	45	90	103	48	128	136	62	31	60	116	130	112	47	40	130	77	93	73	123	145	143	83	54	121	39	125	83	133	141	99	122	146	31	42	132	88	40	145	60	47	95	40	111	50	125	35	118	149	86	130	41	112	88	74	91	137	33	39	123	91	92	42	91	104	87	109	31	149	111	61	114	72	94	78	126	133	88	95	142	34	61	127	61	136	143	51	80	96	117	101	58	62	133	72	81	61	43	41	67	82	127	107	103	62	140	142	146	53	133	110	33	91	121	123	98	41	33	37	129	137	65	73	135	33	55	109	148	144	132	143	38	44	58	95	138	64	100	38	35	112	31	30	84	103	135	72	44	74	58	97	118	51	49	128	131	50	109	131	33	132	30	50	113	74	56	111	44	58	72	30	85	63	121	68	108	46	52	98	89	94	64	53	103	63	132	106	113	30	61	49	135	136	125	57	134	141	65	100	31	105	109	78	98	78	148	122	99	81	144	125	92	105	107	85	107	67	38	106	144	101	76	40	90	63	113	107	102	52	81	78	120	123	90	87	129	94	54	149	115	55	137	80	50	40	37	107	143	30	91	88	64	117	31	57	87	132	53	36	90	42	144	97	34	33	96	58	142	91	132	62	106	97	42	54	62	40	123	145	31	43	57	79	129	66	115	75	37	131	61	72	144	121	38	72	138	136	77	83	40	30	69	96	132	63	68	65	61	67	123	92	129	71	146	42	137	55	76	40	114	83	43	97	111	109	142	67	60	67	41	70	139	112	111	32	47	129	35	116	77	70	137	66	131	45	81	33	65	80	98	85	57	56	43	54	30	115	55	104	75	43	124	75	149	115	125	123	48	77	68	124	107	105	76	85	144	33	119	31	73	149	133	39	142	125	106	139	81	34	85	33	69	73	46	102	33	91	30	126	40	69	106	57	140	44	136	54	89	98	75	81	102	93	51	63	99	53	34	136	32	112	116	93	70	58	84	112	99	48	148	56	33	84	108	141	103	150	146	90	32	31	63	31	119	83	142	86	58	83	131	75	33	59	81	124	139	49	114	30	51	37	52	128	37	39	43	113	97	77	95	53	57	81	42	92	147	43	56	150	32	113	123	80	86	31	127	147	127	103	85	108	53	88	124	149	65	103	68	103	124	46	80	90	30	57	117	115	138	123	55	124	43	91	117	71	137	107	36	81	90	113	51	58	60	88	75	41	41	142	92	97	45	36	118	112	69	66	122	129	44	144	103	131	93	144	34	75	40	77	101	142	60	64	62	142	100	117	125	35	73	113	108	41	43	123	123	116	133	123	83	86	44	58	132	145	56	53	65	147	85	139	47	65	130	52	138	36	34	44	70	103	135	50	102	65	59	102	121	87	38	149	148	99	77	85	36	68	88	91	67	137	61	43	143	137	131	53	130	67	80	145	104	86	74	150	118	
LOCATION_TURN_MATRIX
100	130	122	113	112	199	136	122	129	152	173	146	151	136	158	140	176	113	122	167	194	134	110	172	114	184	100	147	
170	100	154	188	164	169	136	136	152	170	104	183	155	115	101	104	155	187	174	115	149	134	178	168	114	135	168	102	
178	146	100	161	178	114	104	165	117	139	126	169	192	109	120	179	160	152	154	134	113	140	154	179	196	196	192	181	
187	112	139	100	158	114	195	181	104	132	195	106	183	169	132	170	140	136	172	148	116	110	123	136	151	120	176	169	
188	136	122	142	100	175	164	159	112	100	167	164	135	191	132	181	104	123	142	156	108	117	193	182	116	147	156	185	
101	131	186	186	125	100	190	147	164	150	137	102	145	176	185	131	113	108	117	186	118	151	140	178	154	189	172	110	
164	164	196	105	136	110	100	186	153	151	183	193	111	157	144	123	188	142	110	163	105	190	166	187	170	171	186	126	
178	164	135	119	141	153	114	100	106	130	108	103	151	178	122	151	130	133	184	177	110	141	166	110	122	174	191	197	
171	148	183	196	188	136	147	194	100	167	100	146	168	129	128	142	172	118	174	147	105	158	156	160	120	106	119	136	
148	130	161	168	200	150	149	170	133	100	177	106	175	116	188	180	176	194	108	146	130	187	183	173	128	141	169	176	
127	196	174	105	133	163	117	192	200	123	100	171	175	140	183	115	104	186	128	153	151	175	100	146	191	117	132	197	
154	117	131	194	136	198	107	197	154	194	129	100	136	184	140	147	172	184	148	131	103	156	185	200	152	158	154	143	
149	145	108	117	165	155	189	149	132	125	125	164	100	140	199	142	101	144	163	185	117	191	200	143	113	165	102	154	
164	185	191	131	109	124	143	122	171	184	160	116	160	100	109	116	196	113	131	186	166	139	183	175	144	161	105	170	
142	199	180	168	168	115	156	178	172	112	117	160	101	191	100	147	177	177	199	158	172	188	164	175	180	168	154	195	
160	196	121	130	119	169	177	149	158	120	185	153	158	184	153	100	152	159	197	157	181	159	102	123	168	200	124	186	
124	145	140	160	196	187	112	170	128	124	196	128	199	104	123	148	100	149	114	112	117	135	105	132	138	180	198	156	
187	113	148	164	177	192	158	167	182	106	114	116	156	187	123	141	151	100	166	132	168	163	159	123	129	173	161	116	
178	126	146	128	158	183	190	116	126	192	172	152	137	169	101	103	186	134	100	184	199	137	130	160	148	113	140	150	
133	185	166	152	144	114	137	123	153	154	147	169	115	114	142	143	188	168	116	100	111	195	128	157	191	164	141	171	
106	151	187	184	192	182	195	190	195	170	149	197	183	134	128	119	183	132	101	189	100	129	151	163	147	166	104	177	
166	166	160	190	183	149	110	159	142	113	125	144	109	161	112	141	165	137	163	105	171	100	101	185	169	129	103	197	
190	122	146	177	107	160	134	134	144	117	200	115	100	117	136	198	195	141	170	172	149	199	100	106	150	116	118	145	
128	132	121	164	118	122	113	190	140	127	154	100	157	125	125	177	168	177	140	143	137	115	194	100	128	167	115	155	
186	186	104	149	184	146	130	178	180	172	109	148	187	156	120	132	162	171	152	109	153	131	150	172	100	155	124	184	
116	165	104	180	153	111	129	126	194	159	183	142	135	139	132	100	120	127	187	136	134	171	184	133	145	100	129	192	
200	132	108	124	144	128	114	109	181	131	168	146	198	195	146	176	102	139	160	159	196	197	182	185	176	171	100	146	
153	198	119	131	115	190	174	103	164	124	103	157	146	130	105	114	144	184	150	129	123	103	155	145	116	108	154	100	

