INDEX_PROBLEM
1
PATIENTS
800
STRETCHERS
16
NUM_ROOM
28
NUM_DEPOTS
3
NUM_PRIORITY
4
PRIORITY_LIST
0	1	2	3	4	
PRIORITY_WEIGHT
0	1	10	18	30	
PRIORITY_JOB
0	2	3	1	3	3	2	3	2	3	2	2	3	4	3	3	3	4	1	2	3	4	3	3	2	3	1	2	2	3	4	3	4	1	2	3	4	2	3	2	3	1	2	3	3	4	3	2	3	4	2	3	3	3	3	2	3	1	2	3	1	1	1	2	1	2	3	4	4	4	3	3	2	1	2	3	2	1	1	1	1	2	4	3	4	2	2	3	3	1	1	2	2	1	1	2	1	3	1	2	3	3	2	3	4	1	2	4	2	1	2	1	1	3	3	1	2	3	2	3	4	1	3	2	1	2	2	1	1	3	4	1	3	3	2	3	4	1	2	3	1	2	2	1	1	1	3	4	2	3	4	3	2	1	1	2	3	1	2	2	1	1	2	3	3	3	3	3	2	3	2	3	4	1	2	1	1	1	1	2	2	4	3	3	4	3	3	1	2	1	1	2	2	2	3	1	3	3	3	4	3	3	4	1	1	2	1	1	2	2	3	4	1	2	3	3	3	1	2	1	3	2	2	1	1	2	2	3	1	3	2	3	4	3	2	3	1	1	2	1	2	3	2	3	4	4	2	3	1	1	2	1	1	1	2	2	1	3	1	3	3	3	4	3	2	3	4	1	1	2	1	1	2	2	3	1	2	4	3	3	2	3	3	2	3	1	1	2	1	2	4	1	2	4	3	3	4	2	3	2	3	1	2	1	1	1	2	3	3	3	3	4	3	1	3	4	2	1	2	1	1	1	2	3	1	2	3	4	3	2	2	3	1	1	2	1	1	2	4	2	3	3	2	3	4	3	1	2	1	1	2	1	2	3	2	3	3	4	2	3	2	4	1	1	1	1	1	2	1	2	3	2	3	3	3	4	2	3	4	1	1	1	2	1	2	3	2	3	1	4	3	3	2	3	2	3	2	2	1	1	1	3	2	2	1	4	3	3	2	4	2	3	2	1	2	1	3	3	1	2	4	3	3	3	4	3	2	3	1	1	2	1	1	4	1	2	3	2	3	3	3	1	2	1	2	1	2	2	1	1	3	2	3	2	3	4	3	4	1	2	2	1	1	2	2	1	2	3	3	4	2	3	3	3	1	1	1	1	1	2	2	3	3	2	4	1	3	2	3	3	4	1	1	1	2	1	2	2	3	1	4	3	3	2	3	2	3	2	2	1	1	1	2	3	1	2	4	3	3	2	3	2	3	1	2	1	1	3	4	1	2	3	3	4	3	2	3	2	3	2	1	2	1	1	4	1	2	3	3	4	3	3	1	2	1	2	1	2	1	1	3	2	3	1	2	3	4	3	2	2	3	1	1	2	1	2	1	2	3	1	3	2	3	4	2	3	1	1	1	2	2	1	2	3	4	3	3	3	4	2	1	2	1	3	1	1	2	2	1	2	3	3	3	3	2	3	4	4	2	1	3	1	1	2	1	1	2	2	3	3	2	3	4	3	3	1	2	1	2	1	2	3	2	1	3	3	3	4	3	4	1	1	2	1	1	2	2	3	1	2	3	3	3	2	2	3	1	2	1	2	1	1	2	3	1	2	3	3	4	3	3	2	1	3	1	2	1	2	1	4	1	2	2	3	4	3	3	2	1	3	1	1	2	2	3	1	2	2	3	4	2	1	3	1	1	2	1	1	2	2	4	2	3	3	3	3	2	3	4	4	1	1	2	1	1	1	2	2	3	3	3	3	2	3	4	1	2	3	1	2	1	1	1	2	3	2	1	2	1	1	4	1	2	1	2	2	1	1	1	3	1	2	2	1	1	2	1	4	1	1	1	2	1	2	1	1	2	3	1	1	1	2	2	1	2	3	1	1	2	1	2	
TIME_ASKED
0	28800	28800	28800	28800	28800	28800	28800	28800	28800	28800	28800	28800	28800	28800	28800	28800	29545	29574	29603	29632	29661	29690	29742	29784	29826	29868	29910	29952	29994	30029	30058	30087	30116	30145	30174	30203	30232	30261	30290	30329	30358	30387	30416	30445	30474	30503	30532	30561	30590	30621	30642	30663	30684	30705	30726	30747	30768	30789	30810	30831	30852	30873	30894	30949	30998	31047	31096	31145	31194	31227	31254	31281	31308	31335	31362	31389	31416	31443	31470	31497	31524	31548	31572	31596	31620	31644	31668	31692	31716	31740	31764	31788	31837	31874	31911	31948	31985	32022	32059	32096	32159	32218	32277	32336	32395	32419	32438	32457	32476	32495	32514	32533	32552	32571	32590	32609	32628	32647	32666	32685	32759	32818	32877	32936	32995	33027	33054	33081	33108	33135	33162	33189	33216	33243	33270	33297	33333	33366	33399	33432	33465	33498	33531	33564	33597	33616	33632	33648	33664	33680	33696	33712	33728	33744	33760	33776	33792	33808	33824	33840	33856	33872	33888	33933	33966	33999	34032	34065	34098	34131	34164	34197	34242	34284	34326	34368	34410	34452	34494	34533	34566	34599	34632	34665	34698	34731	34764	34797	34827	34854	34881	34908	34935	34962	34989	35016	35043	35070	35097	35137	35174	35211	35248	35285	35322	35359	35396	35433	35466	35499	35532	35565	35598	35631	35664	35697	35723	35746	35769	35792	35815	35838	35861	35884	35907	35930	35953	35976	35999	36023	36046	36069	36092	36115	36138	36161	36184	36207	36230	36253	36276	36299	36327	36354	36381	36408	36435	36462	36489	36516	36543	36570	36597	36619	36638	36657	36676	36695	36714	36733	36752	36771	36790	36809	36828	36847	36866	36885	36949	36998	37047	37096	37145	37194	37259	37318	37377	37436	37495	37549	37598	37647	37696	37745	37794	37827	37854	37881	37908	37935	37962	37989	38016	38043	38070	38097	38123	38146	38169	38192	38215	38238	38261	38284	38307	38330	38353	38376	38399	38419	38438	38457	38476	38495	38514	38533	38552	38571	38590	38609	38628	38647	38666	38685	38742	38784	38826	38868	38910	38952	38994	39029	39058	39087	39116	39145	39174	39203	39232	39261	39290	39349	39398	39447	39496	39545	39594	39633	39666	39699	39732	39765	39798	39831	39864	39897	39937	39974	40011	40048	40085	40122	40159	40196	40242	40284	40326	40368	40410	40452	40494	40542	40584	40626	40668	40710	40752	40794	40849	40898	40947	40996	41045	41094	41133	41166	41199	41232	41265	41298	41331	41364	41397	41423	41446	41469	41492	41515	41538	41561	41584	41607	41630	41653	41676	41699	41749	41798	41847	41896	41945	41994	42099	42198	42297	42342	42384	42426	42468	42510	42552	42594	42699	42798	42897	42923	42946	42969	42992	43015	43038	43061	43084	43107	43130	43153	43176	43199	43237	43274	43311	43348	43385	43422	43459	43496	43549	43598	43647	43696	43745	43794	43899	43998	44097	44159	44218	44277	44336	44395	44459	44518	44577	44636	44695	44799	44898	44997	45033	45066	45099	45132	45165	45198	45231	45264	45297	45337	45374	45411	45448	45485	45522	45559	45596	45637	45674	45711	45748	45785	45822	45859	45896	45959	46018	46077	46136	46195	46249	46298	46347	46396	46445	46494	46537	46574	46611	46648	46685	46722	46759	46796	46821	46842	46863	46884	46905	46926	46947	46968	46989	47010	47031	47052	47073	47094	47199	47298	47397	47437	47474	47511	47548	47585	47622	47659	47696	47737	47774	47811	47848	47885	47922	47959	47996	48049	48098	48147	48196	48245	48294	48324	48348	48372	48396	48420	48444	48468	48492	48516	48540	48564	48588	48627	48654	48681	48708	48735	48762	48789	48816	48843	48870	48897	48937	48974	49011	49048	49085	49122	49159	49196	49233	49266	49299	49332	49365	49398	49431	49464	49497	49537	49574	49611	49648	49685	49722	49759	49796	49827	49854	49881	49908	49935	49962	49989	50016	50043	50070	50097	50149	50198	50247	50296	50345	50394	50424	50448	50472	50496	50520	50544	50568	50592	50616	50640	50664	50688	50737	50774	50811	50848	50885	50922	50959	50996	51027	51054	51081	51108	51135	51162	51189	51216	51243	51270	51297	51324	51348	51372	51396	51420	51444	51468	51492	51516	51540	51564	51588	51637	51674	51711	51748	51785	51822	51859	51896	51933	51966	51999	52032	52065	52098	52131	52164	52197	52259	52318	52377	52436	52495	52517	52534	52551	52568	52585	52602	52619	52636	52653	52670	52687	52704	52721	52738	52755	52772	52789	52859	52918	52977	53036	53095	53137	53174	53211	53248	53285	53322	53359	53396	53459	53518	53577	53636	53695	53733	53766	53799	53832	53865	53898	53931	53964	53997	54027	54054	54081	54108	54135	54162	54189	54216	54243	54270	54297	54374	54448	54522	54596	54627	54654	54681	54708	54735	54762	54789	54816	54843	54870	54897	55049	55198	55237	55274	55311	55348	55385	55422	55459	55496	55574	55648	55722	55796	55827	55854	55881	55908	55935	55962	55989	56016	56043	56070	56097	56399	56499	56598	56697	56733	56766	56799	56832	56865	56898	56931	56964	56997	57049	57098	57147	57196	57245	57294	57359	57418	57477	57536	57595	
ORIGIN
0	16	6	1	19	7	27	23	1	1	23	2	26	14	14	14	23	14	14	23	14	4	26	16	16	26	16	7	9	14	27	7	23	9	14	23	11	2	23	13	2	23	14	3	2	14	14	14	14	6	27	18	7	27	20	8	18	23	10	2	22	23	2	26	1	3	23	14	14	24	15	5	26	16	7	4	4	26	14	3	14	1	23	11	16	23	14	2	20	20	3	27	27	15	14	1	7	1	18	7	14	20	8	1	14	14	1	27	20	2	14	14	27	14	14	4	24	15	4	26	23	14	14	26	10	2	14	14	3	3	10	2	2	12	2	23	14	16	24	14	15	27	16	14	7	1	7	27	20	8	1	23	10	1	23	11	3	14	14	14	3	3	4	24	15	4	26	16	1	27	19	7	2	14	14	3	27	25	2	23	12	2	23	14	3	23	2	14	27	11	14	1	25	14	27	20	8	14	23	9	2	23	11	2	14	14	14	27	14	14	14	14	4	14	16	5	14	14	7	23	2	14	14	3	14	2	23	12	2	23	14	3	23	14	6	24	27	14	1	25	14	4	19	8	27	23	9	1	14	11	3	2	14	4	27	14	14	27	14	4	26	16	5	26	17	7	1	20	26	14	2	14	14	10	11	2	23	13	3	23	14	4	27	15	4	1	25	14	3	26	15	27	23	8	1	23	10	2	23	12	2	27	14	14	23	14	4	26	16	5	26	16	7	23	9	26	3	14	14	3	9	3	2	23	13	2	23	14	3	20	20	20	1	7	14	3	26	14	14	20	8	1	23	10	2	23	12	2	26	14	14	27	14	23	24	15	5	26	16	7	14	26	8	3	14	14	3	16	20	20	23	13	2	23	14	3	24	14	1	26	1	1	14	26	14	2	20	8	1	23	10	1	23	12	2	23	14	14	27	14	14	27	15	27	26	16	6	27	14	7	27	23	14	3	14	20	2	23	12	2	23	14	3	24	14	4	27	14	14	1	26	14	1	26	27	1	23	10	1	23	11	2	27	14	27	14	14	27	11	24	11	26	16	6	27	19	7	27	22	3	14	17	2	26	27	23	2	23	14	3	23	14	4	27	14	14	1	25	14	1	26	14	27	23	9	26	23	11	2	23	23	2	27	14	14	27	20	14	26	16	5	27	18	7	27	20	8	1	17	2	22	23	14	2	2	14	3	23	14	4	24	15	5	25	14	4	26	26	14	14	23	9	1	23	11	2	23	12	14	4	14	27	15	14	14	27	16	5	26	1	7	27	20	8	14	14	2	27	20	2	2	14	14	3	23	14	4	24	15	4	26	25	14	3	26	14	14	14	8	1	23	10	2	23	12	25	27	14	14	27	15	14	27	11	5	26	16	7	27	20	8	27	14	9	3	14	20	2	14	14	2	23	14	3	24	14	4	26	16	8	26	26	14	3	2	14	1	23	10	2	23	12	2	23	14	27	27	14	14	27	11	3	26	14	7	27	19	8	27	14	9	3	16	20	2	14	14	3	23	14	3	24	14	4	14	14	14	27	1	26	14	2	26	3	14	10	1	23	12	2	23	14	27	23	14	14	27	11	14	1	16	6	27	19	7	27	23	3	26	23	20	2	22	14	5	23	14	3	23	14	4	20	16	1	26	16	14	1	26	14	2	23	9	1	23	11	2	23	13	2	14	14	14	27	11	14	1	27	6	27	18	7	27	21	8	1	23	10	2	22	23	2	23	14	3	14	14	4	25	16	5	26	16	14	5	26	14	27	14	9	1	23	14	2	23	13	27	23	14	14	20	14	1	27	7	5	27	18	7	27	20	8	1	17	10	1	27	23	2	7	14	
DESTINATION
0	14	17	23	22	23	2	26	23	14	27	14	14	4	25	16	1	25	9	4	26	14	3	14	14	3	16	20	14	2	23	13	27	14	5	27	15	14	1	7	14	1	26	14	27	20	8	1	1	17	2	27	20	2	14	14	27	27	14	14	19	7	27	23	14	14	3	26	10	2	14	14	3	14	20	23	23	14	4	26	16	14	27	15	16	27	16	14	7	7	14	23	23	11	2	23	13	23	27	20	3	14	14	14	3	3	14	18	7	27	20	8	18	15	26	14	2	14	14	3	27	2	3	14	14	24	15	5	26	26	14	14	27	11	14	1	25	14	1	26	11	23	16	2	20	23	20	2	14	14	14	27	14	14	1	20	14	20	8	1	14	23	14	2	14	14	3	14	14	2	22	23	24	15	4	26	23	14	14	27	11	14	1	25	14	4	27	2	2	12	2	23	14	3	2	14	14	4	27	14	14	27	15	27	20	8	1	23	10	1	4	26	14	2	14	14	10	16	20	3	24	4	15	26	1	27	27	11	14	1	25	14	3	26	17	2	23	2	23	14	3	23	22	14	2	27	14	14	25	15	14	27	8	14	23	9	2	23	26	14	3	14	14	3	9	20	14	14	14	4	14	16	5	14	20	14	1	7	14	3	26	14	23	14	14	23	14	3	23	14	11	2	26	14	14	27	14	14	27	11	27	23	9	1	4	26	14	3	14	14	3	16	20	27	17	14	26	16	5	26	17	23	27	1	7	14	1	26	14	7	11	11	23	13	3	23	14	4	1	14	14	14	27	14	14	27	11	27	23	8	1	23	10	27	2	14	14	3	14	20	2	14	14	26	16	5	26	16	7	7	27	7	14	1	26	14	1	26	23	3	23	23	2	14	3	24	14	14	14	27	14	14	27	11	27	1	25	1	23	10	2	23	14	23	3	14	17	2	26	23	2	27	5	26	16	7	27	27	11	14	1	25	14	1	26	14	23	2	2	23	14	3	24	14	23	14	27	14	14	27	20	14	2	1	23	10	1	23	12	2	12	3	14	17	2	22	23	2	2	26	16	6	27	14	2	7	14	1	25	14	4	26	14	23	2	2	23	14	3	24	14	4	2	27	14	14	27	15	14	27	27	14	23	10	1	23	11	2	3	14	14	2	27	20	2	14	14	14	6	27	19	7	4	27	22	25	14	3	26	14	2	14	14	14	3	23	14	14	4	25	27	14	14	27	15	14	27	11	16	14	9	23	11	2	2	23	14	14	3	14	20	2	14	14	16	5	27	18	7	27	27	20	8	14	3	26	14	2	14	14	3	14	3	23	14	4	26	15	14	14	27	14	14	27	11	14	23	9	1	23	11	2	23	12	14	3	16	20	2	14	14	3	5	14	26	1	7	27	20	8	14	1	26	14	2	26	14	3	14	14	14	14	4	23	24	4	14	27	14	14	27	11	14	1	25	23	23	10	2	23	12	26	3	20	20	2	22	14	2	5	14	26	16	7	27	20	8	27	1	26	14	1	26	14	4	2	2	2	23	14	3	24	14	26	16	14	14	27	11	14	1	25	23	3	10	2	23	12	2	23	14	17	2	22	23	2	27	26	3	27	7	27	19	8	14	1	25	14	5	26	14	14	14	23	3	16	3	24	14	4	14	27	14	14	27	20	14	1	7	14	10	26	1	23	12	2	23	23	17	2	27	23	2	7	14	14	27	14	27	19	7	27	1	25	14	2	26	14	14	14	14	3	14	3	23	14	4	23	16	14	14	27	9	14	27	7	23	1	26	1	11	2	23	23	13	14	2	27	20	2	14	14	14	6	14	14	18	7	27	21	8	
DUE_DATE
0	30427	29996	31245	30094	30143	30672	30247	30776	30345	30874	30923	30492	29987	30556	30585	30614	30103	31872	31181	30730	30219	30788	30840	31362	30924	32166	31488	31530	31092	30587	31156	30645	32414	31723	31272	30761	31810	31359	31868	31427	32656	31965	31514	31543	31032	31601	32110	31659	31148	32199	31740	31761	31782	31803	32304	31845	33066	32367	31908	33129	33150	33171	32472	33247	32576	32145	31654	31703	31752	32325	32352	32859	33606	32913	32460	32967	33714	33741	33768	33795	33102	32106	32670	32154	33198	33222	32766	32790	34014	34038	33342	33366	34135	34172	33489	34246	33083	34320	33637	33194	33257	33796	33375	32894	34693	33997	32996	34035	34774	34073	34812	34831	33650	33669	34888	34187	33726	34225	33764	33243	35057	33916	34455	35234	34573	34605	35352	35379	34206	33693	35460	34287	34314	34821	34368	33855	35631	34944	34497	35730	35043	35076	35829	35862	35895	34714	34190	35226	34762	34238	34794	35290	36026	36042	35338	34874	36090	35386	35402	36138	36154	35450	34986	35031	35064	35097	35130	35643	35196	35709	35262	34755	36540	35862	36624	36666	36708	36750	36072	36111	35124	35697	35730	35223	35796	35829	37062	36375	37125	37152	36459	36486	36513	36060	37287	36114	36141	36168	35655	36235	36272	35769	37546	37583	36900	37657	37694	37011	37044	36597	36090	37863	37176	36729	36762	36795	38021	37324	38067	36890	37393	37416	38159	38182	37485	37508	37051	38274	37097	37601	37144	36627	37190	37693	37236	38459	38482	37785	38528	37831	37374	37877	37425	36912	36939	37986	37533	38760	38787	38094	38841	38868	38895	38197	38216	38955	37774	38993	37812	37831	37850	37329	37888	38387	37926	37405	39164	39183	38527	39296	39345	38674	38723	38292	39557	38896	37935	38534	38593	39127	38696	38745	39274	38843	40092	40125	39432	40179	39486	38493	40260	39567	38574	39141	39168	38655	39701	39244	39747	39290	40513	39816	40559	40582	40605	39908	39451	39474	39497	39517	38996	39555	40774	39593	39072	40111	40850	40149	40888	40907	40926	40225	39764	40983	40320	39882	39384	39966	40488	40530	40092	41327	41356	40665	41414	41443	40752	39761	40810	40359	40388	40927	40496	40005	40594	41843	41172	41931	41964	41277	42030	41343	40896	41409	40962	40995	40495	41552	41109	41626	40643	42420	42457	42494	42540	42582	41904	42666	41988	41550	42072	41640	41682	41724	41226	42288	41850	41352	43147	43196	43245	42574	43343	42672	42231	42744	42297	43530	41823	42396	42429	42942	42495	43001	42544	43047	43070	43813	43836	43859	42682	43185	43208	43951	42234	42797	42847	43376	42405	43474	43043	43572	44397	43776	44595	43440	43482	44724	44046	43068	43650	43692	43797	43356	43995	44501	44044	45267	45290	44593	45336	45359	43642	45405	44708	44251	44754	44297	44335	44372	45609	44926	45683	45000	45757	45074	45127	45896	45945	44794	45323	44892	45477	45096	44655	45257	44776	46575	45914	45973	46757	46816	46155	46214	46993	46377	45996	46095	45591	46644	46197	46230	46263	47496	47529	47562	47595	47635	46952	46989	46546	46583	47100	46117	47894	46735	47252	46809	46846	46343	48120	48157	48194	47537	48316	47655	47714	47293	48547	46856	47445	47494	48023	47592	48115	47672	48189	48226	48983	49020	49057	48374	47919	49140	48441	47442	48003	48024	48525	48066	48567	48108	49329	48630	49371	49392	48297	47856	49695	49015	48572	48609	48106	48683	49200	48757	49274	48835	49352	50109	49426	50183	50220	48517	50294	49627	49196	49245	48754	49343	49392	50622	49926	50670	49974	50718	50022	50766	50790	49614	50118	49662	50886	50205	49752	49239	49806	50313	50340	49887	51114	51141	50448	51195	50515	51272	50589	50146	51383	50220	50737	50294	49791	50844	50397	51630	51663	51696	51009	51042	51795	51115	50672	50169	50746	50783	50820	50317	51374	52125	51432	52179	51006	52233	52260	51567	51594	52341	51648	51195	51247	51296	51345	51874	51443	50952	50982	52026	52770	51594	52818	52842	52146	52890	52914	52218	52242	51786	51835	52352	51909	51406	51983	52020	53257	52574	53325	52632	53379	52686	52233	52740	53487	52314	52341	52368	51855	52422	51906	53670	53694	52998	53742	53766	53070	53094	52638	53862	53166	52735	52772	52809	53326	53363	52920	54157	53474	54231	53544	54297	54330	53643	53196	54429	53742	53295	53357	52876	53475	53534	54073	54815	53632	54849	54146	54883	54180	54917	53194	54951	54248	54265	53802	53279	53836	53853	54350	55087	53957	55216	55275	54614	54673	54235	55472	54789	54826	54383	53880	54937	55694	54557	55816	55875	55214	55993	56031	55344	55377	54390	55443	54996	55029	55062	55095	55605	55152	54639	54666	56433	56460	55767	56514	56541	56568	55875	55952	55546	55620	55694	55725	56232	55779	55266	57033	56340	55887	57114	56421	57168	57195	57347	56776	56335	56852	57609	56926	57683	57720	56017	57794	57152	57946	57300	57374	58125	58152	58179	57006	58233	57540	57567	58314	58341	57648	58395	56957	58797	58896	58995	58311	59064	58377	59130	59163	58476	58029	59262	59295	59347	58676	58725	59494	58823	58392	59657	59716	59055	59834	59173	
TRANSPORT_MODE
0	4	4	2	0	0	0	0	4	4	4	0	0	0	0	0	4	4	4	0	0	0	0	0	2	4	4	2	0	0	0	0	4	1	2	0	0	0	0	0	1	4	4	2	0	0	0	0	0	4	4	1	0	0	0	0	0	4	4	2	0	0	0	0	0	4	4	4	0	0	0	0	0	4	4	4	0	0	0	0	2	4	4	0	0	0	0	0	0	3	4	4	0	0	0	0	0	2	4	4	4	0	0	0	0	3	4	4	0	0	0	0	0	0	4	4	4	0	0	0	0	3	4	4	0	0	0	0	0	4	4	4	0	0	0	0	0	3	4	4	0	0	0	0	0	4	4	1	0	0	0	0	0	4	3	1	4	0	0	0	0	2	4	1	0	0	0	0	0	0	4	4	4	0	0	0	0	0	1	2	1	0	0	0	0	4	4	4	0	0	0	0	0	4	2	1	0	0	0	0	0	4	4	1	0	0	0	0	0	4	1	2	4	0	0	0	0	0	4	3	1	0	0	0	0	0	4	4	4	0	0	0	0	0	4	1	3	0	0	0	0	0	4	4	1	0	0	0	0	4	4	3	0	0	0	0	0	1	4	4	0	0	0	0	0	0	4	4	3	4	0	0	0	0	4	1	2	0	0	0	0	0	4	4	1	0	0	0	0	0	1	4	2	0	0	0	0	0	4	4	1	0	0	0	0	4	4	2	0	0	0	0	0	1	4	1	0	0	0	0	0	4	1	2	4	0	0	0	0	0	1	4	3	0	0	0	0	0	1	4	4	0	0	0	0	0	1	4	3	0	0	0	0	4	1	1	0	0	0	0	0	4	4	3	0	0	0	0	0	1	4	1	0	0	0	0	0	1	4	4	3	0	0	0	0	0	4	4	2	0	0	0	0	0	4	4	1	0	0	0	0	1	1	0	1	0	0	0	0	2	1	4	0	0	0	0	0	4	1	2	0	0	0	0	0	4	1	1	0	0	0	0	0	4	4	1	2	0	0	0	0	4	1	3	0	0	0	0	0	0	4	1	4	0	0	0	0	1	1	1	0	0	0	0	0	3	1	4	0	0	0	0	0	4	4	3	0	0	0	0	1	0	4	4	0	0	0	0	0	1	4	1	3	0	0	0	0	1	1	2	0	0	0	0	0	1	1	4	0	0	0	0	0	1	4	2	0	0	0	0	1	1	4	0	0	0	0	0	4	4	2	0	0	0	0	0	1	1	1	0	0	0	0	0	1	1	4	2	0	0	0	0	1	1	3	0	0	0	0	0	1	1	2	1	0	0	0	0	0	4	1	3	0	0	0	0	0	4	4	1	0	0	0	0	1	1	3	0	0	0	0	0	4	1	1	0	0	0	0	0	1	1	3	1	0	0	0	0	4	1	2	0	0	0	0	0	0	1	1	3	4	0	0	0	0	1	4	2	0	0	0	0	0	1	1	1	0	0	0	0	1	2	1	0	0	0	0	0	1	1	4	0	0	0	0	0	1	1	2	1	0	0	0	0	0	1	3	4	0	0	0	0	0	1	1	2	4	0	0	0	0	1	3	1	0	0	0	0	0	1	1	1	0	0	0	0	0	1	3	1	0	0	0	0	1	1	1	0	0	0	0	0	1	3	1	1	0	0	0	0	1	2	1	0	0	0	0	0	0	4	3	1	1	0	0	0	0	1	2	1	0	0	0	0	0	1	1	1	0	0	0	0	3	1	1	0	0	0	0	0	1	1	1	0	0	0	0	0	3	1	1	1	0	0	0	0	3	1	1	0	0	0	0	0	0	3	1	1	1	0	0	0	0	3	1	1	0	0	0	0	0	
DISTANCE_MATRIX
60	360	318	300	288	276	264	264	150	150	150	60	90	90	162	168	204	228	234	312	360	408	348	318	168	192	168	318	
360	60	264	318	324	342	342	342	348	348	354	360	372	378	378	420	420	480	462	498	462	462	384	420	372	420	378	378	
318	264	60	270	276	288	288	288	294	294	294	318	318	324	324	414	414	468	462	486	462	462	330	366	366	408	372	324	
300	318	270	60	276	288	288	288	288	288	288	300	300	312	318	408	408	468	462	486	438	438	318	360	360	402	360	312	
288	324	276	276	60	276	276	276	276	276	276	288	288	300	300	402	396	462	456	480	432	432	300	360	360	402	348	300	
276	342	288	288	276	60	180	180	252	258	264	264	264	288	288	390	390	456	450	480	432	432	288	348	348	348	288	288	
264	342	288	288	276	180	60	180	246	258	264	264	264	288	288	390	390	456	450	480	432	432	288	348	348	348	288	288	
264	342	288	288	276	180	180	60	240	258	264	264	264	288	288	390	390	456	450	480	432	432	288	348	348	348	288	288	
150	348	294	288	276	252	246	240	60	120	120	150	126	270	270	378	384	420	438	480	420	408	276	300	300	300	276	270	
150	348	294	288	276	258	258	258	120	60	120	150	150	270	270	378	384	420	438	480	420	408	276	300	300	300	276	270	
150	354	294	288	276	264	264	264	120	120	60	150	150	270	270	378	384	420	438	480	420	408	276	300	300	300	276	270	
60	360	318	300	288	264	264	264	150	150	150	60	90	162	168	228	234	312	360	408	348	318	168	192	192	198	168	162	
90	372	318	300	288	264	264	264	150	150	150	90	60	162	168	228	234	312	360	408	348	318	168	192	192	198	168	162	
90	378	324	312	300	288	288	288	270	270	270	162	162	60	120	180	180	306	210	360	300	300	120	180	120	180	120	234	
162	378	324	318	300	288	288	288	270	270	270	168	168	120	60	180	180	306	210	360	300	300	120	180	120	180	120	120	
168	420	414	408	402	348	348	348	300	300	300	228	228	180	180	60	132	204	132	348	258	258	186	60	180	132	222	180	
204	420	414	408	396	390	390	390	384	384	384	234	234	180	180	132	60	204	132	348	258	258	186	60	180	132	222	180	
228	480	468	468	462	456	456	456	420	420	420	312	312	306	306	204	204	60	198	120	240	240	306	204	306	138	306	306	
234	462	462	462	456	450	450	450	438	438	438	360	360	210	210	132	132	198	60	138	132	132	210	132	210	132	210	210	
312	498	486	486	480	480	480	480	480	480	480	408	408	360	360	348	348	120	138	60	348	348	360	348	360	348	360	360	
360	462	462	438	432	432	432	432	420	420	420	348	348	300	300	258	258	240	132	348	60	60	300	258	300	258	300	300	
408	462	462	438	432	432	432	432	408	408	408	318	318	300	300	258	258	240	132	348	60	60	300	258	300	258	300	300	
348	384	330	318	300	288	288	288	276	276	276	168	168	120	120	186	186	306	210	360	300	300	60	186	120	186	120	120	
318	420	366	360	360	348	348	348	300	300	300	192	192	180	180	60	60	204	132	348	258	258	186	60	180	60	180	180	
168	372	300	306	300	288	288	288	270	270	270	168	168	120	120	180	180	306	210	360	300	300	120	180	60	180	120	120	
192	420	408	402	402	348	348	348	300	300	300	198	198	180	180	132	132	138	132	348	258	258	186	60	180	60	180	180	
168	378	372	360	348	288	288	288	276	276	276	168	168	120	120	222	222	306	210	360	300	300	120	180	120	180	60	120	
318	378	324	312	300	288	288	288	270	270	270	162	162	234	120	180	180	306	210	360	300	300	120	180	120	180	120	60	
DEPOT_DISTANCE_MATRIX
60	360	318	300	288	276	264	264	150	150	150	60	90	90	162	168	204	228	234	312	360	408	348	318	168	192	168	318	
162	378	324	318	300	288	288	288	270	270	270	168	168	120	60	180	180	306	210	360	300	300	120	180	120	180	120	120	
318	420	366	360	360	348	348	348	300	300	300	192	192	180	180	60	60	204	132	348	258	258	186	60	180	60	180	180	
PATIENT_WEIGHT
118	109	77	109	98	70	98	72	64	110	61	94	127	33	69	76	30	107	38	46	37	73	121	47	99	85	106	140	77	83	81	67	49	71	31	41	135	136	57	71	80	109	108	88	60	117	146	71	107	122	118	138	85	53	142	130	123	113	55	120	133	101	43	63	58	126	53	138	76	107	34	148	122	69	114	137	67	147	110	148	71	64	127	111	79	131	37	67	113	75	76	76	142	118	129	62	40	50	97	144	36	102	134	44	92	127	139	72	133	99	71	87	132	88	65	102	92	136	108	148	100	80	122	136	146	96	74	75	86	132	42	148	123	64	140	67	66	62	137	64	123	131	71	149	133	49	76	108	78	138	81	86	38	113	60	111	81	134	143	101	94	109	87	131	54	35	84	102	145	148	114	95	89	83	122	61	123	79	117	55	124	55	113	145	30	83	74	74	88	81	79	145	44	93	52	109	71	47	40	81	73	130	117	67	44	76	129	69	86	44	127	80	70	42	57	52	70	61	113	69	108	121	57	126	148	60	54	129	88	82	126	128	83	86	106	102	96	77	43	75	115	119	93	41	127	35	53	57	107	146	47	147	83	82	92	87	51	36	126	64	121	141	60	125	138	81	70	48	117	126	65	149	104	140	79	64	53	100	137	111	80	125	112	146	128	86	45	112	43	54	30	118	131	47	110	150	56	53	98	68	113	108	107	83	86	48	33	103	36	62	54	93	142	53	116	113	93	44	91	58	84	138	59	104	65	82	38	61	88	116	113	69	131	92	145	72	105	33	147	109	50	92	49	133	106	78	92	95	44	103	110	66	96	54	82	37	113	149	124	93	50	99	39	47	150	101	98	50	59	63	79	64	118	70	34	51	121	67	132	149	92	51	150	65	86	97	128	105	72	70	86	55	82	78	141	61	79	147	74	115	124	59	60	124	146	70	117	41	32	143	91	36	48	81	132	33	127	49	58	97	69	101	53	124	69	58	57	62	33	96	77	86	128	109	133	121	106	83	33	41	57	51	119	52	59	139	49	79	138	111	150	73	77	110	31	85	47	130	116	74	96	59	66	142	146	122	46	42	96	86	66	135	110	83	92	53	140	67	78	43	78	89	32	148	46	98	57	33	91	42	51	102	117	121	40	49	122	103	131	119	122	68	118	136	39	109	78	137	147	144	87	52	111	85	130	135	54	117	62	66	37	54	122	123	74	102	94	147	147	103	70	114	99	111	133	108	141	126	57	142	60	86	131	136	117	33	32	104	120	144	89	64	49	149	61	118	97	135	99	82	92	113	73	44	78	86	106	51	80	144	50	92	85	117	96	62	80	36	87	110	38	36	132	77	139	50	33	146	40	124	90	38	63	87	91	150	79	41	85	142	54	59	70	144	107	137	37	134	105	61	82	92	103	131	136	115	121	47	129	92	98	32	148	145	31	79	85	110	30	66	48	138	70	31	97	105	99	104	93	124	147	56	51	108	118	141	32	106	57	129	54	30	62	121	83	70	127	42	128	123	129	91	135	126	44	93	64	146	35	99	108	100	75	112	110	112	48	102	138	136	114	138	44	60	54	39	109	96	98	112	44	114	135	104	147	116	138	118	47	73	69	42	80	82	113	135	150	149	94	129	65	42	136	133	99	83	34	82	46	94	63	43	99	30	138	87	147	79	34	147	80	84	145	130	94	65	111	56	60	80	67	36	50	48	132	150	59	73	139	111	107	103	113	66	48	58	83	124	118	96	50	69	36	77	48	135	64	117	68	36	50	46	63	123	133	60	118	80	88	122	132	39	133	113	78	129	126	56	116	58	48	76	94	93	88	143	62	118	120	62	105	
LOCATION_TURN_MATRIX
100	130	122	113	112	199	136	122	129	152	173	146	151	136	158	140	176	113	122	167	194	134	110	172	114	184	100	147	
170	100	154	188	164	169	136	136	152	170	104	183	155	115	101	104	155	187	174	115	149	134	178	168	114	135	168	102	
178	146	100	161	178	114	104	165	117	139	126	169	192	109	120	179	160	152	154	134	113	140	154	179	196	196	192	181	
187	112	139	100	158	114	195	181	104	132	195	106	183	169	132	170	140	136	172	148	116	110	123	136	151	120	176	169	
188	136	122	142	100	175	164	159	112	100	167	164	135	191	132	181	104	123	142	156	108	117	193	182	116	147	156	185	
101	131	186	186	125	100	190	147	164	150	137	102	145	176	185	131	113	108	117	186	118	151	140	178	154	189	172	110	
164	164	196	105	136	110	100	186	153	151	183	193	111	157	144	123	188	142	110	163	105	190	166	187	170	171	186	126	
178	164	135	119	141	153	114	100	106	130	108	103	151	178	122	151	130	133	184	177	110	141	166	110	122	174	191	197	
171	148	183	196	188	136	147	194	100	167	100	146	168	129	128	142	172	118	174	147	105	158	156	160	120	106	119	136	
148	130	161	168	200	150	149	170	133	100	177	106	175	116	188	180	176	194	108	146	130	187	183	173	128	141	169	176	
127	196	174	105	133	163	117	192	200	123	100	171	175	140	183	115	104	186	128	153	151	175	100	146	191	117	132	197	
154	117	131	194	136	198	107	197	154	194	129	100	136	184	140	147	172	184	148	131	103	156	185	200	152	158	154	143	
149	145	108	117	165	155	189	149	132	125	125	164	100	140	199	142	101	144	163	185	117	191	200	143	113	165	102	154	
164	185	191	131	109	124	143	122	171	184	160	116	160	100	109	116	196	113	131	186	166	139	183	175	144	161	105	170	
142	199	180	168	168	115	156	178	172	112	117	160	101	191	100	147	177	177	199	158	172	188	164	175	180	168	154	195	
160	196	121	130	119	169	177	149	158	120	185	153	158	184	153	100	152	159	197	157	181	159	102	123	168	200	124	186	
124	145	140	160	196	187	112	170	128	124	196	128	199	104	123	148	100	149	114	112	117	135	105	132	138	180	198	156	
187	113	148	164	177	192	158	167	182	106	114	116	156	187	123	141	151	100	166	132	168	163	159	123	129	173	161	116	
178	126	146	128	158	183	190	116	126	192	172	152	137	169	101	103	186	134	100	184	199	137	130	160	148	113	140	150	
133	185	166	152	144	114	137	123	153	154	147	169	115	114	142	143	188	168	116	100	111	195	128	157	191	164	141	171	
106	151	187	184	192	182	195	190	195	170	149	197	183	134	128	119	183	132	101	189	100	129	151	163	147	166	104	177	
166	166	160	190	183	149	110	159	142	113	125	144	109	161	112	141	165	137	163	105	171	100	101	185	169	129	103	197	
190	122	146	177	107	160	134	134	144	117	200	115	100	117	136	198	195	141	170	172	149	199	100	106	150	116	118	145	
128	132	121	164	118	122	113	190	140	127	154	100	157	125	125	177	168	177	140	143	137	115	194	100	128	167	115	155	
186	186	104	149	184	146	130	178	180	172	109	148	187	156	120	132	162	171	152	109	153	131	150	172	100	155	124	184	
116	165	104	180	153	111	129	126	194	159	183	142	135	139	132	100	120	127	187	136	134	171	184	133	145	100	129	192	
200	132	108	124	144	128	114	109	181	131	168	146	198	195	146	176	102	139	160	159	196	197	182	185	176	171	100	146	
153	198	119	131	115	190	174	103	164	124	103	157	146	130	105	114	144	184	150	129	123	103	155	145	116	108	154	100	

