INDEX_PROBLEM
1
PATIENTS
800
STRETCHERS
16
NUM_ROOM
28
NUM_DEPOTS
3
NUM_PRIORITY
4
PRIORITY_LIST
0	1	2	3	4	
PRIORITY_WEIGHT
0	1	10	18	30	
PRIORITY_JOB
0	2	3	2	3	4	3	4	3	4	4	1	4	4	3	4	3	4	2	4	4	4	3	4	4	1	3	4	4	4	3	4	4	2	4	3	4	3	4	4	3	1	3	3	4	4	4	4	4	4	2	3	3	4	4	4	4	1	4	2	1	2	1	2	1	4	1	3	3	4	3	4	1	4	2	2	2	1	2	1	4	4	1	3	4	4	3	4	1	3	4	2	3	1	2	1	2	3	4	4	4	4	3	4	1	1	3	4	2	3	1	2	4	4	2	3	4	4	3	4	3	2	4	2	1	2	2	1	4	3	4	4	3	4	4	3	2	4	1	2	1	2	1	3	4	2	4	4	4	3	4	2	3	4	1	3	1	2	1	2	3	4	4	2	4	4	4	3	3	3	1	4	1	2	1	2	2	4	2	3	4	4	3	4	2	1	4	2	1	2	1	2	1	4	1	3	3	4	4	3	1	4	4	2	3	1	2	1	4	2	3	1	4	4	3	4	3	1	4	4	2	3	1	2	4	2	3	4	4	4	3	4	4	2	1	4	2	3	1	2	1	3	4	2	3	3	4	4	3	2	4	1	3	2	1	1	2	4	4	2	4	4	4	4	3	3	1	3	2	1	2	1	2	4	4	2	3	4	4	4	4	3	4	1	2	1	2	1	2	2	4	2	3	4	3	4	3	4	1	2	4	1	2	1	2	1	1	3	4	3	4	4	3	1	4	2	2	3	1	2	1	4	3	1	3	3	4	4	3	4	4	1	4	2	2	3	1	2	3	4	2	4	4	4	3	4	4	1	2	3	1	2	3	1	4	2	4	4	3	3	4	4	1	3	4	2	1	2	1	2	2	3	4	3	4	3	4	4	1	3	4	3	1	2	1	2	4	2	3	4	3	4	4	4	4	1	1	2	3	1	2	1	2	3	4	3	4	4	4	3	2	1	2	4	1	2	3	1	1	1	3	4	3	4	4	3	1	2	3	2	2	1	2	1	4	1	3	4	3	4	4	3	1	4	2	3	2	3	1	2	4	4	1	2	4	4	4	3	4	1	4	2	3	1	3	2	1	4	2	4	4	3	3	4	4	1	3	4	2	1	2	1	4	2	3	3	4	3	4	4	2	1	3	4	3	1	2	1	4	2	3	3	4	4	4	4	2	1	4	1	3	1	2	1	2	2	2	3	4	3	4	4	4	1	2	4	1	2	3	1	1	4	1	1	3	4	4	3	3	4	2	2	2	1	2	1	3	1	3	4	3	4	4	3	1	4	4	2	3	1	2	1	4	2	3	4	4	4	4	3	4	1	1	2	4	2	1	2	2	3	4	4	4	3	4	3	4	2	4	1	1	1	1	2	3	4	2	3	4	3	4	4	3	4	1	2	1	2	1	2	3	4	2	3	4	4	4	4	3	4	1	3	1	2	1	2	2	4	2	3	3	4	4	4	1	4	2	3	1	2	1	1	4	1	3	3	4	3	4	2	1	4	2	1	2	1	2	1	3	4	1	3	4	4	3	1	3	4	2	3	1	2	1	4	2	3	4	4	4	4	3	4	1	1	2	4	2	1	2	3	2	3	4	4	4	3	4	4	2	4	1	1	1	1	2	3	4	2	3	4	3	4	4	3	4	1	2	1	2	1	2	3	4	2	3	4	4	4	3	3	3	4	1	1	2	1	2	2	4	2	3	4	4	4	4	1	4	2	1	2	3	1	1	4	1	1	1	2	2	1	3	4	2	2	1	2	3	1	2	4	1	3	1	2	1	2	1	4	4	1	1	2	1	2	1	2	3	4	2	1	2	3	1	1	1	2	4	2	1	2	3	
TIME_ASKED
0	28800	28800	28800	28800	28800	28800	28800	28800	28800	28800	28800	28800	28800	28800	28800	28800	29545	29574	29603	29632	29661	29690	29742	29784	29826	29868	29910	29952	29994	30029	30058	30087	30116	30145	30174	30203	30232	30261	30290	30329	30358	30387	30416	30445	30474	30503	30532	30561	30590	30621	30642	30663	30684	30705	30726	30747	30768	30789	30810	30831	30852	30873	30894	30949	30998	31047	31096	31145	31194	31227	31254	31281	31308	31335	31362	31389	31416	31443	31470	31497	31524	31548	31572	31596	31620	31644	31668	31692	31716	31740	31764	31788	31837	31874	31911	31948	31985	32022	32059	32096	32159	32218	32277	32336	32395	32419	32438	32457	32476	32495	32514	32533	32552	32571	32590	32609	32628	32647	32666	32685	32759	32818	32877	32936	32995	33027	33054	33081	33108	33135	33162	33189	33216	33243	33270	33297	33333	33366	33399	33432	33465	33498	33531	33564	33597	33616	33632	33648	33664	33680	33696	33712	33728	33744	33760	33776	33792	33808	33824	33840	33856	33872	33888	33933	33966	33999	34032	34065	34098	34131	34164	34197	34242	34284	34326	34368	34410	34452	34494	34533	34566	34599	34632	34665	34698	34731	34764	34797	34827	34854	34881	34908	34935	34962	34989	35016	35043	35070	35097	35137	35174	35211	35248	35285	35322	35359	35396	35433	35466	35499	35532	35565	35598	35631	35664	35697	35723	35746	35769	35792	35815	35838	35861	35884	35907	35930	35953	35976	35999	36023	36046	36069	36092	36115	36138	36161	36184	36207	36230	36253	36276	36299	36327	36354	36381	36408	36435	36462	36489	36516	36543	36570	36597	36619	36638	36657	36676	36695	36714	36733	36752	36771	36790	36809	36828	36847	36866	36885	36949	36998	37047	37096	37145	37194	37259	37318	37377	37436	37495	37549	37598	37647	37696	37745	37794	37827	37854	37881	37908	37935	37962	37989	38016	38043	38070	38097	38123	38146	38169	38192	38215	38238	38261	38284	38307	38330	38353	38376	38399	38419	38438	38457	38476	38495	38514	38533	38552	38571	38590	38609	38628	38647	38666	38685	38742	38784	38826	38868	38910	38952	38994	39029	39058	39087	39116	39145	39174	39203	39232	39261	39290	39349	39398	39447	39496	39545	39594	39633	39666	39699	39732	39765	39798	39831	39864	39897	39937	39974	40011	40048	40085	40122	40159	40196	40242	40284	40326	40368	40410	40452	40494	40542	40584	40626	40668	40710	40752	40794	40849	40898	40947	40996	41045	41094	41133	41166	41199	41232	41265	41298	41331	41364	41397	41423	41446	41469	41492	41515	41538	41561	41584	41607	41630	41653	41676	41699	41749	41798	41847	41896	41945	41994	42099	42198	42297	42342	42384	42426	42468	42510	42552	42594	42699	42798	42897	42923	42946	42969	42992	43015	43038	43061	43084	43107	43130	43153	43176	43199	43237	43274	43311	43348	43385	43422	43459	43496	43549	43598	43647	43696	43745	43794	43899	43998	44097	44159	44218	44277	44336	44395	44459	44518	44577	44636	44695	44799	44898	44997	45033	45066	45099	45132	45165	45198	45231	45264	45297	45337	45374	45411	45448	45485	45522	45559	45596	45637	45674	45711	45748	45785	45822	45859	45896	45959	46018	46077	46136	46195	46249	46298	46347	46396	46445	46494	46537	46574	46611	46648	46685	46722	46759	46796	46821	46842	46863	46884	46905	46926	46947	46968	46989	47010	47031	47052	47073	47094	47199	47298	47397	47437	47474	47511	47548	47585	47622	47659	47696	47737	47774	47811	47848	47885	47922	47959	47996	48049	48098	48147	48196	48245	48294	48324	48348	48372	48396	48420	48444	48468	48492	48516	48540	48564	48588	48627	48654	48681	48708	48735	48762	48789	48816	48843	48870	48897	48937	48974	49011	49048	49085	49122	49159	49196	49233	49266	49299	49332	49365	49398	49431	49464	49497	49537	49574	49611	49648	49685	49722	49759	49796	49827	49854	49881	49908	49935	49962	49989	50016	50043	50070	50097	50149	50198	50247	50296	50345	50394	50424	50448	50472	50496	50520	50544	50568	50592	50616	50640	50664	50688	50737	50774	50811	50848	50885	50922	50959	50996	51027	51054	51081	51108	51135	51162	51189	51216	51243	51270	51297	51324	51348	51372	51396	51420	51444	51468	51492	51516	51540	51564	51588	51637	51674	51711	51748	51785	51822	51859	51896	51933	51966	51999	52032	52065	52098	52131	52164	52197	52259	52318	52377	52436	52495	52517	52534	52551	52568	52585	52602	52619	52636	52653	52670	52687	52704	52721	52738	52755	52772	52789	52859	52918	52977	53036	53095	53137	53174	53211	53248	53285	53322	53359	53396	53459	53518	53577	53636	53695	53733	53766	53799	53832	53865	53898	53931	53964	53997	54027	54054	54081	54108	54135	54162	54189	54216	54243	54270	54297	54374	54448	54522	54596	54627	54654	54681	54708	54735	54762	54789	54816	54843	54870	54897	55049	55198	55237	55274	55311	55348	55385	55422	55459	55496	55574	55648	55722	55796	55827	55854	55881	55908	55935	55962	55989	56016	56043	56070	56097	56399	56499	56598	56697	56733	56766	56799	56832	56865	56898	56931	56964	56997	57049	57098	57147	57196	57245	57294	57359	57418	57477	57536	57595	
ORIGIN
0	16	6	25	14	7	27	23	23	1	23	14	14	14	14	14	23	14	14	14	23	4	26	16	2	14	16	9	14	27	7	7	1	9	14	14	11	2	23	4	27	2	14	20	2	14	14	26	14	6	27	18	7	27	20	8	9	14	10	2	3	23	2	26	7	5	23	26	26	24	15	14	26	27	7	9	7	14	3	14	14	7	23	14	16	23	14	14	16	3	4	5	5	15	14	1	14	5	18	26	7	20	8	1	16	7	1	27	20	2	14	14	14	14	14	4	24	14	4	26	14	26	23	25	14	2	14	26	26	14	10	2	14	14	2	14	16	16	23	9	16	27	16	4	4	14	14	27	20	11	1	4	4	14	14	14	20	14	14	14	14	20	20	24	15	4	20	16	8	20	4	26	2	3	14	14	4	14	14	23	12	24	24	14	4	14	14	14	14	1	25	14	1	14	14	20	8	16	23	9	14	5	20	3	2	14	15	14	14	14	14	14	4	27	16	5	14	7	7	7	14	14	14	14	14	14	14	25	2	23	14	3	1	14	26	4	11	11	2	2	25	23	14	8	27	23	14	23	16	14	16	14	16	14	16	27	14	16	26	7	26	14	11	26	16	4	26	14	14	2	14	14	16	14	23	23	23	13	3	23	4	4	16	26	14	14	1	25	14	14	14	14	23	8	24	23	10	5	27	14	14	2	27	26	1	14	1	1	16	5	23	16	14	16	16	14	3	16	15	3	14	14	11	11	13	2	14	14	3	5	1	7	1	1	7	14	3	14	25	25	8	1	23	10	14	14	12	4	26	14	2	27	14	14	14	27	5	3	16	23	14	1	14	14	14	14	27	16	26	16	16	14	2	23	8	3	26	16	4	12	7	14	2	26	14	14	8	8	1	23	10	1	23	14	14	14	14	14	14	27	14	10	11	14	14	26	11	14	9	11	1	5	14	14	14	14	1	10	14	14	23	26	26	24	14	10	16	16	14	1	14	14	14	16	14	14	23	10	14	23	14	20	14	14	27	14	14	14	27	3	14	1	16	6	27	19	7	27	22	12	3	4	1	3	1	14	12	4	14	3	23	14	14	14	16	1	1	14	3	1	26	14	2	14	9	26	27	11	26	14	16	27	14	26	14	26	27	2	16	1	5	27	18	7	2	14	14	14	14	17	2	22	23	2	2	15	3	14	14	4	24	15	14	14	25	14	4	26	5	1	14	16	1	26	11	2	23	12	16	14	14	14	23	15	14	16	16	14	26	14	7	27	20	20	14	14	14	2	27	20	14	1	12	1	23	14	4	2	15	4	12	22	11	26	14	14	2	14	16	1	4	23	2	23	14	4	14	14	14	15	15	14	7	11	14	26	26	7	27	20	7	23	14	3	26	26	20	2	14	11	5	23	14	3	24	14	4	16	11	14	3	14	14	14	14	2	11	7	10	2	23	12	14	14	14	14	14	4	14	27	26	11	2	14	7	1	19	8	27	11	26	3	14	20	2	14	23	27	14	14	26	24	14	4	14	14	14	26	14	2	26	14	14	14	14	10	1	23	12	2	23	23	14	23	14	14	27	11	15	1	16	23	27	19	7	27	22	2	14	20	20	14	22	14	2	27	14	3	16	14	4	20	4	23	26	16	1	26	14	4	16	1	9	1	23	4	1	23	14	25	14	14	14	27	11	14	1	7	6	2	18	7	27	21	14	14	23	2	22	23	2	19	24	14	3	23	26	4	25	16	23	23	16	16	26	14	14	14	7	9	1	24	14	2	23	13	14	14	14	27	14	14	1	4	14	5	27	18	7	27	20	8	14	17	10	1	23	23	2	7	16	
DESTINATION
0	14	17	14	3	23	2	26	7	14	27	26	26	4	25	16	27	25	9	9	7	14	3	14	14	9	16	14	2	23	13	13	14	14	5	5	15	14	1	14	23	27	26	7	27	20	8	14	16	17	2	27	20	2	14	14	14	16	14	14	14	7	27	23	23	14	3	14	14	2	14	26	14	23	20	14	23	4	26	16	16	23	27	9	16	27	16	4	16	14	14	14	14	11	2	23	4	14	27	14	20	14	14	14	14	20	14	18	7	27	20	8	8	4	26	14	2	3	14	14	4	14	7	14	26	24	15	14	14	3	14	14	1	25	14	1	14	14	7	14	16	23	14	14	14	5	3	2	14	15	14	14	14	26	5	26	7	20	8	1	1	7	7	2	14	14	14	14	14	7	14	14	24	14	4	26	14	26	26	27	11	2	2	25	14	26	10	2	2	14	14	2	14	16	16	14	14	16	27	14	4	14	7	14	27	20	11	1	4	4	26	26	14	2	14	14	4	20	23	20	15	4	20	16	16	1	26	14	14	1	25	14	14	26	14	14	12	12	24	24	14	27	25	14	2	27	26	1	14	9	14	8	16	8	16	23	9	16	14	20	3	16	15	3	14	14	14	5	4	27	16	5	14	1	7	7	1	7	14	3	14	14	14	14	2	2	23	14	3	1	4	4	26	14	2	27	14	14	23	8	8	27	23	14	23	16	23	14	14	14	27	16	26	16	16	26	26	14	11	26	16	16	12	12	7	14	2	26	14	14	14	23	23	23	13	3	23	4	14	14	14	14	27	14	10	1	11	14	23	8	24	23	10	5	5	2	14	14	14	1	10	14	9	1	16	5	23	16	14	14	16	16	14	1	14	14	14	16	14	11	13	2	14	14	3	5	14	14	14	27	14	14	27	3	25	25	8	1	1	23	10	14	12	15	4	3	12	1	14	12	14	14	5	3	3	16	23	14	1	1	1	14	3	1	26	14	16	14	2	23	8	3	26	16	4	4	27	14	26	27	2	14	8	1	23	10	10	1	23	14	16	14	14	17	2	22	23	2	2	11	26	14	14	26	14	9	11	14	25	14	4	26	5	1	14	14	23	26	26	24	14	10	14	16	14	14	23	15	14	16	14	23	10	14	10	14	23	14	14	14	14	2	27	20	14	1	20	1	16	6	27	19	7	27	22	11	14	8	26	14	2	14	4	1	14	3	23	14	14	14	16	14	14	14	15	14	7	11	14	9	26	26	27	11	26	14	14	4	3	26	20	2	14	11	16	1	5	27	18	7	2	14	11	14	3	26	14	14	14	14	11	2	15	14	4	4	24	15	14	14	14	4	14	27	26	14	2	1	26	11	11	2	23	12	26	3	14	20	2	14	23	27	16	26	14	14	7	27	20	20	14	1	26	14	2	26	14	14	12	1	23	4	2	15	4	14	12	23	14	14	27	11	15	1	16	4	1	23	2	23	14	12	14	20	20	14	22	14	2	12	14	26	26	7	27	20	7	23	4	26	3	1	26	14	4	5	5	14	3	24	14	4	16	16	1	14	14	27	11	14	1	7	10	7	2	2	23	12	14	14	14	27	2	22	23	2	19	24	2	14	7	1	19	8	27	23	25	14	16	26	14	14	14	27	14	16	24	14	4	14	14	14	14	14	27	14	14	1	4	14	10	1	1	23	12	2	23	23	17	22	27	23	2	7	16	16	27	27	19	7	27	22	2	25	14	27	14	14	14	14	27	27	14	16	14	4	20	4	23	14	14	1	9	14	27	7	1	1	26	23	4	1	23	14	4	14	2	27	20	2	14	14	26	6	14	14	7	7	27	21	14	
DUE_DATE
0	30427	29996	30525	30094	29603	30192	29707	30296	29805	29854	31643	29952	29987	30556	30045	30614	30103	31152	30161	30190	30219	30788	30300	30342	32124	30966	30468	30510	30552	31127	30616	30645	31694	30703	31272	30761	31330	30819	30848	31427	32656	31485	31514	31003	31032	31061	31090	31119	31148	32199	31740	31761	31242	31263	31284	31305	33066	31347	32388	33129	32430	33171	32472	33247	31556	33345	32194	32243	31752	32325	31812	33579	31866	32913	32940	32967	33714	33021	33768	32055	32082	33846	32670	32154	32178	32742	32226	33990	32814	32298	33342	32886	34135	33452	34209	33526	33083	32580	32617	32654	32717	33316	32835	34634	34693	33517	32996	34035	33574	34793	34092	33091	33110	34149	33688	33167	33186	33745	33224	33783	34337	33376	34455	35234	34573	34605	35352	33639	34206	33693	33720	34287	33774	33801	34368	34875	33891	35664	34977	35730	35043	35796	34629	34122	35175	34174	34190	34206	34762	34238	35274	34810	34286	36042	34858	36074	35370	36106	35402	34938	34414	34430	35466	34491	34524	34557	35130	35163	35196	36429	34722	36495	35820	36582	35904	35946	34968	36030	35592	35091	35124	35697	35190	36243	36996	35289	36342	37095	36405	37152	36459	37206	35493	37260	36087	36114	35601	35628	36195	37435	35732	35769	36826	36383	37620	36937	37694	35991	37044	36597	37830	36123	36156	36729	36222	36795	38021	36304	36327	37370	36913	38136	37439	36442	37485	37028	36511	36534	36557	37121	36604	36627	37670	38413	36696	37739	37282	38505	37808	38551	37374	36857	37905	37452	37479	36966	36993	37560	38067	37074	38841	37668	38175	38917	38936	38235	37234	37253	38292	37291	37310	37329	37348	37907	37926	39145	37964	38463	39247	38576	39345	38674	37703	37752	38837	38416	37935	37994	38053	38107	38696	38205	39994	39323	40092	39405	40152	39459	39486	38493	39540	39087	38574	39141	38628	39195	38681	40444	39747	38750	40513	39816	40559	39862	40605	40628	39451	38934	39497	38977	38996	39555	40774	39053	40092	40111	39650	40869	40168	40907	39186	39745	40964	39783	39840	39342	39384	39966	39468	39510	41292	39587	40636	40665	40214	41443	40752	40301	39790	40839	39848	39907	39956	40545	40054	40103	41892	41211	40764	41997	41310	40863	42096	40389	41442	40455	40495	41072	41109	40606	40643	42420	41257	40754	41820	42582	41904	42666	41988	42030	41592	41100	41682	41184	41766	41268	41310	43092	41947	41456	42045	43294	42623	43392	42711	41724	42777	42330	41823	42396	41889	41922	41955	41981	43744	43767	43070	42613	43836	43139	43882	43185	42728	42211	42774	42257	42307	42356	42945	43474	44243	43572	42657	44496	43875	43440	44682	44724	44766	43608	43110	43692	43257	43356	43995	45221	44524	44067	44570	44593	45336	44639	45382	43665	45428	44251	43734	44297	43795	43832	44409	45646	43943	45000	44557	45074	44647	45896	45225	44254	44303	46092	45477	44556	44655	44717	45316	44835	46634	44953	46037	45616	46875	45734	46273	47097	45456	46575	45591	45624	46197	46230	45723	45756	47529	46362	45855	46915	47672	46989	47746	46043	47100	46657	46694	46195	46772	46269	46306	47363	48120	46957	46454	47057	48316	47655	48434	46753	47827	47396	47445	46954	47003	47052	47095	48152	48909	47206	48983	47820	49057	48374	49119	48420	48441	48462	48003	47484	48045	47526	47547	47568	49329	48630	47631	49392	48777	48396	49695	49735	48032	49809	49846	48683	48180	48217	48794	48835	48332	49389	49426	49463	50220	49537	50294	49147	50396	49245	48754	49343	48852	48882	49446	50670	48954	48978	50022	49566	50790	50094	50838	49122	50166	49725	49212	49239	49266	49293	49860	49347	51114	51141	50448	49455	50515	51272	50589	50626	50183	49680	49717	49754	50331	49824	50397	49890	50943	49956	51729	51762	51795	51835	51152	50709	50206	51263	50820	50317	50894	50385	50412	50979	50466	52233	51540	52287	51594	52341	51648	51195	50707	51776	51345	50854	50903	50952	50982	51546	51030	52794	51618	52842	52146	52890	52194	52218	51222	52266	51835	51872	51369	51406	51443	53220	51517	52574	52125	53352	52659	53406	53433	51720	53487	52314	52341	51828	52395	51882	52926	53670	51954	52998	53742	53046	53790	53094	53838	52662	52146	53935	52772	52269	52306	52883	54120	52957	52454	53511	53064	54297	53610	54363	52656	53709	53262	52755	52817	52876	52935	53534	53053	54815	54832	54129	53126	54163	54900	54197	53734	54231	53768	53245	53262	53279	53836	53313	53330	54367	53417	55216	55275	55334	55393	54715	54272	53769	54826	54383	53880	54457	53954	54017	54616	54135	55934	55273	56031	55344	56097	55410	54963	54456	55509	55062	54555	54585	54612	55179	55206	55233	54720	56487	56514	55821	56568	55875	55952	55006	56100	55694	55185	55212	55239	55266	57033	55320	56367	57114	56421	55968	57195	57347	55756	57535	57572	57609	56926	56963	57720	56557	56054	57152	57226	58020	57374	56925	58152	57459	56466	58233	57060	58287	57594	58341	57648	58395	56957	57057	58896	58995	58311	59064	58377	59130	58443	57996	57489	58542	59295	58627	58196	59445	59494	59543	58872	57917	58996	59775	59114	58693	
TRANSPORT_MODE
0	2	4	4	0	0	0	0	0	4	4	2	0	0	0	0	1	4	4	0	0	0	0	0	4	4	2	0	0	0	0	4	4	4	0	0	0	0	0	0	4	4	4	0	0	0	0	0	2	4	4	4	0	0	0	0	0	3	4	4	0	0	0	0	0	4	4	4	0	0	0	0	3	4	4	0	0	0	0	0	4	4	4	0	0	0	0	0	3	4	4	0	0	0	0	0	4	1	1	0	0	0	0	0	3	4	4	4	0	0	0	0	0	2	1	4	0	0	0	0	0	1	4	4	0	0	0	0	2	4	4	0	0	0	0	0	1	4	4	0	0	0	0	2	1	4	0	0	0	0	0	0	4	4	4	0	0	0	0	0	1	2	4	1	0	0	0	0	0	4	3	4	0	0	0	0	4	2	4	4	0	0	0	0	0	3	4	1	0	0	0	0	0	4	4	4	0	0	0	0	3	4	4	0	0	0	0	0	0	4	4	4	0	0	0	0	4	3	4	4	0	0	0	0	0	4	2	4	0	0	0	0	0	1	3	1	1	0	0	0	0	2	4	4	0	0	0	0	0	0	4	1	4	0	0	0	0	2	4	4	0	0	0	0	0	1	1	4	0	0	0	0	0	1	2	4	4	0	0	0	0	0	1	3	4	0	0	0	0	0	4	2	4	1	0	0	0	0	3	4	1	0	0	0	0	0	4	4	4	0	0	0	0	3	1	1	0	0	0	0	0	0	4	4	4	0	0	0	0	0	1	3	4	4	0	0	0	0	4	2	1	0	0	0	0	0	4	3	1	1	0	0	0	0	2	4	4	0	0	0	0	0	4	1	1	0	0	0	0	0	2	1	4	0	0	0	0	0	4	1	4	0	0	0	0	0	2	4	1	4	0	0	0	0	0	3	1	1	0	0	0	0	2	1	4	0	4	0	0	0	0	3	1	4	0	0	0	0	0	1	1	4	0	0	0	0	3	4	4	0	0	0	0	0	1	1	1	0	0	0	0	0	3	1	1	4	0	0	0	0	0	2	1	4	0	0	0	0	0	3	1	4	2	0	0	0	0	4	4	1	0	0	0	0	0	1	1	2	0	0	0	0	1	4	4	0	0	0	0	0	0	1	1	1	0	0	0	0	2	1	1	0	0	0	0	0	0	3	4	1	0	0	0	0	0	2	4	4	1	0	0	0	0	3	1	4	0	0	0	0	0	1	1	3	0	0	0	0	1	1	1	0	0	0	0	0	1	4	1	0	0	0	0	0	3	4	4	0	0	0	0	0	0	1	4	4	0	0	0	0	0	1	3	1	1	0	0	0	2	1	1	0	0	0	0	0	0	1	4	1	0	0	0	0	2	1	1	0	0	0	0	0	1	4	1	0	0	0	0	0	2	1	4	0	0	0	0	0	4	1	1	0	0	0	0	0	1	2	1	4	0	0	0	0	3	1	1	0	0	0	0	0	1	1	1	0	0	0	0	0	3	4	1	0	0	0	0	0	1	1	4	0	0	0	0	3	1	4	0	0	0	0	0	0	1	1	1	0	0	0	0	0	1	3	1	1	0	0	0	0	2	1	1	0	0	0	0	0	1	1	1	0	0	0	0	2	1	1	0	0	0	0	0	4	1	1	0	0	0	0	0	2	4	1	0	0	0	0	0	0	1	1	1	0	0	0	0	1	2	1	1	0	0	0	0	3	1	1	0	0	0	0	0	1	1	3	0	0	0	0	1	1	1	0	0	0	0	0	0	1	1	4	0	0	0	0	3	1	1	0	0	0	0	0	0	1	1	1	0	0	0	0	0	3	1	1	1	0	0	0	0	
DISTANCE_MATRIX
60	360	318	300	288	276	264	264	150	150	150	60	90	90	162	168	204	228	234	312	360	408	348	318	168	192	168	318	
360	60	264	318	324	342	342	342	348	348	354	360	372	378	378	420	420	480	462	498	462	462	384	420	372	420	378	378	
318	264	60	270	276	288	288	288	294	294	294	318	318	324	324	414	414	468	462	486	462	462	330	366	366	408	372	324	
300	318	270	60	276	288	288	288	288	288	288	300	300	312	318	408	408	468	462	486	438	438	318	360	360	402	360	312	
288	324	276	276	60	276	276	276	276	276	276	288	288	300	300	402	396	462	456	480	432	432	300	360	360	402	348	300	
276	342	288	288	276	60	180	180	252	258	264	264	264	288	288	390	390	456	450	480	432	432	288	348	348	348	288	288	
264	342	288	288	276	180	60	180	246	258	264	264	264	288	288	390	390	456	450	480	432	432	288	348	348	348	288	288	
264	342	288	288	276	180	180	60	240	258	264	264	264	288	288	390	390	456	450	480	432	432	288	348	348	348	288	288	
150	348	294	288	276	252	246	240	60	120	120	150	126	270	270	378	384	420	438	480	420	408	276	300	300	300	276	270	
150	348	294	288	276	258	258	258	120	60	120	150	150	270	270	378	384	420	438	480	420	408	276	300	300	300	276	270	
150	354	294	288	276	264	264	264	120	120	60	150	150	270	270	378	384	420	438	480	420	408	276	300	300	300	276	270	
60	360	318	300	288	264	264	264	150	150	150	60	90	162	168	228	234	312	360	408	348	318	168	192	192	198	168	162	
90	372	318	300	288	264	264	264	150	150	150	90	60	162	168	228	234	312	360	408	348	318	168	192	192	198	168	162	
90	378	324	312	300	288	288	288	270	270	270	162	162	60	120	180	180	306	210	360	300	300	120	180	120	180	120	234	
162	378	324	318	300	288	288	288	270	270	270	168	168	120	60	180	180	306	210	360	300	300	120	180	120	180	120	120	
168	420	414	408	402	348	348	348	300	300	300	228	228	180	180	60	132	204	132	348	258	258	186	60	180	132	222	180	
204	420	414	408	396	390	390	390	384	384	384	234	234	180	180	132	60	204	132	348	258	258	186	60	180	132	222	180	
228	480	468	468	462	456	456	456	420	420	420	312	312	306	306	204	204	60	198	120	240	240	306	204	306	138	306	306	
234	462	462	462	456	450	450	450	438	438	438	360	360	210	210	132	132	198	60	138	132	132	210	132	210	132	210	210	
312	498	486	486	480	480	480	480	480	480	480	408	408	360	360	348	348	120	138	60	348	348	360	348	360	348	360	360	
360	462	462	438	432	432	432	432	420	420	420	348	348	300	300	258	258	240	132	348	60	60	300	258	300	258	300	300	
408	462	462	438	432	432	432	432	408	408	408	318	318	300	300	258	258	240	132	348	60	60	300	258	300	258	300	300	
348	384	330	318	300	288	288	288	276	276	276	168	168	120	120	186	186	306	210	360	300	300	60	186	120	186	120	120	
318	420	366	360	360	348	348	348	300	300	300	192	192	180	180	60	60	204	132	348	258	258	186	60	180	60	180	180	
168	372	300	306	300	288	288	288	270	270	270	168	168	120	120	180	180	306	210	360	300	300	120	180	60	180	120	120	
192	420	408	402	402	348	348	348	300	300	300	198	198	180	180	132	132	138	132	348	258	258	186	60	180	60	180	180	
168	378	372	360	348	288	288	288	276	276	276	168	168	120	120	222	222	306	210	360	300	300	120	180	120	180	60	120	
318	378	324	312	300	288	288	288	270	270	270	162	162	234	120	180	180	306	210	360	300	300	120	180	120	180	120	60	
DEPOT_DISTANCE_MATRIX
60	360	318	300	288	276	264	264	150	150	150	60	90	90	162	168	204	228	234	312	360	408	348	318	168	192	168	318	
162	378	324	318	300	288	288	288	270	270	270	168	168	120	60	180	180	306	210	360	300	300	120	180	120	180	120	120	
318	420	366	360	360	348	348	348	300	300	300	192	192	180	180	60	60	204	132	348	258	258	186	60	180	60	180	180	
PATIENT_WEIGHT
59	89	113	109	53	87	33	132	83	83	148	148	141	53	112	130	50	113	113	60	102	70	52	98	74	73	65	76	41	150	48	117	87	96	39	38	56	146	63	111	109	95	62	58	86	81	78	139	99	90	64	88	46	89	145	144	110	61	38	56	143	150	140	34	112	73	37	91	42	128	46	69	116	37	148	56	37	46	72	139	81	67	32	122	93	121	102	149	149	150	49	60	40	101	83	52	119	83	91	123	75	124	139	129	131	40	118	125	70	32	58	138	68	52	85	126	142	104	125	68	107	115	132	135	49	69	67	111	87	125	110	115	103	69	35	99	71	150	57	136	123	64	53	118	119	48	57	67	42	128	110	121	140	69	72	125	86	111	150	104	118	56	78	126	72	41	44	110	82	35	39	54	130	117	104	148	116	128	70	90	71	144	135	99	51	35	108	94	95	122	144	44	107	126	132	143	121	57	92	108	85	116	81	32	79	86	84	41	41	140	124	145	41	118	32	143	78	65	53	42	138	56	38	66	70	98	46	145	56	97	33	88	38	50	81	73	118	31	146	137	107	125	49	145	129	146	68	77	95	77	139	78	44	66	83	139	117	121	139	106	87	47	70	52	55	102	46	68	38	125	144	79	32	100	76	37	109	83	91	132	114	81	77	90	68	127	94	64	89	66	67	79	60	146	142	74	55	48	92	105	65	95	35	87	34	131	61	137	44	56	77	134	64	123	57	114	60	114	137	66	86	143	105	130	120	97	95	43	58	112	54	35	143	140	68	130	41	84	65	130	127	91	128	107	114	115	131	44	116	133	118	92	88	67	48	111	74	60	134	72	99	120	123	75	79	94	50	126	106	48	102	123	110	36	93	135	63	129	79	40	55	98	58	140	147	137	74	131	138	146	88	88	87	108	136	110	148	140	67	67	46	95	141	43	38	101	31	121	124	119	68	94	138	61	92	126	46	89	52	124	32	144	59	35	38	91	149	52	68	127	100	50	138	111	63	42	65	71	143	109	123	111	57	83	98	30	147	98	75	37	113	39	64	117	36	80	147	45	70	78	103	99	66	109	117	139	107	128	123	104	104	126	141	126	144	102	76	44	148	82	97	118	46	100	148	86	122	38	34	84	72	118	139	38	51	103	97	60	71	51	74	143	108	44	37	129	32	125	82	85	34	31	147	149	43	146	34	135	69	69	98	92	36	135	36	87	81	56	127	38	150	135	47	57	77	114	124	124	77	138	114	95	63	85	86	147	111	125	73	110	136	128	89	144	86	117	32	128	115	45	117	96	148	121	62	32	107	118	127	107	102	80	140	47	100	105	65	100	30	123	68	127	97	68	140	140	141	97	129	100	113	94	116	42	52	35	114	114	113	115	98	124	56	87	122	132	115	137	112	147	57	40	75	31	34	72	132	114	37	111	137	67	41	64	92	78	65	115	142	146	109	95	31	62	98	149	139	50	59	150	108	46	145	141	128	89	68	86	45	41	103	31	113	46	52	122	34	146	43	89	36	107	42	142	93	67	89	71	66	91	75	82	110	83	47	142	68	139	44	98	129	99	119	32	56	52	99	43	43	122	98	115	60	141	72	39	59	34	75	120	98	46	51	121	142	130	86	60	85	59	149	67	34	87	82	125	99	92	125	48	138	83	91	58	104	96	84	139	107	48	150	98	77	131	59	150	41	90	110	132	84	68	133	146	133	145	142	44	59	127	60	147	139	107	92	104	128	99	53	30	134	49	94	61	120	83	117	78	91	116	119	58	94	99	81	34	42	91	90	100	137	53	74	84	44	75	84	72	91	122	31	31	87	67	98	138	99	98	92	125	75	
LOCATION_TURN_MATRIX
100	130	122	113	112	199	136	122	129	152	173	146	151	136	158	140	176	113	122	167	194	134	110	172	114	184	100	147	
170	100	154	188	164	169	136	136	152	170	104	183	155	115	101	104	155	187	174	115	149	134	178	168	114	135	168	102	
178	146	100	161	178	114	104	165	117	139	126	169	192	109	120	179	160	152	154	134	113	140	154	179	196	196	192	181	
187	112	139	100	158	114	195	181	104	132	195	106	183	169	132	170	140	136	172	148	116	110	123	136	151	120	176	169	
188	136	122	142	100	175	164	159	112	100	167	164	135	191	132	181	104	123	142	156	108	117	193	182	116	147	156	185	
101	131	186	186	125	100	190	147	164	150	137	102	145	176	185	131	113	108	117	186	118	151	140	178	154	189	172	110	
164	164	196	105	136	110	100	186	153	151	183	193	111	157	144	123	188	142	110	163	105	190	166	187	170	171	186	126	
178	164	135	119	141	153	114	100	106	130	108	103	151	178	122	151	130	133	184	177	110	141	166	110	122	174	191	197	
171	148	183	196	188	136	147	194	100	167	100	146	168	129	128	142	172	118	174	147	105	158	156	160	120	106	119	136	
148	130	161	168	200	150	149	170	133	100	177	106	175	116	188	180	176	194	108	146	130	187	183	173	128	141	169	176	
127	196	174	105	133	163	117	192	200	123	100	171	175	140	183	115	104	186	128	153	151	175	100	146	191	117	132	197	
154	117	131	194	136	198	107	197	154	194	129	100	136	184	140	147	172	184	148	131	103	156	185	200	152	158	154	143	
149	145	108	117	165	155	189	149	132	125	125	164	100	140	199	142	101	144	163	185	117	191	200	143	113	165	102	154	
164	185	191	131	109	124	143	122	171	184	160	116	160	100	109	116	196	113	131	186	166	139	183	175	144	161	105	170	
142	199	180	168	168	115	156	178	172	112	117	160	101	191	100	147	177	177	199	158	172	188	164	175	180	168	154	195	
160	196	121	130	119	169	177	149	158	120	185	153	158	184	153	100	152	159	197	157	181	159	102	123	168	200	124	186	
124	145	140	160	196	187	112	170	128	124	196	128	199	104	123	148	100	149	114	112	117	135	105	132	138	180	198	156	
187	113	148	164	177	192	158	167	182	106	114	116	156	187	123	141	151	100	166	132	168	163	159	123	129	173	161	116	
178	126	146	128	158	183	190	116	126	192	172	152	137	169	101	103	186	134	100	184	199	137	130	160	148	113	140	150	
133	185	166	152	144	114	137	123	153	154	147	169	115	114	142	143	188	168	116	100	111	195	128	157	191	164	141	171	
106	151	187	184	192	182	195	190	195	170	149	197	183	134	128	119	183	132	101	189	100	129	151	163	147	166	104	177	
166	166	160	190	183	149	110	159	142	113	125	144	109	161	112	141	165	137	163	105	171	100	101	185	169	129	103	197	
190	122	146	177	107	160	134	134	144	117	200	115	100	117	136	198	195	141	170	172	149	199	100	106	150	116	118	145	
128	132	121	164	118	122	113	190	140	127	154	100	157	125	125	177	168	177	140	143	137	115	194	100	128	167	115	155	
186	186	104	149	184	146	130	178	180	172	109	148	187	156	120	132	162	171	152	109	153	131	150	172	100	155	124	184	
116	165	104	180	153	111	129	126	194	159	183	142	135	139	132	100	120	127	187	136	134	171	184	133	145	100	129	192	
200	132	108	124	144	128	114	109	181	131	168	146	198	195	146	176	102	139	160	159	196	197	182	185	176	171	100	146	
153	198	119	131	115	190	174	103	164	124	103	157	146	130	105	114	144	184	150	129	123	103	155	145	116	108	154	100	

