INDEX_PROBLEM
1
PATIENTS
800
STRETCHERS
16
NUM_ROOM
28
NUM_DEPOTS
3
NUM_PRIORITY
4
PRIORITY_LIST
0	1	2	3	4	
PRIORITY_WEIGHT
0	1	10	18	30	
PRIORITY_JOB
0	1	2	2	3	4	1	3	4	2	3	3	4	4	1	3	2	2	3	4	4	1	2	4	3	3	4	1	2	2	3	4	3	3	4	4	1	2	2	3	4	3	4	4	1	2	3	3	3	4	1	2	2	3	4	4	3	1	4	1	2	3	3	1	2	4	4	1	2	2	3	4	3	1	4	4	1	2	3	3	2	4	1	2	2	3	3	4	3	1	1	4	4	1	2	2	1	4	3	4	1	2	3	3	3	4	1	1	4	1	2	2	1	4	3	4	4	1	2	3	3	3	3	1	4	1	2	2	2	2	3	4	4	1	2	3	3	4	4	1	4	1	2	2	1	2	3	3	4	1	2	2	3	4	4	1	4	1	2	3	1	2	3	4	4	1	2	2	3	3	1	4	1	4	1	2	3	2	1	3	4	1	2	2	3	3	4	4	1	1	2	3	3	2	4	4	1	2	2	3	3	3	4	1	1	4	1	2	2	1	4	3	4	1	2	3	3	4	4	4	1	1	4	1	2	2	2	3	3	4	4	1	2	3	3	4	3	4	1	1	2	2	1	3	4	4	1	2	3	3	4	4	4	1	1	2	2	2	1	3	3	4	1	2	2	3	4	4	4	1	2	2	3	2	1	3	4	1	2	2	3	4	3	2	4	1	1	2	3	3	1	2	4	1	2	2	3	4	4	4	4	1	1	2	3	3	1	3	4	1	2	2	3	3	4	4	1	1	1	2	2	3	2	4	4	4	2	2	3	3	4	4	4	1	1	1	2	2	1	3	3	4	1	2	3	3	3	4	4	1	2	1	3	2	2	1	4	4	4	1	2	3	3	3	4	1	1	2	2	3	2	3	4	1	2	2	3	4	4	1	4	2	1	2	3	3	2	1	4	4	1	2	2	3	4	4	3	1	1	2	4	3	2	1	1	3	2	2	3	4	4	3	4	1	1	2	3	3	4	2	1	2	2	3	3	4	4	1	2	1	1	3	3	4	1	3	4	2	2	3	3	4	4	3	4	1	1	1	2	2	3	2	4	1	2	3	3	4	4	3	1	2	1	2	3	4	1	1	4	1	2	3	3	4	4	4	1	1	2	2	3	3	2	4	1	2	3	3	4	4	3	1	1	1	2	2	3	3	2	1	4	1	2	2	3	4	4	4	1	2	1	3	3	4	2	1	1	2	2	3	4	4	3	1	1	2	3	3	4	1	2	3	2	2	3	3	4	4	4	1	1	1	2	3	3	4	1	3	1	2	2	3	3	4	4	4	1	1	1	2	2	3	2	4	4	4	1	2	3	3	3	3	4	1	1	2	2	3	1	4	4	1	2	3	3	4	4	1	1	2	2	3	4	1	2	4	1	2	3	3	4	4	3	1	1	2	2	3	3	1	2	4	1	2	2	3	4	4	4	1	1	1	2	3	3	4	1	2	1	2	2	3	4	4	3	1	1	2	3	3	4	1	1	2	2	3	4	4	4	4	1	1	1	2	3	3	4	2	3	1	2	2	3	3	4	3	1	1	4	1	2	2	3	2	4	4	1	2	3	3	4	4	3	1	1	2	2	3	4	2	4	1	2	3	3	4	3	4	1	4	1	2	2	3	1	2	4	4	1	2	3	3	4	3	1	1	2	2	3	3	1	2	4	4	1	2	2	3	4	4	1	4	1	2	3	3	1	2	1	2	2	3	4	4	3	1	1	3	2	3	4	1	2	2	1	4	1	2	2	3	1	1	1	4	4	1	2	3	2	1	3	4	1	2	2	1	2	1	1	3	3	4	4	1	1	2	1	2	2	3	4	4	1	1	1	2	3	3	4	2	1	
TIME_ASKED
0	28800	28800	28800	28800	28800	28800	28800	28800	28800	28800	28800	28800	28800	28800	28800	28800	29545	29574	29603	29632	29661	29690	29742	29784	29826	29868	29910	29952	29994	30029	30058	30087	30116	30145	30174	30203	30232	30261	30290	30329	30358	30387	30416	30445	30474	30503	30532	30561	30590	30621	30642	30663	30684	30705	30726	30747	30768	30789	30810	30831	30852	30873	30894	30949	30998	31047	31096	31145	31194	31227	31254	31281	31308	31335	31362	31389	31416	31443	31470	31497	31524	31548	31572	31596	31620	31644	31668	31692	31716	31740	31764	31788	31837	31874	31911	31948	31985	32022	32059	32096	32159	32218	32277	32336	32395	32419	32438	32457	32476	32495	32514	32533	32552	32571	32590	32609	32628	32647	32666	32685	32759	32818	32877	32936	32995	33027	33054	33081	33108	33135	33162	33189	33216	33243	33270	33297	33333	33366	33399	33432	33465	33498	33531	33564	33597	33616	33632	33648	33664	33680	33696	33712	33728	33744	33760	33776	33792	33808	33824	33840	33856	33872	33888	33933	33966	33999	34032	34065	34098	34131	34164	34197	34242	34284	34326	34368	34410	34452	34494	34533	34566	34599	34632	34665	34698	34731	34764	34797	34827	34854	34881	34908	34935	34962	34989	35016	35043	35070	35097	35137	35174	35211	35248	35285	35322	35359	35396	35433	35466	35499	35532	35565	35598	35631	35664	35697	35723	35746	35769	35792	35815	35838	35861	35884	35907	35930	35953	35976	35999	36023	36046	36069	36092	36115	36138	36161	36184	36207	36230	36253	36276	36299	36327	36354	36381	36408	36435	36462	36489	36516	36543	36570	36597	36619	36638	36657	36676	36695	36714	36733	36752	36771	36790	36809	36828	36847	36866	36885	36949	36998	37047	37096	37145	37194	37259	37318	37377	37436	37495	37549	37598	37647	37696	37745	37794	37827	37854	37881	37908	37935	37962	37989	38016	38043	38070	38097	38123	38146	38169	38192	38215	38238	38261	38284	38307	38330	38353	38376	38399	38419	38438	38457	38476	38495	38514	38533	38552	38571	38590	38609	38628	38647	38666	38685	38742	38784	38826	38868	38910	38952	38994	39029	39058	39087	39116	39145	39174	39203	39232	39261	39290	39349	39398	39447	39496	39545	39594	39633	39666	39699	39732	39765	39798	39831	39864	39897	39937	39974	40011	40048	40085	40122	40159	40196	40242	40284	40326	40368	40410	40452	40494	40542	40584	40626	40668	40710	40752	40794	40849	40898	40947	40996	41045	41094	41133	41166	41199	41232	41265	41298	41331	41364	41397	41423	41446	41469	41492	41515	41538	41561	41584	41607	41630	41653	41676	41699	41749	41798	41847	41896	41945	41994	42099	42198	42297	42342	42384	42426	42468	42510	42552	42594	42699	42798	42897	42923	42946	42969	42992	43015	43038	43061	43084	43107	43130	43153	43176	43199	43237	43274	43311	43348	43385	43422	43459	43496	43549	43598	43647	43696	43745	43794	43899	43998	44097	44159	44218	44277	44336	44395	44459	44518	44577	44636	44695	44799	44898	44997	45033	45066	45099	45132	45165	45198	45231	45264	45297	45337	45374	45411	45448	45485	45522	45559	45596	45637	45674	45711	45748	45785	45822	45859	45896	45959	46018	46077	46136	46195	46249	46298	46347	46396	46445	46494	46537	46574	46611	46648	46685	46722	46759	46796	46821	46842	46863	46884	46905	46926	46947	46968	46989	47010	47031	47052	47073	47094	47199	47298	47397	47437	47474	47511	47548	47585	47622	47659	47696	47737	47774	47811	47848	47885	47922	47959	47996	48049	48098	48147	48196	48245	48294	48324	48348	48372	48396	48420	48444	48468	48492	48516	48540	48564	48588	48627	48654	48681	48708	48735	48762	48789	48816	48843	48870	48897	48937	48974	49011	49048	49085	49122	49159	49196	49233	49266	49299	49332	49365	49398	49431	49464	49497	49537	49574	49611	49648	49685	49722	49759	49796	49827	49854	49881	49908	49935	49962	49989	50016	50043	50070	50097	50149	50198	50247	50296	50345	50394	50424	50448	50472	50496	50520	50544	50568	50592	50616	50640	50664	50688	50737	50774	50811	50848	50885	50922	50959	50996	51027	51054	51081	51108	51135	51162	51189	51216	51243	51270	51297	51324	51348	51372	51396	51420	51444	51468	51492	51516	51540	51564	51588	51637	51674	51711	51748	51785	51822	51859	51896	51933	51966	51999	52032	52065	52098	52131	52164	52197	52259	52318	52377	52436	52495	52517	52534	52551	52568	52585	52602	52619	52636	52653	52670	52687	52704	52721	52738	52755	52772	52789	52859	52918	52977	53036	53095	53137	53174	53211	53248	53285	53322	53359	53396	53459	53518	53577	53636	53695	53733	53766	53799	53832	53865	53898	53931	53964	53997	54027	54054	54081	54108	54135	54162	54189	54216	54243	54270	54297	54374	54448	54522	54596	54627	54654	54681	54708	54735	54762	54789	54816	54843	54870	54897	55049	55198	55237	55274	55311	55348	55385	55422	55459	55496	55574	55648	55722	55796	55827	55854	55881	55908	55935	55962	55989	56016	56043	56070	56097	56399	56499	56598	56697	56733	56766	56799	56832	56865	56898	56931	56964	56997	57049	57098	57147	57196	57245	57294	57359	57418	57477	57536	57595	
ORIGIN
0	16	6	27	19	7	27	27	25	14	23	10	2	23	11	27	4	14	3	23	1	4	4	14	14	14	16	7	27	20	9	9	27	9	1	23	11	14	23	13	14	2	2	3	24	14	14	26	27	6	27	18	7	27	20	8	14	14	17	2	23	12	2	2	14	14	23	14	4	24	12	12	12	14	25	27	19	8	23	9	9	1	23	11	2	14	14	7	14	23	14	24	14	4	5	7	7	5	18	7	27	20	8	1	16	23	23	17	12	2	14	14	14	14	14	4	24	15	4	2	16	14	23	26	3	27	23	11	11	14	10	2	23	14	2	11	14	14	14	14	27	26	20	13	13	20	14	27	20	14	3	13	20	23	23	27	20	23	4	14	14	26	27	24	15	4	23	16	23	26	26	26	14	2	8	14	14	14	15	23	12	2	23	11	11	1	14	14	14	27	14	12	12	9	14	20	8	27	3	13	14	5	5	2	14	13	26	9	7	1	1	14	4	26	14	14	23	23	23	23	2	14	14	1	14	1	14	25	2	23	14	3	14	14	14	14	27	11	14	12	12	14	14	8	27	23	14	16	12	7	14	14	14	14	2	26	20	14	23	7	26	16	1	1	13	1	23	23	26	14	3	2	2	27	27	27	23	13	3	23	2	27	23	16	14	1	25	14	4	14	5	5	23	8	1	27	2	14	1	1	2	27	1	4	14	13	1	27	16	5	26	14	14	14	5	1	3	14	14	14	14	23	1	27	13	2	23	14	3	7	23	23	23	7	14	3	3	23	1	27	8	1	23	10	27	14	16	14	26	14	14	14	14	16	14	2	5	26	26	14	19	2	2	2	14	14	3	10	20	20	14	4	2	23	7	26	20	2	23	23	7	14	1	2	27	13	27	2	1	23	10	1	14	2	2	27	2	14	27	14	14	4	14	2	27	26	23	1	27	14	14	14	14	3	14	3	22	14	14	14	23	14	3	26	26	26	26	14	14	1	20	20	7	14	27	13	23	10	1	14	14	14	14	14	14	27	14	14	3	27	23	23	16	6	27	19	7	23	14	14	14	14	14	14	2	16	16	3	14	3	23	14	19	4	2	2	14	14	14	26	3	3	3	27	9	26	16	11	26	26	16	7	7	14	14	2	2	2	2	2	5	27	18	7	2	16	27	14	14	14	2	2	22	23	2	2	3	23	14	4	2	2	23	1	4	14	4	26	26	14	27	2	1	23	11	2	23	14	7	27	14	14	14	15	14	3	14	23	26	17	7	27	14	14	23	14	2	27	27	20	24	14	16	14	23	14	4	23	15	23	11	14	14	26	26	3	14	27	27	1	23	10	2	14	23	26	14	14	27	27	14	26	7	13	27	26	16	7	27	14	27	13	27	9	9	20	2	2	8	27	4	23	14	3	24	14	4	14	12	14	26	26	14	2	14	15	15	4	10	2	23	12	14	14	14	27	14	14	27	9	27	4	4	14	7	26	19	2	27	14	3	16	20	11	2	1	2	2	23	14	3	24	14	4	2	14	1	26	26	7	27	26	14	11	11	10	1	23	12	2	23	4	14	14	14	14	24	1	26	26	16	6	27	19	7	27	26	14	20	20	20	2	23	14	26	27	14	3	23	14	14	8	4	27	26	14	7	27	20	14	16	12	9	1	23	4	16	23	14	22	14	14	27	24	15	14	14	10	6	27	18	7	27	14	14	14	2	10	2	23	2	14	9	14	3	23	14	4	27	25	2	25	14	7	27	20	14	14	23	9	1	23	11	2	1	14	14	14	14	3	24	14	1	4	19	5	27	18	7	27	20	8	14	17	2	1	23	12	2	1	25	
DESTINATION
0	14	17	2	22	23	2	2	14	3	27	14	14	27	12	2	14	25	14	4	23	14	14	9	9	9	16	20	2	14	14	14	23	14	14	27	15	5	1	7	5	27	27	14	2	26	8	14	23	17	2	27	20	2	14	14	25	16	6	14	27	11	14	27	25	26	3	26	14	2	11	11	11	4	14	2	22	14	1	14	14	14	27	15	14	20	20	13	20	27	9	1	26	14	14	13	13	14	27	20	2	14	14	14	14	27	27	6	11	14	20	8	20	26	26	14	2	14	14	14	14	15	1	14	23	2	27	12	12	5	14	14	27	8	14	12	9	9	1	1	23	3	14	7	7	14	4	2	14	4	26	7	14	1	1	18	7	1	14	8	16	14	23	2	14	14	1	14	1	14	14	14	4	24	14	2	16	16	14	27	11	14	1	12	12	14	2	10	2	23	2	11	11	14	16	14	14	2	26	7	20	14	14	27	20	7	3	14	13	23	23	26	14	3	4	2	27	27	27	27	24	15	16	23	16	23	26	14	14	1	25	14	4	8	5	5	23	12	2	11	11	1	1	14	2	27	1	14	11	13	1	1	20	8	27	3	14	5	1	20	3	14	14	14	7	23	1	1	14	4	26	14	14	23	23	23	1	7	14	3	27	23	1	14	2	23	14	3	14	26	14	14	26	14	14	23	14	16	14	14	27	23	14	14	16	7	14	2	14	14	3	10	20	20	14	23	26	16	1	1	1	1	23	23	7	14	1	2	14	13	27	27	27	13	3	23	23	27	23	2	14	14	27	14	2	4	14	2	23	8	1	1	2	14	1	27	14	3	14	3	22	14	14	14	16	5	26	14	14	14	5	14	14	1	20	3	7	27	27	27	13	2	23	14	23	7	23	27	14	27	14	14	3	27	27	23	27	1	23	10	10	14	16	14	2	3	27	14	2	16	16	16	5	26	26	14	19	2	2	2	1	25	14	3	3	3	3	4	2	23	7	7	20	16	23	7	27	14	14	2	2	2	2	2	1	23	10	1	14	2	27	27	14	17	2	22	23	27	2	2	2	1	1	1	27	14	14	26	25	14	4	26	22	14	27	27	2	3	3	14	26	26	26	23	14	14	14	15	14	3	14	13	13	1	1	14	14	14	14	14	14	2	27	20	24	14	23	16	2	16	27	27	19	7	14	14	14	3	26	14	14	14	27	23	23	3	23	14	14	4	2	14	14	27	15	14	7	26	13	2	9	26	16	11	26	26	16	27	3	9	20	2	8	10	27	16	27	18	18	7	2	16	14	4	3	26	14	27	14	27	15	4	3	14	14	26	2	23	23	14	27	14	14	9	27	14	4	2	23	23	2	14	23	7	23	3	16	20	2	1	2	7	2	17	17	7	27	27	14	23	14	1	26	14	2	26	14	4	11	2	14	14	4	24	15	11	11	14	14	14	27	11	15	26	26	23	10	10	23	14	23	14	14	20	20	14	22	14	2	26	26	16	7	15	27	14	27	27	27	26	14	1	26	14	14	16	23	14	14	20	2	14	4	12	12	14	14	27	11	14	1	14	10	2	10	2	2	14	14	14	14	17	2	22	23	2	14	9	14	7	7	14	27	2	14	23	25	14	5	26	1	14	14	23	14	3	20	2	14	4	14	11	14	14	27	14	14	1	4	19	10	1	23	2	14	2	4	14	17	2	27	23	2	16	1	26	27	14	14	27	27	26	14	25	14	4	26	14	23	14	27	14	3	20	2	14	8	4	27	14	14	27	15	14	23	9	9	9	1	14	1	26	23	14	22	14	2	27	20	2	14	14	26	6	27	14	27	11	14	14	14	
DUE_DATE
0	31147	30476	30525	30094	29603	31392	30247	29756	30825	30394	30443	29952	29987	31756	30585	31094	31123	30672	30161	30190	31959	31268	30300	30882	30924	30426	32208	31530	31572	31127	30616	31185	31214	30703	30732	32501	31810	31839	31388	30887	31456	30945	30974	32743	32052	31601	31630	31659	31148	32919	32220	32241	31782	31263	31284	31845	33066	31347	33108	32409	31950	31971	33192	32527	31556	31605	33394	32723	32772	32325	31812	32379	33606	31893	31920	33687	32994	32541	32568	33075	32082	33846	33150	33174	32718	32742	32226	32790	34014	34038	32322	32346	34135	33452	33489	34246	32543	33120	32617	34394	33737	33316	33375	33434	32953	34717	34736	33015	34774	34073	34092	34831	33110	33669	33148	33167	34926	34225	33764	33783	33857	33916	35175	33494	35293	34605	34632	34659	34686	34233	33720	33747	35514	34821	34368	34395	33891	33924	35697	33990	35763	35076	35109	35862	35175	34714	34730	34206	35962	35258	35274	34810	34286	34302	36058	34334	36090	35386	34922	36138	35434	34970	34446	34491	36264	35577	35610	35163	35196	36429	34722	36495	34800	36582	35904	35466	35988	36750	35592	35091	36864	36177	36210	35763	35796	35289	35322	37095	37125	36432	35979	36006	36513	35520	35547	37314	36621	36648	36195	36235	36272	35769	37546	37583	35880	37657	36974	37011	37764	36057	36630	36123	37896	37209	36762	36795	36281	36304	36327	38090	38113	36396	38159	37462	37485	37508	37051	37074	36557	36581	38344	37647	37190	37213	36696	37259	36742	38505	38528	37831	37854	38597	37425	36912	36939	38706	38013	37560	37587	37074	37101	37128	38895	38917	38216	38235	38254	38993	37812	37831	37310	39069	38368	38387	37926	37405	37424	37443	39247	38576	38625	38194	38723	39492	38357	37876	39675	39014	39073	38647	38156	38745	39274	38303	40092	40125	39432	38979	39006	40233	39540	38547	40314	39621	39648	39195	38681	38704	38727	38750	40513	40536	39839	39382	39405	40628	39451	38934	40697	39997	40016	39555	39574	39053	39072	40831	40850	40869	40168	40187	39726	40225	39224	39243	39300	40362	40404	39966	40008	39510	39552	39587	41356	41385	41414	40723	40752	41501	40330	40359	39848	41647	40976	40545	40594	40643	40152	40191	41964	41277	42030	40863	41376	41409	42162	40455	40495	40532	42309	41626	41183	41220	41257	40754	42540	42582	41904	41946	41508	42030	41592	41100	42882	42204	42246	41808	41310	41352	43147	41456	42525	43294	42623	42192	42231	42744	43497	41790	41823	43596	42909	42942	42495	41981	42004	42567	43790	43813	43116	42119	42682	43185	43928	43951	42774	43277	43327	42896	42405	42454	43043	42552	44397	44496	43875	43440	43482	42984	44046	44808	44130	44172	43797	43896	43455	43481	45244	44547	45290	45313	44136	44159	43642	45405	44228	43711	44754	44777	44335	44372	43869	43906	44483	43980	45757	45794	45847	45176	45225	44794	45323	44352	46197	45576	45195	45257	44776	44835	45434	46693	46037	46816	46155	45734	45253	47097	47196	45555	47331	46644	46197	46230	45723	45756	45789	47562	47595	46915	46952	46509	46546	47063	46080	47857	47174	46735	46772	46269	46306	46883	48120	48157	48194	47537	47596	47175	47234	47773	48547	46856	48645	47974	48023	47592	47095	47132	47169	48946	48263	49020	47857	47894	47379	48420	49161	49182	48483	48504	48045	47526	47547	48108	49329	49350	48651	48192	48297	47856	49695	49015	48572	49089	49126	48683	48720	48217	48254	48295	50072	50109	50146	49463	49020	49057	48554	50347	49196	50445	49774	49823	49392	49422	48906	48930	48954	50718	50742	50766	50070	50094	49638	50142	49146	49185	49212	50979	50286	49833	49860	49887	49914	49401	51168	51195	50515	50552	50109	51346	49643	49680	51457	50774	50331	50364	49857	49890	51663	51696	51009	51042	50595	50095	51872	51189	50206	51983	51300	50857	50894	50385	50412	50979	52206	52233	51540	51567	51114	51141	52368	51675	50707	52496	51825	51874	51443	50952	50982	51006	52770	52794	52818	52122	51666	51690	51174	52938	52242	52986	52315	52352	51909	51406	51443	52020	53257	53294	52605	52152	52179	51666	53433	53460	52767	52794	52341	51828	51855	51882	51906	53670	53694	53718	53022	52566	52590	52074	53118	52662	53886	53215	53252	52809	52846	52343	52920	54157	54194	52491	54264	53577	53610	53163	53676	52689	52722	54495	53837	53416	53475	52994	53053	53615	54832	54849	54146	54163	53700	53177	54214	53211	54968	54265	53802	53819	53296	53853	53330	55087	53417	55216	54555	54614	54193	55435	54752	53769	53806	55583	54900	54457	54494	54017	54616	55875	55934	55273	55311	54864	54897	56130	55443	54456	54489	56262	55575	55605	55152	54639	54666	56433	54720	56487	55794	55341	55368	56595	55952	56746	56100	56174	55725	55212	55239	55806	57033	57060	55887	56394	55941	55428	57195	56627	56776	57535	55832	57609	56926	56963	56520	57757	57794	57872	56206	56280	58094	57405	56952	57459	58206	57033	56520	58287	57594	57621	58368	57675	58697	58797	57696	57795	57291	57324	59097	59130	58443	59196	58509	58542	58095	57607	57656	59445	59494	59543	58872	58457	58516	58035	59114	59893	
TRANSPORT_MODE
0	2	4	4	4	4	4	0	0	2	4	4	1	4	4	0	2	4	4	4	4	4	4	0	2	4	4	1	4	4	0	0	2	2	4	4	4	4	4	0	0	2	4	4	4	4	4	0	2	2	4	4	4	4	0	4	0	3	4	4	4	4	4	0	0	0	4	2	4	4	4	4	0	3	4	4	4	4	4	4	0	2	4	4	4	4	4	0	0	3	3	4	1	4	4	4	0	0	2	4	1	4	4	1	0	4	3	3	1	4	4	4	0	0	4	2	4	4	4	4	0	0	1	3	1	4	4	4	0	0	4	2	4	4	1	4	4	0	4	3	4	1	4	1	0	0	4	2	2	4	4	4	4	0	4	3	1	4	4	4	0	0	4	2	2	4	4	4	4	0	0	1	3	4	4	4	4	0	0	4	4	2	4	4	1	0	4	4	3	4	4	4	4	0	0	4	2	1	1	4	1	0	4	3	3	4	4	1	4	0	0	4	2	4	1	4	4	0	0	4	3	3	1	4	4	1	0	0	4	1	2	4	4	4	0	0	4	1	3	4	1	4	0	4	4	2	1	4	4	4	0	4	4	3	4	4	4	0	0	1	1	2	2	4	1	4	0	4	1	3	4	1	4	0	0	4	4	2	2	4	4	4	0	0	4	1	3	1	1	4	0	0	4	4	2	1	1	1	0	4	4	3	1	4	4	4	0	0	4	4	2	4	1	4	0	1	4	3	3	4	1	1	0	0	1	4	2	1	1	4	0	4	4	3	3	4	1	1	0	0	4	4	2	4	4	4	0	0	1	1	1	3	4	4	0	0	1	4	2	1	1	4	4	0	4	1	3	1	1	4	0	4	4	2	2	1	4	4	0	0	4	1	3	4	1	1	0	0	4	4	2	2	1	1	1	0	1	1	3	4	4	4	0	0	1	0	1	2	4	4	1	0	4	4	3	4	4	1	4	0	1	1	2	1	1	1	0	4	1	3	3	4	4	1	0	0	4	1	2	1	4	4	0	0	1	1	3	3	4	4	4	0	1	1	2	1	1	4	0	0	1	4	3	4	4	1	0	0	1	1	2	1	4	4	1	0	1	3	4	1	4	4	0	1	2	2	4	4	1	1	0	0	1	3	1	4	1	1	0	0	1	2	2	1	1	1	4	0	4	1	3	1	1	4	0	0	4	4	2	1	1	4	0	4	3	1	4	1	1	1	0	0	1	2	1	1	1	4	0	1	3	3	4	1	1	1	0	0	1	2	1	4	1	1	0	4	3	3	4	4	4	1	0	0	1	2	1	1	1	4	0	0	1	3	1	4	1	1	0	1	2	1	1	1	4	1	0	1	3	4	1	1	4	0	0	2	2	1	1	4	1	1	0	3	1	1	4	1	1	0	0	2	2	1	1	1	1	1	0	0	3	4	1	4	1	1	0	0	1	2	1	1	4	1	0	3	1	4	1	1	4	1	0	2	1	1	1	1	1	0	3	3	1	1	4	1	1	0	0	2	1	1	1	1	1	0	3	3	4	1	1	1	4	0	0	2	1	4	1	1	1	0	0	3	1	1	1	1	2	0	1	4	1	1	1	1	0	0	3	1	1	1	4	1	0	0	2	2	1	1	1	1	1	0	3	1	1	1	1	1	0	0	2	2	1	1	4	1	1	0	3	1	1	1	1	1	0	0	2	1	1	4	1	1	0	3	1	1	1	1	1	0	0	0	3	1	1	1	1	1	0	3	3	1	1	1	1	1	0	3	1	1	1	1	1	0	0	3	3	1	1	1	1	1	0	0	3	1	1	1	1	1	0	3	1	1	1	1	1	0	0	
DISTANCE_MATRIX
60	360	318	300	288	276	264	264	150	150	150	60	90	90	162	168	204	228	234	312	360	408	348	318	168	192	168	318	
360	60	264	318	324	342	342	342	348	348	354	360	372	378	378	420	420	480	462	498	462	462	384	420	372	420	378	378	
318	264	60	270	276	288	288	288	294	294	294	318	318	324	324	414	414	468	462	486	462	462	330	366	366	408	372	324	
300	318	270	60	276	288	288	288	288	288	288	300	300	312	318	408	408	468	462	486	438	438	318	360	360	402	360	312	
288	324	276	276	60	276	276	276	276	276	276	288	288	300	300	402	396	462	456	480	432	432	300	360	360	402	348	300	
276	342	288	288	276	60	180	180	252	258	264	264	264	288	288	390	390	456	450	480	432	432	288	348	348	348	288	288	
264	342	288	288	276	180	60	180	246	258	264	264	264	288	288	390	390	456	450	480	432	432	288	348	348	348	288	288	
264	342	288	288	276	180	180	60	240	258	264	264	264	288	288	390	390	456	450	480	432	432	288	348	348	348	288	288	
150	348	294	288	276	252	246	240	60	120	120	150	126	270	270	378	384	420	438	480	420	408	276	300	300	300	276	270	
150	348	294	288	276	258	258	258	120	60	120	150	150	270	270	378	384	420	438	480	420	408	276	300	300	300	276	270	
150	354	294	288	276	264	264	264	120	120	60	150	150	270	270	378	384	420	438	480	420	408	276	300	300	300	276	270	
60	360	318	300	288	264	264	264	150	150	150	60	90	162	168	228	234	312	360	408	348	318	168	192	192	198	168	162	
90	372	318	300	288	264	264	264	150	150	150	90	60	162	168	228	234	312	360	408	348	318	168	192	192	198	168	162	
90	378	324	312	300	288	288	288	270	270	270	162	162	60	120	180	180	306	210	360	300	300	120	180	120	180	120	234	
162	378	324	318	300	288	288	288	270	270	270	168	168	120	60	180	180	306	210	360	300	300	120	180	120	180	120	120	
168	420	414	408	402	348	348	348	300	300	300	228	228	180	180	60	132	204	132	348	258	258	186	60	180	132	222	180	
204	420	414	408	396	390	390	390	384	384	384	234	234	180	180	132	60	204	132	348	258	258	186	60	180	132	222	180	
228	480	468	468	462	456	456	456	420	420	420	312	312	306	306	204	204	60	198	120	240	240	306	204	306	138	306	306	
234	462	462	462	456	450	450	450	438	438	438	360	360	210	210	132	132	198	60	138	132	132	210	132	210	132	210	210	
312	498	486	486	480	480	480	480	480	480	480	408	408	360	360	348	348	120	138	60	348	348	360	348	360	348	360	360	
360	462	462	438	432	432	432	432	420	420	420	348	348	300	300	258	258	240	132	348	60	60	300	258	300	258	300	300	
408	462	462	438	432	432	432	432	408	408	408	318	318	300	300	258	258	240	132	348	60	60	300	258	300	258	300	300	
348	384	330	318	300	288	288	288	276	276	276	168	168	120	120	186	186	306	210	360	300	300	60	186	120	186	120	120	
318	420	366	360	360	348	348	348	300	300	300	192	192	180	180	60	60	204	132	348	258	258	186	60	180	60	180	180	
168	372	300	306	300	288	288	288	270	270	270	168	168	120	120	180	180	306	210	360	300	300	120	180	60	180	120	120	
192	420	408	402	402	348	348	348	300	300	300	198	198	180	180	132	132	138	132	348	258	258	186	60	180	60	180	180	
168	378	372	360	348	288	288	288	276	276	276	168	168	120	120	222	222	306	210	360	300	300	120	180	120	180	60	120	
318	378	324	312	300	288	288	288	270	270	270	162	162	234	120	180	180	306	210	360	300	300	120	180	120	180	120	60	
DEPOT_DISTANCE_MATRIX
60	360	318	300	288	276	264	264	150	150	150	60	90	90	162	168	204	228	234	312	360	408	348	318	168	192	168	318	
162	378	324	318	300	288	288	288	270	270	270	168	168	120	60	180	180	306	210	360	300	300	120	180	120	180	120	120	
318	420	366	360	360	348	348	348	300	300	300	192	192	180	180	60	60	204	132	348	258	258	186	60	180	60	180	180	
PATIENT_WEIGHT
119	59	41	106	124	88	35	143	135	70	97	80	93	62	116	40	100	132	49	97	115	145	133	122	61	137	87	150	104	43	130	49	73	123	97	45	108	67	34	66	81	140	74	118	86	122	78	40	92	51	41	42	132	30	41	81	66	51	124	58	136	93	115	113	102	50	139	36	96	122	130	82	122	36	125	147	67	147	92	142	83	121	142	52	143	135	57	104	62	122	82	47	124	138	143	112	75	104	55	89	143	41	37	74	123	148	79	107	37	80	59	60	141	50	80	97	42	49	84	84	110	91	67	129	127	126	140	103	119	48	97	123	98	122	66	121	88	73	53	112	138	55	61	55	120	53	57	31	101	143	128	59	31	38	91	112	53	112	51	42	108	48	139	121	102	89	126	37	32	71	53	50	75	48	149	62	82	133	99	145	140	46	123	108	124	116	83	74	143	51	58	75	66	75	47	73	150	105	60	102	101	94	114	111	126	52	112	49	93	36	136	64	139	135	101	147	67	121	32	97	96	42	144	117	31	74	129	83	98	121	69	106	101	148	102	71	60	32	140	131	39	47	35	80	117	39	60	145	79	144	147	49	51	56	90	80	142	91	142	76	46	37	47	90	58	59	143	51	142	51	87	89	137	64	108	75	49	91	129	109	108	98	34	122	78	121	150	74	125	97	124	135	56	135	67	45	146	135	64	147	135	132	123	84	100	54	122	124	97	120	127	62	124	91	53	147	139	133	116	102	133	39	112	66	49	47	59	60	108	148	44	70	95	84	117	54	138	138	136	62	107	66	86	71	77	139	100	89	45	35	37	140	149	55	67	66	121	132	59	68	74	125	35	136	123	78	111	106	132	41	126	140	53	62	117	45	146	81	58	93	52	102	108	150	114	87	38	90	45	94	101	61	85	59	92	30	98	98	67	43	76	69	53	71	46	94	83	84	82	131	36	111	136	118	70	90	53	52	100	136	60	98	40	127	32	136	83	47	103	72	101	89	89	54	41	120	112	119	134	147	150	83	91	94	32	47	39	88	37	68	51	39	59	150	134	118	143	43	34	70	85	117	118	80	149	115	112	48	136	82	138	39	90	123	108	70	106	59	127	94	71	93	148	53	65	55	93	80	126	58	104	98	68	132	44	132	108	77	115	101	46	81	69	83	50	144	98	37	72	129	96	139	94	77	140	94	45	81	108	56	109	73	118	38	67	52	117	119	85	102	93	112	51	125	73	148	133	41	123	75	55	138	132	138	108	119	145	145	130	67	109	124	146	53	147	100	60	130	147	40	59	88	98	143	36	53	130	66	100	96	77	88	35	33	61	40	142	92	34	145	34	149	89	42	86	124	68	101	93	114	42	79	134	48	146	59	65	70	30	128	111	63	61	105	30	49	77	85	111	107	64	79	72	42	122	122	74	117	149	49	46	98	142	42	76	141	34	125	88	68	132	94	104	75	138	144	39	44	128	71	111	106	50	60	141	135	92	32	128	75	118	132	31	102	71	92	31	89	107	135	113	147	61	49	54	134	149	83	116	48	125	107	140	115	89	133	100	143	97	100	108	143	112	30	78	55	144	76	75	65	73	49	133	140	144	79	107	92	90	46	51	88	102	65	51	45	139	130	67	95	130	41	83	117	40	130	109	84	105	99	139	106	105	106	128	119	79	76	136	114	80	42	68	75	98	60	31	33	39	55	112	103	94	38	107	50	140	50	44	126	33	60	65	137	65	100	59	90	78	89	106	80	50	50	49	69	35	73	83	43	143	138	81	127	70	113	90	73	34	139	115	110	82	62	113	95	87	113	106	41	86	43	149	107	89	32	116	98	59	85	88	
LOCATION_TURN_MATRIX
100	130	122	113	112	199	136	122	129	152	173	146	151	136	158	140	176	113	122	167	194	134	110	172	114	184	100	147	
170	100	154	188	164	169	136	136	152	170	104	183	155	115	101	104	155	187	174	115	149	134	178	168	114	135	168	102	
178	146	100	161	178	114	104	165	117	139	126	169	192	109	120	179	160	152	154	134	113	140	154	179	196	196	192	181	
187	112	139	100	158	114	195	181	104	132	195	106	183	169	132	170	140	136	172	148	116	110	123	136	151	120	176	169	
188	136	122	142	100	175	164	159	112	100	167	164	135	191	132	181	104	123	142	156	108	117	193	182	116	147	156	185	
101	131	186	186	125	100	190	147	164	150	137	102	145	176	185	131	113	108	117	186	118	151	140	178	154	189	172	110	
164	164	196	105	136	110	100	186	153	151	183	193	111	157	144	123	188	142	110	163	105	190	166	187	170	171	186	126	
178	164	135	119	141	153	114	100	106	130	108	103	151	178	122	151	130	133	184	177	110	141	166	110	122	174	191	197	
171	148	183	196	188	136	147	194	100	167	100	146	168	129	128	142	172	118	174	147	105	158	156	160	120	106	119	136	
148	130	161	168	200	150	149	170	133	100	177	106	175	116	188	180	176	194	108	146	130	187	183	173	128	141	169	176	
127	196	174	105	133	163	117	192	200	123	100	171	175	140	183	115	104	186	128	153	151	175	100	146	191	117	132	197	
154	117	131	194	136	198	107	197	154	194	129	100	136	184	140	147	172	184	148	131	103	156	185	200	152	158	154	143	
149	145	108	117	165	155	189	149	132	125	125	164	100	140	199	142	101	144	163	185	117	191	200	143	113	165	102	154	
164	185	191	131	109	124	143	122	171	184	160	116	160	100	109	116	196	113	131	186	166	139	183	175	144	161	105	170	
142	199	180	168	168	115	156	178	172	112	117	160	101	191	100	147	177	177	199	158	172	188	164	175	180	168	154	195	
160	196	121	130	119	169	177	149	158	120	185	153	158	184	153	100	152	159	197	157	181	159	102	123	168	200	124	186	
124	145	140	160	196	187	112	170	128	124	196	128	199	104	123	148	100	149	114	112	117	135	105	132	138	180	198	156	
187	113	148	164	177	192	158	167	182	106	114	116	156	187	123	141	151	100	166	132	168	163	159	123	129	173	161	116	
178	126	146	128	158	183	190	116	126	192	172	152	137	169	101	103	186	134	100	184	199	137	130	160	148	113	140	150	
133	185	166	152	144	114	137	123	153	154	147	169	115	114	142	143	188	168	116	100	111	195	128	157	191	164	141	171	
106	151	187	184	192	182	195	190	195	170	149	197	183	134	128	119	183	132	101	189	100	129	151	163	147	166	104	177	
166	166	160	190	183	149	110	159	142	113	125	144	109	161	112	141	165	137	163	105	171	100	101	185	169	129	103	197	
190	122	146	177	107	160	134	134	144	117	200	115	100	117	136	198	195	141	170	172	149	199	100	106	150	116	118	145	
128	132	121	164	118	122	113	190	140	127	154	100	157	125	125	177	168	177	140	143	137	115	194	100	128	167	115	155	
186	186	104	149	184	146	130	178	180	172	109	148	187	156	120	132	162	171	152	109	153	131	150	172	100	155	124	184	
116	165	104	180	153	111	129	126	194	159	183	142	135	139	132	100	120	127	187	136	134	171	184	133	145	100	129	192	
200	132	108	124	144	128	114	109	181	131	168	146	198	195	146	176	102	139	160	159	196	197	182	185	176	171	100	146	
153	198	119	131	115	190	174	103	164	124	103	157	146	130	105	114	144	184	150	129	123	103	155	145	116	108	154	100	

