INDEX_PROBLEM
1
PATIENTS
800
STRETCHERS
16
NUM_ROOM
28
NUM_DEPOTS
3
NUM_PRIORITY
4
PRIORITY_LIST
0	1	2	3	4	
PRIORITY_WEIGHT
0	1	10	18	30	
PRIORITY_JOB
0	2	3	4	1	2	4	3	4	3	4	4	2	3	4	4	3	4	4	1	2	4	3	4	3	4	2	3	3	4	4	4	4	4	1	2	3	3	4	4	4	4	1	2	3	3	4	4	4	2	3	4	4	3	4	4	4	1	1	2	3	4	1	1	2	2	3	4	4	3	4	3	4	1	4	1	2	3	1	3	2	4	2	3	3	1	4	3	4	4	1	2	3	1	2	2	4	4	1	2	3	1	4	3	4	4	4	2	3	4	1	2	3	4	4	1	2	3	4	4	3	4	1	2	3	4	1	1	2	4	1	2	3	4	3	4	4	1	4	2	3	3	1	3	2	4	1	2	3	4	3	4	4	1	1	4	1	2	3	2	2	4	4	2	3	4	3	4	4	1	1	4	1	2	3	2	3	1	4	2	3	4	4	3	4	1	4	1	2	3	1	2	1	3	4	2	3	3	1	4	3	4	4	1	2	3	3	2	1	4	4	1	2	3	1	4	4	3	4	4	2	3	4	2	2	1	4	1	2	3	4	4	4	3	4	1	2	3	4	2	1	3	4	1	2	3	4	4	3	4	1	4	2	3	3	1	1	4	1	2	3	1	3	4	4	2	4	4	1	2	3	2	1	2	4	2	3	4	4	3	4	4	2	1	1	2	3	4	3	1	2	2	3	4	1	4	3	4	4	4	1	2	3	1	1	2	4	2	3	4	3	4	4	3	1	4	1	2	3	1	3	2	4	4	1	2	3	4	4	3	1	4	4	2	3	1	2	2	4	4	1	2	3	4	4	3	4	1	3	2	4	1	2	1	4	4	1	2	3	3	4	4	1	4	2	3	3	1	2	4	4	1	2	3	3	4	4	1	4	1	4	1	2	2	1	2	3	4	4	2	3	3	4	4	2	4	1	2	1	4	1	2	3	2	3	4	4	3	4	3	1	4	4	1	2	1	1	2	3	4	2	3	3	4	3	4	1	4	1	2	1	3	2	4	3	4	4	1	2	4	3	1	3	4	4	2	1	2	2	4	3	4	1	2	3	4	4	3	4	2	3	4	1	2	1	4	1	2	3	4	4	4	4	1	4	1	2	3	3	1	2	4	4	1	2	3	3	4	4	4	1	4	1	2	2	1	2	3	4	2	3	4	3	4	4	2	4	1	1	2	3	1	2	1	4	2	3	4	4	3	4	4	1	1	2	3	3	1	1	4	2	3	4	4	4	3	4	1	4	1	2	2	2	1	4	3	4	2	2	3	4	3	4	4	1	4	1	2	2	2	1	3	4	4	1	2	4	4	3	3	4	2	3	2	1	1	4	4	1	2	3	4	4	4	4	1	2	3	2	1	3	2	4	4	1	2	3	3	4	4	4	1	4	2	2	1	2	2	3	4	1	2	3	3	4	4	1	4	1	4	1	2	2	1	3	4	2	3	3	4	4	4	1	4	1	1	2	3	2	1	2	4	2	3	4	4	4	3	4	1	4	1	2	1	3	2	3	4	2	2	3	4	4	3	1	4	4	1	2	1	2	3	4	3	4	1	2	3	4	3	4	4	1	2	3	4	1	1	1	4	1	2	3	4	4	4	3	1	4	2	3	2	2	1	4	4	1	2	3	4	4	3	3	4	1	2	2	3	2	1	4	4	1	2	3	4	4	4	2	4	1	4	1	2	2	1	2	3	2	3	4	4	3	4	4	1	3	1	2	4	1	3	1	1	4	2	3	2	2	1	1	4	4	1	2	2	2	3	1	3	4	2	2	1	1	2	1	3	4	4	1	1	2	1	3	1	2	3	4	4	2	1	2	1	1	2	3	4	2	1	2	
TIME_ASKED
0	28800	28800	28800	28800	28800	28800	28800	28800	28800	28800	28800	28800	28800	28800	28800	28800	29545	29574	29603	29632	29661	29690	29742	29784	29826	29868	29910	29952	29994	30029	30058	30087	30116	30145	30174	30203	30232	30261	30290	30329	30358	30387	30416	30445	30474	30503	30532	30561	30590	30621	30642	30663	30684	30705	30726	30747	30768	30789	30810	30831	30852	30873	30894	30949	30998	31047	31096	31145	31194	31227	31254	31281	31308	31335	31362	31389	31416	31443	31470	31497	31524	31548	31572	31596	31620	31644	31668	31692	31716	31740	31764	31788	31837	31874	31911	31948	31985	32022	32059	32096	32159	32218	32277	32336	32395	32419	32438	32457	32476	32495	32514	32533	32552	32571	32590	32609	32628	32647	32666	32685	32759	32818	32877	32936	32995	33027	33054	33081	33108	33135	33162	33189	33216	33243	33270	33297	33333	33366	33399	33432	33465	33498	33531	33564	33597	33616	33632	33648	33664	33680	33696	33712	33728	33744	33760	33776	33792	33808	33824	33840	33856	33872	33888	33933	33966	33999	34032	34065	34098	34131	34164	34197	34242	34284	34326	34368	34410	34452	34494	34533	34566	34599	34632	34665	34698	34731	34764	34797	34827	34854	34881	34908	34935	34962	34989	35016	35043	35070	35097	35137	35174	35211	35248	35285	35322	35359	35396	35433	35466	35499	35532	35565	35598	35631	35664	35697	35723	35746	35769	35792	35815	35838	35861	35884	35907	35930	35953	35976	35999	36023	36046	36069	36092	36115	36138	36161	36184	36207	36230	36253	36276	36299	36327	36354	36381	36408	36435	36462	36489	36516	36543	36570	36597	36619	36638	36657	36676	36695	36714	36733	36752	36771	36790	36809	36828	36847	36866	36885	36949	36998	37047	37096	37145	37194	37259	37318	37377	37436	37495	37549	37598	37647	37696	37745	37794	37827	37854	37881	37908	37935	37962	37989	38016	38043	38070	38097	38123	38146	38169	38192	38215	38238	38261	38284	38307	38330	38353	38376	38399	38419	38438	38457	38476	38495	38514	38533	38552	38571	38590	38609	38628	38647	38666	38685	38742	38784	38826	38868	38910	38952	38994	39029	39058	39087	39116	39145	39174	39203	39232	39261	39290	39349	39398	39447	39496	39545	39594	39633	39666	39699	39732	39765	39798	39831	39864	39897	39937	39974	40011	40048	40085	40122	40159	40196	40242	40284	40326	40368	40410	40452	40494	40542	40584	40626	40668	40710	40752	40794	40849	40898	40947	40996	41045	41094	41133	41166	41199	41232	41265	41298	41331	41364	41397	41423	41446	41469	41492	41515	41538	41561	41584	41607	41630	41653	41676	41699	41749	41798	41847	41896	41945	41994	42099	42198	42297	42342	42384	42426	42468	42510	42552	42594	42699	42798	42897	42923	42946	42969	42992	43015	43038	43061	43084	43107	43130	43153	43176	43199	43237	43274	43311	43348	43385	43422	43459	43496	43549	43598	43647	43696	43745	43794	43899	43998	44097	44159	44218	44277	44336	44395	44459	44518	44577	44636	44695	44799	44898	44997	45033	45066	45099	45132	45165	45198	45231	45264	45297	45337	45374	45411	45448	45485	45522	45559	45596	45637	45674	45711	45748	45785	45822	45859	45896	45959	46018	46077	46136	46195	46249	46298	46347	46396	46445	46494	46537	46574	46611	46648	46685	46722	46759	46796	46821	46842	46863	46884	46905	46926	46947	46968	46989	47010	47031	47052	47073	47094	47199	47298	47397	47437	47474	47511	47548	47585	47622	47659	47696	47737	47774	47811	47848	47885	47922	47959	47996	48049	48098	48147	48196	48245	48294	48324	48348	48372	48396	48420	48444	48468	48492	48516	48540	48564	48588	48627	48654	48681	48708	48735	48762	48789	48816	48843	48870	48897	48937	48974	49011	49048	49085	49122	49159	49196	49233	49266	49299	49332	49365	49398	49431	49464	49497	49537	49574	49611	49648	49685	49722	49759	49796	49827	49854	49881	49908	49935	49962	49989	50016	50043	50070	50097	50149	50198	50247	50296	50345	50394	50424	50448	50472	50496	50520	50544	50568	50592	50616	50640	50664	50688	50737	50774	50811	50848	50885	50922	50959	50996	51027	51054	51081	51108	51135	51162	51189	51216	51243	51270	51297	51324	51348	51372	51396	51420	51444	51468	51492	51516	51540	51564	51588	51637	51674	51711	51748	51785	51822	51859	51896	51933	51966	51999	52032	52065	52098	52131	52164	52197	52259	52318	52377	52436	52495	52517	52534	52551	52568	52585	52602	52619	52636	52653	52670	52687	52704	52721	52738	52755	52772	52789	52859	52918	52977	53036	53095	53137	53174	53211	53248	53285	53322	53359	53396	53459	53518	53577	53636	53695	53733	53766	53799	53832	53865	53898	53931	53964	53997	54027	54054	54081	54108	54135	54162	54189	54216	54243	54270	54297	54374	54448	54522	54596	54627	54654	54681	54708	54735	54762	54789	54816	54843	54870	54897	55049	55198	55237	55274	55311	55348	55385	55422	55459	55496	55574	55648	55722	55796	55827	55854	55881	55908	55935	55962	55989	56016	56043	56070	56097	56399	56499	56598	56697	56733	56766	56799	56832	56865	56898	56931	56964	56997	57049	57098	57147	57196	57245	57294	57359	57418	57477	57536	57595	
ORIGIN
0	16	6	27	19	25	27	23	25	25	23	10	2	26	26	14	15	14	3	23	14	14	26	16	26	14	16	7	9	8	27	7	14	9	1	23	14	14	23	2	14	2	14	3	2	14	14	14	14	6	27	18	7	27	20	8	4	14	10	2	23	26	2	26	14	23	23	14	14	19	8	12	14	14	7	27	7	9	9	3	14	14	23	11	14	14	14	24	14	23	14	24	14	5	1	24	24	14	18	7	27	27	20	1	14	20	14	23	20	2	2	14	14	14	14	4	24	15	25	14	16	25	3	3	3	2	22	14	11	14	10	2	23	14	14	14	16	26	26	27	14	14	16	2	2	9	9	27	20	14	14	2	2	2	26	27	27	14	14	14	14	8	26	24	15	4	26	16	20	8	26	26	26	14	14	8	14	14	14	23	12	2	8	14	14	5	14	14	27	9	9	5	14	9	9	20	8	2	2	13	5	14	14	2	14	5	5	24	24	5	17	14	4	16	20	5	1	15	14	14	14	14	14	14	14	14	14	25	2	23	14	3	14	14	25	26	11	14	14	14	25	16	11	8	27	23	4	23	16	14	14	14	14	27	7	7	14	14	9	7	26	9	5	14	27	14	9	26	26	14	14	14	14	14	2	4	23	13	3	23	14	20	14	9	14	14	25	14	14	26	14	3	23	8	12	25	10	2	14	14	14	1	14	1	14	9	14	14	16	5	13	9	14	5	13	20	20	14	14	14	4	23	5	27	13	2	8	14	5	23	8	14	14	7	14	3	1	14	14	14	8	1	23	10	26	14	12	3	26	26	4	14	14	14	16	8	5	26	23	6	14	4	4	26	14	14	7	14	26	14	14	4	2	23	14	14	26	14	23	14	7	23	14	26	14	27	2	2	1	23	10	1	27	2	4	26	26	14	14	14	14	4	11	23	14	1	11	3	14	11	14	14	14	3	1	17	10	14	14	17	23	14	3	14	14	14	5	5	14	1	26	2	14	14	27	23	23	10	1	14	14	14	14	14	14	27	14	23	14	1	17	14	16	6	27	19	7	27	22	12	27	10	14	25	12	12	12	3	14	3	23	14	1	26	10	26	1	1	14	4	26	26	23	20	9	26	26	11	26	26	1	23	27	14	2	26	23	2	4	14	5	27	18	7	26	26	17	3	14	17	2	22	23	2	2	26	3	23	14	25	24	14	11	11	25	4	4	26	14	14	14	17	1	23	11	9	23	1	9	7	14	14	15	14	14	7	14	23	26	17	7	14	11	2	14	8	2	2	27	20	14	12	9	6	23	14	4	9	15	4	3	14	3	26	14	2	14	26	23	1	23	10	2	6	14	10	10	6	27	15	14	26	26	13	13	26	16	7	27	27	1	2	2	3	9	20	16	20	20	14	8	23	14	3	24	14	4	2	17	3	3	26	14	17	14	14	2	14	10	2	1	12	14	24	14	27	27	14	14	14	17	1	14	14	7	26	19	14	14	7	7	3	23	20	2	23	14	7	12	14	3	24	14	11	2	14	1	26	18	14	2	26	14	14	3	10	1	23	12	2	23	15	4	25	14	27	23	14	11	13	16	6	27	19	14	27	2	15	15	20	10	14	22	26	1	26	14	3	23	14	4	26	4	11	13	14	7	1	1	26	20	8	9	1	23	4	8	23	20	26	14	14	4	11	11	14	1	14	6	27	18	14	27	21	11	7	23	10	22	26	26	2	24	14	3	23	14	3	14	16	14	25	16	7	27	26	14	14	3	9	1	23	14	14	23	13	11	14	14	3	24	14	14	1	14	5	27	18	7	27	20	8	25	15	10	1	23	2	2	7	12	
DESTINATION
0	14	17	2	22	14	2	26	14	14	27	14	14	3	14	16	14	25	14	4	9	9	3	14	3	9	16	20	14	14	23	13	3	14	14	27	5	5	1	24	3	27	26	14	27	20	8	25	25	17	2	27	20	2	14	14	14	16	14	14	27	14	27	23	25	3	3	26	2	22	14	11	2	2	20	2	13	14	14	26	16	26	27	15	9	9	16	2	9	27	9	1	4	14	23	2	2	26	27	20	2	2	14	14	8	14	8	27	7	27	27	20	8	4	26	14	2	14	14	8	14	14	23	23	23	14	19	8	12	5	14	14	27	9	9	5	14	14	14	23	2	2	14	24	24	14	14	2	14	5	5	24	24	14	14	18	18	20	20	20	1	14	14	2	14	14	14	14	14	14	14	14	14	15	25	14	16	25	26	27	11	14	14	25	16	14	10	10	23	14	14	14	16	14	14	14	14	14	14	7	14	9	9	27	20	14	14	2	2	14	9	26	14	14	14	14	14	14	26	26	15	4	26	26	16	20	9	14	14	1	25	14	26	26	14	14	12	2	8	8	14	14	12	14	2	27	14	1	14	9	9	9	20	23	13	13	5	5	14	20	3	17	14	4	23	5	17	14	14	4	8	5	1	15	27	14	1	7	14	3	1	14	9	14	2	2	14	3	3	14	25	14	26	14	11	14	14	14	16	8	8	14	4	23	16	14	4	26	14	14	7	14	26	14	7	7	7	4	5	5	14	27	14	23	7	14	14	26	14	27	14	4	4	13	3	23	14	20	4	26	14	14	27	14	14	4	11	14	23	23	23	25	10	2	14	14	14	3	1	17	10	14	14	14	16	16	13	9	14	5	5	14	14	1	26	2	14	5	27	5	13	27	8	14	5	23	14	14	14	27	14	14	23	14	14	14	14	1	10	26	26	14	12	27	10	23	12	14	25	12	16	16	8	26	23	6	14	4	26	6	1	25	14	4	26	26	14	14	2	23	14	14	26	26	23	1	27	14	14	2	26	2	4	4	1	23	1	27	2	23	6	3	14	17	2	22	23	2	2	11	23	14	3	14	11	11	11	26	25	14	4	26	14	14	14	14	23	23	3	14	14	14	1	7	14	14	14	15	14	14	23	27	23	10	14	14	1	24	14	8	14	2	27	20	14	14	9	14	16	6	27	19	7	27	27	3	14	3	26	14	2	25	12	12	14	23	23	14	1	26	10	6	14	27	15	14	7	23	14	20	9	26	11	26	26	13	2	27	3	9	20	16	20	14	4	14	27	27	18	7	26	11	17	17	3	26	14	17	14	14	26	3	26	14	25	24	25	14	1	14	27	14	14	17	26	14	14	17	23	11	9	14	14	7	7	3	16	20	2	23	14	14	14	26	17	7	14	11	11	2	14	1	26	14	2	26	14	24	9	23	23	14	4	9	15	4	22	25	14	14	23	11	15	2	26	23	23	2	10	2	6	23	15	26	20	14	22	26	1	13	13	26	27	7	27	27	1	13	11	26	14	1	26	20	14	8	23	14	27	3	24	14	4	26	14	14	14	27	11	14	1	14	14	14	2	23	1	10	12	7	14	17	2	22	26	2	24	14	14	7	14	26	19	14	14	3	25	14	5	26	14	14	14	12	7	3	20	24	24	14	11	14	14	14	27	14	14	1	11	14	3	10	14	12	12	2	23	15	17	2	27	16	2	7	12	13	27	14	19	14	14	27	2	25	14	4	16	26	26	14	1	14	14	20	2	14	4	26	26	14	14	27	8	8	27	7	20	1	26	14	1	4	8	23	4	14	2	27	20	2	14	14	14	14	14	14	27	27	27	21	11	
DUE_DATE
0	30427	29996	29505	31294	30623	29652	30247	29756	30345	29854	29903	30972	30527	30016	30045	30614	30103	30132	31901	31210	30219	30788	30300	30882	30384	31446	31008	31050	30552	30587	30616	30645	30674	32443	31752	31301	31330	30819	30848	30887	30916	32685	31994	31543	31572	31061	31090	31119	32168	31719	31200	31221	31782	31263	31284	31305	33066	33087	32388	31929	31410	33171	33192	32527	32576	32145	31654	31703	32292	31785	32352	31839	33606	31893	33660	32967	32514	33741	32568	33075	32082	33126	32670	32694	33918	32202	32766	32250	32274	34038	33342	32886	34135	33452	33489	32506	32543	34320	33637	33194	34457	32776	33375	32894	32953	32977	34016	33555	33034	34793	34092	33631	33110	33129	34888	34187	33726	33205	33224	33783	33317	35116	34455	34034	33553	35325	35352	34659	33666	35433	34740	34287	33774	34341	33828	33855	35631	33924	34977	34530	34563	35796	34629	35142	34155	35914	35210	34746	34222	34778	34254	34270	36026	36042	34318	36074	35370	34906	35402	35418	34414	34430	35466	35031	34524	35097	34590	34623	36396	36429	34722	36495	35820	35382	35904	35466	36708	35010	36072	35631	35124	35157	35730	35223	36996	35289	37062	36375	35925	37152	36459	37206	36033	35520	36567	36114	36141	37368	35655	36235	35732	35769	37546	36863	36420	36457	36974	37731	36024	36057	37830	37143	36696	37929	36222	36255	36821	36304	36327	37370	36913	36396	37439	37462	38205	36488	38251	37554	37097	36581	36604	36627	37190	36673	38436	37739	37282	36765	37808	38551	37374	36857	38625	37932	37479	36966	36993	37560	37047	38814	37101	38148	37695	37717	38936	38955	37234	38993	38292	37831	39050	37869	37348	37367	38406	37405	37424	39183	38527	38096	38625	39394	38723	37752	38837	38416	37935	37994	38593	38107	38156	39225	39994	40043	39372	38925	38412	38979	40206	39513	39540	39087	38574	40341	38628	39195	38681	38704	38727	40490	39793	39336	40559	40582	39885	38888	39931	39474	38957	39517	38996	39015	39574	40793	39072	40831	40130	39669	40888	39707	40206	39205	39224	40983	40320	39882	39384	39426	40008	41250	39552	39587	40636	40185	41414	40723	40752	39761	39790	41559	40868	40447	39956	40005	40594	40103	41892	40731	41244	40257	42030	41343	42096	40389	40422	42195	41515	41072	41109	40606	40643	42420	40717	41774	41340	41382	42624	41946	40968	41010	42792	42120	41682	41724	41226	41268	43050	41352	43147	41456	43245	42574	42623	43392	42711	42264	41757	41790	42843	42396	42429	41922	41955	43001	42004	43767	43070	43813	42096	43859	43162	42705	43208	42751	42234	42257	42847	42356	42945	44194	42503	42552	44397	43776	44595	44640	43962	43524	43026	44088	43650	43692	43257	43896	43455	45221	43504	45267	44570	45313	44136	44639	43642	44205	43688	43711	45474	44777	43795	44372	45609	44446	43943	43980	45037	45794	45127	45176	44205	44794	44303	46092	45477	45096	44655	44717	45316	44835	45914	45493	45017	46816	46155	46934	45253	47097	46476	46095	45591	45624	45657	45690	47463	45756	47529	46842	46395	46435	47672	46989	46006	46043	47820	47137	46694	46735	46232	46269	46306	48083	46380	48157	47474	47537	48316	47655	47234	46753	47827	47396	46905	47494	47003	47052	48115	47132	48909	48946	48263	47820	49057	48374	49119	47400	48441	47982	47463	47484	48045	47526	47547	49308	49329	48630	48171	48192	49497	49596	47955	49015	48572	48069	48106	48143	48720	48217	49994	48295	50072	49389	49426	49463	50220	48517	49094	48607	49676	49725	49294	48803	49392	48882	48906	50670	48954	50718	50022	50046	50070	50814	49638	49122	49146	50925	50232	49239	49266	49833	49860	49347	50394	49941	50448	51195	51235	49532	49569	51346	50663	50220	49717	49754	49791	49824	51597	50910	50463	50976	51729	50562	51075	50095	50132	51909	51226	50783	50820	50317	50354	50385	52152	50439	51486	51513	52260	51567	51594	51141	50628	52395	51727	51296	51345	50854	50903	52692	50982	52746	51030	52794	52098	52122	52866	51690	51174	52218	51762	51786	51295	51332	51369	53146	51443	53220	53257	52574	52125	52632	53379	52686	51693	52740	52287	51774	51801	51828	52395	51882	53646	51930	53694	52998	53742	52566	53070	52614	52098	53142	53166	52735	52232	52269	52846	54083	52380	52417	54194	53511	54264	53577	53130	52623	53196	52689	54462	53775	53357	52876	53475	52994	53053	54815	54112	53649	53126	54883	54900	54917	53194	54951	54248	53785	53262	53279	53296	53853	55070	53347	54437	54016	54555	54614	55393	53695	53732	55509	54826	54383	53880	53917	54494	54557	54076	55875	55214	55273	54831	55344	56097	54390	54423	56196	55509	55062	54555	54585	54612	55659	54666	56433	54720	56487	55794	55821	56568	55875	55472	56026	55620	55154	55185	55752	55239	55266	57033	55860	57087	56394	55401	57168	55995	57347	57496	55795	56852	56409	56926	56963	57720	57757	56054	56132	57946	57300	57374	57405	56952	58179	57006	56493	57540	57567	58314	58341	57648	58395	57497	57057	57156	58995	59031	58344	59097	57930	59163	58476	58029	57522	57555	58627	59396	58725	59494	59543	58872	58457	57976	59055	59834	59173	
TRANSPORT_MODE
0	2	4	4	4	2	0	0	0	4	4	1	2	0	0	0	4	4	4	4	4	0	0	0	2	4	4	4	2	0	0	0	1	4	4	4	2	0	0	0	4	4	4	4	2	0	0	0	4	4	4	4	4	0	0	0	0	3	4	4	4	4	0	0	0	2	4	4	4	0	0	0	0	3	4	4	4	4	0	0	0	2	4	4	4	3	0	0	4	4	4	4	4	0	0	0	0	2	4	4	4	3	0	0	0	1	4	4	4	1	0	0	0	0	2	4	4	1	4	0	0	0	3	1	4	4	0	0	0	2	4	4	4	4	0	0	0	3	1	1	4	2	0	0	0	4	4	4	1	4	0	0	0	0	3	4	4	4	2	0	0	1	4	1	4	4	0	0	0	0	3	4	4	4	1	0	0	0	2	4	4	4	0	0	0	3	4	4	4	1	0	0	0	0	2	4	4	4	3	0	0	4	4	4	4	1	0	0	0	0	2	4	4	4	3	0	0	0	4	4	4	1	1	0	0	0	2	1	4	4	4	0	0	0	0	3	1	4	4	0	0	0	2	1	4	4	4	0	0	0	3	1	4	1	2	0	0	4	1	4	4	3	0	0	0	0	4	1	4	1	2	0	0	0	4	4	1	4	4	0	0	0	0	3	4	4	4	2	0	0	0	4	1	1	3	0	0	0	4	1	4	4	2	0	0	0	1	4	1	4	0	0	0	0	3	4	4	4	4	0	0	0	2	1	1	1	4	0	0	0	3	4	4	1	1	0	0	0	0	2	1	4	1	4	0	0	0	3	4	4	4	0	0	0	2	1	4	1	4	0	0	0	3	4	1	1	0	0	0	2	1	4	1	1	0	0	0	0	4	3	4	1	1	0	0	0	2	4	4	4	4	0	0	0	0	4	3	1	1	1	0	0	4	1	1	1	0	0	0	0	3	4	4	4	1	0	0	0	2	1	1	4	0	0	0	4	3	4	1	4	0	0	0	0	4	2	1	1	1	0	0	3	4	4	1	1	0	0	0	0	1	2	1	1	4	0	0	0	4	4	1	1	0	0	0	1	2	4	4	4	0	0	0	0	4	3	1	4	0	0	0	1	2	1	1	1	0	0	0	1	3	1	4	4	0	0	0	1	2	1	1	4	0	0	0	0	4	3	1	1	4	0	0	0	4	4	1	1	0	0	0	1	3	1	1	4	0	0	0	4	2	1	1	0	0	0	1	3	1	4	4	0	0	0	0	1	2	1	1	4	0	0	0	4	3	1	4	1	0	0	0	1	2	1	1	4	0	0	0	1	1	1	1	0	0	0	1	2	1	4	1	0	0	0	1	3	1	4	0	0	0	0	4	2	1	1	4	0	0	0	4	3	1	1	1	0	0	0	1	2	1	1	1	0	0	0	0	1	3	1	4	1	0	0	1	2	1	1	0	1	0	0	0	4	3	1	1	4	0	0	0	4	2	4	1	0	0	0	1	3	1	1	1	0	0	0	1	2	1	1	1	0	0	0	3	1	1	1	1	0	0	0	0	4	2	1	1	1	0	0	0	1	3	4	1	1	0	0	0	2	4	1	1	1	0	0	0	3	1	1	1	0	0	0	2	1	1	1	1	0	0	0	0	1	3	1	1	1	0	0	2	1	1	1	4	0	0	0	0	1	3	1	4	1	0	0	0	2	1	1	1	1	0	0	0	3	1	1	1	1	0	0	0	3	1	1	1	0	0	0	3	1	1	1	1	0	0	0	3	1	1	1	1	0	0	0	3	1	4	1	1	0	0	0	0	3	1	1	1	1	0	0	0	3	1	1	1	1	0	0	0	
DISTANCE_MATRIX
60	360	318	300	288	276	264	264	150	150	150	60	90	90	162	168	204	228	234	312	360	408	348	318	168	192	168	318	
360	60	264	318	324	342	342	342	348	348	354	360	372	378	378	420	420	480	462	498	462	462	384	420	372	420	378	378	
318	264	60	270	276	288	288	288	294	294	294	318	318	324	324	414	414	468	462	486	462	462	330	366	366	408	372	324	
300	318	270	60	276	288	288	288	288	288	288	300	300	312	318	408	408	468	462	486	438	438	318	360	360	402	360	312	
288	324	276	276	60	276	276	276	276	276	276	288	288	300	300	402	396	462	456	480	432	432	300	360	360	402	348	300	
276	342	288	288	276	60	180	180	252	258	264	264	264	288	288	390	390	456	450	480	432	432	288	348	348	348	288	288	
264	342	288	288	276	180	60	180	246	258	264	264	264	288	288	390	390	456	450	480	432	432	288	348	348	348	288	288	
264	342	288	288	276	180	180	60	240	258	264	264	264	288	288	390	390	456	450	480	432	432	288	348	348	348	288	288	
150	348	294	288	276	252	246	240	60	120	120	150	126	270	270	378	384	420	438	480	420	408	276	300	300	300	276	270	
150	348	294	288	276	258	258	258	120	60	120	150	150	270	270	378	384	420	438	480	420	408	276	300	300	300	276	270	
150	354	294	288	276	264	264	264	120	120	60	150	150	270	270	378	384	420	438	480	420	408	276	300	300	300	276	270	
60	360	318	300	288	264	264	264	150	150	150	60	90	162	168	228	234	312	360	408	348	318	168	192	192	198	168	162	
90	372	318	300	288	264	264	264	150	150	150	90	60	162	168	228	234	312	360	408	348	318	168	192	192	198	168	162	
90	378	324	312	300	288	288	288	270	270	270	162	162	60	120	180	180	306	210	360	300	300	120	180	120	180	120	234	
162	378	324	318	300	288	288	288	270	270	270	168	168	120	60	180	180	306	210	360	300	300	120	180	120	180	120	120	
168	420	414	408	402	348	348	348	300	300	300	228	228	180	180	60	132	204	132	348	258	258	186	60	180	132	222	180	
204	420	414	408	396	390	390	390	384	384	384	234	234	180	180	132	60	204	132	348	258	258	186	60	180	132	222	180	
228	480	468	468	462	456	456	456	420	420	420	312	312	306	306	204	204	60	198	120	240	240	306	204	306	138	306	306	
234	462	462	462	456	450	450	450	438	438	438	360	360	210	210	132	132	198	60	138	132	132	210	132	210	132	210	210	
312	498	486	486	480	480	480	480	480	480	480	408	408	360	360	348	348	120	138	60	348	348	360	348	360	348	360	360	
360	462	462	438	432	432	432	432	420	420	420	348	348	300	300	258	258	240	132	348	60	60	300	258	300	258	300	300	
408	462	462	438	432	432	432	432	408	408	408	318	318	300	300	258	258	240	132	348	60	60	300	258	300	258	300	300	
348	384	330	318	300	288	288	288	276	276	276	168	168	120	120	186	186	306	210	360	300	300	60	186	120	186	120	120	
318	420	366	360	360	348	348	348	300	300	300	192	192	180	180	60	60	204	132	348	258	258	186	60	180	60	180	180	
168	372	300	306	300	288	288	288	270	270	270	168	168	120	120	180	180	306	210	360	300	300	120	180	60	180	120	120	
192	420	408	402	402	348	348	348	300	300	300	198	198	180	180	132	132	138	132	348	258	258	186	60	180	60	180	180	
168	378	372	360	348	288	288	288	276	276	276	168	168	120	120	222	222	306	210	360	300	300	120	180	120	180	60	120	
318	378	324	312	300	288	288	288	270	270	270	162	162	234	120	180	180	306	210	360	300	300	120	180	120	180	120	60	
DEPOT_DISTANCE_MATRIX
60	360	318	300	288	276	264	264	150	150	150	60	90	90	162	168	204	228	234	312	360	408	348	318	168	192	168	318	
162	378	324	318	300	288	288	288	270	270	270	168	168	120	60	180	180	306	210	360	300	300	120	180	120	180	120	120	
318	420	366	360	360	348	348	348	300	300	300	192	192	180	180	60	60	204	132	348	258	258	186	60	180	60	180	180	
PATIENT_WEIGHT
147	88	68	74	79	74	111	88	66	41	140	56	124	49	71	147	54	38	129	121	46	130	46	69	133	32	139	129	138	139	110	68	148	131	68	129	43	79	92	148	66	32	143	38	82	34	89	36	32	40	107	147	71	87	112	55	91	48	103	65	87	109	71	140	59	78	54	112	99	126	144	141	113	97	126	120	143	135	54	58	37	139	34	55	37	96	114	98	37	101	68	67	39	48	101	90	118	72	85	120	129	85	53	109	61	103	138	90	113	110	48	128	86	110	85	34	35	144	70	63	114	65	56	68	107	148	35	88	56	123	70	114	121	130	92	60	35	147	110	121	68	52	114	138	45	146	119	144	39	123	49	84	113	38	32	78	144	97	82	31	139	134	90	135	111	79	148	96	81	146	124	99	40	115	147	60	40	65	58	43	37	145	72	107	84	121	123	104	121	92	148	123	77	114	147	43	113	144	71	93	53	59	70	84	99	99	133	56	116	63	91	74	54	87	31	52	92	53	138	69	41	97	71	115	126	38	85	34	70	94	34	50	133	124	82	43	59	128	77	92	118	35	75	77	106	112	35	142	134	39	54	85	48	60	83	110	91	82	136	150	107	145	79	41	140	68	51	141	122	83	92	146	89	35	47	42	85	95	82	95	61	105	56	143	77	102	125	48	42	67	109	118	31	53	52	71	79	126	99	52	68	78	100	62	53	70	85	69	117	120	65	73	69	143	35	65	102	148	87	69	65	143	46	111	118	141	53	70	35	59	131	63	116	68	135	38	104	140	85	95	89	108	61	84	70	94	114	49	99	127	79	53	43	99	37	97	45	40	116	139	79	98	61	56	70	149	62	74	67	42	141	97	69	59	112	123	135	44	70	109	52	106	60	122	65	60	84	73	145	49	89	75	71	126	52	38	126	76	131	31	130	40	68	82	113	38	31	45	33	82	134	81	53	55	44	65	40	89	124	92	76	50	64	126	131	136	118	46	129	146	108	39	84	109	46	90	35	143	50	67	42	46	77	49	57	132	48	51	55	65	138	142	81	144	91	138	38	145	46	46	103	105	124	56	150	99	134	108	66	63	46	77	118	64	83	138	34	48	51	114	67	96	105	85	67	49	87	124	121	133	58	53	131	63	78	111	144	62	87	97	52	69	49	92	115	95	61	74	128	95	99	121	61	115	111	150	48	149	119	123	146	85	113	109	130	147	94	82	42	110	30	79	113	49	133	116	78	86	148	128	43	132	117	113	34	146	145	144	94	83	93	103	74	139	110	115	130	113	44	39	103	77	101	51	81	107	104	99	101	97	98	118	100	116	42	67	31	113	53	111	72	144	64	65	150	129	148	142	81	65	32	56	40	91	146	34	71	128	86	108	121	115	50	96	64	31	46	89	49	108	71	82	46	99	149	103	124	54	94	72	104	101	131	98	52	142	85	49	42	45	132	72	99	143	114	134	66	90	137	112	139	141	83	60	119	100	135	64	53	120	89	135	41	66	142	119	80	130	108	68	132	31	115	83	30	55	50	139	139	82	146	59	94	42	116	58	32	128	54	142	131	51	57	35	45	72	103	137	97	137	115	111	59	54	93	82	120	107	135	146	137	71	88	74	100	77	123	87	33	102	106	150	46	134	80	89	71	127	108	40	144	45	95	52	65	46	85	84	149	127	131	88	86	116	73	131	59	53	116	116	144	139	58	138	44	71	60	48	77	35	143	119	41	132	36	64	77	135	66	66	48	33	142	79	71	138	90	146	75	133	80	74	87	81	69	125	150	52	137	117	107	39	136	110	118	87	108	133	147	61	38	136	74	58	30	148	46	82	43	73	51	
LOCATION_TURN_MATRIX
100	130	122	113	112	199	136	122	129	152	173	146	151	136	158	140	176	113	122	167	194	134	110	172	114	184	100	147	
170	100	154	188	164	169	136	136	152	170	104	183	155	115	101	104	155	187	174	115	149	134	178	168	114	135	168	102	
178	146	100	161	178	114	104	165	117	139	126	169	192	109	120	179	160	152	154	134	113	140	154	179	196	196	192	181	
187	112	139	100	158	114	195	181	104	132	195	106	183	169	132	170	140	136	172	148	116	110	123	136	151	120	176	169	
188	136	122	142	100	175	164	159	112	100	167	164	135	191	132	181	104	123	142	156	108	117	193	182	116	147	156	185	
101	131	186	186	125	100	190	147	164	150	137	102	145	176	185	131	113	108	117	186	118	151	140	178	154	189	172	110	
164	164	196	105	136	110	100	186	153	151	183	193	111	157	144	123	188	142	110	163	105	190	166	187	170	171	186	126	
178	164	135	119	141	153	114	100	106	130	108	103	151	178	122	151	130	133	184	177	110	141	166	110	122	174	191	197	
171	148	183	196	188	136	147	194	100	167	100	146	168	129	128	142	172	118	174	147	105	158	156	160	120	106	119	136	
148	130	161	168	200	150	149	170	133	100	177	106	175	116	188	180	176	194	108	146	130	187	183	173	128	141	169	176	
127	196	174	105	133	163	117	192	200	123	100	171	175	140	183	115	104	186	128	153	151	175	100	146	191	117	132	197	
154	117	131	194	136	198	107	197	154	194	129	100	136	184	140	147	172	184	148	131	103	156	185	200	152	158	154	143	
149	145	108	117	165	155	189	149	132	125	125	164	100	140	199	142	101	144	163	185	117	191	200	143	113	165	102	154	
164	185	191	131	109	124	143	122	171	184	160	116	160	100	109	116	196	113	131	186	166	139	183	175	144	161	105	170	
142	199	180	168	168	115	156	178	172	112	117	160	101	191	100	147	177	177	199	158	172	188	164	175	180	168	154	195	
160	196	121	130	119	169	177	149	158	120	185	153	158	184	153	100	152	159	197	157	181	159	102	123	168	200	124	186	
124	145	140	160	196	187	112	170	128	124	196	128	199	104	123	148	100	149	114	112	117	135	105	132	138	180	198	156	
187	113	148	164	177	192	158	167	182	106	114	116	156	187	123	141	151	100	166	132	168	163	159	123	129	173	161	116	
178	126	146	128	158	183	190	116	126	192	172	152	137	169	101	103	186	134	100	184	199	137	130	160	148	113	140	150	
133	185	166	152	144	114	137	123	153	154	147	169	115	114	142	143	188	168	116	100	111	195	128	157	191	164	141	171	
106	151	187	184	192	182	195	190	195	170	149	197	183	134	128	119	183	132	101	189	100	129	151	163	147	166	104	177	
166	166	160	190	183	149	110	159	142	113	125	144	109	161	112	141	165	137	163	105	171	100	101	185	169	129	103	197	
190	122	146	177	107	160	134	134	144	117	200	115	100	117	136	198	195	141	170	172	149	199	100	106	150	116	118	145	
128	132	121	164	118	122	113	190	140	127	154	100	157	125	125	177	168	177	140	143	137	115	194	100	128	167	115	155	
186	186	104	149	184	146	130	178	180	172	109	148	187	156	120	132	162	171	152	109	153	131	150	172	100	155	124	184	
116	165	104	180	153	111	129	126	194	159	183	142	135	139	132	100	120	127	187	136	134	171	184	133	145	100	129	192	
200	132	108	124	144	128	114	109	181	131	168	146	198	195	146	176	102	139	160	159	196	197	182	185	176	171	100	146	
153	198	119	131	115	190	174	103	164	124	103	157	146	130	105	114	144	184	150	129	123	103	155	145	116	108	154	100	

