INDEX_PROBLEM
1
PATIENTS
800
STRETCHERS
16
NUM_ROOM
28
NUM_DEPOTS
3
NUM_PRIORITY
4
PRIORITY_LIST
0	1	2	3	4	
PRIORITY_WEIGHT
0	1	10	18	30	
PRIORITY_JOB
0	1	2	3	4	3	4	3	2	3	4	4	1	4	4	4	2	3	4	4	1	3	4	3	2	3	4	2	3	4	4	3	4	4	1	2	3	4	4	3	4	4	2	3	4	4	3	4	4	4	1	2	3	4	4	4	4	1	4	2	3	2	1	2	4	4	1	2	3	3	4	4	1	4	4	1	2	2	1	1	3	4	2	3	4	3	4	4	1	4	1	2	3	2	1	2	1	4	4	2	3	3	4	4	4	1	4	1	2	3	2	1	4	3	4	4	2	4	3	4	3	1	4	1	2	2	2	1	3	4	4	2	2	4	3	4	3	1	4	1	2	2	1	1	3	4	4	1	2	4	3	4	4	3	4	4	2	2	1	3	3	4	4	1	2	4	4	4	2	3	1	4	4	3	1	2	2	3	4	1	2	3	4	3	3	4	1	4	2	1	2	1	2	3	4	1	2	4	4	4	3	1	4	4	1	2	1	2	2	3	4	4	2	3	4	4	1	3	1	4	4	1	3	2	1	2	3	4	4	4	4	3	4	2	3	1	4	1	2	3	1	2	3	4	4	2	3	4	4	2	3	1	4	1	1	2	1	2	3	4	4	1	4	3	4	2	3	1	4	2	2	1	3	2	3	4	4	4	1	4	4	4	2	3	1	4	1	2	3	1	2	3	4	4	1	3	4	2	3	1	4	4	2	2	3	2	2	3	4	1	4	4	4	2	3	1	4	4	1	2	1	3	1	2	3	4	2	3	4	4	3	4	1	4	1	2	1	2	4	2	3	4	4	4	3	4	2	3	4	1	4	3	1	2	1	2	3	4	2	3	4	4	2	3	1	4	1	2	1	2	2	3	4	4	1	3	4	4	2	3	1	4	4	1	3	1	2	3	4	4	1	4	4	4	3	2	3	1	4	2	1	2	2	4	3	4	1	4	1	3	2	3	1	4	4	2	2	4	2	3	3	4	1	4	3	4	2	3	1	4	4	3	1	1	1	2	3	4	2	4	4	3	2	3	4	1	4	1	1	2	1	2	3	4	4	4	3	4	4	2	3	1	4	1	3	2	2	3	4	4	2	3	4	1	3	1	3	4	1	2	2	1	2	3	4	4	1	4	3	4	2	1	3	4	2	2	1	3	4	3	4	4	4	1	3	4	4	2	3	1	4	1	2	1	2	2	3	4	4	1	3	4	2	1	3	4	2	3	1	3	3	3	4	1	2	4	4	3	3	1	4	4	1	2	2	1	2	3	4	2	3	4	4	4	1	4	1	4	4	1	2	1	2	2	3	4	2	3	4	3	4	3	1	4	4	1	1	3	2	3	4	2	3	3	4	2	3	1	4	1	2	1	2	2	3	4	4	1	2	4	3	4	1	3	4	2	3	1	2	1	4	4	4	1	2	4	4	3	4	1	3	4	2	3	1	2	3	4	4	1	2	3	4	4	1	3	4	2	3	1	2	1	3	4	1	2	3	3	4	3	1	4	4	1	2	2	2	1	3	4	2	3	4	4	4	4	1	4	1	2	3	2	1	3	1	4	4	2	3	3	4	3	1	4	1	2	3	2	1	2	4	4	2	3	4	4	3	1	4	4	1	2	1	2	2	3	4	4	1	2	4	3	4	1	3	4	2	3	1	2	1	4	4	4	1	2	3	4	3	4	1	4	2	3	3	1	2	1	4	4	1	2	3	3	4	1	4	4	2	2	1	2	4	1	3	4	1	2	2	1	2	1	3	4	4	1	1	3	1	1	2	3	4	2	2	1	2	1	3	4	4	4	1	2	2	1	2	3	4	1	2	1	1	1	2	3	4	4	2	1	3	
TIME_ASKED
0	28800	28800	28800	28800	28800	28800	28800	28800	28800	28800	28800	28800	28800	28800	28800	28800	29545	29574	29603	29632	29661	29690	29742	29784	29826	29868	29910	29952	29994	30029	30058	30087	30116	30145	30174	30203	30232	30261	30290	30329	30358	30387	30416	30445	30474	30503	30532	30561	30590	30621	30642	30663	30684	30705	30726	30747	30768	30789	30810	30831	30852	30873	30894	30949	30998	31047	31096	31145	31194	31227	31254	31281	31308	31335	31362	31389	31416	31443	31470	31497	31524	31548	31572	31596	31620	31644	31668	31692	31716	31740	31764	31788	31837	31874	31911	31948	31985	32022	32059	32096	32159	32218	32277	32336	32395	32419	32438	32457	32476	32495	32514	32533	32552	32571	32590	32609	32628	32647	32666	32685	32759	32818	32877	32936	32995	33027	33054	33081	33108	33135	33162	33189	33216	33243	33270	33297	33333	33366	33399	33432	33465	33498	33531	33564	33597	33616	33632	33648	33664	33680	33696	33712	33728	33744	33760	33776	33792	33808	33824	33840	33856	33872	33888	33933	33966	33999	34032	34065	34098	34131	34164	34197	34242	34284	34326	34368	34410	34452	34494	34533	34566	34599	34632	34665	34698	34731	34764	34797	34827	34854	34881	34908	34935	34962	34989	35016	35043	35070	35097	35137	35174	35211	35248	35285	35322	35359	35396	35433	35466	35499	35532	35565	35598	35631	35664	35697	35723	35746	35769	35792	35815	35838	35861	35884	35907	35930	35953	35976	35999	36023	36046	36069	36092	36115	36138	36161	36184	36207	36230	36253	36276	36299	36327	36354	36381	36408	36435	36462	36489	36516	36543	36570	36597	36619	36638	36657	36676	36695	36714	36733	36752	36771	36790	36809	36828	36847	36866	36885	36949	36998	37047	37096	37145	37194	37259	37318	37377	37436	37495	37549	37598	37647	37696	37745	37794	37827	37854	37881	37908	37935	37962	37989	38016	38043	38070	38097	38123	38146	38169	38192	38215	38238	38261	38284	38307	38330	38353	38376	38399	38419	38438	38457	38476	38495	38514	38533	38552	38571	38590	38609	38628	38647	38666	38685	38742	38784	38826	38868	38910	38952	38994	39029	39058	39087	39116	39145	39174	39203	39232	39261	39290	39349	39398	39447	39496	39545	39594	39633	39666	39699	39732	39765	39798	39831	39864	39897	39937	39974	40011	40048	40085	40122	40159	40196	40242	40284	40326	40368	40410	40452	40494	40542	40584	40626	40668	40710	40752	40794	40849	40898	40947	40996	41045	41094	41133	41166	41199	41232	41265	41298	41331	41364	41397	41423	41446	41469	41492	41515	41538	41561	41584	41607	41630	41653	41676	41699	41749	41798	41847	41896	41945	41994	42099	42198	42297	42342	42384	42426	42468	42510	42552	42594	42699	42798	42897	42923	42946	42969	42992	43015	43038	43061	43084	43107	43130	43153	43176	43199	43237	43274	43311	43348	43385	43422	43459	43496	43549	43598	43647	43696	43745	43794	43899	43998	44097	44159	44218	44277	44336	44395	44459	44518	44577	44636	44695	44799	44898	44997	45033	45066	45099	45132	45165	45198	45231	45264	45297	45337	45374	45411	45448	45485	45522	45559	45596	45637	45674	45711	45748	45785	45822	45859	45896	45959	46018	46077	46136	46195	46249	46298	46347	46396	46445	46494	46537	46574	46611	46648	46685	46722	46759	46796	46821	46842	46863	46884	46905	46926	46947	46968	46989	47010	47031	47052	47073	47094	47199	47298	47397	47437	47474	47511	47548	47585	47622	47659	47696	47737	47774	47811	47848	47885	47922	47959	47996	48049	48098	48147	48196	48245	48294	48324	48348	48372	48396	48420	48444	48468	48492	48516	48540	48564	48588	48627	48654	48681	48708	48735	48762	48789	48816	48843	48870	48897	48937	48974	49011	49048	49085	49122	49159	49196	49233	49266	49299	49332	49365	49398	49431	49464	49497	49537	49574	49611	49648	49685	49722	49759	49796	49827	49854	49881	49908	49935	49962	49989	50016	50043	50070	50097	50149	50198	50247	50296	50345	50394	50424	50448	50472	50496	50520	50544	50568	50592	50616	50640	50664	50688	50737	50774	50811	50848	50885	50922	50959	50996	51027	51054	51081	51108	51135	51162	51189	51216	51243	51270	51297	51324	51348	51372	51396	51420	51444	51468	51492	51516	51540	51564	51588	51637	51674	51711	51748	51785	51822	51859	51896	51933	51966	51999	52032	52065	52098	52131	52164	52197	52259	52318	52377	52436	52495	52517	52534	52551	52568	52585	52602	52619	52636	52653	52670	52687	52704	52721	52738	52755	52772	52789	52859	52918	52977	53036	53095	53137	53174	53211	53248	53285	53322	53359	53396	53459	53518	53577	53636	53695	53733	53766	53799	53832	53865	53898	53931	53964	53997	54027	54054	54081	54108	54135	54162	54189	54216	54243	54270	54297	54374	54448	54522	54596	54627	54654	54681	54708	54735	54762	54789	54816	54843	54870	54897	55049	55198	55237	55274	55311	55348	55385	55422	55459	55496	55574	55648	55722	55796	55827	55854	55881	55908	55935	55962	55989	56016	56043	56070	56097	56399	56499	56598	56697	56733	56766	56799	56832	56865	56898	56931	56964	56997	57049	57098	57147	57196	57245	57294	57359	57418	57477	57536	57595	
ORIGIN
0	16	6	27	19	14	27	23	25	25	23	10	2	26	14	1	15	14	3	23	14	14	26	16	14	14	16	7	9	27	7	26	14	9	1	23	14	14	23	2	4	14	14	3	2	2	14	14	14	6	27	18	7	27	20	8	15	14	10	2	23	26	2	26	14	23	23	14	14	19	8	12	14	14	7	27	7	9	3	14	3	14	23	11	14	14	14	3	3	14	14	24	14	5	1	24	14	14	18	7	27	27	20	1	14	25	14	23	20	2	14	14	14	14	14	4	24	15	25	14	16	3	3	3	3	22	14	11	11	2	10	2	23	14	14	14	16	26	27	27	14	9	16	26	9	26	9	27	20	14	14	2	2	2	26	27	27	2	14	14	14	4	26	24	15	4	26	16	8	8	26	26	26	14	14	8	8	14	14	23	12	2	8	14	14	5	14	14	27	9	9	5	5	14	14	20	8	2	2	13	5	14	14	2	14	5	5	24	24	14	14	14	4	16	20	5	24	15	14	14	14	14	14	14	14	14	14	25	2	23	14	3	14	14	25	25	27	14	14	14	25	16	10	8	27	23	4	23	14	14	14	16	14	27	14	14	7	14	9	7	26	9	5	14	27	14	9	2	26	14	14	14	14	14	9	4	23	13	3	23	14	20	14	14	14	14	1	25	14	5	14	3	23	8	12	25	10	2	14	14	14	1	14	1	2	9	9	3	16	5	13	9	14	5	13	20	20	14	14	4	23	26	17	27	13	2	8	14	5	23	14	14	1	7	14	3	1	14	14	14	8	1	23	10	26	14	12	14	26	14	4	14	14	27	16	8	5	26	23	6	14	4	4	14	14	14	7	7	14	26	7	4	2	23	14	14	26	14	23	23	7	23	14	26	14	27	14	2	1	23	10	1	27	2	4	26	14	14	14	14	14	4	11	23	14	1	11	3	14	14	14	14	14	3	1	17	10	14	14	14	23	14	3	14	14	14	5	27	14	1	26	2	14	5	5	27	23	10	1	14	14	14	14	14	14	14	14	23	14	23	14	14	16	6	27	19	7	27	22	27	10	23	14	25	14	4	16	3	14	3	23	14	1	4	8	1	1	1	14	4	26	26	14	20	9	26	26	11	26	26	1	27	27	14	2	2	26	2	4	14	5	27	18	7	26	26	17	3	17	17	2	22	23	2	2	26	3	23	14	26	24	14	11	25	25	4	4	26	14	14	23	17	1	23	11	14	23	1	7	7	14	14	15	15	14	14	14	23	26	17	7	8	11	2	14	8	14	2	27	14	14	14	9	6	23	14	4	9	15	4	3	3	3	26	14	2	2	25	12	1	23	10	2	14	14	26	10	6	27	15	14	26	7	23	20	26	16	7	27	26	1	2	1	3	9	20	16	14	20	14	8	23	14	3	24	14	4	2	17	3	3	26	14	17	14	14	14	14	10	2	1	12	14	24	14	14	27	14	14	26	26	26	14	14	7	26	19	9	14	14	7	3	23	20	23	14	14	14	23	14	3	24	14	11	2	1	14	26	18	14	26	26	14	24	9	10	1	23	12	2	23	25	25	25	14	27	11	11	15	2	16	6	27	19	14	27	2	15	15	20	10	22	14	1	10	13	14	3	23	14	4	26	4	27	13	14	7	26	20	14	23	8	9	1	23	4	8	23	26	26	14	14	4	11	14	1	14	14	6	27	18	14	27	21	7	14	23	10	22	26	2	24	24	14	3	23	14	14	14	16	14	7	16	7	27	26	14	14	14	9	1	23	14	14	23	13	14	14	14	3	24	14	1	14	14	5	27	18	7	27	20	8	25	17	10	1	23	2	7	13	2	
DESTINATION
0	14	17	2	22	26	2	26	14	14	27	14	14	14	16	14	14	25	14	4	9	9	3	14	9	9	16	20	14	23	13	14	3	14	14	27	5	5	1	24	14	5	26	14	27	27	20	8	25	17	2	27	20	2	14	14	14	16	14	14	27	14	27	23	15	3	3	26	2	22	14	11	15	2	20	2	13	14	26	16	26	26	27	15	9	9	16	26	14	9	9	1	4	14	23	2	4	26	27	20	2	2	14	14	8	14	8	27	7	27	20	8	8	4	26	14	2	14	14	8	14	23	23	23	23	19	8	12	12	14	14	14	27	9	9	5	14	3	23	23	2	14	14	3	14	14	14	2	14	5	5	24	24	14	14	18	18	27	20	1	1	14	14	2	14	14	14	14	14	14	14	14	14	15	25	14	14	16	25	27	11	14	14	25	16	14	2	10	23	14	14	14	14	16	26	14	14	14	14	7	14	26	9	27	20	14	14	2	2	2	3	26	14	14	14	14	2	14	4	26	15	4	4	26	16	20	9	14	14	1	25	14	26	26	14	14	23	2	2	8	14	14	14	14	2	27	14	1	5	9	9	14	20	23	2	2	13	5	14	20	3	17	14	4	23	5	17	14	14	4	20	16	5	15	14	14	1	7	14	3	1	14	9	2	25	2	23	14	3	14	25	14	26	14	11	14	14	14	16	8	8	14	4	23	27	14	14	14	14	14	7	14	26	14	7	7	7	4	5	14	27	14	9	23	7	14	14	26	14	27	8	4	23	13	3	23	14	20	25	26	14	14	27	14	14	4	11	3	23	8	23	25	10	2	14	14	14	3	1	17	10	14	14	3	3	16	13	13	9	14	13	14	14	1	26	2	14	5	27	27	13	27	8	14	5	23	5	14	14	27	14	14	23	14	14	14	8	1	10	10	26	14	12	27	10	23	12	14	4	4	16	8	5	26	23	6	14	4	4	26	1	25	14	4	26	26	14	23	2	23	14	14	26	14	14	23	27	14	14	2	26	2	4	1	1	1	1	27	1	27	2	3	14	17	2	22	23	2	2	23	14	1	3	14	3	14	14	26	25	14	4	26	14	14	14	23	23	23	3	14	14	14	5	7	14	14	14	15	14	14	23	23	23	10	14	14	14	14	14	8	14	2	27	20	14	14	9	14	6	6	27	19	7	27	22	3	14	3	26	3	2	25	12	14	14	23	23	14	1	26	27	6	14	27	15	26	7	23	20	20	9	26	11	11	26	26	26	1	3	9	20	14	20	14	4	14	5	27	18	26	26	26	17	17	3	26	14	17	14	14	26	26	23	14	25	24	24	14	11	14	27	14	14	26	26	14	14	17	23	11	9	14	23	1	7	3	16	20	2	14	14	14	23	26	17	7	14	8	11	2	14	1	26	14	2	26	14	24	9	23	23	14	4	9	15	4	15	25	14	14	23	11	15	2	1	1	23	2	10	14	14	3	15	26	20	14	22	14	1	10	20	26	27	7	27	26	1	2	27	26	14	1	26	20	14	23	8	14	27	3	14	14	4	2	17	14	14	27	11	14	1	14	14	14	2	23	12	12	14	24	14	17	2	22	26	2	24	14	14	7	14	19	9	14	14	7	25	14	5	26	14	14	14	23	7	3	20	14	11	2	1	14	14	14	27	14	14	1	14	14	10	10	14	12	2	23	25	8	17	2	27	16	2	7	13	16	27	14	19	14	27	2	2	25	14	4	16	26	26	14	1	13	14	20	2	14	4	26	4	14	14	27	26	8	27	7	26	9	26	14	1	4	23	26	26	14	2	27	20	2	14	14	14	6	14	14	27	27	21	7	24	
DUE_DATE
0	31147	30476	30045	29554	30143	29652	30247	30776	30345	29854	29903	31692	29987	30016	30045	31094	30643	30132	30161	31930	30759	30248	30840	31362	30924	30426	31488	31050	30552	30587	31156	30645	30674	32443	31752	31301	30790	30819	31388	30887	30916	31965	31514	31003	31032	31601	31090	31119	31148	32919	32220	31761	31242	31263	31284	31305	33066	31347	32388	31929	32430	33171	32472	31507	31556	33345	32674	32243	32292	31785	31812	33579	31866	31893	33660	32967	32994	33741	33768	32595	32082	33126	32670	32154	32718	32202	32226	33990	32274	34038	33342	32886	33415	34172	33489	34246	32543	32580	33637	33194	33257	32776	32835	32894	34693	32977	34736	34035	33574	34073	34812	33091	33650	33129	33148	34187	33186	33745	33224	33783	35057	33376	35175	34514	34573	34605	35352	34179	33666	33693	34740	34767	33774	34341	33828	34395	35631	33924	35697	35010	35043	35796	35829	34662	34155	34174	35930	35226	34222	34778	34254	34270	34826	34302	34318	35354	35370	36106	34922	34938	34414	34430	36186	35511	34524	34557	34590	35643	35196	36429	34722	34755	35340	36582	35904	35946	35508	35010	36792	36111	35664	35157	35730	35763	35256	37029	35322	36375	37125	36432	37179	36486	36033	35520	37287	36594	35601	35628	35655	36235	37472	35769	35806	37583	36900	37657	36974	37011	36564	36057	36090	37143	36696	36189	36222	37995	36821	38044	36327	36350	38113	36936	37439	38182	37485	37028	36511	36534	36557	36581	37144	36627	37670	37213	38436	36719	38482	37785	37328	38551	37854	37397	36885	36912	37959	37506	36993	37020	38067	37614	38841	37128	38895	38917	38216	38955	38254	37793	37272	37291	39050	37329	37888	37367	38406	37945	39164	37443	38527	38576	39345	38194	38723	38292	37817	37876	37935	39734	38053	38107	38156	39225	38794	40043	38352	40125	39432	38979	40206	39513	39060	38547	38574	40341	39168	38655	39701	39244	40467	38750	38773	39816	39839	39382	39885	39908	39451	38934	40697	38977	38996	39015	40054	39593	40812	39091	39110	40869	40168	40907	39726	40945	40244	39783	39300	40362	39924	39426	39468	40050	39552	41327	39616	41385	40694	41443	40752	39761	40810	40359	39848	39907	39956	40545	40054	41123	40692	40191	41964	40257	40830	42063	41376	42129	41442	40995	40495	41552	41109	40606	40643	41700	41257	42494	40800	42582	41904	42666	41988	42030	41592	41100	41142	42924	41766	41268	41310	42372	41947	43196	41505	41554	43343	42192	43431	42744	42297	41790	41823	43596	41889	41922	41955	42521	43024	42567	43790	42073	43116	43859	43162	43185	42188	42751	42234	43997	42307	44096	42945	43474	43043	44292	42657	42756	43875	43920	42942	44004	43566	43608	43110	44892	43257	43896	43455	44501	44044	45267	43550	43573	44136	45359	45382	45405	44708	44251	43734	44777	43795	43832	44409	44926	44483	43980	45757	44054	45847	45896	45225	45994	45323	44892	44457	44556	44655	45257	44776	44835	45914	45493	46757	45076	46875	45734	46273	46377	45996	45555	45591	46644	46197	45690	47463	46296	47529	46362	45855	47635	46952	46989	47746	47063	46620	46117	46154	47935	46232	46809	46306	47363	48120	46957	46454	47537	47596	48375	47234	46753	47347	46856	46905	46954	48743	47592	47095	47132	48189	47746	48983	47280	49057	48374	49119	48420	48441	47982	47463	47484	49245	48066	47547	48588	49329	48150	47631	48672	48297	49596	48495	48535	48572	48069	49846	49163	48180	48217	48794	48835	50072	48369	48406	50183	49500	49537	50294	49627	49196	48705	49774	49343	48852	48882	48906	50670	48954	50718	49002	49026	50790	50094	50838	50142	50166	49725	49212	50259	49806	49293	49860	49347	49914	51141	49428	49455	51235	51272	50109	50626	50183	49680	50737	50294	50331	49824	50877	50430	51663	49956	51729	51042	51795	51115	51152	50709	50206	50243	52020	51337	50354	50925	50412	52179	51006	50493	51540	51087	52314	51621	52368	50655	50707	50756	52545	51874	50903	50952	51522	51006	52770	51594	51078	52122	51666	52890	52194	51738	51222	51246	53035	52352	51909	51406	51443	53220	52057	51554	52605	52152	53379	52686	53433	52260	51747	53514	52821	52368	52395	51882	52446	53670	51954	51978	53742	53046	53070	53094	53838	52662	52146	53215	52772	52269	52306	52343	52380	54157	52454	54231	53544	53097	53610	54363	53196	54429	52722	52755	53837	53416	53475	52994	53593	54815	53092	54849	54146	53683	54180	54917	54214	53211	53228	54265	53802	53279	53296	53853	55070	53347	53417	55216	54555	55334	54673	54715	54272	53769	53806	55583	54900	53917	54494	54017	55816	54675	54194	55273	54831	56064	55377	56130	54423	54456	54489	56262	55575	55125	54612	55179	54666	56433	54720	55767	55314	55341	56568	55875	56672	55006	55080	56894	56205	55752	55779	55266	57033	55320	55347	56394	56421	57168	56475	55607	57496	56335	55832	57609	56926	56963	57720	57037	57794	56672	56206	56280	58094	58125	56952	58179	58206	57513	57060	56547	57594	57621	58368	57675	58697	57597	57156	57255	57291	59064	58377	58410	59163	58476	58029	57522	59295	58627	59396	59445	59494	58823	58392	57917	57976	59055	59834	58693	
TRANSPORT_MODE
0	2	4	4	4	0	0	0	2	4	4	4	4	0	0	0	2	4	4	4	4	0	0	0	2	4	4	4	4	0	0	0	2	4	4	4	4	0	0	0	0	4	4	4	4	0	0	0	2	4	1	4	4	0	0	0	0	3	4	4	4	0	0	0	4	2	1	4	1	0	0	0	3	4	4	4	4	0	0	0	2	1	4	4	4	0	0	0	3	4	1	4	4	0	0	0	0	4	1	4	4	0	0	0	4	3	4	4	4	0	0	0	0	4	2	1	4	0	0	0	4	3	4	4	4	0	0	0	4	2	4	4	4	0	0	0	4	3	4	4	4	0	0	0	4	2	4	4	4	0	0	0	0	4	4	1	4	0	0	0	4	2	4	4	4	0	0	0	0	4	3	4	1	0	0	0	1	1	2	4	4	0	0	0	4	4	3	1	4	0	0	0	4	2	4	1	4	0	0	0	4	3	1	1	4	0	0	0	4	2	4	4	4	0	0	0	0	4	3	1	4	4	0	0	0	4	1	2	4	0	0	0	0	4	4	3	1	4	0	0	0	4	4	2	1	4	0	0	0	4	4	3	4	4	0	0	0	4	4	2	1	1	0	0	0	4	4	3	1	1	0	0	0	0	4	1	2	4	4	0	0	0	1	1	3	4	0	0	0	0	4	4	4	2	4	0	0	1	4	3	1	1	0	0	0	4	4	2	1	4	0	0	0	1	4	3	4	4	0	0	0	0	4	1	2	1	4	0	0	0	4	4	3	4	4	0	0	0	0	1	1	2	1	0	0	0	4	1	4	3	4	0	0	0	1	4	2	1	4	0	0	0	4	1	3	4	4	0	0	0	1	1	2	4	1	0	0	0	4	4	3	1	4	0	0	0	1	1	2	1	4	0	0	0	0	4	4	3	1	0	0	0	1	4	4	2	4	0	0	0	1	4	3	1	4	0	0	0	1	1	2	1	1	0	0	0	4	4	3	4	1	0	0	0	1	4	2	4	4	0	0	0	0	4	1	3	1	4	0	0	0	1	1	2	1	0	0	0	0	1	4	3	1	1	0	0	4	1	2	1	4	0	0	0	4	3	1	1	4	0	0	0	4	2	4	1	1	0	0	0	1	3	4	1	1	0	0	0	0	4	2	1	1	1	0	0	0	1	4	3	1	0	0	0	0	4	1	2	4	4	0	0	1	3	4	1	1	0	0	0	1	2	1	4	1	0	0	0	1	3	1	1	4	0	0	0	1	2	4	1	1	0	0	0	0	1	3	4	1	4	0	0	0	4	2	4	1	0	0	0	0	1	3	1	1	1	0	0	1	2	1	1	1	0	0	0	4	3	1	1	1	0	0	0	2	1	1	4	1	0	0	0	3	4	1	4	4	0	0	0	2	1	1	1	1	0	0	0	0	3	1	1	1	0	0	0	1	2	1	1	1	0	0	0	3	1	1	4	1	0	0	0	2	1	1	1	4	0	0	0	3	4	1	4	1	0	0	0	2	1	1	1	1	0	0	0	3	1	1	1	1	0	0	0	0	2	1	1	1	0	0	0	3	1	1	1	4	0	0	0	2	1	1	1	0	0	0	3	4	1	4	1	0	0	0	2	1	1	1	1	0	0	0	3	1	1	1	1	0	0	0	0	2	1	1	1	1	0	0	0	3	1	1	1	0	0	0	0	2	1	4	1	1	0	0	3	1	1	1	0	0	0	0	3	1	1	1	1	0	0	0	3	1	1	1	1	0	0	0	3	1	1	1	1	0	0	0	3	1	1	1	1	0	0	0	4	1	1	1	0	0	0	0	3	1	1	1	1	0	0	0	
DISTANCE_MATRIX
60	360	318	300	288	276	264	264	150	150	150	60	90	90	162	168	204	228	234	312	360	408	348	318	168	192	168	318	
360	60	264	318	324	342	342	342	348	348	354	360	372	378	378	420	420	480	462	498	462	462	384	420	372	420	378	378	
318	264	60	270	276	288	288	288	294	294	294	318	318	324	324	414	414	468	462	486	462	462	330	366	366	408	372	324	
300	318	270	60	276	288	288	288	288	288	288	300	300	312	318	408	408	468	462	486	438	438	318	360	360	402	360	312	
288	324	276	276	60	276	276	276	276	276	276	288	288	300	300	402	396	462	456	480	432	432	300	360	360	402	348	300	
276	342	288	288	276	60	180	180	252	258	264	264	264	288	288	390	390	456	450	480	432	432	288	348	348	348	288	288	
264	342	288	288	276	180	60	180	246	258	264	264	264	288	288	390	390	456	450	480	432	432	288	348	348	348	288	288	
264	342	288	288	276	180	180	60	240	258	264	264	264	288	288	390	390	456	450	480	432	432	288	348	348	348	288	288	
150	348	294	288	276	252	246	240	60	120	120	150	126	270	270	378	384	420	438	480	420	408	276	300	300	300	276	270	
150	348	294	288	276	258	258	258	120	60	120	150	150	270	270	378	384	420	438	480	420	408	276	300	300	300	276	270	
150	354	294	288	276	264	264	264	120	120	60	150	150	270	270	378	384	420	438	480	420	408	276	300	300	300	276	270	
60	360	318	300	288	264	264	264	150	150	150	60	90	162	168	228	234	312	360	408	348	318	168	192	192	198	168	162	
90	372	318	300	288	264	264	264	150	150	150	90	60	162	168	228	234	312	360	408	348	318	168	192	192	198	168	162	
90	378	324	312	300	288	288	288	270	270	270	162	162	60	120	180	180	306	210	360	300	300	120	180	120	180	120	234	
162	378	324	318	300	288	288	288	270	270	270	168	168	120	60	180	180	306	210	360	300	300	120	180	120	180	120	120	
168	420	414	408	402	348	348	348	300	300	300	228	228	180	180	60	132	204	132	348	258	258	186	60	180	132	222	180	
204	420	414	408	396	390	390	390	384	384	384	234	234	180	180	132	60	204	132	348	258	258	186	60	180	132	222	180	
228	480	468	468	462	456	456	456	420	420	420	312	312	306	306	204	204	60	198	120	240	240	306	204	306	138	306	306	
234	462	462	462	456	450	450	450	438	438	438	360	360	210	210	132	132	198	60	138	132	132	210	132	210	132	210	210	
312	498	486	486	480	480	480	480	480	480	480	408	408	360	360	348	348	120	138	60	348	348	360	348	360	348	360	360	
360	462	462	438	432	432	432	432	420	420	420	348	348	300	300	258	258	240	132	348	60	60	300	258	300	258	300	300	
408	462	462	438	432	432	432	432	408	408	408	318	318	300	300	258	258	240	132	348	60	60	300	258	300	258	300	300	
348	384	330	318	300	288	288	288	276	276	276	168	168	120	120	186	186	306	210	360	300	300	60	186	120	186	120	120	
318	420	366	360	360	348	348	348	300	300	300	192	192	180	180	60	60	204	132	348	258	258	186	60	180	60	180	180	
168	372	300	306	300	288	288	288	270	270	270	168	168	120	120	180	180	306	210	360	300	300	120	180	60	180	120	120	
192	420	408	402	402	348	348	348	300	300	300	198	198	180	180	132	132	138	132	348	258	258	186	60	180	60	180	180	
168	378	372	360	348	288	288	288	276	276	276	168	168	120	120	222	222	306	210	360	300	300	120	180	120	180	60	120	
318	378	324	312	300	288	288	288	270	270	270	162	162	234	120	180	180	306	210	360	300	300	120	180	120	180	120	60	
DEPOT_DISTANCE_MATRIX
60	360	318	300	288	276	264	264	150	150	150	60	90	90	162	168	204	228	234	312	360	408	348	318	168	192	168	318	
162	378	324	318	300	288	288	288	270	270	270	168	168	120	60	180	180	306	210	360	300	300	120	180	120	180	120	120	
318	420	366	360	360	348	348	348	300	300	300	192	192	180	180	60	60	204	132	348	258	258	186	60	180	60	180	180	
PATIENT_WEIGHT
55	130	53	134	93	143	89	95	73	37	45	131	58	121	81	52	31	68	85	76	146	136	79	125	63	102	65	31	74	147	142	148	142	92	133	54	39	62	102	131	110	134	99	138	94	68	67	128	104	133	109	71	36	132	96	115	139	45	130	119	69	59	64	54	41	60	60	105	71	86	109	82	36	45	43	132	146	34	72	85	106	100	146	67	133	114	80	93	40	33	120	58	82	149	103	83	71	141	117	54	114	129	68	149	141	32	103	111	47	54	75	124	74	148	131	145	39	79	137	130	39	147	64	74	101	106	98	83	32	30	70	64	89	86	69	105	47	125	123	105	120	105	111	122	89	42	119	77	115	134	109	74	103	77	134	30	49	147	55	111	148	122	121	112	87	135	66	76	33	71	95	31	66	114	124	60	84	82	58	105	117	133	88	109	77	150	32	125	49	91	36	109	44	33	43	114	106	77	101	49	113	56	121	137	137	53	102	140	135	35	81	37	117	146	67	114	63	44	133	32	101	96	54	105	93	41	104	131	146	55	52	98	60	139	145	138	116	60	55	84	76	106	75	42	101	52	65	33	58	139	37	125	134	109	79	94	67	36	108	67	88	60	49	117	51	79	111	133	49	47	68	73	107	112	148	44	71	39	123	129	150	149	102	76	48	130	125	89	76	66	121	30	119	57	99	36	39	70	86	30	94	91	42	82	145	142	49	86	147	110	81	124	131	93	57	46	73	30	86	77	102	149	88	34	123	146	111	72	75	137	49	32	105	84	72	134	122	70	88	67	39	108	146	135	150	41	109	125	141	82	70	64	86	124	64	91	78	134	131	62	100	102	35	61	148	111	34	124	50	46	130	114	146	146	37	53	84	89	150	86	139	141	110	127	145	44	119	125	42	127	71	128	135	138	64	121	110	58	87	144	57	68	88	63	68	89	132	56	64	115	83	128	64	132	76	118	43	146	65	33	141	75	48	109	140	138	118	31	128	61	141	43	112	97	50	98	79	105	45	122	121	43	102	126	76	84	49	108	94	30	75	61	69	37	46	78	144	117	59	60	52	121	60	95	124	133	84	116	97	97	44	130	91	117	129	33	123	49	128	85	88	70	136	123	99	37	78	134	108	137	149	133	49	99	53	46	91	144	143	136	41	60	123	68	31	142	84	146	75	78	79	60	82	124	60	83	32	113	72	57	95	101	129	81	96	78	140	43	46	56	34	58	94	128	125	42	88	150	55	84	107	110	136	121	119	102	121	67	88	150	97	145	129	112	92	142	126	118	65	30	135	80	30	111	86	32	74	63	42	57	110	122	61	104	59	123	80	116	38	43	102	45	42	38	60	33	85	69	96	94	62	107	129	113	57	87	126	78	134	43	74	87	70	94	116	88	34	87	69	56	97	105	87	139	41	95	83	129	74	107	51	121	87	123	56	110	62	41	99	106	88	150	93	36	50	61	82	45	69	48	131	150	79	86	30	89	83	30	42	147	54	148	55	148	60	145	33	123	87	32	142	39	102	70	80	86	56	62	48	147	52	109	141	131	61	88	97	44	72	142	132	51	144	95	82	140	115	50	94	43	97	93	56	128	69	38	94	102	82	89	109	31	30	125	110	142	45	70	67	90	40	78	45	30	113	41	51	109	72	147	56	133	68	99	42	47	58	116	120	105	141	150	70	136	54	126	65	46	100	129	35	77	92	52	69	47	118	145	46	109	45	64	149	51	107	61	85	39	96	144	100	110	42	30	89	104	71	80	60	59	121	112	125	112	110	128	74	115	55	140	123	129	92	147	117	117	46	123	102	70	113	44	45	85	73	112	78	101	100	61	91	
LOCATION_TURN_MATRIX
100	130	122	113	112	199	136	122	129	152	173	146	151	136	158	140	176	113	122	167	194	134	110	172	114	184	100	147	
170	100	154	188	164	169	136	136	152	170	104	183	155	115	101	104	155	187	174	115	149	134	178	168	114	135	168	102	
178	146	100	161	178	114	104	165	117	139	126	169	192	109	120	179	160	152	154	134	113	140	154	179	196	196	192	181	
187	112	139	100	158	114	195	181	104	132	195	106	183	169	132	170	140	136	172	148	116	110	123	136	151	120	176	169	
188	136	122	142	100	175	164	159	112	100	167	164	135	191	132	181	104	123	142	156	108	117	193	182	116	147	156	185	
101	131	186	186	125	100	190	147	164	150	137	102	145	176	185	131	113	108	117	186	118	151	140	178	154	189	172	110	
164	164	196	105	136	110	100	186	153	151	183	193	111	157	144	123	188	142	110	163	105	190	166	187	170	171	186	126	
178	164	135	119	141	153	114	100	106	130	108	103	151	178	122	151	130	133	184	177	110	141	166	110	122	174	191	197	
171	148	183	196	188	136	147	194	100	167	100	146	168	129	128	142	172	118	174	147	105	158	156	160	120	106	119	136	
148	130	161	168	200	150	149	170	133	100	177	106	175	116	188	180	176	194	108	146	130	187	183	173	128	141	169	176	
127	196	174	105	133	163	117	192	200	123	100	171	175	140	183	115	104	186	128	153	151	175	100	146	191	117	132	197	
154	117	131	194	136	198	107	197	154	194	129	100	136	184	140	147	172	184	148	131	103	156	185	200	152	158	154	143	
149	145	108	117	165	155	189	149	132	125	125	164	100	140	199	142	101	144	163	185	117	191	200	143	113	165	102	154	
164	185	191	131	109	124	143	122	171	184	160	116	160	100	109	116	196	113	131	186	166	139	183	175	144	161	105	170	
142	199	180	168	168	115	156	178	172	112	117	160	101	191	100	147	177	177	199	158	172	188	164	175	180	168	154	195	
160	196	121	130	119	169	177	149	158	120	185	153	158	184	153	100	152	159	197	157	181	159	102	123	168	200	124	186	
124	145	140	160	196	187	112	170	128	124	196	128	199	104	123	148	100	149	114	112	117	135	105	132	138	180	198	156	
187	113	148	164	177	192	158	167	182	106	114	116	156	187	123	141	151	100	166	132	168	163	159	123	129	173	161	116	
178	126	146	128	158	183	190	116	126	192	172	152	137	169	101	103	186	134	100	184	199	137	130	160	148	113	140	150	
133	185	166	152	144	114	137	123	153	154	147	169	115	114	142	143	188	168	116	100	111	195	128	157	191	164	141	171	
106	151	187	184	192	182	195	190	195	170	149	197	183	134	128	119	183	132	101	189	100	129	151	163	147	166	104	177	
166	166	160	190	183	149	110	159	142	113	125	144	109	161	112	141	165	137	163	105	171	100	101	185	169	129	103	197	
190	122	146	177	107	160	134	134	144	117	200	115	100	117	136	198	195	141	170	172	149	199	100	106	150	116	118	145	
128	132	121	164	118	122	113	190	140	127	154	100	157	125	125	177	168	177	140	143	137	115	194	100	128	167	115	155	
186	186	104	149	184	146	130	178	180	172	109	148	187	156	120	132	162	171	152	109	153	131	150	172	100	155	124	184	
116	165	104	180	153	111	129	126	194	159	183	142	135	139	132	100	120	127	187	136	134	171	184	133	145	100	129	192	
200	132	108	124	144	128	114	109	181	131	168	146	198	195	146	176	102	139	160	159	196	197	182	185	176	171	100	146	
153	198	119	131	115	190	174	103	164	124	103	157	146	130	105	114	144	184	150	129	123	103	155	145	116	108	154	100	

