INDEX_PROBLEM
1
PATIENTS
800
STRETCHERS
16
NUM_ROOM
28
NUM_DEPOTS
3
NUM_PRIORITY
4
PRIORITY_LIST
0	1	2	3	4	
PRIORITY_WEIGHT
0	1	10	18	30	
PRIORITY_JOB
0	1	2	3	4	1	3	4	2	3	4	2	3	4	4	3	4	4	4	4	1	2	4	3	4	3	4	2	3	4	4	3	4	4	1	2	3	4	4	4	4	4	4	2	2	3	3	4	4	4	4	1	2	3	3	4	4	1	4	1	2	3	2	1	2	4	2	3	4	4	3	4	4	1	1	3	2	4	1	2	1	4	4	2	3	4	4	3	4	1	4	1	2	3	3	2	1	4	4	4	2	2	3	3	4	1	4	1	2	3	2	3	2	4	4	4	1	2	3	3	4	4	1	4	2	3	4	1	2	1	4	1	2	3	4	4	4	3	1	4	2	3	1	3	1	2	4	4	1	2	3	4	4	3	1	4	3	2	3	2	3	1	4	4	1	2	3	4	4	3	2	1	4	4	1	2	2	1	2	3	4	2	3	4	4	4	4	1	4	1	2	3	1	3	1	4	2	3	4	3	4	3	1	4	4	1	2	1	2	2	4	3	4	2	3	3	4	3	1	4	4	1	2	3	1	2	4	3	4	4	1	2	4	3	4	1	3	3	2	4	2	1	2	4	4	1	2	3	4	3	4	1	4	2	3	1	1	2	1	4	4	1	2	3	4	3	4	1	4	4	2	3	3	2	1	3	4	1	2	3	4	3	4	1	4	4	1	2	2	3	2	3	4	2	3	4	4	3	4	1	4	1	2	3	1	1	2	4	4	2	3	4	3	4	3	1	4	1	2	4	1	2	1	3	4	2	3	3	4	4	3	1	4	4	1	2	3	2	1	4	3	4	1	2	3	4	4	1	4	2	3	4	2	2	3	4	1	2	3	3	4	4	4	3	1	2	3	4	1	1	2	4	4	1	2	3	4	3	4	1	4	2	3	3	1	2	1	4	4	1	2	3	4	3	4	2	1	4	1	4	2	3	1	3	2	3	4	4	1	2	3	4	1	2	3	4	2	1	4	2	4	2	3	1	4	3	4	4	4	1	2	3	1	1	2	4	2	3	4	3	4	4	3	1	4	4	1	2	1	3	2	1	3	4	4	1	2	4	4	1	3	2	3	4	2	2	2	4	1	2	3	4	3	4	4	1	3	2	4	1	1	3	3	4	4	1	2	3	4	3	4	1	4	2	3	1	1	2	2	4	4	4	1	2	4	3	4	3	1	4	1	2	1	2	2	3	4	2	3	4	4	4	3	1	4	1	2	3	3	1	1	4	2	3	4	4	3	4	1	4	4	1	2	2	1	2	4	3	4	2	3	3	4	3	1	4	4	2	1	1	2	1	4	4	3	4	1	2	4	4	3	1	3	4	2	3	2	3	2	4	4	1	2	3	4	3	4	4	2	3	4	1	1	2	4	1	2	3	4	4	4	4	1	4	2	3	1	2	1	2	4	4	1	2	3	3	4	4	4	1	4	1	2	1	2	3	3	4	2	3	4	3	4	4	1	2	1	3	4	2	1	1	4	2	3	4	3	4	4	1	4	1	2	3	2	1	1	2	4	2	3	4	4	4	3	1	4	4	1	2	2	1	2	4	3	4	2	2	3	4	3	1	4	1	2	3	2	3	1	4	4	1	2	3	4	4	3	4	2	3	4	1	1	2	4	4	1	2	3	4	4	4	4	1	4	2	3	1	2	2	4	4	1	2	3	3	4	4	1	4	1	4	2	2	2	2	1	3	1	2	3	4	3	4	1	4	1	2	3	2	1	4	1	4	2	3	1	4	2	1	3	1	4	1	2	3	2	1	3	1	4	4	2	2	1	1	1	3	4	4	1	2	1	1	2	1	2	3	4	4	2	1	3	1	2	2	3	4	2	1	2	
TIME_ASKED
0	28800	28800	28800	28800	28800	28800	28800	28800	28800	28800	28800	28800	28800	28800	28800	28800	29545	29574	29603	29632	29661	29690	29742	29784	29826	29868	29910	29952	29994	30029	30058	30087	30116	30145	30174	30203	30232	30261	30290	30329	30358	30387	30416	30445	30474	30503	30532	30561	30590	30621	30642	30663	30684	30705	30726	30747	30768	30789	30810	30831	30852	30873	30894	30949	30998	31047	31096	31145	31194	31227	31254	31281	31308	31335	31362	31389	31416	31443	31470	31497	31524	31548	31572	31596	31620	31644	31668	31692	31716	31740	31764	31788	31837	31874	31911	31948	31985	32022	32059	32096	32159	32218	32277	32336	32395	32419	32438	32457	32476	32495	32514	32533	32552	32571	32590	32609	32628	32647	32666	32685	32759	32818	32877	32936	32995	33027	33054	33081	33108	33135	33162	33189	33216	33243	33270	33297	33333	33366	33399	33432	33465	33498	33531	33564	33597	33616	33632	33648	33664	33680	33696	33712	33728	33744	33760	33776	33792	33808	33824	33840	33856	33872	33888	33933	33966	33999	34032	34065	34098	34131	34164	34197	34242	34284	34326	34368	34410	34452	34494	34533	34566	34599	34632	34665	34698	34731	34764	34797	34827	34854	34881	34908	34935	34962	34989	35016	35043	35070	35097	35137	35174	35211	35248	35285	35322	35359	35396	35433	35466	35499	35532	35565	35598	35631	35664	35697	35723	35746	35769	35792	35815	35838	35861	35884	35907	35930	35953	35976	35999	36023	36046	36069	36092	36115	36138	36161	36184	36207	36230	36253	36276	36299	36327	36354	36381	36408	36435	36462	36489	36516	36543	36570	36597	36619	36638	36657	36676	36695	36714	36733	36752	36771	36790	36809	36828	36847	36866	36885	36949	36998	37047	37096	37145	37194	37259	37318	37377	37436	37495	37549	37598	37647	37696	37745	37794	37827	37854	37881	37908	37935	37962	37989	38016	38043	38070	38097	38123	38146	38169	38192	38215	38238	38261	38284	38307	38330	38353	38376	38399	38419	38438	38457	38476	38495	38514	38533	38552	38571	38590	38609	38628	38647	38666	38685	38742	38784	38826	38868	38910	38952	38994	39029	39058	39087	39116	39145	39174	39203	39232	39261	39290	39349	39398	39447	39496	39545	39594	39633	39666	39699	39732	39765	39798	39831	39864	39897	39937	39974	40011	40048	40085	40122	40159	40196	40242	40284	40326	40368	40410	40452	40494	40542	40584	40626	40668	40710	40752	40794	40849	40898	40947	40996	41045	41094	41133	41166	41199	41232	41265	41298	41331	41364	41397	41423	41446	41469	41492	41515	41538	41561	41584	41607	41630	41653	41676	41699	41749	41798	41847	41896	41945	41994	42099	42198	42297	42342	42384	42426	42468	42510	42552	42594	42699	42798	42897	42923	42946	42969	42992	43015	43038	43061	43084	43107	43130	43153	43176	43199	43237	43274	43311	43348	43385	43422	43459	43496	43549	43598	43647	43696	43745	43794	43899	43998	44097	44159	44218	44277	44336	44395	44459	44518	44577	44636	44695	44799	44898	44997	45033	45066	45099	45132	45165	45198	45231	45264	45297	45337	45374	45411	45448	45485	45522	45559	45596	45637	45674	45711	45748	45785	45822	45859	45896	45959	46018	46077	46136	46195	46249	46298	46347	46396	46445	46494	46537	46574	46611	46648	46685	46722	46759	46796	46821	46842	46863	46884	46905	46926	46947	46968	46989	47010	47031	47052	47073	47094	47199	47298	47397	47437	47474	47511	47548	47585	47622	47659	47696	47737	47774	47811	47848	47885	47922	47959	47996	48049	48098	48147	48196	48245	48294	48324	48348	48372	48396	48420	48444	48468	48492	48516	48540	48564	48588	48627	48654	48681	48708	48735	48762	48789	48816	48843	48870	48897	48937	48974	49011	49048	49085	49122	49159	49196	49233	49266	49299	49332	49365	49398	49431	49464	49497	49537	49574	49611	49648	49685	49722	49759	49796	49827	49854	49881	49908	49935	49962	49989	50016	50043	50070	50097	50149	50198	50247	50296	50345	50394	50424	50448	50472	50496	50520	50544	50568	50592	50616	50640	50664	50688	50737	50774	50811	50848	50885	50922	50959	50996	51027	51054	51081	51108	51135	51162	51189	51216	51243	51270	51297	51324	51348	51372	51396	51420	51444	51468	51492	51516	51540	51564	51588	51637	51674	51711	51748	51785	51822	51859	51896	51933	51966	51999	52032	52065	52098	52131	52164	52197	52259	52318	52377	52436	52495	52517	52534	52551	52568	52585	52602	52619	52636	52653	52670	52687	52704	52721	52738	52755	52772	52789	52859	52918	52977	53036	53095	53137	53174	53211	53248	53285	53322	53359	53396	53459	53518	53577	53636	53695	53733	53766	53799	53832	53865	53898	53931	53964	53997	54027	54054	54081	54108	54135	54162	54189	54216	54243	54270	54297	54374	54448	54522	54596	54627	54654	54681	54708	54735	54762	54789	54816	54843	54870	54897	55049	55198	55237	55274	55311	55348	55385	55422	55459	55496	55574	55648	55722	55796	55827	55854	55881	55908	55935	55962	55989	56016	56043	56070	56097	56399	56499	56598	56697	56733	56766	56799	56832	56865	56898	56931	56964	56997	57049	57098	57147	57196	57245	57294	57359	57418	57477	57536	57595	
ORIGIN
0	16	6	27	19	2	27	23	25	25	23	10	2	26	16	14	15	14	3	23	14	14	26	16	26	14	16	7	9	8	27	7	14	9	1	23	14	14	23	2	4	14	14	3	2	14	14	14	14	6	27	18	7	27	20	8	4	14	10	2	23	26	2	26	14	23	23	14	14	19	8	12	14	14	7	27	7	9	3	14	3	14	23	11	14	14	14	24	14	3	14	24	14	5	5	1	24	14	18	7	27	27	20	1	14	20	14	23	20	2	14	14	14	14	14	4	24	15	25	14	16	25	3	3	3	2	22	14	11	2	10	2	23	14	14	14	16	26	27	27	14	14	16	2	9	26	9	27	20	14	14	2	2	2	27	27	27	14	14	14	8	4	26	24	15	4	26	16	20	8	26	26	26	14	14	8	8	14	14	23	12	2	8	14	14	5	14	14	27	9	9	5	5	14	14	20	8	2	2	13	5	14	14	2	14	5	5	24	24	14	17	14	4	16	20	5	1	15	14	14	14	14	14	14	14	14	14	25	2	23	14	3	14	14	25	27	11	14	14	14	16	14	10	8	27	23	4	23	16	14	14	14	14	27	7	7	14	9	9	7	26	9	5	14	27	14	9	14	26	14	14	14	14	14	9	4	23	13	3	23	14	20	14	14	14	14	25	14	26	26	14	3	23	8	12	25	10	2	14	14	14	1	14	1	14	9	9	3	16	5	13	9	14	5	13	20	20	14	14	14	23	5	17	27	13	2	8	14	5	23	8	14	14	7	14	3	1	14	9	14	8	1	23	10	26	14	12	14	26	26	4	14	14	14	16	8	5	26	23	6	14	4	4	26	14	14	7	14	26	14	7	4	2	23	14	14	26	14	23	23	7	23	14	26	14	27	14	2	1	23	10	1	27	2	4	26	14	14	14	14	14	4	11	23	14	1	11	3	14	14	14	14	14	3	1	17	17	14	14	14	23	14	3	14	14	14	5	5	14	1	26	2	14	5	27	23	23	10	1	14	14	14	14	14	14	27	14	23	23	14	14	14	16	6	27	19	7	27	22	27	27	10	14	25	12	16	26	3	14	3	23	14	1	26	10	6	1	1	14	26	26	14	23	20	9	26	26	11	26	26	1	1	27	14	2	2	26	2	4	14	5	27	18	7	26	26	17	3	14	17	2	22	2	2	1	26	3	23	14	25	24	14	11	26	25	4	4	26	14	14	14	17	1	23	11	9	23	1	7	7	14	14	15	14	14	23	14	23	26	17	7	14	11	2	8	8	2	2	27	14	14	9	9	6	23	14	4	9	15	4	3	3	3	26	14	2	2	25	12	1	23	10	2	6	14	10	10	6	27	15	14	14	7	23	13	26	16	7	27	27	1	2	27	3	9	20	16	20	14	17	8	23	14	3	24	14	4	2	17	3	3	26	14	14	14	26	2	14	10	2	1	12	14	24	14	27	27	14	14	26	14	14	14	14	7	26	19	14	14	7	7	3	23	20	23	14	14	2	12	14	3	24	14	11	2	1	1	26	18	14	26	14	24	14	3	10	1	23	12	2	23	25	4	25	14	27	11	15	2	13	16	6	27	19	14	27	2	15	15	20	10	22	26	1	1	26	14	3	23	14	4	26	4	11	13	14	7	26	20	14	20	8	9	1	23	4	8	23	26	26	14	14	4	11	14	1	24	14	6	27	18	14	27	21	7	7	23	10	22	26	2	2	24	14	3	23	14	3	14	16	14	3	16	7	27	26	14	14	14	9	1	23	14	14	23	13	11	14	14	3	24	14	14	1	14	5	27	18	7	27	20	8	25	15	10	1	23	2	2	7	27	
DESTINATION
0	14	17	2	22	24	2	26	14	14	27	14	14	14	14	16	14	25	14	4	9	9	3	14	3	9	16	20	14	14	23	13	3	14	14	27	5	5	1	24	14	5	26	14	27	20	20	8	25	17	2	27	20	2	14	14	14	16	14	14	27	14	27	23	15	3	3	26	2	22	14	11	2	2	20	2	13	14	26	16	26	26	27	15	9	9	16	2	9	14	9	1	4	14	14	23	2	26	27	20	2	2	14	14	8	14	8	27	7	27	20	8	4	4	26	14	2	14	14	8	14	14	23	23	23	14	19	8	12	14	14	14	27	9	9	5	14	14	23	23	2	2	14	24	14	14	14	2	14	5	5	24	24	14	18	18	18	20	20	1	14	14	14	2	14	14	14	14	14	14	14	14	14	15	25	14	14	16	25	27	11	14	14	25	16	14	10	10	23	14	14	14	14	16	26	14	14	14	14	7	14	9	9	27	20	14	14	2	2	2	9	26	14	14	14	14	14	14	26	26	15	4	26	16	20	8	9	14	14	1	25	14	26	26	14	23	12	2	8	8	14	5	14	14	2	27	14	1	14	9	9	20	20	23	13	13	5	14	17	20	3	17	14	4	23	5	17	4	14	4	8	5	1	15	14	14	1	7	14	3	1	14	9	2	2	2	14	3	14	14	25	14	26	14	11	14	14	14	16	8	8	14	4	23	16	14	14	14	14	14	7	14	26	14	7	7	7	4	5	5	27	14	9	23	7	14	14	26	14	27	14	4	4	13	3	23	14	20	14	26	14	14	27	14	14	4	11	3	23	23	23	25	10	2	14	14	14	3	1	17	10	14	14	14	16	16	13	9	14	5	13	14	14	1	26	2	14	5	27	27	13	27	8	14	5	23	8	14	14	27	14	14	23	14	14	14	8	1	10	26	26	14	12	27	10	23	12	14	8	4	16	16	8	26	23	6	6	4	26	26	1	25	14	4	26	26	14	14	2	23	14	14	26	14	23	1	27	14	14	2	26	2	4	26	1	23	1	27	27	2	4	3	14	17	2	22	23	2	2	23	23	14	3	14	11	14	14	26	25	14	4	26	14	14	14	17	23	23	3	14	14	5	1	7	14	14	14	15	14	14	23	23	23	10	14	14	14	14	14	8	14	2	27	20	14	14	9	14	16	6	27	19	27	22	23	3	14	3	26	14	2	25	12	3	14	23	23	14	1	26	10	6	14	27	15	14	7	23	20	20	9	26	11	26	26	1	2	27	3	9	20	16	20	14	14	14	27	27	18	26	26	17	17	17	3	26	14	17	14	14	26	26	26	14	25	24	24	14	11	14	27	14	14	17	26	14	14	17	23	11	9	9	23	1	7	3	16	20	2	23	14	14	23	26	17	7	14	11	2	9	14	1	26	14	2	26	14	24	9	23	23	14	4	15	4	3	22	25	14	14	23	11	15	2	1	23	23	2	10	14	10	10	15	26	20	14	22	26	1	13	13	26	27	7	27	1	2	14	11	26	14	1	26	20	14	23	23	14	27	3	14	4	2	26	14	14	14	27	11	14	1	14	14	14	2	23	12	14	24	7	14	17	2	22	26	2	24	14	14	7	14	19	14	14	14	3	25	14	5	26	14	14	14	12	7	3	20	14	11	2	11	14	14	14	27	14	14	1	14	14	10	10	14	12	2	23	2	15	17	2	27	16	2	7	13	13	27	14	19	14	27	27	2	25	14	4	16	26	26	14	1	26	14	20	2	14	4	26	4	14	14	27	8	8	27	7	20	1	26	14	1	4	8	23	4	14	2	27	20	2	14	14	14	14	14	14	27	27	27	21	2	
DUE_DATE
0	31147	30476	30045	29554	31343	30192	29707	30776	30345	29854	30923	30492	29987	30016	30585	30074	30103	30132	30161	31930	31239	30248	30840	30342	30924	30426	31488	31050	30552	30587	31156	30645	30674	32443	31752	31301	30790	30819	30848	30887	30916	30945	31994	32023	31572	31601	31090	31119	31148	31179	32940	32241	31782	31803	31284	31305	33066	31347	33108	32409	31950	32451	33192	32527	31556	32625	32194	31703	31752	32325	31812	31839	33606	33633	32460	32967	31974	33741	33048	33795	32082	32106	33150	32694	32178	32202	32766	32250	34014	32298	34062	33366	32935	32972	33489	34246	32543	32580	32617	33674	33737	33316	33375	32894	34693	32977	34736	34035	33574	34073	33612	34111	33110	33129	33148	34907	34206	33745	33764	33243	33317	35116	33435	34514	34093	33585	35352	34659	35406	33693	35460	34767	34314	33801	33828	33855	34431	35664	33957	35010	34563	35796	34629	35862	35175	34174	34190	35946	35242	34778	34254	34270	34826	36042	34318	34874	35370	34906	35402	34938	36154	34430	34446	36231	35544	35097	34590	34623	35196	35709	36462	34755	34800	36582	35904	35946	36708	36030	35592	35091	36144	35697	35190	35223	35256	35289	37062	35355	37125	36432	35979	37206	36033	37260	35547	36594	36141	35628	36195	35695	36272	37509	35806	35843	37620	36937	37694	37011	37044	36057	36630	36123	37176	36729	36762	36255	36821	38044	36327	36350	38113	37416	36959	38182	37485	36488	37051	36534	36557	38321	37624	36627	37190	36673	38436	37259	37282	37785	36788	37831	38574	37877	36885	36912	38679	37986	37533	37020	37587	37074	38841	37128	38175	37717	38936	38955	38254	38993	37272	37291	39050	38349	37888	37367	37926	37405	39164	37443	37507	38576	38145	38194	38723	39492	38357	37876	39675	39014	38593	38107	38696	38205	39994	38303	38352	40125	39432	39459	39006	39513	39060	38547	39594	39141	38628	38655	39221	38704	40467	38750	40513	39816	39359	40582	40605	39908	38911	38934	39977	39517	38996	39555	39034	39593	40812	39091	40850	40149	39148	40907	40206	40945	39764	39243	40320	39882	39924	39426	39468	40050	41292	39587	39616	41385	40694	40243	40752	41501	39790	40359	39848	41647	40976	40545	40054	40103	41892	40191	41244	40797	40290	41343	41376	40929	40422	42195	41515	41072	41109	40606	40643	40680	41257	42494	41820	41382	40884	42666	42708	42030	41052	41100	42882	42204	41766	41268	41850	41352	43147	41456	42525	42094	42143	43392	42711	43464	41757	41790	43563	42876	42429	41922	42495	41981	43024	43767	42050	43813	42096	43139	42682	43905	42728	43231	42774	42257	42307	44096	43425	42994	42503	44292	43677	43296	42855	43920	44682	42984	44046	43068	44130	43692	44997	43356	43995	43481	43504	43527	45290	44593	44136	45359	45382	44685	43688	44731	44274	43757	44335	43832	43869	44446	45683	43980	44017	45794	45127	45896	44745	45274	46043	44892	44457	44556	46395	45737	44776	44835	46634	45493	46037	45616	45135	46214	46273	46377	45456	47295	46611	46164	45657	46230	45723	45756	47529	46362	46875	45895	47672	47709	46546	46583	46080	46117	47894	47215	46772	46269	46846	46343	48120	46417	47474	47057	48316	48375	47714	47773	46807	46856	46905	48694	48023	47052	47635	47132	47709	48946	47243	49020	48337	49094	48399	48420	47961	47442	48483	48024	47505	47526	47547	48108	49329	47610	49371	48672	48297	48396	49695	49735	48032	49089	48646	48143	48180	48757	48254	50035	48332	48369	50146	49463	49500	50257	49574	48607	49196	48705	49774	49343	49392	48882	49446	50670	48954	48978	50022	50766	50790	50094	50838	49122	49146	49725	49212	50979	50286	49293	49320	49887	51114	49941	49428	50475	50035	50552	50109	50626	49643	49680	51457	50774	50331	49824	50397	49890	49923	50976	50529	50022	51795	51835	51152	50169	51946	51263	50820	50317	50354	50385	50412	52179	50466	51513	51060	52287	51594	52341	51648	50655	50707	52496	51825	51394	51443	50952	50982	51006	52770	51054	52818	52122	52866	52170	51714	51738	51222	52266	51835	51332	51909	51406	51443	53220	52537	53294	52125	51612	52659	53406	53433	51720	52767	52314	51801	52368	51855	51882	53646	51930	53694	52998	52542	53046	53790	53814	53118	52122	53166	52735	52232	52269	52306	52883	54120	52417	52454	54231	53544	53577	54330	53643	52656	53229	52722	53775	53837	53416	52935	53534	54793	53075	54832	54129	53666	54163	53700	54917	53194	53211	54968	54265	53802	53279	53296	53853	53330	54367	53957	53476	55275	55334	54673	53695	53732	55509	54826	54383	53880	53917	53954	54017	55816	54135	55214	54793	56031	55344	55377	54390	54423	56196	55509	55062	55095	54585	54612	56379	54666	56433	54720	55767	55794	55821	55848	56595	55472	56746	56100	55694	55185	55752	55239	57006	55293	57060	56367	55914	56421	57168	55455	57347	55756	56815	56372	57609	55906	56963	57720	56557	57794	56132	57946	57300	56894	57405	58152	56979	58206	56493	56520	57567	57594	58341	58368	58395	57497	57057	57156	58995	58311	59064	59097	58410	59163	58476	58029	57522	57555	58627	59396	58245	59494	58823	58872	58457	57976	59055	59834	59173	
TRANSPORT_MODE
0	2	4	4	4	2	0	0	4	4	4	4	2	0	0	0	0	4	4	4	1	2	0	0	0	1	4	4	4	0	0	0	2	4	4	4	4	0	0	0	0	2	4	4	4	2	0	0	0	4	4	4	1	4	0	0	0	3	4	4	4	4	0	0	0	2	4	4	4	4	0	0	0	3	4	4	4	4	0	0	0	0	2	4	4	4	0	0	0	3	4	4	4	4	0	0	0	0	2	4	4	4	4	0	0	3	4	4	4	4	0	0	0	0	2	4	4	4	4	0	0	0	3	4	1	1	4	0	0	0	2	1	4	4	4	0	0	0	3	4	4	4	0	0	0	0	2	1	4	1	1	0	0	0	3	4	4	4	4	0	0	0	2	4	4	1	4	0	0	0	0	3	4	1	4	4	0	0	0	2	1	4	4	4	0	0	0	3	4	4	1	4	0	0	0	2	4	4	1	0	0	0	3	4	4	4	4	0	0	0	0	4	2	1	4	4	0	0	3	4	1	4	4	0	0	0	0	4	2	4	4	4	0	0	0	3	4	4	1	1	0	0	0	2	4	4	4	1	0	0	0	3	1	4	1	0	0	0	0	2	4	4	4	1	0	0	0	3	4	4	1	4	0	0	0	2	4	1	1	4	0	0	0	3	4	4	1	4	0	0	0	2	4	1	4	4	0	0	0	3	4	4	4	1	0	0	0	0	2	4	1	1	0	0	0	3	1	4	4	1	0	0	0	2	4	1	4	4	0	0	0	3	4	4	1	4	0	0	0	0	2	1	1	4	1	0	0	3	4	4	1	1	0	0	0	2	1	1	4	0	4	0	0	0	3	4	4	4	0	0	0	2	4	1	1	4	0	0	0	3	4	1	1	2	0	0	0	1	1	1	4	4	0	0	0	0	3	4	1	1	4	0	0	2	4	4	0	4	3	0	0	4	1	1	1	2	0	0	0	0	1	1	1	3	0	0	0	4	4	4	1	1	0	0	0	2	1	4	4	0	0	0	0	3	1	4	4	4	0	0	0	0	2	1	1	1	1	0	0	3	4	4	1	1	0	0	0	2	1	1	4	4	0	0	0	3	1	1	1	0	0	0	0	2	4	4	1	4	0	0	0	3	4	1	4	0	0	0	0	2	1	1	1	1	0	0	0	1	3	4	4	1	0	0	0	2	1	1	1	4	0	0	0	3	4	1	1	4	0	0	0	4	4	1	1	0	0	0	3	1	1	1	1	0	0	0	0	2	1	4	1	0	0	0	3	1	1	4	1	0	0	0	0	4	2	1	1	4	0	0	0	3	4	1	4	1	0	0	0	2	1	1	1	4	0	0	0	1	1	1	1	0	0	0	2	1	1	1	4	0	0	0	3	1	1	1	0	0	0	0	4	2	4	1	4	0	0	0	4	3	1	1	1	0	0	0	1	2	1	1	1	0	0	0	3	1	1	4	1	0	0	0	1	1	1	1	0	0	0	3	1	4	1	1	0	0	0	0	2	4	1	4	0	0	0	3	1	1	1	1	0	0	0	0	1	2	1	1	1	0	0	3	1	1	1	1	0	0	0	2	1	4	1	1	0	0	0	1	1	1	4	0	0	0	0	2	1	4	1	1	0	0	0	3	1	1	1	0	0	0	2	1	1	1	1	0	0	0	0	1	3	1	1	1	0	0	0	2	1	1	1	1	0	0	3	4	1	1	1	0	0	0	3	4	1	1	0	1	0	0	0	3	1	1	1	1	0	0	0	3	1	1	1	0	0	0	3	1	1	1	1	0	0	0	0	3	1	1	1	1	0	0	0	3	1	1	1	1	0	0	0	
DISTANCE_MATRIX
60	360	318	300	288	276	264	264	150	150	150	60	90	90	162	168	204	228	234	312	360	408	348	318	168	192	168	318	
360	60	264	318	324	342	342	342	348	348	354	360	372	378	378	420	420	480	462	498	462	462	384	420	372	420	378	378	
318	264	60	270	276	288	288	288	294	294	294	318	318	324	324	414	414	468	462	486	462	462	330	366	366	408	372	324	
300	318	270	60	276	288	288	288	288	288	288	300	300	312	318	408	408	468	462	486	438	438	318	360	360	402	360	312	
288	324	276	276	60	276	276	276	276	276	276	288	288	300	300	402	396	462	456	480	432	432	300	360	360	402	348	300	
276	342	288	288	276	60	180	180	252	258	264	264	264	288	288	390	390	456	450	480	432	432	288	348	348	348	288	288	
264	342	288	288	276	180	60	180	246	258	264	264	264	288	288	390	390	456	450	480	432	432	288	348	348	348	288	288	
264	342	288	288	276	180	180	60	240	258	264	264	264	288	288	390	390	456	450	480	432	432	288	348	348	348	288	288	
150	348	294	288	276	252	246	240	60	120	120	150	126	270	270	378	384	420	438	480	420	408	276	300	300	300	276	270	
150	348	294	288	276	258	258	258	120	60	120	150	150	270	270	378	384	420	438	480	420	408	276	300	300	300	276	270	
150	354	294	288	276	264	264	264	120	120	60	150	150	270	270	378	384	420	438	480	420	408	276	300	300	300	276	270	
60	360	318	300	288	264	264	264	150	150	150	60	90	162	168	228	234	312	360	408	348	318	168	192	192	198	168	162	
90	372	318	300	288	264	264	264	150	150	150	90	60	162	168	228	234	312	360	408	348	318	168	192	192	198	168	162	
90	378	324	312	300	288	288	288	270	270	270	162	162	60	120	180	180	306	210	360	300	300	120	180	120	180	120	234	
162	378	324	318	300	288	288	288	270	270	270	168	168	120	60	180	180	306	210	360	300	300	120	180	120	180	120	120	
168	420	414	408	402	348	348	348	300	300	300	228	228	180	180	60	132	204	132	348	258	258	186	60	180	132	222	180	
204	420	414	408	396	390	390	390	384	384	384	234	234	180	180	132	60	204	132	348	258	258	186	60	180	132	222	180	
228	480	468	468	462	456	456	456	420	420	420	312	312	306	306	204	204	60	198	120	240	240	306	204	306	138	306	306	
234	462	462	462	456	450	450	450	438	438	438	360	360	210	210	132	132	198	60	138	132	132	210	132	210	132	210	210	
312	498	486	486	480	480	480	480	480	480	480	408	408	360	360	348	348	120	138	60	348	348	360	348	360	348	360	360	
360	462	462	438	432	432	432	432	420	420	420	348	348	300	300	258	258	240	132	348	60	60	300	258	300	258	300	300	
408	462	462	438	432	432	432	432	408	408	408	318	318	300	300	258	258	240	132	348	60	60	300	258	300	258	300	300	
348	384	330	318	300	288	288	288	276	276	276	168	168	120	120	186	186	306	210	360	300	300	60	186	120	186	120	120	
318	420	366	360	360	348	348	348	300	300	300	192	192	180	180	60	60	204	132	348	258	258	186	60	180	60	180	180	
168	372	300	306	300	288	288	288	270	270	270	168	168	120	120	180	180	306	210	360	300	300	120	180	60	180	120	120	
192	420	408	402	402	348	348	348	300	300	300	198	198	180	180	132	132	138	132	348	258	258	186	60	180	60	180	180	
168	378	372	360	348	288	288	288	276	276	276	168	168	120	120	222	222	306	210	360	300	300	120	180	120	180	60	120	
318	378	324	312	300	288	288	288	270	270	270	162	162	234	120	180	180	306	210	360	300	300	120	180	120	180	120	60	
DEPOT_DISTANCE_MATRIX
60	360	318	300	288	276	264	264	150	150	150	60	90	90	162	168	204	228	234	312	360	408	348	318	168	192	168	318	
162	378	324	318	300	288	288	288	270	270	270	168	168	120	60	180	180	306	210	360	300	300	120	180	120	180	120	120	
318	420	366	360	360	348	348	348	300	300	300	192	192	180	180	60	60	204	132	348	258	258	186	60	180	60	180	180	
PATIENT_WEIGHT
134	110	93	125	66	121	103	79	92	42	54	38	113	88	114	42	119	107	149	35	79	50	54	139	88	84	57	142	126	49	123	135	61	149	133	83	67	76	106	117	128	51	91	62	50	105	148	31	112	30	76	117	30	122	115	46	125	39	105	94	62	124	59	109	85	73	150	89	39	136	121	33	38	144	61	92	42	42	33	77	82	91	74	80	94	140	60	148	34	40	57	127	111	34	63	110	63	37	65	86	124	79	132	61	137	34	32	127	92	31	127	126	40	140	145	126	80	37	63	145	79	78	34	146	126	88	86	125	79	124	117	97	139	101	36	50	55	137	108	97	124	147	131	131	46	143	136	48	75	94	75	92	44	31	53	96	115	82	63	149	40	78	129	123	124	148	127	52	141	40	68	88	118	81	40	90	116	124	82	146	74	121	98	127	116	52	34	145	88	122	42	61	30	43	142	84	132	142	88	124	53	132	147	103	30	123	87	32	131	53	110	88	122	49	125	39	89	67	92	79	45	91	137	105	89	32	90	133	68	81	110	92	133	37	96	118	107	96	95	57	39	72	57	40	101	100	74	117	85	96	90	73	99	76	39	85	93	121	142	56	56	35	91	47	89	99	100	126	48	108	121	42	62	67	94	78	63	108	52	104	117	120	112	145	126	95	131	65	87	56	120	39	35	114	129	135	119	134	122	110	82	126	47	127	64	33	35	131	80	98	135	111	144	72	134	84	56	126	124	80	131	122	85	36	127	49	146	91	146	50	108	118	69	137	141	40	135	60	143	116	119	89	56	96	35	148	41	44	142	120	114	64	115	119	66	103	42	113	130	87	35	126	95	114	82	144	57	41	96	137	53	35	70	83	63	148	100	94	96	33	65	67	35	45	71	97	75	114	59	112	99	30	46	111	39	71	61	36	119	66	45	138	116	43	141	117	88	106	112	71	147	80	128	63	91	63	135	33	87	140	87	56	129	112	131	110	147	99	98	100	121	123	34	88	92	47	65	93	98	91	72	87	67	85	99	41	73	39	91	82	130	79	85	101	119	84	80	110	146	84	102	69	33	50	78	95	47	113	121	144	92	93	58	54	46	79	52	131	50	146	100	96	40	99	36	44	123	54	83	85	62	65	90	109	66	75	141	92	117	129	126	140	81	128	43	83	53	41	68	86	96	133	113	46	101	144	138	89	119	90	110	39	100	84	40	76	111	96	125	133	131	106	146	81	42	83	110	120	56	116	102	115	98	115	81	30	116	138	84	67	52	114	53	98	144	144	69	102	134	123	147	67	83	76	104	76	80	49	135	120	65	51	134	129	36	129	115	55	113	146	146	115	73	118	79	42	102	111	90	67	67	86	135	32	54	144	38	113	127	88	106	37	123	32	131	49	71	61	125	52	55	143	138	59	71	139	105	68	78	121	40	77	127	53	84	57	70	72	55	103	59	132	138	33	93	69	113	85	70	62	79	54	49	41	99	116	99	38	63	79	40	103	111	137	106	32	56	142	114	33	110	140	98	120	60	37	106	34	61	78	30	117	65	142	35	115	147	52	94	118	57	94	88	136	144	104	73	105	112	117	31	142	115	32	39	75	40	41	105	135	43	126	69	113	127	63	97	143	150	36	43	87	30	137	143	78	116	106	73	43	37	143	131	136	120	52	128	47	35	48	47	123	134	75	102	149	91	126	91	31	147	92	38	87	129	45	46	60	143	67	58	88	129	67	97	57	75	126	146	136	129	65	97	136	91	111	140	98	138	42	143	33	93	123	144	70	35	57	103	136	89	66	94	143	63	111	129	138	139	92	50	130	119	101	149	93	110	59	64	91	56	
LOCATION_TURN_MATRIX
100	130	122	113	112	199	136	122	129	152	173	146	151	136	158	140	176	113	122	167	194	134	110	172	114	184	100	147	
170	100	154	188	164	169	136	136	152	170	104	183	155	115	101	104	155	187	174	115	149	134	178	168	114	135	168	102	
178	146	100	161	178	114	104	165	117	139	126	169	192	109	120	179	160	152	154	134	113	140	154	179	196	196	192	181	
187	112	139	100	158	114	195	181	104	132	195	106	183	169	132	170	140	136	172	148	116	110	123	136	151	120	176	169	
188	136	122	142	100	175	164	159	112	100	167	164	135	191	132	181	104	123	142	156	108	117	193	182	116	147	156	185	
101	131	186	186	125	100	190	147	164	150	137	102	145	176	185	131	113	108	117	186	118	151	140	178	154	189	172	110	
164	164	196	105	136	110	100	186	153	151	183	193	111	157	144	123	188	142	110	163	105	190	166	187	170	171	186	126	
178	164	135	119	141	153	114	100	106	130	108	103	151	178	122	151	130	133	184	177	110	141	166	110	122	174	191	197	
171	148	183	196	188	136	147	194	100	167	100	146	168	129	128	142	172	118	174	147	105	158	156	160	120	106	119	136	
148	130	161	168	200	150	149	170	133	100	177	106	175	116	188	180	176	194	108	146	130	187	183	173	128	141	169	176	
127	196	174	105	133	163	117	192	200	123	100	171	175	140	183	115	104	186	128	153	151	175	100	146	191	117	132	197	
154	117	131	194	136	198	107	197	154	194	129	100	136	184	140	147	172	184	148	131	103	156	185	200	152	158	154	143	
149	145	108	117	165	155	189	149	132	125	125	164	100	140	199	142	101	144	163	185	117	191	200	143	113	165	102	154	
164	185	191	131	109	124	143	122	171	184	160	116	160	100	109	116	196	113	131	186	166	139	183	175	144	161	105	170	
142	199	180	168	168	115	156	178	172	112	117	160	101	191	100	147	177	177	199	158	172	188	164	175	180	168	154	195	
160	196	121	130	119	169	177	149	158	120	185	153	158	184	153	100	152	159	197	157	181	159	102	123	168	200	124	186	
124	145	140	160	196	187	112	170	128	124	196	128	199	104	123	148	100	149	114	112	117	135	105	132	138	180	198	156	
187	113	148	164	177	192	158	167	182	106	114	116	156	187	123	141	151	100	166	132	168	163	159	123	129	173	161	116	
178	126	146	128	158	183	190	116	126	192	172	152	137	169	101	103	186	134	100	184	199	137	130	160	148	113	140	150	
133	185	166	152	144	114	137	123	153	154	147	169	115	114	142	143	188	168	116	100	111	195	128	157	191	164	141	171	
106	151	187	184	192	182	195	190	195	170	149	197	183	134	128	119	183	132	101	189	100	129	151	163	147	166	104	177	
166	166	160	190	183	149	110	159	142	113	125	144	109	161	112	141	165	137	163	105	171	100	101	185	169	129	103	197	
190	122	146	177	107	160	134	134	144	117	200	115	100	117	136	198	195	141	170	172	149	199	100	106	150	116	118	145	
128	132	121	164	118	122	113	190	140	127	154	100	157	125	125	177	168	177	140	143	137	115	194	100	128	167	115	155	
186	186	104	149	184	146	130	178	180	172	109	148	187	156	120	132	162	171	152	109	153	131	150	172	100	155	124	184	
116	165	104	180	153	111	129	126	194	159	183	142	135	139	132	100	120	127	187	136	134	171	184	133	145	100	129	192	
200	132	108	124	144	128	114	109	181	131	168	146	198	195	146	176	102	139	160	159	196	197	182	185	176	171	100	146	
153	198	119	131	115	190	174	103	164	124	103	157	146	130	105	114	144	184	150	129	123	103	155	145	116	108	154	100	

