INDEX_PROBLEM
1
PATIENTS
800
STRETCHERS
16
NUM_ROOM
28
NUM_DEPOTS
3
NUM_PRIORITY
4
PRIORITY_LIST
0	1	2	3	4	
PRIORITY_WEIGHT
0	1	10	18	30	
PRIORITY_JOB
0	2	3	1	3	4	4	4	2	4	2	3	3	4	4	3	4	2	4	4	3	4	4	3	4	4	1	3	4	4	4	3	4	2	3	4	4	4	3	4	4	1	3	4	3	4	3	4	4	2	3	4	3	4	4	4	4	4	1	2	1	2	1	2	1	4	2	3	4	3	4	4	4	1	2	4	2	3	1	1	1	1	3	1	3	4	4	3	4	4	2	2	2	1	2	1	4	4	1	3	3	4	4	3	1	4	4	2	3	1	2	1	4	2	3	4	4	4	4	3	4	1	1	2	4	2	3	1	2	2	3	4	4	4	3	4	4	2	4	1	1	1	2	1	3	4	2	3	4	3	4	4	2	4	4	1	1	2	1	2	3	4	2	3	4	4	4	4	3	3	4	1	1	2	3	1	2	3	4	2	3	3	4	4	4	1	4	2	1	2	1	2	2	4	1	3	3	4	4	3	1	4	4	1	2	3	1	2	4	2	4	1	3	4	4	3	3	1	4	1	2	3	1	2	4	4	2	3	4	4	4	3	4	1	3	1	4	1	2	1	2	2	3	4	4	4	3	4	4	2	4	2	3	1	2	1	4	3	4	3	4	3	4	4	2	4	1	2	2	1	2	1	3	4	4	3	4	4	4	3	2	2	3	4	3	1	2	1	1	3	2	3	4	4	4	4	4	1	2	2	1	2	3	1	4	4	2	3	3	4	3	4	2	4	1	2	1	2	2	1	2	4	1	3	3	4	4	3	4	4	1	4	1	2	3	1	2	2	3	4	4	4	4	3	4	1	3	1	2	1	2	1	2	3	4	2	4	4	3	4	4	4	1	4	2	3	1	2	1	3	4	2	3	4	3	4	4	2	4	1	3	2	1	2	1	4	4	2	3	4	4	4	3	2	3	1	4	3	1	2	1	3	2	3	4	4	4	4	3	2	1	4	2	1	2	1	2	2	3	4	4	4	4	3	4	2	1	2	4	1	2	3	1	1	1	3	4	3	4	4	3	1	4	2	2	2	1	2	1	4	3	1	3	3	4	4	4	3	4	1	2	3	2	3	1	2	4	2	4	4	4	4	3	4	2	1	3	4	1	2	3	1	2	4	4	3	4	3	4	4	1	3	4	2	1	2	1	2	2	3	4	3	4	3	4	4	1	3	4	3	1	2	1	2	2	3	4	1	4	3	4	4	1	2	4	1	2	3	1	2	2	3	4	1	4	3	4	3	2	4	1	1	2	3	1	1	3	4	4	4	3	4	4	3	1	2	3	2	2	1	2	1	1	3	4	4	3	4	4	4	1	2	3	4	2	3	1	2	1	2	1	3	4	4	4	3	4	2	3	4	1	2	1	2	2	4	4	4	3	4	3	4	1	3	4	3	1	2	1	2	2	3	4	4	3	4	3	4	1	3	2	3	1	2	1	2	3	4	1	4	3	4	4	4	1	2	4	1	2	1	2	3	2	3	4	1	3	4	4	4	2	4	4	1	2	1	2	1	1	3	1	4	3	4	4	4	2	3	2	3	1	2	1	3	4	1	3	4	3	4	4	3	1	4	2	2	1	2	1	3	1	2	4	4	4	3	2	1	4	2	3	3	1	2	1	4	4	2	4	4	4	3	4	4	4	1	3	1	2	1	2	4	2	3	3	4	3	4	4	3	4	1	3	1	2	1	2	4	2	3	4	3	4	4	4	1	2	4	1	2	1	2	3	1	2	3	1	1	2	1	1	4	4	2	2	1	2	3	1	4	1	1	2	1	2	1	2	3	4	2	1	2	1	2	3	3	4	1	1	1	2	1	2	1	3	4	1	2	1	2	3	
TIME_ASKED
0	28800	28800	28800	28800	28800	28800	28800	28800	28800	28800	28800	28800	28800	28800	28800	28800	29545	29574	29603	29632	29661	29690	29742	29784	29826	29868	29910	29952	29994	30029	30058	30087	30116	30145	30174	30203	30232	30261	30290	30329	30358	30387	30416	30445	30474	30503	30532	30561	30590	30621	30642	30663	30684	30705	30726	30747	30768	30789	30810	30831	30852	30873	30894	30949	30998	31047	31096	31145	31194	31227	31254	31281	31308	31335	31362	31389	31416	31443	31470	31497	31524	31548	31572	31596	31620	31644	31668	31692	31716	31740	31764	31788	31837	31874	31911	31948	31985	32022	32059	32096	32159	32218	32277	32336	32395	32419	32438	32457	32476	32495	32514	32533	32552	32571	32590	32609	32628	32647	32666	32685	32759	32818	32877	32936	32995	33027	33054	33081	33108	33135	33162	33189	33216	33243	33270	33297	33333	33366	33399	33432	33465	33498	33531	33564	33597	33616	33632	33648	33664	33680	33696	33712	33728	33744	33760	33776	33792	33808	33824	33840	33856	33872	33888	33933	33966	33999	34032	34065	34098	34131	34164	34197	34242	34284	34326	34368	34410	34452	34494	34533	34566	34599	34632	34665	34698	34731	34764	34797	34827	34854	34881	34908	34935	34962	34989	35016	35043	35070	35097	35137	35174	35211	35248	35285	35322	35359	35396	35433	35466	35499	35532	35565	35598	35631	35664	35697	35723	35746	35769	35792	35815	35838	35861	35884	35907	35930	35953	35976	35999	36023	36046	36069	36092	36115	36138	36161	36184	36207	36230	36253	36276	36299	36327	36354	36381	36408	36435	36462	36489	36516	36543	36570	36597	36619	36638	36657	36676	36695	36714	36733	36752	36771	36790	36809	36828	36847	36866	36885	36949	36998	37047	37096	37145	37194	37259	37318	37377	37436	37495	37549	37598	37647	37696	37745	37794	37827	37854	37881	37908	37935	37962	37989	38016	38043	38070	38097	38123	38146	38169	38192	38215	38238	38261	38284	38307	38330	38353	38376	38399	38419	38438	38457	38476	38495	38514	38533	38552	38571	38590	38609	38628	38647	38666	38685	38742	38784	38826	38868	38910	38952	38994	39029	39058	39087	39116	39145	39174	39203	39232	39261	39290	39349	39398	39447	39496	39545	39594	39633	39666	39699	39732	39765	39798	39831	39864	39897	39937	39974	40011	40048	40085	40122	40159	40196	40242	40284	40326	40368	40410	40452	40494	40542	40584	40626	40668	40710	40752	40794	40849	40898	40947	40996	41045	41094	41133	41166	41199	41232	41265	41298	41331	41364	41397	41423	41446	41469	41492	41515	41538	41561	41584	41607	41630	41653	41676	41699	41749	41798	41847	41896	41945	41994	42099	42198	42297	42342	42384	42426	42468	42510	42552	42594	42699	42798	42897	42923	42946	42969	42992	43015	43038	43061	43084	43107	43130	43153	43176	43199	43237	43274	43311	43348	43385	43422	43459	43496	43549	43598	43647	43696	43745	43794	43899	43998	44097	44159	44218	44277	44336	44395	44459	44518	44577	44636	44695	44799	44898	44997	45033	45066	45099	45132	45165	45198	45231	45264	45297	45337	45374	45411	45448	45485	45522	45559	45596	45637	45674	45711	45748	45785	45822	45859	45896	45959	46018	46077	46136	46195	46249	46298	46347	46396	46445	46494	46537	46574	46611	46648	46685	46722	46759	46796	46821	46842	46863	46884	46905	46926	46947	46968	46989	47010	47031	47052	47073	47094	47199	47298	47397	47437	47474	47511	47548	47585	47622	47659	47696	47737	47774	47811	47848	47885	47922	47959	47996	48049	48098	48147	48196	48245	48294	48324	48348	48372	48396	48420	48444	48468	48492	48516	48540	48564	48588	48627	48654	48681	48708	48735	48762	48789	48816	48843	48870	48897	48937	48974	49011	49048	49085	49122	49159	49196	49233	49266	49299	49332	49365	49398	49431	49464	49497	49537	49574	49611	49648	49685	49722	49759	49796	49827	49854	49881	49908	49935	49962	49989	50016	50043	50070	50097	50149	50198	50247	50296	50345	50394	50424	50448	50472	50496	50520	50544	50568	50592	50616	50640	50664	50688	50737	50774	50811	50848	50885	50922	50959	50996	51027	51054	51081	51108	51135	51162	51189	51216	51243	51270	51297	51324	51348	51372	51396	51420	51444	51468	51492	51516	51540	51564	51588	51637	51674	51711	51748	51785	51822	51859	51896	51933	51966	51999	52032	52065	52098	52131	52164	52197	52259	52318	52377	52436	52495	52517	52534	52551	52568	52585	52602	52619	52636	52653	52670	52687	52704	52721	52738	52755	52772	52789	52859	52918	52977	53036	53095	53137	53174	53211	53248	53285	53322	53359	53396	53459	53518	53577	53636	53695	53733	53766	53799	53832	53865	53898	53931	53964	53997	54027	54054	54081	54108	54135	54162	54189	54216	54243	54270	54297	54374	54448	54522	54596	54627	54654	54681	54708	54735	54762	54789	54816	54843	54870	54897	55049	55198	55237	55274	55311	55348	55385	55422	55459	55496	55574	55648	55722	55796	55827	55854	55881	55908	55935	55962	55989	56016	56043	56070	56097	56399	56499	56598	56697	56733	56766	56799	56832	56865	56898	56931	56964	56997	57049	57098	57147	57196	57245	57294	57359	57418	57477	57536	57595	
ORIGIN
0	16	6	27	25	7	27	23	25	1	23	14	14	14	14	23	4	14	4	14	14	4	26	16	23	14	16	14	14	14	27	7	14	9	14	14	11	2	23	4	11	2	14	20	2	14	14	26	26	6	27	18	7	27	20	8	1	14	10	2	14	23	2	26	27	7	23	14	25	24	15	1	25	25	7	1	1	25	14	3	14	7	23	3	3	23	14	14	16	4	4	5	15	14	1	14	14	5	18	26	27	20	8	1	26	17	1	27	20	2	14	14	27	7	14	4	24	14	4	27	23	4	23	19	14	2	14	14	14	14	10	2	14	14	2	14	16	14	14	9	14	27	16	4	16	14	7	27	20	11	1	4	4	4	27	14	2	14	14	14	26	23	3	24	15	4	20	16	23	8	23	26	2	3	14	18	27	27	14	23	12	24	24	14	27	25	5	14	9	26	14	1	14	14	1	20	8	23	23	9	16	16	20	2	14	15	14	14	14	14	16	14	4	20	16	5	1	14	14	2	14	14	14	14	14	14	14	25	2	23	14	3	26	14	14	4	11	2	2	25	23	14	14	8	27	23	12	23	23	14	16	14	14	27	27	14	14	16	14	15	26	14	8	26	16	14	13	14	14	14	14	8	14	3	8	3	23	13	3	23	4	1	16	14	14	1	25	14	14	26	2	14	23	8	23	23	10	5	14	2	27	11	1	27	27	9	14	14	16	5	23	16	14	23	5	23	11	3	16	14	3	5	7	14	13	2	14	14	3	14	14	20	23	1	7	14	3	14	14	1	8	1	23	10	14	14	12	14	26	26	14	4	27	14	8	3	5	3	16	1	14	11	14	14	14	14	14	27	16	27	14	14	2	23	5	3	20	14	13	7	16	7	14	2	26	16	14	14	1	23	10	1	23	14	11	14	14	14	14	27	14	4	11	2	14	26	11	14	10	15	14	1	14	14	14	14	10	14	14	16	23	26	26	24	14	10	23	26	14	14	1	14	14	7	7	23	23	10	14	23	14	20	14	20	14	27	14	14	27	14	12	1	16	6	27	19	7	27	22	14	14	3	4	16	12	14	16	3	14	3	23	14	14	14	4	16	1	14	14	3	1	26	14	20	9	26	27	11	26	23	23	1	27	14	26	27	2	16	5	11	5	27	18	7	2	14	11	14	14	17	2	22	23	2	26	2	3	14	14	4	24	15	14	25	25	14	4	26	3	26	14	2	1	26	11	2	23	12	4	14	14	14	23	15	14	27	1	23	26	1	7	27	20	20	14	14	2	2	27	20	14	26	14	14	23	14	4	2	15	4	22	22	8	8	26	14	2	14	3	1	4	23	2	23	14	27	14	14	14	14	15	14	7	11	27	26	26	7	27	20	2	23	27	11	3	14	20	2	14	11	1	23	14	3	24	14	4	7	1	1	7	26	14	14	14	14	7	7	10	2	23	12	14	26	14	27	27	4	14	27	26	23	1	14	7	1	19	8	27	3	14	3	20	20	2	14	14	27	27	14	26	24	14	4	14	14	1	26	14	2	26	14	23	14	14	10	1	23	12	2	23	23	23	27	14	14	27	11	15	1	16	23	27	19	7	27	14	14	14	20	14	22	14	2	26	23	14	3	16	14	4	20	4	23	26	16	1	1	26	14	4	1	9	1	23	4	1	23	1	1	14	14	27	27	11	14	1	23	6	3	18	7	27	21	14	10	23	2	2	22	23	2	7	14	3	14	26	4	25	16	27	27	16	16	16	26	14	14	14	9	1	24	3	2	23	13	27	14	14	14	27	14	14	1	14	5	27	18	7	27	20	8	14	27	10	1	27	23	2	7	16	
DESTINATION
0	14	17	2	14	23	2	26	14	14	27	25	4	25	16	27	14	25	14	1	25	14	3	14	27	9	16	3	3	2	23	13	4	14	5	5	15	14	1	14	12	27	26	7	27	20	8	14	14	17	2	27	20	2	14	14	14	16	14	14	25	7	27	23	23	23	3	26	14	2	14	14	14	14	20	14	14	14	4	26	16	23	27	14	14	27	16	4	16	14	14	14	11	2	23	4	4	14	27	14	2	14	14	14	14	6	14	18	7	27	20	8	23	23	26	14	2	3	14	18	27	14	7	22	25	24	15	1	25	25	14	14	9	26	14	1	14	1	25	14	3	23	14	14	16	5	20	2	14	15	14	14	14	14	18	26	27	20	8	1	14	7	14	2	14	14	14	14	27	14	7	14	24	14	4	27	23	23	4	27	11	2	2	25	23	14	14	10	14	14	2	14	16	16	14	14	14	27	27	14	16	16	7	27	20	11	1	4	4	4	14	26	14	14	14	14	14	26	3	24	15	4	20	16	8	8	8	14	14	1	25	14	14	26	2	14	12	24	24	14	27	1	5	14	2	27	11	1	27	9	14	26	8	23	23	9	5	16	16	11	3	16	14	3	16	5	7	4	20	16	5	14	1	14	14	23	1	7	14	3	14	14	14	25	2	23	14	3	26	14	14	15	26	14	4	27	14	14	8	27	23	12	23	23	23	14	16	1	14	14	27	16	26	27	14	27	15	26	14	8	26	14	13	4	7	14	2	26	14	16	3	14	3	23	13	3	23	1	16	14	14	14	27	14	10	4	11	2	23	23	8	23	23	2	14	14	14	14	14	14	10	15	9	16	5	16	5	23	16	23	16	26	14	1	14	14	7	1	7	13	14	13	2	14	14	14	20	1	14	27	14	14	27	3	12	1	8	8	1	23	10	14	12	14	4	3	12	16	14	11	8	14	5	3	16	1	14	16	16	14	1	14	3	1	26	14	27	14	2	2	23	5	3	20	13	1	27	14	26	27	2	14	5	11	1	23	10	1	23	16	11	14	14	17	2	22	23	2	2	2	16	26	14	14	11	10	14	26	25	14	4	26	3	26	14	14	23	26	26	26	24	14	26	7	14	14	23	15	14	27	1	23	23	10	14	23	14	14	14	20	14	2	27	20	14	26	12	1	16	6	27	19	7	27	14	22	14	8	26	14	2	14	16	14	14	3	23	14	14	14	4	14	14	14	15	14	7	11	14	9	9	26	27	11	26	23	23	27	3	14	20	2	14	11	5	5	27	27	18	7	2	14	15	1	3	26	14	14	14	14	2	2	14	14	14	4	24	15	26	14	14	4	14	27	26	23	1	2	1	1	11	2	23	12	23	3	14	20	2	14	14	27	23	20	26	1	7	27	20	20	14	1	26	14	2	26	14	23	14	14	23	14	4	2	15	4	23	23	14	14	27	11	15	14	8	23	23	23	2	23	14	27	14	20	20	14	22	14	2	26	26	26	7	7	27	20	2	23	23	26	3	1	26	14	4	1	23	14	3	24	14	4	7	1	1	14	14	27	11	14	1	7	7	23	10	2	23	12	14	14	14	27	2	22	23	2	26	1	9	14	26	19	8	27	3	27	25	14	16	26	14	14	14	27	14	16	24	24	14	4	14	14	14	14	27	14	14	1	14	14	10	1	23	23	12	2	23	27	17	26	27	23	2	7	16	14	27	27	27	19	7	27	23	25	14	20	14	14	14	14	23	23	14	16	16	14	4	20	4	14	14	1	14	14	27	7	23	1	26	1	23	4	1	23	1	14	2	27	20	2	14	14	26	23	14	14	18	7	27	21	14	
DUE_DATE
0	30427	29996	31245	30094	29603	29652	29707	30776	29805	30874	30443	30492	29987	30016	30585	30074	31123	30132	30161	30730	30219	30248	30840	30342	30384	32166	31008	30510	30552	30587	31156	30645	31694	31243	30732	30761	30790	31359	30848	30887	32656	31485	30974	31543	31032	31601	31090	31119	32168	31719	31200	31761	31242	31263	31284	31305	31326	33087	32388	33129	32430	33171	32472	33247	31556	32625	32194	31703	32292	31785	31812	31839	33606	32913	31920	32967	32514	33741	33768	33795	33822	32646	33870	32694	32178	32202	32766	32250	32274	33318	33342	33366	34135	33452	34209	32506	32543	34320	33157	33194	32717	32776	33375	34634	32953	32977	34016	33555	34774	34073	34812	33091	34130	33669	33148	33167	33186	33205	33764	33243	35057	35116	34455	33494	34573	34125	35352	34659	34686	34233	33720	33747	33774	34341	33828	33855	34911	33924	35697	35730	35763	35076	35829	34662	34155	35194	34730	34206	34762	34238	34254	35290	34286	34302	36058	36074	35370	36106	35402	34938	34414	35450	34986	34491	34524	34557	34590	35163	35196	34689	36462	36495	35820	35382	36624	35946	35508	35010	36072	35631	35664	35157	35190	35223	36996	35289	36342	37095	36405	37152	36459	36486	35493	37260	36087	36114	35601	35628	36195	37435	35732	35769	37546	36863	36420	37657	36974	35991	37044	36057	37830	36663	36156	36189	36762	36795	38021	36304	38067	37370	36913	38136	37439	36442	36465	37508	37051	36534	36557	36581	37144	36627	38390	37213	38436	36719	38482	37785	38528	37831	37854	37397	36885	36912	36939	37506	36993	37020	38067	37074	38121	37668	38895	38197	38936	37215	37774	37253	37812	37291	37850	37329	37348	38387	37386	39145	38444	38463	39247	38576	39345	38194	37703	37752	38357	37876	37935	37994	38593	39127	39176	38745	38254	38843	40092	39405	40152	40179	39006	39513	39060	38547	38574	38601	38628	38655	40421	39724	39747	40490	39793	39336	40559	38842	38865	39908	39451	39474	38957	39517	38996	40035	39034	40793	40092	40831	40130	40149	40888	40187	39186	40945	39764	39783	39300	39342	39924	39426	39468	41250	39552	41327	40636	40185	41414	40723	40752	40301	39790	39819	39848	39907	40496	40005	41794	40643	41892	41211	41964	41277	42030	41343	40896	40389	41442	40455	40495	41072	40569	40606	40643	42420	40717	41774	41340	42582	41904	42666	41508	41010	42072	41640	41142	41724	41226	41268	42330	41352	43147	41996	42525	43294	42623	43392	41691	41724	42777	42330	41823	41856	41889	42462	42975	42521	43744	42027	42590	43813	43116	43859	42682	43185	42728	42211	42234	42257	42307	42896	43425	44194	42503	43572	44397	43776	44595	43920	43962	43524	43026	43068	43110	43152	43797	43356	44475	45221	44524	43527	45290	44593	44136	45359	45382	45405	44228	43711	44274	43757	43795	44372	45609	43906	44963	45000	45037	45794	45127	45896	44205	44794	46043	44892	44997	44556	44655	44717	45316	44835	46634	45973	45557	46096	45675	46934	46273	45357	46476	45555	45591	45624	45657	46230	45723	46776	47529	46362	45855	47635	46952	46509	47746	47063	46080	46117	46694	46195	46772	46269	46306	48083	46920	46417	47474	48257	47596	48375	47714	47773	47347	46856	47445	46954	47543	47052	47095	48872	47709	47206	47783	49020	48337	49094	48399	48420	47961	47442	49203	47484	48045	47526	47547	49308	48609	47610	49371	48672	48297	49596	48975	49015	48572	48069	49846	48143	48720	48217	48794	49315	48332	50109	50146	49463	49020	50257	50294	49147	48656	48705	48754	49343	48852	48882	49446	50670	49974	49518	50022	50046	50790	50094	50838	50862	49686	49185	49212	49779	49266	49293	49320	51087	50394	49941	49428	50475	50035	51272	50589	51346	50663	51420	50257	49754	49791	49824	50397	49890	50943	50496	49989	51762	51075	51835	51152	51189	50206	50243	50280	50857	50354	50925	50412	52179	51006	50493	51060	52287	51594	52341	51648	51675	51247	50756	50805	51394	50903	51492	50982	52746	51570	52074	51618	52842	52146	52890	52194	51738	51222	52986	51295	51872	51369	51406	51443	53220	52537	51554	53325	52632	53379	52686	52233	52740	52287	51774	53541	52368	51855	51882	51906	52950	51954	51978	53742	53046	53790	53094	53838	53862	52686	53935	52232	52809	52306	52343	52380	53437	52994	53511	53064	54297	53610	54363	53196	52689	54462	53295	52817	53416	52935	52994	53593	54815	53092	54129	54146	54883	54180	54917	53734	54951	54248	53245	53262	53279	53836	54333	55070	53347	54437	54016	54075	55334	54673	55435	53732	53769	54826	53843	53880	53917	54494	54017	54076	54135	55934	54793	56031	55344	56097	55410	54423	55476	55029	55062	54555	55125	54612	54639	55206	54693	56460	55287	56514	55821	56568	55875	54932	56026	55620	55154	55725	55212	55239	55266	57033	56340	55347	57114	56421	57168	56475	56147	57496	56815	56372	57609	57646	56963	57720	57757	56054	56132	57226	57300	58094	57405	56952	58179	56466	58233	58260	57567	58314	57621	58368	57675	57497	57057	58176	58995	58311	59064	58377	57930	57963	57456	59229	59262	59295	58627	59396	58725	59494	58343	57852	59657	58996	59775	59114	58693	
TRANSPORT_MODE
0	4	4	4	0	0	0	0	2	4	1	2	0	0	0	0	4	4	4	0	0	0	0	0	0	4	4	2	0	0	0	0	4	4	4	0	0	0	0	0	4	4	2	0	0	0	0	0	4	4	4	0	0	0	0	0	0	4	4	4	0	0	0	0	0	2	4	4	4	0	0	0	0	3	4	4	0	0	0	0	0	4	4	3	0	0	0	0	4	4	4	0	0	0	0	0	0	4	4	4	0	0	0	0	3	4	1	0	0	0	0	0	0	4	1	4	0	0	0	0	0	4	3	4	1	0	0	0	0	2	4	4	0	0	0	0	0	1	4	4	0	0	0	0	2	4	1	0	0	0	0	0	0	1	4	4	0	0	0	0	2	4	4	0	0	0	0	0	0	4	4	1	0	0	0	0	0	1	2	4	4	0	0	0	0	3	4	1	0	0	0	0	0	4	4	4	0	0	0	0	3	4	1	0	0	0	0	0	0	4	4	4	0	0	0	0	1	3	4	0	0	0	0	0	0	4	4	4	0	0	0	0	0	4	4	3	4	0	0	0	0	4	2	4	0	0	0	0	0	4	1	1	0	0	0	0	2	4	4	0	0	0	0	0	4	1	4	0	0	0	0	0	4	2	4	0	0	0	0	0	0	1	1	4	0	0	0	0	1	4	2	4	0	0	0	0	1	3	4	0	0	0	0	0	1	2	4	4	0	0	0	0	0	4	3	1	0	0	0	0	0	1	4	4	0	0	0	0	0	4	3	1	0	0	0	0	0	1	4	4	0	0	0	0	0	4	1	3	4	0	0	0	0	4	2	4	0	0	0	0	0	1	3	1	1	0	0	0	0	2	1	4	0	0	0	0	0	0	4	1	4	0	0	0	0	1	2	1	0	0	0	0	0	0	4	4	1	0	0	0	0	4	4	2	0	1	0	0	0	1	3	4	0	0	0	0	0	1	2	1	4	0	0	0	0	0	3	1	4	0	0	0	0	0	1	4	1	0	0	0	0	3	4	4	0	0	0	0	0	0	4	1	1	0	0	0	0	0	1	3	1	1	0	0	0	0	2	1	4	0	0	0	0	0	4	3	1	1	0	0	0	0	2	4	4	0	0	0	0	0	4	1	1	0	0	0	0	0	2	1	1	0	0	0	0	0	4	4	1	0	0	0	0	0	1	2	1	1	0	0	0	0	3	4	1	0	0	0	0	0	2	1	4	3	0	0	0	0	4	1	1	0	0	0	0	0	4	1	1	0	0	0	0	0	3	1	1	0	0	0	0	0	1	4	1	0	0	0	0	0	3	1	1	2	0	0	0	0	4	4	3	0	0	0	0	0	1	4	1	2	0	0	0	0	1	1	1	0	0	0	0	0	1	4	2	0	0	0	0	0	1	1	1	0	0	0	0	0	1	1	4	0	0	0	0	0	2	1	1	0	0	0	0	0	3	4	1	0	0	0	0	0	2	1	1	3	0	0	0	0	1	1	1	0	0	0	0	0	1	1	3	0	0	0	0	1	1	4	0	0	0	0	0	0	1	1	1	0	0	0	0	0	3	4	1	0	0	0	0	4	1	1	0	0	0	0	0	3	1	1	2	0	0	0	0	1	1	1	0	0	0	0	0	0	1	1	2	0	0	0	0	1	1	1	0	0	0	0	0	0	1	4	1	0	0	0	0	2	1	4	0	0	0	0	0	1	1	1	0	0	0	0	0	3	1	1	3	0	0	0	0	1	1	1	0	0	0	0	0	1	1	3	0	0	0	0	0	1	1	1	0	0	0	0	0	1	1	1	0	0	0	0	0	3	1	1	0	0	0	0	0	
DISTANCE_MATRIX
60	360	318	300	288	276	264	264	150	150	150	60	90	90	162	168	204	228	234	312	360	408	348	318	168	192	168	318	
360	60	264	318	324	342	342	342	348	348	354	360	372	378	378	420	420	480	462	498	462	462	384	420	372	420	378	378	
318	264	60	270	276	288	288	288	294	294	294	318	318	324	324	414	414	468	462	486	462	462	330	366	366	408	372	324	
300	318	270	60	276	288	288	288	288	288	288	300	300	312	318	408	408	468	462	486	438	438	318	360	360	402	360	312	
288	324	276	276	60	276	276	276	276	276	276	288	288	300	300	402	396	462	456	480	432	432	300	360	360	402	348	300	
276	342	288	288	276	60	180	180	252	258	264	264	264	288	288	390	390	456	450	480	432	432	288	348	348	348	288	288	
264	342	288	288	276	180	60	180	246	258	264	264	264	288	288	390	390	456	450	480	432	432	288	348	348	348	288	288	
264	342	288	288	276	180	180	60	240	258	264	264	264	288	288	390	390	456	450	480	432	432	288	348	348	348	288	288	
150	348	294	288	276	252	246	240	60	120	120	150	126	270	270	378	384	420	438	480	420	408	276	300	300	300	276	270	
150	348	294	288	276	258	258	258	120	60	120	150	150	270	270	378	384	420	438	480	420	408	276	300	300	300	276	270	
150	354	294	288	276	264	264	264	120	120	60	150	150	270	270	378	384	420	438	480	420	408	276	300	300	300	276	270	
60	360	318	300	288	264	264	264	150	150	150	60	90	162	168	228	234	312	360	408	348	318	168	192	192	198	168	162	
90	372	318	300	288	264	264	264	150	150	150	90	60	162	168	228	234	312	360	408	348	318	168	192	192	198	168	162	
90	378	324	312	300	288	288	288	270	270	270	162	162	60	120	180	180	306	210	360	300	300	120	180	120	180	120	234	
162	378	324	318	300	288	288	288	270	270	270	168	168	120	60	180	180	306	210	360	300	300	120	180	120	180	120	120	
168	420	414	408	402	348	348	348	300	300	300	228	228	180	180	60	132	204	132	348	258	258	186	60	180	132	222	180	
204	420	414	408	396	390	390	390	384	384	384	234	234	180	180	132	60	204	132	348	258	258	186	60	180	132	222	180	
228	480	468	468	462	456	456	456	420	420	420	312	312	306	306	204	204	60	198	120	240	240	306	204	306	138	306	306	
234	462	462	462	456	450	450	450	438	438	438	360	360	210	210	132	132	198	60	138	132	132	210	132	210	132	210	210	
312	498	486	486	480	480	480	480	480	480	480	408	408	360	360	348	348	120	138	60	348	348	360	348	360	348	360	360	
360	462	462	438	432	432	432	432	420	420	420	348	348	300	300	258	258	240	132	348	60	60	300	258	300	258	300	300	
408	462	462	438	432	432	432	432	408	408	408	318	318	300	300	258	258	240	132	348	60	60	300	258	300	258	300	300	
348	384	330	318	300	288	288	288	276	276	276	168	168	120	120	186	186	306	210	360	300	300	60	186	120	186	120	120	
318	420	366	360	360	348	348	348	300	300	300	192	192	180	180	60	60	204	132	348	258	258	186	60	180	60	180	180	
168	372	300	306	300	288	288	288	270	270	270	168	168	120	120	180	180	306	210	360	300	300	120	180	60	180	120	120	
192	420	408	402	402	348	348	348	300	300	300	198	198	180	180	132	132	138	132	348	258	258	186	60	180	60	180	180	
168	378	372	360	348	288	288	288	276	276	276	168	168	120	120	222	222	306	210	360	300	300	120	180	120	180	60	120	
318	378	324	312	300	288	288	288	270	270	270	162	162	234	120	180	180	306	210	360	300	300	120	180	120	180	120	60	
DEPOT_DISTANCE_MATRIX
60	360	318	300	288	276	264	264	150	150	150	60	90	90	162	168	204	228	234	312	360	408	348	318	168	192	168	318	
162	378	324	318	300	288	288	288	270	270	270	168	168	120	60	180	180	306	210	360	300	300	120	180	120	180	120	120	
318	420	366	360	360	348	348	348	300	300	300	192	192	180	180	60	60	204	132	348	258	258	186	60	180	60	180	180	
PATIENT_WEIGHT
37	43	106	57	91	98	137	80	72	138	105	67	122	40	51	56	100	102	107	37	104	92	101	143	133	30	94	141	106	125	100	117	64	101	91	134	47	68	104	132	84	69	106	52	72	65	123	122	110	50	30	96	107	73	36	125	144	120	144	60	75	106	45	36	108	142	47	125	82	49	109	53	87	120	104	148	72	52	97	41	92	99	36	134	41	99	75	107	133	125	146	113	150	53	53	96	30	36	115	68	131	43	36	136	55	40	64	127	105	110	64	145	33	118	124	127	57	72	149	149	82	94	136	90	78	48	63	69	130	95	92	150	116	128	98	59	69	100	81	136	58	109	49	95	134	70	103	58	71	131	144	56	109	147	105	122	32	150	108	75	58	50	117	68	121	53	141	70	137	81	97	118	105	45	85	77	133	108	95	62	62	82	52	80	150	105	55	149	117	88	109	107	115	105	140	52	73	150	77	50	88	72	90	86	120	75	148	48	150	131	54	149	74	115	107	62	109	66	126	41	114	142	70	80	53	141	119	106	44	53	147	139	108	144	40	150	38	118	83	98	118	43	127	36	72	35	59	90	131	67	130	107	88	55	101	70	88	75	36	104	111	98	77	92	54	118	110	103	118	108	42	129	129	39	73	116	68	133	82	125	109	55	51	46	108	56	91	56	115	106	58	98	46	36	131	110	57	132	50	89	108	52	82	91	131	74	136	80	145	95	140	65	102	60	30	62	135	106	44	132	110	74	54	60	117	128	62	57	84	125	138	41	75	55	37	47	51	65	44	50	146	45	58	140	141	72	128	136	95	94	90	149	49	124	131	108	107	32	143	116	118	104	44	109	84	65	38	105	54	53	101	32	38	132	37	88	77	128	111	120	85	59	82	42	74	58	127	76	37	122	65	73	54	49	48	86	120	67	39	59	63	77	88	43	76	119	86	115	43	84	137	55	128	37	60	77	49	120	39	48	100	83	72	125	113	103	52	142	143	43	79	132	135	145	37	108	74	72	128	122	126	93	81	142	58	123	37	92	130	117	72	109	41	136	116	129	35	81	65	56	100	135	79	56	75	59	33	46	67	67	106	112	67	117	118	104	93	59	127	83	69	128	50	132	112	90	34	71	117	131	94	138	94	144	72	66	121	96	101	54	82	52	36	101	71	115	68	50	52	36	144	42	128	137	81	34	105	40	41	138	146	120	139	66	54	81	116	62	93	92	35	36	116	115	41	103	55	106	59	47	64	67	77	41	131	131	123	34	89	132	129	141	53	31	53	118	87	49	51	76	49	58	145	66	108	48	91	49	108	42	35	66	140	42	117	117	142	108	108	76	105	108	53	135	114	105	78	32	62	31	88	38	100	136	92	64	119	139	146	51	146	117	146	119	73	73	52	40	143	99	66	69	101	93	38	80	120	141	150	32	49	120	109	38	32	40	105	43	120	129	56	36	105	109	150	106	36	44	47	40	145	46	150	123	101	120	98	97	146	123	101	112	113	133	92	82	111	148	54	47	99	84	74	37	68	44	123	130	47	130	69	63	34	105	89	41	77	46	137	32	109	107	99	81	73	80	73	99	32	94	77	74	34	115	114	72	140	78	38	138	149	138	56	122	147	52	106	121	104	96	114	94	100	147	124	48	47	133	92	122	87	150	131	115	136	63	121	93	135	149	51	38	43	150	37	126	62	98	85	108	88	67	129	97	84	52	142	103	44	78	81	40	69	39	137	78	75	30	113	97	33	49	67	136	32	44	62	86	38	132	82	77	141	150	30	79	77	43	45	46	33	79	32	36	56	72	45	143	50	82	148	35	77	110	145	119	105	92	119	75	43	
LOCATION_TURN_MATRIX
100	130	122	113	112	199	136	122	129	152	173	146	151	136	158	140	176	113	122	167	194	134	110	172	114	184	100	147	
170	100	154	188	164	169	136	136	152	170	104	183	155	115	101	104	155	187	174	115	149	134	178	168	114	135	168	102	
178	146	100	161	178	114	104	165	117	139	126	169	192	109	120	179	160	152	154	134	113	140	154	179	196	196	192	181	
187	112	139	100	158	114	195	181	104	132	195	106	183	169	132	170	140	136	172	148	116	110	123	136	151	120	176	169	
188	136	122	142	100	175	164	159	112	100	167	164	135	191	132	181	104	123	142	156	108	117	193	182	116	147	156	185	
101	131	186	186	125	100	190	147	164	150	137	102	145	176	185	131	113	108	117	186	118	151	140	178	154	189	172	110	
164	164	196	105	136	110	100	186	153	151	183	193	111	157	144	123	188	142	110	163	105	190	166	187	170	171	186	126	
178	164	135	119	141	153	114	100	106	130	108	103	151	178	122	151	130	133	184	177	110	141	166	110	122	174	191	197	
171	148	183	196	188	136	147	194	100	167	100	146	168	129	128	142	172	118	174	147	105	158	156	160	120	106	119	136	
148	130	161	168	200	150	149	170	133	100	177	106	175	116	188	180	176	194	108	146	130	187	183	173	128	141	169	176	
127	196	174	105	133	163	117	192	200	123	100	171	175	140	183	115	104	186	128	153	151	175	100	146	191	117	132	197	
154	117	131	194	136	198	107	197	154	194	129	100	136	184	140	147	172	184	148	131	103	156	185	200	152	158	154	143	
149	145	108	117	165	155	189	149	132	125	125	164	100	140	199	142	101	144	163	185	117	191	200	143	113	165	102	154	
164	185	191	131	109	124	143	122	171	184	160	116	160	100	109	116	196	113	131	186	166	139	183	175	144	161	105	170	
142	199	180	168	168	115	156	178	172	112	117	160	101	191	100	147	177	177	199	158	172	188	164	175	180	168	154	195	
160	196	121	130	119	169	177	149	158	120	185	153	158	184	153	100	152	159	197	157	181	159	102	123	168	200	124	186	
124	145	140	160	196	187	112	170	128	124	196	128	199	104	123	148	100	149	114	112	117	135	105	132	138	180	198	156	
187	113	148	164	177	192	158	167	182	106	114	116	156	187	123	141	151	100	166	132	168	163	159	123	129	173	161	116	
178	126	146	128	158	183	190	116	126	192	172	152	137	169	101	103	186	134	100	184	199	137	130	160	148	113	140	150	
133	185	166	152	144	114	137	123	153	154	147	169	115	114	142	143	188	168	116	100	111	195	128	157	191	164	141	171	
106	151	187	184	192	182	195	190	195	170	149	197	183	134	128	119	183	132	101	189	100	129	151	163	147	166	104	177	
166	166	160	190	183	149	110	159	142	113	125	144	109	161	112	141	165	137	163	105	171	100	101	185	169	129	103	197	
190	122	146	177	107	160	134	134	144	117	200	115	100	117	136	198	195	141	170	172	149	199	100	106	150	116	118	145	
128	132	121	164	118	122	113	190	140	127	154	100	157	125	125	177	168	177	140	143	137	115	194	100	128	167	115	155	
186	186	104	149	184	146	130	178	180	172	109	148	187	156	120	132	162	171	152	109	153	131	150	172	100	155	124	184	
116	165	104	180	153	111	129	126	194	159	183	142	135	139	132	100	120	127	187	136	134	171	184	133	145	100	129	192	
200	132	108	124	144	128	114	109	181	131	168	146	198	195	146	176	102	139	160	159	196	197	182	185	176	171	100	146	
153	198	119	131	115	190	174	103	164	124	103	157	146	130	105	114	144	184	150	129	123	103	155	145	116	108	154	100	

