INDEX_PROBLEM
1
PATIENTS
800
STRETCHERS
16
NUM_ROOM
28
NUM_DEPOTS
3
NUM_PRIORITY
4
PRIORITY_LIST
0	1	2	3	4	
PRIORITY_WEIGHT
0	1	10	18	30	
PRIORITY_JOB
0	1	2	2	3	3	3	3	1	2	3	3	1	4	3	2	2	2	3	1	3	3	4	2	2	3	3	1	2	3	3	4	2	3	4	1	2	3	3	4	3	3	4	2	2	3	2	3	3	4	1	2	2	3	4	2	3	1	3	1	2	1	2	1	4	3	1	2	2	3	4	3	1	3	3	1	1	1	2	1	2	3	3	1	2	3	4	3	2	1	3	4	1	1	2	1	2	3	3	2	2	2	3	3	2	3	1	4	1	2	1	2	1	3	3	4	1	2	3	4	3	2	3	1	1	2	2	1	2	3	3	1	3	3	4	1	2	3	1	3	1	1	2	1	2	2	3	4	1	3	2	3	2	3	1	3	2	2	1	2	3	2	3	4	4	1	4	2	3	2	3	3	1	1	2	1	1	2	3	4	1	2	3	4	2	3	1	1	1	2	1	3	2	3	3	1	2	3	4	3	2	3	1	4	1	2	1	1	2	3	3	2	2	2	3	3	2	3	4	1	4	1	1	2	1	2	3	3	1	2	3	4	3	2	3	4	1	1	1	2	2	2	3	1	3	3	4	1	2	3	3	1	1	1	2	1	2	2	3	4	1	3	2	3	2	3	3	1	1	2	1	2	2	2	3	4	4	3	2	3	4	1	2	3	3	1	2	1	1	2	3	4	1	3	3	3	2	2	3	1	2	1	1	2	1	2	3	3	1	4	3	2	2	2	3	1	4	1	2	1	1	2	3	3	1	3	3	3	2	2	3	1	4	2	1	2	1	2	3	3	4	2	4	3	1	1	2	3	1	1	2	1	2	2	2	3	4	4	3	3	1	2	3	1	3	1	1	2	1	2	2	3	4	3	2	3	1	2	3	1	3	1	2	1	3	1	2	2	3	4	2	3	4	1	2	3	1	3	2	1	2	1	2	4	3	1	1	3	3	2	2	3	1	1	2	1	3	4	1	2	3	1	4	3	2	2	2	3	1	3	2	1	2	1	2	3	3	1	3	3	2	2	2	3	1	4	1	1	2	4	1	2	3	3	3	4	3	3	1	2	3	1	2	2	1	1	2	3	4	3	4	3	1	1	2	3	1	3	2	1	1	1	2	2	3	4	2	3	3	1	2	3	1	3	2	1	2	1	2	2	3	4	2	3	3	4	1	2	3	1	3	1	1	2	1	2	3	4	1	3	3	3	2	2	3	1	2	1	1	1	2	3	3	1	2	4	3	2	2	3	1	4	1	2	1	1	2	3	3	1	2	3	4	2	2	3	1	4	2	1	2	1	1	2	3	3	4	3	2	3	1	2	3	1	1	1	2	1	2	2	3	4	3	4	3	1	2	3	1	1	1	2	1	2	2	3	3	1	2	4	3	2	3	1	3	1	2	1	1	2	2	3	4	1	2	3	3	4	2	3	1	3	4	2	1	1	1	2	3	1	2	2	3	3	2	3	1	4	2	1	2	1	2	3	1	2	3	2	4	2	3	1	3	1	1	1	2	2	3	3	1	2	3	2	3	2	3	1	4	1	1	2	1	2	3	3	4	1	3	4	2	1	2	3	1	1	2	2	1	2	3	4	1	3	3	3	2	2	3	1	1	2	1	1	1	2	3	3	1	2	2	4	3	3	1	3	1	2	2	1	2	2	3	4	1	2	2	3	3	3	1	3	1	2	1	2	1	3	4	1	2	2	4	2	3	1	3	1	2	1	2	1	1	3	1	3	1	2	2	1	1	2	3	4	1	1	2	1	1	2	3	3	1	2	1	1	1	2	2	3	4	2	1	1	1	1	1	2	3	3	2	1	2	1	1	2	3	4	1	2	1	
TIME_ASKED
0	28800	28800	28800	28800	28800	28800	28800	28800	28800	28800	28800	28800	28800	28800	28800	28800	29545	29574	29603	29632	29661	29690	29742	29784	29826	29868	29910	29952	29994	30029	30058	30087	30116	30145	30174	30203	30232	30261	30290	30329	30358	30387	30416	30445	30474	30503	30532	30561	30590	30621	30642	30663	30684	30705	30726	30747	30768	30789	30810	30831	30852	30873	30894	30949	30998	31047	31096	31145	31194	31227	31254	31281	31308	31335	31362	31389	31416	31443	31470	31497	31524	31548	31572	31596	31620	31644	31668	31692	31716	31740	31764	31788	31837	31874	31911	31948	31985	32022	32059	32096	32159	32218	32277	32336	32395	32419	32438	32457	32476	32495	32514	32533	32552	32571	32590	32609	32628	32647	32666	32685	32759	32818	32877	32936	32995	33027	33054	33081	33108	33135	33162	33189	33216	33243	33270	33297	33333	33366	33399	33432	33465	33498	33531	33564	33597	33616	33632	33648	33664	33680	33696	33712	33728	33744	33760	33776	33792	33808	33824	33840	33856	33872	33888	33933	33966	33999	34032	34065	34098	34131	34164	34197	34242	34284	34326	34368	34410	34452	34494	34533	34566	34599	34632	34665	34698	34731	34764	34797	34827	34854	34881	34908	34935	34962	34989	35016	35043	35070	35097	35137	35174	35211	35248	35285	35322	35359	35396	35433	35466	35499	35532	35565	35598	35631	35664	35697	35723	35746	35769	35792	35815	35838	35861	35884	35907	35930	35953	35976	35999	36023	36046	36069	36092	36115	36138	36161	36184	36207	36230	36253	36276	36299	36327	36354	36381	36408	36435	36462	36489	36516	36543	36570	36597	36619	36638	36657	36676	36695	36714	36733	36752	36771	36790	36809	36828	36847	36866	36885	36949	36998	37047	37096	37145	37194	37259	37318	37377	37436	37495	37549	37598	37647	37696	37745	37794	37827	37854	37881	37908	37935	37962	37989	38016	38043	38070	38097	38123	38146	38169	38192	38215	38238	38261	38284	38307	38330	38353	38376	38399	38419	38438	38457	38476	38495	38514	38533	38552	38571	38590	38609	38628	38647	38666	38685	38742	38784	38826	38868	38910	38952	38994	39029	39058	39087	39116	39145	39174	39203	39232	39261	39290	39349	39398	39447	39496	39545	39594	39633	39666	39699	39732	39765	39798	39831	39864	39897	39937	39974	40011	40048	40085	40122	40159	40196	40242	40284	40326	40368	40410	40452	40494	40542	40584	40626	40668	40710	40752	40794	40849	40898	40947	40996	41045	41094	41133	41166	41199	41232	41265	41298	41331	41364	41397	41423	41446	41469	41492	41515	41538	41561	41584	41607	41630	41653	41676	41699	41749	41798	41847	41896	41945	41994	42099	42198	42297	42342	42384	42426	42468	42510	42552	42594	42699	42798	42897	42923	42946	42969	42992	43015	43038	43061	43084	43107	43130	43153	43176	43199	43237	43274	43311	43348	43385	43422	43459	43496	43549	43598	43647	43696	43745	43794	43899	43998	44097	44159	44218	44277	44336	44395	44459	44518	44577	44636	44695	44799	44898	44997	45033	45066	45099	45132	45165	45198	45231	45264	45297	45337	45374	45411	45448	45485	45522	45559	45596	45637	45674	45711	45748	45785	45822	45859	45896	45959	46018	46077	46136	46195	46249	46298	46347	46396	46445	46494	46537	46574	46611	46648	46685	46722	46759	46796	46821	46842	46863	46884	46905	46926	46947	46968	46989	47010	47031	47052	47073	47094	47199	47298	47397	47437	47474	47511	47548	47585	47622	47659	47696	47737	47774	47811	47848	47885	47922	47959	47996	48049	48098	48147	48196	48245	48294	48324	48348	48372	48396	48420	48444	48468	48492	48516	48540	48564	48588	48627	48654	48681	48708	48735	48762	48789	48816	48843	48870	48897	48937	48974	49011	49048	49085	49122	49159	49196	49233	49266	49299	49332	49365	49398	49431	49464	49497	49537	49574	49611	49648	49685	49722	49759	49796	49827	49854	49881	49908	49935	49962	49989	50016	50043	50070	50097	50149	50198	50247	50296	50345	50394	50424	50448	50472	50496	50520	50544	50568	50592	50616	50640	50664	50688	50737	50774	50811	50848	50885	50922	50959	50996	51027	51054	51081	51108	51135	51162	51189	51216	51243	51270	51297	51324	51348	51372	51396	51420	51444	51468	51492	51516	51540	51564	51588	51637	51674	51711	51748	51785	51822	51859	51896	51933	51966	51999	52032	52065	52098	52131	52164	52197	52259	52318	52377	52436	52495	52517	52534	52551	52568	52585	52602	52619	52636	52653	52670	52687	52704	52721	52738	52755	52772	52789	52859	52918	52977	53036	53095	53137	53174	53211	53248	53285	53322	53359	53396	53459	53518	53577	53636	53695	53733	53766	53799	53832	53865	53898	53931	53964	53997	54027	54054	54081	54108	54135	54162	54189	54216	54243	54270	54297	54374	54448	54522	54596	54627	54654	54681	54708	54735	54762	54789	54816	54843	54870	54897	55049	55198	55237	55274	55311	55348	55385	55422	55459	55496	55574	55648	55722	55796	55827	55854	55881	55908	55935	55962	55989	56016	56043	56070	56097	56399	56499	56598	56697	56733	56766	56799	56832	56865	56898	56931	56964	56997	57049	57098	57147	57196	57245	57294	57359	57418	57477	57536	57595	
ORIGIN
0	16	6	27	19	7	27	23	14	25	23	10	2	14	14	26	8	14	3	23	14	14	26	16	4	26	16	7	27	13	27	7	23	9	1	23	14	14	23	13	14	14	14	3	2	14	14	11	11	6	27	18	7	27	20	8	14	14	10	2	23	23	2	26	14	3	23	14	4	25	15	5	14	14	7	27	9	9	3	14	23	14	23	11	2	2	13	23	27	27	3	24	7	5	1	7	7	1	18	7	27	2	8	1	16	12	12	23	12	2	2	14	14	14	14	4	24	15	4	14	16	14	14	14	7	14	14	14	14	2	10	2	23	4	14	14	14	27	26	14	4	27	7	27	27	23	7	27	20	14	14	13	10	2	23	11	2	24	14	14	14	4	4	24	15	4	26	16	8	1	26	26	26	14	14	1	14	14	17	23	12	2	27	14	3	26	14	14	27	14	8	1	1	25	1	20	8	27	3	9	1	1	20	2	14	5	4	7	14	14	27	14	4	26	8	5	1	14	14	2	20	14	3	14	14	17	2	12	2	23	14	3	26	14	4	6	27	5	23	25	25	14	10	8	27	23	14	23	3	3	2	14	14	2	26	14	14	14	1	4	26	4	5	14	17	1	4	23	26	3	14	14	14	16	27	2	23	13	3	23	14	4	3	14	11	1	25	14	14	26	14	27	23	8	23	3	10	2	25	14	2	27	5	14	2	14	27	17	16	5	1	16	7	1	9	14	14	14	14	2	9	14	14	23	13	2	27	14	3	9	14	14	1	7	14	3	26	14	11	2	8	1	23	10	26	23	12	2	2	14	14	4	26	27	14	15	5	26	25	7	14	26	14	6	6	14	23	16	16	20	14	13	2	23	14	14	20	14	4	1	7	14	23	26	14	17	14	8	1	23	10	1	17	12	11	14	14	14	14	27	14	27	11	4	26	16	3	23	14	14	23	14	14	3	14	20	10	14	5	26	23	14	3	7	14	4	27	23	7	26	1	26	1	1	1	14	23	10	1	14	11	24	15	14	14	14	14	14	9	9	11	6	16	6	27	19	7	27	22	14	3	14	27	27	26	26	27	23	14	3	23	14	14	26	15	1	1	1	14	13	26	14	2	23	9	1	14	11	26	26	14	27	27	14	14	8	20	2	20	16	5	27	18	7	20	14	8	17	17	14	2	2	22	23	2	14	3	23	14	1	24	15	11	25	16	25	14	4	26	26	4	9	1	23	11	14	23	14	27	27	14	26	26	15	14	14	14	1	26	17	7	14	20	3	14	14	14	1	27	20	11	2	14	3	23	14	4	14	15	4	25	25	3	3	14	23	2	14	12	1	23	10	2	14	12	14	3	14	14	15	15	26	27	1	23	26	16	7	27	26	8	13	14	3	9	20	20	16	14	26	2	23	14	3	24	14	4	2	8	3	26	26	14	8	14	14	14	23	10	2	23	12	14	14	14	14	27	14	14	26	11	14	26	16	7	27	19	2	14	26	27	3	23	20	2	14	14	7	5	14	3	24	14	4	3	1	14	1	18	14	2	26	14	24	14	10	1	23	12	2	23	24	27	27	14	4	11	11	15	8	16	6	27	19	7	27	8	3	3	14	10	22	22	14	16	5	14	3	23	14	4	26	4	14	26	14	7	26	26	14	26	13	9	1	23	11	13	23	26	26	14	14	4	11	11	14	1	7	6	27	18	7	27	21	3	14	23	10	22	22	23	2	14	14	3	23	14	8	8	16	25	14	16	7	27	14	3	3	14	9	1	23	14	7	23	13	14	14	14	3	24	7	1	3	26	5	27	18	7	27	20	8	12	17	10	1	23	2	2	7	27	
DESTINATION
0	14	17	2	22	23	2	26	3	14	27	14	14	8	16	3	14	25	14	4	9	9	3	14	14	3	16	20	2	7	23	13	27	14	14	27	5	5	1	7	5	5	26	14	27	20	8	12	12	17	2	27	20	2	14	14	16	16	14	14	27	7	27	23	8	14	3	26	14	14	14	14	8	2	20	2	14	14	26	16	27	26	27	15	14	27	7	27	23	23	14	1	13	14	23	13	13	23	27	20	2	24	14	14	14	11	11	27	11	27	27	20	8	4	26	14	2	14	14	1	14	3	3	3	23	25	25	15	5	14	14	14	27	14	8	5	25	23	14	26	14	2	13	23	2	1	20	2	14	5	4	7	14	14	1	20	14	2	8	1	1	14	14	2	14	14	3	14	14	14	14	14	14	15	4	14	16	16	6	27	11	14	23	25	14	3	2	10	23	4	14	23	23	14	14	14	14	2	26	14	14	23	7	14	20	14	14	13	10	2	23	26	14	3	14	14	14	16	4	24	14	4	26	16	8	6	27	11	14	1	25	14	14	26	14	17	23	14	27	14	14	3	14	14	2	27	5	1	26	14	27	1	20	27	3	9	9	1	23	14	3	14	14	2	9	14	14	27	14	26	8	5	5	14	2	14	1	7	14	3	26	14	14	2	12	23	14	3	3	3	4	2	26	14	4	26	14	14	14	10	27	23	14	26	27	3	2	6	14	14	23	16	20	14	14	4	4	4	5	14	17	26	4	1	7	14	23	26	14	17	2	2	23	13	3	23	14	4	12	14	14	14	27	14	14	27	11	27	27	8	8	23	3	2	25	14	14	3	14	20	10	14	5	17	17	5	1	16	16	7	9	7	14	1	26	1	7	1	14	23	13	2	27	14	3	9	3	14	14	27	14	14	9	11	15	2	2	1	1	23	10	23	12	14	3	14	14	27	26	26	27	15	5	26	25	7	14	26	14	3	1	25	14	13	26	14	2	1	13	3	23	14	14	14	14	4	27	14	14	8	20	2	11	1	1	1	10	1	17	17	12	17	14	17	2	22	23	2	2	4	26	16	23	23	14	14	23	1	25	14	4	26	10	14	14	23	23	23	3	7	14	4	27	27	14	14	26	15	14	14	1	23	23	10	1	14	11	24	14	14	14	2	27	20	11	26	14	6	6	16	27	27	19	7	22	25	14	3	26	23	2	14	12	14	14	14	3	23	14	14	14	14	14	27	15	26	27	1	23	23	9	14	14	11	26	26	26	14	3	9	20	16	14	26	20	16	5	14	18	7	20	27	8	14	3	26	14	8	14	14	14	14	23	23	4	1	24	15	11	14	27	14	14	26	11	26	26	9	1	11	11	14	23	14	27	3	16	20	2	14	14	7	1	26	17	7	7	14	20	3	14	1	26	14	2	26	14	24	14	23	14	14	4	14	15	4	15	27	14	14	27	11	15	8	1	1	23	2	2	14	12	25	3	14	20	2	22	14	16	3	23	26	27	7	27	26	8	13	14	26	14	1	26	14	26	23	2	23	27	3	24	14	4	2	8	14	14	27	11	14	1	2	23	23	10	14	12	12	14	14	14	17	2	22	23	2	14	26	26	16	14	19	19	2	14	14	25	14	5	26	14	3	14	5	14	3	20	14	14	4	3	7	14	14	27	20	7	1	3	3	10	10	14	12	12	2	23	13	17	2	27	23	2	7	27	16	27	14	19	19	7	27	4	25	14	4	2	14	14	14	14	5	14	20	2	4	26	26	4	14	14	27	26	13	27	7	9	9	26	14	1	13	23	26	14	14	2	27	20	2	14	14	11	6	14	14	27	27	27	21	3	
DUE_DATE
0	31147	30476	30525	30094	30143	30192	30247	31496	30825	30394	30443	31692	29987	30556	31065	31094	31123	30672	31901	30730	30759	30248	31320	31362	30924	30966	32208	31530	31092	31127	30616	31665	31214	30703	32472	31781	31330	31359	30848	31427	31456	30945	31994	32023	31572	32081	31630	31659	31148	32919	32220	32241	31782	31263	32304	31845	33066	31887	33108	32409	33150	32451	33192	31507	32096	33345	32674	32723	32292	31785	32352	33579	32406	32433	33660	33687	33714	33021	33768	33075	32622	32646	33870	33174	32718	32202	32766	33270	34014	32838	32322	34086	34135	33452	34209	33526	33083	33120	33637	33674	33737	33316	33375	33914	33493	34717	32996	34755	34054	34793	34092	34831	33650	33669	33148	34907	34206	33745	33224	33783	34337	33916	35175	35234	34573	34605	35352	34659	34206	34233	35460	34287	34314	33801	35568	34875	34431	35664	34497	35730	35763	35076	35829	35142	35175	34714	34190	35946	34762	35258	34794	35290	34826	36042	34858	35354	35370	36106	35402	34938	35434	34970	34446	34491	36264	34557	35610	35163	35676	35229	35262	36495	36540	35862	36624	36666	35988	35550	35052	36831	36144	35697	35190	36243	35796	37029	37062	37095	36405	37152	35979	36486	36033	36060	37287	36594	36141	35628	36195	36715	36272	37509	35806	37583	36900	37657	37694	37011	36564	36597	37110	37143	37176	36729	36762	37275	36821	36304	38067	36350	38113	38136	37439	38182	37485	37028	37051	38274	37577	37121	36604	37167	37670	37213	36696	38459	38482	38505	37808	37831	37854	37397	38625	37452	37479	36966	38733	38040	37587	37614	38841	38868	38895	38197	38936	38235	38254	37793	37272	39031	37850	38349	37888	38387	37926	37945	39164	39183	38527	39296	38625	38674	38723	38292	37817	37876	38475	39014	38593	38107	39896	39225	38794	38843	40092	39405	40152	40179	39486	39033	38520	40287	39114	39141	39168	39675	39701	39244	40467	39770	40513	40536	39839	40582	39885	39428	39451	40674	38957	39517	40016	40035	40054	39593	40812	39091	40850	40149	40888	40907	40206	39745	39764	40983	39840	39882	39924	40446	40488	40050	41292	39587	40636	41385	40694	41443	40752	40301	40330	39819	40868	39907	40496	41745	41794	41123	40692	41931	41964	41277	42030	41343	41376	41409	40962	40455	40495	41072	41109	42346	41663	41220	42457	41294	42540	42582	41904	42666	41988	42030	41592	41100	41682	42204	41766	43008	42330	41892	43147	41996	43245	42574	43343	42192	43431	42744	42777	42330	41823	42876	42429	41922	43695	43001	42544	43767	42590	43093	43836	43139	43882	43185	42188	42751	43974	43997	42847	42896	43425	43474	43043	44292	44397	43776	44595	43440	42942	44724	44046	43608	44850	43152	43797	44376	44475	44501	44044	45267	44090	44593	45336	44639	45382	44685	44228	44251	45474	44297	44335	44852	44889	44926	44483	45720	44017	45794	45847	45176	44205	45994	45323	44892	44997	45096	44655	45257	45316	46575	45914	45493	46757	46096	46155	46934	46993	46377	45996	45555	46131	45624	46197	47430	47463	46776	46329	47562	46395	46915	47672	47709	47746	47063	47100	46657	46154	47215	46772	46809	48046	47363	46920	48157	46994	47537	48316	47655	48434	47773	47827	47396	46905	47974	47543	47592	47095	48872	48189	47746	48983	47820	49057	49094	48399	49140	48441	47982	47463	49224	48045	48066	48087	48588	48609	48150	49371	48672	49497	49596	49695	49015	48572	48609	49846	49163	48180	48757	49274	49315	48872	50109	48406	50183	49500	50257	50294	49627	49196	49245	50494	49823	49392	48882	49926	49950	49494	50718	49002	50046	50790	50094	50838	50862	50166	49725	49752	49239	49806	50313	49860	51087	50394	49941	51168	51195	51235	50552	51309	50626	50663	50220	49717	50294	49791	50364	51597	50910	50463	51696	51729	51762	51075	51835	51152	51189	50746	50783	52020	51337	50354	50925	51432	50979	52206	51033	52260	51567	52314	52341	51648	51675	51247	50756	52545	51874	51443	51492	50982	52026	51570	52794	51618	51102	52146	52890	52914	52938	52242	51786	53035	52352	52389	51946	51983	52500	52057	53294	51585	52632	53379	52686	53433	52740	52287	53514	52821	52368	52875	51882	52926	52470	53694	52518	53742	53766	53790	53094	53118	52662	52686	53935	53252	52809	53326	52883	53400	52957	54194	52491	54264	54297	53610	54363	53676	53229	53262	52755	54557	53416	52935	54014	54793	54095	53632	54849	54866	54163	54180	54917	54214	53751	53228	54985	53802	53819	53836	54333	54350	53887	55157	55216	54555	55334	55393	55435	54752	54309	54346	55583	54900	54937	53954	54557	54616	55875	54734	55993	55311	55344	56097	55410	55443	54996	54489	56262	55575	55605	55152	55179	55206	56433	55260	56487	55794	56541	55848	56595	55472	55006	56820	56174	56205	55212	56259	55806	57033	55860	57087	56394	57141	56448	57195	57347	56296	57535	56372	57609	56926	56963	57720	57757	57074	56672	56206	58020	58094	57405	58152	58179	57486	57033	57060	58287	57594	58341	58368	58395	57977	58077	57696	57255	58311	59064	59097	59130	59163	59196	58509	58062	58095	58627	59396	58725	59494	59543	58872	58457	57976	59775	59114	59893	
TRANSPORT_MODE
0	2	4	4	4	0	0	0	2	4	4	4	4	0	0	0	2	1	4	4	0	0	0	0	2	4	4	4	4	0	0	0	2	4	4	4	4	0	0	0	2	4	4	4	4	0	0	0	2	4	4	4	4	0	0	0	0	3	4	4	4	0	0	0	4	2	4	4	4	0	0	0	3	4	4	1	0	0	0	0	1	2	4	4	4	0	0	0	1	3	4	4	4	0	0	0	4	2	4	1	4	0	0	0	0	4	3	1	4	4	0	0	0	4	4	4	4	0	0	0	0	1	4	3	4	4	0	0	4	2	1	4	0	0	0	0	4	4	3	4	4	0	0	0	1	4	2	4	4	0	0	0	4	4	3	4	4	0	0	0	0	4	4	2	4	4	0	0	0	4	4	4	4	0	0	0	0	4	4	2	4	4	0	0	4	1	3	1	0	0	0	0	1	4	2	1	4	0	0	0	4	1	3	4	4	0	0	0	4	4	2	4	1	0	0	0	0	4	1	3	1	4	0	0	0	4	4	4	4	0	0	0	0	4	1	4	3	4	0	0	4	1	2	4	0	0	0	0	4	4	1	3	1	0	0	0	4	4	4	2	1	0	0	0	4	4	4	3	4	0	0	0	4	4	4	2	1	0	0	0	0	1	4	4	1	0	0	0	1	4	4	2	4	0	0	0	1	1	4	3	0	0	0	0	4	4	1	2	4	0	0	0	4	1	4	3	1	0	0	0	4	4	1	2	1	0	0	0	4	1	4	3	4	0	0	0	4	4	1	2	4	0	0	0	0	1	4	4	3	1	0	0	0	4	4	1	2	0	0	0	1	1	4	3	4	0	0	0	4	1	4	2	1	0	0	0	4	4	4	3	1	0	0	0	0	4	1	1	2	1	0	0	0	4	4	4	3	1	0	0	0	1	4	1	1	2	0	0	0	4	4	1	3	0	0	0	0	4	1	4	2	4	0	0	0	1	1	4	3	1	0	0	0	1	4	1	2	1	0	0	0	1	4	1	3	4	0	0	0	4	1	4	2	4	0	0	0	0	4	4	1	3	1	0	0	1	4	1	2	0	0	0	0	1	1	1	3	4	0	0	0	1	4	1	2	1	0	0	0	1	4	1	3	4	0	0	0	4	4	1	2	4	0	0	0	0	1	1	1	3	4	0	0	0	1	1	1	2	4	0	0	0	1	1	4	3	0	0	0	1	1	4	2	1	0	0	0	4	1	4	3	4	0	0	0	1	1	1	2	1	0	0	0	1	4	1	3	1	0	0	0	0	1	1	1	2	1	0	0	0	4	1	1	3	4	0	0	0	1	4	2	1	0	0	0	4	4	1	3	1	0	0	0	1	1	2	1	1	0	0	0	1	1	3	1	4	0	0	0	1	1	2	1	1	0	0	0	0	1	4	3	1	4	0	0	0	1	4	2	4	1	0	0	0	1	1	3	1	0	0	0	1	1	2	1	1	0	0	0	1	1	3	1	1	0	0	0	1	4	2	1	1	0	0	0	1	1	3	4	1	0	0	0	4	4	2	1	1	0	0	0	0	1	1	3	1	1	0	0	1	2	1	1	0	0	0	0	1	1	3	1	1	0	0	0	1	2	1	1	4	0	0	0	1	3	1	4	1	0	0	0	1	2	1	1	1	0	0	0	1	3	1	1	1	0	0	0	1	2	1	1	1	0	0	0	3	1	1	1	0	0	0	0	1	3	1	1	1	0	0	3	4	1	1	1	0	0	0	3	1	1	1	1	0	0	0	3	1	1	1	1	0	0	0	0	3	1	1	1	1	0	0	0	3	1	1	1	1	0	0	0	
DISTANCE_MATRIX
60	360	318	300	288	276	264	264	150	150	150	60	90	90	162	168	204	228	234	312	360	408	348	318	168	192	168	318	
360	60	264	318	324	342	342	342	348	348	354	360	372	378	378	420	420	480	462	498	462	462	384	420	372	420	378	378	
318	264	60	270	276	288	288	288	294	294	294	318	318	324	324	414	414	468	462	486	462	462	330	366	366	408	372	324	
300	318	270	60	276	288	288	288	288	288	288	300	300	312	318	408	408	468	462	486	438	438	318	360	360	402	360	312	
288	324	276	276	60	276	276	276	276	276	276	288	288	300	300	402	396	462	456	480	432	432	300	360	360	402	348	300	
276	342	288	288	276	60	180	180	252	258	264	264	264	288	288	390	390	456	450	480	432	432	288	348	348	348	288	288	
264	342	288	288	276	180	60	180	246	258	264	264	264	288	288	390	390	456	450	480	432	432	288	348	348	348	288	288	
264	342	288	288	276	180	180	60	240	258	264	264	264	288	288	390	390	456	450	480	432	432	288	348	348	348	288	288	
150	348	294	288	276	252	246	240	60	120	120	150	126	270	270	378	384	420	438	480	420	408	276	300	300	300	276	270	
150	348	294	288	276	258	258	258	120	60	120	150	150	270	270	378	384	420	438	480	420	408	276	300	300	300	276	270	
150	354	294	288	276	264	264	264	120	120	60	150	150	270	270	378	384	420	438	480	420	408	276	300	300	300	276	270	
60	360	318	300	288	264	264	264	150	150	150	60	90	162	168	228	234	312	360	408	348	318	168	192	192	198	168	162	
90	372	318	300	288	264	264	264	150	150	150	90	60	162	168	228	234	312	360	408	348	318	168	192	192	198	168	162	
90	378	324	312	300	288	288	288	270	270	270	162	162	60	120	180	180	306	210	360	300	300	120	180	120	180	120	234	
162	378	324	318	300	288	288	288	270	270	270	168	168	120	60	180	180	306	210	360	300	300	120	180	120	180	120	120	
168	420	414	408	402	348	348	348	300	300	300	228	228	180	180	60	132	204	132	348	258	258	186	60	180	132	222	180	
204	420	414	408	396	390	390	390	384	384	384	234	234	180	180	132	60	204	132	348	258	258	186	60	180	132	222	180	
228	480	468	468	462	456	456	456	420	420	420	312	312	306	306	204	204	60	198	120	240	240	306	204	306	138	306	306	
234	462	462	462	456	450	450	450	438	438	438	360	360	210	210	132	132	198	60	138	132	132	210	132	210	132	210	210	
312	498	486	486	480	480	480	480	480	480	480	408	408	360	360	348	348	120	138	60	348	348	360	348	360	348	360	360	
360	462	462	438	432	432	432	432	420	420	420	348	348	300	300	258	258	240	132	348	60	60	300	258	300	258	300	300	
408	462	462	438	432	432	432	432	408	408	408	318	318	300	300	258	258	240	132	348	60	60	300	258	300	258	300	300	
348	384	330	318	300	288	288	288	276	276	276	168	168	120	120	186	186	306	210	360	300	300	60	186	120	186	120	120	
318	420	366	360	360	348	348	348	300	300	300	192	192	180	180	60	60	204	132	348	258	258	186	60	180	60	180	180	
168	372	300	306	300	288	288	288	270	270	270	168	168	120	120	180	180	306	210	360	300	300	120	180	60	180	120	120	
192	420	408	402	402	348	348	348	300	300	300	198	198	180	180	132	132	138	132	348	258	258	186	60	180	60	180	180	
168	378	372	360	348	288	288	288	276	276	276	168	168	120	120	222	222	306	210	360	300	300	120	180	120	180	60	120	
318	378	324	312	300	288	288	288	270	270	270	162	162	234	120	180	180	306	210	360	300	300	120	180	120	180	120	60	
DEPOT_DISTANCE_MATRIX
60	360	318	300	288	276	264	264	150	150	150	60	90	90	162	168	204	228	234	312	360	408	348	318	168	192	168	318	
162	378	324	318	300	288	288	288	270	270	270	168	168	120	60	180	180	306	210	360	300	300	120	180	120	180	120	120	
318	420	366	360	360	348	348	348	300	300	300	192	192	180	180	60	60	204	132	348	258	258	186	60	180	60	180	180	
PATIENT_WEIGHT
93	131	118	146	115	83	52	65	98	82	55	39	106	114	65	120	72	100	48	107	40	77	104	107	57	77	63	107	110	77	89	84	102	127	88	74	88	81	70	133	69	53	42	47	99	37	128	75	62	61	75	81	86	150	57	61	66	41	103	144	149	121	57	47	125	46	62	77	131	95	72	43	44	86	63	144	113	54	125	30	31	146	78	54	39	58	57	82	70	44	79	63	133	57	139	126	99	30	94	32	51	84	114	146	128	54	75	89	143	92	36	41	74	99	121	124	122	65	41	132	129	110	101	149	130	44	107	111	144	148	45	118	124	82	94	108	91	127	37	32	105	43	127	134	81	143	143	34	72	33	113	126	105	36	72	85	130	100	144	64	50	74	58	60	54	150	83	90	148	139	52	139	47	99	41	101	65	112	59	89	56	90	119	148	62	46	134	66	91	86	44	30	84	121	51	134	35	85	32	90	146	137	146	67	38	95	134	144	135	53	90	73	47	86	133	64	122	134	39	147	82	96	147	77	47	83	78	101	124	39	60	81	141	144	81	115	80	34	50	147	141	121	128	38	146	76	40	142	94	56	83	53	81	143	52	107	124	77	87	123	144	73	54	39	66	114	89	37	114	59	84	98	114	144	105	148	149	136	41	38	57	85	101	138	150	84	50	32	81	105	50	114	111	108	47	34	31	143	97	123	140	31	53	119	112	125	87	69	55	147	136	114	137	67	78	36	123	36	138	134	36	105	61	144	33	44	47	54	54	93	124	50	84	115	85	124	91	37	37	61	42	88	116	82	136	125	35	95	76	77	136	102	147	140	52	85	76	46	44	44	61	136	82	33	40	72	52	108	48	144	116	105	50	117	88	30	102	62	136	44	67	115	94	139	52	150	83	128	105	106	141	135	80	46	79	120	141	132	85	127	56	38	91	78	103	90	129	99	105	121	31	132	87	106	139	42	88	126	66	149	91	47	116	43	90	85	36	102	57	136	54	99	122	64	110	88	125	69	99	106	49	111	133	116	137	33	82	129	108	52	83	59	98	150	56	63	79	97	130	31	40	90	117	54	117	40	92	124	125	40	66	76	75	136	107	51	69	31	132	56	73	101	61	123	100	95	119	104	64	148	50	119	100	56	100	134	41	40	93	139	84	110	46	128	45	65	87	78	51	78	101	110	74	45	66	133	109	132	91	127	30	134	45	78	127	121	59	132	93	116	64	32	88	139	100	121	76	65	51	131	45	141	102	41	36	56	93	58	96	98	143	102	87	75	149	133	46	65	77	118	30	49	124	69	56	78	56	147	145	36	101	56	148	68	106	130	67	63	89	132	142	55	140	89	115	145	136	77	52	126	48	50	66	85	92	123	128	76	52	51	90	90	84	76	146	142	72	122	99	98	108	50	68	52	121	62	97	74	66	122	73	68	129	59	38	97	142	117	50	144	86	34	54	73	110	32	96	118	121	64	147	82	35	50	141	116	78	98	54	117	81	138	96	81	147	132	115	31	115	133	46	83	53	142	118	87	75	71	54	125	67	42	46	44	88	107	141	84	95	109	68	75	63	134	93	128	95	88	104	85	53	68	78	48	91	126	41	83	124	87	100	134	65	148	138	89	92	58	52	36	49	120	63	75	72	94	106	118	129	108	128	51	84	100	120	59	91	87	69	81	110	58	103	96	84	89	116	99	49	140	137	62	46	88	38	72	42	49	136	52	106	93	119	31	141	56	34	108	109	48	135	125	53	54	126	101	99	119	93	96	80	53	63	69	34	99	49	43	85	59	116	129	125	95	137	134	67	37	87	113	92	124	62	76	133	68	57	133	125	65	132	
LOCATION_TURN_MATRIX
100	130	122	113	112	199	136	122	129	152	173	146	151	136	158	140	176	113	122	167	194	134	110	172	114	184	100	147	
170	100	154	188	164	169	136	136	152	170	104	183	155	115	101	104	155	187	174	115	149	134	178	168	114	135	168	102	
178	146	100	161	178	114	104	165	117	139	126	169	192	109	120	179	160	152	154	134	113	140	154	179	196	196	192	181	
187	112	139	100	158	114	195	181	104	132	195	106	183	169	132	170	140	136	172	148	116	110	123	136	151	120	176	169	
188	136	122	142	100	175	164	159	112	100	167	164	135	191	132	181	104	123	142	156	108	117	193	182	116	147	156	185	
101	131	186	186	125	100	190	147	164	150	137	102	145	176	185	131	113	108	117	186	118	151	140	178	154	189	172	110	
164	164	196	105	136	110	100	186	153	151	183	193	111	157	144	123	188	142	110	163	105	190	166	187	170	171	186	126	
178	164	135	119	141	153	114	100	106	130	108	103	151	178	122	151	130	133	184	177	110	141	166	110	122	174	191	197	
171	148	183	196	188	136	147	194	100	167	100	146	168	129	128	142	172	118	174	147	105	158	156	160	120	106	119	136	
148	130	161	168	200	150	149	170	133	100	177	106	175	116	188	180	176	194	108	146	130	187	183	173	128	141	169	176	
127	196	174	105	133	163	117	192	200	123	100	171	175	140	183	115	104	186	128	153	151	175	100	146	191	117	132	197	
154	117	131	194	136	198	107	197	154	194	129	100	136	184	140	147	172	184	148	131	103	156	185	200	152	158	154	143	
149	145	108	117	165	155	189	149	132	125	125	164	100	140	199	142	101	144	163	185	117	191	200	143	113	165	102	154	
164	185	191	131	109	124	143	122	171	184	160	116	160	100	109	116	196	113	131	186	166	139	183	175	144	161	105	170	
142	199	180	168	168	115	156	178	172	112	117	160	101	191	100	147	177	177	199	158	172	188	164	175	180	168	154	195	
160	196	121	130	119	169	177	149	158	120	185	153	158	184	153	100	152	159	197	157	181	159	102	123	168	200	124	186	
124	145	140	160	196	187	112	170	128	124	196	128	199	104	123	148	100	149	114	112	117	135	105	132	138	180	198	156	
187	113	148	164	177	192	158	167	182	106	114	116	156	187	123	141	151	100	166	132	168	163	159	123	129	173	161	116	
178	126	146	128	158	183	190	116	126	192	172	152	137	169	101	103	186	134	100	184	199	137	130	160	148	113	140	150	
133	185	166	152	144	114	137	123	153	154	147	169	115	114	142	143	188	168	116	100	111	195	128	157	191	164	141	171	
106	151	187	184	192	182	195	190	195	170	149	197	183	134	128	119	183	132	101	189	100	129	151	163	147	166	104	177	
166	166	160	190	183	149	110	159	142	113	125	144	109	161	112	141	165	137	163	105	171	100	101	185	169	129	103	197	
190	122	146	177	107	160	134	134	144	117	200	115	100	117	136	198	195	141	170	172	149	199	100	106	150	116	118	145	
128	132	121	164	118	122	113	190	140	127	154	100	157	125	125	177	168	177	140	143	137	115	194	100	128	167	115	155	
186	186	104	149	184	146	130	178	180	172	109	148	187	156	120	132	162	171	152	109	153	131	150	172	100	155	124	184	
116	165	104	180	153	111	129	126	194	159	183	142	135	139	132	100	120	127	187	136	134	171	184	133	145	100	129	192	
200	132	108	124	144	128	114	109	181	131	168	146	198	195	146	176	102	139	160	159	196	197	182	185	176	171	100	146	
153	198	119	131	115	190	174	103	164	124	103	157	146	130	105	114	144	184	150	129	123	103	155	145	116	108	154	100	

