INDEX_PROBLEM
1
PATIENTS
800
STRETCHERS
16
NUM_ROOM
28
NUM_DEPOTS
3
NUM_PRIORITY
4
PRIORITY_LIST
0	1	2	3	4	
PRIORITY_WEIGHT
0	1	10	18	30	
PRIORITY_JOB
0	1	2	3	3	4	1	3	2	2	3	4	1	4	3	3	2	3	3	4	1	2	4	4	2	3	4	4	1	2	3	4	3	4	4	1	2	2	3	3	3	3	4	1	2	2	3	4	4	4	1	2	3	3	3	4	4	1	4	4	1	2	2	1	3	4	1	2	3	3	3	3	1	4	4	1	2	2	1	2	3	4	4	1	2	3	3	3	1	4	4	1	2	2	2	1	3	3	4	1	2	2	3	4	1	4	4	1	2	3	2	1	3	4	4	1	2	2	3	2	4	4	1	1	2	3	3	1	2	4	4	1	2	2	3	4	3	4	1	4	1	2	3	3	1	4	4	1	2	2	3	3	3	3	1	1	4	1	2	2	2	3	4	4	1	2	3	4	4	3	4	1	1	1	2	2	1	2	3	4	4	1	2	3	3	3	4	1	1	2	2	1	3	3	4	4	1	2	3	3	4	4	1	4	1	2	2	2	2	3	3	4	1	2	2	3	3	4	4	1	4	1	2	3	1	2	3	4	4	1	2	2	3	4	4	1	1	2	3	3	1	1	4	4	1	2	2	3	3	3	4	4	1	1	2	3	3	2	4	4	1	2	2	3	3	4	3	4	1	1	1	2	2	2	3	4	4	1	2	3	4	4	3	4	1	1	1	2	2	1	3	3	4	4	1	2	3	4	3	3	4	1	1	2	2	2	3	4	4	1	2	3	3	4	4	4	1	1	2	2	1	1	3	3	4	1	2	2	3	4	4	4	1	2	2	3	2	2	1	3	4	1	2	2	3	4	4	4	1	1	2	3	3	2	1	4	1	2	2	3	4	3	3	4	1	2	1	3	3	4	1	4	1	2	2	3	3	4	4	4	1	1	1	2	2	3	2	4	4	2	2	3	3	4	3	4	4	1	1	1	2	2	2	3	4	1	2	3	3	3	1	4	1	1	2	3	2	2	4	4	4	1	2	3	3	4	3	4	1	1	2	2	3	1	1	3	4	1	2	2	3	4	4	4	2	1	2	3	3	2	2	4	1	2	2	3	4	4	4	3	1	2	1	3	3	4	1	1	2	2	3	4	4	3	1	1	2	1	3	3	4	4	2	1	2	2	3	3	4	4	3	1	2	1	1	3	3	4	1	4	2	2	3	3	4	4	3	1	2	1	1	2	3	4	2	4	1	2	3	3	4	4	3	1	2	1	2	3	4	1	2	4	1	2	3	3	4	4	4	1	1	2	2	3	3	1	1	4	1	2	3	3	4	4	3	1	1	2	2	3	3	2	2	4	1	2	2	3	4	1	4	2	3	1	3	4	4	1	1	1	2	2	3	4	1	3	2	3	1	3	4	4	1	2	2	2	3	3	4	1	4	3	2	1	1	3	3	4	4	1	1	2	2	3	3	4	3	4	2	1	1	1	2	2	3	4	1	4	1	2	3	3	4	4	1	1	2	2	3	4	2	3	4	1	2	3	3	4	4	3	1	1	2	2	3	4	1	1	4	1	2	3	3	4	4	4	1	1	2	2	3	3	2	1	4	1	2	2	3	4	1	3	1	2	3	3	4	4	2	1	1	2	2	3	4	1	4	3	1	2	3	3	4	4	1	2	2	3	4	4	1	3	1	1	1	2	3	3	4	4	2	1	2	2	3	3	4	4	3	1	1	1	2	2	3	4	2	2	1	2	3	3	4	1	4	4	1	2	2	3	1	1	4	4	1	2	3	3	4	1	2	1	4	1	2	2	3	2	2	1	1	4	4	1	2	1	1	3	3	4	4	1	2	1	2	1	1	2	3	3	4	1	2	1	2	2	3	4	4	1	2	
TIME_ASKED
0	28800	28800	28800	28800	28800	28800	28800	28800	28800	28800	28800	28800	28800	28800	28800	28800	29545	29574	29603	29632	29661	29690	29742	29784	29826	29868	29910	29952	29994	30029	30058	30087	30116	30145	30174	30203	30232	30261	30290	30329	30358	30387	30416	30445	30474	30503	30532	30561	30590	30621	30642	30663	30684	30705	30726	30747	30768	30789	30810	30831	30852	30873	30894	30949	30998	31047	31096	31145	31194	31227	31254	31281	31308	31335	31362	31389	31416	31443	31470	31497	31524	31548	31572	31596	31620	31644	31668	31692	31716	31740	31764	31788	31837	31874	31911	31948	31985	32022	32059	32096	32159	32218	32277	32336	32395	32419	32438	32457	32476	32495	32514	32533	32552	32571	32590	32609	32628	32647	32666	32685	32759	32818	32877	32936	32995	33027	33054	33081	33108	33135	33162	33189	33216	33243	33270	33297	33333	33366	33399	33432	33465	33498	33531	33564	33597	33616	33632	33648	33664	33680	33696	33712	33728	33744	33760	33776	33792	33808	33824	33840	33856	33872	33888	33933	33966	33999	34032	34065	34098	34131	34164	34197	34242	34284	34326	34368	34410	34452	34494	34533	34566	34599	34632	34665	34698	34731	34764	34797	34827	34854	34881	34908	34935	34962	34989	35016	35043	35070	35097	35137	35174	35211	35248	35285	35322	35359	35396	35433	35466	35499	35532	35565	35598	35631	35664	35697	35723	35746	35769	35792	35815	35838	35861	35884	35907	35930	35953	35976	35999	36023	36046	36069	36092	36115	36138	36161	36184	36207	36230	36253	36276	36299	36327	36354	36381	36408	36435	36462	36489	36516	36543	36570	36597	36619	36638	36657	36676	36695	36714	36733	36752	36771	36790	36809	36828	36847	36866	36885	36949	36998	37047	37096	37145	37194	37259	37318	37377	37436	37495	37549	37598	37647	37696	37745	37794	37827	37854	37881	37908	37935	37962	37989	38016	38043	38070	38097	38123	38146	38169	38192	38215	38238	38261	38284	38307	38330	38353	38376	38399	38419	38438	38457	38476	38495	38514	38533	38552	38571	38590	38609	38628	38647	38666	38685	38742	38784	38826	38868	38910	38952	38994	39029	39058	39087	39116	39145	39174	39203	39232	39261	39290	39349	39398	39447	39496	39545	39594	39633	39666	39699	39732	39765	39798	39831	39864	39897	39937	39974	40011	40048	40085	40122	40159	40196	40242	40284	40326	40368	40410	40452	40494	40542	40584	40626	40668	40710	40752	40794	40849	40898	40947	40996	41045	41094	41133	41166	41199	41232	41265	41298	41331	41364	41397	41423	41446	41469	41492	41515	41538	41561	41584	41607	41630	41653	41676	41699	41749	41798	41847	41896	41945	41994	42099	42198	42297	42342	42384	42426	42468	42510	42552	42594	42699	42798	42897	42923	42946	42969	42992	43015	43038	43061	43084	43107	43130	43153	43176	43199	43237	43274	43311	43348	43385	43422	43459	43496	43549	43598	43647	43696	43745	43794	43899	43998	44097	44159	44218	44277	44336	44395	44459	44518	44577	44636	44695	44799	44898	44997	45033	45066	45099	45132	45165	45198	45231	45264	45297	45337	45374	45411	45448	45485	45522	45559	45596	45637	45674	45711	45748	45785	45822	45859	45896	45959	46018	46077	46136	46195	46249	46298	46347	46396	46445	46494	46537	46574	46611	46648	46685	46722	46759	46796	46821	46842	46863	46884	46905	46926	46947	46968	46989	47010	47031	47052	47073	47094	47199	47298	47397	47437	47474	47511	47548	47585	47622	47659	47696	47737	47774	47811	47848	47885	47922	47959	47996	48049	48098	48147	48196	48245	48294	48324	48348	48372	48396	48420	48444	48468	48492	48516	48540	48564	48588	48627	48654	48681	48708	48735	48762	48789	48816	48843	48870	48897	48937	48974	49011	49048	49085	49122	49159	49196	49233	49266	49299	49332	49365	49398	49431	49464	49497	49537	49574	49611	49648	49685	49722	49759	49796	49827	49854	49881	49908	49935	49962	49989	50016	50043	50070	50097	50149	50198	50247	50296	50345	50394	50424	50448	50472	50496	50520	50544	50568	50592	50616	50640	50664	50688	50737	50774	50811	50848	50885	50922	50959	50996	51027	51054	51081	51108	51135	51162	51189	51216	51243	51270	51297	51324	51348	51372	51396	51420	51444	51468	51492	51516	51540	51564	51588	51637	51674	51711	51748	51785	51822	51859	51896	51933	51966	51999	52032	52065	52098	52131	52164	52197	52259	52318	52377	52436	52495	52517	52534	52551	52568	52585	52602	52619	52636	52653	52670	52687	52704	52721	52738	52755	52772	52789	52859	52918	52977	53036	53095	53137	53174	53211	53248	53285	53322	53359	53396	53459	53518	53577	53636	53695	53733	53766	53799	53832	53865	53898	53931	53964	53997	54027	54054	54081	54108	54135	54162	54189	54216	54243	54270	54297	54374	54448	54522	54596	54627	54654	54681	54708	54735	54762	54789	54816	54843	54870	54897	55049	55198	55237	55274	55311	55348	55385	55422	55459	55496	55574	55648	55722	55796	55827	55854	55881	55908	55935	55962	55989	56016	56043	56070	56097	56399	56499	56598	56697	56733	56766	56799	56832	56865	56898	56931	56964	56997	57049	57098	57147	57196	57245	57294	57359	57418	57477	57536	57595	
ORIGIN
0	16	6	27	19	7	27	25	14	4	23	10	2	23	11	14	14	14	3	23	14	14	14	16	14	14	16	7	27	20	2	23	14	9	1	23	11	2	14	13	14	2	2	3	24	14	14	27	27	6	27	18	7	27	20	8	14	14	17	2	23	12	2	14	13	5	23	14	4	24	11	11	25	25	25	27	19	8	9	14	14	1	23	11	2	14	13	13	14	4	2	24	14	4	5	7	4	1	18	7	27	20	26	1	23	23	8	23	12	2	14	14	1	23	14	4	24	15	4	2	16	14	7	14	3	27	23	12	12	14	10	2	23	12	2	16	7	16	14	14	4	26	20	7	7	14	7	27	20	8	3	13	13	3	23	27	27	23	4	14	14	27	4	24	15	4	23	16	23	27	27	27	26	22	8	26	14	13	2	23	12	2	23	1	14	1	14	14	14	16	14	14	13	27	27	20	8	27	14	14	14	5	20	2	23	13	26	7	7	26	27	14	4	26	1	14	7	2	23	14	14	8	1	1	14	1	27	12	2	23	14	3	23	16	14	27	11	27	14	14	16	7	16	8	27	23	9	2	3	2	2	2	14	14	2	20	20	20	1	4	26	16	1	1	2	14	23	23	26	14	2	1	2	13	2	2	23	13	3	23	2	27	2	2	14	1	14	14	14	14	2	27	23	8	1	27	2	14	14	14	2	2	14	14	26	26	27	26	16	5	26	14	3	26	23	14	3	14	9	14	27	2	14	23	13	2	23	14	3	27	14	14	1	7	7	3	27	23	14	2	8	1	23	10	2	14	14	14	2	14	14	23	23	16	10	15	5	26	26	14	19	2	2	2	3	14	14	14	10	23	3	13	2	23	7	26	20	16	1	7	1	7	14	2	2	2	2	8	1	23	10	1	3	14	27	14	14	14	27	14	14	4	2	27	26	16	15	1	27	14	27	14	14	3	3	3	22	27	14	2	23	14	3	23	14	14	23	7	14	1	1	3	7	14	14	2	23	10	1	27	24	14	23	14	14	27	27	14	26	3	23	20	16	6	27	19	7	23	11	14	23	3	14	14	14	2	2	23	14	3	23	14	23	4	26	14	14	14	14	27	26	2	27	20	9	26	23	11	26	20	27	27	14	14	14	18	2	10	27	16	5	27	18	7	2	14	12	4	14	2	22	22	23	27	15	14	3	23	14	4	1	14	14	1	14	14	4	26	27	14	4	9	1	23	11	2	14	27	14	27	14	14	15	15	14	7	2	1	26	17	7	27	24	2	14	14	2	27	27	20	24	4	11	3	23	14	4	24	15	23	25	25	3	3	26	23	23	26	26	1	23	10	2	14	4	4	22	14	27	15	15	14	14	26	27	26	16	7	27	14	2	26	14	9	20	20	11	2	2	20	2	23	14	3	24	14	4	26	14	14	26	14	14	14	14	27	14	23	10	2	23	12	26	15	14	14	27	14	27	9	14	14	26	14	7	26	19	8	2	2	3	16	16	11	2	1	14	14	16	14	3	24	14	4	14	3	1	26	14	7	27	26	14	14	2	10	1	23	12	2	23	15	14	14	14	14	24	11	14	25	16	6	27	19	7	27	14	1	20	14	20	2	23	27	27	26	14	3	23	14	4	8	27	26	14	1	7	27	20	14	26	2	9	1	23	4	2	23	13	14	14	27	4	24	15	14	14	14	6	27	18	7	27	14	14	17	14	10	2	23	2	15	14	14	3	23	14	4	3	12	25	3	25	7	27	20	14	14	23	9	1	23	11	2	14	4	27	14	14	3	24	14	1	1	7	5	27	18	7	27	20	8	23	17	2	1	23	12	2	1	15	
DESTINATION
0	14	17	2	22	23	2	14	3	23	27	14	14	27	12	25	25	25	14	4	26	9	9	14	9	1	16	20	2	14	14	27	4	14	14	27	15	14	5	7	5	27	27	14	2	26	8	23	23	17	2	27	20	2	14	14	2	16	6	14	27	11	14	25	7	14	3	26	14	2	12	12	14	14	14	2	22	14	14	16	16	14	27	15	14	20	7	7	2	14	14	1	26	14	14	13	14	23	27	20	2	14	14	14	27	27	14	27	11	14	20	8	23	27	26	14	2	14	14	14	14	5	13	3	23	2	27	11	11	1	14	14	27	11	14	14	13	14	1	1	14	3	14	13	13	5	20	2	14	14	26	7	7	26	1	18	18	1	14	1	1	23	14	2	14	14	1	14	1	23	23	23	14	2	14	23	16	7	14	27	11	14	1	14	16	14	10	10	10	14	2	16	7	2	2	14	14	2	20	20	20	14	7	27	1	7	3	13	13	3	23	26	14	3	14	2	13	14	27	4	4	14	14	23	16	23	2	11	14	1	25	14	3	14	2	23	12	23	2	1	14	13	14	14	2	27	14	14	26	14	27	27	20	8	27	14	14	14	23	14	3	14	14	14	27	2	27	27	14	4	14	14	14	7	14	14	1	7	14	3	27	23	27	27	2	23	2	3	3	16	14	2	26	14	14	23	14	16	10	8	27	27	2	2	3	3	2	3	14	14	3	10	23	3	1	4	26	16	14	1	2	14	1	1	7	14	1	2	14	2	2	2	23	13	13	23	2	27	2	14	14	14	27	14	14	4	2	2	27	8	8	27	27	14	14	14	14	3	14	3	22	27	27	27	26	16	5	2	14	3	26	7	14	1	20	3	7	14	14	13	23	13	2	27	14	27	27	14	14	27	14	14	26	3	23	2	2	1	23	10	10	14	14	23	3	14	11	14	2	8	2	15	5	26	26	14	19	2	26	14	1	25	14	27	26	2	27	13	2	23	23	26	20	16	1	27	27	14	14	18	2	10	27	8	1	23	23	1	3	14	27	14	14	17	2	22	23	27	15	4	27	26	16	1	1	14	27	1	25	14	4	26	27	14	14	2	2	3	3	23	14	14	23	7	14	14	27	15	14	7	2	23	10	10	1	27	24	14	23	14	14	2	27	20	24	4	11	14	16	27	19	19	7	23	11	25	14	3	26	14	23	26	26	23	3	3	23	14	23	4	14	14	14	27	15	14	26	2	26	2	26	26	11	11	26	20	27	14	3	9	20	2	2	14	20	16	27	18	18	7	2	14	12	14	3	26	14	2	14	27	14	14	23	23	14	1	1	14	14	14	27	14	14	9	14	14	19	1	23	11	11	2	2	14	2	3	16	20	2	1	14	14	4	17	7	7	15	27	24	14	14	1	26	14	2	26	14	14	2	3	14	4	4	15	15	23	25	27	14	14	27	11	23	14	2	10	23	26	23	14	4	25	3	20	20	14	22	14	27	27	26	16	16	15	27	14	2	26	14	26	14	1	26	14	4	26	23	14	3	20	2	14	4	26	14	14	14	27	11	14	1	14	10	10	2	2	2	12	15	14	14	17	2	22	23	2	15	23	14	26	7	14	27	2	2	3	25	14	5	26	14	14	2	14	3	24	20	2	14	4	3	14	14	14	27	14	14	1	7	10	1	23	14	2	14	2	15	2	17	2	27	23	2	16	1	6	16	14	14	27	27	14	15	25	14	4	26	14	26	11	14	26	14	20	2	14	8	8	1	14	14	27	15	14	2	14	23	1	9	14	1	26	23	23	13	14	2	27	20	2	14	14	27	6	27	14	27	11	14	14	14	
DUE_DATE
0	31147	30476	30045	30094	29603	31392	30247	30776	30825	30394	29903	31692	29987	30556	30585	31094	30643	30672	30161	31930	31239	30248	30300	31362	30924	30426	30468	32250	31572	31127	30616	31185	30674	30703	32472	31781	31810	31359	31388	31427	31456	30945	32714	32023	32052	31601	31090	31119	31148	32919	32220	31761	31782	31803	31284	31305	33066	31347	31368	33129	32430	32451	33192	32047	31556	33345	32674	32243	32292	32325	32352	33579	31866	31893	33660	32967	32994	33741	33048	32595	32082	32106	33870	33174	32718	32742	32766	33990	32274	32298	34062	33366	33415	33452	34209	33046	33083	32580	34357	33674	33737	33316	32835	34634	32953	32977	34736	34035	33574	34073	34812	33631	33110	33129	34888	34187	34206	33745	34244	33243	33317	35116	35175	34514	34093	34125	35352	34659	33666	33693	35460	34767	34794	34341	33828	34395	33891	35664	33957	35730	35043	34596	34629	35862	34155	34174	35930	35226	35242	34778	34794	34810	34826	36042	36058	34334	36090	35386	35402	35418	34954	34430	34446	36231	35544	35097	34590	34623	35196	34689	36462	36495	36540	35862	35904	36666	35988	35550	35052	35091	36864	36177	35730	35763	35796	35289	37062	37095	36405	36432	37179	36006	36033	35520	35547	37314	36621	36168	36195	35695	35732	37509	35806	37583	36900	36937	36974	37011	36564	36597	36090	37863	37176	37209	36762	36795	36281	36304	38067	36350	38113	37416	36959	38182	37485	37028	36511	36534	38297	37601	37624	37167	36650	36673	38436	38459	37762	37305	37328	38551	38574	36857	36885	38652	37959	37986	37533	37560	37587	37074	37101	38868	38895	38197	37736	37755	38254	37253	37272	39031	38330	38349	37888	37907	37386	37945	37424	39183	39247	39296	38625	38674	38723	38292	37817	37876	39675	39014	38593	38107	38156	38745	38254	40043	40092	40125	39432	39459	40206	39033	39060	38547	38574	40341	39648	39195	38681	39244	39267	38750	40513	40536	39839	39862	39885	39428	38911	38934	40697	39997	39536	39555	39034	39053	39072	40831	40850	40149	40168	40907	40926	39745	39764	39243	41040	40362	40404	39966	39468	39510	39552	41327	40636	40665	40214	40723	40752	41501	40330	39819	41588	40927	40976	40545	40054	40103	40152	41931	41964	41277	40830	40863	41376	42129	40422	42195	41515	41552	41109	40606	41183	41220	40717	42494	41820	42582	41424	41466	40968	42750	41052	42840	42162	42204	41766	41808	41310	41352	41407	43196	43245	43294	42623	42672	42231	42744	41757	41790	42843	42876	42429	42462	41955	42521	42004	42027	43790	43813	43836	43139	43162	43185	42728	42211	43974	43277	42847	42896	42945	44194	42503	44292	44397	43776	43395	43920	43962	42984	43026	43068	44850	44172	43797	43896	43455	44021	43504	45267	45290	44593	44616	44159	45382	45405	44228	43711	45474	44777	44815	44372	43869	43906	43943	45000	45757	45074	44647	44696	45225	45274	44303	46092	45477	45576	45195	44717	44776	44835	45434	46693	46037	46816	45675	45734	45253	47097	47196	46575	46611	46164	45657	45690	46263	47496	47529	46842	47595	46435	46472	45969	46006	47063	47820	47137	47174	46735	46772	46269	46306	46883	48120	47437	48194	48257	47116	47175	46694	48493	46807	47876	47925	47494	47543	47052	47095	47672	48909	48226	48983	49020	48337	47894	47379	48420	47421	49182	48483	48024	48045	47526	47547	48108	49329	48630	49371	48672	48297	47856	49695	49015	48032	49809	49126	48683	48720	48217	48254	48295	50072	50109	49426	49463	49020	49057	50294	50347	48656	50445	49774	49343	49392	48882	48906	49470	50694	50718	50022	50046	49590	49614	50118	50142	49146	50925	50232	50259	49806	49293	51060	49347	50394	49941	51168	49995	49495	49532	51309	51346	51383	50700	50737	50294	49791	51564	50397	50910	50463	51696	50529	50022	50055	51835	51152	51189	51226	50783	50820	50317	52094	50385	50952	51459	52206	52233	51060	51087	50574	50601	52368	52395	51727	51776	51345	51394	50903	51492	50982	52026	52770	52794	52818	52122	52146	51690	51174	52938	51222	52986	52315	51872	51909	51406	51443	53220	53257	52574	52605	52152	51639	52686	52233	51720	53487	52794	52341	52368	51855	51882	52446	53670	53694	52998	53022	52566	52050	53814	53838	52122	53886	53215	52772	52809	52306	52343	52380	54157	54194	53511	53544	53097	53130	53643	54396	52689	54462	53775	53837	53416	52935	54734	53593	54815	54112	53649	53666	53143	53160	54197	54934	54951	54248	54265	53802	53279	55036	53313	53870	55087	54437	54016	54075	53594	53653	55435	54752	54789	54346	53843	53880	55657	54494	55757	55816	55875	55214	54793	54831	54324	54357	55410	56163	55476	55509	55062	55095	54585	54612	55179	56406	56433	56460	55767	55794	55341	54828	55875	55952	56746	56100	55694	55725	55212	56979	55266	55293	57060	56367	56394	55941	57168	57195	55607	55756	57535	56852	56409	56446	55943	57720	57037	57794	56132	57946	57300	57374	56925	57432	57459	58206	58233	56520	56547	58314	57621	58368	58395	57497	57597	57156	57255	59031	58344	59097	58410	59163	59196	58509	58062	58095	57607	59396	58725	59494	58823	58872	58457	57976	58035	59834	59173	
TRANSPORT_MODE
0	2	4	4	4	4	2	0	4	1	4	4	4	4	0	0	2	4	4	4	4	4	0	0	2	2	4	1	4	4	2	0	4	4	4	4	4	4	0	0	2	2	4	4	4	4	4	0	2	4	4	4	4	4	0	0	0	3	4	4	4	4	4	0	2	4	4	4	4	4	0	0	3	4	4	4	4	4	0	0	4	2	4	4	4	4	4	0	3	4	4	4	1	4	0	0	4	2	2	4	4	4	1	0	3	4	1	4	1	4	0	0	1	2	2	4	4	4	4	0	0	4	3	4	4	1	4	0	0	1	2	4	4	4	4	0	0	4	3	4	4	1	4	4	0	4	2	4	1	4	4	0	0	4	3	3	1	4	4	4	0	1	2	4	4	4	4	0	0	4	4	3	3	4	4	1	0	0	4	4	2	4	4	1	0	4	4	3	4	4	4	0	0	4	4	2	4	4	4	4	0	1	3	1	1	4	4	0	0	4	4	2	2	1	4	1	0	0	4	3	4	4	1	4	0	0	4	4	2	2	4	1	4	0	1	4	3	4	1	4	0	0	4	4	2	1	4	4	0	0	1	4	3	4	1	4	4	0	4	4	2	4	4	4	0	0	1	1	3	3	4	1	4	0	4	4	2	1	4	4	0	0	1	4	3	3	4	4	4	0	0	4	1	2	1	1	4	0	0	4	4	3	1	1	1	0	1	4	4	2	4	4	4	0	4	4	3	4	4	1	0	0	1	4	2	2	4	1	1	0	1	1	3	4	1	4	0	0	0	4	4	4	2	2	1	1	0	4	4	3	4	4	4	0	0	1	1	2	1	4	1	0	0	4	1	4	3	1	4	4	0	4	1	2	1	4	4	0	0	1	4	3	3	4	4	1	0	4	1	2	1	4	1	0	0	4	4	1	3	3	1	1	0	1	1	2	4	4	0	4	0	1	1	3	4	4	4	0	0	4	1	4	2	1	4	1	0	4	1	3	1	1	1	0	0	4	4	2	2	1	4	1	0	4	1	3	1	4	4	0	0	1	1	4	2	2	4	4	0	0	1	1	3	1	1	4	0	1	1	2	1	4	4	0	0	1	1	3	1	4	1	4	0	1	4	2	1	4	4	0	0	1	4	3	3	1	4	1	0	1	1	2	4	1	1	0	0	1	1	3	3	1	1	1	0	4	4	2	1	1	1	0	0	4	4	3	4	1	1	0	0	4	4	2	4	1	1	1	0	1	3	1	1	1	1	0	0	4	4	2	2	1	1	1	0	1	3	1	1	4	1	0	0	1	4	2	2	4	4	4	0	1	1	3	1	1	1	0	0	4	1	2	4	1	1	0	1	1	3	1	1	1	4	0	1	2	1	4	1	1	0	0	4	3	3	1	1	4	1	0	1	2	1	1	4	1	0	0	0	1	3	3	1	1	1	1	0	1	2	4	1	4	1	0	1	3	1	1	4	1	0	0	1	2	1	1	4	1	4	0	3	1	1	1	1	1	0	0	1	2	2	1	1	4	1	0	3	1	1	1	1	1	0	0	4	2	2	1	1	1	1	0	3	1	4	1	1	1	0	0	2	1	1	1	1	1	0	0	3	1	1	4	1	1	1	2	1	1	1	1	4	0	0	3	3	1	1	1	1	2	0	1	1	1	1	1	1	0	0	3	3	1	1	1	4	1	0	0	2	1	1	1	1	3	0	1	1	1	1	4	3	0	0	1	1	1	1	1	1	0	0	3	1	1	1	1	1	0	0	3	3	1	1	1	1	3	0	1	1	1	1	1	1	0	0	3	3	1	1	1	1	1	0	3	1	1	1	1	1	0	0	
DISTANCE_MATRIX
60	360	318	300	288	276	264	264	150	150	150	60	90	90	162	168	204	228	234	312	360	408	348	318	168	192	168	318	
360	60	264	318	324	342	342	342	348	348	354	360	372	378	378	420	420	480	462	498	462	462	384	420	372	420	378	378	
318	264	60	270	276	288	288	288	294	294	294	318	318	324	324	414	414	468	462	486	462	462	330	366	366	408	372	324	
300	318	270	60	276	288	288	288	288	288	288	300	300	312	318	408	408	468	462	486	438	438	318	360	360	402	360	312	
288	324	276	276	60	276	276	276	276	276	276	288	288	300	300	402	396	462	456	480	432	432	300	360	360	402	348	300	
276	342	288	288	276	60	180	180	252	258	264	264	264	288	288	390	390	456	450	480	432	432	288	348	348	348	288	288	
264	342	288	288	276	180	60	180	246	258	264	264	264	288	288	390	390	456	450	480	432	432	288	348	348	348	288	288	
264	342	288	288	276	180	180	60	240	258	264	264	264	288	288	390	390	456	450	480	432	432	288	348	348	348	288	288	
150	348	294	288	276	252	246	240	60	120	120	150	126	270	270	378	384	420	438	480	420	408	276	300	300	300	276	270	
150	348	294	288	276	258	258	258	120	60	120	150	150	270	270	378	384	420	438	480	420	408	276	300	300	300	276	270	
150	354	294	288	276	264	264	264	120	120	60	150	150	270	270	378	384	420	438	480	420	408	276	300	300	300	276	270	
60	360	318	300	288	264	264	264	150	150	150	60	90	162	168	228	234	312	360	408	348	318	168	192	192	198	168	162	
90	372	318	300	288	264	264	264	150	150	150	90	60	162	168	228	234	312	360	408	348	318	168	192	192	198	168	162	
90	378	324	312	300	288	288	288	270	270	270	162	162	60	120	180	180	306	210	360	300	300	120	180	120	180	120	234	
162	378	324	318	300	288	288	288	270	270	270	168	168	120	60	180	180	306	210	360	300	300	120	180	120	180	120	120	
168	420	414	408	402	348	348	348	300	300	300	228	228	180	180	60	132	204	132	348	258	258	186	60	180	132	222	180	
204	420	414	408	396	390	390	390	384	384	384	234	234	180	180	132	60	204	132	348	258	258	186	60	180	132	222	180	
228	480	468	468	462	456	456	456	420	420	420	312	312	306	306	204	204	60	198	120	240	240	306	204	306	138	306	306	
234	462	462	462	456	450	450	450	438	438	438	360	360	210	210	132	132	198	60	138	132	132	210	132	210	132	210	210	
312	498	486	486	480	480	480	480	480	480	480	408	408	360	360	348	348	120	138	60	348	348	360	348	360	348	360	360	
360	462	462	438	432	432	432	432	420	420	420	348	348	300	300	258	258	240	132	348	60	60	300	258	300	258	300	300	
408	462	462	438	432	432	432	432	408	408	408	318	318	300	300	258	258	240	132	348	60	60	300	258	300	258	300	300	
348	384	330	318	300	288	288	288	276	276	276	168	168	120	120	186	186	306	210	360	300	300	60	186	120	186	120	120	
318	420	366	360	360	348	348	348	300	300	300	192	192	180	180	60	60	204	132	348	258	258	186	60	180	60	180	180	
168	372	300	306	300	288	288	288	270	270	270	168	168	120	120	180	180	306	210	360	300	300	120	180	60	180	120	120	
192	420	408	402	402	348	348	348	300	300	300	198	198	180	180	132	132	138	132	348	258	258	186	60	180	60	180	180	
168	378	372	360	348	288	288	288	276	276	276	168	168	120	120	222	222	306	210	360	300	300	120	180	120	180	60	120	
318	378	324	312	300	288	288	288	270	270	270	162	162	234	120	180	180	306	210	360	300	300	120	180	120	180	120	60	
DEPOT_DISTANCE_MATRIX
60	360	318	300	288	276	264	264	150	150	150	60	90	90	162	168	204	228	234	312	360	408	348	318	168	192	168	318	
162	378	324	318	300	288	288	288	270	270	270	168	168	120	60	180	180	306	210	360	300	300	120	180	120	180	120	120	
318	420	366	360	360	348	348	348	300	300	300	192	192	180	180	60	60	204	132	348	258	258	186	60	180	60	180	180	
PATIENT_WEIGHT
110	65	69	93	49	108	62	75	43	58	52	123	61	106	125	74	85	121	144	143	100	61	129	79	126	53	56	108	140	109	94	76	45	62	56	101	42	68	75	54	88	38	39	150	120	107	117	54	71	121	42	133	140	149	102	73	106	51	80	107	111	132	128	100	41	108	58	148	76	95	38	69	102	44	40	45	134	81	83	81	35	146	38	80	137	68	137	81	39	139	98	69	112	109	54	32	95	43	116	39	99	34	44	119	34	30	50	133	106	97	133	129	47	78	106	146	76	76	110	60	70	107	85	100	78	94	89	110	55	131	58	33	127	44	64	113	120	83	45	114	43	110	134	93	80	46	45	117	94	83	78	128	130	41	85	134	51	46	59	44	70	104	124	87	107	116	56	68	57	53	108	54	61	99	47	31	91	138	56	131	83	146	46	107	118	108	86	38	45	99	69	94	119	55	38	112	140	141	59	134	117	122	43	49	113	113	71	53	82	119	51	108	99	75	47	90	39	50	142	70	52	35	132	93	149	81	137	121	52	144	99	120	61	128	65	101	38	50	145	103	121	31	107	115	68	92	106	40	59	121	125	80	44	140	118	35	35	145	98	150	107	85	127	30	58	124	150	46	108	137	127	84	65	71	42	59	70	149	95	32	102	73	74	80	132	39	128	30	55	64	113	145	114	59	139	145	146	73	148	129	93	53	112	77	99	105	82	116	103	148	69	30	76	135	88	30	69	36	89	38	79	149	104	41	58	114	57	110	38	42	56	127	108	109	75	47	119	128	58	93	44	71	48	112	34	41	33	73	50	61	96	109	31	37	100	56	36	50	43	48	62	104	35	35	127	104	113	136	69	125	41	105	62	107	108	82	87	95	60	49	53	114	148	96	52	66	42	65	32	106	48	143	75	132	116	149	147	97	142	127	34	118	52	130	45	60	119	136	93	58	62	34	148	69	56	100	61	121	55	114	113	66	30	130	80	31	60	100	125	59	31	55	127	87	101	136	66	51	54	96	106	37	140	68	140	140	86	140	92	115	146	135	70	51	107	114	71	130	137	115	46	36	89	149	56	96	71	32	133	98	90	46	144	84	47	109	73	55	69	89	48	133	101	62	110	51	89	134	120	91	70	116	111	112	34	72	122	119	83	117	72	94	137	38	68	51	37	88	36	101	31	112	31	120	38	143	112	38	77	145	85	141	80	70	76	56	121	50	33	32	116	71	133	59	120	132	95	134	113	146	142	61	60	139	34	69	97	77	66	39	123	124	90	62	119	68	141	102	99	52	88	37	138	36	124	103	92	82	100	83	121	121	119	142	49	67	111	135	113	45	44	58	101	31	53	146	88	121	129	50	108	133	73	121	120	77	133	90	105	45	31	147	71	53	106	39	98	135	35	76	130	71	63	99	52	41	144	104	99	30	103	83	42	106	39	78	110	135	44	122	121	116	100	118	58	93	114	96	93	64	62	86	107	34	130	86	54	105	48	67	61	96	47	144	121	119	82	108	64	43	149	61	132	68	52	83	142	99	106	139	88	82	35	149	149	69	112	49	39	42	41	72	62	57	141	144	99	121	36	117	125	74	103	122	120	85	107	97	56	30	62	129	81	33	90	93	138	101	143	32	139	123	102	136	93	45	56	36	99	40	120	124	75	56	114	91	129	129	88	122	74	111	66	78	118	113	108	138	119	141	52	42	140	136	114	102	74	59	102	61	65	110	73	108	82	40	81	106	61	33	131	139	100	44	50	71	84	125	137	146	49	63	112	31	88	87	124	136	99	123	102	56	142	90	86	122	33	142	35	126	127	95	130	92	150	70	71	56	125	150	100	
LOCATION_TURN_MATRIX
100	130	122	113	112	199	136	122	129	152	173	146	151	136	158	140	176	113	122	167	194	134	110	172	114	184	100	147	
170	100	154	188	164	169	136	136	152	170	104	183	155	115	101	104	155	187	174	115	149	134	178	168	114	135	168	102	
178	146	100	161	178	114	104	165	117	139	126	169	192	109	120	179	160	152	154	134	113	140	154	179	196	196	192	181	
187	112	139	100	158	114	195	181	104	132	195	106	183	169	132	170	140	136	172	148	116	110	123	136	151	120	176	169	
188	136	122	142	100	175	164	159	112	100	167	164	135	191	132	181	104	123	142	156	108	117	193	182	116	147	156	185	
101	131	186	186	125	100	190	147	164	150	137	102	145	176	185	131	113	108	117	186	118	151	140	178	154	189	172	110	
164	164	196	105	136	110	100	186	153	151	183	193	111	157	144	123	188	142	110	163	105	190	166	187	170	171	186	126	
178	164	135	119	141	153	114	100	106	130	108	103	151	178	122	151	130	133	184	177	110	141	166	110	122	174	191	197	
171	148	183	196	188	136	147	194	100	167	100	146	168	129	128	142	172	118	174	147	105	158	156	160	120	106	119	136	
148	130	161	168	200	150	149	170	133	100	177	106	175	116	188	180	176	194	108	146	130	187	183	173	128	141	169	176	
127	196	174	105	133	163	117	192	200	123	100	171	175	140	183	115	104	186	128	153	151	175	100	146	191	117	132	197	
154	117	131	194	136	198	107	197	154	194	129	100	136	184	140	147	172	184	148	131	103	156	185	200	152	158	154	143	
149	145	108	117	165	155	189	149	132	125	125	164	100	140	199	142	101	144	163	185	117	191	200	143	113	165	102	154	
164	185	191	131	109	124	143	122	171	184	160	116	160	100	109	116	196	113	131	186	166	139	183	175	144	161	105	170	
142	199	180	168	168	115	156	178	172	112	117	160	101	191	100	147	177	177	199	158	172	188	164	175	180	168	154	195	
160	196	121	130	119	169	177	149	158	120	185	153	158	184	153	100	152	159	197	157	181	159	102	123	168	200	124	186	
124	145	140	160	196	187	112	170	128	124	196	128	199	104	123	148	100	149	114	112	117	135	105	132	138	180	198	156	
187	113	148	164	177	192	158	167	182	106	114	116	156	187	123	141	151	100	166	132	168	163	159	123	129	173	161	116	
178	126	146	128	158	183	190	116	126	192	172	152	137	169	101	103	186	134	100	184	199	137	130	160	148	113	140	150	
133	185	166	152	144	114	137	123	153	154	147	169	115	114	142	143	188	168	116	100	111	195	128	157	191	164	141	171	
106	151	187	184	192	182	195	190	195	170	149	197	183	134	128	119	183	132	101	189	100	129	151	163	147	166	104	177	
166	166	160	190	183	149	110	159	142	113	125	144	109	161	112	141	165	137	163	105	171	100	101	185	169	129	103	197	
190	122	146	177	107	160	134	134	144	117	200	115	100	117	136	198	195	141	170	172	149	199	100	106	150	116	118	145	
128	132	121	164	118	122	113	190	140	127	154	100	157	125	125	177	168	177	140	143	137	115	194	100	128	167	115	155	
186	186	104	149	184	146	130	178	180	172	109	148	187	156	120	132	162	171	152	109	153	131	150	172	100	155	124	184	
116	165	104	180	153	111	129	126	194	159	183	142	135	139	132	100	120	127	187	136	134	171	184	133	145	100	129	192	
200	132	108	124	144	128	114	109	181	131	168	146	198	195	146	176	102	139	160	159	196	197	182	185	176	171	100	146	
153	198	119	131	115	190	174	103	164	124	103	157	146	130	105	114	144	184	150	129	123	103	155	145	116	108	154	100	

