INDEX_PROBLEM
1
PATIENTS
800
STRETCHERS
16
NUM_ROOM
28
NUM_DEPOTS
3
NUM_PRIORITY
4
PRIORITY_LIST
0	1	2	3	4	
PRIORITY_WEIGHT
0	1	10	18	30	
PRIORITY_JOB
0	1	2	3	3	4	2	4	3	2	3	4	4	1	2	4	3	3	4	4	4	1	3	4	2	3	4	4	1	2	4	3	3	4	4	1	2	3	4	4	4	4	4	1	2	2	3	3	3	4	4	4	1	2	3	4	4	1	3	4	2	2	3	1	2	4	4	1	2	3	3	4	1	4	4	2	2	4	2	3	3	4	4	1	2	3	4	3	3	1	1	4	4	1	2	1	3	4	4	4	1	2	3	4	2	1	1	3	4	4	1	3	4	2	3	3	4	4	2	4	3	2	3	1	4	4	1	1	2	3	3	4	4	2	4	3	2	3	1	4	4	4	2	1	2	3	3	4	4	1	4	1	2	3	1	4	4	1	2	1	2	3	2	4	4	4	1	4	3	2	3	1	3	4	4	1	2	2	3	4	4	1	2	4	2	3	3	1	4	4	2	1	2	2	3	4	4	1	2	3	3	3	1	4	4	4	1	3	4	2	3	4	4	1	2	3	2	3	1	1	4	4	4	1	4	1	2	3	3	4	4	4	4	2	2	3	1	1	4	3	2	1	2	3	4	4	4	3	3	1	2	2	3	1	4	4	1	1	2	3	3	4	4	1	4	2	3	4	1	4	4	2	3	1	2	2	3	4	4	1	4	1	2	3	3	1	4	4	3	1	2	2	3	4	4	1	2	4	3	3	4	1	4	2	1	2	2	3	4	4	1	2	4	3	3	4	1	4	2	1	2	4	3	4	4	4	1	2	3	4	2	3	4	1	1	4	4	1	1	2	3	3	4	2	4	4	2	3	4	1	1	4	1	3	2	3	3	4	4	2	4	3	2	3	4	1	4	1	1	1	2	3	3	4	4	4	1	4	2	3	4	1	4	1	2	2	2	2	3	4	4	4	1	4	4	2	3	3	1	4	2	1	2	4	3	4	1	2	3	4	2	3	4	4	1	2	2	1	1	3	4	4	4	1	2	3	3	3	4	1	4	1	2	2	3	4	4	1	2	2	4	4	3	4	4	1	1	4	1	3	4	2	3	3	4	4	2	4	3	2	3	4	1	1	1	2	1	3	3	4	4	2	2	4	4	3	4	4	1	1	2	2	3	3	4	4	4	1	2	3	1	3	4	4	1	1	2	1	2	3	4	4	4	1	2	4	2	3	3	4	1	2	2	2	3	3	4	4	1	2	3	3	4	4	4	2	1	2	3	1	2	4	4	1	2	3	3	3	4	4	4	1	1	2	3	1	4	4	1	2	2	3	4	3	4	4	3	1	1	1	2	2	4	4	4	4	2	2	3	4	4	4	4	1	1	1	2	3	3	4	4	2	2	3	3	2	4	4	4	1	1	2	3	2	3	4	4	1	2	3	4	3	4	4	1	1	2	2	1	1	3	4	4	1	2	3	4	4	4	4	1	1	2	2	2	2	3	4	4	1	2	3	3	4	4	2	1	3	2	4	3	1	4	4	1	2	3	3	4	1	4	4	1	1	2	3	4	2	4	1	2	2	3	4	3	4	4	1	1	1	2	3	2	4	4	4	1	2	2	3	3	4	4	4	1	1	1	2	3	2	3	4	4	2	2	3	4	3	4	4	1	1	2	3	1	3	4	4	1	2	3	4	4	4	1	4	1	2	3	2	1	3	4	4	1	2	3	4	3	2	4	1	4	1	2	2	2	3	4	1	2	3	3	4	4	1	4	2	2	3	4	1	2	4	1	1	2	3	3	1	1	4	4	1	2	3	4	2	2	1	4	4	1	2	3	1	1	1	3	4	4	1	2	1	2	1	3	4	4	4	1	2	2	1	1	2	2	3	4	4	1	
TIME_ASKED
0	28800	28800	28800	28800	28800	28800	28800	28800	28800	28800	28800	28800	28800	28800	28800	28800	29545	29574	29603	29632	29661	29690	29742	29784	29826	29868	29910	29952	29994	30029	30058	30087	30116	30145	30174	30203	30232	30261	30290	30329	30358	30387	30416	30445	30474	30503	30532	30561	30590	30621	30642	30663	30684	30705	30726	30747	30768	30789	30810	30831	30852	30873	30894	30949	30998	31047	31096	31145	31194	31227	31254	31281	31308	31335	31362	31389	31416	31443	31470	31497	31524	31548	31572	31596	31620	31644	31668	31692	31716	31740	31764	31788	31837	31874	31911	31948	31985	32022	32059	32096	32159	32218	32277	32336	32395	32419	32438	32457	32476	32495	32514	32533	32552	32571	32590	32609	32628	32647	32666	32685	32759	32818	32877	32936	32995	33027	33054	33081	33108	33135	33162	33189	33216	33243	33270	33297	33333	33366	33399	33432	33465	33498	33531	33564	33597	33616	33632	33648	33664	33680	33696	33712	33728	33744	33760	33776	33792	33808	33824	33840	33856	33872	33888	33933	33966	33999	34032	34065	34098	34131	34164	34197	34242	34284	34326	34368	34410	34452	34494	34533	34566	34599	34632	34665	34698	34731	34764	34797	34827	34854	34881	34908	34935	34962	34989	35016	35043	35070	35097	35137	35174	35211	35248	35285	35322	35359	35396	35433	35466	35499	35532	35565	35598	35631	35664	35697	35723	35746	35769	35792	35815	35838	35861	35884	35907	35930	35953	35976	35999	36023	36046	36069	36092	36115	36138	36161	36184	36207	36230	36253	36276	36299	36327	36354	36381	36408	36435	36462	36489	36516	36543	36570	36597	36619	36638	36657	36676	36695	36714	36733	36752	36771	36790	36809	36828	36847	36866	36885	36949	36998	37047	37096	37145	37194	37259	37318	37377	37436	37495	37549	37598	37647	37696	37745	37794	37827	37854	37881	37908	37935	37962	37989	38016	38043	38070	38097	38123	38146	38169	38192	38215	38238	38261	38284	38307	38330	38353	38376	38399	38419	38438	38457	38476	38495	38514	38533	38552	38571	38590	38609	38628	38647	38666	38685	38742	38784	38826	38868	38910	38952	38994	39029	39058	39087	39116	39145	39174	39203	39232	39261	39290	39349	39398	39447	39496	39545	39594	39633	39666	39699	39732	39765	39798	39831	39864	39897	39937	39974	40011	40048	40085	40122	40159	40196	40242	40284	40326	40368	40410	40452	40494	40542	40584	40626	40668	40710	40752	40794	40849	40898	40947	40996	41045	41094	41133	41166	41199	41232	41265	41298	41331	41364	41397	41423	41446	41469	41492	41515	41538	41561	41584	41607	41630	41653	41676	41699	41749	41798	41847	41896	41945	41994	42099	42198	42297	42342	42384	42426	42468	42510	42552	42594	42699	42798	42897	42923	42946	42969	42992	43015	43038	43061	43084	43107	43130	43153	43176	43199	43237	43274	43311	43348	43385	43422	43459	43496	43549	43598	43647	43696	43745	43794	43899	43998	44097	44159	44218	44277	44336	44395	44459	44518	44577	44636	44695	44799	44898	44997	45033	45066	45099	45132	45165	45198	45231	45264	45297	45337	45374	45411	45448	45485	45522	45559	45596	45637	45674	45711	45748	45785	45822	45859	45896	45959	46018	46077	46136	46195	46249	46298	46347	46396	46445	46494	46537	46574	46611	46648	46685	46722	46759	46796	46821	46842	46863	46884	46905	46926	46947	46968	46989	47010	47031	47052	47073	47094	47199	47298	47397	47437	47474	47511	47548	47585	47622	47659	47696	47737	47774	47811	47848	47885	47922	47959	47996	48049	48098	48147	48196	48245	48294	48324	48348	48372	48396	48420	48444	48468	48492	48516	48540	48564	48588	48627	48654	48681	48708	48735	48762	48789	48816	48843	48870	48897	48937	48974	49011	49048	49085	49122	49159	49196	49233	49266	49299	49332	49365	49398	49431	49464	49497	49537	49574	49611	49648	49685	49722	49759	49796	49827	49854	49881	49908	49935	49962	49989	50016	50043	50070	50097	50149	50198	50247	50296	50345	50394	50424	50448	50472	50496	50520	50544	50568	50592	50616	50640	50664	50688	50737	50774	50811	50848	50885	50922	50959	50996	51027	51054	51081	51108	51135	51162	51189	51216	51243	51270	51297	51324	51348	51372	51396	51420	51444	51468	51492	51516	51540	51564	51588	51637	51674	51711	51748	51785	51822	51859	51896	51933	51966	51999	52032	52065	52098	52131	52164	52197	52259	52318	52377	52436	52495	52517	52534	52551	52568	52585	52602	52619	52636	52653	52670	52687	52704	52721	52738	52755	52772	52789	52859	52918	52977	53036	53095	53137	53174	53211	53248	53285	53322	53359	53396	53459	53518	53577	53636	53695	53733	53766	53799	53832	53865	53898	53931	53964	53997	54027	54054	54081	54108	54135	54162	54189	54216	54243	54270	54297	54374	54448	54522	54596	54627	54654	54681	54708	54735	54762	54789	54816	54843	54870	54897	55049	55198	55237	55274	55311	55348	55385	55422	55459	55496	55574	55648	55722	55796	55827	55854	55881	55908	55935	55962	55989	56016	56043	56070	56097	56399	56499	56598	56697	56733	56766	56799	56832	56865	56898	56931	56964	56997	57049	57098	57147	57196	57245	57294	57359	57418	57477	57536	57595	
ORIGIN
0	16	6	27	19	7	27	25	14	14	23	10	2	23	11	14	26	14	3	23	1	4	14	14	14	14	16	7	27	20	9	16	16	9	1	23	11	14	2	12	14	14	2	3	24	14	14	26	11	6	27	18	7	27	20	8	9	14	17	2	23	12	2	14	9	14	23	14	4	24	12	14	14	14	25	27	19	8	9	9	9	14	23	11	2	14	14	14	14	14	14	24	14	4	5	27	27	27	18	7	27	20	8	14	16	12	17	17	12	2	14	14	25	14	14	4	24	15	4	27	16	27	26	3	3	27	23	26	11	11	10	2	23	14	2	14	14	1	26	27	27	26	20	9	20	20	14	27	20	14	3	9	2	14	23	20	20	23	14	26	14	26	27	24	15	4	23	16	14	15	26	26	14	2	8	2	14	14	15	23	12	2	23	27	14	12	12	12	14	27	14	14	9	9	9	20	8	27	3	14	14	14	14	2	14	13	26	26	14	1	2	14	4	26	14	8	23	8	23	2	14	14	14	14	1	14	14	25	2	23	14	3	14	2	14	27	14	27	14	23	23	11	2	8	27	23	14	16	14	14	14	14	14	14	20	20	20	14	23	7	26	16	23	1	14	3	23	27	26	14	3	14	23	27	26	27	23	13	3	23	27	20	26	26	14	14	25	14	14	4	13	5	23	8	1	14	14	12	14	12	2	14	1	4	14	9	1	27	16	5	26	3	14	5	5	1	3	14	14	14	9	23	1	27	13	2	23	14	3	14	23	14	1	1	7	3	3	23	1	27	8	1	23	10	27	23	7	14	26	14	14	2	2	11	14	2	5	26	7	14	2	27	7	14	14	14	3	26	20	1	14	4	2	23	1	26	20	20	23	23	23	14	1	2	14	2	27	2	1	23	10	1	14	2	27	2	14	14	14	14	2	2	14	4	27	26	23	11	14	14	27	1	27	3	3	3	3	14	23	14	23	14	3	14	26	14	14	14	14	1	3	3	14	14	5	13	23	10	1	14	7	14	23	14	14	27	14	3	14	27	27	23	16	6	27	19	7	14	14	14	14	3	27	12	16	16	26	3	14	3	23	14	19	23	2	2	1	14	14	10	3	20	3	27	9	3	16	11	26	3	2	7	27	14	14	2	13	13	2	2	5	27	18	7	2	2	2	27	14	17	2	23	23	4	4	2	3	23	14	4	14	2	14	26	25	14	4	26	22	27	14	2	1	23	11	2	14	14	26	23	14	26	15	15	14	26	14	23	26	17	7	27	14	14	14	14	14	2	27	20	24	27	16	14	23	14	4	23	15	2	3	3	14	3	26	14	2	14	27	1	23	10	2	14	23	2	14	14	27	27	15	14	26	26	27	26	16	7	27	14	26	26	16	3	9	20	2	2	2	2	4	23	14	3	24	14	4	14	14	4	14	26	14	14	14	2	26	4	10	2	23	12	23	23	14	27	27	14	9	9	27	26	4	1	7	26	19	2	14	14	3	16	16	11	2	1	3	3	23	14	3	24	14	4	14	14	1	26	14	7	27	26	4	4	11	10	1	23	12	2	23	11	11	14	14	14	24	11	27	27	16	6	27	19	7	27	26	14	14	14	20	2	23	14	26	27	14	3	23	14	14	27	13	14	14	14	7	27	20	4	14	4	9	1	23	4	16	23	12	23	14	14	27	24	15	14	1	15	6	27	18	7	27	14	14	17	17	10	2	23	2	14	4	14	3	23	14	4	14	25	25	23	25	7	27	20	1	7	15	9	1	23	11	2	4	14	14	14	14	3	24	14	1	11	11	5	27	18	7	27	20	8	14	17	2	1	23	12	2	26	26	
DESTINATION
0	14	17	2	22	23	2	14	9	3	27	14	14	27	12	25	14	25	14	4	23	14	9	9	9	1	16	20	2	14	14	14	14	14	14	27	15	5	27	11	5	5	27	14	2	26	8	14	12	17	2	27	20	2	14	14	14	16	6	14	27	11	14	25	14	26	3	26	14	2	11	26	26	26	14	2	22	14	14	14	14	26	27	15	14	20	20	9	16	16	16	1	26	14	14	2	2	23	27	20	2	14	14	26	14	11	6	6	11	14	20	8	14	15	26	14	2	14	14	2	14	2	14	23	23	2	27	14	12	12	14	14	27	8	14	9	9	23	14	23	23	3	14	14	14	14	4	2	14	4	26	14	27	5	27	7	7	1	8	14	16	14	23	2	14	14	1	14	25	14	14	14	4	24	14	27	16	20	14	27	11	14	1	23	16	11	11	11	2	23	2	2	14	14	14	14	14	2	26	20	20	20	20	27	20	7	3	3	20	23	27	26	14	3	4	14	27	14	27	24	15	15	16	16	23	26	26	14	14	1	25	14	4	14	15	23	15	23	2	27	27	12	14	14	2	27	1	14	9	9	9	20	8	20	14	14	14	5	1	20	3	14	1	14	9	26	1	2	14	4	26	8	1	23	14	23	1	7	14	3	23	14	14	14	2	25	14	3	3	14	7	14	26	14	14	2	2	11	2	11	27	8	14	14	16	14	14	23	14	14	3	26	20	14	14	23	26	16	1	1	14	1	23	23	7	14	1	2	14	2	27	26	23	23	13	23	23	27	23	2	14	14	27	14	2	27	13	2	23	8	1	14	14	12	1	27	14	3	13	3	14	23	13	16	1	5	26	3	14	23	5	14	14	1	23	3	14	14	1	1	1	2	23	14	3	14	23	27	14	27	14	14	3	27	23	27	8	1	1	10	27	27	16	14	2	3	27	12	16	26	23	14	2	26	26	14	14	2	27	2	1	25	14	10	3	20	20	4	2	23	26	26	20	20	14	7	27	14	14	2	13	2	27	2	1	23	10	14	1	2	2	27	14	17	2	22	23	4	4	2	4	26	23	11	14	14	14	26	25	14	4	26	22	27	14	14	23	3	3	14	26	14	26	23	14	26	14	15	14	26	27	13	23	1	10	14	7	7	14	14	14	2	27	20	24	27	14	23	16	6	27	7	7	14	14	14	14	3	26	14	2	14	2	3	14	3	23	14	19	23	2	14	14	27	15	14	26	26	3	27	9	3	11	11	26	3	16	27	3	9	20	2	2	2	2	5	5	27	18	7	2	2	14	4	3	26	14	27	14	14	26	26	3	23	14	4	14	2	23	14	27	14	14	9	27	14	2	1	23	23	11	2	14	14	23	3	16	20	2	1	14	3	14	26	17	7	27	27	14	14	14	1	26	14	2	26	14	4	16	14	4	14	4	15	2	14	3	14	14	14	27	11	27	27	1	23	23	10	14	14	23	3	14	14	20	14	22	14	26	16	26	16	16	15	27	14	26	26	27	26	14	1	26	14	4	4	23	14	3	20	2	14	14	14	12	14	14	27	11	14	1	15	15	2	10	2	2	12	23	23	14	17	2	22	23	2	14	4	1	1	7	14	27	2	14	23	25	14	5	26	1	2	7	16	3	3	20	2	14	14	4	14	14	14	27	14	14	1	11	27	10	1	23	2	14	2	23	11	17	2	27	23	2	16	26	6	6	14	14	27	27	26	14	25	14	4	26	14	26	14	14	27	14	20	2	14	14	13	11	14	14	27	15	14	14	9	9	1	9	14	1	26	23	12	12	14	2	27	20	2	14	14	26	6	27	14	27	11	14	14	14	
DUE_DATE
0	31147	30476	30045	30094	29603	30672	29707	30296	30825	30394	29903	29952	31727	31036	30045	30614	30643	30132	30161	30190	31959	30788	30300	31362	30924	30426	30468	32250	31572	30587	31156	31185	30674	30703	32472	31781	31330	30819	30848	30887	30916	30945	32714	32023	32052	31601	31630	31659	31148	31179	31200	32961	32262	31803	31284	31305	33066	31887	31368	32409	32430	31971	33192	32527	31556	31605	33394	32723	32292	32325	31812	33579	31866	31893	32940	32967	31974	33021	32568	32595	32082	32106	33870	33174	32718	32202	32766	32790	34014	34038	32322	32346	34135	33452	34209	33046	32543	32580	32617	34394	33737	33316	32835	33914	34693	34717	33536	33015	33034	34793	33612	33091	34130	33669	33688	33167	33186	34225	33224	33783	34337	33916	35175	33494	33553	35325	35352	34659	34206	34233	33720	33747	34794	33801	34368	34875	34431	35664	33957	33990	34023	35076	35829	35142	34695	34714	34190	34206	35962	34238	35994	35290	34826	36042	34318	34334	36090	35386	36122	35418	34954	35450	34446	34491	34524	36297	34590	35163	35676	35229	36462	35295	34800	34842	36624	35946	35988	35550	35052	35091	36864	36177	35190	36243	35796	35829	37062	35355	35385	36432	37179	36486	36513	36060	35547	35574	37341	36648	36195	36235	36272	37509	35806	35843	35880	37657	36494	35991	37044	36597	36090	36123	37896	37209	36762	37275	36821	38044	38067	36350	36373	36396	38159	36442	38205	37508	37051	37074	36557	36581	36604	36627	37670	37693	37236	38459	38482	36765	37328	37831	38574	37877	37425	36912	36939	36966	37533	37560	38787	38094	38121	37668	38895	37177	37196	38955	38974	38273	37812	37831	37310	37329	39088	37367	38406	37945	37424	39183	37507	37556	38625	38194	39443	38772	38837	38416	37935	37994	39793	38107	39896	39225	38794	38843	40092	38385	38412	38979	40206	39513	39540	39087	38574	38601	40368	39675	38681	39244	39267	38750	40513	38796	39839	40582	39885	39908	39451	38934	38957	40717	40016	39015	39574	39593	39072	40831	39110	40149	40888	40187	39186	39745	39224	39243	39300	41082	40404	39966	39468	40530	40092	39587	41356	41385	39674	39703	41472	41501	40810	40359	40388	39907	40976	40005	40054	41123	40692	40191	41964	41997	40290	42063	40896	41409	40962	40995	40495	40532	41589	40606	41183	41700	41257	40754	42540	40842	42624	42666	42708	42030	41592	41640	41142	41184	41226	43008	41310	42372	41947	41456	43245	41554	43343	42672	42711	42744	42777	42330	41823	41856	41889	43662	41955	41981	43024	42567	42590	43813	42096	43139	43882	43185	42188	42751	42234	43997	43327	42896	42405	43474	43043	42552	42657	44496	43875	43920	44682	44724	43566	43068	43110	43152	44997	44376	43995	44021	44044	43527	45290	43573	45336	44639	44662	44205	43688	43711	45474	44777	44815	43832	43869	44446	43943	43980	45757	45794	44107	45896	44745	44254	45323	44892	44997	44556	44655	45737	44776	45375	45914	45493	45017	46816	46875	46934	46273	47097	45996	46095	45591	45624	46677	46710	45723	45756	46329	45822	45855	47635	47672	46989	47026	46583	46620	46117	46154	46195	47972	47289	46846	48083	46920	46417	46454	48257	48316	47655	48434	47773	47347	46856	46905	46954	48743	48072	47095	48152	47709	47746	47243	49020	48337	48374	48399	47940	47961	47442	47463	49224	48525	48066	48087	47568	47589	47610	48651	49392	48777	48396	49695	49015	48032	48069	49846	49163	48720	48757	48794	48295	48332	48369	50146	50183	49500	49057	50294	48607	48656	50445	49774	49823	49392	48882	49446	48930	48954	49518	50742	50766	50790	50094	50118	49122	49146	49185	49212	50259	50286	49833	49320	49347	49374	49401	51168	51195	51235	50552	50109	50146	49643	49680	50737	50774	50331	50364	50877	49890	49923	49956	51729	51762	51075	50635	51152	50709	50206	50243	52020	51337	50894	50385	50952	50439	50466	52233	52260	51567	51594	52341	52368	51195	50707	50756	52545	51874	51443	50952	50982	51006	51030	52794	52818	52122	52146	52170	52194	51738	51222	51246	53035	52352	51909	51946	51443	51480	52537	53294	52125	52632	51639	52206	53433	51720	51747	53514	52821	52368	52395	51882	53646	51930	51954	53718	53742	53046	52590	52074	53118	52122	53886	53215	53252	52809	52306	52883	52380	52417	54194	54231	54264	53577	53130	53643	52656	52689	52722	54495	53837	53896	53475	53534	53053	53075	53092	54849	54866	54883	54180	53717	54214	53751	53228	53245	54282	54299	53836	53313	53870	53347	53417	55216	55275	54614	54193	55435	54272	53769	53806	55583	54900	54457	53954	54017	54076	55875	54194	55993	55311	54864	55377	56130	54963	54456	54489	56262	55575	55125	54612	55179	55686	54693	56460	54747	56514	55821	55848	55875	55472	55006	56820	56174	55725	55752	55239	55266	57033	55320	56367	56394	55941	55428	57195	56627	55756	57535	57572	56889	56446	56483	57720	57757	56054	56132	57946	57300	56894	56385	57432	57459	58206	56493	56520	58287	57594	57141	58368	58395	58697	57597	57156	57255	59031	58344	59097	58410	59163	57996	57489	57522	57555	59347	58676	58725	59494	59543	58872	58937	58516	58035	58094	59893	
TRANSPORT_MODE
0	2	4	4	4	4	4	0	0	2	4	4	4	4	4	0	2	4	4	1	1	4	0	0	2	4	4	4	4	4	0	2	2	4	4	4	4	4	0	0	2	4	4	4	4	1	0	0	2	2	4	4	4	4	4	0	0	3	4	4	4	4	4	0	0	4	2	4	4	4	4	0	3	4	4	4	4	4	0	0	4	2	4	4	4	4	0	0	4	3	3	4	4	4	4	0	4	2	4	4	4	4	0	0	4	3	3	4	4	1	1	0	0	4	2	1	4	4	4	0	0	4	4	3	4	4	4	0	1	2	4	1	1	4	0	0	4	4	3	4	4	4	0	4	1	2	4	4	4	1	0	0	4	4	3	1	4	4	0	0	4	4	2	2	4	4	1	0	0	4	4	3	4	4	1	0	4	4	2	2	4	4	4	0	0	4	1	3	4	4	4	0	0	1	4	2	4	4	4	0	4	4	3	4	4	4	4	0	0	1	1	2	4	4	4	0	4	1	3	3	1	4	4	0	0	1	4	2	4	4	1	0	0	4	4	1	3	3	4	4	0	4	1	2	1	4	4	0	0	0	4	4	1	3	4	4	0	1	4	4	2	4	4	4	0	4	1	4	3	4	4	0	0	1	1	1	2	2	4	4	0	0	1	4	1	3	4	4	0	0	4	4	4	2	2	1	4	0	4	1	1	3	4	1	0	0	4	4	1	2	1	1	0	1	4	4	3	4	4	4	0	0	4	4	4	2	4	1	0	0	1	4	4	3	3	1	1	0	1	1	1	2	4	4	0	0	4	4	4	3	3	1	1	0	4	4	4	2	4	4	0	0	1	1	1	3	1	4	0	0	1	4	1	2	4	4	4	0	4	1	1	3	1	4	0	0	4	1	4	2	2	4	4	0	0	1	4	1	3	4	1	0	1	4	4	1	2	2	1	0	0	1	1	4	3	4	4	0	0	1	1	1	2	4	4	0	4	4	1	3	4	4	1	0	4	1	1	2	1	1	0	0	1	4	4	3	3	4	1	0	0	1	4	1	2	1	4	0	0	4	1	1	3	3	4	4	0	4	1	1	2	1	1	0	0	1	4	1	3	1	4	0	4	1	1	2	1	4	1	0	0	4	1	1	3	4	4	0	4	1	4	2	2	1	4	0	0	1	1	1	3	4	1	0	0	1	1	1	2	2	1	1	0	1	4	4	3	1	1	0	0	1	4	4	2	4	1	0	4	4	1	3	1	4	1	0	1	1	1	2	1	1	0	0	1	4	4	3	3	1	1	0	0	1	1	1	2	1	4	0	0	1	1	4	3	3	1	4	4	1	2	1	1	1	0	0	0	1	1	4	3	1	4	0	1	1	2	1	1	1	1	0	4	1	3	1	1	4	0	0	1	1	2	2	4	1	4	0	1	1	3	1	1	1	0	0	4	1	2	2	1	1	1	0	1	1	3	1	4	1	0	0	4	1	2	1	1	1	0	0	4	1	3	1	1	4	1	0	1	4	2	1	1	1	0	1	1	3	3	1	1	1	0	0	4	1	2	1	1	1	0	0	1	1	3	3	4	1	1	0	1	2	1	4	1	1	0	0	1	1	3	1	1	1	0	1	2	1	1	4	1	1	0	1	3	1	1	1	1	0	0	1	2	2	4	1	1	1	0	0	1	3	1	1	1	1	0	1	2	2	1	1	1	1	0	3	4	1	1	1	1	0	0	1	3	1	1	1	1	0	3	1	1	1	1	1	1	0	0	3	1	1	1	1	1	0	3	3	1	1	1	1	1	0	0	3	1	1	1	1	1	0	0	3	3	1	1	1	1	1	0	
DISTANCE_MATRIX
60	360	318	300	288	276	264	264	150	150	150	60	90	90	162	168	204	228	234	312	360	408	348	318	168	192	168	318	
360	60	264	318	324	342	342	342	348	348	354	360	372	378	378	420	420	480	462	498	462	462	384	420	372	420	378	378	
318	264	60	270	276	288	288	288	294	294	294	318	318	324	324	414	414	468	462	486	462	462	330	366	366	408	372	324	
300	318	270	60	276	288	288	288	288	288	288	300	300	312	318	408	408	468	462	486	438	438	318	360	360	402	360	312	
288	324	276	276	60	276	276	276	276	276	276	288	288	300	300	402	396	462	456	480	432	432	300	360	360	402	348	300	
276	342	288	288	276	60	180	180	252	258	264	264	264	288	288	390	390	456	450	480	432	432	288	348	348	348	288	288	
264	342	288	288	276	180	60	180	246	258	264	264	264	288	288	390	390	456	450	480	432	432	288	348	348	348	288	288	
264	342	288	288	276	180	180	60	240	258	264	264	264	288	288	390	390	456	450	480	432	432	288	348	348	348	288	288	
150	348	294	288	276	252	246	240	60	120	120	150	126	270	270	378	384	420	438	480	420	408	276	300	300	300	276	270	
150	348	294	288	276	258	258	258	120	60	120	150	150	270	270	378	384	420	438	480	420	408	276	300	300	300	276	270	
150	354	294	288	276	264	264	264	120	120	60	150	150	270	270	378	384	420	438	480	420	408	276	300	300	300	276	270	
60	360	318	300	288	264	264	264	150	150	150	60	90	162	168	228	234	312	360	408	348	318	168	192	192	198	168	162	
90	372	318	300	288	264	264	264	150	150	150	90	60	162	168	228	234	312	360	408	348	318	168	192	192	198	168	162	
90	378	324	312	300	288	288	288	270	270	270	162	162	60	120	180	180	306	210	360	300	300	120	180	120	180	120	234	
162	378	324	318	300	288	288	288	270	270	270	168	168	120	60	180	180	306	210	360	300	300	120	180	120	180	120	120	
168	420	414	408	402	348	348	348	300	300	300	228	228	180	180	60	132	204	132	348	258	258	186	60	180	132	222	180	
204	420	414	408	396	390	390	390	384	384	384	234	234	180	180	132	60	204	132	348	258	258	186	60	180	132	222	180	
228	480	468	468	462	456	456	456	420	420	420	312	312	306	306	204	204	60	198	120	240	240	306	204	306	138	306	306	
234	462	462	462	456	450	450	450	438	438	438	360	360	210	210	132	132	198	60	138	132	132	210	132	210	132	210	210	
312	498	486	486	480	480	480	480	480	480	480	408	408	360	360	348	348	120	138	60	348	348	360	348	360	348	360	360	
360	462	462	438	432	432	432	432	420	420	420	348	348	300	300	258	258	240	132	348	60	60	300	258	300	258	300	300	
408	462	462	438	432	432	432	432	408	408	408	318	318	300	300	258	258	240	132	348	60	60	300	258	300	258	300	300	
348	384	330	318	300	288	288	288	276	276	276	168	168	120	120	186	186	306	210	360	300	300	60	186	120	186	120	120	
318	420	366	360	360	348	348	348	300	300	300	192	192	180	180	60	60	204	132	348	258	258	186	60	180	60	180	180	
168	372	300	306	300	288	288	288	270	270	270	168	168	120	120	180	180	306	210	360	300	300	120	180	60	180	120	120	
192	420	408	402	402	348	348	348	300	300	300	198	198	180	180	132	132	138	132	348	258	258	186	60	180	60	180	180	
168	378	372	360	348	288	288	288	276	276	276	168	168	120	120	222	222	306	210	360	300	300	120	180	120	180	60	120	
318	378	324	312	300	288	288	288	270	270	270	162	162	234	120	180	180	306	210	360	300	300	120	180	120	180	120	60	
DEPOT_DISTANCE_MATRIX
60	360	318	300	288	276	264	264	150	150	150	60	90	90	162	168	204	228	234	312	360	408	348	318	168	192	168	318	
162	378	324	318	300	288	288	288	270	270	270	168	168	120	60	180	180	306	210	360	300	300	120	180	120	180	120	120	
318	420	366	360	360	348	348	348	300	300	300	192	192	180	180	60	60	204	132	348	258	258	186	60	180	60	180	180	
PATIENT_WEIGHT
114	33	31	126	122	69	142	113	130	147	61	60	32	57	46	68	93	69	59	67	134	80	135	149	33	58	126	72	137	144	78	44	36	30	59	36	93	101	89	46	150	136	120	149	38	50	97	149	140	86	50	118	94	49	109	139	67	83	148	115	71	70	58	132	45	143	94	132	107	58	66	94	39	60	146	143	90	92	82	40	37	79	49	87	72	119	40	116	36	50	111	54	93	136	78	104	47	128	149	83	96	134	60	109	150	123	143	41	47	75	132	59	49	117	93	100	121	33	74	37	60	98	148	123	93	123	36	83	57	75	117	114	86	87	62	93	82	105	130	143	89	41	66	107	147	42	145	35	116	96	125	149	82	117	150	55	112	148	129	38	110	59	137	52	85	46	81	82	56	146	35	95	81	94	122	88	137	136	47	52	123	104	51	51	94	82	103	68	118	86	131	108	80	67	42	118	86	108	92	77	119	36	56	78	47	54	49	99	35	52	37	100	128	39	114	109	117	88	94	125	117	128	147	127	43	44	136	73	88	148	83	129	115	49	70	34	89	39	64	48	43	69	48	148	125	66	35	74	108	88	79	77	127	146	149	149	79	140	99	78	38	125	109	59	135	63	111	62	89	35	61	55	74	38	53	137	150	89	86	80	144	88	118	75	60	42	134	107	65	45	45	50	43	47	149	129	133	40	144	149	137	136	82	75	55	107	77	127	129	38	107	45	133	106	60	100	95	54	62	118	141	69	42	37	38	34	60	147	111	45	48	43	87	63	137	87	69	110	150	142	150	30	36	64	76	94	135	58	48	126	35	149	105	106	92	77	58	66	133	32	68	148	77	106	79	123	31	66	96	90	54	59	108	127	30	66	148	84	138	109	64	101	52	102	135	149	44	35	54	81	69	52	138	86	112	34	113	39	121	96	138	34	148	91	145	120	61	146	31	30	115	79	149	143	137	74	42	93	86	133	109	66	131	47	55	46	79	146	120	85	39	123	149	104	85	146	147	120	98	68	55	97	144	83	124	148	136	34	116	100	148	43	88	59	75	53	104	61	56	129	148	72	108	55	44	86	70	147	121	45	99	82	78	92	86	60	104	34	139	148	99	33	53	97	77	147	51	52	48	101	35	33	60	105	114	126	133	112	138	123	122	119	100	107	58	136	75	96	80	41	146	74	66	127	144	81	32	140	39	112	100	77	41	48	40	101	149	80	48	104	126	110	148	41	132	78	103	133	124	140	87	43	74	81	32	118	51	31	48	48	150	61	113	74	94	48	128	140	45	83	124	110	67	128	113	52	85	65	62	64	30	43	80	76	53	103	54	36	83	32	40	99	60	71	115	79	141	49	32	115	106	102	119	80	76	124	94	31	110	126	74	86	147	140	68	130	136	107	100	133	66	90	52	145	149	56	67	31	122	105	51	94	134	110	126	139	129	47	84	53	132	38	36	37	62	105	86	53	134	89	120	93	139	140	66	71	37	64	72	131	107	148	121	130	67	52	47	61	94	102	56	31	69	98	68	144	94	32	35	35	141	95	34	147	73	64	80	101	149	146	47	58	64	138	87	52	139	106	134	43	140	86	147	139	127	101	105	73	71	68	91	146	32	60	96	110	57	87	45	116	100	113	107	37	80	57	32	106	71	48	119	73	74	137	60	122	77	97	88	139	53	139	62	94	113	101	63	43	32	149	55	132	83	85	56	91	91	119	54	114	99	145	42	73	133	126	116	75	31	63	85	137	148	109	89	45	79	61	136	115	31	110	50	92	34	132	40	88	65	103	69	34	88	88	58	103	132	52	33	93	99	144	77	85	105	37	145	121	34	49	118	
LOCATION_TURN_MATRIX
100	130	122	113	112	199	136	122	129	152	173	146	151	136	158	140	176	113	122	167	194	134	110	172	114	184	100	147	
170	100	154	188	164	169	136	136	152	170	104	183	155	115	101	104	155	187	174	115	149	134	178	168	114	135	168	102	
178	146	100	161	178	114	104	165	117	139	126	169	192	109	120	179	160	152	154	134	113	140	154	179	196	196	192	181	
187	112	139	100	158	114	195	181	104	132	195	106	183	169	132	170	140	136	172	148	116	110	123	136	151	120	176	169	
188	136	122	142	100	175	164	159	112	100	167	164	135	191	132	181	104	123	142	156	108	117	193	182	116	147	156	185	
101	131	186	186	125	100	190	147	164	150	137	102	145	176	185	131	113	108	117	186	118	151	140	178	154	189	172	110	
164	164	196	105	136	110	100	186	153	151	183	193	111	157	144	123	188	142	110	163	105	190	166	187	170	171	186	126	
178	164	135	119	141	153	114	100	106	130	108	103	151	178	122	151	130	133	184	177	110	141	166	110	122	174	191	197	
171	148	183	196	188	136	147	194	100	167	100	146	168	129	128	142	172	118	174	147	105	158	156	160	120	106	119	136	
148	130	161	168	200	150	149	170	133	100	177	106	175	116	188	180	176	194	108	146	130	187	183	173	128	141	169	176	
127	196	174	105	133	163	117	192	200	123	100	171	175	140	183	115	104	186	128	153	151	175	100	146	191	117	132	197	
154	117	131	194	136	198	107	197	154	194	129	100	136	184	140	147	172	184	148	131	103	156	185	200	152	158	154	143	
149	145	108	117	165	155	189	149	132	125	125	164	100	140	199	142	101	144	163	185	117	191	200	143	113	165	102	154	
164	185	191	131	109	124	143	122	171	184	160	116	160	100	109	116	196	113	131	186	166	139	183	175	144	161	105	170	
142	199	180	168	168	115	156	178	172	112	117	160	101	191	100	147	177	177	199	158	172	188	164	175	180	168	154	195	
160	196	121	130	119	169	177	149	158	120	185	153	158	184	153	100	152	159	197	157	181	159	102	123	168	200	124	186	
124	145	140	160	196	187	112	170	128	124	196	128	199	104	123	148	100	149	114	112	117	135	105	132	138	180	198	156	
187	113	148	164	177	192	158	167	182	106	114	116	156	187	123	141	151	100	166	132	168	163	159	123	129	173	161	116	
178	126	146	128	158	183	190	116	126	192	172	152	137	169	101	103	186	134	100	184	199	137	130	160	148	113	140	150	
133	185	166	152	144	114	137	123	153	154	147	169	115	114	142	143	188	168	116	100	111	195	128	157	191	164	141	171	
106	151	187	184	192	182	195	190	195	170	149	197	183	134	128	119	183	132	101	189	100	129	151	163	147	166	104	177	
166	166	160	190	183	149	110	159	142	113	125	144	109	161	112	141	165	137	163	105	171	100	101	185	169	129	103	197	
190	122	146	177	107	160	134	134	144	117	200	115	100	117	136	198	195	141	170	172	149	199	100	106	150	116	118	145	
128	132	121	164	118	122	113	190	140	127	154	100	157	125	125	177	168	177	140	143	137	115	194	100	128	167	115	155	
186	186	104	149	184	146	130	178	180	172	109	148	187	156	120	132	162	171	152	109	153	131	150	172	100	155	124	184	
116	165	104	180	153	111	129	126	194	159	183	142	135	139	132	100	120	127	187	136	134	171	184	133	145	100	129	192	
200	132	108	124	144	128	114	109	181	131	168	146	198	195	146	176	102	139	160	159	196	197	182	185	176	171	100	146	
153	198	119	131	115	190	174	103	164	124	103	157	146	130	105	114	144	184	150	129	123	103	155	145	116	108	154	100	

