INDEX_PROBLEM
1
PATIENTS
800
STRETCHERS
16
NUM_ROOM
28
NUM_DEPOTS
3
NUM_PRIORITY
4
PRIORITY_LIST
0	1	2	3	4	
PRIORITY_WEIGHT
0	1	10	18	30	
PRIORITY_JOB
0	2	2	3	4	4	1	4	2	3	3	4	4	1	2	3	3	4	4	1	2	2	4	4	3	4	4	1	2	3	3	4	4	4	2	2	3	4	4	4	4	4	1	2	3	3	4	3	4	4	2	2	3	4	4	4	4	1	3	1	2	3	4	1	2	4	1	2	3	4	4	1	4	4	1	2	2	3	4	2	4	1	2	3	3	4	1	1	3	4	2	2	3	4	4	2	3	1	2	3	3	4	4	1	4	2	2	3	4	4	4	1	2	3	1	2	3	3	4	1	4	1	2	3	4	4	4	1	2	2	2	3	4	4	1	4	4	1	1	2	3	4	4	4	1	2	2	3	4	4	1	3	4	1	1	2	3	3	4	4	2	4	2	2	3	4	4	3	4	4	1	1	2	3	3	4	3	1	4	1	2	3	4	4	1	1	2	2	3	4	4	2	4	1	2	3	4	4	4	1	4	1	2	2	3	4	4	2	1	1	2	3	3	4	4	4	3	2	1	2	2	3	4	4	1	3	1	2	3	3	4	4	3	4	1	1	2	3	4	4	1	4	2	2	3	4	4	1	2	1	1	2	3	4	4	4	2	1	2	2	3	4	4	4	4	3	1	1	1	2	3	3	4	1	4	4	2	2	3	4	4	3	1	4	1	2	3	3	2	1	4	4	1	2	3	4	1	4	4	1	2	3	3	4	2	4	1	2	3	4	4	1	4	4	1	2	2	3	4	2	3	4	1	2	3	3	4	1	4	1	4	2	2	3	4	4	2	1	4	1	2	3	3	4	3	3	1	1	2	3	4	4	4	1	2	3	3	4	1	4	2	1	4	1	2	3	4	4	2	4	1	2	2	3	1	4	4	1	4	4	1	2	3	3	1	4	4	4	2	2	3	4	3	3	1	4	3	1	2	3	2	4	4	1	1	2	3	4	4	1	4	4	1	2	3	2	4	3	4	1	2	3	4	1	4	4	4	1	2	2	3	2	1	4	4	1	2	3	3	1	3	4	4	4	2	2	3	3	1	3	4	4	1	2	3	3	4	1	4	2	3	2	4	2	2	4	4	1	2	3	3	3	4	1	1	4	4	1	2	3	4	4	4	1	2	1	2	4	4	1	1	3	4	4	1	2	1	3	3	4	4	2	2	3	3	1	3	4	4	1	2	3	1	3	3	4	4	2	2	4	1	3	4	4	1	2	2	4	3	3	4	4	1	2	3	4	1	4	4	4	1	2	2	1	2	3	4	4	1	2	3	3	1	3	4	4	2	2	1	3	3	4	4	4	1	2	3	4	1	1	3	4	2	2	3	2	1	4	4	4	1	2	3	3	3	1	4	1	2	3	4	2	4	4	1	2	2	3	4	4	1	1	4	4	1	2	3	1	3	4	4	2	2	3	4	3	3	4	1	1	4	4	1	2	2	3	3	4	2	2	3	4	4	1	4	4	4	1	2	1	3	3	4	2	1	2	3	4	1	4	4	1	2	2	1	4	3	4	4	1	2	3	3	3	3	1	4	4	2	2	3	1	1	4	4	4	1	2	3	3	3	1	4	2	2	3	4	2	2	4	4	1	2	3	3	4	4	1	4	1	2	3	4	4	4	1	2	2	3	4	4	1	1	1	4	1	2	3	3	3	4	4	2	2	4	3	4	3	4	1	1	4	1	2	3	3	1	4	4	2	2	3	4	4	4	1	4	1	2	3	3	1	1	4	4	1	2	3	1	2	4	4	4	1	2	2	1	2	1	1	3	4	4	1	1	1	2	3	3	4	4	2	1	2	2	1	1	2	3	4	4	1	1	1	2	3	3	4	4	1	2	
TIME_ASKED
0	28800	28800	28800	28800	28800	28800	28800	28800	28800	28800	28800	28800	28800	28800	28800	28800	29545	29574	29603	29632	29661	29690	29742	29784	29826	29868	29910	29952	29994	30029	30058	30087	30116	30145	30174	30203	30232	30261	30290	30329	30358	30387	30416	30445	30474	30503	30532	30561	30590	30621	30642	30663	30684	30705	30726	30747	30768	30789	30810	30831	30852	30873	30894	30949	30998	31047	31096	31145	31194	31227	31254	31281	31308	31335	31362	31389	31416	31443	31470	31497	31524	31548	31572	31596	31620	31644	31668	31692	31716	31740	31764	31788	31837	31874	31911	31948	31985	32022	32059	32096	32159	32218	32277	32336	32395	32419	32438	32457	32476	32495	32514	32533	32552	32571	32590	32609	32628	32647	32666	32685	32759	32818	32877	32936	32995	33027	33054	33081	33108	33135	33162	33189	33216	33243	33270	33297	33333	33366	33399	33432	33465	33498	33531	33564	33597	33616	33632	33648	33664	33680	33696	33712	33728	33744	33760	33776	33792	33808	33824	33840	33856	33872	33888	33933	33966	33999	34032	34065	34098	34131	34164	34197	34242	34284	34326	34368	34410	34452	34494	34533	34566	34599	34632	34665	34698	34731	34764	34797	34827	34854	34881	34908	34935	34962	34989	35016	35043	35070	35097	35137	35174	35211	35248	35285	35322	35359	35396	35433	35466	35499	35532	35565	35598	35631	35664	35697	35723	35746	35769	35792	35815	35838	35861	35884	35907	35930	35953	35976	35999	36023	36046	36069	36092	36115	36138	36161	36184	36207	36230	36253	36276	36299	36327	36354	36381	36408	36435	36462	36489	36516	36543	36570	36597	36619	36638	36657	36676	36695	36714	36733	36752	36771	36790	36809	36828	36847	36866	36885	36949	36998	37047	37096	37145	37194	37259	37318	37377	37436	37495	37549	37598	37647	37696	37745	37794	37827	37854	37881	37908	37935	37962	37989	38016	38043	38070	38097	38123	38146	38169	38192	38215	38238	38261	38284	38307	38330	38353	38376	38399	38419	38438	38457	38476	38495	38514	38533	38552	38571	38590	38609	38628	38647	38666	38685	38742	38784	38826	38868	38910	38952	38994	39029	39058	39087	39116	39145	39174	39203	39232	39261	39290	39349	39398	39447	39496	39545	39594	39633	39666	39699	39732	39765	39798	39831	39864	39897	39937	39974	40011	40048	40085	40122	40159	40196	40242	40284	40326	40368	40410	40452	40494	40542	40584	40626	40668	40710	40752	40794	40849	40898	40947	40996	41045	41094	41133	41166	41199	41232	41265	41298	41331	41364	41397	41423	41446	41469	41492	41515	41538	41561	41584	41607	41630	41653	41676	41699	41749	41798	41847	41896	41945	41994	42099	42198	42297	42342	42384	42426	42468	42510	42552	42594	42699	42798	42897	42923	42946	42969	42992	43015	43038	43061	43084	43107	43130	43153	43176	43199	43237	43274	43311	43348	43385	43422	43459	43496	43549	43598	43647	43696	43745	43794	43899	43998	44097	44159	44218	44277	44336	44395	44459	44518	44577	44636	44695	44799	44898	44997	45033	45066	45099	45132	45165	45198	45231	45264	45297	45337	45374	45411	45448	45485	45522	45559	45596	45637	45674	45711	45748	45785	45822	45859	45896	45959	46018	46077	46136	46195	46249	46298	46347	46396	46445	46494	46537	46574	46611	46648	46685	46722	46759	46796	46821	46842	46863	46884	46905	46926	46947	46968	46989	47010	47031	47052	47073	47094	47199	47298	47397	47437	47474	47511	47548	47585	47622	47659	47696	47737	47774	47811	47848	47885	47922	47959	47996	48049	48098	48147	48196	48245	48294	48324	48348	48372	48396	48420	48444	48468	48492	48516	48540	48564	48588	48627	48654	48681	48708	48735	48762	48789	48816	48843	48870	48897	48937	48974	49011	49048	49085	49122	49159	49196	49233	49266	49299	49332	49365	49398	49431	49464	49497	49537	49574	49611	49648	49685	49722	49759	49796	49827	49854	49881	49908	49935	49962	49989	50016	50043	50070	50097	50149	50198	50247	50296	50345	50394	50424	50448	50472	50496	50520	50544	50568	50592	50616	50640	50664	50688	50737	50774	50811	50848	50885	50922	50959	50996	51027	51054	51081	51108	51135	51162	51189	51216	51243	51270	51297	51324	51348	51372	51396	51420	51444	51468	51492	51516	51540	51564	51588	51637	51674	51711	51748	51785	51822	51859	51896	51933	51966	51999	52032	52065	52098	52131	52164	52197	52259	52318	52377	52436	52495	52517	52534	52551	52568	52585	52602	52619	52636	52653	52670	52687	52704	52721	52738	52755	52772	52789	52859	52918	52977	53036	53095	53137	53174	53211	53248	53285	53322	53359	53396	53459	53518	53577	53636	53695	53733	53766	53799	53832	53865	53898	53931	53964	53997	54027	54054	54081	54108	54135	54162	54189	54216	54243	54270	54297	54374	54448	54522	54596	54627	54654	54681	54708	54735	54762	54789	54816	54843	54870	54897	55049	55198	55237	55274	55311	55348	55385	55422	55459	55496	55574	55648	55722	55796	55827	55854	55881	55908	55935	55962	55989	56016	56043	56070	56097	56399	56499	56598	56697	56733	56766	56799	56832	56865	56898	56931	56964	56997	57049	57098	57147	57196	57245	57294	57359	57418	57477	57536	57595	
ORIGIN
0	16	6	27	19	7	27	27	14	25	23	10	2	23	11	14	4	14	3	23	1	4	4	14	14	14	16	7	27	20	9	9	27	9	1	23	11	14	23	13	2	14	2	3	24	14	14	26	26	6	27	18	7	27	20	8	14	14	17	2	23	12	2	2	14	14	23	14	4	24	12	12	12	12	25	27	19	8	23	14	9	14	23	11	2	14	9	14	14	14	14	24	14	4	5	1	7	27	18	7	27	20	8	8	16	17	2	17	12	2	14	14	25	14	14	4	24	15	4	2	16	26	23	26	3	27	23	11	11	11	10	2	23	14	2	11	14	1	26	27	27	26	20	13	20	20	14	27	20	14	3	13	20	23	27	20	20	23	4	14	14	26	27	24	15	4	23	16	23	26	26	26	14	2	8	14	14	9	15	23	12	2	23	11	11	12	14	14	14	27	14	12	9	9	9	20	8	27	3	7	14	5	4	2	14	13	26	7	14	1	2	14	4	26	14	14	23	14	8	2	14	14	14	1	1	14	14	25	2	23	14	3	14	14	14	27	11	11	14	12	12	14	2	8	27	23	14	16	14	14	14	14	14	14	2	26	20	14	23	7	26	16	1	1	13	1	23	27	14	14	3	2	2	27	26	27	23	13	3	23	2	27	26	16	14	1	25	14	4	8	13	5	23	8	1	27	14	14	14	1	2	27	1	4	1	13	1	27	16	5	26	3	14	14	7	1	3	14	14	14	7	23	1	27	13	2	23	14	3	23	23	23	1	7	14	3	27	23	1	27	8	1	23	10	27	14	7	14	26	14	14	14	14	16	14	2	5	26	7	14	16	14	23	14	14	14	3	10	20	20	14	4	2	23	1	26	20	23	23	23	7	14	1	2	14	13	27	2	1	23	10	1	14	2	23	14	2	14	27	14	2	4	14	4	27	26	23	1	14	2	1	14	14	3	14	3	22	14	14	14	23	14	3	14	26	26	14	14	14	1	20	3	7	27	5	13	23	10	1	14	14	14	23	14	14	27	14	3	27	7	27	23	16	6	27	19	7	14	16	14	2	3	14	16	19	2	2	3	14	3	23	14	19	2	2	2	25	14	14	26	3	3	3	27	9	3	16	11	26	23	14	27	7	14	14	2	2	2	2	2	5	27	18	7	2	2	27	17	14	14	2	23	22	14	26	2	3	23	14	4	14	2	27	25	4	14	26	26	22	14	27	2	1	23	11	2	14	14	14	27	14	14	15	14	14	3	14	23	26	17	7	27	14	14	14	14	2	27	20	24	14	23	16	14	23	14	4	23	15	2	3	14	3	26	26	14	14	27	27	1	23	10	2	14	23	19	14	14	27	27	14	14	26	26	27	26	16	7	27	14	26	26	27	9	9	20	2	2	10	14	4	23	14	3	24	14	4	14	16	27	26	26	14	14	27	15	15	4	10	2	23	12	23	23	23	27	14	14	9	9	14	4	4	1	7	26	19	2	14	23	3	16	20	11	2	2	7	16	23	14	3	24	14	4	14	14	1	26	26	7	27	2	26	11	11	10	1	23	12	2	23	11	11	14	14	14	24	11	27	26	16	6	27	19	7	27	26	14	20	20	20	2	23	14	26	27	14	3	23	14	14	27	13	14	14	14	7	27	20	14	14	12	9	1	23	4	16	23	12	12	12	14	27	24	15	14	1	10	6	27	18	7	27	14	14	14	2	10	2	23	2	2	9	14	3	23	14	4	14	25	14	23	14	7	27	20	1	14	14	9	1	23	11	2	4	14	14	11	14	3	24	14	1	27	11	5	27	18	7	27	20	8	14	14	17	1	23	12	2	16	26	
DESTINATION
0	14	17	2	22	23	2	2	9	14	27	14	14	27	12	25	14	25	14	4	23	14	14	9	9	1	16	20	2	14	14	14	23	14	14	27	15	5	1	7	27	5	27	14	2	26	8	14	14	17	2	27	20	2	14	14	25	16	6	14	27	11	14	27	26	26	3	26	14	2	11	11	11	11	14	2	22	14	1	4	14	26	27	15	14	20	14	9	20	9	9	1	26	14	14	23	13	23	27	20	2	14	14	14	14	6	27	6	11	14	20	8	14	15	26	14	2	14	14	14	14	14	1	14	23	2	27	12	12	12	14	14	27	8	14	12	9	23	14	23	23	3	14	7	14	14	4	2	14	4	26	7	14	27	18	7	7	1	14	8	16	14	23	2	14	14	1	14	1	14	14	14	4	24	14	2	16	14	14	27	11	14	1	12	12	11	10	10	2	23	2	11	14	14	14	14	14	2	26	13	20	14	14	27	20	7	3	13	20	23	27	26	14	3	4	2	27	16	14	24	15	15	16	23	23	26	26	14	14	1	25	14	4	8	15	23	12	12	2	11	11	1	14	14	2	27	1	14	9	9	9	20	8	8	27	3	14	5	1	20	3	14	14	14	7	23	1	2	4	4	26	14	14	23	14	23	1	7	14	3	27	23	14	14	2	23	14	3	14	14	7	14	26	14	14	23	2	16	2	14	27	23	14	14	14	7	14	23	14	14	3	26	20	20	13	23	26	16	1	1	13	1	23	23	7	14	1	2	14	1	27	27	23	13	3	23	2	27	23	2	14	14	27	14	2	4	13	2	23	8	1	1	2	14	1	27	14	3	13	3	14	1	27	16	16	5	26	14	14	14	5	14	14	1	23	3	7	1	27	27	13	2	23	14	3	7	23	27	14	27	14	14	3	27	1	8	27	1	23	10	27	14	16	14	2	3	27	14	16	14	14	16	5	26	26	14	19	2	2	2	1	25	14	10	3	3	4	4	2	23	7	26	20	23	14	7	27	14	14	2	2	2	27	2	1	23	10	14	2	13	2	27	14	17	2	22	23	4	14	2	27	26	1	14	22	14	14	26	25	14	4	26	22	14	14	14	14	3	3	14	26	26	26	23	14	26	14	15	14	27	5	23	13	1	1	14	14	14	14	14	14	2	27	20	24	27	23	6	2	16	27	7	19	2	3	14	14	3	26	14	2	14	2	14	23	3	14	14	19	4	2	14	14	27	15	14	26	26	9	2	9	26	11	26	26	26	16	27	3	9	20	2	2	2	2	5	27	18	7	2	16	27	14	4	3	26	14	27	14	14	26	2	23	14	14	4	26	23	23	14	27	14	14	9	27	22	2	1	23	23	2	2	14	14	23	3	16	20	2	1	14	3	23	17	17	7	27	27	14	16	14	1	26	14	2	26	14	4	14	23	14	14	4	15	23	11	11	14	14	14	27	11	27	27	27	23	10	10	14	14	26	14	14	14	20	14	22	14	26	7	26	16	7	15	27	27	13	14	27	26	14	1	26	14	4	10	23	14	14	20	2	24	14	12	12	14	14	27	11	14	1	15	15	2	10	2	2	12	23	14	14	17	2	22	23	2	14	4	14	7	7	14	27	2	14	23	25	14	5	26	1	2	7	16	16	3	20	2	14	4	4	11	14	14	27	14	14	1	11	11	11	1	23	2	14	2	23	14	17	2	27	23	2	16	26	26	27	14	14	27	27	27	14	25	14	4	26	14	26	14	26	27	3	20	2	14	14	26	4	14	14	27	15	14	14	9	16	12	1	14	1	26	23	23	12	14	2	27	20	2	14	14	26	10	6	14	27	11	14	14	14	
DUE_DATE
0	30427	30476	30045	29554	29603	31392	29707	30776	30345	30394	29903	29952	31727	31036	30585	30614	30103	30132	31901	31210	31239	30248	30300	30882	30384	30426	32208	31530	31092	31127	30616	30645	30674	31723	31752	31301	30790	30819	30848	30887	30916	32685	31994	31543	31572	31061	31630	31119	31148	32199	32220	31761	31242	31263	31284	31305	33066	31887	33108	32409	31950	31431	33192	32527	31556	33345	32674	32243	31752	31785	33552	31839	31866	33633	32940	32967	32514	32001	33048	32055	33822	33126	32670	32694	32178	33942	33966	32790	32274	33318	33342	32886	32395	32432	33489	33046	34283	33600	33157	33194	32717	32776	34575	32894	33973	33997	33536	33015	33034	33053	34812	34111	33650	34869	34168	33707	33726	33205	34964	33243	35057	34396	33975	33494	33553	33585	35352	34659	34686	34713	34260	33747	33774	35541	33828	33855	35631	35664	34977	34530	34023	34056	34089	35862	35175	35194	34730	34206	34222	35978	34794	34270	36026	36042	35338	34874	34890	34366	34382	35418	34414	35450	35466	35031	34524	34557	35130	34623	34656	36429	36462	35775	35340	35382	34884	35466	36708	35010	36792	36111	35664	35157	35190	36963	36996	36309	36342	35895	35385	35412	36459	35466	37233	36540	36087	35574	35601	35628	37395	35695	37472	36789	36826	36383	35880	35917	36974	37731	37764	37077	36630	36663	36156	36189	36222	36795	37301	38044	37347	37370	36913	36396	36419	38182	37005	38228	37531	37074	37097	36581	36604	37167	36650	38413	38436	37739	37282	36765	36788	38551	36834	37877	37905	37452	36939	36966	38733	38040	38787	38814	38121	37668	37155	37177	37196	38235	38974	38273	38292	37831	37310	37329	37348	37367	37926	39145	39164	39183	38527	38096	38145	37654	39443	37752	37817	38896	38955	38534	38053	38107	38696	39945	38254	40043	39372	38925	38952	39459	40206	38493	38520	40287	39594	39141	38628	40395	38681	38704	40467	39770	39313	39336	38819	39862	38865	40628	39931	39474	38957	38977	40736	39015	39034	40793	40092	40111	39650	39129	40168	39707	39186	40945	40244	39783	39840	39342	41124	39426	41208	39510	40572	40607	40156	39645	39674	40723	41472	39761	41530	40839	40388	40447	39956	40545	40594	41843	41892	41211	40764	40257	40290	40323	42096	41409	40962	40995	40495	42272	40569	41626	42383	40680	42457	41774	41340	40842	40884	41946	40968	42750	42072	42120	41682	42924	41226	41268	43050	41352	41407	43196	42525	42094	42143	43392	41691	41724	41757	42810	42843	42396	41889	42462	42495	43721	42004	42567	43790	43093	42636	43139	42142	42165	43928	43951	43254	42797	42307	42356	44145	42454	42503	44292	43677	43296	43875	42900	43482	42984	44766	44088	43650	43152	44997	43356	43455	43481	45244	44547	44570	44113	44616	45359	43642	43665	45428	44731	44274	44297	45535	44372	43869	43906	43943	45000	45037	44594	44647	45896	44745	44254	44303	46092	45477	45096	45195	44717	46516	44835	45914	45493	46037	45076	46155	46214	45253	45357	47196	46575	46131	46164	46197	45690	47463	47496	45789	45822	47595	46915	46472	45969	46006	46043	47820	47137	47894	47215	46232	46269	48046	48083	46920	46417	46454	48257	47596	48375	47234	47293	46807	46856	47925	47974	47543	47592	48835	47672	47169	47206	48983	48300	47857	49094	47919	47940	47421	47442	48483	48504	47505	49266	48087	47568	47589	49350	48651	48672	47757	48396	48495	47995	48032	49809	49126	48683	48180	49957	48254	48295	48332	50109	49426	49463	50220	49537	49094	48607	48656	50445	49774	49343	49392	50622	49446	48930	48954	49998	50022	50766	49590	49614	49098	49122	49146	50925	50232	49779	49266	51033	51060	49887	49374	50421	50448	49995	50515	51272	49569	49606	49643	51420	50737	50294	50331	50364	51597	49890	51663	50976	50529	50022	51075	50095	50132	51909	51226	51263	50820	50317	50354	52125	52152	50439	50466	52233	51540	51087	52314	51141	50628	50655	51727	51776	51345	50854	51443	51492	50982	52746	52770	51054	51078	52842	52146	52170	51714	51738	51222	52266	52315	51872	51369	51406	53183	51480	51517	51554	53325	52632	53379	52206	52233	51720	52767	53514	52821	52368	51855	53622	51906	51930	53694	52998	53022	53766	52050	52614	52098	52122	53886	53215	52772	52809	52846	52883	54120	52417	52454	53511	53544	53097	54330	54363	52656	52689	52722	54495	53837	53416	53475	53534	54793	53075	54112	54129	53666	53143	54180	54197	53194	53211	54968	54265	53802	53819	53296	53313	55070	53347	55157	54496	54075	53594	53653	53695	55472	54789	54826	54383	53880	53917	55694	55757	55816	54135	55934	55273	54831	54864	54897	54390	54423	55476	55509	54522	55095	54585	55152	54639	56406	56433	54720	56487	55794	55341	55368	56595	54932	55006	56100	56174	55725	55212	55239	55266	57033	55320	57087	56394	55941	55968	57195	57347	55756	55795	57572	56889	56446	57683	57000	56017	56054	56132	57946	57300	57374	58125	57432	58179	58206	57033	56520	56547	58314	58341	58368	57675	57497	57597	57156	57255	58311	59064	58377	58410	59163	59196	58509	58062	57555	57607	59396	59445	59494	58823	58392	58457	57976	58035	59834	59173	
TRANSPORT_MODE
0	2	4	4	4	4	4	0	2	4	4	4	4	4	2	0	1	4	4	4	4	2	0	0	2	4	4	4	4	4	2	0	4	4	4	4	4	2	0	0	2	4	4	4	4	4	2	0	0	4	4	4	4	4	4	0	0	3	4	4	4	4	4	0	0	2	4	4	1	1	4	3	0	4	4	1	4	4	2	0	4	2	4	4	4	1	0	3	0	4	4	1	4	4	4	0	0	2	2	4	4	4	4	3	0	1	4	4	4	4	1	0	0	0	2	4	4	4	4	4	0	3	4	4	1	4	4	2	0	4	4	4	4	4	4	0	0	3	3	4	4	4	4	2	0	4	4	4	4	4	4	0	0	3	3	4	4	4	4	2	0	1	1	1	4	4	1	0	0	0	3	4	4	1	4	4	0	0	2	4	4	4	4	1	4	3	4	1	1	4	4	0	0	2	2	4	4	4	4	3	0	1	4	4	4	4	1	0	0	2	2	4	4	4	1	4	0	0	3	1	4	4	4	1	0	0	2	4	4	4	4	4	0	0	3	4	4	4	4	1	1	0	2	4	4	1	1	4	0	3	3	4	4	1	1	2	0	4	4	4	4	1	4	0	0	0	3	3	4	4	1	4	2	0	1	4	4	1	1	4	0	0	3	1	4	4	4	4	0	0	2	4	4	1	4	1	3	0	4	4	1	4	4	1	0	2	2	1	1	4	4	3	0	4	4	4	1	4	1	0	0	2	2	4	4	4	1	3	0	0	4	1	1	1	4	4	0	0	2	4	4	4	1	1	0	0	3	4	1	1	4	4	2	1	4	1	4	4	3	0	0	3	1	4	4	1	4	2	0	1	1	4	1	1	3	0	0	3	1	4	1	4	4	2	0	0	1	4	4	4	4	4	0	0	3	4	1	1	1	4	0	2	1	0	1	1	1	4	0	3	1	4	4	1	4	0	0	2	2	1	1	4	1	3	0	4	4	4	1	4	1	0	0	2	2	1	1	4	4	3	0	1	1	1	4	4	1	0	0	0	2	1	4	1	1	4	0	3	1	4	4	1	4	0	0	2	4	1	4	1	1	0	0	3	3	1	1	4	1	2	1	1	1	1	1	0	4	0	0	3	3	4	1	1	4	1	0	2	4	4	1	4	4	0	0	3	1	1	4	1	1	0	0	2	1	1	1	1	1	0	3	4	4	1	1	1	0	0	2	4	1	1	4	1	4	0	3	1	4	4	4	1	0	0	2	2	1	1	1	1	1	0	3	4	1	4	1	1	0	0	2	2	1	1	1	1	4	0	0	3	1	1	4	1	1	0	0	2	4	1	4	4	1	0	4	3	1	1	4	1	1	0	2	1	1	1	1	1	0	0	3	3	1	4	1	4	1	0	2	1	1	1	4	1	0	0	0	1	3	3	4	1	1	4	0	2	1	1	1	1	1	0	0	3	1	1	1	4	4	0	1	2	1	0	1	1	1	1	3	4	1	1	1	1	0	0	2	2	4	4	1	1	1	0	0	3	1	1	1	1	1	0	0	2	2	1	4	1	1	1	0	3	1	1	1	1	4	0	0	2	1	1	1	4	1	0	0	3	1	1	1	1	1	1	2	1	1	1	4	1	0	0	3	3	1	1	1	1	1	0	2	1	1	4	0	1	1	0	0	3	3	1	1	1	1	1	0	2	1	1	1	1	1	0	0	3	1	4	1	1	1	0	3	1	1	1	1	1	3	0	1	1	4	1	1	1	0	0	3	3	1	1	1	1	3	0	1	1	1	1	1	1	0	0	0	3	3	1	1	1	1	1	0	3	1	1	1	1	1	0	0	
DISTANCE_MATRIX
60	360	318	300	288	276	264	264	150	150	150	60	90	90	162	168	204	228	234	312	360	408	348	318	168	192	168	318	
360	60	264	318	324	342	342	342	348	348	354	360	372	378	378	420	420	480	462	498	462	462	384	420	372	420	378	378	
318	264	60	270	276	288	288	288	294	294	294	318	318	324	324	414	414	468	462	486	462	462	330	366	366	408	372	324	
300	318	270	60	276	288	288	288	288	288	288	300	300	312	318	408	408	468	462	486	438	438	318	360	360	402	360	312	
288	324	276	276	60	276	276	276	276	276	276	288	288	300	300	402	396	462	456	480	432	432	300	360	360	402	348	300	
276	342	288	288	276	60	180	180	252	258	264	264	264	288	288	390	390	456	450	480	432	432	288	348	348	348	288	288	
264	342	288	288	276	180	60	180	246	258	264	264	264	288	288	390	390	456	450	480	432	432	288	348	348	348	288	288	
264	342	288	288	276	180	180	60	240	258	264	264	264	288	288	390	390	456	450	480	432	432	288	348	348	348	288	288	
150	348	294	288	276	252	246	240	60	120	120	150	126	270	270	378	384	420	438	480	420	408	276	300	300	300	276	270	
150	348	294	288	276	258	258	258	120	60	120	150	150	270	270	378	384	420	438	480	420	408	276	300	300	300	276	270	
150	354	294	288	276	264	264	264	120	120	60	150	150	270	270	378	384	420	438	480	420	408	276	300	300	300	276	270	
60	360	318	300	288	264	264	264	150	150	150	60	90	162	168	228	234	312	360	408	348	318	168	192	192	198	168	162	
90	372	318	300	288	264	264	264	150	150	150	90	60	162	168	228	234	312	360	408	348	318	168	192	192	198	168	162	
90	378	324	312	300	288	288	288	270	270	270	162	162	60	120	180	180	306	210	360	300	300	120	180	120	180	120	234	
162	378	324	318	300	288	288	288	270	270	270	168	168	120	60	180	180	306	210	360	300	300	120	180	120	180	120	120	
168	420	414	408	402	348	348	348	300	300	300	228	228	180	180	60	132	204	132	348	258	258	186	60	180	132	222	180	
204	420	414	408	396	390	390	390	384	384	384	234	234	180	180	132	60	204	132	348	258	258	186	60	180	132	222	180	
228	480	468	468	462	456	456	456	420	420	420	312	312	306	306	204	204	60	198	120	240	240	306	204	306	138	306	306	
234	462	462	462	456	450	450	450	438	438	438	360	360	210	210	132	132	198	60	138	132	132	210	132	210	132	210	210	
312	498	486	486	480	480	480	480	480	480	480	408	408	360	360	348	348	120	138	60	348	348	360	348	360	348	360	360	
360	462	462	438	432	432	432	432	420	420	420	348	348	300	300	258	258	240	132	348	60	60	300	258	300	258	300	300	
408	462	462	438	432	432	432	432	408	408	408	318	318	300	300	258	258	240	132	348	60	60	300	258	300	258	300	300	
348	384	330	318	300	288	288	288	276	276	276	168	168	120	120	186	186	306	210	360	300	300	60	186	120	186	120	120	
318	420	366	360	360	348	348	348	300	300	300	192	192	180	180	60	60	204	132	348	258	258	186	60	180	60	180	180	
168	372	300	306	300	288	288	288	270	270	270	168	168	120	120	180	180	306	210	360	300	300	120	180	60	180	120	120	
192	420	408	402	402	348	348	348	300	300	300	198	198	180	180	132	132	138	132	348	258	258	186	60	180	60	180	180	
168	378	372	360	348	288	288	288	276	276	276	168	168	120	120	222	222	306	210	360	300	300	120	180	120	180	60	120	
318	378	324	312	300	288	288	288	270	270	270	162	162	234	120	180	180	306	210	360	300	300	120	180	120	180	120	60	
DEPOT_DISTANCE_MATRIX
60	360	318	300	288	276	264	264	150	150	150	60	90	90	162	168	204	228	234	312	360	408	348	318	168	192	168	318	
162	378	324	318	300	288	288	288	270	270	270	168	168	120	60	180	180	306	210	360	300	300	120	180	120	180	120	120	
318	420	366	360	360	348	348	348	300	300	300	192	192	180	180	60	60	204	132	348	258	258	186	60	180	60	180	180	
PATIENT_WEIGHT
88	125	78	125	134	135	119	118	138	61	116	52	50	130	67	53	38	30	57	81	34	96	119	32	148	110	86	149	90	63	88	139	113	31	50	50	107	137	121	33	98	139	74	85	125	144	80	100	113	102	89	100	38	41	116	97	107	118	116	113	120	79	58	64	124	43	61	119	66	51	31	84	47	90	85	74	50	49	105	40	92	89	41	55	109	79	129	104	45	80	113	99	54	100	141	149	125	39	77	102	80	50	131	135	40	50	146	83	52	40	119	97	127	127	97	92	44	30	78	124	134	78	95	106	38	81	83	48	59	32	146	116	145	47	31	139	144	33	93	147	112	93	85	67	73	132	134	124	111	50	106	84	110	126	114	104	124	63	62	128	61	117	71	30	32	120	49	43	39	115	33	43	122	49	94	35	129	58	86	65	146	108	119	116	37	38	85	123	149	117	118	118	33	50	62	66	93	79	39	67	72	33	132	147	149	136	138	100	98	33	143	83	122	31	97	48	50	65	68	33	127	123	75	80	65	43	65	79	147	129	98	87	125	96	52	134	30	63	80	132	102	72	42	45	97	42	98	118	33	56	97	67	104	33	120	134	104	81	72	78	141	129	56	120	72	126	140	121	93	120	32	89	61	43	141	80	34	82	72	85	67	128	133	123	136	81	76	148	132	77	43	129	59	71	127	44	66	42	85	115	74	40	97	70	137	138	132	63	94	149	150	137	117	110	45	71	73	41	135	60	33	147	71	116	106	107	60	67	91	95	100	93	64	144	36	139	68	39	31	40	139	61	39	126	91	50	50	124	134	81	107	44	115	133	91	128	111	115	112	45	30	83	149	121	102	106	42	104	88	95	140	62	112	83	81	69	84	88	54	32	141	134	100	118	36	109	35	92	147	140	125	122	93	51	136	88	130	39	116	94	70	43	82	80	93	53	92	39	73	86	68	54	38	96	36	36	68	65	78	101	98	124	139	42	36	48	48	68	118	67	150	37	91	103	103	37	126	93	85	109	33	98	120	150	84	90	84	96	134	101	111	31	35	82	106	97	70	94	118	31	98	60	67	82	131	140	84	46	79	52	81	41	68	33	94	122	33	87	99	144	66	102	111	101	51	107	145	115	76	101	59	35	100	122	71	139	35	73	31	131	37	62	51	90	133	54	32	143	46	104	106	51	109	46	144	73	109	80	61	70	65	62	99	102	61	57	88	62	120	120	66	131	128	67	50	104	48	145	37	30	122	36	62	54	57	42	124	41	83	56	136	44	80	98	82	55	113	56	34	60	83	71	104	33	63	59	47	140	124	38	131	146	150	132	32	76	107	149	61	85	55	95	40	146	121	83	73	33	80	137	83	101	131	147	89	44	75	84	68	115	136	122	61	58	117	124	34	103	134	59	34	118	140	36	51	30	102	40	92	108	106	54	52	132	84	127	111	109	47	146	39	93	83	101	135	82	56	79	108	118	97	88	37	95	64	106	138	45	40	82	106	80	43	81	55	114	100	89	79	58	52	115	80	150	130	106	92	78	122	52	67	150	95	33	66	106	87	99	36	47	77	44	128	61	34	78	120	122	136	110	143	116	120	125	71	111	136	98	131	94	131	121	149	137	136	31	128	134	51	56	118	67	52	107	104	86	88	75	87	80	106	145	50	56	117	150	97	76	112	87	134	48	104	139	92	43	123	33	116	76	31	106	44	120	42	61	149	57	143	107	34	61	92	59	86	71	102	66	143	73	41	93	99	86	107	145	123	46	103	136	72	119	47	70	36	148	116	82	111	128	44	35	143	94	104	86	145	136	45	122	109	135	124	76	150	85	140	35	91	113	48	
LOCATION_TURN_MATRIX
100	130	122	113	112	199	136	122	129	152	173	146	151	136	158	140	176	113	122	167	194	134	110	172	114	184	100	147	
170	100	154	188	164	169	136	136	152	170	104	183	155	115	101	104	155	187	174	115	149	134	178	168	114	135	168	102	
178	146	100	161	178	114	104	165	117	139	126	169	192	109	120	179	160	152	154	134	113	140	154	179	196	196	192	181	
187	112	139	100	158	114	195	181	104	132	195	106	183	169	132	170	140	136	172	148	116	110	123	136	151	120	176	169	
188	136	122	142	100	175	164	159	112	100	167	164	135	191	132	181	104	123	142	156	108	117	193	182	116	147	156	185	
101	131	186	186	125	100	190	147	164	150	137	102	145	176	185	131	113	108	117	186	118	151	140	178	154	189	172	110	
164	164	196	105	136	110	100	186	153	151	183	193	111	157	144	123	188	142	110	163	105	190	166	187	170	171	186	126	
178	164	135	119	141	153	114	100	106	130	108	103	151	178	122	151	130	133	184	177	110	141	166	110	122	174	191	197	
171	148	183	196	188	136	147	194	100	167	100	146	168	129	128	142	172	118	174	147	105	158	156	160	120	106	119	136	
148	130	161	168	200	150	149	170	133	100	177	106	175	116	188	180	176	194	108	146	130	187	183	173	128	141	169	176	
127	196	174	105	133	163	117	192	200	123	100	171	175	140	183	115	104	186	128	153	151	175	100	146	191	117	132	197	
154	117	131	194	136	198	107	197	154	194	129	100	136	184	140	147	172	184	148	131	103	156	185	200	152	158	154	143	
149	145	108	117	165	155	189	149	132	125	125	164	100	140	199	142	101	144	163	185	117	191	200	143	113	165	102	154	
164	185	191	131	109	124	143	122	171	184	160	116	160	100	109	116	196	113	131	186	166	139	183	175	144	161	105	170	
142	199	180	168	168	115	156	178	172	112	117	160	101	191	100	147	177	177	199	158	172	188	164	175	180	168	154	195	
160	196	121	130	119	169	177	149	158	120	185	153	158	184	153	100	152	159	197	157	181	159	102	123	168	200	124	186	
124	145	140	160	196	187	112	170	128	124	196	128	199	104	123	148	100	149	114	112	117	135	105	132	138	180	198	156	
187	113	148	164	177	192	158	167	182	106	114	116	156	187	123	141	151	100	166	132	168	163	159	123	129	173	161	116	
178	126	146	128	158	183	190	116	126	192	172	152	137	169	101	103	186	134	100	184	199	137	130	160	148	113	140	150	
133	185	166	152	144	114	137	123	153	154	147	169	115	114	142	143	188	168	116	100	111	195	128	157	191	164	141	171	
106	151	187	184	192	182	195	190	195	170	149	197	183	134	128	119	183	132	101	189	100	129	151	163	147	166	104	177	
166	166	160	190	183	149	110	159	142	113	125	144	109	161	112	141	165	137	163	105	171	100	101	185	169	129	103	197	
190	122	146	177	107	160	134	134	144	117	200	115	100	117	136	198	195	141	170	172	149	199	100	106	150	116	118	145	
128	132	121	164	118	122	113	190	140	127	154	100	157	125	125	177	168	177	140	143	137	115	194	100	128	167	115	155	
186	186	104	149	184	146	130	178	180	172	109	148	187	156	120	132	162	171	152	109	153	131	150	172	100	155	124	184	
116	165	104	180	153	111	129	126	194	159	183	142	135	139	132	100	120	127	187	136	134	171	184	133	145	100	129	192	
200	132	108	124	144	128	114	109	181	131	168	146	198	195	146	176	102	139	160	159	196	197	182	185	176	171	100	146	
153	198	119	131	115	190	174	103	164	124	103	157	146	130	105	114	144	184	150	129	123	103	155	145	116	108	154	100	

