INDEX_PROBLEM
1
PATIENTS
800
STRETCHERS
16
NUM_ROOM
28
NUM_DEPOTS
3
NUM_PRIORITY
4
PRIORITY_LIST
0	1	2	3	4	
PRIORITY_WEIGHT
0	1	10	18	30	
PRIORITY_JOB
0	1	2	3	4	2	3	4	3	2	3	4	1	2	4	4	3	3	4	2	2	4	3	3	4	3	4	1	2	3	4	3	4	4	4	1	2	3	3	4	4	4	1	2	3	3	3	4	3	4	1	2	3	4	4	3	4	1	4	2	2	3	1	2	1	1	1	2	3	4	4	3	4	1	2	2	3	2	1	2	3	4	1	2	3	4	4	4	3	1	4	1	2	3	2	1	2	4	1	2	3	3	4	3	4	3	1	4	1	2	3	1	2	1	4	4	2	2	3	4	3	4	1	1	2	3	4	2	1	1	4	2	2	3	3	3	4	4	1	4	1	2	3	2	1	2	4	4	1	2	3	3	4	3	1	4	1	2	3	2	1	2	3	4	1	2	3	4	3	4	1	4	2	3	3	1	2	1	3	4	1	2	3	4	4	3	3	1	2	2	3	2	1	1	4	1	2	3	4	4	4	3	1	4	1	2	3	2	1	2	4	1	2	3	3	4	3	3	1	4	1	2	3	2	1	2	1	4	4	2	3	3	4	4	3	1	1	2	3	4	2	1	1	4	2	2	3	3	4	3	4	1	4	1	2	3	2	1	2	4	4	1	2	3	4	3	4	1	4	1	2	3	1	2	2	3	4	1	2	3	3	3	4	1	4	2	3	3	1	1	2	4	1	2	3	3	4	4	3	1	2	2	3	1	2	1	1	4	1	2	3	4	4	3	4	1	4	1	2	3	2	2	1	4	1	2	3	3	3	4	3	1	4	1	2	3	2	1	2	4	2	3	3	4	4	3	4	3	1	1	2	3	4	1	2	2	2	3	4	4	3	3	1	1	1	2	3	4	2	1	1	4	1	2	3	4	4	3	4	1	4	1	2	3	2	1	2	3	4	1	2	3	3	3	4	1	4	4	2	3	2	1	2	3	1	2	3	4	1	3	4	1	2	2	4	1	2	1	3	3	1	2	3	4	3	4	4	1	4	1	2	1	2	1	2	3	4	1	2	3	3	4	3	3	1	4	1	2	2	1	2	3	4	2	3	3	3	4	4	4	1	1	2	3	1	2	1	4	2	2	3	3	3	4	4	1	1	2	3	1	2	1	4	4	1	2	3	4	3	4	3	1	4	1	2	2	1	2	3	4	4	1	2	3	3	4	1	3	1	4	2	3	2	1	2	3	4	1	2	3	4	3	4	2	2	3	1	2	1	3	4	1	2	3	4	4	3	4	1	4	1	2	1	2	1	2	3	4	1	2	3	3	4	3	4	1	4	1	2	2	1	2	3	4	2	3	3	3	4	4	1	1	2	3	4	2	1	2	4	2	2	3	3	3	4	3	1	1	2	3	4	1	1	4	1	2	3	4	3	4	2	4	1	1	2	3	1	2	1	4	4	1	2	3	4	3	4	4	1	1	2	3	2	2	2	1	3	4	1	2	3	3	4	4	2	2	3	2	1	1	3	4	1	2	3	4	3	4	4	1	4	2	2	2	1	2	1	3	4	1	2	3	3	4	4	4	1	4	1	2	2	2	1	3	4	1	2	3	3	4	3	3	1	1	2	3	2	1	4	4	2	2	3	3	4	3	1	1	1	2	3	4	2	1	2	4	2	2	3	4	3	4	4	4	1	1	2	3	2	1	2	4	4	1	2	3	3	4	4	4	1	1	2	3	2	1	2	3	1	2	3	4	3	3	4	1	4	2	2	3	1	1	2	1	1	2	3	4	1	2	1	1	4	2	2	2	2	2	1	1	3	4	1	2	1	1	2	1	3	4	4	1	1	2	2	1	2	3	4	1	1	2	2	1	2	3	3	4	1	2	1	
TIME_ASKED
0	28800	28800	28800	28800	28800	28800	28800	28800	28800	28800	28800	28800	28800	28800	28800	28800	29545	29574	29603	29632	29661	29690	29742	29784	29826	29868	29910	29952	29994	30029	30058	30087	30116	30145	30174	30203	30232	30261	30290	30329	30358	30387	30416	30445	30474	30503	30532	30561	30590	30621	30642	30663	30684	30705	30726	30747	30768	30789	30810	30831	30852	30873	30894	30949	30998	31047	31096	31145	31194	31227	31254	31281	31308	31335	31362	31389	31416	31443	31470	31497	31524	31548	31572	31596	31620	31644	31668	31692	31716	31740	31764	31788	31837	31874	31911	31948	31985	32022	32059	32096	32159	32218	32277	32336	32395	32419	32438	32457	32476	32495	32514	32533	32552	32571	32590	32609	32628	32647	32666	32685	32759	32818	32877	32936	32995	33027	33054	33081	33108	33135	33162	33189	33216	33243	33270	33297	33333	33366	33399	33432	33465	33498	33531	33564	33597	33616	33632	33648	33664	33680	33696	33712	33728	33744	33760	33776	33792	33808	33824	33840	33856	33872	33888	33933	33966	33999	34032	34065	34098	34131	34164	34197	34242	34284	34326	34368	34410	34452	34494	34533	34566	34599	34632	34665	34698	34731	34764	34797	34827	34854	34881	34908	34935	34962	34989	35016	35043	35070	35097	35137	35174	35211	35248	35285	35322	35359	35396	35433	35466	35499	35532	35565	35598	35631	35664	35697	35723	35746	35769	35792	35815	35838	35861	35884	35907	35930	35953	35976	35999	36023	36046	36069	36092	36115	36138	36161	36184	36207	36230	36253	36276	36299	36327	36354	36381	36408	36435	36462	36489	36516	36543	36570	36597	36619	36638	36657	36676	36695	36714	36733	36752	36771	36790	36809	36828	36847	36866	36885	36949	36998	37047	37096	37145	37194	37259	37318	37377	37436	37495	37549	37598	37647	37696	37745	37794	37827	37854	37881	37908	37935	37962	37989	38016	38043	38070	38097	38123	38146	38169	38192	38215	38238	38261	38284	38307	38330	38353	38376	38399	38419	38438	38457	38476	38495	38514	38533	38552	38571	38590	38609	38628	38647	38666	38685	38742	38784	38826	38868	38910	38952	38994	39029	39058	39087	39116	39145	39174	39203	39232	39261	39290	39349	39398	39447	39496	39545	39594	39633	39666	39699	39732	39765	39798	39831	39864	39897	39937	39974	40011	40048	40085	40122	40159	40196	40242	40284	40326	40368	40410	40452	40494	40542	40584	40626	40668	40710	40752	40794	40849	40898	40947	40996	41045	41094	41133	41166	41199	41232	41265	41298	41331	41364	41397	41423	41446	41469	41492	41515	41538	41561	41584	41607	41630	41653	41676	41699	41749	41798	41847	41896	41945	41994	42099	42198	42297	42342	42384	42426	42468	42510	42552	42594	42699	42798	42897	42923	42946	42969	42992	43015	43038	43061	43084	43107	43130	43153	43176	43199	43237	43274	43311	43348	43385	43422	43459	43496	43549	43598	43647	43696	43745	43794	43899	43998	44097	44159	44218	44277	44336	44395	44459	44518	44577	44636	44695	44799	44898	44997	45033	45066	45099	45132	45165	45198	45231	45264	45297	45337	45374	45411	45448	45485	45522	45559	45596	45637	45674	45711	45748	45785	45822	45859	45896	45959	46018	46077	46136	46195	46249	46298	46347	46396	46445	46494	46537	46574	46611	46648	46685	46722	46759	46796	46821	46842	46863	46884	46905	46926	46947	46968	46989	47010	47031	47052	47073	47094	47199	47298	47397	47437	47474	47511	47548	47585	47622	47659	47696	47737	47774	47811	47848	47885	47922	47959	47996	48049	48098	48147	48196	48245	48294	48324	48348	48372	48396	48420	48444	48468	48492	48516	48540	48564	48588	48627	48654	48681	48708	48735	48762	48789	48816	48843	48870	48897	48937	48974	49011	49048	49085	49122	49159	49196	49233	49266	49299	49332	49365	49398	49431	49464	49497	49537	49574	49611	49648	49685	49722	49759	49796	49827	49854	49881	49908	49935	49962	49989	50016	50043	50070	50097	50149	50198	50247	50296	50345	50394	50424	50448	50472	50496	50520	50544	50568	50592	50616	50640	50664	50688	50737	50774	50811	50848	50885	50922	50959	50996	51027	51054	51081	51108	51135	51162	51189	51216	51243	51270	51297	51324	51348	51372	51396	51420	51444	51468	51492	51516	51540	51564	51588	51637	51674	51711	51748	51785	51822	51859	51896	51933	51966	51999	52032	52065	52098	52131	52164	52197	52259	52318	52377	52436	52495	52517	52534	52551	52568	52585	52602	52619	52636	52653	52670	52687	52704	52721	52738	52755	52772	52789	52859	52918	52977	53036	53095	53137	53174	53211	53248	53285	53322	53359	53396	53459	53518	53577	53636	53695	53733	53766	53799	53832	53865	53898	53931	53964	53997	54027	54054	54081	54108	54135	54162	54189	54216	54243	54270	54297	54374	54448	54522	54596	54627	54654	54681	54708	54735	54762	54789	54816	54843	54870	54897	55049	55198	55237	55274	55311	55348	55385	55422	55459	55496	55574	55648	55722	55796	55827	55854	55881	55908	55935	55962	55989	56016	56043	56070	56097	56399	56499	56598	56697	56733	56766	56799	56832	56865	56898	56931	56964	56997	57049	57098	57147	57196	57245	57294	57359	57418	57477	57536	57595	
ORIGIN
0	16	6	27	19	25	27	23	25	25	23	10	2	14	14	14	14	14	3	23	13	14	26	16	14	14	16	7	9	9	27	7	8	9	1	23	14	14	23	2	14	14	14	3	2	14	14	14	8	6	27	18	7	27	20	8	26	14	10	2	23	14	2	26	14	9	23	14	4	14	8	12	14	5	7	27	9	9	3	14	14	14	23	11	2	14	14	23	14	14	3	24	7	5	1	24	5	1	18	7	27	27	20	1	12	14	17	23	12	2	14	14	14	14	14	4	24	15	4	14	16	26	3	14	7	14	14	11	2	16	10	2	23	4	14	14	27	14	26	26	14	27	14	16	27	9	7	27	20	14	14	27	13	14	23	27	2	2	14	14	14	11	4	24	15	4	26	16	20	27	26	26	14	14	14	1	14	14	24	23	12	2	25	14	14	1	14	14	27	14	8	8	5	23	1	20	8	23	13	13	5	27	20	2	14	5	4	23	7	5	27	14	4	16	8	5	1	14	14	14	20	14	3	14	14	2	9	25	2	23	14	3	26	14	14	11	27	11	14	25	16	23	10	8	27	23	14	23	27	4	26	14	14	2	7	7	7	14	23	4	26	4	5	14	17	2	14	23	3	14	14	14	14	14	16	2	23	13	3	23	10	10	6	14	14	25	25	14	14	26	3	23	23	8	23	14	10	2	25	14	2	1	1	1	23	14	14	17	16	5	1	9	14	1	2	14	14	14	14	2	9	14	5	23	13	2	27	14	5	14	14	14	1	7	14	3	14	14	17	2	8	1	23	10	26	14	12	27	27	14	4	10	14	4	14	6	5	26	25	6	14	26	14	6	6	14	23	14	26	14	27	13	2	23	14	1	20	26	2	1	1	14	14	26	14	2	4	14	1	23	10	1	14	14	17	14	14	14	27	14	14	4	11	4	26	1	11	7	23	14	14	10	17	3	14	17	2	14	14	17	23	14	3	16	14	14	9	9	7	26	26	23	7	14	14	14	23	10	1	3	14	24	2	8	2	14	14	5	5	5	9	2	16	6	27	19	7	27	22	3	3	14	20	26	26	25	26	23	14	3	23	14	14	26	15	6	6	1	14	26	26	14	13	23	9	26	14	11	26	13	4	27	27	14	14	26	2	14	8	8	5	27	18	7	20	14	2	17	14	2	22	23	23	2	2	2	3	23	14	25	24	14	1	1	14	4	26	10	14	14	14	9	1	23	11	14	23	14	7	27	14	26	26	15	14	7	14	1	26	17	7	14	11	14	14	14	14	27	20	20	11	26	6	3	23	14	4	14	15	4	14	14	14	3	26	2	26	26	23	1	23	10	2	14	14	23	15	14	14	27	15	26	27	1	14	26	16	7	27	26	1	13	14	3	9	9	16	20	8	26	14	23	14	3	24	14	4	14	14	14	3	26	8	14	14	26	8	14	10	2	1	12	14	11	1	14	27	14	26	26	26	1	9	14	7	1	19	2	14	1	1	3	23	20	2	14	1	7	5	14	3	24	14	4	14	3	3	1	18	2	2	26	14	3	14	10	1	23	12	2	23	15	25	25	14	27	11	15	15	12	16	6	27	19	14	27	14	14	14	20	10	22	22	14	16	14	14	3	23	14	4	26	13	13	14	14	7	1	26	14	4	8	9	1	23	11	13	23	4	8	8	14	4	11	11	14	1	23	6	27	18	11	27	21	3	14	23	10	22	22	26	2	2	14	3	23	19	5	8	16	5	5	16	7	27	26	14	14	7	9	1	23	14	14	23	13	14	14	14	3	24	7	7	1	14	5	27	18	7	27	20	8	14	17	10	1	23	2	2	7	27	
DESTINATION
0	14	17	2	22	14	2	26	14	14	27	14	14	5	8	16	5	25	14	4	7	9	3	14	9	9	16	20	14	14	23	13	14	14	14	27	5	5	1	24	5	5	26	14	27	20	20	8	14	17	2	27	20	2	14	14	14	16	14	14	27	25	27	23	25	14	3	26	14	2	14	11	2	14	20	2	14	14	26	16	16	26	27	15	14	9	16	27	9	9	14	1	13	14	23	2	14	23	27	20	2	2	14	14	11	26	6	27	11	27	20	20	8	26	26	14	2	14	14	1	14	14	23	3	23	8	8	12	14	14	14	14	27	14	8	5	23	9	14	14	2	23	2	14	23	14	20	2	14	5	4	23	7	5	1	18	14	27	20	20	1	12	14	2	14	14	3	14	14	2	14	14	4	15	4	14	16	26	2	27	11	14	14	25	16	23	10	10	23	4	14	14	14	27	14	14	14	27	7	7	14	23	7	14	20	14	14	27	13	14	23	26	14	14	14	14	14	16	4	4	14	4	26	16	20	27	14	14	14	1	25	14	14	26	3	12	23	12	25	14	14	1	14	14	2	27	1	1	23	14	14	20	8	27	13	13	13	5	27	14	3	14	14	2	9	14	5	27	26	8	5	8	5	1	14	14	1	7	14	3	14	14	17	25	25	14	14	3	26	14	14	27	26	14	4	10	14	14	14	8	27	14	14	23	27	4	26	6	14	14	23	14	26	14	27	4	4	4	5	14	17	2	14	1	7	14	23	26	14	2	4	2	23	13	3	23	10	10	6	14	14	14	27	14	14	4	11	23	23	8	23	14	10	23	25	17	14	3	14	17	2	14	2	17	17	5	1	9	14	1	2	7	14	1	26	23	7	14	14	23	23	2	2	14	5	14	14	2	14	27	14	14	5	5	9	2	2	1	23	10	26	14	12	14	3	23	12	20	27	26	25	14	6	26	25	6	14	26	26	6	1	25	14	16	26	26	14	14	13	14	14	1	20	26	2	4	27	14	14	14	26	2	14	14	14	10	1	14	14	14	17	14	14	17	2	22	23	2	2	26	26	16	7	14	14	14	14	1	25	14	4	26	10	14	14	17	17	23	3	14	14	9	7	27	14	14	26	15	14	7	14	23	23	10	1	14	24	2	14	14	14	2	27	20	11	26	24	6	16	27	19	7	7	27	22	22	14	3	26	14	2	26	23	23	3	23	14	14	26	26	15	14	14	27	15	26	27	1	13	23	9	14	14	11	26	13	4	14	3	9	20	16	20	8	8	8	5	18	7	7	20	14	17	14	3	26	14	8	14	14	8	3	3	23	14	24	14	14	1	14	27	14	14	26	26	1	14	9	9	23	11	14	23	14	1	3	16	20	2	14	14	7	1	26	17	17	14	11	14	3	3	1	26	14	2	26	14	4	3	9	23	14	14	15	4	14	14	25	14	14	23	11	15	12	23	1	23	2	14	14	14	23	14	26	20	14	22	14	16	14	14	26	27	7	27	26	23	13	14	26	14	1	26	14	4	14	14	23	27	24	24	14	4	26	8	14	14	27	11	14	1	14	14	14	10	23	12	14	14	11	14	17	2	22	26	2	26	16	9	7	14	19	19	2	14	5	25	14	5	26	14	14	7	7	5	3	20	24	14	4	14	14	14	14	27	20	7	1	14	14	14	10	14	12	12	2	23	27	17	2	27	12	2	7	27	15	27	14	19	19	14	27	27	25	14	4	22	14	14	14	14	14	14	20	2	14	4	26	13	14	14	27	8	9	27	7	8	9	26	14	1	13	13	23	4	14	2	27	20	2	14	14	8	6	14	14	27	27	27	21	3	
DUE_DATE
0	31147	30476	30045	29554	30623	30192	29707	30296	30825	30394	29903	31692	31007	30016	30045	30614	30643	30132	31181	31210	30219	30788	30840	30342	30924	30426	32208	31530	31092	30587	31156	30645	30674	30703	32472	31781	31330	31359	30848	30887	30916	32685	31994	31543	31572	31601	31090	31659	31148	32919	32220	31761	31242	31263	31824	31305	33066	31347	32388	32409	31950	33171	32472	33247	33296	33345	32674	32243	31752	31785	32352	31839	33606	32913	32940	32487	32994	33741	33048	32595	32082	33846	33150	32694	32178	32202	32226	32790	34014	32298	34062	33366	32935	33452	34209	33526	32543	34320	33637	33194	33257	32776	33375	32894	33493	34717	32996	34755	34054	33593	34812	34111	34850	33129	33148	34187	34206	33745	33224	33783	33317	35116	35175	34514	34093	33585	34632	35379	35406	33693	34740	34767	34314	34341	34368	33855	33891	35664	33957	35730	35043	34596	35109	35862	35175	34174	34190	35946	35242	34778	34794	34270	34826	36042	34318	36074	35370	34906	35402	36138	35434	34970	34446	36231	35544	35097	34590	35163	34656	36429	34722	35775	35340	35382	36624	35946	36708	35550	35052	36831	36144	35697	35190	35223	35796	35829	37062	36375	36405	35952	36459	37206	37233	35520	37287	36594	36141	35628	35655	35695	36272	37509	35806	37583	36900	36457	36974	37731	37044	36057	37830	37143	36696	36729	36222	36795	36821	38044	36327	38090	37393	36936	37439	38182	37485	38228	36511	36534	37577	37121	37144	36627	36650	37213	38436	38459	37762	37305	36788	37831	38574	38597	36885	37932	37959	37506	37533	37020	37587	37074	38841	37128	38895	38197	37736	38235	38974	38273	37272	37291	39050	38349	37888	37367	37926	37405	39164	37443	39247	38576	38145	39394	38723	38772	38357	37876	39675	39014	38593	38647	38696	38205	39994	38303	39372	38925	38952	40179	40206	39513	38520	40287	39594	39141	39168	38655	38681	39244	40467	39770	39793	39336	40559	39862	40605	40628	38911	40674	39977	39517	38996	39015	39574	39053	40812	39091	40850	40149	39688	40187	40206	40945	39224	40983	40320	39882	39924	39966	39468	40050	41292	39587	41356	40665	40214	40723	41472	40781	39790	40839	40388	40447	39956	40005	40594	40103	40692	41931	41964	41277	40830	40323	42096	41409	41442	41475	41035	40532	40569	41146	41183	42420	42457	42494	41820	41382	40884	41946	42708	42750	41052	42840	42162	41724	41226	41268	41850	41352	43147	41456	43245	42574	42143	42672	43431	42744	42297	41790	43563	42876	42429	42462	42495	41981	43744	42027	42050	43093	42636	43139	43882	43185	42728	43951	43254	42797	42307	44096	42945	42454	44243	43572	43677	42756	44595	43920	44682	43524	43566	44808	44130	43692	43257	43896	43455	43481	45244	43527	45290	44593	45336	44639	45382	44685	44228	43711	45474	44777	44335	44372	43869	44446	44483	45720	44017	45794	45127	45176	45945	45274	44843	44352	45477	45096	45195	45257	44776	44835	44894	46693	46757	46096	45675	46934	46273	47097	45456	46575	46611	46164	46197	46230	45723	45756	47529	47562	46875	46435	47672	46989	47746	46043	46080	47857	47174	46735	46232	46809	46306	46883	48120	46417	48194	47537	47596	48375	47714	47293	46807	46856	48645	47974	47543	47592	47095	48872	47709	48946	47243	48300	47857	48374	49119	48420	47961	47442	49203	48504	48045	47526	48087	47568	48609	48630	48171	49392	48777	49596	48495	47995	49772	49089	48646	48143	48180	48757	48254	50035	48332	50109	49426	50183	49500	50257	49574	49147	48656	50445	49774	49343	49392	48882	49446	48930	50694	48978	50742	50046	50070	50814	50118	49662	49146	50205	49752	49779	49806	49293	49320	51087	51114	50421	49968	49455	50515	51272	50589	49606	50663	50700	50257	50294	50331	49824	50397	51630	51663	50976	50529	50022	51795	51835	50132	51909	51226	50783	50280	50857	50354	51405	50412	52179	52206	51513	51060	52287	51594	52341	50628	50655	52447	51776	51345	50854	51443	50952	50982	52746	52770	52074	51618	52122	52146	52170	52914	51738	51222	52986	52315	51872	51909	51406	51443	52500	52537	52094	52605	53352	53379	52206	51693	53460	52767	52314	51801	52368	51855	51882	53646	51930	52974	52998	53022	53766	53070	53814	52638	52122	53886	53215	52772	52809	52306	52343	52380	54157	52454	54231	53544	53577	53610	54363	53196	52689	54462	53775	53357	53416	52935	53534	53593	54815	54832	54129	53666	54163	54900	53177	53194	54231	54248	53785	53802	53279	53836	55053	55070	55087	54437	54016	53535	54614	55393	54715	53732	54789	54826	54383	53880	54457	53954	54017	54076	55875	55934	55273	54831	55344	56097	55410	54423	54456	56229	55542	55095	55125	54612	54639	54666	56433	56460	55767	55314	55821	56568	55875	55472	56746	56100	55694	55185	55752	55779	55266	57033	55320	56367	56394	55941	57168	57195	56627	57496	57535	56852	56409	55906	57683	57000	57757	57794	56132	57226	57300	57374	57405	57432	58179	58206	57033	56520	58287	57594	58341	58368	57675	58697	57597	57156	57255	59031	59064	58377	58410	59163	58476	58029	57522	59295	59347	58676	58725	59494	58823	58392	58457	57976	59775	59114	59893	
TRANSPORT_MODE
0	2	4	4	4	4	0	0	0	2	1	4	4	2	0	0	0	4	4	4	4	0	0	0	0	2	4	4	4	1	0	0	0	2	4	4	4	4	0	0	0	2	4	4	4	4	0	0	0	2	4	4	4	4	0	0	0	3	4	4	4	4	0	0	0	0	2	4	4	4	4	0	0	3	4	4	4	0	0	0	0	2	4	4	4	4	0	0	0	3	4	4	4	4	0	0	0	2	4	4	4	4	0	0	0	0	3	4	1	4	4	0	0	0	2	4	4	1	4	0	0	0	3	1	4	1	4	0	0	0	2	1	4	4	0	0	0	0	3	4	4	4	1	0	0	0	2	4	1	4	4	0	0	0	3	4	4	4	1	0	0	0	2	4	4	4	4	0	0	0	3	1	4	4	1	0	0	0	0	4	2	4	4	1	0	0	0	3	4	4	4	0	0	0	4	2	4	4	1	0	0	0	3	4	4	4	4	0	0	0	2	1	4	4	4	0	0	0	3	4	4	4	4	0	0	0	0	2	4	4	1	1	0	0	0	3	1	4	4	4	0	0	0	2	1	1	4	0	0	0	0	3	4	4	1	4	0	0	0	2	4	4	1	4	0	0	0	3	1	4	1	4	0	0	0	2	4	4	1	4	0	0	0	3	4	1	4	1	0	0	0	2	4	4	0	4	4	0	0	3	4	1	1	0	0	0	0	2	4	1	4	4	0	0	0	3	4	1	4	4	0	0	0	2	1	4	4	4	0	0	0	3	1	1	1	4	0	0	0	2	4	4	1	1	0	0	0	0	3	1	1	4	2	0	0	4	4	4	4	0	0	0	0	3	4	1	1	2	0	0	0	4	4	1	1	0	0	0	0	3	1	1	4	1	0	0	0	2	4	4	1	1	0	0	0	3	4	4	4	4	0	0	0	4	2	1	1	1	0	0	0	3	1	1	1	0	0	0	0	2	4	4	4	1	0	0	0	3	1	4	4	0	0	0	0	1	2	4	4	4	0	0	0	1	3	1	1	1	0	0	0	4	2	4	1	1	0	0	0	1	3	1	1	4	0	0	0	4	4	1	1	0	0	0	4	3	4	1	4	0	0	0	2	1	4	1	0	0	0	0	4	3	1	1	1	0	0	0	1	2	4	1	4	0	0	0	0	1	3	1	1	4	0	0	0	4	2	1	1	4	0	0	4	4	1	1	0	0	0	0	1	2	1	1	1	0	0	0	3	1	4	1	0	0	0	0	1	2	1	4	1	0	0	0	4	3	1	1	4	0	0	0	4	2	1	4	1	0	0	0	1	3	1	1	4	0	0	0	1	1	1	1	0	0	0	0	1	3	1	1	4	0	0	1	2	1	1	0	0	0	0	4	3	4	1	1	0	0	0	4	2	4	1	1	0	0	0	1	3	1	1	1	0	0	0	0	1	2	1	4	1	0	0	1	1	1	1	0	0	0	0	1	2	4	1	1	0	0	0	3	4	4	4	0	0	0	0	1	2	1	1	1	0	0	0	1	3	1	1	1	0	0	0	1	2	1	1	1	0	0	0	1	3	4	1	1	0	0	2	1	1	4	0	1	0	0	0	1	3	4	1	1	0	0	0	2	1	1	1	0	0	0	0	1	3	1	1	1	0	0	0	1	2	1	1	1	0	0	0	1	3	1	1	4	0	0	0	1	2	1	1	1	0	0	0	3	4	1	1	1	0	0	0	3	1	1	1	1	0	0	0	3	1	1	1	0	0	0	0	3	1	1	1	1	0	0	0	3	1	1	1	1	0	0	0	3	1	1	1	1	0	0	0	3	1	1	1	1	0	0	0	
DISTANCE_MATRIX
60	360	318	300	288	276	264	264	150	150	150	60	90	90	162	168	204	228	234	312	360	408	348	318	168	192	168	318	
360	60	264	318	324	342	342	342	348	348	354	360	372	378	378	420	420	480	462	498	462	462	384	420	372	420	378	378	
318	264	60	270	276	288	288	288	294	294	294	318	318	324	324	414	414	468	462	486	462	462	330	366	366	408	372	324	
300	318	270	60	276	288	288	288	288	288	288	300	300	312	318	408	408	468	462	486	438	438	318	360	360	402	360	312	
288	324	276	276	60	276	276	276	276	276	276	288	288	300	300	402	396	462	456	480	432	432	300	360	360	402	348	300	
276	342	288	288	276	60	180	180	252	258	264	264	264	288	288	390	390	456	450	480	432	432	288	348	348	348	288	288	
264	342	288	288	276	180	60	180	246	258	264	264	264	288	288	390	390	456	450	480	432	432	288	348	348	348	288	288	
264	342	288	288	276	180	180	60	240	258	264	264	264	288	288	390	390	456	450	480	432	432	288	348	348	348	288	288	
150	348	294	288	276	252	246	240	60	120	120	150	126	270	270	378	384	420	438	480	420	408	276	300	300	300	276	270	
150	348	294	288	276	258	258	258	120	60	120	150	150	270	270	378	384	420	438	480	420	408	276	300	300	300	276	270	
150	354	294	288	276	264	264	264	120	120	60	150	150	270	270	378	384	420	438	480	420	408	276	300	300	300	276	270	
60	360	318	300	288	264	264	264	150	150	150	60	90	162	168	228	234	312	360	408	348	318	168	192	192	198	168	162	
90	372	318	300	288	264	264	264	150	150	150	90	60	162	168	228	234	312	360	408	348	318	168	192	192	198	168	162	
90	378	324	312	300	288	288	288	270	270	270	162	162	60	120	180	180	306	210	360	300	300	120	180	120	180	120	234	
162	378	324	318	300	288	288	288	270	270	270	168	168	120	60	180	180	306	210	360	300	300	120	180	120	180	120	120	
168	420	414	408	402	348	348	348	300	300	300	228	228	180	180	60	132	204	132	348	258	258	186	60	180	132	222	180	
204	420	414	408	396	390	390	390	384	384	384	234	234	180	180	132	60	204	132	348	258	258	186	60	180	132	222	180	
228	480	468	468	462	456	456	456	420	420	420	312	312	306	306	204	204	60	198	120	240	240	306	204	306	138	306	306	
234	462	462	462	456	450	450	450	438	438	438	360	360	210	210	132	132	198	60	138	132	132	210	132	210	132	210	210	
312	498	486	486	480	480	480	480	480	480	480	408	408	360	360	348	348	120	138	60	348	348	360	348	360	348	360	360	
360	462	462	438	432	432	432	432	420	420	420	348	348	300	300	258	258	240	132	348	60	60	300	258	300	258	300	300	
408	462	462	438	432	432	432	432	408	408	408	318	318	300	300	258	258	240	132	348	60	60	300	258	300	258	300	300	
348	384	330	318	300	288	288	288	276	276	276	168	168	120	120	186	186	306	210	360	300	300	60	186	120	186	120	120	
318	420	366	360	360	348	348	348	300	300	300	192	192	180	180	60	60	204	132	348	258	258	186	60	180	60	180	180	
168	372	300	306	300	288	288	288	270	270	270	168	168	120	120	180	180	306	210	360	300	300	120	180	60	180	120	120	
192	420	408	402	402	348	348	348	300	300	300	198	198	180	180	132	132	138	132	348	258	258	186	60	180	60	180	180	
168	378	372	360	348	288	288	288	276	276	276	168	168	120	120	222	222	306	210	360	300	300	120	180	120	180	60	120	
318	378	324	312	300	288	288	288	270	270	270	162	162	234	120	180	180	306	210	360	300	300	120	180	120	180	120	60	
DEPOT_DISTANCE_MATRIX
60	360	318	300	288	276	264	264	150	150	150	60	90	90	162	168	204	228	234	312	360	408	348	318	168	192	168	318	
162	378	324	318	300	288	288	288	270	270	270	168	168	120	60	180	180	306	210	360	300	300	120	180	120	180	120	120	
318	420	366	360	360	348	348	348	300	300	300	192	192	180	180	60	60	204	132	348	258	258	186	60	180	60	180	180	
PATIENT_WEIGHT
69	127	79	81	83	93	73	99	72	149	109	147	76	48	43	129	48	113	88	56	56	60	87	53	146	61	148	63	55	45	146	51	48	32	85	124	145	67	101	86	63	83	102	32	137	84	129	69	44	92	41	138	31	120	110	70	149	50	118	73	68	119	76	57	142	112	141	112	134	114	126	78	74	115	53	44	148	113	121	142	43	63	109	41	123	44	72	59	77	126	73	147	62	117	70	144	78	125	134	123	117	47	58	150	133	105	118	139	143	39	138	59	90	139	126	75	98	100	49	140	76	145	89	97	44	45	84	67	133	39	125	123	121	139	89	105	82	86	84	57	100	61	106	117	38	35	38	48	62	95	80	129	51	132	33	40	45	63	34	137	146	146	85	79	71	100	125	146	82	76	42	118	136	69	95	135	86	86	75	53	119	97	61	92	86	120	77	56	100	43	60	100	108	40	33	143	150	44	131	100	106	109	75	110	70	78	100	96	58	95	145	39	68	145	40	48	122	35	115	96	115	131	52	132	144	83	131	122	122	149	114	111	132	98	89	34	72	49	94	57	127	119	93	111	31	106	139	139	88	134	43	92	82	137	124	73	85	95	115	33	85	147	45	133	90	117	60	138	83	80	121	57	116	79	107	149	71	122	75	55	48	71	54	100	132	47	102	148	146	93	148	66	90	89	57	101	110	80	53	90	110	123	124	150	126	85	59	66	69	134	67	135	113	150	39	59	124	49	123	75	147	130	103	83	125	103	139	99	150	114	93	147	128	112	91	54	116	61	41	60	136	111	92	97	59	75	125	126	118	126	74	38	136	70	113	51	93	116	78	61	134	148	58	48	123	150	47	67	34	39	87	55	40	123	137	114	88	31	91	57	75	77	56	66	134	71	142	88	52	122	109	61	139	116	123	60	106	123	73	75	125	88	143	125	132	82	140	101	128	50	145	80	47	116	57	67	103	101	30	120	64	117	30	98	147	139	65	126	104	140	126	31	35	98	132	121	119	67	33	37	111	65	94	133	75	43	124	71	127	95	92	111	72	117	134	96	128	68	104	140	86	138	54	125	126	114	106	49	41	76	137	143	50	54	133	98	130	128	112	111	137	69	53	31	33	131	44	150	47	33	92	67	150	32	106	135	55	74	122	90	67	83	115	87	63	30	135	84	150	94	144	35	48	30	96	132	51	103	53	71	30	133	66	40	91	139	104	43	80	78	30	123	80	48	100	134	144	118	126	46	63	111	81	38	88	61	149	73	75	146	61	50	134	51	47	113	135	37	77	33	88	131	65	85	64	124	76	72	121	117	148	137	123	143	130	123	116	73	93	138	66	96	135	33	53	148	139	38	120	78	140	140	61	140	98	72	107	64	45	143	31	54	111	105	62	52	84	113	51	43	144	91	30	137	50	147	96	80	53	87	94	42	34	56	104	39	134	50	80	43	136	81	87	39	109	52	34	102	83	140	51	81	114	80	87	84	54	104	134	128	32	86	134	105	149	122	87	50	66	63	104	61	31	112	57	52	34	51	71	135	82	86	110	30	99	115	49	130	149	37	116	117	34	44	112	41	59	31	105	63	56	52	125	117	150	150	144	59	150	144	80	114	76	93	48	95	109	107	88	40	40	70	129	101	54	62	145	106	41	111	35	62	90	127	139	74	96	81	117	140	139	75	137	44	103	39	89	105	34	117	101	85	88	72	92	149	37	136	102	126	133	50	54	50	69	91	127	141	60	86	135	113	91	70	65	41	44	44	134	150	110	42	34	94	43	103	142	101	92	59	143	122	68	40	47	44	91	72	42	146	48	53	127	42	141	86	140	84	88	107	107	
LOCATION_TURN_MATRIX
100	130	122	113	112	199	136	122	129	152	173	146	151	136	158	140	176	113	122	167	194	134	110	172	114	184	100	147	
170	100	154	188	164	169	136	136	152	170	104	183	155	115	101	104	155	187	174	115	149	134	178	168	114	135	168	102	
178	146	100	161	178	114	104	165	117	139	126	169	192	109	120	179	160	152	154	134	113	140	154	179	196	196	192	181	
187	112	139	100	158	114	195	181	104	132	195	106	183	169	132	170	140	136	172	148	116	110	123	136	151	120	176	169	
188	136	122	142	100	175	164	159	112	100	167	164	135	191	132	181	104	123	142	156	108	117	193	182	116	147	156	185	
101	131	186	186	125	100	190	147	164	150	137	102	145	176	185	131	113	108	117	186	118	151	140	178	154	189	172	110	
164	164	196	105	136	110	100	186	153	151	183	193	111	157	144	123	188	142	110	163	105	190	166	187	170	171	186	126	
178	164	135	119	141	153	114	100	106	130	108	103	151	178	122	151	130	133	184	177	110	141	166	110	122	174	191	197	
171	148	183	196	188	136	147	194	100	167	100	146	168	129	128	142	172	118	174	147	105	158	156	160	120	106	119	136	
148	130	161	168	200	150	149	170	133	100	177	106	175	116	188	180	176	194	108	146	130	187	183	173	128	141	169	176	
127	196	174	105	133	163	117	192	200	123	100	171	175	140	183	115	104	186	128	153	151	175	100	146	191	117	132	197	
154	117	131	194	136	198	107	197	154	194	129	100	136	184	140	147	172	184	148	131	103	156	185	200	152	158	154	143	
149	145	108	117	165	155	189	149	132	125	125	164	100	140	199	142	101	144	163	185	117	191	200	143	113	165	102	154	
164	185	191	131	109	124	143	122	171	184	160	116	160	100	109	116	196	113	131	186	166	139	183	175	144	161	105	170	
142	199	180	168	168	115	156	178	172	112	117	160	101	191	100	147	177	177	199	158	172	188	164	175	180	168	154	195	
160	196	121	130	119	169	177	149	158	120	185	153	158	184	153	100	152	159	197	157	181	159	102	123	168	200	124	186	
124	145	140	160	196	187	112	170	128	124	196	128	199	104	123	148	100	149	114	112	117	135	105	132	138	180	198	156	
187	113	148	164	177	192	158	167	182	106	114	116	156	187	123	141	151	100	166	132	168	163	159	123	129	173	161	116	
178	126	146	128	158	183	190	116	126	192	172	152	137	169	101	103	186	134	100	184	199	137	130	160	148	113	140	150	
133	185	166	152	144	114	137	123	153	154	147	169	115	114	142	143	188	168	116	100	111	195	128	157	191	164	141	171	
106	151	187	184	192	182	195	190	195	170	149	197	183	134	128	119	183	132	101	189	100	129	151	163	147	166	104	177	
166	166	160	190	183	149	110	159	142	113	125	144	109	161	112	141	165	137	163	105	171	100	101	185	169	129	103	197	
190	122	146	177	107	160	134	134	144	117	200	115	100	117	136	198	195	141	170	172	149	199	100	106	150	116	118	145	
128	132	121	164	118	122	113	190	140	127	154	100	157	125	125	177	168	177	140	143	137	115	194	100	128	167	115	155	
186	186	104	149	184	146	130	178	180	172	109	148	187	156	120	132	162	171	152	109	153	131	150	172	100	155	124	184	
116	165	104	180	153	111	129	126	194	159	183	142	135	139	132	100	120	127	187	136	134	171	184	133	145	100	129	192	
200	132	108	124	144	128	114	109	181	131	168	146	198	195	146	176	102	139	160	159	196	197	182	185	176	171	100	146	
153	198	119	131	115	190	174	103	164	124	103	157	146	130	105	114	144	184	150	129	123	103	155	145	116	108	154	100	

