INDEX_PROBLEM
1
PATIENTS
800
STRETCHERS
16
NUM_ROOM
28
NUM_DEPOTS
3
NUM_PRIORITY
4
PRIORITY_LIST
0	1	2	3	4	
PRIORITY_WEIGHT
0	1	10	18	30	
PRIORITY_JOB
0	1	2	2	3	3	4	1	3	2	2	3	4	1	2	4	3	3	4	4	3	1	2	2	4	3	4	1	2	3	3	3	4	4	4	1	2	2	3	3	4	4	4	1	2	3	3	4	3	4	1	2	2	3	3	4	3	1	1	4	4	1	2	2	1	4	3	4	1	2	3	3	3	1	1	4	1	2	2	4	1	4	3	4	1	2	3	3	3	3	1	4	4	1	2	2	2	1	3	4	4	1	2	3	3	4	1	4	4	1	2	2	2	2	3	3	4	1	2	2	3	4	1	4	1	4	1	2	3	1	3	4	1	2	2	3	4	3	2	4	1	1	2	3	3	1	2	4	4	1	2	2	3	3	4	4	1	2	1	3	3	4	2	4	4	1	2	2	3	3	4	3	1	1	4	1	2	2	1	3	4	1	2	3	3	4	4	4	1	1	4	1	2	2	1	3	4	1	2	3	3	3	4	4	1	4	1	2	2	2	1	3	4	4	1	2	3	3	3	4	1	4	1	2	2	2	2	3	3	4	1	2	2	3	4	4	4	1	2	2	4	3	1	3	4	1	2	2	3	4	3	2	4	1	1	2	3	3	1	1	4	1	2	2	3	4	4	3	4	1	1	2	3	3	4	2	4	1	2	2	3	3	4	4	4	1	1	1	2	2	3	2	4	4	2	2	3	3	3	4	4	1	1	1	2	2	3	1	4	4	1	2	3	3	3	4	4	1	1	2	3	2	2	1	4	4	1	2	3	3	4	3	4	1	1	2	2	3	1	2	3	4	4	1	2	2	3	4	4	2	1	2	3	3	2	1	4	1	2	2	3	4	4	4	1	1	2	3	3	4	1	2	4	1	2	2	3	4	3	3	1	2	1	3	3	4	4	1	1	2	2	3	3	4	4	4	4	1	1	1	2	3	3	2	3	4	2	2	3	3	4	3	1	1	1	2	2	3	4	2	4	1	2	3	3	4	4	3	1	1	2	2	3	4	1	1	4	1	2	3	3	4	4	4	1	1	2	2	3	3	2	1	4	1	2	3	3	4	4	3	1	1	2	2	3	3	2	2	4	1	2	2	3	4	1	4	3	1	2	3	4	4	1	1	1	2	2	3	4	4	3	4	1	1	2	3	3	4	4	1	1	2	2	3	3	4	3	4	1	1	1	2	3	3	4	2	1	2	2	3	3	4	3	4	4	1	1	1	2	2	3	2	4	1	2	3	3	4	3	4	4	1	1	2	2	3	1	1	4	4	1	2	3	3	4	3	1	4	1	2	2	3	2	1	4	4	1	2	3	3	4	4	1	1	2	2	3	3	2	4	1	2	2	3	4	4	3	1	1	1	2	3	3	4	1	1	2	2	3	4	4	4	2	1	1	2	3	3	4	4	1	1	2	2	3	4	4	3	3	1	1	1	2	3	3	4	2	1	2	2	3	3	1	4	3	1	4	2	1	2	4	3	2	4	1	2	3	3	1	4	3	4	4	1	2	2	3	1	2	4	1	2	3	3	4	3	4	1	4	1	2	2	3	1	2	4	4	1	2	3	3	4	4	1	1	2	2	3	3	2	4	4	1	2	2	3	1	3	1	4	1	2	3	3	4	2	4	1	2	2	3	4	3	1	1	1	3	2	3	4	2	2	4	1	2	2	3	4	4	3	1	1	4	1	2	3	3	1	4	4	1	2	2	3	4	1	1	3	4	1	2	1	2	3	2	3	4	1	2	1	1	3	3	4	4	1	2	2	1	1	2	3	4	4	1	2	1	1	2	3	3	4	1	1	2	1	2	2	3	4	4	1	1	1	2	3	3	4	4	2	2	
TIME_ASKED
0	28800	28800	28800	28800	28800	28800	28800	28800	28800	28800	28800	28800	28800	28800	28800	28800	29545	29574	29603	29632	29661	29690	29742	29784	29826	29868	29910	29952	29994	30029	30058	30087	30116	30145	30174	30203	30232	30261	30290	30329	30358	30387	30416	30445	30474	30503	30532	30561	30590	30621	30642	30663	30684	30705	30726	30747	30768	30789	30810	30831	30852	30873	30894	30949	30998	31047	31096	31145	31194	31227	31254	31281	31308	31335	31362	31389	31416	31443	31470	31497	31524	31548	31572	31596	31620	31644	31668	31692	31716	31740	31764	31788	31837	31874	31911	31948	31985	32022	32059	32096	32159	32218	32277	32336	32395	32419	32438	32457	32476	32495	32514	32533	32552	32571	32590	32609	32628	32647	32666	32685	32759	32818	32877	32936	32995	33027	33054	33081	33108	33135	33162	33189	33216	33243	33270	33297	33333	33366	33399	33432	33465	33498	33531	33564	33597	33616	33632	33648	33664	33680	33696	33712	33728	33744	33760	33776	33792	33808	33824	33840	33856	33872	33888	33933	33966	33999	34032	34065	34098	34131	34164	34197	34242	34284	34326	34368	34410	34452	34494	34533	34566	34599	34632	34665	34698	34731	34764	34797	34827	34854	34881	34908	34935	34962	34989	35016	35043	35070	35097	35137	35174	35211	35248	35285	35322	35359	35396	35433	35466	35499	35532	35565	35598	35631	35664	35697	35723	35746	35769	35792	35815	35838	35861	35884	35907	35930	35953	35976	35999	36023	36046	36069	36092	36115	36138	36161	36184	36207	36230	36253	36276	36299	36327	36354	36381	36408	36435	36462	36489	36516	36543	36570	36597	36619	36638	36657	36676	36695	36714	36733	36752	36771	36790	36809	36828	36847	36866	36885	36949	36998	37047	37096	37145	37194	37259	37318	37377	37436	37495	37549	37598	37647	37696	37745	37794	37827	37854	37881	37908	37935	37962	37989	38016	38043	38070	38097	38123	38146	38169	38192	38215	38238	38261	38284	38307	38330	38353	38376	38399	38419	38438	38457	38476	38495	38514	38533	38552	38571	38590	38609	38628	38647	38666	38685	38742	38784	38826	38868	38910	38952	38994	39029	39058	39087	39116	39145	39174	39203	39232	39261	39290	39349	39398	39447	39496	39545	39594	39633	39666	39699	39732	39765	39798	39831	39864	39897	39937	39974	40011	40048	40085	40122	40159	40196	40242	40284	40326	40368	40410	40452	40494	40542	40584	40626	40668	40710	40752	40794	40849	40898	40947	40996	41045	41094	41133	41166	41199	41232	41265	41298	41331	41364	41397	41423	41446	41469	41492	41515	41538	41561	41584	41607	41630	41653	41676	41699	41749	41798	41847	41896	41945	41994	42099	42198	42297	42342	42384	42426	42468	42510	42552	42594	42699	42798	42897	42923	42946	42969	42992	43015	43038	43061	43084	43107	43130	43153	43176	43199	43237	43274	43311	43348	43385	43422	43459	43496	43549	43598	43647	43696	43745	43794	43899	43998	44097	44159	44218	44277	44336	44395	44459	44518	44577	44636	44695	44799	44898	44997	45033	45066	45099	45132	45165	45198	45231	45264	45297	45337	45374	45411	45448	45485	45522	45559	45596	45637	45674	45711	45748	45785	45822	45859	45896	45959	46018	46077	46136	46195	46249	46298	46347	46396	46445	46494	46537	46574	46611	46648	46685	46722	46759	46796	46821	46842	46863	46884	46905	46926	46947	46968	46989	47010	47031	47052	47073	47094	47199	47298	47397	47437	47474	47511	47548	47585	47622	47659	47696	47737	47774	47811	47848	47885	47922	47959	47996	48049	48098	48147	48196	48245	48294	48324	48348	48372	48396	48420	48444	48468	48492	48516	48540	48564	48588	48627	48654	48681	48708	48735	48762	48789	48816	48843	48870	48897	48937	48974	49011	49048	49085	49122	49159	49196	49233	49266	49299	49332	49365	49398	49431	49464	49497	49537	49574	49611	49648	49685	49722	49759	49796	49827	49854	49881	49908	49935	49962	49989	50016	50043	50070	50097	50149	50198	50247	50296	50345	50394	50424	50448	50472	50496	50520	50544	50568	50592	50616	50640	50664	50688	50737	50774	50811	50848	50885	50922	50959	50996	51027	51054	51081	51108	51135	51162	51189	51216	51243	51270	51297	51324	51348	51372	51396	51420	51444	51468	51492	51516	51540	51564	51588	51637	51674	51711	51748	51785	51822	51859	51896	51933	51966	51999	52032	52065	52098	52131	52164	52197	52259	52318	52377	52436	52495	52517	52534	52551	52568	52585	52602	52619	52636	52653	52670	52687	52704	52721	52738	52755	52772	52789	52859	52918	52977	53036	53095	53137	53174	53211	53248	53285	53322	53359	53396	53459	53518	53577	53636	53695	53733	53766	53799	53832	53865	53898	53931	53964	53997	54027	54054	54081	54108	54135	54162	54189	54216	54243	54270	54297	54374	54448	54522	54596	54627	54654	54681	54708	54735	54762	54789	54816	54843	54870	54897	55049	55198	55237	55274	55311	55348	55385	55422	55459	55496	55574	55648	55722	55796	55827	55854	55881	55908	55935	55962	55989	56016	56043	56070	56097	56399	56499	56598	56697	56733	56766	56799	56832	56865	56898	56931	56964	56997	57049	57098	57147	57196	57245	57294	57359	57418	57477	57536	57595	
ORIGIN
0	16	6	27	19	7	27	14	14	4	23	10	2	23	11	14	14	14	3	23	1	14	14	14	14	14	16	7	27	20	2	14	23	9	1	23	11	2	14	13	14	14	2	3	24	14	14	27	27	6	27	18	7	27	20	8	14	14	17	2	23	12	2	14	3	13	23	14	4	24	11	11	25	12	25	27	19	8	9	14	9	1	23	11	2	14	13	13	14	4	14	24	14	4	5	7	7	5	18	7	27	20	26	1	23	23	17	23	12	2	14	14	14	2	14	4	24	15	4	2	16	14	7	14	3	27	23	12	12	14	10	2	23	12	2	16	7	16	14	14	27	26	20	7	7	2	14	27	20	8	3	13	13	3	23	27	20	23	4	14	14	27	27	24	15	4	23	16	23	27	27	27	14	2	8	26	14	13	5	23	12	2	23	1	14	1	14	14	14	27	14	14	13	27	14	20	8	27	14	14	14	5	20	2	14	13	26	7	7	26	1	14	4	26	1	14	7	2	23	14	14	8	1	1	14	23	23	12	2	23	14	3	23	16	14	27	11	11	14	14	16	7	14	8	27	23	9	2	3	2	2	10	14	14	2	20	20	20	14	7	26	16	1	1	2	14	23	23	26	14	3	1	2	13	2	27	23	13	3	23	2	27	2	2	14	1	1	25	14	14	2	2	23	8	1	27	2	14	14	14	2	2	27	14	26	26	27	27	16	5	26	14	3	26	23	14	3	14	14	14	27	2	27	27	13	2	23	14	3	27	14	14	1	7	7	3	27	23	27	27	8	1	23	10	2	14	14	14	2	14	14	23	23	16	10	8	5	26	26	14	19	2	2	2	3	14	14	14	10	23	1	4	2	23	7	26	20	16	1	7	1	7	1	2	2	2	2	2	1	23	10	1	3	14	27	14	14	14	27	14	14	4	2	2	26	16	15	1	27	14	27	14	14	3	14	3	22	27	14	27	23	14	3	23	14	14	23	7	14	20	1	3	7	14	14	13	23	10	1	27	24	14	23	14	14	27	27	14	26	3	23	2	16	6	27	19	7	23	11	14	23	14	14	14	14	2	15	3	14	3	23	14	23	4	26	14	14	25	14	27	26	2	13	27	9	26	23	11	26	20	27	27	14	14	14	18	2	10	27	8	5	27	18	7	2	14	12	4	14	2	22	22	23	27	15	4	3	23	14	4	1	14	14	1	14	14	4	26	27	14	4	2	1	23	11	2	14	27	14	27	14	14	15	15	14	7	2	23	26	17	7	27	24	2	14	14	2	27	27	20	24	4	11	14	23	14	4	24	15	23	25	25	3	3	26	23	23	26	26	1	23	10	2	14	4	4	22	23	27	15	15	14	14	26	26	26	16	7	27	14	2	26	2	9	20	20	11	2	2	20	16	23	14	3	24	14	4	26	14	26	14	14	14	14	14	27	14	23	10	2	23	12	14	15	14	27	27	14	27	9	14	14	19	14	7	26	19	8	3	2	3	16	16	11	2	1	14	14	23	14	3	24	14	4	14	3	1	1	14	7	27	26	14	14	2	10	1	23	12	2	23	15	14	27	14	14	24	11	14	14	16	6	27	19	7	27	25	1	2	14	20	2	23	27	27	27	14	3	23	14	4	8	27	26	2	1	7	27	20	14	26	23	9	1	23	4	2	23	13	14	14	14	4	24	15	14	14	10	6	27	18	7	27	14	14	14	17	10	2	23	2	15	23	14	3	23	14	4	3	2	25	3	25	7	27	20	14	2	23	9	1	23	11	2	14	4	27	14	14	3	24	14	1	7	10	5	27	18	7	27	20	8	23	17	2	1	23	12	2	1	25	
DESTINATION
0	14	17	2	22	23	2	15	3	23	27	14	14	27	12	25	25	25	14	4	23	9	9	9	9	1	16	20	2	14	14	4	27	14	14	27	15	14	5	7	5	5	27	14	2	26	8	23	23	17	2	27	20	2	14	14	2	16	6	14	27	11	14	25	14	7	3	26	14	2	12	12	14	11	14	2	22	14	14	16	14	14	27	15	14	20	7	7	2	14	9	1	26	14	14	13	13	14	27	20	2	14	14	14	27	27	6	27	11	14	20	8	8	14	26	14	2	14	14	14	14	5	13	3	23	2	27	11	11	25	14	14	27	11	14	14	13	14	1	1	23	3	14	13	13	14	4	2	14	14	26	7	7	26	1	18	7	1	14	1	1	23	23	2	14	14	1	14	1	23	23	23	4	24	14	23	16	7	14	27	11	14	1	14	16	14	10	10	2	23	2	16	7	2	16	14	14	2	20	20	20	14	7	27	20	7	3	13	13	3	23	26	14	3	14	2	13	14	27	4	15	14	14	23	16	27	27	11	14	1	25	14	3	14	2	23	12	12	2	1	14	13	1	14	2	27	14	14	26	14	27	14	20	8	27	14	14	14	5	20	3	14	14	14	27	2	27	27	14	4	26	14	14	7	14	23	1	7	14	3	27	23	27	27	2	23	23	14	3	16	14	14	26	14	14	23	14	16	10	8	27	27	23	2	3	3	2	2	14	14	3	10	23	3	1	4	26	16	16	1	2	14	23	23	7	14	1	2	14	2	2	2	23	13	13	23	2	27	2	2	14	14	27	14	14	4	2	2	27	8	1	27	27	14	14	14	14	3	14	3	22	27	27	27	26	5	5	2	14	3	23	14	14	1	20	3	7	14	14	13	23	13	23	27	14	27	27	14	14	27	14	14	26	3	23	2	2	1	23	10	10	14	14	14	3	14	11	14	2	8	2	15	5	26	26	14	19	2	26	2	1	25	14	27	26	2	27	13	2	7	23	26	20	16	1	7	27	14	14	18	2	10	27	8	1	23	23	1	3	14	27	14	14	17	2	22	23	27	15	4	27	1	16	1	1	14	14	26	25	14	4	26	27	14	14	2	2	14	3	23	14	14	7	23	14	14	27	15	14	7	2	23	10	1	1	27	24	14	23	14	14	2	27	20	24	4	11	14	16	27	19	19	7	23	11	14	14	3	26	14	23	26	26	23	3	3	23	14	23	4	14	14	14	27	15	14	26	2	26	2	26	26	11	11	26	20	27	27	3	9	20	2	2	14	20	16	27	18	18	7	2	14	12	4	3	26	14	2	14	27	14	14	23	23	14	1	1	14	14	14	27	14	14	9	14	14	19	1	23	11	11	2	2	14	14	3	16	20	2	1	14	14	27	17	7	7	15	27	24	14	14	1	26	14	2	26	14	14	2	14	4	4	4	15	15	23	25	27	14	14	27	11	1	14	2	23	23	26	23	14	4	25	22	20	20	14	22	14	26	27	26	16	16	15	27	14	2	26	27	26	14	1	26	14	4	26	23	23	3	20	2	14	4	26	14	14	14	27	11	14	1	14	10	23	2	2	2	12	15	15	14	17	2	22	23	2	14	23	14	26	7	14	27	2	2	2	25	14	5	26	14	14	2	3	14	24	20	2	14	4	3	1	14	14	27	14	14	1	7	10	10	1	14	2	14	2	15	14	17	2	27	23	2	16	1	16	6	14	14	27	27	14	1	25	14	4	26	14	26	27	14	26	14	20	2	14	8	27	1	14	14	27	15	14	2	14	23	9	9	14	1	26	23	13	14	14	2	27	20	2	14	14	27	6	27	14	27	11	14	14	14	
DUE_DATE
0	31147	30476	30525	30094	30143	29652	31447	30296	30825	30874	30443	29952	31727	31036	30045	30614	30643	30132	30161	30730	31959	31268	31320	30342	30924	30426	32208	31530	31092	31127	31156	30645	30674	30703	32472	31781	31810	31359	31388	30887	30916	30945	32714	32023	31572	31601	31090	31659	31148	32919	32220	32241	31782	31803	31284	31845	33066	33087	31368	31389	33150	32451	32472	33247	31556	32145	31654	33443	32772	32325	32352	32379	33606	33633	31920	33687	32994	33021	32028	33795	32082	32646	32130	33894	33198	32742	32766	32790	32814	34038	32322	32346	34135	33452	33489	33526	34283	33120	32617	32654	34457	33796	33375	33434	32953	34717	32996	33015	34774	34073	34092	34111	34130	33669	33688	33167	34926	34225	34244	33783	33317	35116	33435	35234	33553	35325	34632	34179	35406	34233	33720	35487	34794	34821	34368	33855	34431	34944	33957	35730	35763	35076	34629	34662	35895	35194	34190	34206	35962	35258	35274	34810	34826	34302	34318	36074	35370	36106	34922	34938	34414	35450	34446	34491	36264	35577	35610	35163	35196	34689	35262	36495	36540	34842	36624	35946	35988	36750	35592	35091	36864	36177	35730	35763	35256	35289	35322	37095	37125	35412	37179	36486	36513	37260	36087	35574	37341	36648	36195	36235	36272	35769	35806	37583	35880	37657	36974	37011	37044	37797	36630	36123	36156	37929	37242	36795	36821	36844	36327	38090	36373	38136	37439	37462	37485	37508	37051	37074	36557	38321	37624	37647	37190	36673	36696	36719	38482	37785	37808	36811	37374	38597	37425	36912	38679	37986	38013	37560	37047	37614	38121	37128	38895	38917	38216	37755	37774	38993	39012	37291	39050	38349	38368	37907	37386	37405	37964	37443	39247	39296	38625	38194	38243	37752	38837	37876	39675	39014	39073	38647	38696	38205	38254	38303	40092	40125	40152	39459	39486	39033	39540	38547	38574	39621	39648	39195	39221	39244	38727	38750	40513	40536	40559	39862	39885	39428	40651	38934	38957	40717	40016	39555	39574	39593	39072	39091	40850	40869	40168	39707	40206	40225	40964	39243	39300	41082	40404	39966	40008	39510	40092	39587	41356	41385	40694	40723	40272	41501	40810	40359	39848	39907	41696	41025	41074	40643	40152	40191	41244	41997	41310	40863	40896	41409	42162	40455	42235	41552	41589	41146	40643	40680	40717	42494	42540	41862	41424	41466	40968	42750	42072	41100	42882	42204	42246	41808	41310	41892	41947	43196	42525	43294	42143	42192	41691	41724	43497	43530	42843	42876	42429	42462	41955	41981	42004	42027	43790	43813	43836	43139	42682	42705	43208	42751	42234	43277	43327	42896	42945	42454	43043	44292	44397	44496	43875	43920	43482	42984	44046	43068	44850	44172	43797	43896	43455	43481	44044	45267	45290	44593	44616	44159	43642	45405	45428	43711	45474	44777	44335	44372	43869	43906	43943	45720	45757	45074	45127	44696	44745	45274	46043	44352	46197	45576	45195	45257	44776	44835	45434	46693	46757	46096	46155	45734	45793	46377	46476	45555	47331	46644	46677	46230	45723	47496	45789	46362	47595	46915	46472	45969	46006	47783	47820	47857	47174	47215	46772	46269	46306	46883	46380	48157	48194	47537	47116	47175	46694	46753	48547	48596	47925	47974	47543	47592	47095	47672	47169	48946	48983	49020	48337	47894	47919	47400	48441	49182	48483	48504	48045	48066	47547	48108	47589	47610	49371	49392	49497	48876	48975	48535	49052	48069	49846	49163	48720	48757	48254	48835	48332	48369	50146	50183	49500	49537	49094	50347	50396	48705	48754	50543	49872	49422	49446	48930	49494	50718	49002	50766	50070	50094	49638	50142	50886	49185	49212	50979	50286	49833	49860	49347	49374	51141	51168	50475	50515	50072	50109	50626	49643	51420	50737	50774	50331	49824	49857	50430	51663	51696	51729	51042	50595	50635	50132	51909	51946	51263	51300	50857	50354	50385	50412	51459	52206	52233	51540	51087	51114	50601	50628	52395	52447	51776	51825	51394	50903	50952	51522	51546	52770	52794	52818	52122	51666	51690	51174	52218	52962	52266	52315	51872	51909	53146	51443	52020	53257	51554	52605	53352	52659	51666	52233	52740	51747	53514	52821	52368	52395	53622	51906	52470	51954	51978	53742	53046	53070	52614	53838	53142	52146	53935	53252	52809	52846	52343	52920	52417	54194	52491	54264	53577	53610	53163	54396	53709	52722	52755	54557	53896	53475	53534	53053	53075	54832	54849	54146	54163	53700	53717	54214	53211	53228	54985	54282	54299	53836	55053	53870	55087	53417	55216	54555	54134	54193	53695	54752	53769	55546	54863	54900	54457	53954	54557	55816	55875	55934	54793	55311	54864	54357	55410	55443	54456	56229	55542	55575	55125	54612	54639	55206	56433	56460	54747	56514	55821	55368	55395	56672	55006	55080	56894	56205	56232	55779	55266	57033	57060	55887	55374	57141	56448	57195	56627	56296	56815	56372	55869	57646	56963	57720	57757	56594	56672	56206	56280	58094	57405	57432	58179	58206	57513	57060	56547	56574	58341	57648	58395	58697	58077	57696	57795	57291	59064	59097	58410	59163	58476	58509	58062	57555	57607	59396	59445	59494	58823	58392	58457	57976	58035	59114	59173	
TRANSPORT_MODE
0	2	2	4	4	4	4	2	0	4	1	4	4	4	2	0	2	4	4	4	0	4	4	2	0	4	4	4	4	1	4	0	0	2	4	4	4	4	4	0	0	2	4	4	4	4	4	4	0	2	4	4	4	4	4	0	0	3	3	4	4	4	4	4	0	0	2	4	4	4	4	4	0	3	3	4	4	4	4	4	0	0	2	4	4	4	1	4	0	0	3	4	4	4	4	4	0	0	4	2	1	4	4	1	4	0	3	1	4	4	4	4	0	0	1	2	2	4	4	4	4	0	0	4	3	4	4	4	4	0	1	2	2	1	4	4	1	0	0	4	3	4	4	1	4	0	0	4	2	4	4	4	4	0	0	1	3	4	4	4	4	4	0	4	2	1	4	4	4	0	0	4	3	3	4	4	4	4	0	4	2	4	4	4	4	0	0	4	3	3	1	4	1	4	0	4	2	4	1	4	4	0	0	4	3	4	1	4	4	0	0	1	4	2	4	1	4	4	0	1	3	4	4	1	4	0	0	4	4	2	2	4	4	4	0	0	1	3	1	4	4	1	0	4	2	2	4	1	4	4	0	0	4	3	4	4	4	1	0	0	4	2	4	4	1	1	0	0	4	4	3	1	1	1	4	0	4	2	4	4	4	1	0	0	4	1	3	3	4	4	1	0	4	4	2	1	4	4	0	0	4	3	3	4	1	4	1	0	1	2	4	1	4	4	0	0	1	4	3	4	1	4	0	0	4	4	2	4	4	1	4	0	1	3	1	4	1	1	0	0	1	4	2	2	1	4	4	0	4	4	3	4	1	4	0	0	1	2	2	4	4	1	1	0	4	3	1	1	4	4	0	0	4	1	2	1	4	4	0	0	4	1	3	4	1	1	4	0	1	2	4	4	4	1	0	0	1	4	3	3	4	1	1	0	0	4	1	2	4	1	1	0	4	3	3	1	1	4	4	0	1	2	4	1	4	4	0	0	4	3	1	4	1	1	0	0	1	4	2	1	1	4	1	0	1	3	1	4	4	1	0	0	4	1	2	2	4	1	4	0	1	3	4	4	1	4	0	0	1	2	2	1	1	1	1	0	1	3	1	4	4	1	0	0	1	2	4	4	1	1	0	0	4	3	1	4	1	4	4	0	4	2	1	1	1	1	0	0	4	3	3	1	1	4	1	0	1	2	1	1	1	1	0	0	4	3	3	1	4	4	1	0	1	2	4	4	4	4	0	0	1	3	1	1	1	4	0	0	1	2	1	1	1	1	1	0	3	4	1	4	1	1	0	0	1	2	2	1	4	1	1	0	3	1	4	4	4	1	0	2	2	1	1	1	1	1	0	0	3	1	1	4	4	1	0	2	1	1	1	1	1	0	0	3	4	1	1	1	1	4	0	2	4	1	4	1	1	0	0	3	3	1	1	1	1	4	0	2	1	1	1	1	3	0	0	3	1	1	1	4	1	2	0	1	4	1	1	4	3	0	0	1	1	1	1	1	2	0	0	1	1	4	1	1	1	0	0	3	1	1	1	1	1	0	0	2	2	4	1	1	1	1	0	3	1	1	4	1	1	0	2	2	1	1	1	4	3	0	0	1	1	1	1	1	2	0	1	1	1	1	4	1	0	0	3	1	1	1	1	1	0	0	2	1	4	1	1	1	0	0	3	3	1	1	1	1	1	0	2	1	1	1	1	1	0	3	3	1	4	1	1	3	0	0	1	1	1	1	1	3	0	1	1	1	1	1	1	0	0	3	1	1	1	1	1	0	0	3	1	1	1	1	1	0	0	3	4	1	1	1	1	1	0	3	1	1	1	1	1	0	0	
DISTANCE_MATRIX
60	360	318	300	288	276	264	264	150	150	150	60	90	90	162	168	204	228	234	312	360	408	348	318	168	192	168	318	
360	60	264	318	324	342	342	342	348	348	354	360	372	378	378	420	420	480	462	498	462	462	384	420	372	420	378	378	
318	264	60	270	276	288	288	288	294	294	294	318	318	324	324	414	414	468	462	486	462	462	330	366	366	408	372	324	
300	318	270	60	276	288	288	288	288	288	288	300	300	312	318	408	408	468	462	486	438	438	318	360	360	402	360	312	
288	324	276	276	60	276	276	276	276	276	276	288	288	300	300	402	396	462	456	480	432	432	300	360	360	402	348	300	
276	342	288	288	276	60	180	180	252	258	264	264	264	288	288	390	390	456	450	480	432	432	288	348	348	348	288	288	
264	342	288	288	276	180	60	180	246	258	264	264	264	288	288	390	390	456	450	480	432	432	288	348	348	348	288	288	
264	342	288	288	276	180	180	60	240	258	264	264	264	288	288	390	390	456	450	480	432	432	288	348	348	348	288	288	
150	348	294	288	276	252	246	240	60	120	120	150	126	270	270	378	384	420	438	480	420	408	276	300	300	300	276	270	
150	348	294	288	276	258	258	258	120	60	120	150	150	270	270	378	384	420	438	480	420	408	276	300	300	300	276	270	
150	354	294	288	276	264	264	264	120	120	60	150	150	270	270	378	384	420	438	480	420	408	276	300	300	300	276	270	
60	360	318	300	288	264	264	264	150	150	150	60	90	162	168	228	234	312	360	408	348	318	168	192	192	198	168	162	
90	372	318	300	288	264	264	264	150	150	150	90	60	162	168	228	234	312	360	408	348	318	168	192	192	198	168	162	
90	378	324	312	300	288	288	288	270	270	270	162	162	60	120	180	180	306	210	360	300	300	120	180	120	180	120	234	
162	378	324	318	300	288	288	288	270	270	270	168	168	120	60	180	180	306	210	360	300	300	120	180	120	180	120	120	
168	420	414	408	402	348	348	348	300	300	300	228	228	180	180	60	132	204	132	348	258	258	186	60	180	132	222	180	
204	420	414	408	396	390	390	390	384	384	384	234	234	180	180	132	60	204	132	348	258	258	186	60	180	132	222	180	
228	480	468	468	462	456	456	456	420	420	420	312	312	306	306	204	204	60	198	120	240	240	306	204	306	138	306	306	
234	462	462	462	456	450	450	450	438	438	438	360	360	210	210	132	132	198	60	138	132	132	210	132	210	132	210	210	
312	498	486	486	480	480	480	480	480	480	480	408	408	360	360	348	348	120	138	60	348	348	360	348	360	348	360	360	
360	462	462	438	432	432	432	432	420	420	420	348	348	300	300	258	258	240	132	348	60	60	300	258	300	258	300	300	
408	462	462	438	432	432	432	432	408	408	408	318	318	300	300	258	258	240	132	348	60	60	300	258	300	258	300	300	
348	384	330	318	300	288	288	288	276	276	276	168	168	120	120	186	186	306	210	360	300	300	60	186	120	186	120	120	
318	420	366	360	360	348	348	348	300	300	300	192	192	180	180	60	60	204	132	348	258	258	186	60	180	60	180	180	
168	372	300	306	300	288	288	288	270	270	270	168	168	120	120	180	180	306	210	360	300	300	120	180	60	180	120	120	
192	420	408	402	402	348	348	348	300	300	300	198	198	180	180	132	132	138	132	348	258	258	186	60	180	60	180	180	
168	378	372	360	348	288	288	288	276	276	276	168	168	120	120	222	222	306	210	360	300	300	120	180	120	180	60	120	
318	378	324	312	300	288	288	288	270	270	270	162	162	234	120	180	180	306	210	360	300	300	120	180	120	180	120	60	
DEPOT_DISTANCE_MATRIX
60	360	318	300	288	276	264	264	150	150	150	60	90	90	162	168	204	228	234	312	360	408	348	318	168	192	168	318	
162	378	324	318	300	288	288	288	270	270	270	168	168	120	60	180	180	306	210	360	300	300	120	180	120	180	120	120	
318	420	366	360	360	348	348	348	300	300	300	192	192	180	180	60	60	204	132	348	258	258	186	60	180	60	180	180	
PATIENT_WEIGHT
149	88	40	72	140	135	37	50	120	109	115	38	91	50	55	96	73	123	90	70	35	47	47	104	126	35	41	90	70	118	51	104	101	144	130	117	60	64	45	60	131	64	126	34	124	135	110	49	83	77	59	123	39	31	127	37	135	85	65	96	59	63	73	71	77	41	60	55	95	41	132	135	100	93	36	126	111	92	35	69	102	89	131	134	137	135	64	44	110	134	61	125	49	53	66	30	78	39	39	53	40	31	55	36	77	42	130	148	37	72	93	39	87	83	124	112	131	51	129	122	105	55	74	113	37	119	51	67	100	32	79	60	82	104	72	67	75	149	116	49	70	136	41	69	92	120	57	97	41	92	134	57	109	84	57	39	108	60	143	97	63	64	111	103	133	40	139	35	119	65	50	113	66	75	121	71	125	60	30	131	32	120	114	69	84	50	53	93	42	79	47	62	133	146	119	106	64	150	114	145	138	43	75	82	47	38	108	147	147	52	73	33	66	130	115	76	49	64	128	120	95	97	145	127	106	102	98	83	107	133	149	55	71	128	116	137	87	104	114	82	106	44	76	132	84	92	108	137	137	106	77	132	100	49	79	68	102	30	99	123	44	144	102	44	69	35	84	112	35	87	98	92	92	30	123	59	96	40	33	68	32	39	102	52	122	49	119	109	150	101	137	142	143	63	39	53	58	135	132	144	76	59	68	110	140	38	65	39	144	129	90	74	66	72	94	95	145	79	74	115	70	111	147	77	147	47	30	83	135	84	103	93	60	143	84	90	114	139	58	48	110	139	116	34	147	84	101	124	87	101	78	117	79	44	30	150	104	102	35	33	35	114	127	114	73	108	91	53	71	143	83	143	117	80	55	37	54	81	95	76	101	87	48	44	124	43	147	116	54	134	88	30	85	130	45	144	41	54	62	121	102	81	72	61	95	50	90	36	35	122	67	50	147	87	77	125	117	70	44	51	42	50	76	140	147	60	150	144	137	53	107	47	66	74	102	92	37	110	82	56	53	85	143	42	116	82	50	52	38	87	111	62	42	110	32	142	139	125	112	100	73	40	30	31	147	44	43	114	39	84	147	139	86	96	131	42	73	118	126	130	38	43	42	62	77	96	125	113	90	86	147	58	51	66	112	107	66	97	70	42	97	125	34	85	80	119	124	68	33	42	51	148	45	65	119	63	140	75	122	132	97	116	38	138	136	122	116	121	147	58	136	63	58	35	126	40	139	148	68	42	149	117	100	122	147	79	61	87	45	35	144	67	111	139	57	87	70	57	109	70	36	129	77	31	47	52	135	72	43	122	123	55	96	70	99	143	80	97	43	48	67	31	124	85	150	106	118	131	145	37	98	80	91	123	43	71	77	33	63	96	145	40	107	98	30	132	112	43	118	76	41	35	123	139	35	144	105	49	82	58	71	139	57	45	101	79	118	111	63	48	134	76	101	61	36	48	77	134	69	91	60	57	85	119	141	30	80	135	37	102	122	80	83	134	33	123	86	94	94	100	69	50	40	32	76	91	124	36	50	82	72	54	117	134	150	101	90	73	77	77	123	34	49	132	78	31	125	59	133	93	82	71	85	130	138	51	149	76	112	135	38	43	134	131	150	93	149	125	87	134	67	113	67	141	148	95	77	73	92	112	109	47	127	115	57	92	94	41	77	72	36	33	95	35	128	89	146	144	44	32	64	123	125	107	79	72	96	144	48	125	143	140	79	105	40	55	41	131	45	104	122	97	106	33	114	67	104	141	97	145	145	92	59	147	38	39	72	50	67	117	90	122	105	147	123	52	135	121	45	51	76	62	38	91	85	35	98	64	42	54	62	
LOCATION_TURN_MATRIX
100	130	122	113	112	199	136	122	129	152	173	146	151	136	158	140	176	113	122	167	194	134	110	172	114	184	100	147	
170	100	154	188	164	169	136	136	152	170	104	183	155	115	101	104	155	187	174	115	149	134	178	168	114	135	168	102	
178	146	100	161	178	114	104	165	117	139	126	169	192	109	120	179	160	152	154	134	113	140	154	179	196	196	192	181	
187	112	139	100	158	114	195	181	104	132	195	106	183	169	132	170	140	136	172	148	116	110	123	136	151	120	176	169	
188	136	122	142	100	175	164	159	112	100	167	164	135	191	132	181	104	123	142	156	108	117	193	182	116	147	156	185	
101	131	186	186	125	100	190	147	164	150	137	102	145	176	185	131	113	108	117	186	118	151	140	178	154	189	172	110	
164	164	196	105	136	110	100	186	153	151	183	193	111	157	144	123	188	142	110	163	105	190	166	187	170	171	186	126	
178	164	135	119	141	153	114	100	106	130	108	103	151	178	122	151	130	133	184	177	110	141	166	110	122	174	191	197	
171	148	183	196	188	136	147	194	100	167	100	146	168	129	128	142	172	118	174	147	105	158	156	160	120	106	119	136	
148	130	161	168	200	150	149	170	133	100	177	106	175	116	188	180	176	194	108	146	130	187	183	173	128	141	169	176	
127	196	174	105	133	163	117	192	200	123	100	171	175	140	183	115	104	186	128	153	151	175	100	146	191	117	132	197	
154	117	131	194	136	198	107	197	154	194	129	100	136	184	140	147	172	184	148	131	103	156	185	200	152	158	154	143	
149	145	108	117	165	155	189	149	132	125	125	164	100	140	199	142	101	144	163	185	117	191	200	143	113	165	102	154	
164	185	191	131	109	124	143	122	171	184	160	116	160	100	109	116	196	113	131	186	166	139	183	175	144	161	105	170	
142	199	180	168	168	115	156	178	172	112	117	160	101	191	100	147	177	177	199	158	172	188	164	175	180	168	154	195	
160	196	121	130	119	169	177	149	158	120	185	153	158	184	153	100	152	159	197	157	181	159	102	123	168	200	124	186	
124	145	140	160	196	187	112	170	128	124	196	128	199	104	123	148	100	149	114	112	117	135	105	132	138	180	198	156	
187	113	148	164	177	192	158	167	182	106	114	116	156	187	123	141	151	100	166	132	168	163	159	123	129	173	161	116	
178	126	146	128	158	183	190	116	126	192	172	152	137	169	101	103	186	134	100	184	199	137	130	160	148	113	140	150	
133	185	166	152	144	114	137	123	153	154	147	169	115	114	142	143	188	168	116	100	111	195	128	157	191	164	141	171	
106	151	187	184	192	182	195	190	195	170	149	197	183	134	128	119	183	132	101	189	100	129	151	163	147	166	104	177	
166	166	160	190	183	149	110	159	142	113	125	144	109	161	112	141	165	137	163	105	171	100	101	185	169	129	103	197	
190	122	146	177	107	160	134	134	144	117	200	115	100	117	136	198	195	141	170	172	149	199	100	106	150	116	118	145	
128	132	121	164	118	122	113	190	140	127	154	100	157	125	125	177	168	177	140	143	137	115	194	100	128	167	115	155	
186	186	104	149	184	146	130	178	180	172	109	148	187	156	120	132	162	171	152	109	153	131	150	172	100	155	124	184	
116	165	104	180	153	111	129	126	194	159	183	142	135	139	132	100	120	127	187	136	134	171	184	133	145	100	129	192	
200	132	108	124	144	128	114	109	181	131	168	146	198	195	146	176	102	139	160	159	196	197	182	185	176	171	100	146	
153	198	119	131	115	190	174	103	164	124	103	157	146	130	105	114	144	184	150	129	123	103	155	145	116	108	154	100	

