INDEX_PROBLEM
1
PATIENTS
800
STRETCHERS
16
NUM_ROOM
28
NUM_DEPOTS
3
NUM_PRIORITY
4
PRIORITY_LIST
0	1	2	3	4	
PRIORITY_WEIGHT
0	1	10	18	30	
PRIORITY_JOB
0	1	2	3	3	4	1	3	2	2	3	4	4	1	2	3	3	3	4	1	2	2	4	3	3	3	4	1	2	3	3	4	4	4	1	2	2	3	4	3	3	4	1	2	2	3	4	3	4	4	1	2	3	3	4	3	4	1	4	1	2	2	3	1	4	4	1	2	3	3	1	4	4	2	1	2	4	3	2	1	4	1	2	3	3	4	1	3	4	1	2	2	3	3	1	2	4	4	1	2	2	3	1	3	1	4	4	1	2	3	3	2	2	4	1	2	2	3	4	4	3	1	4	1	2	3	3	4	4	1	2	2	3	1	4	2	1	4	1	2	3	3	4	1	4	1	2	2	3	1	4	3	1	3	4	3	1	2	2	2	4	4	4	4	1	2	3	3	3	1	3	4	1	2	2	1	2	3	4	4	1	2	3	4	1	3	4	1	2	2	2	4	3	4	4	1	2	3	1	3	3	4	4	1	2	2	2	1	3	3	4	1	2	2	1	4	2	3	4	4	4	1	2	1	2	3	3	4	1	2	2	3	3	1	3	4	1	2	3	2	3	4	4	1	2	2	4	1	3	1	1	4	4	1	2	2	3	3	4	4	1	2	4	3	1	1	2	3	3	4	1	1	2	2	3	4	4	1	3	4	3	2	1	3	3	4	4	1	1	2	2	3	4	1	4	4	2	1	3	3	4	4	2	2	1	2	2	3	4	4	1	3	1	2	3	3	4	1	1	2	2	3	2	4	3	4	1	3	2	1	2	3	4	4	1	2	1	2	3	3	4	1	2	4	1	2	1	3	4	4	1	2	1	2	3	3	4	1	2	3	2	1	3	4	4	1	2	2	3	3	4	4	1	2	4	4	2	1	1	3	3	4	1	1	3	2	2	3	4	4	1	3	3	2	3	1	1	3	4	4	2	1	2	2	3	4	1	1	4	2	3	1	3	4	4	2	4	1	2	2	3	4	1	2	3	3	1	3	4	4	1	2	1	2	2	3	3	4	1	2	3	2	1	3	4	4	1	1	2	2	3	3	4	4	1	2	4	3	2	3	1	4	1	2	1	3	3	4	4	1	2	4	2	2	3	1	4	2	1	4	1	3	3	4	1	2	2	3	3	3	3	1	1	4	1	2	2	2	3	4	4	4	1	4	3	4	2	3	1	1	3	4	1	1	2	2	3	4	1	2	4	3	3	3	1	4	4	1	2	2	2	3	4	4	1	2	4	3	1	3	4	1	2	1	2	2	3	3	4	1	2	2	3	3	1	4	4	2	2	1	2	1	4	3	3	4	1	2	2	4	3	4	1	1	2	3	1	2	3	4	4	1	2	2	4	3	4	1	1	2	3	3	2	4	4	1	2	2	3	3	4	3	1	1	4	1	2	2	1	3	4	4	2	2	3	3	4	4	3	1	1	4	4	1	2	1	2	3	4	1	2	3	3	4	3	1	4	1	2	2	2	3	4	4	1	2	3	3	3	4	1	4	1	2	2	1	2	3	3	4	1	2	2	3	4	1	4	4	2	2	3	1	2	3	4	1	2	2	3	4	3	1	4	1	1	2	3	3	1	4	1	2	2	3	4	4	2	4	1	1	2	3	3	4	2	4	1	2	2	3	3	3	3	1	1	3	1	2	4	3	1	4	4	2	2	3	3	4	3	4	1	1	1	2	2	3	1	4	1	2	3	3	4	4	4	1	4	1	2	2	3	1	2	1	4	1	2	3	3	1	4	4	1	2	2	3	2	1	1	1	3	4	1	2	1	1	3	3	4	4	1	2	2	1	2	1	1	2	3	3	4	1	1	1	2	2	3	4	4	1	2	
TIME_ASKED
0	28800	28800	28800	28800	28800	28800	28800	28800	28800	28800	28800	28800	28800	28800	28800	28800	29545	29574	29603	29632	29661	29690	29742	29784	29826	29868	29910	29952	29994	30029	30058	30087	30116	30145	30174	30203	30232	30261	30290	30329	30358	30387	30416	30445	30474	30503	30532	30561	30590	30621	30642	30663	30684	30705	30726	30747	30768	30789	30810	30831	30852	30873	30894	30949	30998	31047	31096	31145	31194	31227	31254	31281	31308	31335	31362	31389	31416	31443	31470	31497	31524	31548	31572	31596	31620	31644	31668	31692	31716	31740	31764	31788	31837	31874	31911	31948	31985	32022	32059	32096	32159	32218	32277	32336	32395	32419	32438	32457	32476	32495	32514	32533	32552	32571	32590	32609	32628	32647	32666	32685	32759	32818	32877	32936	32995	33027	33054	33081	33108	33135	33162	33189	33216	33243	33270	33297	33333	33366	33399	33432	33465	33498	33531	33564	33597	33616	33632	33648	33664	33680	33696	33712	33728	33744	33760	33776	33792	33808	33824	33840	33856	33872	33888	33933	33966	33999	34032	34065	34098	34131	34164	34197	34242	34284	34326	34368	34410	34452	34494	34533	34566	34599	34632	34665	34698	34731	34764	34797	34827	34854	34881	34908	34935	34962	34989	35016	35043	35070	35097	35137	35174	35211	35248	35285	35322	35359	35396	35433	35466	35499	35532	35565	35598	35631	35664	35697	35723	35746	35769	35792	35815	35838	35861	35884	35907	35930	35953	35976	35999	36023	36046	36069	36092	36115	36138	36161	36184	36207	36230	36253	36276	36299	36327	36354	36381	36408	36435	36462	36489	36516	36543	36570	36597	36619	36638	36657	36676	36695	36714	36733	36752	36771	36790	36809	36828	36847	36866	36885	36949	36998	37047	37096	37145	37194	37259	37318	37377	37436	37495	37549	37598	37647	37696	37745	37794	37827	37854	37881	37908	37935	37962	37989	38016	38043	38070	38097	38123	38146	38169	38192	38215	38238	38261	38284	38307	38330	38353	38376	38399	38419	38438	38457	38476	38495	38514	38533	38552	38571	38590	38609	38628	38647	38666	38685	38742	38784	38826	38868	38910	38952	38994	39029	39058	39087	39116	39145	39174	39203	39232	39261	39290	39349	39398	39447	39496	39545	39594	39633	39666	39699	39732	39765	39798	39831	39864	39897	39937	39974	40011	40048	40085	40122	40159	40196	40242	40284	40326	40368	40410	40452	40494	40542	40584	40626	40668	40710	40752	40794	40849	40898	40947	40996	41045	41094	41133	41166	41199	41232	41265	41298	41331	41364	41397	41423	41446	41469	41492	41515	41538	41561	41584	41607	41630	41653	41676	41699	41749	41798	41847	41896	41945	41994	42099	42198	42297	42342	42384	42426	42468	42510	42552	42594	42699	42798	42897	42923	42946	42969	42992	43015	43038	43061	43084	43107	43130	43153	43176	43199	43237	43274	43311	43348	43385	43422	43459	43496	43549	43598	43647	43696	43745	43794	43899	43998	44097	44159	44218	44277	44336	44395	44459	44518	44577	44636	44695	44799	44898	44997	45033	45066	45099	45132	45165	45198	45231	45264	45297	45337	45374	45411	45448	45485	45522	45559	45596	45637	45674	45711	45748	45785	45822	45859	45896	45959	46018	46077	46136	46195	46249	46298	46347	46396	46445	46494	46537	46574	46611	46648	46685	46722	46759	46796	46821	46842	46863	46884	46905	46926	46947	46968	46989	47010	47031	47052	47073	47094	47199	47298	47397	47437	47474	47511	47548	47585	47622	47659	47696	47737	47774	47811	47848	47885	47922	47959	47996	48049	48098	48147	48196	48245	48294	48324	48348	48372	48396	48420	48444	48468	48492	48516	48540	48564	48588	48627	48654	48681	48708	48735	48762	48789	48816	48843	48870	48897	48937	48974	49011	49048	49085	49122	49159	49196	49233	49266	49299	49332	49365	49398	49431	49464	49497	49537	49574	49611	49648	49685	49722	49759	49796	49827	49854	49881	49908	49935	49962	49989	50016	50043	50070	50097	50149	50198	50247	50296	50345	50394	50424	50448	50472	50496	50520	50544	50568	50592	50616	50640	50664	50688	50737	50774	50811	50848	50885	50922	50959	50996	51027	51054	51081	51108	51135	51162	51189	51216	51243	51270	51297	51324	51348	51372	51396	51420	51444	51468	51492	51516	51540	51564	51588	51637	51674	51711	51748	51785	51822	51859	51896	51933	51966	51999	52032	52065	52098	52131	52164	52197	52259	52318	52377	52436	52495	52517	52534	52551	52568	52585	52602	52619	52636	52653	52670	52687	52704	52721	52738	52755	52772	52789	52859	52918	52977	53036	53095	53137	53174	53211	53248	53285	53322	53359	53396	53459	53518	53577	53636	53695	53733	53766	53799	53832	53865	53898	53931	53964	53997	54027	54054	54081	54108	54135	54162	54189	54216	54243	54270	54297	54374	54448	54522	54596	54627	54654	54681	54708	54735	54762	54789	54816	54843	54870	54897	55049	55198	55237	55274	55311	55348	55385	55422	55459	55496	55574	55648	55722	55796	55827	55854	55881	55908	55935	55962	55989	56016	56043	56070	56097	56399	56499	56598	56697	56733	56766	56799	56832	56865	56898	56931	56964	56997	57049	57098	57147	57196	57245	57294	57359	57418	57477	57536	57595	
ORIGIN
0	16	6	27	19	7	27	14	25	14	23	10	2	23	11	8	14	14	3	23	1	4	1	14	14	14	16	7	27	20	20	14	23	9	1	23	11	14	14	13	2	2	2	3	24	14	14	26	27	6	27	18	7	27	20	8	14	14	17	2	23	12	2	15	5	1	23	14	4	24	12	12	25	12	25	27	19	8	23	9	9	1	23	11	2	14	14	14	14	27	27	24	14	4	5	7	1	5	18	7	27	20	8	1	16	23	17	23	12	2	14	14	14	14	14	4	24	15	4	2	16	14	3	3	3	27	23	12	14	2	10	2	23	14	2	11	14	14	27	14	27	26	20	20	20	14	14	27	20	14	3	13	23	14	14	27	20	23	4	14	27	27	27	24	15	4	23	16	23	26	26	26	14	2	8	14	14	14	5	23	12	2	23	11	11	1	14	14	14	27	14	14	13	1	14	20	8	27	3	13	14	5	4	2	14	13	26	7	7	23	1	14	4	26	14	14	23	23	23	23	23	8	1	14	1	1	23	12	2	23	14	3	14	14	14	11	27	11	14	12	16	14	14	8	27	23	14	16	3	7	14	14	14	14	2	7	20	14	23	7	26	16	1	1	13	1	23	23	26	14	3	2	13	14	27	27	23	13	3	23	2	27	23	2	11	1	1	14	7	14	2	2	23	8	1	27	2	14	1	14	14	2	1	4	26	14	14	27	16	5	26	14	14	14	5	1	3	14	14	14	27	27	27	27	13	2	23	14	3	7	23	23	1	7	14	3	27	23	27	27	8	1	23	10	27	14	16	14	26	26	14	14	23	16	16	8	5	26	26	14	19	2	2	2	3	14	14	10	23	3	1	4	2	23	7	26	20	2	23	10	7	7	1	2	27	2	2	2	1	23	10	1	14	2	2	27	2	14	27	14	14	4	2	2	27	16	23	1	27	14	14	14	14	3	3	3	22	4	27	27	23	14	3	26	26	26	26	14	14	20	3	20	3	14	14	13	23	10	1	14	14	14	14	14	14	27	27	14	3	3	23	2	16	6	27	19	7	23	14	14	14	14	14	14	2	14	27	3	14	3	23	14	19	4	14	2	14	25	14	26	3	2	13	27	9	26	23	11	26	26	16	1	7	14	14	2	2	10	27	8	5	27	18	7	2	16	27	14	14	14	22	22	22	23	15	4	3	23	14	4	2	2	23	1	26	14	26	26	26	14	4	2	1	23	11	2	23	14	7	27	14	14	15	15	14	2	2	23	26	17	7	27	14	14	23	14	2	27	27	20	24	27	11	14	23	14	4	24	15	23	11	14	14	3	26	3	14	14	26	1	23	10	2	14	23	26	14	14	27	15	14	26	7	27	26	26	16	7	27	14	27	26	27	27	20	20	2	2	8	20	16	23	14	3	24	14	4	14	12	3	26	14	14	2	14	27	14	23	10	2	23	12	14	14	14	14	27	14	27	9	27	14	19	14	7	26	19	2	27	14	14	16	16	11	2	1	2	14	23	14	3	24	14	4	2	14	1	1	14	7	27	26	14	14	2	10	1	23	12	2	23	4	14	27	14	14	24	1	15	14	16	6	27	19	7	27	26	14	22	20	20	2	23	14	2	27	14	3	23	14	14	8	4	27	26	26	7	27	20	14	14	23	9	1	23	4	2	23	14	26	14	14	4	24	15	14	1	10	6	27	18	7	27	14	14	14	17	10	2	23	2	2	14	14	3	23	14	4	27	2	2	2	25	7	27	20	14	14	14	9	1	23	11	2	1	4	14	1	14	3	24	14	1	4	14	5	27	18	7	27	20	8	14	14	2	1	23	12	2	16	1	
DESTINATION
0	14	17	2	22	23	2	15	14	3	27	14	14	27	12	14	25	25	14	4	23	14	23	9	9	9	16	20	2	14	14	4	27	14	14	27	15	5	5	7	27	27	27	14	2	26	8	14	23	17	2	27	20	2	14	14	16	16	6	14	27	11	14	14	14	23	3	26	14	2	11	11	14	11	14	2	22	14	1	14	14	14	27	15	14	20	20	20	20	23	23	1	26	14	14	13	23	14	27	20	2	14	14	14	14	27	6	27	11	14	20	20	8	26	26	14	2	14	14	14	14	5	23	23	23	2	27	11	25	14	14	14	27	8	14	12	9	1	23	1	23	3	14	14	14	5	4	2	14	4	26	7	1	5	5	18	7	1	14	1	23	23	23	2	14	14	1	14	1	14	14	14	4	24	14	2	16	16	14	27	11	14	1	12	12	14	2	2	2	23	2	16	7	14	16	14	14	2	26	7	20	14	14	27	20	7	3	13	13	1	23	26	14	3	4	2	27	27	27	27	27	14	14	16	23	23	27	11	14	1	25	14	4	8	5	12	23	12	2	11	14	1	1	14	2	27	1	14	26	13	1	20	20	8	27	13	14	5	1	20	3	14	14	14	7	23	1	27	14	4	26	14	7	2	23	23	1	7	14	3	27	23	1	27	12	23	23	3	13	16	14	14	26	14	14	23	14	16	14	8	8	27	14	14	3	2	2	2	14	14	3	10	20	20	14	23	26	16	1	1	2	2	23	23	7	14	1	2	14	13	27	27	23	13	3	23	2	27	2	2	14	14	27	14	2	4	14	2	23	23	1	1	27	14	14	14	14	3	14	3	22	14	14	14	26	5	5	14	3	26	23	14	14	1	20	3	7	27	27	14	13	13	23	14	23	27	14	14	14	27	14	14	3	27	27	23	27	1	23	10	10	14	14	14	2	14	27	14	2	16	16	16	5	26	14	14	19	14	2	2	1	25	14	3	3	3	3	4	2	7	26	7	26	16	1	7	27	14	14	2	2	2	2	2	1	23	23	1	14	14	27	14	14	17	2	22	23	27	2	2	2	1	16	1	27	2	23	26	25	14	4	26	22	14	4	27	2	14	3	14	26	14	7	23	14	14	27	15	14	3	14	14	13	1	1	14	14	14	23	14	14	2	27	20	24	14	23	16	2	16	19	19	19	7	11	14	14	3	26	14	14	14	27	23	3	3	14	14	14	26	14	14	14	27	15	14	7	26	13	2	26	26	11	11	26	27	27	27	3	9	20	2	8	10	27	16	27	18	18	7	2	23	12	4	3	26	14	2	14	27	15	4	3	23	14	26	2	2	14	14	27	14	14	9	27	14	4	2	23	11	2	14	23	2	14	3	16	20	2	1	2	14	2	23	7	7	27	27	14	14	14	1	26	14	2	26	14	4	11	23	14	4	4	24	15	23	25	27	14	14	27	11	15	26	26	1	23	26	23	14	23	25	22	20	20	14	22	14	2	26	26	16	16	15	27	14	27	26	27	26	14	1	26	14	14	16	23	23	3	20	2	14	4	20	14	14	14	27	11	14	1	14	10	23	2	2	2	14	14	15	14	17	2	22	23	2	14	9	19	14	7	14	27	2	27	2	25	14	5	26	1	14	14	23	14	14	20	2	14	4	2	1	14	14	27	14	14	1	4	14	2	10	14	2	14	2	23	14	17	2	27	23	2	16	1	16	6	14	14	27	27	27	4	25	14	4	26	14	23	27	27	27	14	20	2	14	8	8	4	14	14	27	15	14	23	14	9	23	9	14	1	26	23	14	16	14	2	27	20	2	14	14	26	10	27	14	27	11	14	14	14	
DUE_DATE
0	31147	30476	30045	30094	29603	31392	30247	30776	30825	30394	29903	29952	31727	31036	30585	30614	30643	30132	31901	31210	31239	30248	30840	30882	30924	30426	32208	31530	31092	31127	30616	30645	30674	32443	31752	31781	31330	30819	31388	31427	30916	32685	31994	32023	31572	31061	31630	31119	31148	32919	32220	31761	31782	31263	31824	31305	33066	31347	33108	32409	32430	31971	33192	31507	31556	33345	32674	32243	32292	33525	31812	31839	32886	33633	32940	31947	32514	33021	33768	32055	33822	33126	32670	32694	32178	33942	32766	32250	34014	33318	33342	32886	32935	34172	33489	32506	32543	34320	33637	33674	33257	34516	33375	34634	32953	32977	34736	34035	33574	33593	34092	34111	33110	34869	34168	34187	33726	33205	33224	33783	35057	33376	35175	34514	34093	34125	33612	33639	35406	34713	34740	34287	35514	33801	34848	35595	33891	35664	34977	34530	34563	34056	35829	34122	35895	35194	35210	34746	35962	34238	34794	36010	34826	34302	34858	36074	35370	35386	35402	34398	34414	34430	34446	36231	35544	35097	35130	35163	36396	35229	34722	36495	35820	35862	36624	35946	35508	35010	35052	36831	36144	35697	35190	36963	35796	35289	37062	36375	36405	36432	35439	36006	35493	35520	37287	36594	36141	37368	36195	36235	35732	35769	37546	36863	36900	36937	37694	36531	36564	36057	37830	37143	37176	37929	36222	37275	36821	36304	36327	36350	38113	37416	38159	37462	37005	37028	36511	38274	37577	37601	37144	37167	38390	37213	36696	38459	37762	37305	37808	37351	36834	36857	38625	37932	37959	36966	38733	37560	38787	38814	37101	37128	38895	38197	38216	37755	37774	37253	37272	39031	38330	37329	37888	39107	39126	38425	37964	37983	37507	39296	39345	38674	38723	38292	37817	37876	39675	38534	38053	38647	39176	39945	38794	38843	38352	38385	40152	40179	39486	39513	39060	38547	40314	38601	38628	39675	40421	39244	39267	38750	38773	39816	39839	40582	39885	39908	39451	38934	38957	40717	39536	40755	40054	39593	39612	39091	40850	40869	40168	40187	39726	40225	39224	39783	39300	41082	39924	40446	41208	40530	40092	39587	39616	41385	40694	41443	40752	40301	40330	39819	41588	40927	39956	41745	41074	41843	40692	40191	40224	41997	41310	42063	41376	40929	40962	40455	42235	41552	41109	41626	42383	41220	40717	40754	42540	41862	41904	41466	41508	41010	41052	42840	42162	41184	41226	42288	43050	43092	41947	41996	41505	43294	43343	42192	42711	42744	42297	41790	41823	43596	42429	42462	42975	42521	43744	43767	42590	42073	42096	43139	43882	43185	43208	42751	42234	43997	44047	42356	43425	42994	44243	43092	42657	42756	43875	42900	44682	44004	44046	43608	43110	44892	44277	43896	43995	45221	44044	43527	43550	45313	44616	45359	44662	44685	44228	44251	43734	45497	44815	44372	44889	45646	44483	43980	44017	45794	45847	45176	45225	44794	44843	44352	44457	46296	45675	44717	45316	45855	45434	46693	45017	46816	46155	46934	45793	45897	45456	45555	47331	46644	45657	46710	46743	46296	47529	45822	46875	47635	45932	47709	46546	46583	46080	47857	47174	47215	46772	46809	46846	46883	48120	48157	46454	48257	47596	47655	47714	47293	46807	46856	46905	48694	47003	47592	47095	48152	47709	48946	48983	47820	47317	49094	49119	48420	48441	47982	47463	49224	48525	47526	48087	48108	48129	49350	47631	47652	49497	48876	48975	49015	48572	48069	48106	49883	49200	48217	48794	50035	48872	48369	50146	49463	50220	49537	49574	49147	49196	48705	50494	49823	49872	49422	49446	50670	48954	48978	50022	50046	50790	50094	50838	49122	49686	49725	49212	50979	50286	50313	49320	49887	49374	51141	51168	50475	50035	51272	50589	50146	49643	49680	51457	50774	50811	49824	50397	49890	51663	51696	51009	50562	50595	51115	50132	50169	51946	51263	51300	50857	50894	50385	50952	52179	52206	50493	52260	51567	51594	52341	51168	50655	50707	51776	51825	51394	51443	50952	50982	51546	52770	52794	51078	51102	52866	52170	52914	52218	51762	51246	53035	52352	51909	51946	51443	52020	53257	51554	53325	52632	52659	52686	52233	51720	51747	53514	52821	52368	52395	52422	51906	53670	51954	53718	53022	53046	53790	53094	52638	52662	52146	53935	53252	53289	52846	52343	54120	52417	52454	53511	53544	53097	54330	53643	53196	52689	54462	53775	53837	53416	52935	53534	54793	53075	54832	54849	54146	53683	53700	54917	53194	54951	54248	54265	53802	53279	53296	54333	53330	55087	55157	54496	54075	54134	53653	54715	53732	55509	54826	54863	54420	54457	54494	54557	55816	55875	54734	55993	55311	54324	54897	56130	54423	54456	55509	55542	55095	55125	54612	55179	54666	56433	56460	56487	55794	55821	55368	56595	54932	56746	56100	55694	55725	55212	55239	55266	57033	55320	57087	56394	56421	55968	57195	56627	57496	55795	57572	56889	56446	56483	57720	56017	56054	57872	57226	57300	56894	57405	58152	58179	58206	57033	56520	58287	57594	58341	58368	57195	57497	57057	57156	58995	58311	58344	59097	58410	59163	59196	58509	58062	58095	57607	59396	59445	59494	58823	58872	58457	57976	58035	59834	59173	
TRANSPORT_MODE
0	2	4	4	4	4	4	0	2	4	4	4	4	4	2	0	4	4	4	4	4	2	0	0	2	4	4	4	4	2	4	0	1	4	4	4	4	2	0	0	2	4	4	1	4	4	2	0	1	4	4	4	4	4	0	0	0	3	1	4	4	4	4	0	2	4	4	1	4	4	3	0	4	4	4	4	4	2	0	0	2	4	4	4	4	4	3	0	4	4	4	4	4	2	0	0	2	4	4	4	4	4	3	0	0	4	4	4	4	4	4	0	0	2	4	4	4	4	4	0	0	3	1	4	4	4	4	2	1	1	4	4	4	3	0	0	3	4	1	4	4	2	4	0	4	4	1	4	4	3	0	0	3	4	1	4	4	1	2	0	0	4	1	4	4	4	4	0	0	3	4	4	4	4	2	0	0	4	1	1	4	4	4	0	3	1	4	4	1	4	0	0	2	2	4	4	4	4	3	0	4	4	4	4	1	4	0	0	2	2	4	1	4	1	3	0	0	4	4	4	4	4	1	0	0	2	4	4	4	1	1	0	0	3	4	4	1	4	4	0	2	4	4	1	1	4	0	0	1	3	3	4	4	4	4	0	2	4	4	1	1	4	0	0	3	3	4	4	1	4	4	0	2	1	1	4	1	4	0	0	0	4	3	4	4	4	4	0	4	2	4	4	1	1	0	0	1	3	1	4	1	4	0	0	4	2	4	4	1	4	4	0	3	4	1	1	4	4	0	0	4	2	2	1	1	4	4	0	4	3	1	1	4	1	0	0	4	2	2	4	1	4	1	0	0	4	3	1	4	1	4	0	0	4	2	4	1	4	4	0	1	3	4	4	1	1	1	0	4	2	1	1	4	1	0	0	4	3	3	4	4	4	1	0	0	4	2	4	4	1	4	0	0	1	1	3	3	1	4	1	0	1	2	4	1	1	0	1	0	4	4	3	1	4	4	0	0	1	4	2	1	4	4	4	0	1	3	1	4	4	1	0	0	1	2	2	1	1	4	1	0	4	3	1	4	4	1	0	0	1	1	2	2	4	4	1	0	0	4	4	3	4	1	1	0	1	4	2	1	1	1	0	0	4	1	3	4	1	1	1	0	1	2	1	4	4	4	0	0	1	1	3	3	1	4	4	0	4	2	4	1	1	1	0	0	0	4	1	3	3	1	1	1	0	1	1	2	1	4	4	0	0	1	1	3	1	1	4	0	4	4	2	1	1	4	4	0	4	3	1	1	1	1	0	0	1	2	2	1	1	4	4	0	1	3	1	1	1	1	0	0	0	1	1	2	2	4	1	1	0	4	1	3	4	4	4	0	0	1	2	1	1	4	1	0	1	4	3	1	1	1	1	0	1	2	1	1	4	1	0	0	1	3	3	4	1	1	1	0	4	2	1	1	4	1	0	0	0	1	3	3	4	1	1	1	0	1	2	1	1	1	1	0	0	4	3	4	1	1	1	0	1	2	1	1	4	1	1	0	1	3	4	1	4	1	0	0	1	2	2	1	1	1	1	0	3	1	1	4	1	1	0	0	1	2	2	1	1	1	1	0	0	4	3	1	1	1	1	0	4	2	1	1	1	1	0	0	1	3	1	1	1	1	1	0	2	4	1	1	1	1	0	0	3	3	1	1	1	4	1	0	2	1	1	1	1	1	0	0	1	3	3	1	1	1	1	0	2	1	1	1	4	1	0	0	3	1	1	1	1	1	0	0	3	1	1	1	4	1	3	1	1	1	1	1	1	0	0	3	3	1	1	1	1	3	0	1	1	1	1	1	1	0	0	0	3	3	1	1	1	1	1	0	3	1	1	1	1	1	0	0	
DISTANCE_MATRIX
60	360	318	300	288	276	264	264	150	150	150	60	90	90	162	168	204	228	234	312	360	408	348	318	168	192	168	318	
360	60	264	318	324	342	342	342	348	348	354	360	372	378	378	420	420	480	462	498	462	462	384	420	372	420	378	378	
318	264	60	270	276	288	288	288	294	294	294	318	318	324	324	414	414	468	462	486	462	462	330	366	366	408	372	324	
300	318	270	60	276	288	288	288	288	288	288	300	300	312	318	408	408	468	462	486	438	438	318	360	360	402	360	312	
288	324	276	276	60	276	276	276	276	276	276	288	288	300	300	402	396	462	456	480	432	432	300	360	360	402	348	300	
276	342	288	288	276	60	180	180	252	258	264	264	264	288	288	390	390	456	450	480	432	432	288	348	348	348	288	288	
264	342	288	288	276	180	60	180	246	258	264	264	264	288	288	390	390	456	450	480	432	432	288	348	348	348	288	288	
264	342	288	288	276	180	180	60	240	258	264	264	264	288	288	390	390	456	450	480	432	432	288	348	348	348	288	288	
150	348	294	288	276	252	246	240	60	120	120	150	126	270	270	378	384	420	438	480	420	408	276	300	300	300	276	270	
150	348	294	288	276	258	258	258	120	60	120	150	150	270	270	378	384	420	438	480	420	408	276	300	300	300	276	270	
150	354	294	288	276	264	264	264	120	120	60	150	150	270	270	378	384	420	438	480	420	408	276	300	300	300	276	270	
60	360	318	300	288	264	264	264	150	150	150	60	90	162	168	228	234	312	360	408	348	318	168	192	192	198	168	162	
90	372	318	300	288	264	264	264	150	150	150	90	60	162	168	228	234	312	360	408	348	318	168	192	192	198	168	162	
90	378	324	312	300	288	288	288	270	270	270	162	162	60	120	180	180	306	210	360	300	300	120	180	120	180	120	234	
162	378	324	318	300	288	288	288	270	270	270	168	168	120	60	180	180	306	210	360	300	300	120	180	120	180	120	120	
168	420	414	408	402	348	348	348	300	300	300	228	228	180	180	60	132	204	132	348	258	258	186	60	180	132	222	180	
204	420	414	408	396	390	390	390	384	384	384	234	234	180	180	132	60	204	132	348	258	258	186	60	180	132	222	180	
228	480	468	468	462	456	456	456	420	420	420	312	312	306	306	204	204	60	198	120	240	240	306	204	306	138	306	306	
234	462	462	462	456	450	450	450	438	438	438	360	360	210	210	132	132	198	60	138	132	132	210	132	210	132	210	210	
312	498	486	486	480	480	480	480	480	480	480	408	408	360	360	348	348	120	138	60	348	348	360	348	360	348	360	360	
360	462	462	438	432	432	432	432	420	420	420	348	348	300	300	258	258	240	132	348	60	60	300	258	300	258	300	300	
408	462	462	438	432	432	432	432	408	408	408	318	318	300	300	258	258	240	132	348	60	60	300	258	300	258	300	300	
348	384	330	318	300	288	288	288	276	276	276	168	168	120	120	186	186	306	210	360	300	300	60	186	120	186	120	120	
318	420	366	360	360	348	348	348	300	300	300	192	192	180	180	60	60	204	132	348	258	258	186	60	180	60	180	180	
168	372	300	306	300	288	288	288	270	270	270	168	168	120	120	180	180	306	210	360	300	300	120	180	60	180	120	120	
192	420	408	402	402	348	348	348	300	300	300	198	198	180	180	132	132	138	132	348	258	258	186	60	180	60	180	180	
168	378	372	360	348	288	288	288	276	276	276	168	168	120	120	222	222	306	210	360	300	300	120	180	120	180	60	120	
318	378	324	312	300	288	288	288	270	270	270	162	162	234	120	180	180	306	210	360	300	300	120	180	120	180	120	60	
DEPOT_DISTANCE_MATRIX
60	360	318	300	288	276	264	264	150	150	150	60	90	90	162	168	204	228	234	312	360	408	348	318	168	192	168	318	
162	378	324	318	300	288	288	288	270	270	270	168	168	120	60	180	180	306	210	360	300	300	120	180	120	180	120	120	
318	420	366	360	360	348	348	348	300	300	300	192	192	180	180	60	60	204	132	348	258	258	186	60	180	60	180	180	
PATIENT_WEIGHT
61	109	62	91	110	80	139	40	129	109	64	36	42	34	102	120	41	126	74	96	118	112	67	106	43	57	88	149	130	124	124	70	118	65	87	61	100	139	57	142	49	118	45	83	142	123	140	68	146	148	96	44	104	135	146	68	32	83	115	111	34	106	143	73	93	59	37	69	39	105	77	126	55	102	119	46	75	71	41	87	31	75	49	50	90	129	102	72	109	101	111	106	97	105	89	108	107	136	87	143	143	61	31	48	70	52	70	74	124	90	65	115	125	131	50	84	119	150	33	87	122	135	49	117	109	57	83	35	80	53	81	46	104	46	111	143	130	122	76	108	80	105	30	136	148	110	64	116	30	46	110	146	81	93	99	98	128	110	68	93	112	98	119	60	116	118	39	77	91	128	82	64	141	117	38	144	36	118	128	99	98	93	63	109	43	78	95	51	135	64	39	126	46	121	124	33	134	61	100	121	81	77	126	45	142	36	103	110	144	75	37	58	33	128	39	62	59	97	110	93	141	116	79	33	60	121	62	47	143	58	145	124	93	56	31	94	51	54	48	64	69	60	105	90	143	49	119	67	71	56	116	88	102	35	142	103	54	120	141	52	104	57	92	43	57	48	84	86	129	110	47	77	130	45	57	140	68	137	125	69	99	78	80	146	56	88	94	92	43	120	127	119	50	56	83	144	120	124	110	53	55	76	36	63	76	117	122	33	127	124	107	95	109	125	49	75	57	33	66	47	81	36	110	81	33	133	87	122	89	50	41	72	31	91	105	137	41	75	149	92	113	99	121	118	64	56	141	91	114	100	115	143	40	133	102	139	98	69	68	137	58	69	51	60	108	83	68	53	113	131	68	125	60	135	138	90	59	42	101	73	143	80	74	53	39	110	106	134	105	148	69	72	104	32	65	78	71	142	58	76	126	45	105	86	67	100	36	125	111	94	122	131	47	37	135	47	87	102	88	37	105	110	93	135	105	80	114	112	121	94	85	83	54	117	72	67	39	41	129	118	95	113	106	66	74	71	90	113	109	123	65	90	97	77	109	132	125	76	144	119	115	128	39	50	41	54	44	46	150	89	124	145	98	71	95	143	86	79	32	105	143	100	123	83	134	88	118	68	47	62	141	48	136	114	99	126	49	109	57	102	145	80	65	32	118	72	42	48	104	121	90	147	55	71	34	45	80	81	127	79	118	104	97	54	30	136	125	142	42	111	141	121	146	46	116	47	120	124	150	135	80	117	119	95	60	72	89	145	75	70	93	77	116	96	52	85	122	92	139	56	56	84	113	60	82	115	139	129	104	32	51	144	52	94	87	53	110	105	46	73	31	53	123	103	41	48	54	39	134	124	68	78	148	60	82	145	34	73	120	61	138	97	148	127	122	129	76	115	75	147	118	54	124	107	123	125	54	138	134	128	84	117	98	124	53	70	95	55	138	84	51	133	107	37	111	61	78	149	42	95	97	91	56	95	60	134	121	147	147	132	135	128	126	80	67	49	38	144	43	78	101	94	45	109	64	134	47	122	109	143	40	81	71	94	108	123	127	47	73	93	71	75	64	94	127	118	79	110	80	101	87	105	79	145	136	83	131	133	133	101	90	58	32	86	136	104	78	130	116	81	46	44	98	96	82	61	51	133	53	113	120	87	86	147	116	130	80	123	124	56	57	93	92	140	106	123	150	87	126	48	37	75	113	122	81	68	138	73	58	67	138	54	44	97	100	71	41	146	72	43	44	49	122	36	140	70	88	88	95	45	51	84	115	78	51	58	134	117	113	56	32	40	90	57	120	112	93	31	35	133	98	138	137	101	105	98	144	108	38	139	118	
LOCATION_TURN_MATRIX
100	130	122	113	112	199	136	122	129	152	173	146	151	136	158	140	176	113	122	167	194	134	110	172	114	184	100	147	
170	100	154	188	164	169	136	136	152	170	104	183	155	115	101	104	155	187	174	115	149	134	178	168	114	135	168	102	
178	146	100	161	178	114	104	165	117	139	126	169	192	109	120	179	160	152	154	134	113	140	154	179	196	196	192	181	
187	112	139	100	158	114	195	181	104	132	195	106	183	169	132	170	140	136	172	148	116	110	123	136	151	120	176	169	
188	136	122	142	100	175	164	159	112	100	167	164	135	191	132	181	104	123	142	156	108	117	193	182	116	147	156	185	
101	131	186	186	125	100	190	147	164	150	137	102	145	176	185	131	113	108	117	186	118	151	140	178	154	189	172	110	
164	164	196	105	136	110	100	186	153	151	183	193	111	157	144	123	188	142	110	163	105	190	166	187	170	171	186	126	
178	164	135	119	141	153	114	100	106	130	108	103	151	178	122	151	130	133	184	177	110	141	166	110	122	174	191	197	
171	148	183	196	188	136	147	194	100	167	100	146	168	129	128	142	172	118	174	147	105	158	156	160	120	106	119	136	
148	130	161	168	200	150	149	170	133	100	177	106	175	116	188	180	176	194	108	146	130	187	183	173	128	141	169	176	
127	196	174	105	133	163	117	192	200	123	100	171	175	140	183	115	104	186	128	153	151	175	100	146	191	117	132	197	
154	117	131	194	136	198	107	197	154	194	129	100	136	184	140	147	172	184	148	131	103	156	185	200	152	158	154	143	
149	145	108	117	165	155	189	149	132	125	125	164	100	140	199	142	101	144	163	185	117	191	200	143	113	165	102	154	
164	185	191	131	109	124	143	122	171	184	160	116	160	100	109	116	196	113	131	186	166	139	183	175	144	161	105	170	
142	199	180	168	168	115	156	178	172	112	117	160	101	191	100	147	177	177	199	158	172	188	164	175	180	168	154	195	
160	196	121	130	119	169	177	149	158	120	185	153	158	184	153	100	152	159	197	157	181	159	102	123	168	200	124	186	
124	145	140	160	196	187	112	170	128	124	196	128	199	104	123	148	100	149	114	112	117	135	105	132	138	180	198	156	
187	113	148	164	177	192	158	167	182	106	114	116	156	187	123	141	151	100	166	132	168	163	159	123	129	173	161	116	
178	126	146	128	158	183	190	116	126	192	172	152	137	169	101	103	186	134	100	184	199	137	130	160	148	113	140	150	
133	185	166	152	144	114	137	123	153	154	147	169	115	114	142	143	188	168	116	100	111	195	128	157	191	164	141	171	
106	151	187	184	192	182	195	190	195	170	149	197	183	134	128	119	183	132	101	189	100	129	151	163	147	166	104	177	
166	166	160	190	183	149	110	159	142	113	125	144	109	161	112	141	165	137	163	105	171	100	101	185	169	129	103	197	
190	122	146	177	107	160	134	134	144	117	200	115	100	117	136	198	195	141	170	172	149	199	100	106	150	116	118	145	
128	132	121	164	118	122	113	190	140	127	154	100	157	125	125	177	168	177	140	143	137	115	194	100	128	167	115	155	
186	186	104	149	184	146	130	178	180	172	109	148	187	156	120	132	162	171	152	109	153	131	150	172	100	155	124	184	
116	165	104	180	153	111	129	126	194	159	183	142	135	139	132	100	120	127	187	136	134	171	184	133	145	100	129	192	
200	132	108	124	144	128	114	109	181	131	168	146	198	195	146	176	102	139	160	159	196	197	182	185	176	171	100	146	
153	198	119	131	115	190	174	103	164	124	103	157	146	130	105	114	144	184	150	129	123	103	155	145	116	108	154	100	

