INDEX_PROBLEM
1
PATIENTS
800
STRETCHERS
16
NUM_ROOM
28
NUM_DEPOTS
3
NUM_PRIORITY
4
PRIORITY_LIST
0	1	2	3	4	
PRIORITY_WEIGHT
0	1	10	18	30	
PRIORITY_JOB
0	1	2	3	4	1	3	3	4	2	3	3	1	2	3	4	3	4	4	2	3	2	4	4	4	3	4	1	2	3	3	4	3	4	2	2	3	4	3	3	4	4	1	2	3	4	4	3	4	4	4	1	2	3	4	3	4	1	4	1	2	3	1	1	1	3	3	1	2	3	4	4	3	1	4	2	2	3	2	2	1	3	4	1	2	3	4	4	4	3	1	2	2	3	2	1	2	2	4	1	2	3	4	4	4	3	1	4	4	1	2	2	1	2	3	4	1	2	3	4	4	3	1	3	1	1	2	3	1	2	4	4	2	2	3	3	4	3	1	1	1	3	2	4	2	2	1	4	2	2	3	4	3	4	4	4	1	1	2	3	2	2	1	4	4	1	2	3	3	4	4	4	1	4	1	2	2	1	1	3	3	1	2	3	3	3	4	1	4	4	2	2	2	1	1	3	1	2	3	4	3	4	3	1	4	2	2	2	2	1	2	3	4	1	2	3	4	4	3	4	1	4	1	2	2	1	2	3	4	1	2	3	4	4	3	3	3	1	4	1	2	1	1	3	4	2	2	3	4	3	3	2	4	1	1	2	3	1	1	2	4	4	2	2	4	3	4	4	3	1	4	1	2	2	1	2	3	4	4	1	2	3	4	3	3	1	4	1	2	2	1	2	3	3	1	2	3	4	3	3	1	4	4	2	3	1	1	2	3	1	2	3	4	4	3	4	1	4	2	2	1	1	2	1	3	4	1	2	3	3	4	4	4	1	4	1	2	2	2	2	3	4	1	2	3	3	4	3	3	1	4	1	2	1	1	1	3	4	2	3	3	4	3	3	1	4	1	2	3	2	1	2	4	2	2	3	4	3	3	4	4	1	1	2	3	1	2	1	4	4	1	2	3	4	3	4	1	4	1	2	4	2	2	1	4	3	3	1	2	3	3	3	1	4	2	3	3	2	1	1	4	1	2	3	3	4	4	3	1	4	2	2	2	1	1	2	3	1	2	3	4	4	3	4	1	4	1	2	3	2	1	2	4	4	1	2	3	4	3	4	1	3	1	2	3	2	1	1	4	2	3	3	4	3	3	4	1	1	2	3	4	1	2	1	4	2	2	3	3	3	4	3	1	1	2	3	4	2	1	2	4	1	2	3	4	4	3	4	1	4	4	1	2	1	2	2	3	3	1	2	3	3	4	3	1	4	2	3	3	1	2	1	4	1	2	3	1	3	4	3	4	2	2	3	1	2	1	1	4	1	2	3	4	3	4	4	1	4	1	2	2	1	2	2	3	4	1	2	3	3	4	3	3	1	4	1	2	1	2	3	4	2	3	3	4	3	3	1	1	4	1	2	3	1	2	4	2	2	3	4	3	3	1	1	4	1	2	3	1	2	1	4	4	1	2	4	4	3	4	3	1	4	1	2	2	2	1	3	4	1	2	3	3	4	3	1	4	4	2	3	2	1	1	3	1	2	3	4	3	4	3	4	2	2	3	2	1	1	2	4	1	2	3	4	3	4	4	1	4	1	2	1	2	2	1	3	4	1	2	3	3	4	3	4	1	1	2	3	2	2	4	2	3	3	4	3	4	3	1	1	1	2	3	4	2	1	2	2	3	4	3	4	3	1	1	1	2	3	4	2	1	2	4	1	2	3	4	4	3	4	4	1	1	2	3	2	1	2	4	1	2	3	4	4	3	1	4	1	2	3	1	2	1	4	1	3	1	2	3	1	2	4	4	2	2	2	1	2	2	1	3	1	2	3	1	2	1	1	4	4	2	2	1	1	2	1	2	3	4	1	1	2	2	1	2	3	4	4	1	2	2	
TIME_ASKED
0	28800	28800	28800	28800	28800	28800	28800	28800	28800	28800	28800	28800	28800	28800	28800	28800	29545	29574	29603	29632	29661	29690	29742	29784	29826	29868	29910	29952	29994	30029	30058	30087	30116	30145	30174	30203	30232	30261	30290	30329	30358	30387	30416	30445	30474	30503	30532	30561	30590	30621	30642	30663	30684	30705	30726	30747	30768	30789	30810	30831	30852	30873	30894	30949	30998	31047	31096	31145	31194	31227	31254	31281	31308	31335	31362	31389	31416	31443	31470	31497	31524	31548	31572	31596	31620	31644	31668	31692	31716	31740	31764	31788	31837	31874	31911	31948	31985	32022	32059	32096	32159	32218	32277	32336	32395	32419	32438	32457	32476	32495	32514	32533	32552	32571	32590	32609	32628	32647	32666	32685	32759	32818	32877	32936	32995	33027	33054	33081	33108	33135	33162	33189	33216	33243	33270	33297	33333	33366	33399	33432	33465	33498	33531	33564	33597	33616	33632	33648	33664	33680	33696	33712	33728	33744	33760	33776	33792	33808	33824	33840	33856	33872	33888	33933	33966	33999	34032	34065	34098	34131	34164	34197	34242	34284	34326	34368	34410	34452	34494	34533	34566	34599	34632	34665	34698	34731	34764	34797	34827	34854	34881	34908	34935	34962	34989	35016	35043	35070	35097	35137	35174	35211	35248	35285	35322	35359	35396	35433	35466	35499	35532	35565	35598	35631	35664	35697	35723	35746	35769	35792	35815	35838	35861	35884	35907	35930	35953	35976	35999	36023	36046	36069	36092	36115	36138	36161	36184	36207	36230	36253	36276	36299	36327	36354	36381	36408	36435	36462	36489	36516	36543	36570	36597	36619	36638	36657	36676	36695	36714	36733	36752	36771	36790	36809	36828	36847	36866	36885	36949	36998	37047	37096	37145	37194	37259	37318	37377	37436	37495	37549	37598	37647	37696	37745	37794	37827	37854	37881	37908	37935	37962	37989	38016	38043	38070	38097	38123	38146	38169	38192	38215	38238	38261	38284	38307	38330	38353	38376	38399	38419	38438	38457	38476	38495	38514	38533	38552	38571	38590	38609	38628	38647	38666	38685	38742	38784	38826	38868	38910	38952	38994	39029	39058	39087	39116	39145	39174	39203	39232	39261	39290	39349	39398	39447	39496	39545	39594	39633	39666	39699	39732	39765	39798	39831	39864	39897	39937	39974	40011	40048	40085	40122	40159	40196	40242	40284	40326	40368	40410	40452	40494	40542	40584	40626	40668	40710	40752	40794	40849	40898	40947	40996	41045	41094	41133	41166	41199	41232	41265	41298	41331	41364	41397	41423	41446	41469	41492	41515	41538	41561	41584	41607	41630	41653	41676	41699	41749	41798	41847	41896	41945	41994	42099	42198	42297	42342	42384	42426	42468	42510	42552	42594	42699	42798	42897	42923	42946	42969	42992	43015	43038	43061	43084	43107	43130	43153	43176	43199	43237	43274	43311	43348	43385	43422	43459	43496	43549	43598	43647	43696	43745	43794	43899	43998	44097	44159	44218	44277	44336	44395	44459	44518	44577	44636	44695	44799	44898	44997	45033	45066	45099	45132	45165	45198	45231	45264	45297	45337	45374	45411	45448	45485	45522	45559	45596	45637	45674	45711	45748	45785	45822	45859	45896	45959	46018	46077	46136	46195	46249	46298	46347	46396	46445	46494	46537	46574	46611	46648	46685	46722	46759	46796	46821	46842	46863	46884	46905	46926	46947	46968	46989	47010	47031	47052	47073	47094	47199	47298	47397	47437	47474	47511	47548	47585	47622	47659	47696	47737	47774	47811	47848	47885	47922	47959	47996	48049	48098	48147	48196	48245	48294	48324	48348	48372	48396	48420	48444	48468	48492	48516	48540	48564	48588	48627	48654	48681	48708	48735	48762	48789	48816	48843	48870	48897	48937	48974	49011	49048	49085	49122	49159	49196	49233	49266	49299	49332	49365	49398	49431	49464	49497	49537	49574	49611	49648	49685	49722	49759	49796	49827	49854	49881	49908	49935	49962	49989	50016	50043	50070	50097	50149	50198	50247	50296	50345	50394	50424	50448	50472	50496	50520	50544	50568	50592	50616	50640	50664	50688	50737	50774	50811	50848	50885	50922	50959	50996	51027	51054	51081	51108	51135	51162	51189	51216	51243	51270	51297	51324	51348	51372	51396	51420	51444	51468	51492	51516	51540	51564	51588	51637	51674	51711	51748	51785	51822	51859	51896	51933	51966	51999	52032	52065	52098	52131	52164	52197	52259	52318	52377	52436	52495	52517	52534	52551	52568	52585	52602	52619	52636	52653	52670	52687	52704	52721	52738	52755	52772	52789	52859	52918	52977	53036	53095	53137	53174	53211	53248	53285	53322	53359	53396	53459	53518	53577	53636	53695	53733	53766	53799	53832	53865	53898	53931	53964	53997	54027	54054	54081	54108	54135	54162	54189	54216	54243	54270	54297	54374	54448	54522	54596	54627	54654	54681	54708	54735	54762	54789	54816	54843	54870	54897	55049	55198	55237	55274	55311	55348	55385	55422	55459	55496	55574	55648	55722	55796	55827	55854	55881	55908	55935	55962	55989	56016	56043	56070	56097	56399	56499	56598	56697	56733	56766	56799	56832	56865	56898	56931	56964	56997	57049	57098	57147	57196	57245	57294	57359	57418	57477	57536	57595	
ORIGIN
0	16	6	27	19	25	27	23	25	14	23	10	2	14	14	14	14	14	3	23	13	14	26	16	14	14	16	7	9	9	27	7	8	9	1	23	14	14	23	2	14	14	14	3	2	14	14	14	8	6	27	18	7	27	20	8	26	14	10	2	23	14	2	26	14	23	23	14	4	14	8	12	14	5	7	27	9	9	3	14	9	14	23	11	2	14	14	23	14	14	14	24	7	5	5	1	24	5	18	7	27	27	20	1	12	14	17	23	12	2	14	14	14	14	14	4	24	15	4	14	16	26	3	14	3	14	14	11	11	2	10	2	23	4	14	14	27	14	26	27	14	27	14	16	27	9	9	27	20	14	14	27	13	14	23	27	27	2	14	14	14	11	26	24	15	4	26	16	20	27	26	26	26	14	14	1	1	14	14	23	12	2	25	14	14	1	14	14	27	14	8	8	5	23	9	20	8	23	13	13	5	27	20	2	14	5	4	23	7	5	1	14	4	16	8	5	1	14	14	14	14	14	3	14	14	2	14	25	2	23	14	3	26	14	14	11	27	11	14	25	16	16	23	8	27	23	14	23	27	4	26	10	14	14	7	7	7	14	23	7	26	4	5	14	17	2	14	23	3	14	14	14	14	14	16	4	23	13	3	23	10	10	6	14	14	14	25	14	14	14	26	3	23	8	23	14	10	2	25	14	14	1	1	1	23	23	14	14	16	5	1	9	14	1	2	14	3	14	14	2	9	14	5	27	13	2	27	14	5	14	14	14	1	7	14	3	14	14	17	25	8	1	23	10	26	14	12	27	27	14	4	10	14	14	14	8	5	26	25	6	14	26	14	6	14	14	23	14	26	14	27	4	2	23	14	1	20	26	2	1	1	14	14	26	14	2	4	2	1	23	10	1	14	14	17	14	14	14	27	14	14	4	11	23	26	1	11	7	23	14	14	10	14	3	14	17	2	14	2	17	23	14	3	16	14	14	9	9	14	26	26	23	7	14	14	23	23	10	1	3	14	24	2	8	14	14	14	5	5	5	9	2	16	6	27	19	7	27	22	3	12	14	20	26	26	25	14	3	14	3	23	14	14	26	15	6	1	1	14	26	26	26	14	14	9	26	14	11	26	13	4	27	27	14	14	26	2	2	14	14	5	27	18	7	20	14	2	17	14	2	22	23	23	2	2	26	3	23	14	25	24	14	1	1	14	4	26	10	14	14	14	17	1	23	11	14	14	14	7	27	14	26	26	15	14	7	14	23	26	17	7	14	11	14	14	14	14	27	20	20	11	26	24	6	23	14	4	14	15	4	14	14	14	14	26	2	26	26	23	1	23	10	2	14	14	23	15	23	14	27	15	26	27	1	13	26	16	7	27	26	1	13	23	3	9	9	16	20	8	8	8	23	14	3	24	14	4	14	14	14	26	26	8	14	14	8	3	14	10	2	1	12	14	11	1	14	27	14	26	26	26	1	14	14	7	1	19	2	14	1	1	3	23	20	2	14	14	7	12	14	3	24	14	4	14	3	3	1	18	2	2	26	14	4	3	10	1	23	12	2	23	15	25	25	14	27	11	15	15	12	16	6	27	19	14	27	14	14	23	26	10	22	22	14	16	14	14	3	23	14	4	26	13	14	26	14	7	1	26	4	14	14	9	1	23	11	13	23	4	8	8	14	4	11	11	1	14	14	6	27	18	11	27	21	3	14	23	10	22	22	2	26	16	14	3	23	19	5	8	16	5	5	16	7	27	14	14	7	7	9	1	23	14	14	23	13	14	14	14	3	24	7	1	14	14	5	27	18	7	27	20	8	14	2	10	1	23	2	7	27	25	
DESTINATION
0	14	17	2	22	14	2	26	14	3	27	14	14	5	16	5	5	25	14	4	7	9	3	14	9	9	16	20	14	14	23	13	14	14	14	27	5	5	1	24	5	5	26	14	27	20	20	8	14	17	2	27	20	2	14	14	14	16	14	14	27	25	27	23	25	3	3	26	14	2	14	11	2	14	20	2	14	14	26	16	14	26	27	15	14	9	16	27	9	9	9	1	13	14	14	23	2	14	27	20	2	2	14	14	11	26	6	27	11	27	20	20	8	26	26	14	2	14	14	1	14	14	23	3	23	8	8	12	12	14	14	14	27	14	8	5	23	9	14	23	2	23	2	14	23	14	14	2	14	5	4	23	7	5	1	18	18	27	20	20	1	12	14	2	14	14	3	14	14	2	14	14	14	15	4	14	14	16	26	27	11	14	14	25	16	23	10	10	23	4	14	14	14	27	14	14	14	27	7	7	14	23	7	27	20	14	14	27	13	14	23	26	14	14	14	14	14	16	4	4	15	4	26	16	20	27	26	14	14	1	25	14	14	26	3	12	23	12	25	14	14	14	1	14	2	27	1	1	23	14	14	14	8	8	13	13	13	5	27	20	3	14	14	2	9	14	5	27	26	4	5	8	5	1	14	14	1	7	14	3	14	14	17	25	25	2	14	3	26	26	14	14	26	14	4	10	14	14	14	8	8	14	14	23	27	27	4	26	14	14	23	14	26	14	27	4	26	4	5	14	17	2	14	23	7	14	23	26	14	2	4	2	23	13	3	23	10	10	6	14	14	14	27	14	14	4	11	23	23	8	23	14	10	2	25	14	14	3	14	17	2	14	2	17	5	5	1	9	14	1	2	14	14	1	26	23	7	14	14	23	23	2	2	14	5	14	14	14	14	27	14	14	5	5	9	2	1	1	23	10	26	14	12	27	3	23	12	20	27	26	25	14	5	26	25	6	14	26	14	6	1	25	14	16	26	26	14	14	2	14	14	1	20	26	2	1	27	14	14	14	26	2	14	14	1	10	1	14	14	14	17	14	14	17	2	22	23	2	2	26	11	16	7	14	14	14	10	26	25	14	4	26	10	14	14	17	23	23	3	14	14	14	9	9	14	14	26	15	14	7	14	23	23	10	1	14	24	24	2	8	14	2	27	20	11	26	24	6	16	27	19	7	7	27	22	3	14	3	26	14	2	26	23	23	26	23	14	14	26	26	15	6	14	27	15	26	26	1	13	23	9	14	14	11	26	13	4	27	3	9	20	16	20	8	8	8	5	18	7	7	20	14	2	17	3	26	14	8	14	14	8	3	3	3	14	24	14	14	1	14	27	14	14	26	26	1	14	1	1	23	11	14	23	14	7	3	16	20	2	14	14	7	27	26	17	17	14	11	14	14	14	1	26	14	2	26	14	4	3	9	14	14	14	15	4	14	14	25	14	14	23	11	15	12	23	1	23	2	14	14	14	23	15	26	20	14	22	14	16	14	14	26	27	7	27	26	1	13	11	26	14	1	26	14	4	14	14	23	27	24	24	14	4	14	14	14	14	27	11	14	1	14	14	14	10	23	12	14	14	11	14	17	2	22	26	2	26	16	1	14	14	19	19	2	14	1	25	14	5	26	14	14	7	1	14	3	20	24	14	14	3	3	14	14	27	20	7	1	14	14	14	1	14	12	12	23	15	25	17	2	27	12	2	7	27	16	27	14	19	19	27	14	14	25	14	4	22	14	14	14	14	14	14	20	2	4	26	13	13	14	14	27	8	9	27	7	8	9	26	14	1	13	23	4	8	14	2	27	20	2	14	14	8	27	14	14	27	27	21	3	14	
DUE_DATE
0	31147	30476	30045	29554	31343	30192	30247	29756	30825	30394	30443	31692	31007	30556	30045	30614	30103	30132	31181	30730	31239	30248	30300	30342	30924	30426	32208	31530	31092	31127	30616	31185	30674	31723	31752	31301	30790	31359	31388	30887	30916	32685	31994	31543	31032	31061	31630	31119	31148	31179	32940	32241	31782	31263	31824	31305	33066	31347	33108	32409	31950	33171	33192	33247	32096	32145	33394	32723	32292	31785	31812	32379	33606	31893	32940	32967	32514	33021	33048	33795	32622	32106	33870	33174	32718	32202	32226	32250	32814	34038	33342	33366	32935	33452	34209	33526	33563	32580	34357	33674	33257	32776	32835	32894	33493	34717	32996	33015	34774	34073	34092	34831	34130	33669	33148	34907	34206	33745	33224	33243	33857	35116	33975	35234	35293	34605	34152	35379	34686	33693	33720	34767	34794	34341	34368	33855	34431	35664	35697	35730	34563	35076	34089	35142	35175	35914	34190	35226	35242	34778	34254	34810	34286	34302	34318	36074	36090	35386	34922	35418	35434	36170	34446	34491	36264	35577	35130	35163	34656	34689	34722	36495	34800	36582	35904	35946	36708	36750	35592	35631	36864	36177	35730	35763	35796	35289	37062	35355	35385	36432	36459	36486	37233	37260	36087	37314	36621	36168	35655	36235	35732	36309	37546	35843	36900	36937	36974	37011	37764	37077	36630	36123	37896	37209	36762	36255	36281	36844	36327	38090	36373	38136	37439	37462	38205	37508	37051	36534	38297	37601	37144	36627	36650	37213	37236	37259	38482	36765	38528	37831	38574	38597	37425	36912	37959	37986	37533	37020	37587	37614	38121	37128	38895	38917	38216	37755	38974	38993	38292	37291	37310	38349	38368	37367	37926	37405	37424	37983	39247	37556	39345	38674	38723	39492	38837	38416	37935	37994	39793	39127	38696	38205	38794	38843	40092	38385	40152	39459	39486	40233	39540	39087	39114	40341	39648	39195	38681	39244	39267	40490	38773	38796	39839	39382	40605	40628	39931	39474	40697	39997	39536	39015	39034	39593	39072	40831	39110	40149	40168	40907	40926	40225	40964	39783	39300	41082	40404	39966	40008	39510	39552	39587	41356	39645	41414	40723	40752	40781	40810	40359	39848	41647	40976	40545	40594	40103	40692	40731	41964	40257	42030	41343	42096	42129	42162	40995	40495	41552	41109	41146	40643	41220	41257	42494	40800	42582	41904	41466	41988	42750	42072	41100	42162	42204	41766	41268	41850	41892	41407	41456	43245	43294	42623	42192	43431	42744	43497	41790	41823	43596	42909	42462	41955	42521	42004	43767	42050	43813	43116	42119	43162	43185	43928	42211	42774	42797	44047	43376	42945	42994	43043	44292	42657	43776	43395	43440	43962	44724	44766	43068	44850	44172	43797	43896	43455	43481	44044	45267	43550	44593	44616	44639	45382	45405	44708	44251	45474	44777	44335	43832	43869	44446	43943	45720	44017	45794	45127	44696	45225	45994	45323	44352	44457	46296	45675	45257	44776	45375	44894	46693	45557	46816	46155	45734	46273	47097	47196	45555	46611	46164	46197	45690	46263	46296	45789	47562	47595	46915	46472	45969	47746	47063	47820	46117	47174	47215	46772	46809	46846	46343	46920	48157	48194	47537	47116	46635	47714	48493	47827	46856	48645	47974	47543	47052	47095	47672	47169	48946	47243	47280	49057	48374	49119	48420	48441	47982	48003	49224	48525	48066	48087	47568	48129	49350	47631	48672	48297	48396	49695	49015	49772	48069	49846	49163	48720	49957	48794	48295	48872	48369	49426	49463	49020	50257	49574	50347	50396	48705	50494	49823	49392	48882	49446	48930	48954	50718	49002	50766	50070	50094	50838	50142	50166	49725	49212	50979	50286	49833	49860	49347	49914	49941	51168	49455	51235	50552	51309	50626	50183	49680	50737	50294	50331	49824	50397	50430	51663	51696	49989	51762	51075	50635	51872	51189	50206	51263	51300	50857	50354	50925	50952	52179	52206	50493	52260	51567	51114	52341	51648	52395	50707	50756	52545	51874	50903	50952	51522	51006	51570	52794	51078	52842	52146	52170	52194	52938	51762	51246	53035	52352	51909	51946	51443	52020	53257	51554	51585	52632	52179	52686	53433	53460	52287	53514	52821	52368	51855	52422	51906	52470	51954	52998	53022	52566	53070	53814	53838	53142	52146	53935	53252	52809	52306	52883	52380	52417	54194	52491	54264	53577	54330	53643	53676	54429	53262	52755	54557	53896	53475	53534	53053	53615	53092	54849	54866	54163	53700	54197	54214	53211	54248	53785	53802	53279	53836	53313	53870	55087	55157	55216	54555	54134	53653	54715	55472	54789	54826	54383	53880	54457	53954	54557	55816	55875	55934	55273	54831	54324	55377	56130	55443	54456	56229	55542	55095	54585	54612	55179	54666	54693	56460	56487	55794	55341	55848	56595	55952	55006	56820	56174	55725	55212	55239	55806	57033	55320	57087	56394	55941	57168	56475	57347	55756	57535	56372	57609	56926	56483	57720	57037	56054	56132	57226	57300	57374	58125	57432	57459	58206	57033	58260	57567	57114	58341	57648	58395	58697	57057	57156	58275	58311	59064	59097	58410	59163	58476	58029	57522	59295	59347	58676	58725	59494	58823	58392	57917	57976	59775	59114	59173	
TRANSPORT_MODE
0	2	4	4	4	4	0	0	0	2	4	4	4	2	0	0	4	4	4	4	0	4	0	0	0	2	4	1	4	2	0	0	0	4	1	4	4	0	0	0	0	2	4	4	1	4	0	0	0	2	4	4	4	4	0	0	0	3	4	4	1	4	0	0	0	0	2	4	4	4	4	0	0	3	4	4	4	4	0	0	0	0	2	4	4	4	4	0	0	0	3	4	4	4	0	0	0	0	2	4	4	4	4	0	0	0	3	4	4	4	4	0	0	0	2	4	4	4	4	0	0	0	0	4	3	4	4	4	0	0	2	4	1	4	1	0	0	0	0	3	1	4	4	4	0	0	0	2	4	4	4	0	0	0	0	1	3	4	1	1	0	0	0	4	2	4	4	4	0	0	0	4	3	4	1	4	0	0	0	4	2	1	4	4	0	0	0	3	4	1	4	4	0	0	0	4	2	4	1	4	0	0	0	3	4	1	4	0	0	0	0	4	2	4	4	4	0	0	0	4	3	1	4	1	0	0	0	4	2	4	4	4	0	0	0	0	4	3	4	4	4	0	0	2	4	4	1	1	0	0	0	0	1	3	4	4	4	0	0	0	2	1	1	4	0	0	0	0	4	3	4	4	4	0	0	0	1	2	4	1	4	0	0	0	4	3	1	1	4	0	0	0	4	2	4	1	4	0	0	0	3	4	1	4	4	0	0	0	1	2	4	4	4	0	0	0	3	1	1	4	0	0	0	0	1	2	1	4	4	0	0	0	4	3	1	4	4	0	0	0	4	2	4	1	1	0	0	0	4	3	1	1	4	0	0	0	2	1	4	4	1	0	0	0	3	1	1	4	4	0	0	0	2	4	1	4	0	0	0	0	4	3	4	1	1	0	0	0	2	4	4	1	1	0	0	0	3	1	1	4	4	0	0	0	0	4	2	1	1	1	0	0	3	4	4	4	4	0	0	0	2	4	1	1	0	1	0	0	3	1	1	4	0	0	0	0	2	1	4	4	1	0	0	0	3	1	4	4	1	0	0	0	2	4	1	4	4	0	0	0	3	1	1	1	2	0	0	0	4	1	4	1	1	0	0	0	3	1	1	4	2	0	0	0	1	4	1	1	0	0	0	0	3	4	4	1	4	0	0	0	2	1	1	4	0	0	0	0	3	1	1	1	1	0	0	0	2	1	4	1	4	0	0	0	3	1	1	1	4	0	0	0	2	4	1	1	3	0	0	0	4	4	1	1	0	0	0	0	2	1	1	1	1	0	0	0	3	1	4	1	0	0	0	0	1	2	1	4	1	0	0	0	1	3	4	1	1	0	0	2	4	4	4	1	0	0	0	0	3	1	1	1	1	0	0	4	1	1	1	0	0	0	0	3	1	1	1	4	0	0	0	2	1	1	1	0	0	0	0	4	3	1	4	1	0	0	0	4	2	4	1	1	0	0	0	3	1	1	1	1	0	0	0	2	1	1	1	4	0	0	0	1	1	1	1	0	0	0	0	2	1	4	1	1	0	0	0	3	1	1	4	0	0	0	0	4	2	1	1	1	0	0	0	1	3	1	1	1	0	0	2	1	1	1	1	0	0	0	0	3	1	1	4	1	0	0	1	1	1	4	0	0	0	0	3	1	1	4	1	0	0	0	2	1	1	1	0	0	0	0	1	3	1	1	1	0	0	0	1	2	1	1	1	0	0	3	1	1	1	1	0	0	0	0	3	1	4	1	1	0	0	1	1	1	1	0	0	0	0	3	1	1	1	1	0	0	0	3	1	1	1	0	0	0	0	3	1	1	1	1	0	0	0	3	1	1	1	1	0	0	0	
DISTANCE_MATRIX
60	360	318	300	288	276	264	264	150	150	150	60	90	90	162	168	204	228	234	312	360	408	348	318	168	192	168	318	
360	60	264	318	324	342	342	342	348	348	354	360	372	378	378	420	420	480	462	498	462	462	384	420	372	420	378	378	
318	264	60	270	276	288	288	288	294	294	294	318	318	324	324	414	414	468	462	486	462	462	330	366	366	408	372	324	
300	318	270	60	276	288	288	288	288	288	288	300	300	312	318	408	408	468	462	486	438	438	318	360	360	402	360	312	
288	324	276	276	60	276	276	276	276	276	276	288	288	300	300	402	396	462	456	480	432	432	300	360	360	402	348	300	
276	342	288	288	276	60	180	180	252	258	264	264	264	288	288	390	390	456	450	480	432	432	288	348	348	348	288	288	
264	342	288	288	276	180	60	180	246	258	264	264	264	288	288	390	390	456	450	480	432	432	288	348	348	348	288	288	
264	342	288	288	276	180	180	60	240	258	264	264	264	288	288	390	390	456	450	480	432	432	288	348	348	348	288	288	
150	348	294	288	276	252	246	240	60	120	120	150	126	270	270	378	384	420	438	480	420	408	276	300	300	300	276	270	
150	348	294	288	276	258	258	258	120	60	120	150	150	270	270	378	384	420	438	480	420	408	276	300	300	300	276	270	
150	354	294	288	276	264	264	264	120	120	60	150	150	270	270	378	384	420	438	480	420	408	276	300	300	300	276	270	
60	360	318	300	288	264	264	264	150	150	150	60	90	162	168	228	234	312	360	408	348	318	168	192	192	198	168	162	
90	372	318	300	288	264	264	264	150	150	150	90	60	162	168	228	234	312	360	408	348	318	168	192	192	198	168	162	
90	378	324	312	300	288	288	288	270	270	270	162	162	60	120	180	180	306	210	360	300	300	120	180	120	180	120	234	
162	378	324	318	300	288	288	288	270	270	270	168	168	120	60	180	180	306	210	360	300	300	120	180	120	180	120	120	
168	420	414	408	402	348	348	348	300	300	300	228	228	180	180	60	132	204	132	348	258	258	186	60	180	132	222	180	
204	420	414	408	396	390	390	390	384	384	384	234	234	180	180	132	60	204	132	348	258	258	186	60	180	132	222	180	
228	480	468	468	462	456	456	456	420	420	420	312	312	306	306	204	204	60	198	120	240	240	306	204	306	138	306	306	
234	462	462	462	456	450	450	450	438	438	438	360	360	210	210	132	132	198	60	138	132	132	210	132	210	132	210	210	
312	498	486	486	480	480	480	480	480	480	480	408	408	360	360	348	348	120	138	60	348	348	360	348	360	348	360	360	
360	462	462	438	432	432	432	432	420	420	420	348	348	300	300	258	258	240	132	348	60	60	300	258	300	258	300	300	
408	462	462	438	432	432	432	432	408	408	408	318	318	300	300	258	258	240	132	348	60	60	300	258	300	258	300	300	
348	384	330	318	300	288	288	288	276	276	276	168	168	120	120	186	186	306	210	360	300	300	60	186	120	186	120	120	
318	420	366	360	360	348	348	348	300	300	300	192	192	180	180	60	60	204	132	348	258	258	186	60	180	60	180	180	
168	372	300	306	300	288	288	288	270	270	270	168	168	120	120	180	180	306	210	360	300	300	120	180	60	180	120	120	
192	420	408	402	402	348	348	348	300	300	300	198	198	180	180	132	132	138	132	348	258	258	186	60	180	60	180	180	
168	378	372	360	348	288	288	288	276	276	276	168	168	120	120	222	222	306	210	360	300	300	120	180	120	180	60	120	
318	378	324	312	300	288	288	288	270	270	270	162	162	234	120	180	180	306	210	360	300	300	120	180	120	180	120	60	
DEPOT_DISTANCE_MATRIX
60	360	318	300	288	276	264	264	150	150	150	60	90	90	162	168	204	228	234	312	360	408	348	318	168	192	168	318	
162	378	324	318	300	288	288	288	270	270	270	168	168	120	60	180	180	306	210	360	300	300	120	180	120	180	120	120	
318	420	366	360	360	348	348	348	300	300	300	192	192	180	180	60	60	204	132	348	258	258	186	60	180	60	180	180	
PATIENT_WEIGHT
62	147	44	113	39	101	133	116	128	139	104	126	30	84	88	83	137	63	100	89	114	48	108	45	121	143	126	48	96	48	111	72	35	51	135	70	127	83	92	101	136	131	97	121	47	75	46	39	109	52	52	122	126	58	72	126	44	34	101	145	126	150	75	97	91	51	102	75	74	55	130	80	106	34	60	138	66	119	96	78	44	63	103	53	121	52	37	111	49	61	54	144	62	140	131	149	106	94	85	87	137	39	97	110	97	132	36	95	96	30	103	119	77	115	45	68	79	125	150	34	147	118	30	93	118	51	150	36	61	95	48	51	127	93	142	124	73	74	31	80	62	65	107	121	89	115	133	106	135	130	71	127	46	30	140	104	105	123	64	61	60	41	111	141	75	59	66	61	121	142	117	99	149	147	38	119	141	146	119	127	46	147	106	82	37	104	63	108	42	84	34	36	38	66	44	128	75	78	46	41	124	80	73	129	52	118	38	148	103	130	72	70	146	73	116	97	122	31	111	65	53	79	97	118	76	126	83	72	52	106	125	128	77	96	103	42	110	79	119	49	147	89	119	103	110	102	107	58	143	121	57	121	76	115	131	134	93	45	146	141	51	32	53	121	78	126	143	36	110	116	117	137	95	145	142	83	71	50	81	67	55	118	142	54	42	84	38	137	144	81	50	97	57	130	112	48	55	92	83	131	44	98	72	86	82	89	62	115	83	40	48	31	92	69	55	94	73	74	113	138	134	87	59	89	121	84	103	123	46	49	38	86	50	144	42	72	55	120	79	131	146	87	111	143	67	123	33	99	127	40	139	44	56	35	57	104	92	85	95	90	41	85	74	128	138	56	112	117	115	143	44	88	100	115	127	57	139	35	78	149	76	97	146	123	78	31	67	78	142	62	133	126	69	118	49	134	130	55	101	51	150	56	126	46	103	140	113	99	95	144	108	47	39	125	34	70	143	144	38	117	79	104	49	44	33	132	138	124	129	36	92	148	97	102	131	113	72	59	123	131	44	73	64	71	98	67	85	70	82	63	130	73	95	35	97	149	46	40	95	45	42	110	112	86	92	87	126	118	127	119	38	73	117	121	94	130	48	53	125	41	85	104	54	105	146	62	109	30	130	94	130	67	126	70	145	50	62	35	148	131	119	34	87	69	132	95	85	118	129	127	125	118	134	111	146	119	114	84	113	42	121	78	37	123	65	87	147	137	46	39	68	56	53	125	68	60	88	30	48	99	90	129	113	85	105	132	118	132	140	92	89	83	108	131	93	147	102	44	62	95	118	105	71	149	106	33	76	95	134	116	114	75	140	59	134	95	76	64	103	144	137	101	35	132	67	78	32	124	112	81	99	95	79	56	87	42	126	78	103	123	61	133	113	108	79	60	97	113	83	89	121	117	114	118	99	88	44	119	116	50	64	88	77	60	78	104	60	101	34	128	111	147	35	54	91	39	123	82	73	86	91	35	47	113	89	79	75	58	119	90	90	140	83	146	98	75	113	84	104	35	98	51	115	33	103	50	130	53	98	113	114	128	67	30	145	87	73	115	66	125	40	95	109	108	31	43	50	64	109	144	80	100	30	75	52	49	146	32	103	117	105	147	68	145	104	32	77	93	78	130	77	148	97	103	72	90	135	84	71	106	96	44	123	108	67	111	131	132	103	55	136	63	149	130	133	53	138	58	71	68	110	66	51	147	144	124	75	59	48	140	144	88	70	43	37	82	59	139	113	134	104	76	54	145	75	39	49	141	51	42	70	106	137	101	35	93	73	91	74	91	52	118	66	80	150	107	31	72	98	71	53	58	60	85	65	145	85	108	78	134	63	
LOCATION_TURN_MATRIX
100	130	122	113	112	199	136	122	129	152	173	146	151	136	158	140	176	113	122	167	194	134	110	172	114	184	100	147	
170	100	154	188	164	169	136	136	152	170	104	183	155	115	101	104	155	187	174	115	149	134	178	168	114	135	168	102	
178	146	100	161	178	114	104	165	117	139	126	169	192	109	120	179	160	152	154	134	113	140	154	179	196	196	192	181	
187	112	139	100	158	114	195	181	104	132	195	106	183	169	132	170	140	136	172	148	116	110	123	136	151	120	176	169	
188	136	122	142	100	175	164	159	112	100	167	164	135	191	132	181	104	123	142	156	108	117	193	182	116	147	156	185	
101	131	186	186	125	100	190	147	164	150	137	102	145	176	185	131	113	108	117	186	118	151	140	178	154	189	172	110	
164	164	196	105	136	110	100	186	153	151	183	193	111	157	144	123	188	142	110	163	105	190	166	187	170	171	186	126	
178	164	135	119	141	153	114	100	106	130	108	103	151	178	122	151	130	133	184	177	110	141	166	110	122	174	191	197	
171	148	183	196	188	136	147	194	100	167	100	146	168	129	128	142	172	118	174	147	105	158	156	160	120	106	119	136	
148	130	161	168	200	150	149	170	133	100	177	106	175	116	188	180	176	194	108	146	130	187	183	173	128	141	169	176	
127	196	174	105	133	163	117	192	200	123	100	171	175	140	183	115	104	186	128	153	151	175	100	146	191	117	132	197	
154	117	131	194	136	198	107	197	154	194	129	100	136	184	140	147	172	184	148	131	103	156	185	200	152	158	154	143	
149	145	108	117	165	155	189	149	132	125	125	164	100	140	199	142	101	144	163	185	117	191	200	143	113	165	102	154	
164	185	191	131	109	124	143	122	171	184	160	116	160	100	109	116	196	113	131	186	166	139	183	175	144	161	105	170	
142	199	180	168	168	115	156	178	172	112	117	160	101	191	100	147	177	177	199	158	172	188	164	175	180	168	154	195	
160	196	121	130	119	169	177	149	158	120	185	153	158	184	153	100	152	159	197	157	181	159	102	123	168	200	124	186	
124	145	140	160	196	187	112	170	128	124	196	128	199	104	123	148	100	149	114	112	117	135	105	132	138	180	198	156	
187	113	148	164	177	192	158	167	182	106	114	116	156	187	123	141	151	100	166	132	168	163	159	123	129	173	161	116	
178	126	146	128	158	183	190	116	126	192	172	152	137	169	101	103	186	134	100	184	199	137	130	160	148	113	140	150	
133	185	166	152	144	114	137	123	153	154	147	169	115	114	142	143	188	168	116	100	111	195	128	157	191	164	141	171	
106	151	187	184	192	182	195	190	195	170	149	197	183	134	128	119	183	132	101	189	100	129	151	163	147	166	104	177	
166	166	160	190	183	149	110	159	142	113	125	144	109	161	112	141	165	137	163	105	171	100	101	185	169	129	103	197	
190	122	146	177	107	160	134	134	144	117	200	115	100	117	136	198	195	141	170	172	149	199	100	106	150	116	118	145	
128	132	121	164	118	122	113	190	140	127	154	100	157	125	125	177	168	177	140	143	137	115	194	100	128	167	115	155	
186	186	104	149	184	146	130	178	180	172	109	148	187	156	120	132	162	171	152	109	153	131	150	172	100	155	124	184	
116	165	104	180	153	111	129	126	194	159	183	142	135	139	132	100	120	127	187	136	134	171	184	133	145	100	129	192	
200	132	108	124	144	128	114	109	181	131	168	146	198	195	146	176	102	139	160	159	196	197	182	185	176	171	100	146	
153	198	119	131	115	190	174	103	164	124	103	157	146	130	105	114	144	184	150	129	123	103	155	145	116	108	154	100	

