INDEX_PROBLEM
1
PATIENTS
800
STRETCHERS
16
NUM_ROOM
28
NUM_DEPOTS
3
NUM_PRIORITY
4
PRIORITY_LIST
0	1	2	3	4	
PRIORITY_WEIGHT
0	1	10	18	30	
PRIORITY_JOB
0	1	2	2	3	3	1	3	1	2	3	3	4	1	2	2	2	3	3	1	1	2	3	3	2	3	3	1	2	2	3	4	3	4	1	2	2	3	3	4	3	4	1	2	2	3	3	2	3	4	1	2	2	3	3	3	4	1	2	1	1	3	4	1	2	3	1	2	2	3	3	1	3	4	1	1	2	2	3	1	4	1	2	2	3	3	1	1	2	4	1	2	2	3	3	2	2	1	2	2	3	3	4	1	3	1	2	2	3	3	4	1	2	2	1	1	2	3	3	1	4	1	2	2	3	3	4	1	1	1	2	2	3	4	1	3	3	1	1	2	2	3	3	4	1	1	2	2	3	3	1	2	4	1	1	2	2	3	3	4	2	4	1	2	2	3	3	2	3	3	1	1	2	2	3	3	2	1	4	1	2	2	3	3	1	1	1	2	2	3	4	2	4	1	2	2	3	3	4	1	3	1	1	2	2	3	3	1	1	1	2	2	3	3	4	4	3	2	1	1	2	2	3	3	1	2	1	2	2	3	3	4	2	3	1	1	2	2	3	3	1	3	1	2	2	3	4	1	2	1	1	2	2	3	3	4	1	1	1	2	2	3	3	4	3	3	1	1	1	2	2	3	3	1	4	4	1	2	2	3	3	2	1	3	1	2	2	3	2	1	3	4	1	2	2	3	1	3	3	1	1	2	2	3	2	4	1	2	2	3	3	1	4	4	1	1	2	2	3	1	2	3	1	2	2	3	3	1	3	1	4	1	2	2	3	3	2	1	4	1	2	2	3	3	3	2	1	1	2	2	3	3	4	1	1	2	2	3	1	3	2	1	4	1	2	2	3	3	1	4	1	1	2	2	1	3	4	1	3	3	1	2	2	3	1	3	3	4	1	2	2	3	3	2	1	3	2	1	2	3	2	4	3	1	1	2	2	3	3	1	3	4	1	1	2	2	3	2	3	1	2	2	3	1	3	3	4	1	1	2	2	1	1	3	3	1	2	2	3	1	3	3	4	4	1	2	2	2	1	2	3	3	1	2	2	3	4	1	3	1	2	2	3	1	2	3	4	1	1	2	2	2	3	1	1	3	4	1	2	2	3	3	4	1	1	1	2	3	3	1	1	2	3	3	1	2	1	2	3	3	4	1	2	3	2	1	2	3	3	1	2	2	1	2	3	3	4	1	2	4	1	2	3	3	1	1	1	3	2	3	3	4	1	2	2	3	1	3	3	4	1	1	2	1	2	2	3	3	1	2	2	3	1	3	3	4	1	2	1	2	2	3	3	4	1	2	2	4	1	1	3	3	1	2	2	1	1	3	3	4	1	1	2	2	3	1	3	1	2	2	3	2	3	4	1	1	2	2	3	4	1	1	3	3	1	2	2	1	3	3	4	1	2	2	3	3	2	3	1	1	3	4	1	2	2	2	3	3	1	2	2	3	4	1	3	3	4	1	1	1	2	3	3	1	1	2	2	3	1	3	4	1	1	2	1	3	2	3	3	1	2	2	3	3	2	1	3	4	1	2	2	1	1	3	3	4	1	2	2	3	2	1	3	1	2	2	3	2	1	3	4	1	1	2	3	4	3	1	3	1	2	2	3	3	4	1	1	2	2	3	3	1	1	1	3	1	2	2	3	2	3	4	1	2	3	2	3	2	3	1	1	3	1	2	2	3	1	3	4	1	2	2	3	4	3	1	3	1	1	2	3	1	1	3	4	1	2	2	1	1	3	3	4	1	1	2	1	2	1	1	2	3	3	1	1	1	2	2	3	3	4	1	1	2	2	1	1	2	2	3	3	1	1	1	2	2	3	3	4	1	2	
TIME_ASKED
0	28800	28800	28800	28800	28800	28800	28800	28800	28800	28800	28800	28800	28800	28800	28800	28800	29545	29574	29603	29632	29661	29690	29742	29784	29826	29868	29910	29952	29994	30029	30058	30087	30116	30145	30174	30203	30232	30261	30290	30329	30358	30387	30416	30445	30474	30503	30532	30561	30590	30621	30642	30663	30684	30705	30726	30747	30768	30789	30810	30831	30852	30873	30894	30949	30998	31047	31096	31145	31194	31227	31254	31281	31308	31335	31362	31389	31416	31443	31470	31497	31524	31548	31572	31596	31620	31644	31668	31692	31716	31740	31764	31788	31837	31874	31911	31948	31985	32022	32059	32096	32159	32218	32277	32336	32395	32419	32438	32457	32476	32495	32514	32533	32552	32571	32590	32609	32628	32647	32666	32685	32759	32818	32877	32936	32995	33027	33054	33081	33108	33135	33162	33189	33216	33243	33270	33297	33333	33366	33399	33432	33465	33498	33531	33564	33597	33616	33632	33648	33664	33680	33696	33712	33728	33744	33760	33776	33792	33808	33824	33840	33856	33872	33888	33933	33966	33999	34032	34065	34098	34131	34164	34197	34242	34284	34326	34368	34410	34452	34494	34533	34566	34599	34632	34665	34698	34731	34764	34797	34827	34854	34881	34908	34935	34962	34989	35016	35043	35070	35097	35137	35174	35211	35248	35285	35322	35359	35396	35433	35466	35499	35532	35565	35598	35631	35664	35697	35723	35746	35769	35792	35815	35838	35861	35884	35907	35930	35953	35976	35999	36023	36046	36069	36092	36115	36138	36161	36184	36207	36230	36253	36276	36299	36327	36354	36381	36408	36435	36462	36489	36516	36543	36570	36597	36619	36638	36657	36676	36695	36714	36733	36752	36771	36790	36809	36828	36847	36866	36885	36949	36998	37047	37096	37145	37194	37259	37318	37377	37436	37495	37549	37598	37647	37696	37745	37794	37827	37854	37881	37908	37935	37962	37989	38016	38043	38070	38097	38123	38146	38169	38192	38215	38238	38261	38284	38307	38330	38353	38376	38399	38419	38438	38457	38476	38495	38514	38533	38552	38571	38590	38609	38628	38647	38666	38685	38742	38784	38826	38868	38910	38952	38994	39029	39058	39087	39116	39145	39174	39203	39232	39261	39290	39349	39398	39447	39496	39545	39594	39633	39666	39699	39732	39765	39798	39831	39864	39897	39937	39974	40011	40048	40085	40122	40159	40196	40242	40284	40326	40368	40410	40452	40494	40542	40584	40626	40668	40710	40752	40794	40849	40898	40947	40996	41045	41094	41133	41166	41199	41232	41265	41298	41331	41364	41397	41423	41446	41469	41492	41515	41538	41561	41584	41607	41630	41653	41676	41699	41749	41798	41847	41896	41945	41994	42099	42198	42297	42342	42384	42426	42468	42510	42552	42594	42699	42798	42897	42923	42946	42969	42992	43015	43038	43061	43084	43107	43130	43153	43176	43199	43237	43274	43311	43348	43385	43422	43459	43496	43549	43598	43647	43696	43745	43794	43899	43998	44097	44159	44218	44277	44336	44395	44459	44518	44577	44636	44695	44799	44898	44997	45033	45066	45099	45132	45165	45198	45231	45264	45297	45337	45374	45411	45448	45485	45522	45559	45596	45637	45674	45711	45748	45785	45822	45859	45896	45959	46018	46077	46136	46195	46249	46298	46347	46396	46445	46494	46537	46574	46611	46648	46685	46722	46759	46796	46821	46842	46863	46884	46905	46926	46947	46968	46989	47010	47031	47052	47073	47094	47199	47298	47397	47437	47474	47511	47548	47585	47622	47659	47696	47737	47774	47811	47848	47885	47922	47959	47996	48049	48098	48147	48196	48245	48294	48324	48348	48372	48396	48420	48444	48468	48492	48516	48540	48564	48588	48627	48654	48681	48708	48735	48762	48789	48816	48843	48870	48897	48937	48974	49011	49048	49085	49122	49159	49196	49233	49266	49299	49332	49365	49398	49431	49464	49497	49537	49574	49611	49648	49685	49722	49759	49796	49827	49854	49881	49908	49935	49962	49989	50016	50043	50070	50097	50149	50198	50247	50296	50345	50394	50424	50448	50472	50496	50520	50544	50568	50592	50616	50640	50664	50688	50737	50774	50811	50848	50885	50922	50959	50996	51027	51054	51081	51108	51135	51162	51189	51216	51243	51270	51297	51324	51348	51372	51396	51420	51444	51468	51492	51516	51540	51564	51588	51637	51674	51711	51748	51785	51822	51859	51896	51933	51966	51999	52032	52065	52098	52131	52164	52197	52259	52318	52377	52436	52495	52517	52534	52551	52568	52585	52602	52619	52636	52653	52670	52687	52704	52721	52738	52755	52772	52789	52859	52918	52977	53036	53095	53137	53174	53211	53248	53285	53322	53359	53396	53459	53518	53577	53636	53695	53733	53766	53799	53832	53865	53898	53931	53964	53997	54027	54054	54081	54108	54135	54162	54189	54216	54243	54270	54297	54374	54448	54522	54596	54627	54654	54681	54708	54735	54762	54789	54816	54843	54870	54897	55049	55198	55237	55274	55311	55348	55385	55422	55459	55496	55574	55648	55722	55796	55827	55854	55881	55908	55935	55962	55989	56016	56043	56070	56097	56399	56499	56598	56697	56733	56766	56799	56832	56865	56898	56931	56964	56997	57049	57098	57147	57196	57245	57294	57359	57418	57477	57536	57595	
ORIGIN
0	16	6	27	19	7	27	23	1	25	23	10	2	23	12	14	23	14	3	23	14	16	26	16	14	14	16	7	27	20	8	7	23	9	1	23	11	14	23	13	2	14	14	3	24	14	4	14	14	6	27	18	7	27	20	8	1	14	10	2	23	12	2	26	1	3	23	14	4	24	15	11	26	11	7	27	19	8	27	3	14	1	23	11	2	23	14	14	23	14	3	24	14	4	26	1	7	1	18	7	27	20	8	14	23	17	1	23	12	2	23	14	14	14	14	4	24	15	4	26	16	14	27	14	3	27	23	8	3	3	10	2	23	12	2	23	14	2	14	27	4	26	16	5	1	1	7	27	20	8	1	23	10	23	27	20	2	23	13	2	27	3	4	24	15	4	26	16	6	27	26	26	27	22	8	1	14	25	2	23	12	2	23	14	3	14	14	4	25	16	5	1	25	14	27	20	8	27	23	14	1	23	20	2	23	13	2	27	14	14	14	14	4	26	16	5	27	14	14	2	20	8	1	23	17	2	23	12	2	23	14	3	23	14	14	27	11	5	26	16	6	4	19	8	27	23	9	1	14	3	2	14	14	2	23	14	14	27	14	4	26	16	5	26	17	7	1	4	14	1	23	10	1	2	11	2	23	13	3	23	14	4	27	15	14	26	16	6	3	26	15	27	23	8	1	23	22	2	22	12	2	23	14	3	23	14	4	26	16	5	26	26	7	27	9	26	27	23	9	3	9	20	2	23	13	2	23	14	3	20	14	14	26	16	6	27	26	14	27	20	8	1	23	10	2	23	11	2	26	14	3	23	14	4	24	15	5	26	26	7	14	14	3	14	23	9	1	23	20	2	23	13	2	23	7	3	24	27	4	26	7	5	27	18	14	2	20	8	1	23	10	1	23	12	2	14	14	3	23	14	14	27	15	27	26	16	6	27	11	26	2	23	8	1	23	20	2	23	12	2	23	14	3	27	14	4	7	16	5	26	16	14	1	14	27	1	23	10	1	27	11	2	14	13	2	23	14	27	11	24	4	26	16	6	27	19	7	23	14	14	1	23	10	12	27	27	2	23	14	3	23	14	4	27	11	14	26	16	7	27	20	14	27	23	9	26	23	11	2	4	23	2	23	14	3	24	20	4	26	16	5	27	18	7	27	14	3	1	23	10	2	23	14	14	23	14	3	23	14	4	23	15	27	26	16	6	26	19	14	14	23	9	1	23	11	2	2	12	2	23	14	3	15	14	14	27	16	5	26	17	7	27	14	1	1	23	10	1	20	2	14	23	13	3	23	14	4	24	15	4	1	25	6	27	19	14	22	23	8	1	23	10	2	23	12	4	14	14	3	23	14	14	11	16	5	26	16	7	27	20	2	23	23	9	1	23	11	2	23	13	2	23	14	3	24	14	4	26	20	1	27	18	7	14	2	8	1	23	10	2	23	12	26	26	14	3	23	14	27	27	15	5	26	14	7	27	19	8	12	23	9	1	23	11	2	14	13	2	23	14	3	24	14	4	14	1	5	27	18	7	27	2	26	1	23	10	1	23	12	2	23	14	14	23	14	4	24	11	23	26	16	6	27	19	7	27	14	14	1	23	10	2	23	14	2	23	14	3	23	14	4	8	7	14	14	16	7	27	20	14	14	23	9	1	23	11	2	23	13	14	27	14	4	24	15	14	1	16	6	27	18	7	27	21	8	3	23	10	2	23	12	2	23	14	3	23	14	4	14	16	5	26	16	7	27	20	14	15	14	9	1	23	11	2	4	13	2	27	14	3	24	14	1	27	7	5	27	18	7	27	20	8	1	14	10	1	23	12	2	7	14	
DESTINATION
0	14	17	2	22	23	2	26	23	14	27	14	14	27	11	16	1	25	14	4	26	14	3	14	9	1	16	20	2	14	14	13	27	14	14	27	15	5	1	7	27	5	26	14	2	26	14	1	1	17	2	27	20	2	14	14	14	16	14	14	27	11	14	23	14	14	3	26	14	2	14	12	3	12	20	2	22	14	2	26	16	14	27	15	14	27	16	8	1	8	14	1	26	14	3	23	13	23	27	20	2	14	14	4	27	6	14	27	11	14	1	8	1	15	26	14	2	14	14	3	14	3	2	3	23	2	27	14	26	26	14	14	27	11	14	1	25	27	1	23	14	3	14	14	23	23	20	2	14	14	14	27	14	1	18	7	14	1	7	14	23	23	14	2	14	14	3	14	17	2	14	14	2	2	14	14	16	14	14	27	11	14	1	25	14	8	10	14	14	14	14	23	14	3	2	14	14	2	27	5	14	27	7	14	1	7	14	23	10	1	4	26	14	3	14	14	2	16	2	24	14	14	14	27	6	27	27	11	14	1	25	14	3	26	2	23	12	14	3	14	17	23	22	14	2	27	14	14	25	14	27	20	8	14	1	26	1	23	26	14	3	14	14	3	9	20	14	14	4	14	27	14	14	27	20	14	1	7	14	3	26	14	23	14	2	3	14	17	23	14	11	2	26	14	14	27	19	14	19	11	14	1	25	14	4	26	14	3	14	14	3	14	20	2	17	14	3	27	14	26	17	7	27	1	7	14	1	1	14	7	26	2	3	14	17	2	14	4	2	14	14	14	27	14	14	27	15	14	23	8	14	3	26	14	2	14	14	3	14	20	2	4	26	16	27	14	14	27	7	27	27	7	14	1	20	14	1	2	14	3	13	14	2	27	3	24	14	14	14	27	14	14	27	11	27	8	25	14	3	26	2	23	14	23	3	14	17	2	12	14	24	27	14	14	27	7	27	27	11	14	1	25	14	23	26	14	13	14	14	3	16	3	24	4	23	14	27	14	14	18	20	14	20	7	14	3	26	23	12	2	14	3	14	17	2	22	23	27	15	4	14	27	14	11	2	23	14	1	25	14	4	26	14	23	12	2	3	14	20	2	14	4	2	27	14	14	27	15	14	14	27	14	1	26	14	1	11	14	3	14	14	2	27	20	2	4	26	14	27	14	14	7	4	4	1	25	14	3	26	14	27	14	23	3	14	17	14	22	4	25	27	14	14	27	15	14	27	11	14	1	26	14	11	2	2	23	14	14	3	9	20	2	4	24	14	27	14	14	7	27	20	1	7	14	3	26	14	2	14	14	23	14	17	2	22	4	19	26	14	14	27	14	14	27	11	14	9	25	14	4	26	2	12	14	14	3	16	20	2	14	14	27	27	14	14	27	15	27	1	7	14	1	26	14	2	26	14	3	14	23	2	27	20	15	24	14	14	27	14	14	27	11	23	23	25	14	3	26	23	23	14	14	3	20	20	2	22	14	11	27	14	14	27	15	27	8	7	14	1	26	14	1	26	14	4	23	14	2	27	20	2	24	14	14	27	14	14	27	11	14	1	8	1	3	26	14	2	12	26	3	14	17	2	22	23	2	15	5	14	27	14	14	27	8	14	1	25	14	5	26	14	14	13	2	2	16	20	2	14	4	4	27	14	14	27	20	14	1	7	1	23	26	14	2	14	2	23	14	17	2	27	23	2	7	14	26	27	14	14	27	11	27	1	25	14	4	26	14	2	14	14	3	14	20	2	14	4	14	16	14	14	27	15	14	14	7	14	23	26	14	1	26	23	23	13	14	2	27	20	2	14	14	14	16	14	14	27	11	14	21	8	
DUE_DATE
0	31147	30476	30525	30094	30143	31392	30247	31496	30825	30394	30443	29952	31727	31036	31065	31094	30643	30672	31901	31930	31239	30788	30840	31362	30924	30966	32208	31530	31572	31127	30616	31185	30674	32443	31752	31781	31330	31359	30848	31427	30916	32685	31994	32023	31572	31601	32110	31659	31148	32919	32220	32241	31782	31803	31824	31305	33066	32367	33108	33129	31950	31431	33192	32527	32096	33345	32674	32723	32292	32325	33552	32379	31866	33633	33660	32967	32994	32541	33768	32055	33822	33126	33150	32694	32718	33942	33966	33270	32274	34038	33342	33366	32935	32972	33489	33526	34283	33600	33637	33194	33257	32776	34575	33434	34693	33997	34016	33555	33574	33053	34812	34111	34130	34869	34888	34187	33726	33745	34964	33243	35057	34396	34455	34034	34093	33585	35352	35379	35406	34713	34740	34287	33774	35541	34368	34395	35631	35664	34977	35010	34563	34596	34089	35862	35895	35194	35210	34746	34762	35978	35274	34270	36026	36042	35338	35354	34890	34906	34382	35418	34414	36170	35466	35511	35064	35097	35610	35163	35196	36429	36462	35775	35820	35382	35424	35946	36708	35010	36792	36111	36144	35697	35730	36963	36996	37029	36342	36375	35925	35412	36459	35466	37233	36540	36567	36114	36141	35628	37395	36235	37472	37509	36826	36863	36420	36457	37694	37731	37764	37077	37110	36663	36696	36189	36222	36795	37301	38044	38067	37370	37393	36936	36959	38182	37485	38228	37531	37554	37097	37121	36604	37647	37190	38413	38436	37739	37762	37305	37328	38551	37374	38597	37905	37932	37479	36966	38733	38040	38787	38814	38121	38148	37695	37717	37196	38955	38974	38993	38292	38311	37850	37869	37348	37907	37926	39145	39164	39183	38527	38576	38145	38194	39443	37752	37817	39616	38955	39014	38593	38647	39176	39945	38794	40043	39372	39405	38952	39459	40206	39033	38520	40287	39594	39621	39168	40395	39221	39244	40467	40490	39793	39816	39359	39862	38865	40628	39931	39954	39497	39517	40736	39015	39034	40793	40812	40111	40130	39669	40888	40187	39726	40945	40244	40263	39840	39882	41124	39966	41208	39510	41292	40607	40636	40185	40214	40723	41472	39761	41530	40839	40868	40447	40496	40545	41074	41843	41892	41211	41244	40797	40830	40323	42096	42129	41442	41475	41035	42272	41109	41626	42383	40680	42457	41774	41820	41382	41424	42666	40968	42750	42792	42120	42162	42924	41766	41268	43050	41892	41947	43196	42525	42574	42143	43392	42231	42264	41757	43530	42843	42876	42429	42462	42975	43721	42544	43047	43790	43093	42636	43139	42142	42705	43928	43951	43254	43277	42847	42896	44145	42994	42503	44292	44397	43776	43875	43440	43962	43524	44766	44088	44130	43692	44997	43896	43995	43481	45244	45267	44570	44593	45336	45359	44182	44205	45428	44731	44754	44297	45535	44372	44409	43906	43943	45720	45037	45074	45127	45896	45225	44794	44843	46092	45477	45576	45195	44717	46516	45375	46634	45973	46037	45616	46875	46214	45793	45357	47196	47295	46611	46644	46677	46230	47463	47496	46329	45822	47595	46915	46952	46509	46546	46043	47820	47857	47894	47215	46772	46809	48046	48083	47400	46957	46994	48257	47596	48375	47714	47293	47347	46856	48645	47974	47543	48072	48835	48152	47709	47746	48983	48300	48337	49094	48399	47940	47961	47442	49203	48504	47505	49266	48567	48108	48129	49350	49371	49392	48297	48876	48495	48535	48032	49809	49126	49163	48720	49957	48794	48835	48332	50109	50146	49463	50220	49537	49574	49147	49196	50445	49774	49823	49392	50622	49446	49470	48954	50718	50022	50766	50070	50094	49638	49662	49146	50925	50232	50259	49266	51033	51060	49887	49914	51141	50448	50475	51235	51272	50109	50146	49643	51420	51457	50774	50811	50364	51597	50430	51663	50976	51009	50562	51075	50635	50132	51909	51946	51263	51300	50857	50354	52125	52152	50979	51006	52233	51540	51567	52314	51141	51168	50655	52447	51776	51825	51394	51443	51972	51522	52746	52770	51594	51078	52842	52146	52170	52194	51738	51762	52986	52315	52352	51909	51406	53183	52020	52057	51554	53325	53352	53379	52686	52233	52260	53487	53514	52821	52848	52395	53622	52446	51930	53694	53718	53022	53766	52590	53094	52638	52662	53886	53215	53252	52809	52846	53363	54120	52957	52454	54231	53544	53577	54330	54363	53196	53229	52722	54495	53837	53896	53475	54014	54793	53615	54832	54129	54146	53683	54180	54917	53734	53211	54968	54985	54282	53819	53296	53853	55070	53887	55157	54496	54555	54134	54193	53695	55472	55509	54826	54863	54420	54457	55694	55757	55816	54675	55934	55273	55311	54864	55377	54930	54423	56196	55509	55062	55575	55125	55632	55179	56406	56433	55260	56487	55794	55821	55368	56595	55472	55006	56820	56174	56205	55752	55239	55806	57033	55860	57087	57114	56421	55968	57195	57347	56296	55795	57572	56889	56926	57683	57720	56557	56594	56132	57946	58020	57374	58125	57432	58179	58206	57513	57060	57087	58314	58341	58368	57675	57977	57597	57696	57255	59031	59064	58377	58410	59163	59196	58509	58542	58095	58147	59396	59445	59494	58823	58872	58457	58516	58035	59834	59173	
TRANSPORT_MODE
0	2	4	4	4	4	4	0	2	4	4	4	4	4	2	0	1	4	4	4	4	2	0	0	2	4	4	4	4	4	2	0	4	4	4	4	4	2	0	0	2	4	4	4	4	4	2	0	0	4	4	4	4	4	4	0	0	3	4	4	4	4	4	0	0	2	4	4	1	1	4	3	0	4	4	1	4	4	2	0	4	2	4	4	4	1	0	3	0	4	4	1	4	4	4	0	0	2	2	4	4	4	4	3	0	1	4	4	4	4	1	0	0	0	2	4	4	4	4	4	0	3	4	4	1	4	4	2	0	4	4	4	4	4	4	0	0	3	3	4	4	4	4	2	0	4	4	4	4	4	4	0	0	3	3	4	4	4	4	2	0	1	1	1	4	4	1	0	0	0	3	4	4	1	4	4	0	0	2	4	4	4	4	1	4	3	4	1	1	4	4	0	0	2	2	4	4	4	4	3	0	1	4	4	4	4	1	0	0	2	2	4	4	4	1	4	0	0	3	1	4	4	4	1	0	0	2	4	4	4	4	4	0	0	3	4	4	4	4	1	1	0	2	4	4	1	1	4	0	3	3	4	4	1	1	2	0	4	4	4	4	1	4	0	0	0	3	3	4	4	1	4	2	0	1	4	4	1	1	4	0	0	3	1	4	4	4	4	0	0	2	4	4	1	4	1	3	0	4	4	1	4	4	1	0	2	2	1	1	4	4	3	0	4	4	4	1	4	1	0	0	2	2	4	4	4	1	3	0	0	4	1	1	1	4	4	0	0	2	4	4	4	1	1	0	0	3	4	1	1	4	4	2	1	4	1	4	4	3	0	0	3	1	4	4	1	4	2	0	1	1	4	1	1	3	0	0	3	1	4	1	4	4	2	0	0	1	4	4	4	4	4	0	0	3	4	1	1	1	4	0	2	1	0	1	1	1	4	0	3	1	4	4	1	4	0	0	2	2	1	1	4	1	3	0	4	4	4	1	4	1	0	0	2	2	1	1	4	4	3	0	1	1	1	4	4	1	0	0	0	2	1	4	1	1	4	0	3	1	4	4	1	4	0	0	2	4	1	4	1	1	0	0	3	3	1	1	4	1	2	1	1	1	1	1	0	4	0	0	3	3	4	1	1	4	1	0	2	4	4	1	4	4	0	0	3	1	1	4	1	1	0	0	2	1	1	1	1	1	0	3	4	4	1	1	1	0	0	2	4	1	1	4	1	4	0	3	1	4	4	4	1	0	0	2	2	1	1	1	1	1	0	3	4	1	4	1	1	0	0	2	2	1	1	1	1	4	0	0	3	1	1	4	1	1	0	0	2	4	1	4	4	1	0	4	3	1	1	4	1	1	0	2	1	1	1	1	1	0	0	3	3	1	4	1	4	1	0	2	1	1	1	4	1	0	0	0	1	3	3	4	1	1	4	0	2	1	1	1	1	1	0	0	3	1	1	1	4	4	0	1	2	1	0	1	1	1	1	3	4	1	1	1	1	0	0	2	2	4	4	1	1	1	0	0	3	1	1	1	1	1	0	0	2	2	1	4	1	1	1	0	3	1	1	1	1	4	0	0	2	1	1	1	4	1	0	0	3	1	1	1	1	1	1	2	1	1	1	4	1	0	0	3	3	1	1	1	1	1	0	2	1	1	4	0	1	1	0	0	3	3	1	1	1	1	1	0	2	1	1	1	1	1	0	0	3	1	4	1	1	1	0	3	1	1	1	1	1	3	0	1	1	4	1	1	1	0	0	3	3	1	1	1	1	3	0	1	1	1	1	1	1	0	0	0	3	3	1	1	1	1	1	0	3	1	1	1	1	1	0	0	
DISTANCE_MATRIX
60	360	318	300	288	276	264	264	150	150	150	60	90	90	162	168	204	228	234	312	360	408	348	318	168	192	168	318	
360	60	264	318	324	342	342	342	348	348	354	360	372	378	378	420	420	480	462	498	462	462	384	420	372	420	378	378	
318	264	60	270	276	288	288	288	294	294	294	318	318	324	324	414	414	468	462	486	462	462	330	366	366	408	372	324	
300	318	270	60	276	288	288	288	288	288	288	300	300	312	318	408	408	468	462	486	438	438	318	360	360	402	360	312	
288	324	276	276	60	276	276	276	276	276	276	288	288	300	300	402	396	462	456	480	432	432	300	360	360	402	348	300	
276	342	288	288	276	60	180	180	252	258	264	264	264	288	288	390	390	456	450	480	432	432	288	348	348	348	288	288	
264	342	288	288	276	180	60	180	246	258	264	264	264	288	288	390	390	456	450	480	432	432	288	348	348	348	288	288	
264	342	288	288	276	180	180	60	240	258	264	264	264	288	288	390	390	456	450	480	432	432	288	348	348	348	288	288	
150	348	294	288	276	252	246	240	60	120	120	150	126	270	270	378	384	420	438	480	420	408	276	300	300	300	276	270	
150	348	294	288	276	258	258	258	120	60	120	150	150	270	270	378	384	420	438	480	420	408	276	300	300	300	276	270	
150	354	294	288	276	264	264	264	120	120	60	150	150	270	270	378	384	420	438	480	420	408	276	300	300	300	276	270	
60	360	318	300	288	264	264	264	150	150	150	60	90	162	168	228	234	312	360	408	348	318	168	192	192	198	168	162	
90	372	318	300	288	264	264	264	150	150	150	90	60	162	168	228	234	312	360	408	348	318	168	192	192	198	168	162	
90	378	324	312	300	288	288	288	270	270	270	162	162	60	120	180	180	306	210	360	300	300	120	180	120	180	120	234	
162	378	324	318	300	288	288	288	270	270	270	168	168	120	60	180	180	306	210	360	300	300	120	180	120	180	120	120	
168	420	414	408	402	348	348	348	300	300	300	228	228	180	180	60	132	204	132	348	258	258	186	60	180	132	222	180	
204	420	414	408	396	390	390	390	384	384	384	234	234	180	180	132	60	204	132	348	258	258	186	60	180	132	222	180	
228	480	468	468	462	456	456	456	420	420	420	312	312	306	306	204	204	60	198	120	240	240	306	204	306	138	306	306	
234	462	462	462	456	450	450	450	438	438	438	360	360	210	210	132	132	198	60	138	132	132	210	132	210	132	210	210	
312	498	486	486	480	480	480	480	480	480	480	408	408	360	360	348	348	120	138	60	348	348	360	348	360	348	360	360	
360	462	462	438	432	432	432	432	420	420	420	348	348	300	300	258	258	240	132	348	60	60	300	258	300	258	300	300	
408	462	462	438	432	432	432	432	408	408	408	318	318	300	300	258	258	240	132	348	60	60	300	258	300	258	300	300	
348	384	330	318	300	288	288	288	276	276	276	168	168	120	120	186	186	306	210	360	300	300	60	186	120	186	120	120	
318	420	366	360	360	348	348	348	300	300	300	192	192	180	180	60	60	204	132	348	258	258	186	60	180	60	180	180	
168	372	300	306	300	288	288	288	270	270	270	168	168	120	120	180	180	306	210	360	300	300	120	180	60	180	120	120	
192	420	408	402	402	348	348	348	300	300	300	198	198	180	180	132	132	138	132	348	258	258	186	60	180	60	180	180	
168	378	372	360	348	288	288	288	276	276	276	168	168	120	120	222	222	306	210	360	300	300	120	180	120	180	60	120	
318	378	324	312	300	288	288	288	270	270	270	162	162	234	120	180	180	306	210	360	300	300	120	180	120	180	120	60	
DEPOT_DISTANCE_MATRIX
60	360	318	300	288	276	264	264	150	150	150	60	90	90	162	168	204	228	234	312	360	408	348	318	168	192	168	318	
162	378	324	318	300	288	288	288	270	270	270	168	168	120	60	180	180	306	210	360	300	300	120	180	120	180	120	120	
318	420	366	360	360	348	348	348	300	300	300	192	192	180	180	60	60	204	132	348	258	258	186	60	180	60	180	180	
PATIENT_WEIGHT
105	140	33	137	98	77	83	79	35	36	125	102	123	127	30	119	71	33	76	95	89	70	43	59	34	97	37	67	147	108	102	31	74	136	54	91	93	51	43	70	83	125	68	117	121	44	74	120	123	115	127	61	116	130	148	130	108	83	96	147	137	89	50	56	68	141	39	114	83	94	53	141	125	99	103	33	124	84	128	100	146	66	48	98	39	110	67	132	55	35	69	44	38	113	139	122	129	99	127	49	87	59	34	136	58	132	31	102	101	85	76	136	54	98	58	64	90	73	144	50	139	60	117	117	38	137	114	54	102	145	147	100	80	147	60	138	102	30	66	88	75	104	40	95	67	94	142	135	71	84	85	123	58	45	104	74	107	53	95	50	76	77	34	101	131	53	110	41	116	80	38	54	52	138	54	94	68	109	140	75	87	101	148	105	85	145	138	92	103	36	45	96	101	67	97	107	63	49	80	42	62	80	76	108	80	40	139	129	41	116	48	68	133	88	79	67	52	100	93	35	38	63	142	60	50	44	140	30	78	125	62	41	30	90	69	129	117	46	86	41	135	93	37	61	95	77	31	74	66	37	127	129	104	97	147	95	55	144	118	63	69	59	37	56	95	77	41	90	129	138	115	37	61	100	115	72	54	108	58	105	141	119	36	35	93	121	139	148	131	121	133	150	59	111	98	39	71	68	30	84	49	140	76	126	130	127	59	59	139	42	44	149	94	82	68	43	84	146	76	64	41	116	71	81	87	70	107	96	116	99	73	38	138	150	126	46	111	54	65	129	56	63	108	56	120	139	47	85	100	148	80	75	43	30	89	62	91	117	38	148	121	132	62	30	111	86	56	113	34	90	57	89	133	115	101	115	62	129	63	115	109	99	69	64	93	130	94	50	131	41	103	39	112	142	54	63	141	117	97	114	111	128	30	78	127	148	109	129	134	96	109	49	125	116	132	128	42	143	31	84	48	59	149	52	129	103	58	119	48	76	76	97	58	31	76	36	103	98	91	109	46	97	68	30	57	67	104	67	90	143	73	118	94	107	144	134	97	88	90	149	77	144	43	86	117	68	144	39	78	109	41	78	93	71	77	56	90	146	121	149	145	106	43	89	106	141	39	150	38	48	125	149	112	139	135	54	36	44	124	45	98	82	64	93	75	78	85	91	139	41	124	93	115	134	109	144	80	31	69	134	103	135	92	61	118	141	81	34	57	142	132	125	39	95	49	88	68	121	80	134	91	97	111	51	71	40	102	146	80	36	47	55	85	54	111	104	140	63	38	123	80	92	78	110	109	115	70	47	128	94	88	105	149	38	105	73	61	135	73	63	62	37	108	89	47	138	80	87	34	105	146	124	81	107	69	129	118	41	99	57	108	116	95	147	73	116	73	103	120	86	74	45	44	67	33	100	74	122	96	126	116	43	147	46	122	57	43	72	130	122	83	69	34	132	147	42	49	147	83	106	133	60	71	135	66	140	64	148	78	113	105	92	81	126	132	146	71	146	132	40	78	32	136	32	82	81	140	91	114	133	35	52	95	123	58	86	68	68	129	32	122	76	102	142	66	63	42	45	91	55	46	94	121	128	145	148	30	74	46	82	90	111	77	143	131	142	30	102	54	109	33	51	79	132	59	149	73	133	92	74	141	130	93	83	76	64	38	104	130	56	147	101	93	36	150	71	79	49	111	99	63	92	141	118	150	131	138	125	43	37	127	109	51	59	37	141	83	102	122	58	64	84	33	126	35	80	98	115	34	90	96	59	111	45	86	86	83	149	50	81	128	64	96	91	44	142	133	94	110	36	87	65	98	133	91	134	143	147	32	40	111	
LOCATION_TURN_MATRIX
100	130	122	113	112	199	136	122	129	152	173	146	151	136	158	140	176	113	122	167	194	134	110	172	114	184	100	147	
170	100	154	188	164	169	136	136	152	170	104	183	155	115	101	104	155	187	174	115	149	134	178	168	114	135	168	102	
178	146	100	161	178	114	104	165	117	139	126	169	192	109	120	179	160	152	154	134	113	140	154	179	196	196	192	181	
187	112	139	100	158	114	195	181	104	132	195	106	183	169	132	170	140	136	172	148	116	110	123	136	151	120	176	169	
188	136	122	142	100	175	164	159	112	100	167	164	135	191	132	181	104	123	142	156	108	117	193	182	116	147	156	185	
101	131	186	186	125	100	190	147	164	150	137	102	145	176	185	131	113	108	117	186	118	151	140	178	154	189	172	110	
164	164	196	105	136	110	100	186	153	151	183	193	111	157	144	123	188	142	110	163	105	190	166	187	170	171	186	126	
178	164	135	119	141	153	114	100	106	130	108	103	151	178	122	151	130	133	184	177	110	141	166	110	122	174	191	197	
171	148	183	196	188	136	147	194	100	167	100	146	168	129	128	142	172	118	174	147	105	158	156	160	120	106	119	136	
148	130	161	168	200	150	149	170	133	100	177	106	175	116	188	180	176	194	108	146	130	187	183	173	128	141	169	176	
127	196	174	105	133	163	117	192	200	123	100	171	175	140	183	115	104	186	128	153	151	175	100	146	191	117	132	197	
154	117	131	194	136	198	107	197	154	194	129	100	136	184	140	147	172	184	148	131	103	156	185	200	152	158	154	143	
149	145	108	117	165	155	189	149	132	125	125	164	100	140	199	142	101	144	163	185	117	191	200	143	113	165	102	154	
164	185	191	131	109	124	143	122	171	184	160	116	160	100	109	116	196	113	131	186	166	139	183	175	144	161	105	170	
142	199	180	168	168	115	156	178	172	112	117	160	101	191	100	147	177	177	199	158	172	188	164	175	180	168	154	195	
160	196	121	130	119	169	177	149	158	120	185	153	158	184	153	100	152	159	197	157	181	159	102	123	168	200	124	186	
124	145	140	160	196	187	112	170	128	124	196	128	199	104	123	148	100	149	114	112	117	135	105	132	138	180	198	156	
187	113	148	164	177	192	158	167	182	106	114	116	156	187	123	141	151	100	166	132	168	163	159	123	129	173	161	116	
178	126	146	128	158	183	190	116	126	192	172	152	137	169	101	103	186	134	100	184	199	137	130	160	148	113	140	150	
133	185	166	152	144	114	137	123	153	154	147	169	115	114	142	143	188	168	116	100	111	195	128	157	191	164	141	171	
106	151	187	184	192	182	195	190	195	170	149	197	183	134	128	119	183	132	101	189	100	129	151	163	147	166	104	177	
166	166	160	190	183	149	110	159	142	113	125	144	109	161	112	141	165	137	163	105	171	100	101	185	169	129	103	197	
190	122	146	177	107	160	134	134	144	117	200	115	100	117	136	198	195	141	170	172	149	199	100	106	150	116	118	145	
128	132	121	164	118	122	113	190	140	127	154	100	157	125	125	177	168	177	140	143	137	115	194	100	128	167	115	155	
186	186	104	149	184	146	130	178	180	172	109	148	187	156	120	132	162	171	152	109	153	131	150	172	100	155	124	184	
116	165	104	180	153	111	129	126	194	159	183	142	135	139	132	100	120	127	187	136	134	171	184	133	145	100	129	192	
200	132	108	124	144	128	114	109	181	131	168	146	198	195	146	176	102	139	160	159	196	197	182	185	176	171	100	146	
153	198	119	131	115	190	174	103	164	124	103	157	146	130	105	114	144	184	150	129	123	103	155	145	116	108	154	100	

