INDEX_PROBLEM
1
PATIENTS
800
STRETCHERS
16
NUM_ROOM
28
NUM_DEPOTS
3
NUM_PRIORITY
4
PRIORITY_LIST
0	1	2	3	4	
PRIORITY_WEIGHT
0	1	10	18	30	
PRIORITY_JOB
0	1	2	3	3	1	3	2	3	2	2	3	1	2	3	2	3	3	4	1	2	3	3	4	3	3	1	2	2	3	3	4	3	4	1	2	3	4	2	3	3	3	1	2	2	3	2	3	3	4	1	2	3	4	3	3	4	1	3	1	2	2	1	1	1	3	4	1	2	3	3	4	2	1	3	2	2	3	2	1	2	4	1	2	2	3	3	3	2	1	1	2	3	1	2	1	2	3	1	2	2	3	3	3	4	1	4	1	2	1	1	2	1	3	3	4	1	2	3	3	4	2	1	3	1	2	1	2	1	3	3	2	2	3	3	2	3	4	1	1	2	3	1	2	2	3	4	1	2	3	2	3	3	3	1	3	1	2	1	1	2	2	3	4	1	4	3	3	4	2	3	1	3	1	1	2	1	1	2	2	3	1	2	3	4	3	1	3	4	2	2	1	1	2	2	3	1	2	3	3	3	3	4	1	2	2	1	2	2	3	4	1	2	2	3	3	4	3	4	1	1	1	1	2	1	2	3	3	1	2	3	3	4	2	3	1	1	2	1	2	1	3	3	4	2	2	3	2	3	3	1	1	2	3	1	2	2	3	4	1	2	3	2	3	3	3	4	1	1	2	1	1	2	2	3	4	1	4	3	3	4	2	3	3	1	1	1	1	1	2	2	3	1	2	3	2	3	3	3	1	4	1	2	1	2	2	2	3	1	2	3	2	3	3	3	4	1	1	2	1	2	2	3	4	1	2	3	4	3	2	3	1	4	2	1	2	1	1	2	3	3	1	3	4	3	2	2	3	1	1	1	1	2	3	3	1	2	3	2	3	2	2	3	4	1	1	1	2	2	3	3	4	1	3	2	3	1	2	3	1	1	2	2	2	1	2	3	4	1	4	3	3	4	2	3	3	1	2	2	1	1	1	2	3	4	1	3	2	3	2	3	3	1	1	1	2	1	2	2	3	4	1	3	2	3	2	3	1	3	1	2	1	2	3	2	3	4	1	2	4	3	3	2	3	4	1	2	1	2	1	1	2	3	3	1	4	3	2	2	2	3	1	1	1	1	2	3	3	4	1	3	3	2	1	2	2	3	1	1	2	2	2	3	3	4	1	3	3	4	1	2	3	2	1	1	2	2	1	2	3	4	1	3	3	4	3	2	3	3	1	1	1	1	2	2	2	3	4	1	2	3	2	3	1	3	1	1	1	2	3	2	2	3	1	2	2	3	3	3	1	4	1	1	2	1	3	2	3	4	1	2	3	3	4	2	3	1	4	2	1	2	1	1	2	3	3	1	3	2	4	2	2	3	1	1	1	2	1	2	3	3	1	2	3	2	3	2	3	1	4	1	1	2	1	2	3	3	1	2	3	4	2	3	4	1	1	2	1	2	2	2	3	4	1	3	3	4	3	2	3	3	1	1	1	1	1	2	2	3	1	2	2	3	3	3	1	1	2	2	1	1	4	2	3	4	1	2	2	3	3	1	3	1	2	2	1	2	3	3	4	1	2	2	2	3	3	3	1	4	1	1	2	1	2	2	3	3	1	2	4	3	2	2	3	1	1	2	1	1	3	3	1	2	2	3	4	2	1	3	1	4	1	2	1	2	3	3	1	2	3	3	3	2	1	4	1	1	2	2	2	1	2	3	4	1	2	3	3	4	1	3	1	3	1	2	2	1	1	2	3	1	2	3	3	2	1	3	1	2	2	1	1	2	3	1	1	2	3	2	1	1	1	3	4	1	2	2	1	2	1	3	4	1	2	1	1	1	1	2	3	1	1	2	2	4	2	1	3	3	1	1	1	2	1	2	2	3	4	1	2	1	
TIME_ASKED
0	28800	28800	28800	28800	28800	28800	28800	28800	28800	28800	28800	28800	28800	28800	28800	28800	29545	29574	29603	29632	29661	29690	29742	29784	29826	29868	29910	29952	29994	30029	30058	30087	30116	30145	30174	30203	30232	30261	30290	30329	30358	30387	30416	30445	30474	30503	30532	30561	30590	30621	30642	30663	30684	30705	30726	30747	30768	30789	30810	30831	30852	30873	30894	30949	30998	31047	31096	31145	31194	31227	31254	31281	31308	31335	31362	31389	31416	31443	31470	31497	31524	31548	31572	31596	31620	31644	31668	31692	31716	31740	31764	31788	31837	31874	31911	31948	31985	32022	32059	32096	32159	32218	32277	32336	32395	32419	32438	32457	32476	32495	32514	32533	32552	32571	32590	32609	32628	32647	32666	32685	32759	32818	32877	32936	32995	33027	33054	33081	33108	33135	33162	33189	33216	33243	33270	33297	33333	33366	33399	33432	33465	33498	33531	33564	33597	33616	33632	33648	33664	33680	33696	33712	33728	33744	33760	33776	33792	33808	33824	33840	33856	33872	33888	33933	33966	33999	34032	34065	34098	34131	34164	34197	34242	34284	34326	34368	34410	34452	34494	34533	34566	34599	34632	34665	34698	34731	34764	34797	34827	34854	34881	34908	34935	34962	34989	35016	35043	35070	35097	35137	35174	35211	35248	35285	35322	35359	35396	35433	35466	35499	35532	35565	35598	35631	35664	35697	35723	35746	35769	35792	35815	35838	35861	35884	35907	35930	35953	35976	35999	36023	36046	36069	36092	36115	36138	36161	36184	36207	36230	36253	36276	36299	36327	36354	36381	36408	36435	36462	36489	36516	36543	36570	36597	36619	36638	36657	36676	36695	36714	36733	36752	36771	36790	36809	36828	36847	36866	36885	36949	36998	37047	37096	37145	37194	37259	37318	37377	37436	37495	37549	37598	37647	37696	37745	37794	37827	37854	37881	37908	37935	37962	37989	38016	38043	38070	38097	38123	38146	38169	38192	38215	38238	38261	38284	38307	38330	38353	38376	38399	38419	38438	38457	38476	38495	38514	38533	38552	38571	38590	38609	38628	38647	38666	38685	38742	38784	38826	38868	38910	38952	38994	39029	39058	39087	39116	39145	39174	39203	39232	39261	39290	39349	39398	39447	39496	39545	39594	39633	39666	39699	39732	39765	39798	39831	39864	39897	39937	39974	40011	40048	40085	40122	40159	40196	40242	40284	40326	40368	40410	40452	40494	40542	40584	40626	40668	40710	40752	40794	40849	40898	40947	40996	41045	41094	41133	41166	41199	41232	41265	41298	41331	41364	41397	41423	41446	41469	41492	41515	41538	41561	41584	41607	41630	41653	41676	41699	41749	41798	41847	41896	41945	41994	42099	42198	42297	42342	42384	42426	42468	42510	42552	42594	42699	42798	42897	42923	42946	42969	42992	43015	43038	43061	43084	43107	43130	43153	43176	43199	43237	43274	43311	43348	43385	43422	43459	43496	43549	43598	43647	43696	43745	43794	43899	43998	44097	44159	44218	44277	44336	44395	44459	44518	44577	44636	44695	44799	44898	44997	45033	45066	45099	45132	45165	45198	45231	45264	45297	45337	45374	45411	45448	45485	45522	45559	45596	45637	45674	45711	45748	45785	45822	45859	45896	45959	46018	46077	46136	46195	46249	46298	46347	46396	46445	46494	46537	46574	46611	46648	46685	46722	46759	46796	46821	46842	46863	46884	46905	46926	46947	46968	46989	47010	47031	47052	47073	47094	47199	47298	47397	47437	47474	47511	47548	47585	47622	47659	47696	47737	47774	47811	47848	47885	47922	47959	47996	48049	48098	48147	48196	48245	48294	48324	48348	48372	48396	48420	48444	48468	48492	48516	48540	48564	48588	48627	48654	48681	48708	48735	48762	48789	48816	48843	48870	48897	48937	48974	49011	49048	49085	49122	49159	49196	49233	49266	49299	49332	49365	49398	49431	49464	49497	49537	49574	49611	49648	49685	49722	49759	49796	49827	49854	49881	49908	49935	49962	49989	50016	50043	50070	50097	50149	50198	50247	50296	50345	50394	50424	50448	50472	50496	50520	50544	50568	50592	50616	50640	50664	50688	50737	50774	50811	50848	50885	50922	50959	50996	51027	51054	51081	51108	51135	51162	51189	51216	51243	51270	51297	51324	51348	51372	51396	51420	51444	51468	51492	51516	51540	51564	51588	51637	51674	51711	51748	51785	51822	51859	51896	51933	51966	51999	52032	52065	52098	52131	52164	52197	52259	52318	52377	52436	52495	52517	52534	52551	52568	52585	52602	52619	52636	52653	52670	52687	52704	52721	52738	52755	52772	52789	52859	52918	52977	53036	53095	53137	53174	53211	53248	53285	53322	53359	53396	53459	53518	53577	53636	53695	53733	53766	53799	53832	53865	53898	53931	53964	53997	54027	54054	54081	54108	54135	54162	54189	54216	54243	54270	54297	54374	54448	54522	54596	54627	54654	54681	54708	54735	54762	54789	54816	54843	54870	54897	55049	55198	55237	55274	55311	55348	55385	55422	55459	55496	55574	55648	55722	55796	55827	55854	55881	55908	55935	55962	55989	56016	56043	56070	56097	56399	56499	56598	56697	56733	56766	56799	56832	56865	56898	56931	56964	56997	57049	57098	57147	57196	57245	57294	57359	57418	57477	57536	57595	
ORIGIN
0	16	6	27	19	1	27	23	25	14	23	10	2	14	14	14	8	14	3	23	14	4	26	16	23	26	16	7	27	27	27	7	23	9	1	23	13	14	23	13	14	2	14	3	24	14	14	14	11	6	27	18	7	27	20	8	1	14	10	2	23	23	2	26	14	3	23	14	4	14	15	5	14	25	7	27	14	14	14	3	14	1	23	11	2	2	13	7	2	23	3	24	7	5	1	7	5	1	18	7	27	20	8	1	14	20	1	23	12	2	14	14	14	14	14	4	24	15	4	14	16	6	3	3	7	27	14	14	2	3	10	2	23	12	14	23	14	3	14	14	4	26	7	13	27	1	7	27	20	8	14	13	10	1	27	11	2	14	14	14	1	27	4	24	15	4	26	16	6	27	1	26	26	22	14	1	14	14	2	23	12	2	27	14	3	23	14	14	25	11	8	1	25	14	27	20	8	27	14	9	1	23	20	2	14	14	4	7	14	14	14	14	4	26	16	5	27	14	14	14	20	14	3	14	17	17	2	12	2	23	14	3	23	14	14	27	11	5	25	14	3	14	4	8	27	23	14	1	14	11	2	14	14	2	14	14	10	14	27	4	26	16	5	14	17	7	27	26	8	1	14	14	2	2	27	2	23	13	3	23	14	4	27	11	14	14	25	14	3	23	3	27	23	8	1	3	10	2	23	14	14	23	5	14	3	27	14	26	16	5	1	16	7	27	9	14	14	14	14	2	9	20	2	23	13	2	27	14	3	9	14	14	14	7	14	3	26	26	15	2	8	1	23	10	2	23	12	17	26	26	14	26	14	23	27	15	5	26	25	7	14	26	8	3	14	14	23	16	20	2	2	13	2	23	14	14	20	14	4	1	7	1	23	26	14	26	2	8	1	23	10	1	23	12	2	17	14	3	27	14	14	27	11	4	26	16	6	23	11	7	14	14	14	1	3	14	20	14	26	2	23	14	3	7	14	4	14	27	14	26	1	26	1	26	14	1	23	10	1	14	11	2	14	13	14	14	27	14	14	27	27	6	16	6	27	19	7	27	22	3	1	14	10	17	12	23	12	23	14	3	23	14	4	14	3	14	1	1	7	14	13	14	1	23	9	1	14	11	2	26	13	27	27	14	27	8	20	14	20	16	5	27	18	7	27	20	8	14	14	17	22	22	23	2	2	14	3	23	14	4	24	15	5	25	16	6	4	26	14	14	26	9	1	23	11	2	23	12	2	27	14	3	26	15	14	27	7	5	26	17	7	27	20	3	1	14	2	1	27	20	2	14	14	3	23	14	4	14	15	4	25	14	25	3	14	14	2	25	14	1	23	10	2	23	12	14	3	14	27	23	14	14	27	23	5	26	16	7	27	20	8	27	14	3	9	20	2	2	14	26	2	23	14	3	24	14	4	26	26	3	27	26	2	8	14	14	2	23	10	2	23	12	2	14	14	27	23	14	27	11	5	5	26	16	7	27	19	8	14	23	16	1	23	2	14	14	2	3	23	14	3	24	14	4	1	7	1	26	18	7	2	26	14	3	23	10	1	23	12	2	23	14	14	27	14	4	27	11	14	27	16	6	27	19	7	27	8	14	3	20	10	2	14	14	16	27	14	3	23	14	4	26	27	27	26	14	7	27	14	14	23	13	9	1	23	11	13	23	13	27	27	14	4	11	14	14	1	25	6	27	18	7	27	21	3	14	23	10	22	23	23	2	14	14	3	23	14	4	8	16	1	25	16	7	27	14	14	3	23	9	1	23	11	27	23	13	27	14	14	3	24	7	1	7	23	5	27	18	7	27	20	8	12	2	10	1	23	12	7	26	1	
DESTINATION
0	14	17	2	22	23	2	26	14	3	27	14	14	25	8	16	14	25	14	4	9	14	3	14	1	3	16	20	2	23	23	13	27	14	14	27	7	5	1	7	5	27	26	14	2	20	20	8	12	17	2	27	20	2	14	14	14	16	14	14	27	1	27	23	25	14	3	26	14	2	14	14	2	14	20	2	16	4	4	26	16	14	27	15	14	27	7	13	27	27	14	1	13	14	23	13	14	23	27	20	2	14	14	14	1	14	14	27	11	27	20	8	1	1	26	14	2	14	14	1	14	17	23	23	23	2	15	5	14	26	14	14	27	11	8	1	25	14	1	26	14	3	13	7	2	23	20	2	14	14	4	7	14	14	18	20	14	20	8	1	14	23	14	2	14	14	3	14	17	2	14	14	14	2	4	14	16	10	14	27	11	14	23	25	14	4	10	10	14	12	14	23	14	3	2	14	14	2	16	14	14	1	7	14	20	8	14	13	10	1	4	26	14	3	14	14	2	16	4	4	14	4	26	16	6	6	27	11	14	1	25	14	3	26	2	23	12	14	14	3	14	25	23	14	2	27	5	14	3	15	14	8	20	14	9	1	14	1	23	14	3	14	14	2	9	20	2	14	14	14	16	5	27	27	18	14	1	7	14	3	26	14	23	12	2	2	14	3	23	27	26	2	26	14	14	26	14	14	27	8	8	1	14	1	14	23	2	3	14	14	23	16	20	2	17	4	4	16	5	14	17	7	27	1	7	14	23	26	14	17	26	2	2	13	3	23	14	14	11	14	14	14	27	14	14	27	11	6	23	23	1	3	10	27	23	14	14	3	14	20	10	14	14	26	16	16	1	16	7	27	27	7	14	1	26	1	7	26	14	23	13	23	27	14	3	14	24	14	14	27	14	14	27	11	27	6	8	14	23	10	2	23	12	14	3	14	17	27	12	23	8	15	15	14	26	25	7	26	14	14	1	25	14	13	26	14	1	2	2	3	23	14	14	14	4	14	27	14	14	8	20	14	20	7	1	1	23	10	1	23	2	17	14	17	2	22	23	2	2	26	14	16	14	6	11	7	11	1	25	14	4	26	14	26	26	2	23	23	20	3	7	4	14	27	14	14	26	15	14	14	7	23	23	10	23	14	11	2	14	14	14	2	27	20	2	14	14	16	16	6	19	19	7	27	27	25	14	3	26	14	2	14	14	14	14	17	23	14	4	25	3	14	14	27	15	14	27	11	27	23	9	14	14	11	2	23	13	14	3	9	20	2	14	26	14	16	27	14	18	7	27	20	8	14	3	26	14	8	14	14	14	3	14	23	4	4	24	14	5	14	27	14	14	27	11	5	26	9	23	4	2	2	23	27	14	3	16	20	2	14	14	2	5	26	17	7	27	27	20	3	14	1	26	14	2	26	14	3	3	23	2	14	24	14	15	4	22	27	14	14	27	11	14	8	1	23	3	2	23	12	14	14	3	14	20	2	22	14	16	27	16	14	27	27	20	8	27	27	1	26	14	1	26	14	23	13	23	14	27	20	24	14	4	26	27	14	14	27	11	14	1	25	10	23	2	14	23	12	2	3	14	17	2	22	23	2	14	5	26	7	14	27	8	8	14	23	25	14	5	26	14	3	23	3	14	3	20	2	4	4	1	7	14	14	27	20	7	1	7	23	23	1	14	12	2	2	23	14	17	2	27	23	2	7	26	16	27	14	19	7	7	27	8	25	14	4	2	14	14	14	23	14	14	20	2	4	4	26	27	14	14	27	15	23	27	7	23	1	26	14	1	13	23	13	1	14	2	27	20	2	14	14	11	27	14	14	27	11	21	3	23	
DUE_DATE
0	31147	30476	30045	30094	31343	30192	30727	30296	30825	30874	30443	31692	31007	30556	31065	30614	30643	30132	31901	31210	30759	30788	30300	30882	30924	32166	31488	31530	31092	31127	30616	31185	30674	32443	31752	31301	30790	31839	31388	31427	31456	32685	31994	32023	31572	32081	31630	31659	31148	32919	32220	31761	31242	31803	31824	31305	33066	31887	33108	32409	32430	33171	33192	33247	32096	31605	33394	32723	32292	32325	31812	32859	33606	32433	32940	32967	32514	33021	33768	33075	32082	33846	33150	33174	32718	32742	32766	33270	34014	34038	33342	32886	34135	33452	34209	33526	33083	34320	33637	33674	33257	33316	33375	32894	34693	32977	34736	34035	34774	34793	34092	34831	33650	33669	33148	34907	34206	33745	33764	33243	34337	35116	33975	35234	34573	35325	34632	35379	34206	34233	34740	34767	34314	34341	34848	34395	33891	35664	35697	35010	34563	35796	35109	35142	34695	34174	35930	35226	34762	35258	34794	34810	34826	36042	34858	36074	35370	36106	36122	35418	35434	34970	34446	36231	34524	35097	35130	34623	35676	35229	36462	35295	36540	36582	35904	36666	36708	36030	36072	35631	36864	36177	35730	35223	35796	37029	35862	35355	36405	36432	37179	37206	36513	36540	36087	37314	36621	36168	36195	36235	36272	35769	37546	36863	36900	37657	36974	37011	36564	36057	37830	37143	37176	36729	36762	36255	36821	36304	38067	38090	38113	38136	37439	38182	37485	37028	37051	38274	37577	37121	37144	36627	37670	37213	38436	38459	37762	38505	37808	38551	37374	37397	36885	37932	37959	37506	38013	37560	37587	38814	38841	38148	37695	38917	38216	38235	37774	37253	39012	38311	37850	38349	37888	37907	37926	37405	39164	39183	38527	39296	39345	38674	38723	38292	37817	39616	37935	38534	38593	38107	39176	38745	38794	40043	40092	40125	40152	40179	39486	39513	39060	40287	39594	39141	39648	39195	39221	39244	40467	38750	40513	39816	40559	39862	39885	39908	39451	40674	39977	39517	40016	39555	39574	39593	39072	40831	40850	40149	40888	40187	40206	39745	39224	40983	40320	39882	39384	39966	40488	40050	41292	39587	40636	41385	40694	41443	41472	40781	40330	40359	41588	40447	39956	40545	41074	41123	40692	41931	41964	41997	42030	41343	40896	40929	42162	41475	41035	41552	41109	41626	41663	41220	40717	42494	42540	42582	41904	41946	41508	41550	41052	42840	41682	42204	41766	43008	42330	41892	43147	43196	42525	42574	42623	43392	42711	42264	41757	43530	41823	42396	42429	41922	42975	42521	42544	43767	43070	43093	43836	43859	43882	43185	42728	42211	43974	42797	43327	42896	43425	42994	43043	44292	44397	44496	43875	44640	43962	44004	43566	43068	44850	43692	44277	43896	44475	44021	45244	44067	45290	44593	45336	44639	44182	44685	44228	43711	45474	44777	43795	44372	44409	44926	44483	43980	45757	45074	45847	45176	45945	45994	45323	44892	44997	46296	44655	45257	45796	45855	45914	45493	46757	46816	46875	46934	46273	45897	45996	45555	47331	46164	46197	46710	47463	46776	46809	46362	47595	47635	46952	46989	47026	46583	46620	46117	47894	46735	46772	46269	48046	47363	46920	47437	48194	48257	47596	47655	48434	47773	47347	46856	48645	47494	47543	47052	47635	48152	47709	47746	48983	49020	49057	49094	48399	48420	48441	47982	47463	49224	48525	48066	48567	48108	49329	48150	49371	49392	49497	48876	48495	49015	49052	48609	49846	49163	49200	48757	48794	48835	50072	48369	50146	50183	49500	50257	49094	49627	49196	48705	50494	49823	49392	49422	48906	49950	49494	50718	49002	50046	50790	50094	50838	50862	50166	49725	49752	50979	49806	50313	49320	50367	50394	49941	51168	51195	51235	50552	51309	50626	50183	50220	51457	50774	50331	50844	50397	50910	50463	51696	49989	51762	51795	51115	51872	51189	50746	50783	52020	51337	50894	50385	51432	50979	50466	52233	52260	51567	52314	51621	51648	51675	51247	50756	52545	51394	51443	50952	51522	52026	51570	51594	52818	52842	52866	52890	52914	52218	52242	51786	53035	52352	52389	51946	51983	52020	53257	53294	52605	52632	53379	53406	51693	52740	52287	51774	53541	52848	52875	52422	52446	53670	52494	53718	53022	53046	53790	53094	52638	52662	52146	53935	53252	53289	53326	52883	52920	52957	54194	52491	54264	54297	53610	54363	53676	53709	53262	53295	54557	53896	52935	53534	54073	54095	53632	54849	54866	54163	54900	54917	53734	53751	54968	54265	54282	53819	53296	54333	55070	53887	55157	53476	55275	54614	55393	54715	54272	54309	55546	54863	54420	54457	54494	55037	55816	54135	55934	55993	55311	55344	55377	56130	55443	54996	54489	56262	55575	55125	55152	54639	56406	55233	56460	55287	56514	55821	55848	56595	56672	56026	55620	56894	56205	55752	55779	56286	57033	55860	57087	56394	56421	57168	57195	56627	56296	57535	57572	56889	56446	56963	57720	57757	57794	56672	56206	58020	57374	57405	58152	57459	58206	57033	56520	58287	57594	58341	58368	58395	58697	58077	57696	58995	59031	58344	58377	57390	58443	59196	58029	58062	59295	59347	59396	58725	59494	58823	58872	58457	57976	59775	59114	59893	
TRANSPORT_MODE
0	2	4	4	4	4	0	0	0	2	4	4	4	2	0	0	4	1	4	4	2	0	0	0	0	4	4	4	4	2	0	0	0	4	4	4	4	0	0	0	0	2	4	4	4	2	0	0	0	4	4	4	4	0	0	0	0	3	4	4	4	4	0	0	0	4	2	4	4	4	0	0	0	3	4	1	1	4	0	0	0	2	4	4	4	4	0	0	0	3	4	1	4	0	0	0	0	1	2	4	4	4	0	0	0	3	4	1	4	0	0	0	0	4	2	4	4	1	0	0	0	4	3	4	4	1	0	0	0	4	2	4	4	1	0	0	0	4	3	4	4	4	0	0	0	4	4	4	4	0	0	0	0	4	3	4	4	4	0	0	0	4	2	4	4	0	0	0	0	4	4	3	4	4	0	0	0	0	4	4	2	4	1	0	0	1	3	4	4	4	0	0	0	0	4	4	2	4	1	0	0	1	4	4	4	0	0	0	0	1	4	2	4	4	0	0	0	1	4	3	1	0	0	0	0	4	4	4	2	4	0	0	0	1	4	1	3	4	0	0	0	4	4	2	1	4	0	0	0	1	4	3	4	4	0	0	0	4	4	4	4	0	0	0	0	1	4	3	1	4	0	0	0	1	4	2	1	0	0	0	0	4	4	4	3	4	0	0	0	4	1	4	2	4	0	0	0	1	1	3	1	4	0	0	0	4	1	4	2	1	0	0	0	4	4	1	1	0	0	0	0	4	4	4	2	4	0	0	0	4	1	3	4	0	0	0	0	1	4	1	2	4	0	0	0	4	1	1	3	4	0	0	4	1	1	2	4	0	0	0	0	4	4	4	3	4	0	0	4	1	2	1	1	0	0	0	0	1	1	4	3	1	0	0	0	4	4	1	2	0	0	0	0	1	4	4	3	4	0	0	0	1	4	4	1	2	0	0	0	1	4	4	3	4	0	0	0	1	1	1	2	1	0	0	0	4	1	3	4	4	0	0	0	0	1	1	4	2	4	0	0	0	1	4	4	3	0	0	0	0	4	1	1	2	1	0	0	0	1	1	1	3	4	0	0	4	1	1	2	1	0	0	0	0	1	4	4	3	4	0	0	1	4	2	4	1	0	0	0	0	1	1	1	3	4	0	0	0	4	1	1	2	0	0	0	0	1	1	1	3	4	0	0	0	4	1	1	2	1	0	0	4	4	3	4	1	0	0	0	0	1	4	1	2	1	0	0	1	1	3	1	1	0	0	0	0	1	4	4	2	1	0	0	0	1	1	3	1	0	0	0	0	4	4	1	2	4	0	0	0	4	1	1	3	1	0	0	0	1	1	2	1	1	0	0	0	4	1	3	1	1	0	0	0	1	1	2	4	4	0	0	0	1	1	3	1	4	0	0	0	4	4	2	1	0	0	0	0	1	1	1	3	1	0	0	0	1	1	1	2	1	0	0	1	1	3	4	1	0	0	0	0	1	1	2	1	4	0	0	1	3	1	4	4	0	0	0	0	1	1	2	1	1	0	0	0	1	3	1	1	0	0	0	0	1	1	2	1	1	0	0	0	1	1	3	1	1	0	0	4	2	1	1	1	0	0	0	0	4	3	1	4	1	0	0	1	2	1	1	1	0	0	0	0	1	3	1	1	1	0	0	0	1	2	1	1	0	0	0	0	1	3	1	1	1	0	0	0	1	2	4	1	1	0	0	3	1	1	1	1	0	0	0	1	3	1	1	1	0	0	0	3	1	1	1	1	0	0	0	3	1	1	1	1	0	0	0	3	1	1	1	0	0	0	0	1	3	1	1	1	0	0	0	3	1	1	1	1	0	0	0	
DISTANCE_MATRIX
60	360	318	300	288	276	264	264	150	150	150	60	90	90	162	168	204	228	234	312	360	408	348	318	168	192	168	318	
360	60	264	318	324	342	342	342	348	348	354	360	372	378	378	420	420	480	462	498	462	462	384	420	372	420	378	378	
318	264	60	270	276	288	288	288	294	294	294	318	318	324	324	414	414	468	462	486	462	462	330	366	366	408	372	324	
300	318	270	60	276	288	288	288	288	288	288	300	300	312	318	408	408	468	462	486	438	438	318	360	360	402	360	312	
288	324	276	276	60	276	276	276	276	276	276	288	288	300	300	402	396	462	456	480	432	432	300	360	360	402	348	300	
276	342	288	288	276	60	180	180	252	258	264	264	264	288	288	390	390	456	450	480	432	432	288	348	348	348	288	288	
264	342	288	288	276	180	60	180	246	258	264	264	264	288	288	390	390	456	450	480	432	432	288	348	348	348	288	288	
264	342	288	288	276	180	180	60	240	258	264	264	264	288	288	390	390	456	450	480	432	432	288	348	348	348	288	288	
150	348	294	288	276	252	246	240	60	120	120	150	126	270	270	378	384	420	438	480	420	408	276	300	300	300	276	270	
150	348	294	288	276	258	258	258	120	60	120	150	150	270	270	378	384	420	438	480	420	408	276	300	300	300	276	270	
150	354	294	288	276	264	264	264	120	120	60	150	150	270	270	378	384	420	438	480	420	408	276	300	300	300	276	270	
60	360	318	300	288	264	264	264	150	150	150	60	90	162	168	228	234	312	360	408	348	318	168	192	192	198	168	162	
90	372	318	300	288	264	264	264	150	150	150	90	60	162	168	228	234	312	360	408	348	318	168	192	192	198	168	162	
90	378	324	312	300	288	288	288	270	270	270	162	162	60	120	180	180	306	210	360	300	300	120	180	120	180	120	234	
162	378	324	318	300	288	288	288	270	270	270	168	168	120	60	180	180	306	210	360	300	300	120	180	120	180	120	120	
168	420	414	408	402	348	348	348	300	300	300	228	228	180	180	60	132	204	132	348	258	258	186	60	180	132	222	180	
204	420	414	408	396	390	390	390	384	384	384	234	234	180	180	132	60	204	132	348	258	258	186	60	180	132	222	180	
228	480	468	468	462	456	456	456	420	420	420	312	312	306	306	204	204	60	198	120	240	240	306	204	306	138	306	306	
234	462	462	462	456	450	450	450	438	438	438	360	360	210	210	132	132	198	60	138	132	132	210	132	210	132	210	210	
312	498	486	486	480	480	480	480	480	480	480	408	408	360	360	348	348	120	138	60	348	348	360	348	360	348	360	360	
360	462	462	438	432	432	432	432	420	420	420	348	348	300	300	258	258	240	132	348	60	60	300	258	300	258	300	300	
408	462	462	438	432	432	432	432	408	408	408	318	318	300	300	258	258	240	132	348	60	60	300	258	300	258	300	300	
348	384	330	318	300	288	288	288	276	276	276	168	168	120	120	186	186	306	210	360	300	300	60	186	120	186	120	120	
318	420	366	360	360	348	348	348	300	300	300	192	192	180	180	60	60	204	132	348	258	258	186	60	180	60	180	180	
168	372	300	306	300	288	288	288	270	270	270	168	168	120	120	180	180	306	210	360	300	300	120	180	60	180	120	120	
192	420	408	402	402	348	348	348	300	300	300	198	198	180	180	132	132	138	132	348	258	258	186	60	180	60	180	180	
168	378	372	360	348	288	288	288	276	276	276	168	168	120	120	222	222	306	210	360	300	300	120	180	120	180	60	120	
318	378	324	312	300	288	288	288	270	270	270	162	162	234	120	180	180	306	210	360	300	300	120	180	120	180	120	60	
DEPOT_DISTANCE_MATRIX
60	360	318	300	288	276	264	264	150	150	150	60	90	90	162	168	204	228	234	312	360	408	348	318	168	192	168	318	
162	378	324	318	300	288	288	288	270	270	270	168	168	120	60	180	180	306	210	360	300	300	120	180	120	180	120	120	
318	420	366	360	360	348	348	348	300	300	300	192	192	180	180	60	60	204	132	348	258	258	186	60	180	60	180	180	
PATIENT_WEIGHT
98	131	88	59	107	146	146	80	30	137	87	33	119	41	86	147	46	79	32	124	54	42	76	34	50	57	133	115	90	30	55	42	86	141	30	53	67	140	73	83	115	77	52	74	128	95	42	49	109	42	40	102	74	59	105	147	37	91	45	56	147	72	141	32	122	52	61	45	130	148	68	144	68	87	64	72	46	41	150	56	46	73	111	69	94	123	33	34	43	133	77	71	88	110	45	65	138	54	89	117	138	115	111	69	138	69	92	65	124	78	57	67	125	62	87	131	75	46	147	139	100	58	92	55	39	115	68	37	148	121	125	76	138	49	113	68	118	79	88	70	112	45	90	131	122	61	63	57	34	99	73	77	73	129	147	49	94	137	81	89	92	120	126	113	47	32	50	67	129	107	101	82	35	90	115	47	121	138	105	45	127	57	126	97	85	52	50	93	148	99	135	39	137	135	67	93	115	64	78	33	84	64	41	80	119	48	131	60	49	132	146	139	74	37	73	56	130	91	127	128	83	45	40	47	136	100	94	134	139	59	55	117	117	85	55	75	53	128	64	80	120	106	94	101	86	59	72	90	96	78	41	130	109	58	61	63	101	104	38	93	69	128	87	128	146	125	127	54	66	59	87	100	66	121	80	133	136	112	87	45	34	138	58	101	56	50	43	146	146	147	61	55	103	144	92	128	143	43	71	95	87	120	89	146	116	55	40	94	114	65	128	134	75	113	102	74	138	104	59	45	50	113	58	137	113	128	33	134	117	38	131	102	61	145	146	66	66	57	41	141	125	90	86	84	150	72	79	130	137	136	118	124	88	86	79	80	33	140	68	95	36	118	31	126	65	120	129	68	55	62	116	83	70	84	134	109	128	84	134	37	114	145	60	83	67	117	103	53	126	133	97	53	79	71	82	98	90	32	127	143	88	50	44	78	150	134	53	45	103	61	84	143	37	56	81	123	107	50	131	79	125	52	102	119	140	84	111	94	150	55	130	49	70	61	74	98	121	54	126	57	53	99	38	47	104	139	129	148	41	143	145	46	113	105	92	48	143	104	63	52	46	150	32	52	81	52	62	118	77	75	62	54	117	140	51	65	121	45	67	139	33	35	34	85	78	79	118	57	65	150	127	38	137	68	63	44	104	31	132	72	68	136	120	58	44	88	53	117	132	117	38	33	74	53	137	106	83	136	81	150	34	109	69	126	122	117	90	94	120	62	69	122	90	53	108	37	114	135	54	88	123	139	117	125	128	92	71	74	83	74	67	138	53	41	109	35	110	119	87	34	114	142	53	105	81	119	66	41	41	150	30	143	49	106	98	127	86	36	38	98	77	39	132	103	101	143	79	43	67	72	35	77	132	41	135	109	99	82	138	31	144	36	44	51	65	124	32	132	37	56	64	134	92	63	83	76	91	43	149	54	67	55	108	103	135	40	148	134	56	106	128	49	85	116	54	42	98	148	135	38	123	131	114	97	62	64	124	130	61	97	140	62	70	97	82	30	135	93	56	100	36	60	79	122	127	60	35	35	106	59	101	135	76	43	80	105	87	52	99	108	89	72	130	53	150	48	85	92	55	40	111	86	145	37	101	101	108	37	123	82	142	49	59	124	56	48	147	116	46	82	145	50	32	64	91	80	147	135	115	80	42	140	148	33	123	108	81	89	61	139	30	124	32	125	119	51	82	49	137	59	112	145	70	108	148	101	133	51	135	87	125	62	64	119	31	149	74	102	149	108	43	67	80	38	143	130	64	133	67	133	130	105	113	53	69	143	126	54	133	83	36	119	96	58	127	89	108	143	114	149	47	48	64	95	139	119	142	60	120	95	99	
LOCATION_TURN_MATRIX
100	130	122	113	112	199	136	122	129	152	173	146	151	136	158	140	176	113	122	167	194	134	110	172	114	184	100	147	
170	100	154	188	164	169	136	136	152	170	104	183	155	115	101	104	155	187	174	115	149	134	178	168	114	135	168	102	
178	146	100	161	178	114	104	165	117	139	126	169	192	109	120	179	160	152	154	134	113	140	154	179	196	196	192	181	
187	112	139	100	158	114	195	181	104	132	195	106	183	169	132	170	140	136	172	148	116	110	123	136	151	120	176	169	
188	136	122	142	100	175	164	159	112	100	167	164	135	191	132	181	104	123	142	156	108	117	193	182	116	147	156	185	
101	131	186	186	125	100	190	147	164	150	137	102	145	176	185	131	113	108	117	186	118	151	140	178	154	189	172	110	
164	164	196	105	136	110	100	186	153	151	183	193	111	157	144	123	188	142	110	163	105	190	166	187	170	171	186	126	
178	164	135	119	141	153	114	100	106	130	108	103	151	178	122	151	130	133	184	177	110	141	166	110	122	174	191	197	
171	148	183	196	188	136	147	194	100	167	100	146	168	129	128	142	172	118	174	147	105	158	156	160	120	106	119	136	
148	130	161	168	200	150	149	170	133	100	177	106	175	116	188	180	176	194	108	146	130	187	183	173	128	141	169	176	
127	196	174	105	133	163	117	192	200	123	100	171	175	140	183	115	104	186	128	153	151	175	100	146	191	117	132	197	
154	117	131	194	136	198	107	197	154	194	129	100	136	184	140	147	172	184	148	131	103	156	185	200	152	158	154	143	
149	145	108	117	165	155	189	149	132	125	125	164	100	140	199	142	101	144	163	185	117	191	200	143	113	165	102	154	
164	185	191	131	109	124	143	122	171	184	160	116	160	100	109	116	196	113	131	186	166	139	183	175	144	161	105	170	
142	199	180	168	168	115	156	178	172	112	117	160	101	191	100	147	177	177	199	158	172	188	164	175	180	168	154	195	
160	196	121	130	119	169	177	149	158	120	185	153	158	184	153	100	152	159	197	157	181	159	102	123	168	200	124	186	
124	145	140	160	196	187	112	170	128	124	196	128	199	104	123	148	100	149	114	112	117	135	105	132	138	180	198	156	
187	113	148	164	177	192	158	167	182	106	114	116	156	187	123	141	151	100	166	132	168	163	159	123	129	173	161	116	
178	126	146	128	158	183	190	116	126	192	172	152	137	169	101	103	186	134	100	184	199	137	130	160	148	113	140	150	
133	185	166	152	144	114	137	123	153	154	147	169	115	114	142	143	188	168	116	100	111	195	128	157	191	164	141	171	
106	151	187	184	192	182	195	190	195	170	149	197	183	134	128	119	183	132	101	189	100	129	151	163	147	166	104	177	
166	166	160	190	183	149	110	159	142	113	125	144	109	161	112	141	165	137	163	105	171	100	101	185	169	129	103	197	
190	122	146	177	107	160	134	134	144	117	200	115	100	117	136	198	195	141	170	172	149	199	100	106	150	116	118	145	
128	132	121	164	118	122	113	190	140	127	154	100	157	125	125	177	168	177	140	143	137	115	194	100	128	167	115	155	
186	186	104	149	184	146	130	178	180	172	109	148	187	156	120	132	162	171	152	109	153	131	150	172	100	155	124	184	
116	165	104	180	153	111	129	126	194	159	183	142	135	139	132	100	120	127	187	136	134	171	184	133	145	100	129	192	
200	132	108	124	144	128	114	109	181	131	168	146	198	195	146	176	102	139	160	159	196	197	182	185	176	171	100	146	
153	198	119	131	115	190	174	103	164	124	103	157	146	130	105	114	144	184	150	129	123	103	155	145	116	108	154	100	

