INDEX_PROBLEM
1
PATIENTS
800
STRETCHERS
16
NUM_ROOM
28
NUM_DEPOTS
3
NUM_PRIORITY
4
PRIORITY_LIST
0	1	2	3	4	
PRIORITY_WEIGHT
0	1	10	18	30	
PRIORITY_JOB
0	1	2	3	4	1	3	3	3	2	3	4	1	2	4	3	3	4	2	3	3	4	3	4	4	4	1	2	3	4	3	4	3	4	2	2	3	4	3	3	4	1	2	3	4	4	3	3	4	1	2	3	4	4	3	4	4	1	4	1	2	3	1	2	1	4	1	2	3	4	4	3	1	4	1	2	3	2	1	2	4	3	1	2	3	4	3	3	4	4	2	2	3	1	2	1	4	1	2	3	4	3	4	4	1	4	2	2	2	2	1	2	2	3	4	1	2	3	3	4	4	4	1	1	2	3	1	2	4	4	1	2	3	3	4	3	1	1	3	1	2	3	1	2	4	4	2	2	3	4	3	3	1	4	1	1	2	3	2	2	1	4	4	2	2	4	4	3	4	3	1	4	1	2	2	2	1	4	3	4	1	2	3	4	3	1	4	4	1	2	2	1	1	3	3	3	1	2	3	4	3	1	4	4	2	2	2	1	2	3	3	4	1	2	3	4	4	3	4	1	4	2	2	1	2	2	2	3	4	1	2	4	4	4	3	4	1	1	2	1	2	1	3	4	1	2	3	3	3	4	3	1	4	1	2	1	2	2	3	4	4	2	2	3	3	4	1	3	1	1	2	3	2	2	1	4	4	2	2	4	3	4	4	3	4	1	4	1	2	1	2	2	3	4	1	2	4	3	3	1	4	1	2	1	1	2	3	3	3	4	1	2	4	3	3	1	4	2	2	1	2	1	3	3	4	1	2	3	4	4	3	4	1	4	2	2	1	2	2	2	3	4	1	2	4	4	4	3	4	1	1	2	1	2	1	3	4	4	1	2	3	3	3	3	1	3	1	2	1	2	1	3	4	4	2	2	4	3	4	3	1	4	1	2	2	1	2	3	4	2	2	3	4	3	4	3	4	1	4	1	1	2	2	2	3	4	1	2	1	4	3	3	1	4	1	2	2	1	1	3	3	1	2	3	4	3	3	1	4	4	2	3	2	1	1	4	3	4	1	2	3	3	3	1	4	4	2	2	2	1	4	2	3	4	1	2	3	4	4	4	3	1	4	1	2	2	1	3	4	1	2	3	3	3	4	3	1	4	1	2	2	1	1	3	4	2	3	3	3	3	4	2	1	4	1	2	3	1	2	4	4	2	2	3	4	3	1	3	1	4	1	2	2	1	2	2	3	4	1	2	3	4	4	1	4	1	2	3	1	2	1	3	4	1	2	1	3	3	4	3	4	2	3	3	1	2	1	4	1	2	3	4	3	3	4	1	4	2	2	1	2	2	3	3	4	1	2	3	4	3	4	1	4	1	2	3	1	2	1	4	1	2	3	1	4	3	4	3	4	1	2	3	2	1	1	4	2	3	3	1	3	3	4	4	1	2	3	4	2	1	1	4	2	2	3	3	3	4	3	1	4	1	2	3	2	2	1	4	1	2	3	4	4	3	1	4	1	2	3	2	1	2	4	3	1	2	3	1	3	3	4	4	2	3	3	1	1	2	4	4	1	2	3	1	3	3	4	4	2	2	3	1	2	1	2	4	1	2	3	4	3	4	4	1	4	1	2	1	2	1	3	4	1	2	3	3	4	3	1	3	1	2	3	2	1	1	4	4	2	3	3	3	4	3	1	1	2	3	4	2	1	1	4	2	2	3	3	4	3	2	1	4	1	2	3	2	1	2	4	1	2	3	4	4	3	1	4	1	2	3	1	2	1	4	1	4	4	1	1	1	2	2	3	4	2	1	1	1	2	2	3	3	4	1	2	1	2	3	4	4	2	1	2	2	1	1	2	3	1	2	2	1	1	1	3	4	4	2	1	2	2	
TIME_ASKED
0	28800	28800	28800	28800	28800	28800	28800	28800	28800	28800	28800	28800	28800	28800	28800	28800	29545	29574	29603	29632	29661	29690	29742	29784	29826	29868	29910	29952	29994	30029	30058	30087	30116	30145	30174	30203	30232	30261	30290	30329	30358	30387	30416	30445	30474	30503	30532	30561	30590	30621	30642	30663	30684	30705	30726	30747	30768	30789	30810	30831	30852	30873	30894	30949	30998	31047	31096	31145	31194	31227	31254	31281	31308	31335	31362	31389	31416	31443	31470	31497	31524	31548	31572	31596	31620	31644	31668	31692	31716	31740	31764	31788	31837	31874	31911	31948	31985	32022	32059	32096	32159	32218	32277	32336	32395	32419	32438	32457	32476	32495	32514	32533	32552	32571	32590	32609	32628	32647	32666	32685	32759	32818	32877	32936	32995	33027	33054	33081	33108	33135	33162	33189	33216	33243	33270	33297	33333	33366	33399	33432	33465	33498	33531	33564	33597	33616	33632	33648	33664	33680	33696	33712	33728	33744	33760	33776	33792	33808	33824	33840	33856	33872	33888	33933	33966	33999	34032	34065	34098	34131	34164	34197	34242	34284	34326	34368	34410	34452	34494	34533	34566	34599	34632	34665	34698	34731	34764	34797	34827	34854	34881	34908	34935	34962	34989	35016	35043	35070	35097	35137	35174	35211	35248	35285	35322	35359	35396	35433	35466	35499	35532	35565	35598	35631	35664	35697	35723	35746	35769	35792	35815	35838	35861	35884	35907	35930	35953	35976	35999	36023	36046	36069	36092	36115	36138	36161	36184	36207	36230	36253	36276	36299	36327	36354	36381	36408	36435	36462	36489	36516	36543	36570	36597	36619	36638	36657	36676	36695	36714	36733	36752	36771	36790	36809	36828	36847	36866	36885	36949	36998	37047	37096	37145	37194	37259	37318	37377	37436	37495	37549	37598	37647	37696	37745	37794	37827	37854	37881	37908	37935	37962	37989	38016	38043	38070	38097	38123	38146	38169	38192	38215	38238	38261	38284	38307	38330	38353	38376	38399	38419	38438	38457	38476	38495	38514	38533	38552	38571	38590	38609	38628	38647	38666	38685	38742	38784	38826	38868	38910	38952	38994	39029	39058	39087	39116	39145	39174	39203	39232	39261	39290	39349	39398	39447	39496	39545	39594	39633	39666	39699	39732	39765	39798	39831	39864	39897	39937	39974	40011	40048	40085	40122	40159	40196	40242	40284	40326	40368	40410	40452	40494	40542	40584	40626	40668	40710	40752	40794	40849	40898	40947	40996	41045	41094	41133	41166	41199	41232	41265	41298	41331	41364	41397	41423	41446	41469	41492	41515	41538	41561	41584	41607	41630	41653	41676	41699	41749	41798	41847	41896	41945	41994	42099	42198	42297	42342	42384	42426	42468	42510	42552	42594	42699	42798	42897	42923	42946	42969	42992	43015	43038	43061	43084	43107	43130	43153	43176	43199	43237	43274	43311	43348	43385	43422	43459	43496	43549	43598	43647	43696	43745	43794	43899	43998	44097	44159	44218	44277	44336	44395	44459	44518	44577	44636	44695	44799	44898	44997	45033	45066	45099	45132	45165	45198	45231	45264	45297	45337	45374	45411	45448	45485	45522	45559	45596	45637	45674	45711	45748	45785	45822	45859	45896	45959	46018	46077	46136	46195	46249	46298	46347	46396	46445	46494	46537	46574	46611	46648	46685	46722	46759	46796	46821	46842	46863	46884	46905	46926	46947	46968	46989	47010	47031	47052	47073	47094	47199	47298	47397	47437	47474	47511	47548	47585	47622	47659	47696	47737	47774	47811	47848	47885	47922	47959	47996	48049	48098	48147	48196	48245	48294	48324	48348	48372	48396	48420	48444	48468	48492	48516	48540	48564	48588	48627	48654	48681	48708	48735	48762	48789	48816	48843	48870	48897	48937	48974	49011	49048	49085	49122	49159	49196	49233	49266	49299	49332	49365	49398	49431	49464	49497	49537	49574	49611	49648	49685	49722	49759	49796	49827	49854	49881	49908	49935	49962	49989	50016	50043	50070	50097	50149	50198	50247	50296	50345	50394	50424	50448	50472	50496	50520	50544	50568	50592	50616	50640	50664	50688	50737	50774	50811	50848	50885	50922	50959	50996	51027	51054	51081	51108	51135	51162	51189	51216	51243	51270	51297	51324	51348	51372	51396	51420	51444	51468	51492	51516	51540	51564	51588	51637	51674	51711	51748	51785	51822	51859	51896	51933	51966	51999	52032	52065	52098	52131	52164	52197	52259	52318	52377	52436	52495	52517	52534	52551	52568	52585	52602	52619	52636	52653	52670	52687	52704	52721	52738	52755	52772	52789	52859	52918	52977	53036	53095	53137	53174	53211	53248	53285	53322	53359	53396	53459	53518	53577	53636	53695	53733	53766	53799	53832	53865	53898	53931	53964	53997	54027	54054	54081	54108	54135	54162	54189	54216	54243	54270	54297	54374	54448	54522	54596	54627	54654	54681	54708	54735	54762	54789	54816	54843	54870	54897	55049	55198	55237	55274	55311	55348	55385	55422	55459	55496	55574	55648	55722	55796	55827	55854	55881	55908	55935	55962	55989	56016	56043	56070	56097	56399	56499	56598	56697	56733	56766	56799	56832	56865	56898	56931	56964	56997	57049	57098	57147	57196	57245	57294	57359	57418	57477	57536	57595	
ORIGIN
0	16	6	27	19	25	27	23	25	14	23	10	2	14	14	14	14	14	3	23	4	14	26	16	14	14	16	7	9	9	7	8	8	9	1	23	14	14	23	2	14	14	14	3	2	14	14	8	8	6	27	18	7	27	20	8	26	14	10	2	23	14	2	26	14	23	23	14	4	14	8	12	5	5	7	27	9	9	3	14	9	14	23	11	2	14	14	23	14	14	14	24	7	5	1	24	24	5	18	7	27	27	20	1	27	14	17	23	20	2	14	14	14	14	14	4	24	15	4	14	16	26	3	14	3	14	14	11	11	2	10	2	23	4	14	14	14	26	26	27	14	27	16	27	27	9	9	27	20	14	14	27	9	14	2	27	27	2	2	14	14	11	26	24	15	4	26	16	20	27	26	26	26	14	14	1	14	5	14	23	12	2	25	14	14	12	14	14	27	14	14	8	5	23	9	20	8	23	13	13	5	23	20	2	14	5	4	5	23	5	1	14	4	16	8	5	1	14	14	12	14	14	14	3	14	14	14	25	2	23	14	3	26	14	14	11	27	11	14	25	16	27	23	8	27	23	14	23	27	4	26	14	14	14	7	7	14	14	23	7	26	4	5	14	17	2	14	23	26	14	14	14	14	14	16	4	23	13	3	23	10	10	6	14	14	14	25	14	14	14	26	3	23	8	23	14	10	2	25	14	14	1	1	1	23	14	14	14	16	5	1	9	14	1	2	27	3	14	14	2	9	14	5	27	13	2	27	14	5	14	14	14	1	7	14	3	14	14	17	25	8	1	23	10	26	14	12	27	27	14	4	10	14	14	4	8	5	26	25	6	14	26	14	6	14	14	23	14	26	14	14	4	2	23	14	1	20	26	2	1	7	14	14	26	14	2	4	2	1	23	10	1	14	14	17	14	14	14	27	14	14	4	11	23	26	1	11	7	9	14	14	10	14	3	14	17	2	14	2	17	23	14	3	16	14	14	9	14	14	26	26	23	7	14	14	23	23	10	1	3	14	24	2	14	14	14	14	14	5	5	9	2	16	6	27	19	7	27	22	3	12	3	20	26	26	26	25	3	14	3	23	14	14	26	15	6	1	1	14	26	26	26	14	14	9	26	14	11	26	13	4	1	14	14	14	26	2	2	14	14	5	27	18	7	20	14	17	17	14	2	22	23	23	2	2	26	3	23	14	25	24	14	1	26	14	4	26	10	10	14	14	17	1	23	11	9	14	14	7	27	14	26	26	15	14	7	14	23	26	17	7	14	11	14	14	8	14	27	20	20	11	26	24	6	23	14	4	14	15	4	14	3	14	14	26	2	26	23	2	1	23	10	2	6	14	23	15	23	14	27	15	26	26	1	13	26	16	7	27	27	1	13	23	3	9	9	16	20	20	8	8	23	14	3	24	14	4	14	14	17	26	26	8	14	14	14	8	14	10	2	1	12	14	11	24	14	27	14	26	26	1	14	14	14	7	1	19	14	14	1	1	3	23	20	2	14	7	27	12	14	3	24	14	11	14	3	3	1	18	2	2	26	14	4	3	10	1	23	12	2	23	15	25	25	14	27	11	11	15	12	16	6	27	19	14	27	14	14	26	26	10	22	22	16	14	11	14	3	23	14	4	26	13	14	27	14	7	1	26	4	14	14	9	1	23	11	13	23	4	15	14	14	4	11	11	1	14	14	6	27	18	11	27	21	3	14	23	10	22	22	2	26	16	14	3	23	19	5	19	16	5	5	16	7	27	14	14	7	1	9	1	23	14	14	23	13	14	14	14	3	24	7	1	14	14	5	27	18	7	27	20	8	14	17	10	1	23	2	7	27	25	
DESTINATION
0	14	17	2	22	14	2	26	14	3	27	14	14	5	16	5	5	25	14	4	14	9	3	14	9	9	16	20	14	14	13	14	14	14	14	27	5	5	1	24	5	5	26	14	27	20	8	14	14	17	2	27	20	2	14	14	14	16	14	14	27	25	27	23	25	3	3	26	14	2	14	11	14	14	20	2	14	14	26	16	14	26	27	15	14	9	16	27	9	9	9	1	13	14	23	2	2	14	27	20	2	2	14	14	2	26	6	27	7	27	20	8	26	26	26	14	2	14	14	1	14	14	23	3	23	8	8	12	12	14	14	14	27	14	8	5	9	14	14	23	2	23	14	23	23	14	14	2	14	5	4	23	14	5	24	18	18	27	27	20	1	12	14	2	14	14	3	14	14	2	14	14	14	15	4	14	16	14	26	27	11	14	14	25	16	11	10	10	23	4	4	14	14	27	14	14	14	27	7	7	14	27	7	27	20	14	14	14	27	14	23	26	14	14	14	14	14	16	4	11	15	4	4	26	16	20	26	14	14	1	25	14	14	26	3	12	23	12	25	14	14	23	1	14	2	27	1	1	23	14	14	20	8	8	13	13	5	5	27	20	3	14	14	2	9	14	5	27	14	4	5	8	5	1	14	14	1	7	14	3	14	14	17	25	25	2	14	3	3	26	14	14	26	14	4	10	14	14	14	8	8	14	14	23	27	4	4	26	14	14	23	14	26	14	27	23	26	4	5	14	17	2	14	23	7	14	23	26	14	2	4	2	23	13	3	23	10	10	6	14	14	14	27	14	14	4	11	23	23	8	23	14	10	2	14	14	14	3	14	17	2	14	2	17	16	5	1	9	14	1	5	14	14	1	26	23	7	14	14	23	13	2	2	14	5	14	14	14	14	27	14	14	5	5	9	2	1	1	23	10	26	14	12	27	3	23	12	20	17	26	25	14	5	26	25	6	14	26	14	6	1	25	14	16	26	26	14	4	2	14	14	1	20	26	2	1	27	14	14	14	26	2	14	1	1	10	1	1	14	14	17	14	14	17	2	22	23	2	2	26	11	26	7	14	14	14	14	26	25	14	4	26	10	14	14	17	23	23	3	14	14	14	9	9	14	14	26	15	14	7	14	23	10	10	1	14	24	24	2	8	14	2	27	20	11	26	9	6	16	27	19	7	7	27	22	3	14	3	26	14	2	26	23	3	26	23	14	14	14	26	15	6	14	27	15	14	26	1	13	23	9	14	14	11	26	13	4	27	3	9	20	16	20	8	8	14	5	18	7	7	20	14	2	17	3	26	14	8	14	14	8	23	3	3	14	24	14	1	24	14	27	14	14	17	26	1	14	1	1	23	11	14	14	14	7	3	16	20	2	23	14	7	27	26	17	17	14	11	11	14	14	1	26	14	2	26	14	4	3	6	14	14	14	15	15	4	14	25	14	14	23	11	15	12	2	1	23	2	14	14	23	15	15	26	20	14	22	26	16	14	14	26	27	7	27	1	13	23	11	26	14	1	26	20	4	14	14	23	27	24	24	14	4	14	14	14	14	27	11	14	1	14	14	14	10	23	12	12	14	11	14	17	2	22	26	2	26	16	14	14	14	19	19	14	1	12	25	14	5	26	14	14	7	1	2	3	20	24	14	14	3	3	14	14	27	20	7	1	14	14	10	1	14	12	12	23	15	25	17	2	27	12	2	7	27	16	27	14	19	19	27	14	14	25	14	4	22	14	22	14	14	14	14	20	2	4	26	13	14	14	14	27	8	9	27	7	8	9	26	14	1	13	23	4	8	14	2	27	20	2	14	14	8	6	14	14	27	27	21	3	14	
DUE_DATE
0	31147	30476	30045	29554	31343	30192	30247	30296	30825	30394	29903	31692	31007	30016	30585	30614	30103	31152	30701	30730	30219	30788	30300	30342	30384	32166	31488	31050	30552	31127	30616	31185	30674	31723	31752	31301	30790	31359	31388	30887	32656	31965	31514	31003	31032	31601	31630	31119	32888	32199	31740	31221	31242	31803	31284	31305	33066	31347	33108	32409	31950	33171	32472	33247	31556	33345	32674	32243	31752	31785	32352	33579	31866	33633	32940	32487	32994	33741	33048	32055	32622	33846	33150	32694	32178	32742	32766	32250	32274	33318	33342	32886	34135	33452	34209	32506	34283	33600	33157	32654	33257	32776	32835	34634	32953	33997	34016	34035	34054	34793	34092	34111	33650	33129	34888	34187	33726	33745	33224	33243	33317	35116	35175	34514	34093	35325	34632	33639	33666	35433	34740	34287	34314	33801	34368	35595	35631	34464	35697	35010	34563	35796	35109	34122	34155	35194	35210	34746	34222	34778	34794	36010	34286	36042	36058	35354	34890	35386	35402	36138	34414	34430	35466	35511	34524	34557	35130	34623	35196	36429	34722	36495	35820	35862	35904	36666	34968	35550	35052	36831	36144	35697	35190	35763	36996	35289	35322	37095	36405	36432	37179	37206	36033	36060	36087	37314	36621	36168	35655	36235	37472	35769	35806	36863	36900	36937	37694	37011	36564	36597	36090	37863	37176	36729	36222	36255	36821	36304	38067	36350	37393	37416	38159	37462	37485	37508	37051	36534	38297	37601	36604	36627	36650	37213	36696	38459	38482	37785	38528	37831	38574	37397	36885	38652	37959	37506	37533	37560	37047	37614	38841	37128	38895	38197	38936	38235	38254	37793	37272	37291	38330	38349	37888	37907	37386	39145	37964	39183	39247	38576	38145	38674	38723	39492	37817	37876	38955	39014	38053	38647	38156	38205	38794	38303	40092	38385	40152	39459	40206	39513	39540	39087	38574	40341	39648	38655	39221	39244	40467	38750	40513	39816	40559	40582	39885	39428	39451	39474	38957	40717	40016	39015	39574	39593	40812	39091	40130	40149	40888	40187	40926	39745	39764	39243	41040	40362	39924	39426	39468	40050	39552	41327	39616	40665	40694	41443	40752	40781	40810	40359	39848	41647	40976	40005	40054	40103	40692	40191	41964	41997	41310	42063	41376	42129	40962	40455	40495	42272	41589	41146	41183	41220	41257	42494	41340	42582	41904	42666	41988	42750	41592	41100	41142	42204	42246	41268	41850	41352	41947	43196	41505	43294	42623	42672	43431	42744	42297	41790	42843	42876	42429	41922	42495	41981	42544	42027	43790	42073	43836	43859	43162	43185	43208	42751	42234	43997	43327	44096	42405	42994	43043	44292	42657	44496	43875	43920	44682	44724	43566	43608	44850	44172	43797	43356	43995	44021	45244	43527	43550	44593	44136	44639	45382	45405	43688	44251	43734	45497	44815	44372	44409	44446	45683	43980	44017	45074	45127	45176	45945	44254	45323	44892	44457	46296	45675	45257	44776	44835	44894	45493	46757	45076	46875	46214	46273	47097	45996	45555	47331	46644	46197	46230	46263	45756	46329	47562	45855	47635	46952	46989	47746	47783	46620	46117	47174	46735	46772	46809	46846	46343	47400	48157	46454	48257	47596	47175	48434	47773	46807	46856	47925	47974	47543	47052	47635	48872	47709	48946	47243	49020	48337	48374	49119	48420	48441	47982	47463	49224	48525	48066	47547	47568	49329	47610	49371	48672	48297	49596	48975	49735	48572	48069	49846	49163	49920	48757	48794	48295	48872	48369	49426	48983	49020	50257	49574	50347	48656	50445	49774	49343	48852	49422	49446	48930	50694	48978	50022	50046	50790	50094	50118	49662	49686	49185	50952	50259	49806	49293	49860	49347	51114	49401	51168	50475	50035	51272	50589	51346	49643	51420	50737	50294	51531	49824	50397	49890	50463	49956	51729	51042	50595	51115	51872	51909	50206	51263	50820	50857	52094	50925	50952	50439	50466	52233	51540	51087	50574	51621	52368	52395	50707	51776	51825	51394	51443	51492	50982	51546	52770	51054	52818	52122	51666	52170	52194	52938	51222	52986	52315	51872	51369	51406	51983	53220	51517	53294	52605	52152	52659	53406	52713	51720	52287	53514	52821	52368	53595	52422	52446	51930	51954	52998	52542	52566	53790	53814	53118	52122	52146	53935	53252	52809	54046	52883	52920	52417	52454	53511	53544	53097	54330	53643	54396	53709	52722	54495	53837	53416	52935	53534	53053	53075	54832	53109	54866	54163	54900	54197	54934	53751	53228	54985	54282	53819	53836	53313	53870	55087	53957	55216	54555	54134	54673	55435	55472	53769	53806	54863	54420	54457	54494	54017	54616	55875	55934	55273	54831	54324	55377	56130	56163	54456	55509	55542	55095	55125	54612	55179	55686	56433	54720	56487	55794	55341	55848	56595	55952	55006	56820	56174	55725	55212	55239	55806	57033	55320	57087	56394	55941	57168	56475	57347	55756	57535	55832	55869	57646	57683	57720	57037	57074	56672	56206	57300	58094	58125	58152	57459	57486	57033	57060	56547	58314	57621	58368	57675	57497	57057	57156	58275	59031	58344	58377	59130	59163	58476	58029	59262	58575	58627	59396	59445	59494	58343	57852	57917	58996	59775	59114	59173	
TRANSPORT_MODE
0	2	4	4	4	4	0	0	0	2	4	4	4	2	0	0	4	4	4	4	2	0	0	0	0	4	4	4	4	4	0	0	0	4	4	4	2	0	0	0	4	1	4	4	2	0	0	0	1	4	4	4	0	0	0	0	0	3	1	4	4	4	0	0	0	2	4	4	4	1	0	0	3	4	1	4	4	0	0	0	0	2	4	4	4	4	0	0	0	4	4	1	4	0	0	0	2	4	4	4	4	0	0	0	3	4	4	4	0	0	0	0	0	4	2	4	4	4	0	0	0	4	3	4	4	4	0	0	2	4	4	4	4	0	0	0	0	3	4	4	4	4	0	0	2	4	4	1	4	0	0	0	0	4	3	4	4	4	0	0	0	2	4	1	4	0	0	0	0	1	3	1	4	4	0	0	0	0	4	2	4	1	4	0	0	3	4	4	1	4	0	0	0	0	4	2	1	4	4	0	0	3	1	4	4	4	0	0	0	0	4	2	1	4	4	0	0	0	4	3	1	4	0	0	0	0	4	4	2	1	4	0	0	0	4	4	3	1	4	0	0	0	4	2	4	4	4	0	0	0	4	3	4	1	4	0	0	0	2	4	1	1	1	0	0	0	0	4	3	4	4	1	0	0	0	1	2	4	4	0	0	0	0	4	4	3	4	1	0	0	0	1	4	2	1	4	0	0	4	3	1	1	4	0	0	0	0	1	2	4	4	4	0	0	4	3	1	4	4	0	0	0	0	1	2	4	4	4	0	0	0	1	3	1	4	0	0	0	0	1	1	2	4	4	0	0	0	4	1	3	4	4	0	0	0	1	2	4	4	1	0	0	0	1	3	4	1	1	0	0	0	2	4	4	4	1	0	0	0	1	3	1	4	4	0	0	0	4	2	1	1	0	0	0	0	4	4	3	4	1	0	0	0	4	2	1	4	1	0	0	0	1	3	1	4	4	0	0	0	1	2	4	1	1	0	0	0	3	4	4	4	4	0	0	0	0	1	2	4	1	1	0	0	3	1	1	1	0	0	0	0	4	2	1	4	1	0	0	0	0	1	3	1	4	4	0	0	2	1	1	4	4	0	0	0	4	3	1	1	1	0	0	0	2	4	1	1	4	0	0	0	0	3	1	1	1	4	0	0	2	1	4	1	0	0	0	0	1	3	4	4	1	0	0	0	0	4	2	1	1	1	0	0	3	4	1	1	1	0	0	0	2	1	4	1	3	0	0	0	1	4	1	1	1	0	0	0	2	4	4	1	4	0	0	0	3	4	1	1	0	0	0	0	2	1	1	1	1	0	0	0	3	1	1	4	2	0	0	0	1	1	1	4	3	0	0	0	1	4	1	1	2	0	0	0	4	1	4	4	3	0	0	0	1	1	1	1	2	0	0	0	1	1	1	1	0	0	0	0	3	1	1	1	4	0	0	0	2	1	1	1	0	0	0	3	1	1	4	1	0	0	0	0	2	4	4	1	3	0	0	1	1	1	1	2	0	0	0	0	1	1	1	1	3	0	0	0	1	1	1	1	0	0	0	0	2	1	1	4	1	0	0	0	3	1	1	4	0	0	0	2	1	4	1	1	0	0	0	3	1	1	1	2	0	0	0	1	1	1	1	1	0	0	0	3	1	1	1	4	0	0	0	1	1	1	1	0	0	0	0	3	4	1	1	1	0	0	0	2	1	1	1	0	0	0	3	1	1	1	1	0	0	0	0	3	1	1	1	3	0	0	1	1	1	1	3	0	0	0	0	1	1	1	4	1	0	0	1	1	1	1	0	0	0	0	3	1	1	1	1	0	0	0	3	1	1	1	0	0	0	0	
DISTANCE_MATRIX
60	360	318	300	288	276	264	264	150	150	150	60	90	90	162	168	204	228	234	312	360	408	348	318	168	192	168	318	
360	60	264	318	324	342	342	342	348	348	354	360	372	378	378	420	420	480	462	498	462	462	384	420	372	420	378	378	
318	264	60	270	276	288	288	288	294	294	294	318	318	324	324	414	414	468	462	486	462	462	330	366	366	408	372	324	
300	318	270	60	276	288	288	288	288	288	288	300	300	312	318	408	408	468	462	486	438	438	318	360	360	402	360	312	
288	324	276	276	60	276	276	276	276	276	276	288	288	300	300	402	396	462	456	480	432	432	300	360	360	402	348	300	
276	342	288	288	276	60	180	180	252	258	264	264	264	288	288	390	390	456	450	480	432	432	288	348	348	348	288	288	
264	342	288	288	276	180	60	180	246	258	264	264	264	288	288	390	390	456	450	480	432	432	288	348	348	348	288	288	
264	342	288	288	276	180	180	60	240	258	264	264	264	288	288	390	390	456	450	480	432	432	288	348	348	348	288	288	
150	348	294	288	276	252	246	240	60	120	120	150	126	270	270	378	384	420	438	480	420	408	276	300	300	300	276	270	
150	348	294	288	276	258	258	258	120	60	120	150	150	270	270	378	384	420	438	480	420	408	276	300	300	300	276	270	
150	354	294	288	276	264	264	264	120	120	60	150	150	270	270	378	384	420	438	480	420	408	276	300	300	300	276	270	
60	360	318	300	288	264	264	264	150	150	150	60	90	162	168	228	234	312	360	408	348	318	168	192	192	198	168	162	
90	372	318	300	288	264	264	264	150	150	150	90	60	162	168	228	234	312	360	408	348	318	168	192	192	198	168	162	
90	378	324	312	300	288	288	288	270	270	270	162	162	60	120	180	180	306	210	360	300	300	120	180	120	180	120	234	
162	378	324	318	300	288	288	288	270	270	270	168	168	120	60	180	180	306	210	360	300	300	120	180	120	180	120	120	
168	420	414	408	402	348	348	348	300	300	300	228	228	180	180	60	132	204	132	348	258	258	186	60	180	132	222	180	
204	420	414	408	396	390	390	390	384	384	384	234	234	180	180	132	60	204	132	348	258	258	186	60	180	132	222	180	
228	480	468	468	462	456	456	456	420	420	420	312	312	306	306	204	204	60	198	120	240	240	306	204	306	138	306	306	
234	462	462	462	456	450	450	450	438	438	438	360	360	210	210	132	132	198	60	138	132	132	210	132	210	132	210	210	
312	498	486	486	480	480	480	480	480	480	480	408	408	360	360	348	348	120	138	60	348	348	360	348	360	348	360	360	
360	462	462	438	432	432	432	432	420	420	420	348	348	300	300	258	258	240	132	348	60	60	300	258	300	258	300	300	
408	462	462	438	432	432	432	432	408	408	408	318	318	300	300	258	258	240	132	348	60	60	300	258	300	258	300	300	
348	384	330	318	300	288	288	288	276	276	276	168	168	120	120	186	186	306	210	360	300	300	60	186	120	186	120	120	
318	420	366	360	360	348	348	348	300	300	300	192	192	180	180	60	60	204	132	348	258	258	186	60	180	60	180	180	
168	372	300	306	300	288	288	288	270	270	270	168	168	120	120	180	180	306	210	360	300	300	120	180	60	180	120	120	
192	420	408	402	402	348	348	348	300	300	300	198	198	180	180	132	132	138	132	348	258	258	186	60	180	60	180	180	
168	378	372	360	348	288	288	288	276	276	276	168	168	120	120	222	222	306	210	360	300	300	120	180	120	180	60	120	
318	378	324	312	300	288	288	288	270	270	270	162	162	234	120	180	180	306	210	360	300	300	120	180	120	180	120	60	
DEPOT_DISTANCE_MATRIX
60	360	318	300	288	276	264	264	150	150	150	60	90	90	162	168	204	228	234	312	360	408	348	318	168	192	168	318	
162	378	324	318	300	288	288	288	270	270	270	168	168	120	60	180	180	306	210	360	300	300	120	180	120	180	120	120	
318	420	366	360	360	348	348	348	300	300	300	192	192	180	180	60	60	204	132	348	258	258	186	60	180	60	180	180	
PATIENT_WEIGHT
88	45	140	85	99	109	103	63	40	75	111	77	103	59	46	80	138	120	44	105	63	30	136	30	87	134	79	131	66	134	70	58	75	55	80	63	77	45	52	31	69	51	40	71	129	37	71	40	138	49	108	84	103	51	118	77	33	66	115	52	137	44	93	82	61	139	138	61	101	127	70	48	54	145	60	44	96	140	40	38	55	81	56	121	73	55	126	132	115	79	60	54	38	42	30	53	143	101	51	110	38	115	42	96	77	107	148	136	97	34	103	92	150	120	132	38	115	34	146	67	116	95	76	112	105	37	112	103	60	116	40	80	47	86	85	76	44	98	129	74	97	111	90	77	147	129	85	121	148	30	136	103	108	35	125	33	43	120	70	134	143	100	44	115	58	82	129	66	105	48	88	89	52	35	53	86	145	51	57	79	86	62	51	147	86	89	36	43	117	90	109	120	80	80	113	115	135	115	108	145	37	123	61	90	60	119	103	92	41	111	37	55	89	40	39	119	78	140	103	118	69	81	38	51	47	141	134	79	110	118	72	43	104	44	67	31	99	35	91	64	54	66	109	99	150	32	46	85	145	128	103	150	129	127	35	89	38	91	107	42	103	134	129	39	107	117	131	57	59	131	86	144	145	92	115	64	95	68	139	99	87	134	123	114	141	150	72	48	121	56	103	117	108	99	32	133	115	125	79	30	48	55	106	49	113	120	126	111	98	110	148	76	98	49	84	41	137	38	64	36	104	149	91	149	107	90	89	45	141	147	51	71	119	134	149	110	90	132	87	59	122	95	61	34	36	31	70	138	142	65	49	44	57	46	57	47	85	41	141	54	59	33	119	83	56	76	114	70	55	71	147	89	127	125	107	48	54	136	143	108	87	121	83	149	103	92	99	84	32	121	31	64	106	30	135	73	112	130	119	147	105	64	108	108	83	150	44	92	89	124	107	71	95	61	86	130	88	127	105	84	35	121	87	60	83	141	147	113	46	65	78	91	85	144	50	139	55	34	99	79	38	46	137	76	146	88	113	80	102	54	143	81	82	39	52	95	73	99	126	55	143	63	54	120	31	106	32	38	126	107	41	44	126	133	95	52	135	124	76	122	128	146	84	113	115	54	89	58	105	48	87	134	89	119	142	132	41	64	135	54	47	118	41	64	106	53	60	40	79	101	31	133	121	56	54	147	145	103	146	112	34	102	143	136	99	85	131	134	140	106	43	80	31	104	52	90	137	106	142	66	111	69	59	145	57	116	78	93	66	127	105	87	124	87	51	69	137	56	41	40	120	88	84	48	47	64	32	51	60	48	39	54	79	36	134	143	69	125	81	100	48	79	36	32	35	44	88	122	71	41	64	36	118	110	133	94	53	52	96	67	67	80	61	61	48	73	49	55	124	83	75	69	139	60	77	80	36	30	40	147	44	125	77	105	59	42	106	57	97	134	71	108	146	38	113	118	132	96	51	35	113	82	118	118	57	124	122	79	122	52	90	88	150	121	77	92	42	31	30	80	105	117	85	118	51	118	132	43	51	64	98	47	132	40	64	55	107	125	47	82	60	107	84	110	117	94	98	30	145	99	52	124	42	43	75	44	59	88	121	95	133	141	135	84	67	140	136	129	82	56	43	79	127	119	45	112	51	37	62	128	80	107	97	144	78	80	108	150	45	133	138	38	132	148	118	72	49	52	147	131	76	143	59	120	99	145	133	145	44	72	115	144	64	103	51	108	51	45	121	90	56	80	135	133	127	113	86	104	108	80	90	77	63	91	34	55	101	87	122	146	54	39	84	123	99	130	128	119	81	149	58	60	91	122	105	51	58	96	117	36	42	
LOCATION_TURN_MATRIX
100	130	122	113	112	199	136	122	129	152	173	146	151	136	158	140	176	113	122	167	194	134	110	172	114	184	100	147	
170	100	154	188	164	169	136	136	152	170	104	183	155	115	101	104	155	187	174	115	149	134	178	168	114	135	168	102	
178	146	100	161	178	114	104	165	117	139	126	169	192	109	120	179	160	152	154	134	113	140	154	179	196	196	192	181	
187	112	139	100	158	114	195	181	104	132	195	106	183	169	132	170	140	136	172	148	116	110	123	136	151	120	176	169	
188	136	122	142	100	175	164	159	112	100	167	164	135	191	132	181	104	123	142	156	108	117	193	182	116	147	156	185	
101	131	186	186	125	100	190	147	164	150	137	102	145	176	185	131	113	108	117	186	118	151	140	178	154	189	172	110	
164	164	196	105	136	110	100	186	153	151	183	193	111	157	144	123	188	142	110	163	105	190	166	187	170	171	186	126	
178	164	135	119	141	153	114	100	106	130	108	103	151	178	122	151	130	133	184	177	110	141	166	110	122	174	191	197	
171	148	183	196	188	136	147	194	100	167	100	146	168	129	128	142	172	118	174	147	105	158	156	160	120	106	119	136	
148	130	161	168	200	150	149	170	133	100	177	106	175	116	188	180	176	194	108	146	130	187	183	173	128	141	169	176	
127	196	174	105	133	163	117	192	200	123	100	171	175	140	183	115	104	186	128	153	151	175	100	146	191	117	132	197	
154	117	131	194	136	198	107	197	154	194	129	100	136	184	140	147	172	184	148	131	103	156	185	200	152	158	154	143	
149	145	108	117	165	155	189	149	132	125	125	164	100	140	199	142	101	144	163	185	117	191	200	143	113	165	102	154	
164	185	191	131	109	124	143	122	171	184	160	116	160	100	109	116	196	113	131	186	166	139	183	175	144	161	105	170	
142	199	180	168	168	115	156	178	172	112	117	160	101	191	100	147	177	177	199	158	172	188	164	175	180	168	154	195	
160	196	121	130	119	169	177	149	158	120	185	153	158	184	153	100	152	159	197	157	181	159	102	123	168	200	124	186	
124	145	140	160	196	187	112	170	128	124	196	128	199	104	123	148	100	149	114	112	117	135	105	132	138	180	198	156	
187	113	148	164	177	192	158	167	182	106	114	116	156	187	123	141	151	100	166	132	168	163	159	123	129	173	161	116	
178	126	146	128	158	183	190	116	126	192	172	152	137	169	101	103	186	134	100	184	199	137	130	160	148	113	140	150	
133	185	166	152	144	114	137	123	153	154	147	169	115	114	142	143	188	168	116	100	111	195	128	157	191	164	141	171	
106	151	187	184	192	182	195	190	195	170	149	197	183	134	128	119	183	132	101	189	100	129	151	163	147	166	104	177	
166	166	160	190	183	149	110	159	142	113	125	144	109	161	112	141	165	137	163	105	171	100	101	185	169	129	103	197	
190	122	146	177	107	160	134	134	144	117	200	115	100	117	136	198	195	141	170	172	149	199	100	106	150	116	118	145	
128	132	121	164	118	122	113	190	140	127	154	100	157	125	125	177	168	177	140	143	137	115	194	100	128	167	115	155	
186	186	104	149	184	146	130	178	180	172	109	148	187	156	120	132	162	171	152	109	153	131	150	172	100	155	124	184	
116	165	104	180	153	111	129	126	194	159	183	142	135	139	132	100	120	127	187	136	134	171	184	133	145	100	129	192	
200	132	108	124	144	128	114	109	181	131	168	146	198	195	146	176	102	139	160	159	196	197	182	185	176	171	100	146	
153	198	119	131	115	190	174	103	164	124	103	157	146	130	105	114	144	184	150	129	123	103	155	145	116	108	154	100	

