INDEX_PROBLEM
1
PATIENTS
800
STRETCHERS
16
NUM_ROOM
28
NUM_DEPOTS
3
NUM_PRIORITY
4
PRIORITY_LIST
0	1	2	3	4	
PRIORITY_WEIGHT
0	1	10	18	30	
PRIORITY_JOB
0	2	3	1	3	3	4	3	3	4	2	3	3	4	4	3	3	1	2	4	4	4	3	4	3	2	3	4	4	4	3	4	4	1	2	4	3	3	3	4	3	2	3	4	4	3	4	3	4	2	3	1	4	3	4	3	4	1	3	4	2	1	1	1	2	1	3	3	1	4	3	4	3	4	2	3	2	2	1	2	3	4	1	2	4	3	4	3	3	4	4	2	1	2	1	2	2	3	4	1	1	4	3	4	4	3	2	3	1	1	2	2	1	1	3	4	2	1	3	4	4	4	3	4	1	1	2	1	2	1	3	2	1	3	4	3	3	3	3	4	1	2	2	1	2	1	2	4	2	4	4	3	3	3	1	4	3	4	2	2	1	2	1	2	3	4	4	3	4	3	1	1	3	4	1	1	2	1	4	2	3	1	4	3	4	3	3	3	4	2	2	1	2	1	3	4	1	4	3	4	3	3	2	4	2	2	2	1	2	1	3	4	4	4	3	4	3	4	1	1	2	2	1	2	2	1	1	3	1	3	2	3	4	4	3	1	3	4	2	1	2	1	2	1	3	4	4	3	3	4	3	1	2	3	1	2	1	2	2	4	1	2	4	3	3	4	3	1	4	2	1	2	1	2	2	3	4	1	4	4	3	3	4	2	1	3	4	1	1	2	1	1	3	2	4	3	4	4	3	3	4	1	1	2	1	2	1	3	4	2	3	3	4	3	3	3	1	4	2	1	2	1	2	2	4	2	4	3	4	4	3	3	4	1	2	1	2	1	1	2	3	1	3	3	4	4	3	4	4	1	2	2	1	2	1	3	1	3	4	3	4	3	1	4	1	2	2	1	2	1	2	3	4	1	4	3	3	4	3	2	1	4	2	1	2	1	2	2	3	4	4	3	4	3	4	1	2	1	3	2	1	1	1	4	2	3	4	3	2	4	3	2	3	4	1	1	2	1	4	1	3	2	4	3	4	3	3	3	4	1	2	1	2	2	1	2	4	2	3	4	4	3	4	3	4	1	2	1	2	2	1	2	3	4	2	3	4	4	3	3	2	1	1	2	1	1	1	3	4	1	4	3	4	3	3	1	4	2	1	2	2	1	2	3	1	4	4	3	3	3	2	1	4	2	1	2	1	2	2	3	4	4	4	3	4	3	2	4	1	1	2	1	1	2	1	3	2	3	4	4	3	4	2	3	4	1	1	2	1	3	1	3	4	4	3	4	3	3	2	3	1	2	2	1	2	1	2	4	2	4	3	4	3	4	3	4	4	2	1	2	2	1	1	2	4	2	3	4	4	3	3	2	1	1	1	2	1	1	3	4	1	4	3	4	3	4	3	1	2	2	1	2	1	3	4	1	4	3	3	3	2	2	1	4	2	1	2	1	2	2	3	4	4	4	3	3	4	1	2	1	4	2	1	2	1	2	4	2	3	4	3	4	3	2	3	1	1	1	2	1	4	3	4	2	3	4	4	3	3	3	4	1	2	1	2	1	2	2	4	2	3	4	4	3	3	3	4	1	2	1	2	1	2	2	4	2	3	4	4	3	4	4	1	2	2	1	2	1	3	1	3	4	3	4	4	3	1	1	2	3	1	2	2	1	2	4	1	2	4	3	3	3	4	1	4	2	1	2	1	2	2	3	4	1	4	3	4	3	4	2	1	4	2	1	2	1	2	3	2	3	3	4	3	4	4	1	4	1	3	1	1	2	1	1	2	3	2	1	2	1	2	4	1	2	2	1	2	1	2	1	4	2	2	1	1	1	2	3	4	1	1	2	1	2	1	1	2	4	2	2	2	1	2	1	3	4	1	2	2	1	2	
TIME_ASKED
0	28800	28800	28800	28800	28800	28800	28800	28800	28800	28800	28800	28800	28800	28800	28800	28800	29545	29574	29603	29632	29661	29690	29742	29784	29826	29868	29910	29952	29994	30029	30058	30087	30116	30145	30174	30203	30232	30261	30290	30329	30358	30387	30416	30445	30474	30503	30532	30561	30590	30621	30642	30663	30684	30705	30726	30747	30768	30789	30810	30831	30852	30873	30894	30949	30998	31047	31096	31145	31194	31227	31254	31281	31308	31335	31362	31389	31416	31443	31470	31497	31524	31548	31572	31596	31620	31644	31668	31692	31716	31740	31764	31788	31837	31874	31911	31948	31985	32022	32059	32096	32159	32218	32277	32336	32395	32419	32438	32457	32476	32495	32514	32533	32552	32571	32590	32609	32628	32647	32666	32685	32759	32818	32877	32936	32995	33027	33054	33081	33108	33135	33162	33189	33216	33243	33270	33297	33333	33366	33399	33432	33465	33498	33531	33564	33597	33616	33632	33648	33664	33680	33696	33712	33728	33744	33760	33776	33792	33808	33824	33840	33856	33872	33888	33933	33966	33999	34032	34065	34098	34131	34164	34197	34242	34284	34326	34368	34410	34452	34494	34533	34566	34599	34632	34665	34698	34731	34764	34797	34827	34854	34881	34908	34935	34962	34989	35016	35043	35070	35097	35137	35174	35211	35248	35285	35322	35359	35396	35433	35466	35499	35532	35565	35598	35631	35664	35697	35723	35746	35769	35792	35815	35838	35861	35884	35907	35930	35953	35976	35999	36023	36046	36069	36092	36115	36138	36161	36184	36207	36230	36253	36276	36299	36327	36354	36381	36408	36435	36462	36489	36516	36543	36570	36597	36619	36638	36657	36676	36695	36714	36733	36752	36771	36790	36809	36828	36847	36866	36885	36949	36998	37047	37096	37145	37194	37259	37318	37377	37436	37495	37549	37598	37647	37696	37745	37794	37827	37854	37881	37908	37935	37962	37989	38016	38043	38070	38097	38123	38146	38169	38192	38215	38238	38261	38284	38307	38330	38353	38376	38399	38419	38438	38457	38476	38495	38514	38533	38552	38571	38590	38609	38628	38647	38666	38685	38742	38784	38826	38868	38910	38952	38994	39029	39058	39087	39116	39145	39174	39203	39232	39261	39290	39349	39398	39447	39496	39545	39594	39633	39666	39699	39732	39765	39798	39831	39864	39897	39937	39974	40011	40048	40085	40122	40159	40196	40242	40284	40326	40368	40410	40452	40494	40542	40584	40626	40668	40710	40752	40794	40849	40898	40947	40996	41045	41094	41133	41166	41199	41232	41265	41298	41331	41364	41397	41423	41446	41469	41492	41515	41538	41561	41584	41607	41630	41653	41676	41699	41749	41798	41847	41896	41945	41994	42099	42198	42297	42342	42384	42426	42468	42510	42552	42594	42699	42798	42897	42923	42946	42969	42992	43015	43038	43061	43084	43107	43130	43153	43176	43199	43237	43274	43311	43348	43385	43422	43459	43496	43549	43598	43647	43696	43745	43794	43899	43998	44097	44159	44218	44277	44336	44395	44459	44518	44577	44636	44695	44799	44898	44997	45033	45066	45099	45132	45165	45198	45231	45264	45297	45337	45374	45411	45448	45485	45522	45559	45596	45637	45674	45711	45748	45785	45822	45859	45896	45959	46018	46077	46136	46195	46249	46298	46347	46396	46445	46494	46537	46574	46611	46648	46685	46722	46759	46796	46821	46842	46863	46884	46905	46926	46947	46968	46989	47010	47031	47052	47073	47094	47199	47298	47397	47437	47474	47511	47548	47585	47622	47659	47696	47737	47774	47811	47848	47885	47922	47959	47996	48049	48098	48147	48196	48245	48294	48324	48348	48372	48396	48420	48444	48468	48492	48516	48540	48564	48588	48627	48654	48681	48708	48735	48762	48789	48816	48843	48870	48897	48937	48974	49011	49048	49085	49122	49159	49196	49233	49266	49299	49332	49365	49398	49431	49464	49497	49537	49574	49611	49648	49685	49722	49759	49796	49827	49854	49881	49908	49935	49962	49989	50016	50043	50070	50097	50149	50198	50247	50296	50345	50394	50424	50448	50472	50496	50520	50544	50568	50592	50616	50640	50664	50688	50737	50774	50811	50848	50885	50922	50959	50996	51027	51054	51081	51108	51135	51162	51189	51216	51243	51270	51297	51324	51348	51372	51396	51420	51444	51468	51492	51516	51540	51564	51588	51637	51674	51711	51748	51785	51822	51859	51896	51933	51966	51999	52032	52065	52098	52131	52164	52197	52259	52318	52377	52436	52495	52517	52534	52551	52568	52585	52602	52619	52636	52653	52670	52687	52704	52721	52738	52755	52772	52789	52859	52918	52977	53036	53095	53137	53174	53211	53248	53285	53322	53359	53396	53459	53518	53577	53636	53695	53733	53766	53799	53832	53865	53898	53931	53964	53997	54027	54054	54081	54108	54135	54162	54189	54216	54243	54270	54297	54374	54448	54522	54596	54627	54654	54681	54708	54735	54762	54789	54816	54843	54870	54897	55049	55198	55237	55274	55311	55348	55385	55422	55459	55496	55574	55648	55722	55796	55827	55854	55881	55908	55935	55962	55989	56016	56043	56070	56097	56399	56499	56598	56697	56733	56766	56799	56832	56865	56898	56931	56964	56997	57049	57098	57147	57196	57245	57294	57359	57418	57477	57536	57595	
ORIGIN
0	16	6	27	25	7	27	23	25	1	23	14	14	14	14	14	5	14	4	14	14	4	26	16	4	14	16	9	14	14	27	7	2	9	14	14	11	2	23	4	14	14	14	20	2	2	14	14	26	6	27	18	7	27	20	8	26	14	10	2	3	23	2	26	14	14	23	14	14	24	15	1	14	14	7	9	25	14	3	14	14	1	23	14	14	23	14	14	16	14	3	5	15	14	1	14	5	5	18	26	27	20	8	1	14	4	1	27	27	20	2	14	14	14	14	4	24	14	4	27	23	14	8	19	26	2	14	14	26	16	10	2	14	14	2	14	16	16	14	9	9	9	27	16	8	16	7	27	20	11	1	14	13	14	14	14	20	14	14	14	14	26	3	24	15	4	26	16	8	8	26	26	2	14	14	18	27	5	2	23	12	24	23	14	27	1	14	14	27	26	26	14	1	14	14	20	8	23	23	9	2	5	20	2	14	15	14	2	7	5	16	14	4	20	16	5	1	14	20	14	14	14	3	14	14	14	14	12	2	23	14	3	26	14	14	15	11	2	1	25	23	14	26	8	27	23	12	23	14	20	16	14	14	27	27	27	14	14	14	15	26	14	8	26	16	13	14	14	14	14	14	14	14	14	3	3	23	13	3	23	10	1	16	26	11	1	25	14	14	26	1	2	23	8	23	23	10	2	3	14	2	27	11	1	1	7	14	14	16	5	23	16	7	23	23	11	3	16	14	3	14	7	16	14	13	2	14	14	3	14	14	23	1	7	14	3	14	14	14	1	8	1	23	10	14	14	12	14	14	26	14	27	14	4	14	11	5	3	16	1	14	11	14	3	3	14	27	16	20	27	27	14	2	23	5	3	20	27	23	4	7	14	2	26	14	10	5	11	1	23	10	1	14	16	11	16	14	14	14	14	10	4	11	27	14	16	3	14	26	11	14	14	14	14	14	14	10	15	14	26	23	14	26	24	14	4	26	14	26	14	14	14	7	23	1	23	23	10	14	23	14	2	14	20	14	27	14	14	3	14	12	14	16	6	27	19	7	27	22	12	4	4	16	14	12	8	8	3	14	3	23	14	14	14	8	1	1	3	1	26	14	14	14	23	9	26	23	11	2	23	1	27	27	26	27	2	14	5	11	1	5	27	18	7	20	14	14	15	14	17	17	22	23	2	2	7	3	23	14	4	24	15	26	25	25	4	26	10	26	26	14	2	1	14	11	2	23	12	27	27	14	14	27	15	14	27	27	23	26	1	7	27	20	20	14	14	14	2	27	20	11	26	2	14	23	14	4	24	15	4	23	23	3	26	14	2	14	14	14	1	23	10	2	23	12	26	14	14	14	25	15	14	7	23	23	26	16	7	27	20	11	2	27	3	14	20	2	14	11	1	5	23	14	3	24	14	4	11	1	3	3	14	2	14	14	14	14	23	10	2	23	12	14	14	5	14	14	14	27	11	11	8	9	14	7	27	19	8	27	27	3	3	16	20	2	14	14	3	27	14	3	24	14	4	14	14	1	27	26	14	2	26	14	12	14	10	1	23	12	2	23	12	27	27	14	27	11	15	15	14	16	23	27	19	7	27	12	14	20	20	20	2	22	14	2	26	14	3	23	14	4	20	4	23	26	16	14	1	26	14	4	2	9	1	23	11	2	23	14	11	14	14	27	27	11	14	1	24	6	3	18	7	27	21	8	5	23	2	2	22	23	2	2	14	3	14	25	4	25	16	14	3	16	5	5	26	14	14	14	9	1	14	3	2	23	13	14	14	14	27	27	20	14	1	4	5	27	18	7	27	20	8	14	17	10	1	27	23	2	7	14	
DESTINATION
0	14	17	2	14	23	2	26	14	14	27	25	25	4	25	16	14	25	14	9	25	14	3	14	14	9	16	14	3	2	23	13	14	14	4	5	15	14	1	14	5	5	26	7	27	27	20	8	14	17	2	27	20	2	14	14	14	16	14	14	14	7	27	23	25	4	3	26	26	2	14	14	26	26	20	14	14	4	26	16	16	14	27	9	9	27	16	8	16	9	14	14	11	2	23	4	14	14	27	14	2	14	14	14	26	14	14	18	18	7	27	20	8	26	26	14	2	3	14	18	27	5	14	22	14	24	15	1	14	14	14	14	9	26	14	1	14	14	1	14	14	14	23	14	14	16	20	2	14	15	14	2	7	5	5	26	7	20	20	8	1	14	14	2	14	14	3	14	14	14	14	14	24	15	4	27	23	14	14	27	11	2	1	25	23	14	26	2	2	14	14	2	14	16	16	14	14	27	27	14	14	14	7	27	20	11	1	14	13	14	14	26	14	14	14	14	14	3	14	3	15	4	26	16	8	8	16	11	14	1	25	14	14	26	1	14	12	24	23	14	27	1	14	14	2	27	11	1	1	7	14	26	8	23	23	23	9	2	5	11	3	16	14	3	14	7	16	16	4	20	20	16	5	1	14	23	1	7	14	3	14	14	14	14	12	23	14	3	26	14	14	14	26	14	4	27	14	14	14	8	27	23	12	23	14	20	16	3	14	14	27	16	20	27	27	15	26	14	8	26	16	13	14	4	7	14	2	26	14	10	5	3	23	13	3	23	10	1	16	14	14	14	27	14	10	4	11	26	2	23	8	23	10	23	3	12	14	14	14	14	10	15	2	14	14	5	23	16	7	23	23	26	14	1	14	14	7	23	1	14	13	2	14	14	3	14	14	20	14	27	14	14	3	14	12	14	8	1	1	10	14	14	12	2	4	14	14	16	14	12	8	5	5	3	16	1	14	11	8	3	1	25	3	1	26	14	14	2	14	2	5	3	20	27	23	1	27	14	26	27	2	14	5	11	1	23	10	1	14	16	11	15	14	17	2	22	23	2	2	11	14	14	14	3	11	14	14	26	25	14	4	26	10	26	14	23	23	26	24	14	4	26	26	27	14	14	27	15	14	27	23	23	23	14	23	14	2	14	20	14	14	2	27	20	11	26	2	14	16	6	6	19	7	27	22	23	14	3	26	14	2	14	14	14	14	23	14	14	14	14	26	14	14	25	15	14	7	11	23	23	9	26	23	11	2	23	2	27	3	14	20	2	14	11	1	1	5	27	18	7	20	14	14	1	3	26	14	2	14	14	7	7	23	14	4	24	15	26	26	14	27	14	14	27	11	14	9	2	1	14	11	2	23	27	27	3	16	20	2	14	12	27	23	26	1	7	27	20	20	14	14	1	26	14	2	26	14	12	14	23	23	4	24	15	4	4	15	27	14	14	27	11	15	1	14	1	10	2	23	12	12	14	14	20	20	2	22	14	2	23	26	26	16	7	27	20	26	27	23	26	14	1	26	14	4	1	23	2	14	3	24	14	4	11	16	14	14	27	11	14	1	11	23	23	2	23	12	14	14	5	14	27	2	22	23	2	11	9	14	14	7	27	19	8	27	3	25	14	5	26	14	14	14	27	14	16	3	24	14	4	14	14	14	14	27	20	14	1	4	12	10	26	23	23	12	2	23	2	17	26	27	23	2	7	14	14	27	27	27	19	7	27	27	25	14	5	14	14	14	14	5	26	14	23	23	14	4	20	4	14	14	9	14	14	27	7	2	2	26	23	23	11	2	23	14	14	2	27	20	2	14	14	26	6	14	14	18	7	27	21	8	
DUE_DATE
0	30427	29996	31245	30094	30143	29652	30247	30296	29805	30874	30443	30492	29987	30016	30585	30614	31843	31152	30161	30190	30219	30788	30300	30882	31404	30966	30468	30510	30552	31127	30616	30645	32414	31723	30732	31301	31330	31359	30848	31427	31936	31485	30974	31003	31572	31061	31630	31119	32168	31719	32940	31221	31782	31263	31824	31305	33066	31887	31368	32409	33150	33171	33192	32527	33296	32145	32194	33443	31752	32325	31812	32379	31866	32913	32460	32967	32994	33741	33048	32595	32082	33846	33150	32154	32718	32202	32766	32790	32274	32298	33342	34086	33415	34172	33489	33526	33083	32580	34357	34394	32717	33316	32835	32894	33493	33997	33536	34755	34774	34073	34092	34831	34850	33669	33148	34187	34926	33745	33224	33243	33317	33916	33435	35234	35293	34605	35352	34659	35406	34233	34740	35487	34314	33801	34368	34395	34431	34464	33957	35730	35043	35076	35829	35142	35895	35194	34190	35226	34222	34238	34794	34810	34826	36042	34318	34874	34350	35386	35402	36138	35434	36170	35466	35031	34524	34557	35130	34623	35196	36429	36462	35295	34800	36582	36624	35946	36708	35010	36072	35631	36864	35157	35730	35223	35796	35829	35862	35355	36405	36432	37179	36486	37233	36060	35547	37314	35601	36168	35655	36235	36272	36789	35806	36863	36900	36937	37694	37011	37764	36597	36090	36123	36156	36729	36222	36795	36281	38044	38067	37370	37393	38136	37439	37462	38205	38228	37051	38274	37097	37601	37144	36627	36650	37213	38436	37259	36742	37785	38528	37831	38574	37877	38625	37452	36939	36966	37533	37560	37047	37614	38841	38148	37695	38917	38216	38955	38254	38273	37272	39031	38330	37329	37888	37907	37386	37945	39164	37443	38527	39296	38625	39394	38723	38772	38357	37876	39675	37994	38053	38647	38696	38205	39274	40043	38892	38385	40152	40179	39486	40233	40260	39087	39594	38601	39168	38655	38681	39244	39267	38750	40513	40536	39839	40582	39885	40628	39451	38934	39977	39517	39536	39015	39574	39593	39612	40831	39110	40149	40888	40187	40926	40225	40244	39243	40320	39342	39924	39426	39468	40050	40092	39587	41356	40665	41414	40723	41472	41501	40810	40359	41588	40447	40496	40005	40054	40643	40152	40191	41964	41277	41310	42063	41376	42129	40962	42195	41035	40532	41109	40606	41183	42420	40717	42494	41820	41862	42624	41946	42708	42030	41592	41100	42882	41184	41766	41808	41310	41892	42427	43196	41505	42574	43343	42672	43431	42744	42777	42330	41823	41856	42429	41922	42495	41981	43744	43047	43790	42613	43116	43859	43882	43905	42188	43231	42774	42257	42847	43376	42405	42994	43523	43092	42657	44496	44595	43920	44682	42984	44766	43608	44130	43152	43797	43356	43995	44021	44044	43527	45290	44593	45336	44639	44662	45405	44708	43711	44754	44297	43795	43832	44409	43906	44483	43980	45757	45074	45847	45176	45225	45994	45323	44892	44457	45576	45195	44717	44776	45375	45434	45973	46757	46816	46155	46934	46993	47097	45996	45555	47331	45624	46197	45690	46263	46296	47529	45822	46875	47635	46952	46989	47746	47063	46620	47857	46154	46195	46772	46809	46846	47363	48120	46417	47474	48257	47596	48375	47714	47773	47347	46856	46905	46954	47543	47052	47635	48152	47169	48946	48983	48300	49057	49094	48399	49140	47961	48462	48003	47484	47505	48066	47547	48588	48129	47610	49371	49392	48777	49596	48495	49735	48572	48069	48106	48683	48180	48757	48794	49315	48872	50109	49426	49463	50220	49537	50294	49627	48656	49725	48754	49343	48852	49422	48906	49470	48954	48978	50022	50766	50070	50094	50838	50862	50166	49185	50232	49779	49266	49293	49860	49887	50394	51141	51168	51195	50515	51272	51309	50146	49643	51420	49717	50294	49791	50364	49857	50430	51663	50976	51009	51762	51075	51835	50672	50169	51946	50243	50820	50857	50894	51405	51432	52179	50466	51513	52260	51567	52314	51621	51648	51195	50707	50756	50805	51394	51443	50952	52722	52026	52770	51054	52098	52842	52146	52890	52194	51198	52242	51786	51295	51872	51369	51946	52463	52020	53257	53294	53325	52632	53379	51666	52233	51720	52767	52314	51801	51828	52395	52422	52446	51930	53694	52998	53742	53046	53790	53094	53118	52122	53166	52735	52232	52269	52846	52883	52920	52417	54194	53511	54264	53577	54330	53643	53676	52689	53742	53295	52817	52876	53475	52994	53053	54815	54112	54129	54866	54163	54900	53717	54934	53751	53228	53785	53262	53279	53836	55053	55070	54367	53957	55216	54555	54614	55393	54715	53732	55509	54826	53843	54420	54457	54494	54017	55816	54135	55214	55993	55311	56064	55377	55410	54963	54456	56229	54522	55095	54585	55152	54639	55686	56433	54720	55767	56514	55821	56568	55875	55472	56026	55620	55694	55185	55752	55239	55266	57033	55320	57087	55914	57141	57168	56475	57347	57496	56815	56372	56889	57646	56963	57720	57037	56054	57872	57226	57300	58094	57405	58152	57459	58206	56493	57540	57567	58314	58341	58368	57675	57497	57057	58896	58995	58311	59064	58377	59130	59163	58476	57489	58542	58575	58627	59396	58725	59494	58343	57852	59657	58996	59055	59834	59173	
TRANSPORT_MODE
0	2	4	4	2	0	0	0	0	4	4	4	0	0	0	0	0	4	4	2	0	0	0	0	0	4	4	4	0	0	0	0	0	4	4	4	0	0	0	0	0	2	4	1	2	0	0	0	0	4	4	4	0	0	0	0	0	3	4	1	2	0	0	0	0	0	4	1	4	0	0	0	0	4	4	2	0	0	0	0	0	1	4	4	0	0	0	0	0	4	1	4	0	0	0	0	0	2	4	4	3	0	0	0	0	0	4	4	4	0	0	0	0	0	2	4	4	3	0	0	0	0	4	4	4	0	0	0	0	0	4	4	3	0	0	0	0	0	4	4	4	0	0	0	0	0	4	4	4	0	0	0	0	0	3	4	4	2	0	0	0	0	4	4	1	0	0	0	0	0	3	4	4	2	0	0	0	0	0	4	1	1	0	0	0	0	0	4	4	2	0	0	0	0	1	4	4	0	0	0	0	0	4	4	1	0	0	0	0	0	2	4	1	0	0	0	0	0	3	4	1	0	0	0	0	0	0	2	4	1	4	0	0	0	0	3	4	4	0	0	0	0	0	4	4	1	0	0	0	0	0	3	1	4	0	0	0	0	0	4	1	4	0	0	0	0	0	3	4	1	0	0	0	0	0	4	4	4	0	0	0	0	0	4	3	4	4	0	0	0	0	1	2	4	0	0	0	0	0	4	1	1	0	0	0	0	0	2	4	4	0	0	0	0	0	4	1	4	0	0	0	0	0	4	2	1	0	0	0	0	0	1	4	1	0	0	0	0	0	4	4	2	1	0	0	0	0	0	1	3	4	0	0	0	0	1	4	4	0	0	0	0	0	4	3	4	0	0	0	0	0	1	1	4	0	0	0	0	0	1	3	4	0	0	0	0	0	4	1	1	0	0	0	0	0	4	1	3	4	0	0	0	0	4	2	4	0	0	0	0	0	4	4	1	0	0	0	0	0	1	2	1	0	0	0	0	0	1	1	4	0	0	0	0	0	4	2	1	0	0	0	0	0	4	1	1	0	0	0	0	0	4	4	2	4	0	0	0	0	1	1	3	0	0	0	0	0	4	4	1	0	0	0	0	1	3	1	0	0	0	0	0	1	1	4	0	0	0	0	0	1	3	4	0	0	0	0	0	1	4	4	0	0	0	0	0	0	1	4	3	1	0	0	0	0	1	1	2	0	0	0	0	1	1	1	0	0	0	0	0	4	2	1	0	0	0	0	0	4	4	1	0	0	0	0	0	4	2	4	0	0	0	0	0	1	1	1	0	0	0	0	0	1	1	2	1	0	0	0	0	4	1	3	0	0	0	0	0	1	1	1	0	0	0	0	0	4	3	1	0	0	0	0	1	4	4	0	0	0	0	0	1	3	1	0	0	0	0	0	4	1	1	0	0	0	0	0	1	1	3	1	0	0	0	0	0	1	2	4	0	0	0	0	1	1	1	0	0	0	0	0	4	2	1	0	0	0	0	0	4	1	1	0	0	0	0	0	1	2	1	0	0	0	0	0	1	1	1	0	0	0	0	0	1	1	2	1	0	0	0	0	1	3	1	0	0	0	0	4	2	1	1	0	0	0	0	0	3	1	4	0	0	0	0	0	1	1	1	0	0	0	0	0	3	1	1	0	0	0	0	0	1	1	1	0	0	0	0	0	1	3	1	1	0	0	0	0	1	2	1	0	0	0	0	0	3	1	4	1	0	0	0	0	3	1	1	0	0	0	0	0	1	1	1	0	0	0	0	0	3	1	1	0	0	0	0	0	1	1	1	0	0	0	0	0	3	1	1	1	0	0	0	0	3	1	1	0	0	0	0	0	
DISTANCE_MATRIX
60	360	318	300	288	276	264	264	150	150	150	60	90	90	162	168	204	228	234	312	360	408	348	318	168	192	168	318	
360	60	264	318	324	342	342	342	348	348	354	360	372	378	378	420	420	480	462	498	462	462	384	420	372	420	378	378	
318	264	60	270	276	288	288	288	294	294	294	318	318	324	324	414	414	468	462	486	462	462	330	366	366	408	372	324	
300	318	270	60	276	288	288	288	288	288	288	300	300	312	318	408	408	468	462	486	438	438	318	360	360	402	360	312	
288	324	276	276	60	276	276	276	276	276	276	288	288	300	300	402	396	462	456	480	432	432	300	360	360	402	348	300	
276	342	288	288	276	60	180	180	252	258	264	264	264	288	288	390	390	456	450	480	432	432	288	348	348	348	288	288	
264	342	288	288	276	180	60	180	246	258	264	264	264	288	288	390	390	456	450	480	432	432	288	348	348	348	288	288	
264	342	288	288	276	180	180	60	240	258	264	264	264	288	288	390	390	456	450	480	432	432	288	348	348	348	288	288	
150	348	294	288	276	252	246	240	60	120	120	150	126	270	270	378	384	420	438	480	420	408	276	300	300	300	276	270	
150	348	294	288	276	258	258	258	120	60	120	150	150	270	270	378	384	420	438	480	420	408	276	300	300	300	276	270	
150	354	294	288	276	264	264	264	120	120	60	150	150	270	270	378	384	420	438	480	420	408	276	300	300	300	276	270	
60	360	318	300	288	264	264	264	150	150	150	60	90	162	168	228	234	312	360	408	348	318	168	192	192	198	168	162	
90	372	318	300	288	264	264	264	150	150	150	90	60	162	168	228	234	312	360	408	348	318	168	192	192	198	168	162	
90	378	324	312	300	288	288	288	270	270	270	162	162	60	120	180	180	306	210	360	300	300	120	180	120	180	120	234	
162	378	324	318	300	288	288	288	270	270	270	168	168	120	60	180	180	306	210	360	300	300	120	180	120	180	120	120	
168	420	414	408	402	348	348	348	300	300	300	228	228	180	180	60	132	204	132	348	258	258	186	60	180	132	222	180	
204	420	414	408	396	390	390	390	384	384	384	234	234	180	180	132	60	204	132	348	258	258	186	60	180	132	222	180	
228	480	468	468	462	456	456	456	420	420	420	312	312	306	306	204	204	60	198	120	240	240	306	204	306	138	306	306	
234	462	462	462	456	450	450	450	438	438	438	360	360	210	210	132	132	198	60	138	132	132	210	132	210	132	210	210	
312	498	486	486	480	480	480	480	480	480	480	408	408	360	360	348	348	120	138	60	348	348	360	348	360	348	360	360	
360	462	462	438	432	432	432	432	420	420	420	348	348	300	300	258	258	240	132	348	60	60	300	258	300	258	300	300	
408	462	462	438	432	432	432	432	408	408	408	318	318	300	300	258	258	240	132	348	60	60	300	258	300	258	300	300	
348	384	330	318	300	288	288	288	276	276	276	168	168	120	120	186	186	306	210	360	300	300	60	186	120	186	120	120	
318	420	366	360	360	348	348	348	300	300	300	192	192	180	180	60	60	204	132	348	258	258	186	60	180	60	180	180	
168	372	300	306	300	288	288	288	270	270	270	168	168	120	120	180	180	306	210	360	300	300	120	180	60	180	120	120	
192	420	408	402	402	348	348	348	300	300	300	198	198	180	180	132	132	138	132	348	258	258	186	60	180	60	180	180	
168	378	372	360	348	288	288	288	276	276	276	168	168	120	120	222	222	306	210	360	300	300	120	180	120	180	60	120	
318	378	324	312	300	288	288	288	270	270	270	162	162	234	120	180	180	306	210	360	300	300	120	180	120	180	120	60	
DEPOT_DISTANCE_MATRIX
60	360	318	300	288	276	264	264	150	150	150	60	90	90	162	168	204	228	234	312	360	408	348	318	168	192	168	318	
162	378	324	318	300	288	288	288	270	270	270	168	168	120	60	180	180	306	210	360	300	300	120	180	120	180	120	120	
318	420	366	360	360	348	348	348	300	300	300	192	192	180	180	60	60	204	132	348	258	258	186	60	180	60	180	180	
PATIENT_WEIGHT
67	64	77	30	133	64	143	103	45	128	88	137	86	74	148	110	103	85	132	109	38	69	30	99	40	132	68	100	36	33	90	116	40	100	71	73	149	103	136	135	31	142	134	149	61	63	61	56	117	53	37	51	88	61	88	129	127	49	67	122	139	79	52	57	40	107	92	137	45	125	124	67	116	97	38	128	115	141	89	108	78	70	111	51	55	117	91	68	74	148	71	60	91	38	144	41	114	46	128	147	146	105	72	87	43	97	50	71	146	83	50	133	109	110	122	61	40	117	102	69	140	85	137	41	105	139	145	136	111	93	39	101	139	52	34	33	54	55	138	42	141	31	76	38	111	48	51	105	67	54	123	77	85	50	134	53	60	72	68	127	143	150	39	96	34	99	68	71	71	127	103	83	128	52	98	70	35	106	114	71	44	66	144	70	144	51	97	97	85	127	73	113	112	90	50	137	92	124	143	47	127	57	138	95	125	139	108	32	85	96	95	68	78	138	115	68	39	56	54	36	85	69	32	127	33	81	137	117	31	112	34	82	36	99	69	89	79	34	103	108	145	141	38	118	111	99	128	46	136	77	76	68	138	50	105	108	45	137	65	121	116	78	62	90	150	42	136	121	73	127	32	114	58	39	150	118	75	107	146	119	40	39	75	63	119	110	66	137	50	54	82	83	118	146	35	59	66	93	94	137	63	54	63	143	52	57	76	44	87	112	58	85	68	69	139	61	64	137	98	143	138	81	104	119	123	128	109	68	62	79	58	79	56	65	46	117	115	140	55	120	111	132	82	69	102	92	53	144	107	144	89	73	100	121	33	30	118	67	32	101	59	66	74	111	118	83	68	100	64	82	40	34	51	109	63	92	100	112	52	119	93	110	107	50	120	117	92	144	86	100	90	113	124	45	54	132	107	50	136	120	65	140	108	122	91	39	90	125	43	65	37	129	145	125	150	50	87	53	146	42	141	149	64	52	84	63	46	132	48	38	141	82	80	40	76	45	77	61	89	134	30	63	63	120	49	148	36	65	107	133	132	99	74	39	78	53	96	74	134	61	98	50	89	144	95	131	139	95	133	35	147	79	75	111	92	86	130	102	34	128	94	109	67	46	41	138	73	99	112	134	85	49	144	144	67	60	102	135	119	150	143	104	148	97	150	74	133	42	92	90	129	112	107	41	130	108	87	110	113	75	111	62	142	101	69	102	36	47	131	75	150	113	150	148	52	44	43	36	60	99	83	71	44	150	54	64	136	123	60	49	90	110	109	49	91	96	119	117	150	125	62	114	96	101	31	38	87	98	118	64	116	42	35	65	139	69	35	129	85	55	82	37	67	95	133	139	54	41	43	96	52	58	121	46	126	76	128	77	103	106	119	98	120	37	36	128	121	139	33	39	139	61	126	111	48	111	75	105	145	40	140	106	52	39	135	43	95	114	42	95	89	41	31	128	94	115	92	104	86	72	43	150	73	122	120	41	80	64	148	127	146	109	131	126	32	77	81	50	150	91	78	133	69	69	77	33	146	100	76	115	40	145	70	60	53	93	120	71	35	67	129	47	34	109	90	72	149	84	126	61	150	110	138	103	47	95	81	119	90	133	98	146	110	83	63	100	59	76	99	53	85	111	69	36	123	127	44	117	34	113	95	133	145	43	102	38	34	138	133	123	117	122	133	148	111	34	132	73	78	64	128	78	144	90	85	146	53	145	142	98	53	59	62	88	43	140	52	111	130	139	68	85	87	131	44	131	84	52	150	59	66	47	135	91	134	113	91	116	31	134	145	78	109	52	105	36	47	127	148	36	63	41	130	123	88	72	39	132	31	47	150	
LOCATION_TURN_MATRIX
100	130	122	113	112	199	136	122	129	152	173	146	151	136	158	140	176	113	122	167	194	134	110	172	114	184	100	147	
170	100	154	188	164	169	136	136	152	170	104	183	155	115	101	104	155	187	174	115	149	134	178	168	114	135	168	102	
178	146	100	161	178	114	104	165	117	139	126	169	192	109	120	179	160	152	154	134	113	140	154	179	196	196	192	181	
187	112	139	100	158	114	195	181	104	132	195	106	183	169	132	170	140	136	172	148	116	110	123	136	151	120	176	169	
188	136	122	142	100	175	164	159	112	100	167	164	135	191	132	181	104	123	142	156	108	117	193	182	116	147	156	185	
101	131	186	186	125	100	190	147	164	150	137	102	145	176	185	131	113	108	117	186	118	151	140	178	154	189	172	110	
164	164	196	105	136	110	100	186	153	151	183	193	111	157	144	123	188	142	110	163	105	190	166	187	170	171	186	126	
178	164	135	119	141	153	114	100	106	130	108	103	151	178	122	151	130	133	184	177	110	141	166	110	122	174	191	197	
171	148	183	196	188	136	147	194	100	167	100	146	168	129	128	142	172	118	174	147	105	158	156	160	120	106	119	136	
148	130	161	168	200	150	149	170	133	100	177	106	175	116	188	180	176	194	108	146	130	187	183	173	128	141	169	176	
127	196	174	105	133	163	117	192	200	123	100	171	175	140	183	115	104	186	128	153	151	175	100	146	191	117	132	197	
154	117	131	194	136	198	107	197	154	194	129	100	136	184	140	147	172	184	148	131	103	156	185	200	152	158	154	143	
149	145	108	117	165	155	189	149	132	125	125	164	100	140	199	142	101	144	163	185	117	191	200	143	113	165	102	154	
164	185	191	131	109	124	143	122	171	184	160	116	160	100	109	116	196	113	131	186	166	139	183	175	144	161	105	170	
142	199	180	168	168	115	156	178	172	112	117	160	101	191	100	147	177	177	199	158	172	188	164	175	180	168	154	195	
160	196	121	130	119	169	177	149	158	120	185	153	158	184	153	100	152	159	197	157	181	159	102	123	168	200	124	186	
124	145	140	160	196	187	112	170	128	124	196	128	199	104	123	148	100	149	114	112	117	135	105	132	138	180	198	156	
187	113	148	164	177	192	158	167	182	106	114	116	156	187	123	141	151	100	166	132	168	163	159	123	129	173	161	116	
178	126	146	128	158	183	190	116	126	192	172	152	137	169	101	103	186	134	100	184	199	137	130	160	148	113	140	150	
133	185	166	152	144	114	137	123	153	154	147	169	115	114	142	143	188	168	116	100	111	195	128	157	191	164	141	171	
106	151	187	184	192	182	195	190	195	170	149	197	183	134	128	119	183	132	101	189	100	129	151	163	147	166	104	177	
166	166	160	190	183	149	110	159	142	113	125	144	109	161	112	141	165	137	163	105	171	100	101	185	169	129	103	197	
190	122	146	177	107	160	134	134	144	117	200	115	100	117	136	198	195	141	170	172	149	199	100	106	150	116	118	145	
128	132	121	164	118	122	113	190	140	127	154	100	157	125	125	177	168	177	140	143	137	115	194	100	128	167	115	155	
186	186	104	149	184	146	130	178	180	172	109	148	187	156	120	132	162	171	152	109	153	131	150	172	100	155	124	184	
116	165	104	180	153	111	129	126	194	159	183	142	135	139	132	100	120	127	187	136	134	171	184	133	145	100	129	192	
200	132	108	124	144	128	114	109	181	131	168	146	198	195	146	176	102	139	160	159	196	197	182	185	176	171	100	146	
153	198	119	131	115	190	174	103	164	124	103	157	146	130	105	114	144	184	150	129	123	103	155	145	116	108	154	100	

