INDEX_PROBLEM
1
PATIENTS
800
STRETCHERS
16
NUM_ROOM
28
NUM_DEPOTS
3
NUM_PRIORITY
4
PRIORITY_LIST
0	1	2	3	4	
PRIORITY_WEIGHT
0	1	10	18	30	
PRIORITY_JOB
0	1	1	2	2	3	3	1	3	2	2	3	3	1	2	3	2	3	3	4	1	2	2	3	4	3	3	1	2	2	3	2	3	3	4	1	1	2	3	3	3	3	4	1	2	2	3	3	4	4	1	1	2	2	3	2	4	1	1	3	1	2	2	3	1	1	3	4	1	2	2	3	3	1	1	3	1	2	2	3	1	3	3	4	1	2	2	3	3	1	3	1	1	2	3	2	4	3	4	1	2	2	3	3	2	1	4	1	1	2	2	2	2	3	3	4	4	1	2	2	3	2	1	3	1	2	2	3	1	1	3	1	2	2	3	3	4	3	1	1	2	2	3	3	2	1	4	1	1	2	3	3	3	4	1	4	1	2	2	3	3	2	4	1	1	2	2	3	2	4	1	1	4	1	2	2	3	2	3	1	2	2	3	3	2	3	1	1	4	1	2	2	3	1	3	1	2	2	3	3	1	3	1	4	1	2	2	3	1	3	3	4	1	2	2	3	3	3	1	4	1	1	2	2	2	2	3	4	1	2	2	3	3	4	3	1	1	1	2	2	3	2	3	4	1	2	2	3	3	2	1	1	1	2	2	3	3	1	4	1	2	2	3	3	3	1	1	4	1	2	2	3	3	2	4	1	1	2	2	3	3	3	1	1	4	1	2	2	3	2	1	3	1	1	2	2	3	4	1	1	3	4	1	2	2	1	3	3	3	1	2	2	3	2	1	3	4	1	2	2	2	3	3	3	4	1	2	2	3	3	1	3	4	1	1	2	1	2	2	3	4	1	2	2	3	3	4	1	3	1	1	2	2	2	3	3	1	2	2	3	3	3	1	1	4	1	2	2	3	1	3	4	1	2	2	3	2	1	1	3	1	2	2	3	3	2	4	1	1	2	2	3	3	3	1	1	4	1	2	2	3	2	3	4	1	1	1	2	1	3	1	2	3	3	1	2	2	1	3	3	4	1	2	1	4	2	2	3	3	1	2	2	2	3	3	3	4	1	2	2	3	3	1	3	3	4	1	1	1	2	2	2	3	4	1	2	2	3	1	3	3	1	1	2	2	1	2	3	3	4	1	2	2	3	1	3	3	1	2	2	1	1	3	3	4	1	2	2	2	1	3	3	1	3	2	2	2	2	3	4	1	1	2	3	3	2	1	1	3	4	1	2	1	1	2	3	3	4	1	1	3	1	1	2	2	3	3	1	1	4	2	2	3	3	1	2	2	1	2	3	3	4	1	2	3	2	2	3	3	4	1	3	4	1	2	2	3	3	4	1	2	1	1	2	3	3	4	1	3	1	2	2	3	3	1	1	1	2	2	3	3	1	2	3	1	1	2	3	3	4	1	1	2	2	3	3	1	2	2	2	2	1	3	3	4	1	2	1	2	2	3	3	4	1	1	3	4	2	1	3	3	4	1	2	1	2	3	3	1	1	2	3	4	1	1	2	3	3	1	2	1	2	3	3	4	1	2	2	3	1	1	2	3	3	1	2	1	2	3	3	4	1	2	3	3	1	2	3	3	4	1	2	1	1	2	3	3	4	1	2	4	1	2	3	3	1	1	1	1	2	2	3	3	1	2	2	2	1	3	3	4	1	2	2	1	2	3	3	1	2	2	3	3	1	3	4	1	2	2	1	2	3	3	4	1	1	2	3	3	3	1	3	4	1	2	2	1	3	3	1	1	2	2	4	2	1	1	3	3	1	2	2	1	1	3	3	1	2	2	1	2	1	1	3	3	4	1	2	1	1	2	3	3	4	1	2	1	1	2	2	3	3	1	1	1	1	1	2	3	3	4	1	1	1	2	2	3	3	4	2	2	
TIME_ASKED
0	28800	28800	28800	28800	28800	28800	28800	28800	28800	28800	28800	28800	28800	28800	28800	28800	29545	29574	29603	29632	29661	29690	29742	29784	29826	29868	29910	29952	29994	30029	30058	30087	30116	30145	30174	30203	30232	30261	30290	30329	30358	30387	30416	30445	30474	30503	30532	30561	30590	30621	30642	30663	30684	30705	30726	30747	30768	30789	30810	30831	30852	30873	30894	30949	30998	31047	31096	31145	31194	31227	31254	31281	31308	31335	31362	31389	31416	31443	31470	31497	31524	31548	31572	31596	31620	31644	31668	31692	31716	31740	31764	31788	31837	31874	31911	31948	31985	32022	32059	32096	32159	32218	32277	32336	32395	32419	32438	32457	32476	32495	32514	32533	32552	32571	32590	32609	32628	32647	32666	32685	32759	32818	32877	32936	32995	33027	33054	33081	33108	33135	33162	33189	33216	33243	33270	33297	33333	33366	33399	33432	33465	33498	33531	33564	33597	33616	33632	33648	33664	33680	33696	33712	33728	33744	33760	33776	33792	33808	33824	33840	33856	33872	33888	33933	33966	33999	34032	34065	34098	34131	34164	34197	34242	34284	34326	34368	34410	34452	34494	34533	34566	34599	34632	34665	34698	34731	34764	34797	34827	34854	34881	34908	34935	34962	34989	35016	35043	35070	35097	35137	35174	35211	35248	35285	35322	35359	35396	35433	35466	35499	35532	35565	35598	35631	35664	35697	35723	35746	35769	35792	35815	35838	35861	35884	35907	35930	35953	35976	35999	36023	36046	36069	36092	36115	36138	36161	36184	36207	36230	36253	36276	36299	36327	36354	36381	36408	36435	36462	36489	36516	36543	36570	36597	36619	36638	36657	36676	36695	36714	36733	36752	36771	36790	36809	36828	36847	36866	36885	36949	36998	37047	37096	37145	37194	37259	37318	37377	37436	37495	37549	37598	37647	37696	37745	37794	37827	37854	37881	37908	37935	37962	37989	38016	38043	38070	38097	38123	38146	38169	38192	38215	38238	38261	38284	38307	38330	38353	38376	38399	38419	38438	38457	38476	38495	38514	38533	38552	38571	38590	38609	38628	38647	38666	38685	38742	38784	38826	38868	38910	38952	38994	39029	39058	39087	39116	39145	39174	39203	39232	39261	39290	39349	39398	39447	39496	39545	39594	39633	39666	39699	39732	39765	39798	39831	39864	39897	39937	39974	40011	40048	40085	40122	40159	40196	40242	40284	40326	40368	40410	40452	40494	40542	40584	40626	40668	40710	40752	40794	40849	40898	40947	40996	41045	41094	41133	41166	41199	41232	41265	41298	41331	41364	41397	41423	41446	41469	41492	41515	41538	41561	41584	41607	41630	41653	41676	41699	41749	41798	41847	41896	41945	41994	42099	42198	42297	42342	42384	42426	42468	42510	42552	42594	42699	42798	42897	42923	42946	42969	42992	43015	43038	43061	43084	43107	43130	43153	43176	43199	43237	43274	43311	43348	43385	43422	43459	43496	43549	43598	43647	43696	43745	43794	43899	43998	44097	44159	44218	44277	44336	44395	44459	44518	44577	44636	44695	44799	44898	44997	45033	45066	45099	45132	45165	45198	45231	45264	45297	45337	45374	45411	45448	45485	45522	45559	45596	45637	45674	45711	45748	45785	45822	45859	45896	45959	46018	46077	46136	46195	46249	46298	46347	46396	46445	46494	46537	46574	46611	46648	46685	46722	46759	46796	46821	46842	46863	46884	46905	46926	46947	46968	46989	47010	47031	47052	47073	47094	47199	47298	47397	47437	47474	47511	47548	47585	47622	47659	47696	47737	47774	47811	47848	47885	47922	47959	47996	48049	48098	48147	48196	48245	48294	48324	48348	48372	48396	48420	48444	48468	48492	48516	48540	48564	48588	48627	48654	48681	48708	48735	48762	48789	48816	48843	48870	48897	48937	48974	49011	49048	49085	49122	49159	49196	49233	49266	49299	49332	49365	49398	49431	49464	49497	49537	49574	49611	49648	49685	49722	49759	49796	49827	49854	49881	49908	49935	49962	49989	50016	50043	50070	50097	50149	50198	50247	50296	50345	50394	50424	50448	50472	50496	50520	50544	50568	50592	50616	50640	50664	50688	50737	50774	50811	50848	50885	50922	50959	50996	51027	51054	51081	51108	51135	51162	51189	51216	51243	51270	51297	51324	51348	51372	51396	51420	51444	51468	51492	51516	51540	51564	51588	51637	51674	51711	51748	51785	51822	51859	51896	51933	51966	51999	52032	52065	52098	52131	52164	52197	52259	52318	52377	52436	52495	52517	52534	52551	52568	52585	52602	52619	52636	52653	52670	52687	52704	52721	52738	52755	52772	52789	52859	52918	52977	53036	53095	53137	53174	53211	53248	53285	53322	53359	53396	53459	53518	53577	53636	53695	53733	53766	53799	53832	53865	53898	53931	53964	53997	54027	54054	54081	54108	54135	54162	54189	54216	54243	54270	54297	54374	54448	54522	54596	54627	54654	54681	54708	54735	54762	54789	54816	54843	54870	54897	55049	55198	55237	55274	55311	55348	55385	55422	55459	55496	55574	55648	55722	55796	55827	55854	55881	55908	55935	55962	55989	56016	56043	56070	56097	56399	56499	56598	56697	56733	56766	56799	56832	56865	56898	56931	56964	56997	57049	57098	57147	57196	57245	57294	57359	57418	57477	57536	57595	
ORIGIN
0	16	6	27	19	7	27	25	14	14	23	10	2	23	12	11	14	14	3	23	14	14	14	16	14	14	16	7	27	20	7	2	14	9	1	23	11	2	2	13	14	14	2	3	24	14	14	14	27	6	27	18	7	27	20	8	23	14	17	2	23	12	2	14	5	5	23	14	4	24	11	1	11	11	25	27	19	8	9	14	14	1	23	11	2	23	14	13	2	14	2	24	14	4	26	7	5	1	18	7	27	20	14	1	23	8	8	23	12	2	23	14	1	23	14	4	24	15	4	23	16	23	3	14	3	27	23	14	12	14	10	2	23	12	2	16	16	2	27	14	4	26	20	8	14	14	7	27	20	8	1	8	2	3	23	27	27	23	4	14	14	27	4	24	15	4	26	16	1	27	26	14	2	22	8	26	26	26	2	23	12	2	23	27	14	26	14	14	14	16	5	14	14	27	27	20	8	27	23	14	26	23	20	2	23	13	2	14	27	26	27	14	4	26	16	14	27	14	14	2	14	8	1	14	14	23	27	12	2	23	14	3	23	14	14	14	11	27	14	23	23	16	10	8	27	23	9	1	3	3	3	2	14	14	2	10	16	1	1	4	26	16	1	26	16	3	26	4	26	14	23	2	6	2	2	2	23	13	3	23	2	10	11	14	14	1	14	14	14	1	2	27	23	8	1	22	22	14	14	14	2	14	14	3	14	14	27	26	16	5	26	26	7	23	23	14	14	14	9	3	14	2	14	23	13	2	23	14	3	14	14	14	1	7	7	3	27	14	23	2	8	1	23	10	2	14	11	2	26	26	14	14	19	8	19	15	5	26	26	7	19	4	2	3	14	14	3	14	20	27	27	13	2	23	7	3	20	14	1	7	14	14	27	14	14	10	2	8	1	23	10	1	23	12	27	14	14	14	27	14	14	4	15	27	26	16	15	1	22	3	14	14	14	3	3	20	20	14	14	2	23	14	3	23	14	27	27	7	14	1	1	14	7	7	2	2	23	10	1	27	24	2	3	14	14	27	14	27	27	11	14	20	16	6	27	19	7	23	2	23	3	23	17	14	26	20	26	23	14	3	23	14	27	4	7	11	1	25	14	23	26	2	2	23	9	26	23	11	2	27	27	27	14	14	14	2	14	20	20	16	5	27	18	7	27	14	4	14	14	17	2	23	27	27	27	14	3	23	14	4	1	14	1	1	14	6	4	19	14	14	11	9	1	23	11	2	2	27	14	27	14	14	15	14	14	14	4	1	26	17	7	27	24	14	3	14	14	2	27	20	2	4	2	3	23	14	4	24	15	23	25	14	14	3	26	23	14	4	2	1	23	10	2	14	4	12	22	14	27	15	15	27	27	27	27	26	16	7	27	14	2	26	14	3	20	23	11	2	2	26	2	23	14	3	24	14	4	14	14	14	26	26	7	14	14	14	14	23	10	2	23	12	26	15	14	27	27	14	27	11	9	23	26	14	7	27	19	8	2	2	2	16	16	11	2	1	1	27	16	14	3	24	14	4	14	14	26	26	14	7	27	26	14	3	23	10	1	23	12	2	23	15	4	14	14	14	24	11	23	1	16	6	27	19	7	27	12	1	20	20	20	2	23	14	27	26	14	3	23	14	4	8	7	23	14	16	7	27	20	14	4	2	9	1	23	11	2	23	13	26	27	14	4	24	15	1	1	5	6	27	18	7	27	21	14	14	14	10	2	23	2	15	11	14	3	23	14	4	8	12	25	3	25	7	27	20	14	14	13	9	1	23	11	2	14	14	4	14	14	3	24	14	1	1	7	5	27	18	7	27	20	8	23	14	2	1	23	12	2	7	1	
DESTINATION
0	14	17	2	22	23	2	14	5	3	27	14	14	27	11	12	25	25	14	4	26	20	9	14	25	9	16	20	2	14	13	14	4	14	14	27	15	14	27	7	5	5	27	14	2	26	8	8	23	17	2	27	20	2	14	14	1	16	6	14	27	11	14	25	14	14	3	26	14	2	12	14	12	12	14	2	22	14	14	16	16	14	27	15	14	27	20	7	14	9	14	1	26	14	3	13	14	23	27	20	2	14	4	14	27	14	14	27	11	14	1	8	23	27	26	14	2	14	14	26	14	26	23	3	23	2	27	1	11	1	14	14	27	11	14	14	14	27	23	1	14	3	14	14	2	5	20	2	14	14	14	14	27	26	1	18	18	1	14	1	1	23	14	2	14	14	3	14	14	23	14	4	24	2	14	23	23	23	14	27	11	14	1	23	16	3	10	2	10	14	14	2	16	2	2	14	14	2	27	16	3	1	7	27	1	7	14	1	2	3	23	26	14	3	14	2	2	2	4	24	4	14	14	16	1	27	2	11	14	1	25	14	3	1	2	2	12	23	2	27	27	14	14	14	2	27	14	14	26	14	26	27	20	8	27	14	14	23	23	14	3	14	14	3	14	26	14	14	14	4	27	14	17	14	14	14	1	7	14	3	27	14	12	2	2	23	2	3	3	14	14	2	26	14	14	19	19	8	10	8	27	8	25	14	1	3	2	3	14	14	3	14	20	27	1	4	4	16	14	26	16	14	1	1	7	14	1	1	14	10	2	2	23	13	13	23	2	10	27	14	14	14	27	14	14	4	15	27	23	23	8	1	22	14	22	14	14	3	14	20	22	14	27	26	16	5	26	26	7	23	23	7	14	1	20	14	7	2	14	13	2	2	2	2	3	14	14	14	14	27	14	14	27	11	23	2	8	1	23	26	2	14	11	23	3	14	11	14	19	26	15	5	5	26	26	7	7	4	26	14	1	25	14	27	26	2	2	13	2	23	23	3	20	20	27	27	27	14	14	18	2	14	14	8	1	23	10	23	23	12	4	14	14	17	2	22	23	27	14	27	26	27	6	1	3	7	14	1	25	14	4	26	2	14	20	12	23	14	3	27	14	27	27	27	14	14	27	15	14	2	2	23	10	26	1	24	2	14	14	14	14	2	27	20	2	4	14	20	16	6	27	7	23	23	23	25	14	3	26	14	23	26	23	23	3	17	23	22	4	4	12	14	14	27	15	14	27	2	26	23	26	26	11	2	2	26	14	14	3	9	20	2	2	20	26	16	5	27	18	7	27	14	14	14	3	26	14	2	14	27	14	3	3	23	14	1	15	14	14	14	27	14	14	9	14	11	19	1	23	11	11	2	2	2	2	3	16	20	2	1	14	14	1	26	7	27	15	27	24	3	14	1	26	14	2	26	14	2	2	3	14	14	20	15	15	4	15	27	14	14	27	11	23	14	4	23	23	26	23	12	14	1	3	20	20	2	22	14	27	27	27	16	16	15	27	14	14	23	14	26	14	1	26	14	4	2	14	14	3	20	2	14	4	26	27	14	14	27	11	14	1	14	14	2	10	2	2	12	26	14	14	17	2	22	23	2	11	23	14	7	7	14	27	8	2	3	25	14	5	26	14	14	13	27	16	16	20	2	14	4	14	14	14	14	27	20	14	1	7	3	23	1	14	2	14	23	23	14	17	2	27	23	2	7	1	1	16	14	14	27	27	14	12	25	14	4	26	14	14	11	14	26	14	20	2	14	8	8	7	14	14	27	15	14	4	2	14	2	9	14	1	26	23	23	13	14	2	27	20	2	14	14	27	5	27	14	27	11	14	21	14	
DUE_DATE
0	31147	31196	30525	30574	30143	30192	31447	30296	30825	30874	30443	30492	31727	31036	30585	31094	30643	30672	30161	31930	31239	31268	30840	30342	30924	30966	32208	31530	31572	31127	31636	31185	31214	30703	32472	32501	31810	31359	31388	31427	31456	30945	32714	32023	32052	31601	31630	31119	31148	32919	32940	32241	32262	31803	32304	31305	33066	33087	31908	33129	32430	32451	31992	33247	33296	32145	31654	33443	32772	32805	32352	32379	33606	33633	32460	33687	32994	33021	32568	33795	32622	32646	32130	33894	33198	33222	32766	32790	34014	32838	34062	34086	33415	32972	33489	32506	33083	32580	34357	33674	33737	33316	33375	33914	34693	32977	34736	34755	34054	34073	34092	34111	33650	33669	33148	33167	34926	34225	34244	33783	34337	35116	33975	35234	34573	34605	34152	35379	35406	34233	35460	34767	34794	34341	34368	33855	34431	35664	35697	35010	35043	34596	34629	35142	35895	34174	35930	35946	35242	34778	34794	34810	34286	36042	34318	36074	35370	35386	34922	34938	35434	34430	36186	36231	35544	35577	35130	35643	34656	36429	36462	34755	36540	35862	35904	35466	35988	35550	36792	36111	36144	35697	35730	36243	35796	37029	37062	35355	37125	36432	36459	36006	37233	36060	37287	36594	36621	36168	36195	37435	36272	37509	35806	37583	36900	36937	36494	37731	36564	36597	36090	37863	37176	37209	36762	36795	36821	38044	36327	38090	38113	37416	37439	37462	37485	37028	36511	38274	37577	37601	37144	37167	36650	37213	38436	38459	38482	37785	37808	37351	37854	37397	36885	38652	37959	37986	37533	37560	38067	38814	38841	38868	38175	38197	37736	37755	38974	37253	39012	38311	38330	37869	37888	37907	39126	39145	37424	39183	38527	38576	38145	38194	38723	37752	39557	39616	38955	39014	38593	38647	38696	39945	39994	38303	40092	39405	39432	38979	39486	40233	39060	40287	40314	39621	39648	39195	38681	40444	40467	39290	38773	40536	39839	39862	40605	39428	39451	39474	40697	39997	40016	39555	40054	40793	39612	39091	40850	40149	40168	40187	39726	39745	39764	39243	41040	40362	40404	39966	40008	41250	40092	39587	41356	41385	40694	41443	40752	40781	40330	39819	41588	40927	40976	40545	40594	40103	41892	40731	41964	41997	41310	41343	41376	40929	40962	42195	41515	41552	41109	41146	41183	42420	42457	40754	42540	41862	41904	41466	42708	41550	41052	42840	42162	42204	41766	42288	43050	43092	41947	43196	42525	42574	42143	42192	42711	41724	43497	43530	42843	42876	42429	42462	42495	43721	43744	42027	43790	43093	43116	42659	43162	42705	42188	43951	43974	43997	43327	44096	42945	44194	43523	43092	43197	44496	43875	43920	44682	43524	43566	43068	44850	44172	44997	43356	44475	44501	44044	44067	45290	44593	44616	44639	44182	44205	44228	43711	45474	44777	44815	44372	44409	45646	44483	44520	44017	45794	45847	45896	45225	45274	45323	44892	44457	46296	45675	45737	45316	46575	45434	45493	46757	46816	46155	46214	46993	46377	45996	46095	45591	47364	46677	46710	46263	47496	46329	46362	47595	46915	46952	47709	47746	46583	46620	46117	47894	47215	47252	47289	48046	46883	46920	48157	46994	47537	47596	47655	47714	47293	46807	48596	48645	47974	47543	47592	48115	48872	48909	47746	47243	49020	48337	49094	49119	48420	47961	47982	47463	49224	49245	48066	49287	49308	48609	48630	48171	48192	49497	49596	47955	49015	49052	48609	48646	49883	49200	49237	49994	49315	48872	48909	48406	50183	49500	49057	49574	49627	49196	49245	48754	50543	49392	48882	50646	49950	49974	49518	49542	49026	50790	50094	50838	50862	50166	49725	49752	49239	51006	49833	51060	50367	50394	49941	49968	51195	51235	51272	50589	50626	50183	50220	51457	50774	50331	51564	51597	50910	50463	50496	49989	51762	51795	51115	51152	50709	50746	51983	51300	51337	51374	51405	52152	50979	51006	50493	52260	51567	52314	51621	51648	51195	51247	50756	52545	52594	51443	50952	52002	52746	51570	51594	51078	52842	52146	52890	52194	51738	51762	52986	53035	52352	51909	51406	53183	53220	52537	52094	52125	53352	52659	53406	52713	52260	52287	51774	53541	52848	52875	52422	53646	53670	52974	52518	52542	53766	53070	53814	53118	52662	52686	52195	53972	53289	52846	52883	54120	53437	52994	53031	52524	54297	53610	54363	54396	53709	53262	53295	52817	54616	53955	52994	54793	54095	53632	53649	54866	54883	54900	54917	54214	54231	53768	53785	55002	54299	54316	54333	55070	53887	53957	53476	55275	54614	54673	55435	54752	54309	54346	55583	54900	54937	54494	54557	55816	54675	54194	55993	55311	55344	56097	55410	54963	54996	54489	56262	56295	55605	55152	55179	55206	56433	55260	54747	56514	55821	55848	56595	55472	55546	56820	56894	56205	56232	55239	56286	57033	57060	55887	55914	57141	56448	56475	57347	57496	56335	56372	57609	56926	56963	57720	57037	57794	57872	56746	56820	56354	58125	57432	58179	58206	57513	57060	57087	56574	58341	57648	58395	58697	58077	58176	57795	57831	59064	59097	59130	59163	59196	58509	58062	58095	57607	59396	59445	59494	58823	58872	58457	58516	58035	59114	59173	
TRANSPORT_MODE
0	2	2	4	4	4	4	2	0	4	4	4	4	4	2	0	2	1	4	4	4	4	2	0	0	4	4	4	4	4	4	0	0	2	4	4	4	4	4	0	0	2	4	4	4	4	4	2	0	4	4	4	4	4	4	0	0	3	3	4	4	4	4	4	0	0	2	1	1	4	4	4	0	3	3	4	4	4	4	4	0	0	2	1	4	1	4	4	0	3	4	4	1	4	4	0	0	2	4	4	4	4	1	4	0	3	4	4	1	4	4	0	0	0	2	2	4	4	1	4	4	0	3	4	4	4	4	4	0	0	2	2	4	4	4	4	4	0	3	4	4	4	4	4	0	0	2	4	4	4	4	4	0	0	3	4	4	4	1	1	4	0	2	4	4	4	4	4	0	0	3	3	4	1	1	4	4	0	2	4	1	4	4	4	0	0	3	3	4	1	4	1	4	0	2	4	4	4	4	1	0	0	3	4	1	4	4	4	0	0	4	2	1	4	1	4	4	0	3	4	4	4	4	4	0	0	4	2	2	1	4	1	4	0	0	3	1	4	1	4	4	0	2	2	4	4	4	4	4	0	0	3	1	4	4	1	1	0	2	1	4	4	4	1	0	0	3	4	1	4	4	4	1	0	2	1	4	4	4	4	0	0	3	3	4	1	4	1	4	0	0	2	1	4	4	4	4	0	3	3	1	1	4	4	1	0	0	2	1	4	4	4	4	0	3	4	4	4	1	4	0	0	2	1	1	1	1	4	1	0	3	4	4	1	1	4	0	0	2	2	4	4	4	4	1	0	0	3	4	4	1	1	4	0	2	2	4	4	1	1	1	0	0	3	1	4	1	4	4	0	2	4	4	1	1	4	0	0	3	4	1	4	4	4	2	0	1	1	1	1	4	1	0	0	3	3	1	4	4	4	2	0	1	1	1	1	0	4	3	0	3	4	4	1	4	4	2	0	1	1	4	1	4	3	0	0	1	4	4	1	1	1	0	0	2	1	1	4	4	4	0	0	3	1	1	1	4	4	0	0	2	2	4	4	1	1	4	0	3	1	1	1	1	1	0	0	2	2	1	1	4	4	4	0	3	1	1	4	1	1	0	0	2	4	4	1	4	4	0	3	4	1	1	1	1	0	0	2	1	4	1	1	4	0	0	1	3	3	1	1	1	1	0	0	2	4	4	1	1	4	0	3	3	1	4	4	4	1	0	0	2	1	4	1	1	4	0	3	1	1	1	1	1	0	0	2	1	1	4	1	4	0	0	3	1	1	1	4	1	0	0	1	2	4	4	4	1	1	0	3	4	1	1	1	1	0	2	2	1	1	1	1	4	0	0	3	4	1	1	1	1	0	2	2	1	4	1	1	1	0	0	3	4	4	1	4	1	0	0	1	2	1	1	1	1	0	0	4	3	1	4	1	1	1	0	1	2	1	1	4	1	0	0	3	3	1	1	4	1	4	0	2	1	1	1	1	1	0	0	3	3	1	1	1	4	1	0	2	1	1	1	1	1	0	0	3	1	1	4	1	4	0	0	1	2	1	1	1	4	1	0	3	1	1	1	1	1	0	0	2	2	4	1	1	1	1	0	3	1	1	1	1	1	0	0	2	2	4	1	1	1	1	0	3	1	1	4	1	1	0	0	2	1	1	1	4	1	0	0	1	3	1	1	1	1	1	0	2	1	1	4	1	1	0	0	3	3	1	1	1	1	1	0	3	1	1	1	1	1	0	0	3	3	1	1	1	1	1	0	3	1	1	1	1	1	0	0	3	1	4	1	1	1	0	0	3	1	1	1	1	1	1	0	3	1	1	1	1	1	0	0	
DISTANCE_MATRIX
60	360	318	300	288	276	264	264	150	150	150	60	90	90	162	168	204	228	234	312	360	408	348	318	168	192	168	318	
360	60	264	318	324	342	342	342	348	348	354	360	372	378	378	420	420	480	462	498	462	462	384	420	372	420	378	378	
318	264	60	270	276	288	288	288	294	294	294	318	318	324	324	414	414	468	462	486	462	462	330	366	366	408	372	324	
300	318	270	60	276	288	288	288	288	288	288	300	300	312	318	408	408	468	462	486	438	438	318	360	360	402	360	312	
288	324	276	276	60	276	276	276	276	276	276	288	288	300	300	402	396	462	456	480	432	432	300	360	360	402	348	300	
276	342	288	288	276	60	180	180	252	258	264	264	264	288	288	390	390	456	450	480	432	432	288	348	348	348	288	288	
264	342	288	288	276	180	60	180	246	258	264	264	264	288	288	390	390	456	450	480	432	432	288	348	348	348	288	288	
264	342	288	288	276	180	180	60	240	258	264	264	264	288	288	390	390	456	450	480	432	432	288	348	348	348	288	288	
150	348	294	288	276	252	246	240	60	120	120	150	126	270	270	378	384	420	438	480	420	408	276	300	300	300	276	270	
150	348	294	288	276	258	258	258	120	60	120	150	150	270	270	378	384	420	438	480	420	408	276	300	300	300	276	270	
150	354	294	288	276	264	264	264	120	120	60	150	150	270	270	378	384	420	438	480	420	408	276	300	300	300	276	270	
60	360	318	300	288	264	264	264	150	150	150	60	90	162	168	228	234	312	360	408	348	318	168	192	192	198	168	162	
90	372	318	300	288	264	264	264	150	150	150	90	60	162	168	228	234	312	360	408	348	318	168	192	192	198	168	162	
90	378	324	312	300	288	288	288	270	270	270	162	162	60	120	180	180	306	210	360	300	300	120	180	120	180	120	234	
162	378	324	318	300	288	288	288	270	270	270	168	168	120	60	180	180	306	210	360	300	300	120	180	120	180	120	120	
168	420	414	408	402	348	348	348	300	300	300	228	228	180	180	60	132	204	132	348	258	258	186	60	180	132	222	180	
204	420	414	408	396	390	390	390	384	384	384	234	234	180	180	132	60	204	132	348	258	258	186	60	180	132	222	180	
228	480	468	468	462	456	456	456	420	420	420	312	312	306	306	204	204	60	198	120	240	240	306	204	306	138	306	306	
234	462	462	462	456	450	450	450	438	438	438	360	360	210	210	132	132	198	60	138	132	132	210	132	210	132	210	210	
312	498	486	486	480	480	480	480	480	480	480	408	408	360	360	348	348	120	138	60	348	348	360	348	360	348	360	360	
360	462	462	438	432	432	432	432	420	420	420	348	348	300	300	258	258	240	132	348	60	60	300	258	300	258	300	300	
408	462	462	438	432	432	432	432	408	408	408	318	318	300	300	258	258	240	132	348	60	60	300	258	300	258	300	300	
348	384	330	318	300	288	288	288	276	276	276	168	168	120	120	186	186	306	210	360	300	300	60	186	120	186	120	120	
318	420	366	360	360	348	348	348	300	300	300	192	192	180	180	60	60	204	132	348	258	258	186	60	180	60	180	180	
168	372	300	306	300	288	288	288	270	270	270	168	168	120	120	180	180	306	210	360	300	300	120	180	60	180	120	120	
192	420	408	402	402	348	348	348	300	300	300	198	198	180	180	132	132	138	132	348	258	258	186	60	180	60	180	180	
168	378	372	360	348	288	288	288	276	276	276	168	168	120	120	222	222	306	210	360	300	300	120	180	120	180	60	120	
318	378	324	312	300	288	288	288	270	270	270	162	162	234	120	180	180	306	210	360	300	300	120	180	120	180	120	60	
DEPOT_DISTANCE_MATRIX
60	360	318	300	288	276	264	264	150	150	150	60	90	90	162	168	204	228	234	312	360	408	348	318	168	192	168	318	
162	378	324	318	300	288	288	288	270	270	270	168	168	120	60	180	180	306	210	360	300	300	120	180	120	180	120	120	
318	420	366	360	360	348	348	348	300	300	300	192	192	180	180	60	60	204	132	348	258	258	186	60	180	60	180	180	
PATIENT_WEIGHT
36	129	93	69	30	123	131	148	46	114	114	99	43	73	112	140	140	43	114	33	123	118	106	66	120	125	54	142	117	122	82	64	118	68	130	86	139	141	70	88	32	123	52	105	115	103	142	108	83	38	131	142	103	84	106	37	103	104	72	47	102	133	139	43	66	101	121	45	74	114	116	30	80	113	78	112	145	100	133	123	37	121	39	133	103	143	112	38	77	107	144	106	31	45	48	149	113	63	113	40	149	140	70	42	128	145	49	68	68	34	133	144	100	83	112	57	56	135	74	36	116	54	140	123	147	80	124	128	70	105	145	56	148	80	69	62	41	121	141	79	91	145	80	139	134	77	121	105	45	149	117	94	66	115	100	127	64	129	150	133	97	31	120	133	130	131	150	96	103	106	131	90	136	44	53	142	55	35	52	49	134	116	34	127	55	134	128	109	124	82	35	48	90	38	48	137	80	120	143	30	115	72	62	144	90	106	97	33	116	147	70	79	93	65	67	150	126	63	74	90	82	64	138	75	108	36	51	101	107	106	54	32	69	138	36	103	30	109	46	64	136	119	83	68	82	33	61	84	116	83	137	47	71	120	96	97	43	106	51	97	145	42	44	92	77	31	105	52	104	93	110	118	115	94	85	69	61	86	137	70	136	137	42	46	136	128	30	123	111	107	96	83	104	64	94	33	83	40	125	108	150	107	65	105	60	44	93	91	128	74	42	64	120	68	62	101	73	35	54	150	102	66	53	33	81	139	49	92	70	76	122	36	58	127	44	89	131	59	91	62	148	129	86	64	49	146	99	136	41	43	141	53	71	86	63	55	46	55	140	90	102	112	109	47	137	108	70	74	33	125	107	41	119	144	140	55	149	104	87	43	126	140	54	123	35	48	118	66	44	98	50	132	70	147	89	136	144	141	65	105	82	81	46	132	108	102	57	133	108	105	101	145	148	108	52	59	61	101	54	59	40	34	38	41	34	137	116	49	111	131	78	150	59	53	66	54	42	150	74	33	65	95	55	124	103	97	94	44	66	141	145	149	139	80	127	94	103	150	77	106	83	42	90	93	132	96	88	97	140	77	68	108	46	76	55	82	119	92	72	95	127	77	63	37	141	120	128	49	94	48	148	61	112	117	68	67	117	94	59	52	90	41	34	118	101	101	73	146	80	118	39	52	97	110	99	142	78	55	55	64	101	49	95	98	116	71	137	85	59	63	113	34	75	110	74	112	60	86	134	34	76	81	106	48	123	133	139	85	69	49	80	63	115	59	133	140	112	137	116	48	37	103	140	44	125	90	135	106	121	88	36	93	90	42	31	46	96	112	47	111	32	63	123	133	102	147	61	142	36	40	49	134	68	126	78	32	110	58	102	57	54	98	111	133	144	129	115	72	112	74	111	118	46	52	148	126	137	148	96	150	137	121	92	85	82	81	102	123	60	78	94	50	122	128	53	129	40	118	122	60	137	46	120	85	61	82	149	130	41	85	128	118	91	64	104	34	68	51	41	101	112	34	52	130	118	90	75	34	70	90	94	102	116	110	71	67	116	43	65	38	67	47	53	149	39	85	126	135	61	144	81	115	108	56	71	39	73	84	60	50	120	111	92	94	62	73	32	117	48	110	56	139	40	94	122	138	34	110	83	139	93	125	140	108	121	44	54	110	55	48	46	120	32	72	150	122	30	117	114	122	141	128	45	108	79	101	63	77	76	64	68	135	114	130	142	30	81	99	74	80	101	102	119	93	134	89	112	105	122	36	44	37	135	65	135	78	41	40	33	51	95	32	90	70	136	90	43	100	56	76	37	47	57	46	83	79	38	48	65	47	49	
LOCATION_TURN_MATRIX
100	130	122	113	112	199	136	122	129	152	173	146	151	136	158	140	176	113	122	167	194	134	110	172	114	184	100	147	
170	100	154	188	164	169	136	136	152	170	104	183	155	115	101	104	155	187	174	115	149	134	178	168	114	135	168	102	
178	146	100	161	178	114	104	165	117	139	126	169	192	109	120	179	160	152	154	134	113	140	154	179	196	196	192	181	
187	112	139	100	158	114	195	181	104	132	195	106	183	169	132	170	140	136	172	148	116	110	123	136	151	120	176	169	
188	136	122	142	100	175	164	159	112	100	167	164	135	191	132	181	104	123	142	156	108	117	193	182	116	147	156	185	
101	131	186	186	125	100	190	147	164	150	137	102	145	176	185	131	113	108	117	186	118	151	140	178	154	189	172	110	
164	164	196	105	136	110	100	186	153	151	183	193	111	157	144	123	188	142	110	163	105	190	166	187	170	171	186	126	
178	164	135	119	141	153	114	100	106	130	108	103	151	178	122	151	130	133	184	177	110	141	166	110	122	174	191	197	
171	148	183	196	188	136	147	194	100	167	100	146	168	129	128	142	172	118	174	147	105	158	156	160	120	106	119	136	
148	130	161	168	200	150	149	170	133	100	177	106	175	116	188	180	176	194	108	146	130	187	183	173	128	141	169	176	
127	196	174	105	133	163	117	192	200	123	100	171	175	140	183	115	104	186	128	153	151	175	100	146	191	117	132	197	
154	117	131	194	136	198	107	197	154	194	129	100	136	184	140	147	172	184	148	131	103	156	185	200	152	158	154	143	
149	145	108	117	165	155	189	149	132	125	125	164	100	140	199	142	101	144	163	185	117	191	200	143	113	165	102	154	
164	185	191	131	109	124	143	122	171	184	160	116	160	100	109	116	196	113	131	186	166	139	183	175	144	161	105	170	
142	199	180	168	168	115	156	178	172	112	117	160	101	191	100	147	177	177	199	158	172	188	164	175	180	168	154	195	
160	196	121	130	119	169	177	149	158	120	185	153	158	184	153	100	152	159	197	157	181	159	102	123	168	200	124	186	
124	145	140	160	196	187	112	170	128	124	196	128	199	104	123	148	100	149	114	112	117	135	105	132	138	180	198	156	
187	113	148	164	177	192	158	167	182	106	114	116	156	187	123	141	151	100	166	132	168	163	159	123	129	173	161	116	
178	126	146	128	158	183	190	116	126	192	172	152	137	169	101	103	186	134	100	184	199	137	130	160	148	113	140	150	
133	185	166	152	144	114	137	123	153	154	147	169	115	114	142	143	188	168	116	100	111	195	128	157	191	164	141	171	
106	151	187	184	192	182	195	190	195	170	149	197	183	134	128	119	183	132	101	189	100	129	151	163	147	166	104	177	
166	166	160	190	183	149	110	159	142	113	125	144	109	161	112	141	165	137	163	105	171	100	101	185	169	129	103	197	
190	122	146	177	107	160	134	134	144	117	200	115	100	117	136	198	195	141	170	172	149	199	100	106	150	116	118	145	
128	132	121	164	118	122	113	190	140	127	154	100	157	125	125	177	168	177	140	143	137	115	194	100	128	167	115	155	
186	186	104	149	184	146	130	178	180	172	109	148	187	156	120	132	162	171	152	109	153	131	150	172	100	155	124	184	
116	165	104	180	153	111	129	126	194	159	183	142	135	139	132	100	120	127	187	136	134	171	184	133	145	100	129	192	
200	132	108	124	144	128	114	109	181	131	168	146	198	195	146	176	102	139	160	159	196	197	182	185	176	171	100	146	
153	198	119	131	115	190	174	103	164	124	103	157	146	130	105	114	144	184	150	129	123	103	155	145	116	108	154	100	

