INDEX_PROBLEM
1
PATIENTS
800
STRETCHERS
16
NUM_ROOM
28
NUM_DEPOTS
3
NUM_PRIORITY
4
PRIORITY_LIST
0	1	2	3	4	
PRIORITY_WEIGHT
0	1	10	18	30	
PRIORITY_JOB
0	1	2	3	3	4	4	1	3	2	3	4	4	1	2	4	2	3	4	4	1	2	3	4	4	3	4	4	2	2	3	4	4	4	1	2	3	3	4	4	3	4	2	2	3	4	4	4	3	4	1	2	3	3	4	4	4	1	4	1	2	3	4	4	2	1	2	2	3	4	1	4	3	1	4	2	1	3	4	4	2	4	2	2	3	4	1	4	3	1	4	4	1	2	3	3	1	4	2	2	3	4	4	4	4	1	4	1	2	3	3	2	1	4	4	1	2	3	4	4	4	4	1	1	2	2	3	4	3	4	4	1	2	3	4	1	3	4	1	2	2	3	4	2	2	4	4	1	2	3	3	1	3	1	4	3	2	2	4	4	2	1	4	1	2	3	3	4	4	4	1	4	1	2	3	4	4	2	4	1	2	2	3	1	4	1	4	4	1	2	3	4	2	4	4	1	2	2	3	1	3	1	4	4	4	1	2	3	3	3	3	4	4	2	2	3	4	4	1	4	4	1	2	3	1	1	3	4	4	1	2	3	4	4	1	4	4	1	2	3	2	3	4	4	1	2	3	1	4	2	4	4	1	2	2	3	2	4	4	4	1	2	3	1	3	1	3	4	2	2	3	4	3	1	4	4	1	2	3	3	3	4	1	4	4	1	2	3	4	2	4	1	2	3	3	1	4	1	4	4	4	1	2	3	2	4	4	4	1	2	2	1	4	1	3	4	4	3	1	2	2	3	4	3	4	2	2	1	3	4	3	4	4	4	1	2	1	2	3	3	4	4	1	2	4	4	1	3	4	4	1	2	1	3	3	4	4	1	2	1	4	3	4	4	4	1	2	2	2	2	3	4	4	1	2	1	3	1	3	3	4	4	2	2	3	3	4	4	4	1	2	3	1	1	3	3	4	2	2	3	2	3	4	4	4	1	2	4	1	1	1	3	3	4	4	1	2	2	3	4	4	1	2	4	4	1	1	2	3	4	4	4	1	1	2	3	3	4	2	3	4	1	2	3	4	4	4	3	3	1	2	3	3	4	4	4	4	2	1	2	3	4	4	1	1	2	3	3	4	4	1	4	2	1	2	3	4	4	1	2	4	2	2	3	4	4	1	3	1	1	2	3	3	4	4	1	2	2	3	4	4	1	2	3	3	3	1	3	4	4	2	2	1	2	3	4	4	1	2	4	4	3	1	3	4	4	1	2	1	3	4	4	4	1	2	4	1	1	2	3	4	4	1	2	3	2	3	3	4	4	2	3	4	1	1	2	3	4	4	1	1	4	2	4	3	3	4	2	4	3	2	1	3	4	4	1	3	2	3	3	4	4	4	1	4	1	2	3	4	4	1	1	2	2	2	3	4	4	1	2	3	1	3	3	4	4	2	1	2	2	3	4	4	4	1	2	4	1	3	1	3	4	2	2	2	1	3	4	4	1	2	3	4	3	1	4	4	2	1	4	2	3	4	4	1	2	2	4	4	1	1	3	4	4	1	2	1	3	3	4	4	2	2	3	4	1	1	3	4	4	1	2	3	4	3	3	4	4	2	2	4	3	3	1	4	4	1	2	1	3	3	4	4	1	2	3	4	1	4	4	4	1	2	2	1	2	3	4	4	1	2	3	4	1	3	4	2	2	4	2	1	3	4	4	1	2	3	3	4	1	1	4	4	2	2	3	3	1	4	4	1	2	3	3	4	1	4	4	1	2	3	4	2	1	4	1	2	2	1	1	1	3	4	4	4	1	1	1	2	2	3	3	4	2	1	2	1	1	2	3	4	4	4	1	2	1	2	3	3	4	4	2	1	1	2	2	3	4	4	2	1	
TIME_ASKED
0	28800	28800	28800	28800	28800	28800	28800	28800	28800	28800	28800	28800	28800	28800	28800	28800	29545	29574	29603	29632	29661	29690	29742	29784	29826	29868	29910	29952	29994	30029	30058	30087	30116	30145	30174	30203	30232	30261	30290	30329	30358	30387	30416	30445	30474	30503	30532	30561	30590	30621	30642	30663	30684	30705	30726	30747	30768	30789	30810	30831	30852	30873	30894	30949	30998	31047	31096	31145	31194	31227	31254	31281	31308	31335	31362	31389	31416	31443	31470	31497	31524	31548	31572	31596	31620	31644	31668	31692	31716	31740	31764	31788	31837	31874	31911	31948	31985	32022	32059	32096	32159	32218	32277	32336	32395	32419	32438	32457	32476	32495	32514	32533	32552	32571	32590	32609	32628	32647	32666	32685	32759	32818	32877	32936	32995	33027	33054	33081	33108	33135	33162	33189	33216	33243	33270	33297	33333	33366	33399	33432	33465	33498	33531	33564	33597	33616	33632	33648	33664	33680	33696	33712	33728	33744	33760	33776	33792	33808	33824	33840	33856	33872	33888	33933	33966	33999	34032	34065	34098	34131	34164	34197	34242	34284	34326	34368	34410	34452	34494	34533	34566	34599	34632	34665	34698	34731	34764	34797	34827	34854	34881	34908	34935	34962	34989	35016	35043	35070	35097	35137	35174	35211	35248	35285	35322	35359	35396	35433	35466	35499	35532	35565	35598	35631	35664	35697	35723	35746	35769	35792	35815	35838	35861	35884	35907	35930	35953	35976	35999	36023	36046	36069	36092	36115	36138	36161	36184	36207	36230	36253	36276	36299	36327	36354	36381	36408	36435	36462	36489	36516	36543	36570	36597	36619	36638	36657	36676	36695	36714	36733	36752	36771	36790	36809	36828	36847	36866	36885	36949	36998	37047	37096	37145	37194	37259	37318	37377	37436	37495	37549	37598	37647	37696	37745	37794	37827	37854	37881	37908	37935	37962	37989	38016	38043	38070	38097	38123	38146	38169	38192	38215	38238	38261	38284	38307	38330	38353	38376	38399	38419	38438	38457	38476	38495	38514	38533	38552	38571	38590	38609	38628	38647	38666	38685	38742	38784	38826	38868	38910	38952	38994	39029	39058	39087	39116	39145	39174	39203	39232	39261	39290	39349	39398	39447	39496	39545	39594	39633	39666	39699	39732	39765	39798	39831	39864	39897	39937	39974	40011	40048	40085	40122	40159	40196	40242	40284	40326	40368	40410	40452	40494	40542	40584	40626	40668	40710	40752	40794	40849	40898	40947	40996	41045	41094	41133	41166	41199	41232	41265	41298	41331	41364	41397	41423	41446	41469	41492	41515	41538	41561	41584	41607	41630	41653	41676	41699	41749	41798	41847	41896	41945	41994	42099	42198	42297	42342	42384	42426	42468	42510	42552	42594	42699	42798	42897	42923	42946	42969	42992	43015	43038	43061	43084	43107	43130	43153	43176	43199	43237	43274	43311	43348	43385	43422	43459	43496	43549	43598	43647	43696	43745	43794	43899	43998	44097	44159	44218	44277	44336	44395	44459	44518	44577	44636	44695	44799	44898	44997	45033	45066	45099	45132	45165	45198	45231	45264	45297	45337	45374	45411	45448	45485	45522	45559	45596	45637	45674	45711	45748	45785	45822	45859	45896	45959	46018	46077	46136	46195	46249	46298	46347	46396	46445	46494	46537	46574	46611	46648	46685	46722	46759	46796	46821	46842	46863	46884	46905	46926	46947	46968	46989	47010	47031	47052	47073	47094	47199	47298	47397	47437	47474	47511	47548	47585	47622	47659	47696	47737	47774	47811	47848	47885	47922	47959	47996	48049	48098	48147	48196	48245	48294	48324	48348	48372	48396	48420	48444	48468	48492	48516	48540	48564	48588	48627	48654	48681	48708	48735	48762	48789	48816	48843	48870	48897	48937	48974	49011	49048	49085	49122	49159	49196	49233	49266	49299	49332	49365	49398	49431	49464	49497	49537	49574	49611	49648	49685	49722	49759	49796	49827	49854	49881	49908	49935	49962	49989	50016	50043	50070	50097	50149	50198	50247	50296	50345	50394	50424	50448	50472	50496	50520	50544	50568	50592	50616	50640	50664	50688	50737	50774	50811	50848	50885	50922	50959	50996	51027	51054	51081	51108	51135	51162	51189	51216	51243	51270	51297	51324	51348	51372	51396	51420	51444	51468	51492	51516	51540	51564	51588	51637	51674	51711	51748	51785	51822	51859	51896	51933	51966	51999	52032	52065	52098	52131	52164	52197	52259	52318	52377	52436	52495	52517	52534	52551	52568	52585	52602	52619	52636	52653	52670	52687	52704	52721	52738	52755	52772	52789	52859	52918	52977	53036	53095	53137	53174	53211	53248	53285	53322	53359	53396	53459	53518	53577	53636	53695	53733	53766	53799	53832	53865	53898	53931	53964	53997	54027	54054	54081	54108	54135	54162	54189	54216	54243	54270	54297	54374	54448	54522	54596	54627	54654	54681	54708	54735	54762	54789	54816	54843	54870	54897	55049	55198	55237	55274	55311	55348	55385	55422	55459	55496	55574	55648	55722	55796	55827	55854	55881	55908	55935	55962	55989	56016	56043	56070	56097	56399	56499	56598	56697	56733	56766	56799	56832	56865	56898	56931	56964	56997	57049	57098	57147	57196	57245	57294	57359	57418	57477	57536	57595	
ORIGIN
0	16	6	27	19	7	27	25	14	14	23	10	2	23	11	26	14	14	3	23	1	14	27	14	13	14	16	7	27	20	9	4	23	9	1	23	11	4	14	12	23	14	2	3	24	14	14	14	26	6	27	18	7	27	20	8	14	14	17	2	23	12	2	14	4	5	23	14	4	24	12	14	12	25	25	27	19	8	9	9	9	14	23	11	2	14	14	14	14	27	14	24	14	4	5	11	11	27	18	7	27	20	8	14	16	8	8	17	12	2	14	14	20	14	14	4	24	15	4	27	16	27	25	26	3	27	23	26	26	26	10	2	23	14	2	14	14	1	27	26	27	26	20	9	16	14	14	27	20	14	3	12	2	11	23	27	27	23	14	26	26	14	27	24	15	4	23	16	14	14	4	14	2	2	8	2	2	14	14	23	12	2	23	14	14	14	14	14	14	27	14	14	9	23	9	20	8	27	3	14	5	5	4	2	14	13	26	26	27	5	12	14	4	26	14	8	23	8	23	2	23	14	14	14	25	16	23	25	2	23	14	3	14	2	2	2	11	27	14	23	16	16	10	8	27	23	14	2	11	1	11	14	14	14	2	20	14	20	20	7	26	16	23	3	14	14	26	27	26	14	3	14	27	14	14	27	23	13	3	23	27	20	1	14	14	1	14	14	14	14	15	5	23	8	1	27	14	14	14	14	2	14	1	4	12	9	9	27	16	5	26	14	14	14	14	20	20	14	14	14	9	26	1	27	13	2	23	8	3	14	8	23	1	7	7	3	23	14	14	15	8	1	23	10	27	23	3	14	26	26	14	14	2	11	2	2	5	26	7	14	2	27	14	23	14	14	3	20	3	14	14	4	2	23	1	1	20	14	23	7	14	14	1	14	14	2	4	2	1	23	10	1	2	26	26	14	14	14	27	2	27	27	13	4	27	26	13	11	2	12	14	14	14	3	3	3	14	23	13	14	23	14	3	5	26	26	5	14	14	1	1	3	14	14	1	1	23	10	1	14	7	14	3	27	14	27	14	14	3	27	23	27	16	6	27	19	7	14	7	14	2	3	27	12	26	20	7	3	14	3	23	14	14	27	14	2	1	25	14	14	3	20	20	27	9	3	16	11	3	20	23	27	14	14	14	2	2	27	27	2	5	27	18	7	13	2	2	2	14	17	2	22	23	4	4	2	3	23	14	4	26	13	14	26	14	14	4	26	26	27	14	2	1	23	11	2	26	14	26	23	26	26	15	15	14	26	27	13	26	17	7	27	7	14	23	14	14	2	27	20	20	14	14	14	23	14	4	23	15	14	14	14	14	3	26	3	14	23	2	1	23	10	2	14	23	23	14	14	27	15	15	14	26	3	3	26	16	7	27	7	26	3	7	3	20	20	2	2	13	2	4	23	14	3	24	14	4	3	2	4	26	26	14	14	14	4	14	4	10	2	23	12	23	2	14	27	27	14	9	27	27	26	4	1	7	26	19	2	14	26	26	16	16	11	2	13	14	3	14	14	3	24	14	4	14	14	14	26	14	7	27	26	14	4	11	10	1	23	12	2	23	15	2	14	14	14	24	11	27	1	16	6	27	19	7	27	23	3	14	20	20	2	23	14	26	26	14	3	23	14	14	27	13	26	16	14	7	27	20	14	2	4	9	1	23	4	16	23	12	14	12	14	27	24	15	1	1	14	6	27	18	7	27	14	14	14	14	10	2	23	2	14	27	14	3	23	14	4	3	14	25	3	25	7	27	20	2	7	7	9	1	23	11	2	14	14	27	14	14	3	24	14	1	1	11	5	27	18	7	27	20	8	14	17	2	1	23	12	2	1	1	
DESTINATION
0	14	17	2	22	23	2	14	4	3	27	14	14	27	12	14	25	25	14	4	23	20	2	9	7	9	16	20	2	14	14	14	27	14	14	27	15	14	5	11	27	5	27	14	2	26	8	8	14	17	2	27	20	2	14	14	20	16	6	14	27	11	14	25	14	14	3	26	14	2	11	26	11	14	14	2	22	14	14	14	14	26	27	15	14	20	9	9	16	23	16	1	26	14	14	12	12	23	27	20	2	14	14	26	14	14	14	6	11	14	20	8	14	4	26	14	2	14	14	2	14	2	14	14	23	2	27	14	14	14	14	14	27	8	14	9	9	23	23	14	23	3	14	14	14	5	4	2	14	4	26	11	27	12	27	18	18	1	8	14	14	16	23	2	14	14	1	14	25	16	14	4	24	24	14	27	27	16	2	27	11	14	1	26	16	26	10	2	10	23	2	2	14	1	14	14	14	2	26	20	14	14	14	27	20	7	3	3	2	14	11	26	14	3	4	14	27	14	27	24	27	15	16	16	14	14	1	14	14	1	25	14	4	14	14	14	12	23	2	27	14	14	14	14	2	27	1	14	12	23	12	9	20	8	27	14	5	14	14	20	3	14	1	26	9	5	14	2	14	4	26	8	23	8	8	23	1	7	14	3	23	14	23	2	2	23	2	3	3	2	14	14	26	14	14	23	2	16	10	8	27	8	14	14	11	14	14	23	14	14	3	20	20	20	20	7	7	16	1	1	14	3	23	23	7	14	1	14	14	2	14	27	23	13	13	23	27	20	26	14	14	14	27	14	2	27	14	5	23	23	8	1	14	12	14	27	14	3	13	4	14	23	9	27	16	5	26	14	26	5	5	14	14	1	23	14	14	9	1	13	2	2	23	2	3	14	14	27	14	27	14	14	14	14	14	15	8	1	23	27	23	23	7	14	2	3	7	12	27	11	2	5	5	26	26	14	2	27	7	2	1	25	14	14	3	3	14	4	2	23	23	26	20	20	23	23	27	14	14	2	13	2	14	2	1	23	10	1	14	2	27	2	14	17	2	22	23	4	13	4	27	26	23	11	14	14	13	26	25	14	4	26	3	23	3	14	23	14	3	5	26	14	14	23	14	26	14	15	26	14	1	23	10	1	1	14	14	23	23	14	14	2	27	20	7	27	27	27	16	6	27	19	7	14	14	14	14	3	26	14	3	7	26	3	3	3	23	14	14	23	16	14	14	27	15	14	3	20	3	27	3	3	11	11	26	3	2	7	3	9	20	2	13	2	27	2	5	27	18	7	7	1	2	4	3	26	14	27	14	4	2	4	3	23	14	26	4	27	14	14	27	14	14	2	27	27	26	1	23	11	11	2	14	26	26	3	16	20	2	13	14	26	13	26	7	7	27	27	7	14	14	1	26	14	2	26	14	26	14	14	14	14	4	15	15	14	15	14	14	14	27	11	27	14	2	23	23	10	14	23	23	3	14	14	20	14	22	14	26	3	3	16	16	15	27	7	26	26	16	26	14	1	26	14	2	2	4	14	3	20	2	14	4	14	12	14	14	27	11	14	1	14	14	4	10	2	2	12	23	14	14	17	2	22	23	2	27	26	1	7	7	14	27	2	14	3	25	14	5	26	1	2	7	3	14	3	20	2	14	4	14	14	14	14	27	14	14	1	11	4	11	1	23	2	14	23	23	15	17	2	27	23	2	16	1	1	16	14	14	27	27	26	23	25	14	4	26	14	26	26	14	26	14	20	2	14	27	13	13	14	14	27	15	14	4	4	23	9	9	14	1	26	23	23	12	14	2	27	20	2	14	14	26	6	27	14	27	11	14	14	14	
DUE_DATE
0	31147	30476	30045	30094	29603	29652	31447	30296	30825	30394	29903	29952	31727	31036	30045	31094	30643	30132	30161	31930	31239	30788	30300	30342	30924	30426	30468	31530	31572	31127	30616	30645	30674	32443	31752	31301	31330	30819	30848	31427	30916	31965	31994	31543	31032	31061	31090	31659	31148	32919	32220	31761	31782	31263	31284	31305	33066	31347	33108	32409	31950	31431	31452	32527	33296	32625	32674	32243	31752	33525	31812	32379	33606	31893	32940	33687	32514	32001	32028	33075	32082	33126	33150	32694	32178	33942	32226	32790	34014	32298	32322	34086	33415	32972	33009	34246	32543	33600	33637	33194	32717	32776	32835	32894	34693	32977	34736	34035	33574	33593	34092	34831	33110	33129	34888	34187	33726	33205	33224	33243	33317	35116	35175	34514	34573	34125	33612	34179	33666	33693	35460	34767	34314	33801	35568	34395	33891	35664	34977	35010	34563	34056	35109	35142	34155	34174	35930	35226	34762	34778	35994	34810	36026	34302	34858	35354	35370	34366	34382	35418	36154	34430	36186	35511	35064	35097	34590	34623	34656	36429	34722	36495	35820	35382	34884	34926	35988	35010	36792	36111	36144	35697	36930	35223	36996	35289	35322	37095	36405	35952	35439	36486	35493	35520	37287	36594	36621	36168	37395	36235	37472	35769	35806	35843	37620	36937	36494	36531	36564	36597	36090	36123	37176	37209	36762	36255	36281	38044	36327	36350	38113	37416	36959	38182	38205	37028	36511	36534	38297	37601	37144	36627	36650	38413	36696	36719	38482	37785	37328	37831	37374	36857	36885	38652	37959	37506	38733	37020	38067	37074	37101	38868	38175	38197	37736	38235	37234	37253	37272	39031	38330	37869	39088	37907	39126	37945	37424	38463	38527	38096	37605	38194	39443	37752	37817	39616	38955	38534	38593	38647	38156	39945	38254	38303	40092	39405	38952	38439	39486	38493	40260	39567	39114	39141	40368	38655	40421	38704	38727	38750	40513	39816	39359	39862	38865	38888	38911	40674	39977	39997	40736	39015	40774	39593	39072	39091	39650	40869	40168	40187	39726	39205	39764	39243	40320	40362	41124	39966	39468	40050	39552	39587	39616	41385	40694	41443	40752	40301	40330	39819	39848	41647	40976	40005	40054	41843	40692	40191	40224	41997	41310	42063	40896	40929	40422	40455	42235	41552	42309	40606	41183	40680	40717	40754	42540	41862	41904	41946	41988	41550	41052	41100	42882	42204	42966	41808	43050	41892	41947	41456	41505	42574	42623	42192	42231	41724	41757	41790	43563	42876	42429	43662	43695	42521	42544	42027	43070	43093	42636	43139	42682	42165	42188	42211	43974	43277	42307	44096	44145	44194	43043	43092	42657	42756	44595	43920	43962	43524	43026	43068	44850	44172	43257	43356	45195	45221	44524	44067	43550	43573	43596	45359	45382	44685	44228	44251	43734	44777	44335	43832	45609	44926	44483	43980	44017	44054	44647	44696	45945	45274	44843	44892	44457	44556	44655	44717	45796	46575	45914	45493	45017	45076	46875	46934	46273	45897	45996	45555	45591	47364	45657	46710	47463	46776	46329	45822	45855	47635	46952	45969	47026	47063	46620	46117	46154	47935	46772	48009	48046	47363	46920	46957	46454	46517	48316	47655	47714	47293	46807	46856	48645	47974	47543	47592	47635	48872	47709	47206	47243	48300	48337	49094	48399	47940	47421	47442	49203	48504	47505	47526	48087	49308	48129	47610	47631	49392	48777	49596	48495	47995	48032	48069	49846	49163	48180	49957	49994	49315	48872	48369	48406	50183	49500	49057	49574	49147	49196	48705	48754	49823	49392	48882	50646	50670	49974	49518	49002	49026	50790	50814	49098	50142	49146	49725	49752	49239	50286	49293	49860	50367	51114	49941	49428	49455	51235	50072	50589	50146	50183	49680	49717	49754	51531	49824	51597	50910	50463	49956	49989	51762	51795	51115	51152	51189	50746	50243	50280	52057	51374	50925	52152	50979	51006	50493	50520	51567	52314	51621	51648	51195	50707	50756	50805	52594	51923	50952	52722	51546	52770	51594	51078	52122	52146	52170	52914	51738	51222	51246	53035	52352	51909	51406	51983	53220	51517	51554	52605	53352	51639	52686	52233	51720	51747	53514	52821	52848	51855	51882	53646	53670	52494	51978	52002	53766	53070	53814	52638	52662	52146	52195	53252	53289	52846	52343	54120	54157	52994	52491	52524	54297	53610	53163	52656	53229	53262	52755	52817	53896	53955	52994	53593	53615	54832	53109	53126	54883	54180	54917	53734	53751	53228	53245	55002	54299	53836	53313	55070	53347	53417	53476	55275	54614	54673	55435	54752	54309	53806	53843	55620	54937	54494	54017	55816	54675	54194	55273	55311	54324	55377	56130	54963	54456	54489	56262	55575	55125	55152	54639	56406	56433	54720	54747	55794	55821	55368	55395	56672	55006	55080	56894	56205	55752	55779	55266	57033	55320	55347	57114	56421	55968	55455	56627	57496	55795	57572	56889	56926	57683	57720	57757	56594	56132	56206	56280	58094	58125	58152	57459	57486	57033	57060	56547	57594	58341	57648	58395	58697	58077	57696	57255	57291	57324	59097	58410	59163	58476	58029	58062	57555	57607	58676	59445	59494	58823	58872	58457	57976	58035	59114	59893	
TRANSPORT_MODE
0	2	4	4	4	4	4	2	0	4	4	4	4	4	2	0	2	4	4	4	4	4	2	0	0	4	4	4	4	4	2	0	2	4	4	4	4	4	2	0	0	4	4	4	4	4	2	0	0	4	4	1	4	4	4	0	0	3	4	4	4	4	1	2	0	4	4	1	4	4	3	0	0	3	4	4	1	4	4	2	0	4	4	1	4	4	3	0	0	3	1	4	4	4	4	2	0	4	4	4	4	4	1	0	0	3	4	1	4	4	4	0	0	2	4	4	4	4	4	4	0	0	3	4	4	4	4	2	0	2	4	4	4	4	4	3	0	4	4	4	4	4	2	0	0	2	4	4	1	4	4	3	0	0	4	4	1	1	4	4	0	0	2	4	1	4	4	4	0	0	3	4	4	4	1	4	1	0	2	4	4	1	1	3	0	3	4	4	4	4	4	2	0	0	4	1	4	4	4	3	0	3	4	1	4	4	4	2	0	0	4	1	4	4	4	1	0	0	3	4	4	4	1	4	0	0	2	4	4	4	4	4	1	0	3	4	4	1	1	2	0	2	1	4	4	4	1	3	0	0	1	4	4	4	4	2	0	2	4	4	4	1	4	3	0	0	1	4	1	4	1	2	0	0	1	4	4	4	4	4	0	0	3	4	4	1	1	4	2	0	4	4	1	4	4	3	0	3	1	1	1	4	4	2	0	0	4	4	1	4	4	3	0	3	1	4	4	1	4	2	0	0	4	1	1	1	4	3	0	0	4	4	4	4	1	1	0	0	2	4	1	1	4	4	0	0	3	1	4	1	4	4	0	2	2	4	1	4	1	3	0	4	1	4	1	1	2	0	0	2	1	1	4	1	4	3	0	0	4	1	4	4	4	4	0	2	4	1	4	1	1	0	0	3	4	1	1	1	1	0	0	4	2	4	1	4	1	0	0	3	3	4	1	1	4	1	0	2	4	1	4	4	4	0	0	3	3	1	1	1	4	4	0	2	1	1	4	4	1	0	0	3	1	1	4	1	4	0	0	2	1	1	4	4	1	0	0	4	3	4	4	1	1	0	2	4	1	1	4	1	1	0	0	3	1	1	4	1	4	0	2	2	4	1	1	1	4	0	0	3	4	4	1	4	4	0	2	2	1	1	4	1	1	0	0	1	3	1	1	1	1	0	0	4	2	4	1	1	1	0	0	4	3	1	1	4	1	1	0	2	4	4	4	1	4	0	3	3	1	1	1	1	1	0	0	2	4	1	4	1	1	0	0	3	3	1	1	1	1	4	0	0	1	2	1	4	1	1	0	0	4	3	1	4	4	4	0	1	2	1	1	1	4	1	0	3	1	1	1	1	1	0	0	2	2	1	4	1	4	1	0	3	1	1	1	4	1	0	0	2	2	1	4	1	1	4	0	0	1	3	1	1	1	1	0	0	1	2	1	1	4	4	0	1	3	1	1	1	1	1	0	2	4	1	1	1	1	0	0	3	3	4	4	1	1	1	0	2	1	1	1	1	1	0	0	3	3	4	1	1	1	1	0	0	2	1	1	1	1	4	0	0	1	3	1	4	1	1	0	2	1	4	1	1	1	1	0	3	1	1	1	4	1	0	0	2	2	1	1	1	1	1	0	3	1	1	4	1	1	0	0	2	2	1	1	1	1	1	0	0	3	1	1	1	1	1	0	0	2	4	1	1	1	1	0	3	1	1	1	1	1	1	0	3	4	1	1	1	3	0	3	1	1	1	1	1	3	0	0	1	1	1	1	1	3	0	0	3	1	1	1	1	1	1	0	3	1	1	1	1	1	0	0	3	1	1	1	1	1	0	0	
DISTANCE_MATRIX
60	360	318	300	288	276	264	264	150	150	150	60	90	90	162	168	204	228	234	312	360	408	348	318	168	192	168	318	
360	60	264	318	324	342	342	342	348	348	354	360	372	378	378	420	420	480	462	498	462	462	384	420	372	420	378	378	
318	264	60	270	276	288	288	288	294	294	294	318	318	324	324	414	414	468	462	486	462	462	330	366	366	408	372	324	
300	318	270	60	276	288	288	288	288	288	288	300	300	312	318	408	408	468	462	486	438	438	318	360	360	402	360	312	
288	324	276	276	60	276	276	276	276	276	276	288	288	300	300	402	396	462	456	480	432	432	300	360	360	402	348	300	
276	342	288	288	276	60	180	180	252	258	264	264	264	288	288	390	390	456	450	480	432	432	288	348	348	348	288	288	
264	342	288	288	276	180	60	180	246	258	264	264	264	288	288	390	390	456	450	480	432	432	288	348	348	348	288	288	
264	342	288	288	276	180	180	60	240	258	264	264	264	288	288	390	390	456	450	480	432	432	288	348	348	348	288	288	
150	348	294	288	276	252	246	240	60	120	120	150	126	270	270	378	384	420	438	480	420	408	276	300	300	300	276	270	
150	348	294	288	276	258	258	258	120	60	120	150	150	270	270	378	384	420	438	480	420	408	276	300	300	300	276	270	
150	354	294	288	276	264	264	264	120	120	60	150	150	270	270	378	384	420	438	480	420	408	276	300	300	300	276	270	
60	360	318	300	288	264	264	264	150	150	150	60	90	162	168	228	234	312	360	408	348	318	168	192	192	198	168	162	
90	372	318	300	288	264	264	264	150	150	150	90	60	162	168	228	234	312	360	408	348	318	168	192	192	198	168	162	
90	378	324	312	300	288	288	288	270	270	270	162	162	60	120	180	180	306	210	360	300	300	120	180	120	180	120	234	
162	378	324	318	300	288	288	288	270	270	270	168	168	120	60	180	180	306	210	360	300	300	120	180	120	180	120	120	
168	420	414	408	402	348	348	348	300	300	300	228	228	180	180	60	132	204	132	348	258	258	186	60	180	132	222	180	
204	420	414	408	396	390	390	390	384	384	384	234	234	180	180	132	60	204	132	348	258	258	186	60	180	132	222	180	
228	480	468	468	462	456	456	456	420	420	420	312	312	306	306	204	204	60	198	120	240	240	306	204	306	138	306	306	
234	462	462	462	456	450	450	450	438	438	438	360	360	210	210	132	132	198	60	138	132	132	210	132	210	132	210	210	
312	498	486	486	480	480	480	480	480	480	480	408	408	360	360	348	348	120	138	60	348	348	360	348	360	348	360	360	
360	462	462	438	432	432	432	432	420	420	420	348	348	300	300	258	258	240	132	348	60	60	300	258	300	258	300	300	
408	462	462	438	432	432	432	432	408	408	408	318	318	300	300	258	258	240	132	348	60	60	300	258	300	258	300	300	
348	384	330	318	300	288	288	288	276	276	276	168	168	120	120	186	186	306	210	360	300	300	60	186	120	186	120	120	
318	420	366	360	360	348	348	348	300	300	300	192	192	180	180	60	60	204	132	348	258	258	186	60	180	60	180	180	
168	372	300	306	300	288	288	288	270	270	270	168	168	120	120	180	180	306	210	360	300	300	120	180	60	180	120	120	
192	420	408	402	402	348	348	348	300	300	300	198	198	180	180	132	132	138	132	348	258	258	186	60	180	60	180	180	
168	378	372	360	348	288	288	288	276	276	276	168	168	120	120	222	222	306	210	360	300	300	120	180	120	180	60	120	
318	378	324	312	300	288	288	288	270	270	270	162	162	234	120	180	180	306	210	360	300	300	120	180	120	180	120	60	
DEPOT_DISTANCE_MATRIX
60	360	318	300	288	276	264	264	150	150	150	60	90	90	162	168	204	228	234	312	360	408	348	318	168	192	168	318	
162	378	324	318	300	288	288	288	270	270	270	168	168	120	60	180	180	306	210	360	300	300	120	180	120	180	120	120	
318	420	366	360	360	348	348	348	300	300	300	192	192	180	180	60	60	204	132	348	258	258	186	60	180	60	180	180	
PATIENT_WEIGHT
37	108	132	60	55	64	95	103	76	92	59	38	110	84	133	146	133	85	103	120	46	95	42	121	106	40	141	104	47	51	51	125	36	97	51	42	118	105	68	132	76	104	106	114	39	146	108	105	83	68	52	124	117	112	145	91	150	113	55	83	99	97	60	112	112	102	141	49	148	45	55	67	109	76	141	126	44	119	70	92	58	80	59	42	142	86	31	55	61	149	49	89	79	116	58	65	124	63	59	47	108	82	44	58	129	51	35	58	87	125	101	35	44	61	47	32	51	99	34	61	119	124	108	55	127	142	71	136	53	65	122	88	46	71	140	40	139	41	35	146	46	80	146	110	134	105	143	70	132	97	72	38	128	46	100	50	77	61	74	99	111	63	51	145	150	79	106	70	122	118	113	52	55	120	95	110	81	105	101	55	34	62	83	65	72	44	113	107	80	87	138	87	101	33	118	104	131	97	77	120	88	131	69	120	83	48	57	82	123	66	145	77	99	87	88	86	100	41	42	147	143	111	65	65	92	70	134	146	46	105	87	47	84	72	126	127	74	35	35	123	120	112	64	80	92	123	85	111	37	126	148	71	141	144	114	36	39	141	128	86	36	99	91	45	122	55	113	96	61	51	125	89	56	112	33	63	106	98	49	49	54	47	129	59	62	44	37	39	54	96	40	146	59	67	38	138	79	97	62	117	40	93	137	54	129	51	72	134	61	67	53	51	74	135	110	148	111	138	105	134	132	53	113	87	48	75	126	54	140	38	103	94	149	93	127	143	55	68	37	88	64	140	119	126	141	53	115	64	132	129	116	142	91	120	134	54	70	77	77	94	125	132	115	78	38	141	111	132	127	52	47	106	100	41	69	117	141	32	54	118	82	83	136	64	117	60	110	61	78	48	144	83	56	31	47	44	141	93	41	143	54	38	35	119	138	84	44	100	92	48	57	82	72	98	46	117	74	66	80	102	74	91	74	107	62	115	50	138	129	117	95	109	120	143	32	93	96	42	46	116	108	81	118	61	66	101	125	122	134	128	96	77	65	83	40	76	118	36	117	118	147	88	42	48	86	113	73	36	78	73	37	137	99	33	98	37	150	54	119	94	122	30	48	69	108	88	66	75	77	86	78	105	91	44	75	76	54	85	116	59	128	136	81	97	46	44	137	150	142	87	94	109	57	71	90	113	146	63	135	77	59	142	130	79	72	145	141	36	113	67	52	55	51	91	122	112	142	84	40	97	116	119	67	148	67	48	56	103	49	60	42	30	51	149	140	81	128	91	91	42	85	75	73	119	47	110	38	142	59	144	39	51	91	40	64	113	117	145	37	127	117	131	105	127	115	53	115	149	38	53	52	143	150	77	102	33	50	37	30	43	58	46	108	72	98	135	58	140	138	132	139	122	72	107	46	114	52	50	96	62	111	40	98	47	71	100	85	116	126	142	102	137	77	75	49	35	93	68	141	90	55	33	52	31	147	33	128	71	109	90	41	88	124	149	128	63	123	95	111	71	86	119	62	150	50	40	72	88	111	140	94	142	134	103	150	98	141	84	74	38	84	94	145	65	30	92	43	60	88	63	94	80	92	93	114	65	140	128	49	98	46	95	46	40	133	35	85	33	138	35	64	143	143	142	124	132	71	116	43	141	136	148	69	44	141	95	30	124	60	67	88	54	109	93	124	88	112	43	59	80	113	86	77	74	46	122	119	44	143	147	68	87	73	143	36	80	48	48	67	37	45	109	44	99	68	74	141	127	53	66	84	80	116	146	96	84	132	76	116	58	104	133	115	112	86	66	128	93	117	116	87	130	63	67	127	74	124	121	78	55	132	
LOCATION_TURN_MATRIX
100	130	122	113	112	199	136	122	129	152	173	146	151	136	158	140	176	113	122	167	194	134	110	172	114	184	100	147	
170	100	154	188	164	169	136	136	152	170	104	183	155	115	101	104	155	187	174	115	149	134	178	168	114	135	168	102	
178	146	100	161	178	114	104	165	117	139	126	169	192	109	120	179	160	152	154	134	113	140	154	179	196	196	192	181	
187	112	139	100	158	114	195	181	104	132	195	106	183	169	132	170	140	136	172	148	116	110	123	136	151	120	176	169	
188	136	122	142	100	175	164	159	112	100	167	164	135	191	132	181	104	123	142	156	108	117	193	182	116	147	156	185	
101	131	186	186	125	100	190	147	164	150	137	102	145	176	185	131	113	108	117	186	118	151	140	178	154	189	172	110	
164	164	196	105	136	110	100	186	153	151	183	193	111	157	144	123	188	142	110	163	105	190	166	187	170	171	186	126	
178	164	135	119	141	153	114	100	106	130	108	103	151	178	122	151	130	133	184	177	110	141	166	110	122	174	191	197	
171	148	183	196	188	136	147	194	100	167	100	146	168	129	128	142	172	118	174	147	105	158	156	160	120	106	119	136	
148	130	161	168	200	150	149	170	133	100	177	106	175	116	188	180	176	194	108	146	130	187	183	173	128	141	169	176	
127	196	174	105	133	163	117	192	200	123	100	171	175	140	183	115	104	186	128	153	151	175	100	146	191	117	132	197	
154	117	131	194	136	198	107	197	154	194	129	100	136	184	140	147	172	184	148	131	103	156	185	200	152	158	154	143	
149	145	108	117	165	155	189	149	132	125	125	164	100	140	199	142	101	144	163	185	117	191	200	143	113	165	102	154	
164	185	191	131	109	124	143	122	171	184	160	116	160	100	109	116	196	113	131	186	166	139	183	175	144	161	105	170	
142	199	180	168	168	115	156	178	172	112	117	160	101	191	100	147	177	177	199	158	172	188	164	175	180	168	154	195	
160	196	121	130	119	169	177	149	158	120	185	153	158	184	153	100	152	159	197	157	181	159	102	123	168	200	124	186	
124	145	140	160	196	187	112	170	128	124	196	128	199	104	123	148	100	149	114	112	117	135	105	132	138	180	198	156	
187	113	148	164	177	192	158	167	182	106	114	116	156	187	123	141	151	100	166	132	168	163	159	123	129	173	161	116	
178	126	146	128	158	183	190	116	126	192	172	152	137	169	101	103	186	134	100	184	199	137	130	160	148	113	140	150	
133	185	166	152	144	114	137	123	153	154	147	169	115	114	142	143	188	168	116	100	111	195	128	157	191	164	141	171	
106	151	187	184	192	182	195	190	195	170	149	197	183	134	128	119	183	132	101	189	100	129	151	163	147	166	104	177	
166	166	160	190	183	149	110	159	142	113	125	144	109	161	112	141	165	137	163	105	171	100	101	185	169	129	103	197	
190	122	146	177	107	160	134	134	144	117	200	115	100	117	136	198	195	141	170	172	149	199	100	106	150	116	118	145	
128	132	121	164	118	122	113	190	140	127	154	100	157	125	125	177	168	177	140	143	137	115	194	100	128	167	115	155	
186	186	104	149	184	146	130	178	180	172	109	148	187	156	120	132	162	171	152	109	153	131	150	172	100	155	124	184	
116	165	104	180	153	111	129	126	194	159	183	142	135	139	132	100	120	127	187	136	134	171	184	133	145	100	129	192	
200	132	108	124	144	128	114	109	181	131	168	146	198	195	146	176	102	139	160	159	196	197	182	185	176	171	100	146	
153	198	119	131	115	190	174	103	164	124	103	157	146	130	105	114	144	184	150	129	123	103	155	145	116	108	154	100	

