INDEX_PROBLEM
1
PATIENTS
800
STRETCHERS
16
NUM_ROOM
28
NUM_DEPOTS
3
NUM_PRIORITY
4
PRIORITY_LIST
0	1	2	3	4	
PRIORITY_WEIGHT
0	1	10	18	30	
PRIORITY_JOB
0	1	2	3	4	2	3	4	2	3	4	1	2	3	4	4	3	4	4	1	2	4	4	3	3	4	2	3	4	4	4	4	3	4	1	2	3	4	4	4	3	4	2	3	4	4	4	4	4	4	1	2	3	4	3	4	4	1	4	2	3	3	2	1	2	4	1	2	3	1	3	4	4	4	4	1	2	3	2	1	2	4	2	3	4	1	3	4	4	4	1	2	3	4	1	1	2	3	4	2	3	4	4	4	3	1	4	1	2	3	1	3	3	4	4	4	2	3	3	4	3	4	1	4	1	2	3	2	1	2	4	4	1	2	1	4	3	4	3	4	2	3	4	2	1	2	4	1	2	3	1	4	3	4	4	2	3	4	1	1	2	1	4	4	1	2	3	4	3	4	1	4	2	3	3	3	3	2	4	1	2	3	1	4	3	4	4	4	1	2	3	1	2	2	4	2	3	4	1	4	3	4	4	1	2	3	4	1	1	2	4	4	2	3	4	3	4	3	1	4	1	2	3	1	2	1	4	4	4	2	3	3	4	4	1	4	1	2	3	3	2	3	4	4	1	2	1	3	4	3	3	4	2	3	4	1	2	2	4	1	2	4	3	1	4	4	3	4	2	3	4	1	1	2	4	4	1	2	3	4	3	4	1	1	4	2	3	3	2	1	3	4	1	2	3	1	4	3	4	4	1	2	3	2	1	4	4	2	3	4	1	4	3	4	2	4	1	2	3	4	2	1	2	2	3	4	1	4	3	4	4	4	1	2	3	1	3	1	4	4	2	3	4	3	4	4	3	1	4	1	2	3	2	1	4	4	1	2	1	4	3	3	3	4	2	3	4	2	1	2	4	4	1	2	3	1	4	4	3	4	3	2	4	2	1	1	4	4	1	2	3	4	3	4	2	1	4	4	2	1	2	1	3	4	1	2	3	4	3	3	1	4	4	1	2	2	1	4	3	4	2	3	4	4	3	4	1	4	1	2	3	2	2	1	2	4	2	3	4	4	3	4	1	4	4	1	2	1	1	2	1	3	4	2	3	3	4	4	4	1	4	1	2	3	2	3	3	4	4	1	2	3	4	4	1	3	4	2	3	1	2	1	4	4	1	2	3	3	4	4	4	2	3	4	2	1	2	3	4	4	1	2	3	4	4	4	4	1	2	3	1	1	2	2	4	4	1	2	3	4	3	4	4	1	4	1	2	3	1	2	3	4	2	3	4	4	3	4	1	4	1	2	3	1	2	1	4	2	3	4	4	3	4	1	4	1	2	3	2	1	1	2	4	4	2	3	4	4	4	4	1	1	2	3	2	3	1	4	4	2	2	3	3	4	4	1	4	1	2	3	2	1	2	4	4	1	2	3	3	4	4	4	2	3	4	1	1	2	3	4	4	1	2	3	4	4	4	4	1	2	3	1	2	2	1	4	4	1	2	3	4	3	4	1	4	2	2	2	2	4	3	4	1	2	3	3	4	4	1	4	4	1	2	1	2	1	3	4	2	3	3	4	4	4	1	1	4	1	2	3	2	1	3	4	4	2	3	4	4	4	3	4	1	1	2	3	2	1	2	4	4	2	2	3	4	3	1	4	1	2	3	3	1	1	4	4	1	2	3	4	4	3	4	1	4	2	3	4	2	1	2	4	1	2	3	4	4	4	4	1	4	2	3	1	3	2	1	4	1	2	3	4	3	4	4	1	4	2	2	3	2	1	1	4	1	2	1	2	2	1	3	4	4	1	1	2	1	3	2	2	3	4	2	1	1	2	3	3	4	4	3	1	1	2	2	1	2	4	4	1	1	2	1	1	2	3	4	4	2	1	3	
TIME_ASKED
0	28800	28800	28800	28800	28800	28800	28800	28800	28800	28800	28800	28800	28800	28800	28800	28800	29545	29574	29603	29632	29661	29690	29742	29784	29826	29868	29910	29952	29994	30029	30058	30087	30116	30145	30174	30203	30232	30261	30290	30329	30358	30387	30416	30445	30474	30503	30532	30561	30590	30621	30642	30663	30684	30705	30726	30747	30768	30789	30810	30831	30852	30873	30894	30949	30998	31047	31096	31145	31194	31227	31254	31281	31308	31335	31362	31389	31416	31443	31470	31497	31524	31548	31572	31596	31620	31644	31668	31692	31716	31740	31764	31788	31837	31874	31911	31948	31985	32022	32059	32096	32159	32218	32277	32336	32395	32419	32438	32457	32476	32495	32514	32533	32552	32571	32590	32609	32628	32647	32666	32685	32759	32818	32877	32936	32995	33027	33054	33081	33108	33135	33162	33189	33216	33243	33270	33297	33333	33366	33399	33432	33465	33498	33531	33564	33597	33616	33632	33648	33664	33680	33696	33712	33728	33744	33760	33776	33792	33808	33824	33840	33856	33872	33888	33933	33966	33999	34032	34065	34098	34131	34164	34197	34242	34284	34326	34368	34410	34452	34494	34533	34566	34599	34632	34665	34698	34731	34764	34797	34827	34854	34881	34908	34935	34962	34989	35016	35043	35070	35097	35137	35174	35211	35248	35285	35322	35359	35396	35433	35466	35499	35532	35565	35598	35631	35664	35697	35723	35746	35769	35792	35815	35838	35861	35884	35907	35930	35953	35976	35999	36023	36046	36069	36092	36115	36138	36161	36184	36207	36230	36253	36276	36299	36327	36354	36381	36408	36435	36462	36489	36516	36543	36570	36597	36619	36638	36657	36676	36695	36714	36733	36752	36771	36790	36809	36828	36847	36866	36885	36949	36998	37047	37096	37145	37194	37259	37318	37377	37436	37495	37549	37598	37647	37696	37745	37794	37827	37854	37881	37908	37935	37962	37989	38016	38043	38070	38097	38123	38146	38169	38192	38215	38238	38261	38284	38307	38330	38353	38376	38399	38419	38438	38457	38476	38495	38514	38533	38552	38571	38590	38609	38628	38647	38666	38685	38742	38784	38826	38868	38910	38952	38994	39029	39058	39087	39116	39145	39174	39203	39232	39261	39290	39349	39398	39447	39496	39545	39594	39633	39666	39699	39732	39765	39798	39831	39864	39897	39937	39974	40011	40048	40085	40122	40159	40196	40242	40284	40326	40368	40410	40452	40494	40542	40584	40626	40668	40710	40752	40794	40849	40898	40947	40996	41045	41094	41133	41166	41199	41232	41265	41298	41331	41364	41397	41423	41446	41469	41492	41515	41538	41561	41584	41607	41630	41653	41676	41699	41749	41798	41847	41896	41945	41994	42099	42198	42297	42342	42384	42426	42468	42510	42552	42594	42699	42798	42897	42923	42946	42969	42992	43015	43038	43061	43084	43107	43130	43153	43176	43199	43237	43274	43311	43348	43385	43422	43459	43496	43549	43598	43647	43696	43745	43794	43899	43998	44097	44159	44218	44277	44336	44395	44459	44518	44577	44636	44695	44799	44898	44997	45033	45066	45099	45132	45165	45198	45231	45264	45297	45337	45374	45411	45448	45485	45522	45559	45596	45637	45674	45711	45748	45785	45822	45859	45896	45959	46018	46077	46136	46195	46249	46298	46347	46396	46445	46494	46537	46574	46611	46648	46685	46722	46759	46796	46821	46842	46863	46884	46905	46926	46947	46968	46989	47010	47031	47052	47073	47094	47199	47298	47397	47437	47474	47511	47548	47585	47622	47659	47696	47737	47774	47811	47848	47885	47922	47959	47996	48049	48098	48147	48196	48245	48294	48324	48348	48372	48396	48420	48444	48468	48492	48516	48540	48564	48588	48627	48654	48681	48708	48735	48762	48789	48816	48843	48870	48897	48937	48974	49011	49048	49085	49122	49159	49196	49233	49266	49299	49332	49365	49398	49431	49464	49497	49537	49574	49611	49648	49685	49722	49759	49796	49827	49854	49881	49908	49935	49962	49989	50016	50043	50070	50097	50149	50198	50247	50296	50345	50394	50424	50448	50472	50496	50520	50544	50568	50592	50616	50640	50664	50688	50737	50774	50811	50848	50885	50922	50959	50996	51027	51054	51081	51108	51135	51162	51189	51216	51243	51270	51297	51324	51348	51372	51396	51420	51444	51468	51492	51516	51540	51564	51588	51637	51674	51711	51748	51785	51822	51859	51896	51933	51966	51999	52032	52065	52098	52131	52164	52197	52259	52318	52377	52436	52495	52517	52534	52551	52568	52585	52602	52619	52636	52653	52670	52687	52704	52721	52738	52755	52772	52789	52859	52918	52977	53036	53095	53137	53174	53211	53248	53285	53322	53359	53396	53459	53518	53577	53636	53695	53733	53766	53799	53832	53865	53898	53931	53964	53997	54027	54054	54081	54108	54135	54162	54189	54216	54243	54270	54297	54374	54448	54522	54596	54627	54654	54681	54708	54735	54762	54789	54816	54843	54870	54897	55049	55198	55237	55274	55311	55348	55385	55422	55459	55496	55574	55648	55722	55796	55827	55854	55881	55908	55935	55962	55989	56016	56043	56070	56097	56399	56499	56598	56697	56733	56766	56799	56832	56865	56898	56931	56964	56997	57049	57098	57147	57196	57245	57294	57359	57418	57477	57536	57595	
ORIGIN
0	16	6	27	19	14	27	23	25	14	23	10	2	14	22	14	14	14	3	23	2	14	26	16	14	14	16	7	9	27	7	9	8	9	1	23	14	14	23	2	4	14	14	3	2	2	14	14	8	6	27	18	7	27	20	8	8	14	10	2	23	14	2	26	14	23	23	14	14	14	8	12	5	5	7	27	9	9	9	3	14	14	23	11	14	14	14	23	14	14	14	24	7	5	1	24	14	14	18	7	27	20	20	1	27	27	17	23	20	2	14	14	14	14	14	4	24	15	25	14	16	25	25	14	3	2	14	14	11	14	10	2	23	14	14	14	16	14	27	27	14	14	9	16	27	9	9	27	20	14	14	27	2	14	14	27	27	2	14	14	2	26	26	24	15	4	26	16	20	9	26	26	26	14	14	1	14	14	14	23	12	2	8	14	14	12	12	14	27	14	14	5	14	9	9	20	8	2	14	13	5	14	20	2	14	5	4	23	24	5	17	14	4	16	8	5	1	27	14	12	14	14	14	14	14	14	14	25	2	23	14	3	26	14	26	27	27	14	14	25	16	11	16	8	27	23	4	23	27	4	4	14	14	27	7	7	14	9	23	7	26	4	5	14	27	14	14	26	26	14	14	14	14	2	16	4	23	13	3	23	14	20	26	14	14	14	25	14	14	26	14	3	23	8	23	25	10	2	14	1	14	1	1	1	23	14	14	14	16	5	13	9	14	5	23	27	3	14	14	2	14	5	5	27	13	2	8	14	5	14	14	14	1	7	14	3	1	14	17	25	8	1	23	10	26	14	12	3	26	14	4	10	14	14	4	8	5	26	23	6	14	4	26	6	14	23	23	14	26	14	14	4	2	23	14	14	20	26	23	14	23	23	26	26	14	2	4	2	1	23	10	1	23	2	6	3	14	14	27	14	14	4	11	23	14	1	11	7	11	11	14	14	14	3	17	17	2	4	2	17	23	14	3	16	14	14	1	5	14	1	26	7	14	27	5	23	23	10	1	3	14	24	14	14	14	27	14	14	1	14	9	2	16	6	27	19	7	27	22	12	27	12	20	20	12	14	25	3	14	3	23	14	14	26	14	6	25	14	16	16	26	26	14	20	9	26	14	11	26	13	2	1	27	14	14	26	2	2	14	14	5	27	18	7	26	14	17	14	14	2	22	23	2	24	2	26	3	23	14	25	24	14	1	14	25	4	26	26	10	14	14	17	1	23	11	9	23	14	9	9	14	26	14	15	14	7	14	23	26	17	7	14	11	2	2	8	14	2	20	14	26	26	24	6	23	14	4	14	15	4	3	3	14	3	14	2	25	26	2	1	23	10	2	6	14	15	26	23	6	27	14	7	1	1	13	26	16	7	27	27	1	13	4	3	9	20	16	20	20	8	8	23	14	3	24	14	4	26	17	17	3	14	8	14	26	14	8	14	10	2	1	12	14	24	24	14	27	14	17	17	26	1	14	14	7	26	19	14	14	3	7	3	23	2	23	14	14	27	12	14	3	24	14	11	11	14	14	1	18	2	2	26	14	4	3	10	1	23	12	2	23	15	14	25	14	27	23	11	6	12	16	6	27	19	14	27	14	15	26	26	10	14	22	26	16	11	14	3	23	14	4	26	13	1	26	14	7	1	26	14	20	14	9	1	23	4	13	23	4	14	14	14	4	27	11	14	1	14	6	27	18	14	27	21	3	11	23	10	22	22	26	2	26	14	3	23	14	5	19	16	25	12	16	7	27	26	14	14	7	9	1	23	14	3	23	13	14	14	14	3	24	7	7	1	14	5	27	18	7	27	20	8	14	15	10	1	23	2	2	7	27	
DESTINATION
0	14	17	2	22	26	2	26	14	3	27	14	14	5	19	16	5	25	14	4	27	9	3	14	9	9	16	20	14	23	13	14	14	14	14	27	5	5	1	24	14	5	26	14	27	27	20	8	14	17	2	27	20	2	14	14	14	16	14	14	27	25	27	23	8	3	3	26	2	2	14	11	14	14	20	2	14	14	14	26	16	26	27	15	9	9	16	27	9	9	9	1	13	14	23	2	4	26	27	20	2	14	14	14	2	2	6	27	7	27	20	8	8	26	26	14	2	14	14	1	14	14	14	3	23	14	8	8	12	5	14	14	27	9	9	5	14	9	23	23	2	2	14	14	23	14	14	2	14	5	5	23	24	5	5	18	18	27	20	1	27	14	14	2	14	14	14	14	14	14	14	14	14	15	4	14	16	25	26	27	11	14	14	25	16	11	11	10	23	4	4	14	16	14	14	14	14	14	9	7	14	9	7	27	20	14	14	27	2	14	9	26	14	14	14	14	14	2	26	11	15	4	26	16	20	9	26	14	14	1	25	14	14	26	14	23	23	2	25	14	14	12	14	14	2	27	14	1	23	14	14	9	8	23	13	13	5	14	27	20	3	14	14	4	23	5	5	14	14	4	8	5	1	27	14	14	1	7	14	3	1	14	14	25	25	2	14	3	26	14	4	14	26	14	4	14	14	14	16	23	8	14	23	23	27	4	4	26	14	14	7	14	26	14	27	23	26	4	5	14	4	14	14	23	7	14	14	26	14	2	16	16	23	13	3	23	14	20	6	14	14	14	27	14	14	4	11	14	23	8	23	14	10	2	14	14	14	3	1	17	2	14	14	17	5	1	1	9	14	5	5	14	14	1	26	2	7	14	27	5	27	27	14	14	5	14	14	14	14	27	14	14	1	14	17	14	8	1	23	10	26	14	12	27	10	23	12	20	12	12	4	4	8	26	6	6	14	14	14	6	1	25	14	16	26	26	23	14	2	23	14	20	26	23	14	1	27	14	14	14	26	2	4	4	1	23	10	1	23	2	17	14	14	17	2	22	23	2	2	11	23	11	7	7	11	4	14	26	25	14	4	26	10	14	2	17	14	3	16	16	14	14	9	7	14	14	26	15	14	7	14	23	23	10	3	14	24	24	2	8	14	2	27	20	14	26	9	2	16	27	19	7	27	2	22	3	14	3	26	14	2	25	23	25	14	23	14	14	14	26	15	6	14	27	15	14	7	1	14	14	9	14	26	11	26	13	4	27	3	9	20	16	20	14	14	14	5	27	7	26	14	14	2	17	3	26	14	8	14	14	26	26	3	23	25	24	14	14	24	14	27	14	14	17	26	14	14	1	17	23	9	23	14	14	7	3	16	20	2	23	14	7	14	26	17	7	14	11	11	14	14	1	26	14	2	26	14	14	6	6	23	4	14	15	14	4	14	25	14	14	23	11	15	2	2	1	23	2	6	6	14	23	15	26	20	14	22	26	1	26	13	26	27	27	27	1	1	23	11	26	14	1	26	20	20	8	8	23	27	24	24	14	4	14	14	14	14	27	11	14	1	14	8	14	10	23	1	12	17	11	14	17	2	22	26	2	26	14	14	14	14	26	19	14	14	12	25	14	5	26	14	14	7	14	14	3	20	24	14	3	11	3	14	14	27	14	7	1	14	4	10	1	14	23	12	2	23	15	17	2	27	16	2	7	27	12	27	14	19	19	14	27	14	25	14	4	16	14	22	14	14	11	14	20	2	14	4	26	13	14	14	27	8	14	27	7	9	9	26	14	1	13	13	23	4	14	2	27	20	2	14	14	8	14	14	14	27	27	27	21	3	
DUE_DATE
0	31147	30476	30045	29554	30623	30192	29707	30776	30345	29854	31643	30972	30527	30016	30045	30614	30103	30132	31901	31210	30219	30248	30840	30882	30384	31446	31008	30510	30552	30587	30616	31185	30674	32443	31752	31301	30790	30819	30848	31427	30916	31965	31514	31003	31032	31061	31090	31119	31148	32919	32220	31761	31242	31803	31284	31305	33066	31347	32388	31929	31950	32451	33192	32527	31556	33345	32674	32243	33492	32325	31812	31839	31866	31893	33660	32967	32514	33021	33768	33075	32082	33126	32670	32154	33918	32742	32226	32250	32274	34038	33342	32886	32395	34172	34209	33526	33083	32580	33637	33194	32717	32776	32835	33434	34693	32977	34736	34035	33574	34793	33612	33631	33110	33129	33148	34187	33726	33745	33224	33783	33317	35116	33435	35234	34573	34125	34632	35379	34686	33693	33720	35487	34794	35541	33828	34395	33891	34464	33957	35010	34563	34056	35109	35862	35175	34174	35930	35226	34762	35978	34254	34810	34286	34302	35338	34874	34350	36106	36122	35418	36154	34430	34446	36231	35544	35097	34590	35163	34656	36429	34722	35775	35340	35382	35424	35466	35988	35010	36792	36111	35664	36897	35190	35763	35256	35289	35322	37095	36405	35952	37179	36486	36513	35520	36567	36114	35601	37368	35655	36235	35732	35769	37546	36863	36420	35917	37694	37731	37044	36057	36090	37143	36696	36189	36762	36255	36821	38044	36327	38090	37393	36936	38159	37462	38205	36488	36511	36534	37577	37121	37144	36627	36650	38413	36696	38459	37762	37305	37328	37831	37374	36857	36885	38652	37959	38706	37533	37020	37587	37614	37101	38148	37695	37177	38936	38235	38254	37253	39012	38311	37310	37869	39088	37367	37386	37945	37424	38463	38047	37556	39345	39394	38723	37752	37817	39616	38955	38534	38053	38647	38156	39945	39994	38303	39372	38925	38952	39459	40206	39033	38520	40287	39594	39141	40368	38655	39221	38704	38727	40490	39793	39336	39839	40582	38865	38888	39931	39474	38957	40717	38996	39555	39034	40073	39072	40831	40130	39669	39148	40187	40926	40225	40244	39783	39300	41082	39384	39966	39468	39510	39552	41327	40636	40185	41414	40243	41472	39761	39790	40839	40388	39907	40496	40005	40054	40643	41892	40191	41964	41277	40830	41343	42096	40389	40422	42195	41515	42272	40569	41146	41183	41220	40717	41774	41340	40842	41904	42666	41988	41010	41052	42840	42162	41724	42966	41268	41310	41892	41407	41996	42525	41554	42623	43392	43431	41724	41757	43530	42843	42396	41889	42462	41955	43001	43744	42027	42050	43093	43836	43139	43882	42705	42188	43951	43254	42797	42307	42896	42945	44194	42503	42552	44397	43776	43875	44640	42942	43524	43026	44088	43650	43152	43257	43896	43455	45221	43504	45267	44570	44113	44616	44639	45382	44685	43688	44731	44274	43757	43795	44372	43869	45646	43943	43980	45757	45074	45847	45896	45225	45994	44843	44352	45477	45096	45195	44717	44776	44835	46634	44953	46757	46096	45675	46214	45793	45897	45456	45555	47331	46644	46197	45690	45723	47496	46329	45822	46875	46435	47672	46989	47746	46043	46080	47857	47174	46735	46772	46269	46306	46343	47400	46957	46454	47537	48316	47655	47234	46753	46807	48596	47925	47494	47003	47052	47095	47132	48909	48226	47783	49020	49057	48374	48399	47400	47421	49182	48483	48024	47505	48066	47547	47568	49329	47610	49371	48672	48297	49596	48975	48535	48032	49089	48646	48143	48180	48757	48254	50035	48332	50109	49426	48983	50220	49537	50294	48607	49676	49245	48754	48803	49392	48882	50646	48930	50694	49998	49542	50046	50790	50814	50118	49122	49146	50205	49752	49239	49266	49293	49320	51087	51114	50421	49968	50475	50035	51272	49569	49606	50663	50700	50257	50294	49791	49824	51597	49890	51663	50976	50529	51042	51795	51115	50132	50169	51946	51263	50820	50857	50354	50385	50412	51459	51006	50493	52260	52287	51594	51141	50628	50655	52447	51776	51345	50854	50903	50952	50982	52746	52050	51594	52818	52122	52146	52890	51174	51198	52962	52266	51835	51332	51909	51406	53183	51480	52537	52574	52605	52632	51639	52206	51693	53460	52767	52314	52341	51828	51855	53622	51906	51930	53694	52998	53742	53046	53790	52614	52098	53142	52686	52735	52232	52269	52306	54083	54120	52417	54194	53511	53064	53577	54330	53163	52656	52689	53742	53295	52817	52876	52935	53534	53053	54815	54832	54129	53666	54163	54900	54197	53194	53211	54248	54265	53802	53279	53836	55053	53330	55087	54437	54016	54075	55334	55393	53695	53732	55509	54826	54383	53880	53917	54494	54017	55816	54135	55214	54793	54291	55344	56097	55410	54423	56196	55509	55062	54555	54585	54612	54639	56406	54693	55740	55287	56514	55341	55848	56595	54932	56746	56100	55694	55185	55752	55239	55266	57033	55320	56367	56394	55941	56448	57195	57347	55756	57535	56852	57609	56926	56963	57720	56557	56054	56132	57946	58020	57374	58125	56952	57459	57486	57033	56520	57567	58314	58341	57648	57195	57497	57057	57156	57795	59031	59064	58377	58410	59163	58476	57489	57522	59295	59347	58676	59445	59494	58823	58392	57917	57976	59055	59834	58693	
TRANSPORT_MODE
0	2	4	4	4	2	0	0	4	4	1	4	2	0	0	0	4	4	4	4	2	0	0	0	4	4	4	4	2	0	0	0	0	4	1	4	4	2	0	0	0	4	4	4	2	0	0	0	0	4	4	4	4	4	0	0	0	3	4	4	4	2	0	0	0	4	4	4	4	3	0	0	0	4	4	4	4	2	0	0	0	4	4	4	4	3	0	0	0	4	4	4	4	2	0	0	0	0	4	4	4	1	0	0	0	3	4	4	4	4	0	0	0	0	2	4	1	4	4	0	0	0	3	1	4	4	2	0	0	0	4	4	1	4	3	0	0	0	1	4	4	4	2	0	0	0	4	4	4	4	3	0	0	0	1	1	4	1	0	0	0	0	2	4	4	4	4	0	0	0	3	4	4	4	4	0	0	0	2	1	4	1	3	0	0	0	4	4	4	4	2	0	0	0	1	4	4	4	3	0	0	0	4	4	4	4	2	0	0	0	0	4	1	4	1	0	0	0	3	4	4	1	4	0	0	0	0	2	4	4	1	1	0	0	3	4	4	4	2	0	0	0	1	4	4	4	3	0	0	0	1	4	1	4	2	0	0	0	1	4	4	0	4	3	0	0	0	4	1	4	2	0	0	0	4	1	4	4	1	0	0	0	0	3	4	1	1	2	0	0	0	4	4	4	4	3	0	0	4	4	4	4	2	0	0	0	1	1	1	4	3	0	0	0	0	1	1	4	4	2	0	0	0	4	1	4	3	0	0	0	1	1	4	4	2	0	0	0	0	1	4	4	1	0	0	0	0	3	4	1	4	4	0	0	2	1	1	4	3	0	0	0	1	4	4	1	2	0	0	0	0	4	4	1	4	3	0	0	0	4	1	4	1	0	0	0	2	1	4	1	1	0	0	0	0	3	1	4	1	0	0	0	2	4	4	4	1	0	0	0	3	4	4	1	4	0	0	0	2	1	1	4	1	0	0	0	3	1	4	4	1	0	0	0	0	4	1	4	1	0	0	0	3	1	4	1	4	0	0	0	0	2	1	4	4	0	0	0	4	3	1	1	4	0	0	0	2	1	1	1	1	0	0	0	3	4	1	4	1	0	0	0	2	1	4	1	1	0	0	0	4	4	4	4	0	0	0	0	2	1	1	1	1	0	0	0	1	3	4	1	0	0	0	0	1	2	4	1	1	0	0	0	1	3	4	1	4	0	0	0	2	1	4	1	4	0	0	0	3	4	1	1	4	0	0	0	1	1	1	1	0	0	0	3	1	1	1	4	0	0	0	0	1	2	4	1	0	0	0	1	3	1	4	4	0	0	0	1	2	4	4	1	0	0	0	3	1	1	1	1	0	0	0	2	1	1	4	1	0	0	0	1	1	1	1	0	0	0	0	2	1	4	1	1	0	0	0	1	3	1	4	0	0	0	0	4	2	4	1	1	0	0	1	3	1	1	1	0	0	0	2	1	1	1	1	0	0	0	3	1	4	1	1	0	0	0	2	1	1	1	0	4	0	0	0	3	1	1	4	4	0	0	0	2	1	1	1	0	0	0	0	1	3	1	1	1	0	0	0	2	1	1	1	1	0	0	3	1	1	1	4	0	0	0	2	1	1	1	1	0	0	0	0	3	4	1	4	1	0	0	0	2	1	1	1	1	0	0	0	3	1	1	1	0	0	0	0	2	1	1	1	1	0	0	0	3	1	1	1	1	0	0	3	1	1	4	3	0	0	0	1	1	1	1	3	0	0	0	0	1	1	1	1	3	0	0	0	1	1	1	1	1	0	0	0	3	1	1	1	0	0	0	0	3	1	1	1	1	0	0	0	
DISTANCE_MATRIX
60	360	318	300	288	276	264	264	150	150	150	60	90	90	162	168	204	228	234	312	360	408	348	318	168	192	168	318	
360	60	264	318	324	342	342	342	348	348	354	360	372	378	378	420	420	480	462	498	462	462	384	420	372	420	378	378	
318	264	60	270	276	288	288	288	294	294	294	318	318	324	324	414	414	468	462	486	462	462	330	366	366	408	372	324	
300	318	270	60	276	288	288	288	288	288	288	300	300	312	318	408	408	468	462	486	438	438	318	360	360	402	360	312	
288	324	276	276	60	276	276	276	276	276	276	288	288	300	300	402	396	462	456	480	432	432	300	360	360	402	348	300	
276	342	288	288	276	60	180	180	252	258	264	264	264	288	288	390	390	456	450	480	432	432	288	348	348	348	288	288	
264	342	288	288	276	180	60	180	246	258	264	264	264	288	288	390	390	456	450	480	432	432	288	348	348	348	288	288	
264	342	288	288	276	180	180	60	240	258	264	264	264	288	288	390	390	456	450	480	432	432	288	348	348	348	288	288	
150	348	294	288	276	252	246	240	60	120	120	150	126	270	270	378	384	420	438	480	420	408	276	300	300	300	276	270	
150	348	294	288	276	258	258	258	120	60	120	150	150	270	270	378	384	420	438	480	420	408	276	300	300	300	276	270	
150	354	294	288	276	264	264	264	120	120	60	150	150	270	270	378	384	420	438	480	420	408	276	300	300	300	276	270	
60	360	318	300	288	264	264	264	150	150	150	60	90	162	168	228	234	312	360	408	348	318	168	192	192	198	168	162	
90	372	318	300	288	264	264	264	150	150	150	90	60	162	168	228	234	312	360	408	348	318	168	192	192	198	168	162	
90	378	324	312	300	288	288	288	270	270	270	162	162	60	120	180	180	306	210	360	300	300	120	180	120	180	120	234	
162	378	324	318	300	288	288	288	270	270	270	168	168	120	60	180	180	306	210	360	300	300	120	180	120	180	120	120	
168	420	414	408	402	348	348	348	300	300	300	228	228	180	180	60	132	204	132	348	258	258	186	60	180	132	222	180	
204	420	414	408	396	390	390	390	384	384	384	234	234	180	180	132	60	204	132	348	258	258	186	60	180	132	222	180	
228	480	468	468	462	456	456	456	420	420	420	312	312	306	306	204	204	60	198	120	240	240	306	204	306	138	306	306	
234	462	462	462	456	450	450	450	438	438	438	360	360	210	210	132	132	198	60	138	132	132	210	132	210	132	210	210	
312	498	486	486	480	480	480	480	480	480	480	408	408	360	360	348	348	120	138	60	348	348	360	348	360	348	360	360	
360	462	462	438	432	432	432	432	420	420	420	348	348	300	300	258	258	240	132	348	60	60	300	258	300	258	300	300	
408	462	462	438	432	432	432	432	408	408	408	318	318	300	300	258	258	240	132	348	60	60	300	258	300	258	300	300	
348	384	330	318	300	288	288	288	276	276	276	168	168	120	120	186	186	306	210	360	300	300	60	186	120	186	120	120	
318	420	366	360	360	348	348	348	300	300	300	192	192	180	180	60	60	204	132	348	258	258	186	60	180	60	180	180	
168	372	300	306	300	288	288	288	270	270	270	168	168	120	120	180	180	306	210	360	300	300	120	180	60	180	120	120	
192	420	408	402	402	348	348	348	300	300	300	198	198	180	180	132	132	138	132	348	258	258	186	60	180	60	180	180	
168	378	372	360	348	288	288	288	276	276	276	168	168	120	120	222	222	306	210	360	300	300	120	180	120	180	60	120	
318	378	324	312	300	288	288	288	270	270	270	162	162	234	120	180	180	306	210	360	300	300	120	180	120	180	120	60	
DEPOT_DISTANCE_MATRIX
60	360	318	300	288	276	264	264	150	150	150	60	90	90	162	168	204	228	234	312	360	408	348	318	168	192	168	318	
162	378	324	318	300	288	288	288	270	270	270	168	168	120	60	180	180	306	210	360	300	300	120	180	120	180	120	120	
318	420	366	360	360	348	348	348	300	300	300	192	192	180	180	60	60	204	132	348	258	258	186	60	180	60	180	180	
PATIENT_WEIGHT
93	77	50	147	129	63	138	123	100	55	101	51	58	85	128	85	129	82	61	124	38	78	68	52	98	68	83	77	48	96	93	100	146	116	118	51	70	58	124	116	65	125	142	92	50	84	91	97	106	104	117	84	68	102	72	134	129	30	66	114	147	72	114	88	129	60	126	34	139	149	95	123	129	31	143	113	97	134	97	134	128	34	123	89	148	144	120	68	80	76	95	50	66	40	121	147	64	114	132	148	44	68	93	52	31	50	60	49	38	94	41	140	95	122	98	80	32	82	41	73	115	57	131	140	43	105	132	149	145	78	73	72	96	42	49	103	117	111	39	131	45	114	46	112	94	113	42	45	92	84	47	79	32	84	65	86	30	116	134	117	30	116	102	82	41	112	36	56	57	147	54	53	106	72	109	61	123	35	144	105	143	101	41	53	66	145	51	109	103	96	90	48	59	102	141	90	104	96	99	94	70	97	108	39	91	88	135	148	70	139	52	73	37	75	35	93	65	128	130	136	37	84	44	88	65	83	118	64	62	38	52	55	88	30	44	103	141	128	72	143	31	68	84	42	48	97	149	81	114	89	128	45	115	46	66	36	107	137	50	117	134	138	57	107	103	123	85	40	98	99	86	138	86	58	56	145	48	62	99	87	116	79	124	145	40	38	65	103	84	138	61	118	122	93	109	143	70	122	122	137	64	68	44	145	61	43	75	96	114	55	124	69	114	125	118	40	114	135	98	142	80	49	30	43	89	72	70	95	37	81	100	34	38	133	82	81	146	141	113	73	119	119	48	81	146	80	105	147	109	117	62	66	55	82	138	49	59	136	51	67	39	134	71	137	51	34	122	66	67	140	46	96	127	80	49	40	74	127	141	35	77	103	37	82	149	149	39	107	61	129	40	87	146	77	36	73	122	112	68	43	57	107	32	57	40	79	134	97	142	38	87	136	61	104	57	111	50	40	69	61	72	111	105	149	30	59	76	83	62	96	31	111	79	130	55	64	110	117	31	52	148	75	115	116	122	102	135	139	143	67	100	116	129	149	111	128	31	102	47	66	63	33	113	32	42	73	41	133	119	67	85	63	44	50	106	52	99	81	124	86	79	124	124	97	81	104	101	89	40	49	85	115	130	39	131	117	61	83	39	110	79	40	150	130	116	59	94	78	131	77	33	147	41	130	148	69	115	120	62	80	132	53	105	50	128	95	35	43	97	68	113	67	142	82	146	41	64	140	126	138	98	126	149	111	134	149	56	132	103	145	74	63	129	134	138	53	80	140	83	81	147	106	86	73	46	52	81	81	134	93	75	144	60	137	102	56	120	122	115	105	120	143	127	77	73	121	111	106	69	70	60	71	46	88	36	149	71	126	52	111	96	82	111	138	36	31	106	116	91	57	30	39	150	118	66	33	48	109	82	30	34	102	86	129	116	103	132	40	135	82	79	141	38	36	53	122	44	49	38	61	54	130	58	143	64	111	77	150	67	130	66	119	101	34	128	125	102	131	43	102	122	148	77	117	145	142	36	31	135	115	75	53	109	43	146	113	127	67	101	136	111	113	42	59	115	99	126	71	121	91	94	124	139	144	37	133	100	88	58	100	126	132	88	112	72	128	40	144	64	116	101	97	65	115	60	115	46	36	135	84	55	32	30	63	127	118	122	44	100	145	145	103	143	131	150	93	76	51	115	142	75	138	145	129	59	111	63	138	125	143	30	75	59	83	64	118	135	132	39	141	105	87	45	32	110	147	107	141	121	143	127	107	41	77	77	140	128	51	148	94	54	134	101	101	123	53	84	110	89	131	59	33	136	79	57	65	61	100	121	45	39	
LOCATION_TURN_MATRIX
100	130	122	113	112	199	136	122	129	152	173	146	151	136	158	140	176	113	122	167	194	134	110	172	114	184	100	147	
170	100	154	188	164	169	136	136	152	170	104	183	155	115	101	104	155	187	174	115	149	134	178	168	114	135	168	102	
178	146	100	161	178	114	104	165	117	139	126	169	192	109	120	179	160	152	154	134	113	140	154	179	196	196	192	181	
187	112	139	100	158	114	195	181	104	132	195	106	183	169	132	170	140	136	172	148	116	110	123	136	151	120	176	169	
188	136	122	142	100	175	164	159	112	100	167	164	135	191	132	181	104	123	142	156	108	117	193	182	116	147	156	185	
101	131	186	186	125	100	190	147	164	150	137	102	145	176	185	131	113	108	117	186	118	151	140	178	154	189	172	110	
164	164	196	105	136	110	100	186	153	151	183	193	111	157	144	123	188	142	110	163	105	190	166	187	170	171	186	126	
178	164	135	119	141	153	114	100	106	130	108	103	151	178	122	151	130	133	184	177	110	141	166	110	122	174	191	197	
171	148	183	196	188	136	147	194	100	167	100	146	168	129	128	142	172	118	174	147	105	158	156	160	120	106	119	136	
148	130	161	168	200	150	149	170	133	100	177	106	175	116	188	180	176	194	108	146	130	187	183	173	128	141	169	176	
127	196	174	105	133	163	117	192	200	123	100	171	175	140	183	115	104	186	128	153	151	175	100	146	191	117	132	197	
154	117	131	194	136	198	107	197	154	194	129	100	136	184	140	147	172	184	148	131	103	156	185	200	152	158	154	143	
149	145	108	117	165	155	189	149	132	125	125	164	100	140	199	142	101	144	163	185	117	191	200	143	113	165	102	154	
164	185	191	131	109	124	143	122	171	184	160	116	160	100	109	116	196	113	131	186	166	139	183	175	144	161	105	170	
142	199	180	168	168	115	156	178	172	112	117	160	101	191	100	147	177	177	199	158	172	188	164	175	180	168	154	195	
160	196	121	130	119	169	177	149	158	120	185	153	158	184	153	100	152	159	197	157	181	159	102	123	168	200	124	186	
124	145	140	160	196	187	112	170	128	124	196	128	199	104	123	148	100	149	114	112	117	135	105	132	138	180	198	156	
187	113	148	164	177	192	158	167	182	106	114	116	156	187	123	141	151	100	166	132	168	163	159	123	129	173	161	116	
178	126	146	128	158	183	190	116	126	192	172	152	137	169	101	103	186	134	100	184	199	137	130	160	148	113	140	150	
133	185	166	152	144	114	137	123	153	154	147	169	115	114	142	143	188	168	116	100	111	195	128	157	191	164	141	171	
106	151	187	184	192	182	195	190	195	170	149	197	183	134	128	119	183	132	101	189	100	129	151	163	147	166	104	177	
166	166	160	190	183	149	110	159	142	113	125	144	109	161	112	141	165	137	163	105	171	100	101	185	169	129	103	197	
190	122	146	177	107	160	134	134	144	117	200	115	100	117	136	198	195	141	170	172	149	199	100	106	150	116	118	145	
128	132	121	164	118	122	113	190	140	127	154	100	157	125	125	177	168	177	140	143	137	115	194	100	128	167	115	155	
186	186	104	149	184	146	130	178	180	172	109	148	187	156	120	132	162	171	152	109	153	131	150	172	100	155	124	184	
116	165	104	180	153	111	129	126	194	159	183	142	135	139	132	100	120	127	187	136	134	171	184	133	145	100	129	192	
200	132	108	124	144	128	114	109	181	131	168	146	198	195	146	176	102	139	160	159	196	197	182	185	176	171	100	146	
153	198	119	131	115	190	174	103	164	124	103	157	146	130	105	114	144	184	150	129	123	103	155	145	116	108	154	100	

