INDEX_PROBLEM
1
PATIENTS
800
STRETCHERS
16
NUM_ROOM
28
NUM_DEPOTS
3
NUM_PRIORITY
4
PRIORITY_LIST
0	1	2	3	4	
PRIORITY_WEIGHT
0	1	10	18	30	
PRIORITY_JOB
0	1	2	2	3	3	1	2	3	2	3	3	1	2	2	3	2	3	3	4	1	1	2	4	3	3	3	4	1	2	2	3	3	3	4	1	1	2	2	3	4	3	3	1	2	2	3	3	2	4	1	2	2	3	3	4	3	1	1	4	1	2	2	3	1	1	3	1	2	2	3	3	3	1	4	1	1	2	3	1	3	3	1	2	2	3	3	4	4	1	1	1	2	2	3	2	1	3	1	2	2	3	3	4	2	3	1	4	1	2	2	3	2	1	3	1	2	2	3	3	4	4	1	1	2	2	3	3	1	2	1	1	2	3	3	4	3	3	1	1	2	2	3	3	4	2	1	1	2	2	3	3	2	4	1	1	1	2	2	3	3	1	4	1	2	2	3	3	3	3	1	1	1	2	2	3	3	2	3	4	1	2	2	3	3	4	2	1	1	2	1	3	4	1	3	1	2	2	3	3	4	3	1	1	1	2	2	3	1	2	4	1	2	2	3	3	4	2	1	1	2	2	3	3	2	1	2	4	1	2	2	3	3	1	3	2	1	2	3	3	4	1	1	1	1	2	3	3	1	3	4	2	1	2	3	3	4	1	2	1	2	2	3	4	1	2	3	2	1	1	2	3	3	4	2	1	2	2	3	3	4	2	4	1	1	1	2	2	3	3	1	1	2	2	3	3	4	3	3	1	1	2	2	3	3	2	1	1	2	2	3	3	4	1	3	1	1	2	2	3	4	1	2	1	2	2	3	3	4	1	3	1	1	2	2	3	3	2	1	4	1	2	2	3	3	1	2	4	2	1	2	3	3	4	1	1	2	2	3	3	1	3	2	2	1	2	3	3	4	1	1	1	2	2	3	4	1	3	3	1	1	2	2	3	3	4	2	1	1	2	2	3	3	3	2	1	1	1	2	4	2	3	1	3	1	2	2	3	2	3	4	1	1	2	2	3	3	1	3	4	1	2	2	3	3	4	3	1	1	1	2	2	3	1	2	4	1	2	2	3	3	4	3	1	1	1	2	2	3	2	1	3	1	2	2	3	3	4	3	1	1	2	2	3	3	1	2	1	2	2	3	3	4	2	1	1	2	2	3	3	1	1	1	2	2	3	4	1	3	3	1	1	2	2	3	3	4	2	1	1	2	2	3	3	3	4	1	1	1	4	1	2	2	3	2	3	1	2	2	3	1	2	3	4	1	2	2	3	1	3	3	1	2	2	3	3	3	3	1	4	1	1	2	2	1	2	3	4	1	2	2	3	1	3	3	4	1	1	2	2	1	2	3	3	1	2	2	3	3	3	1	1	2	2	3	3	1	1	4	1	2	2	3	3	2	3	1	1	3	2	2	3	2	4	1	1	2	2	3	3	1	1	1	4	1	2	2	3	2	3	4	1	1	2	2	3	4	1	1	3	3	1	2	2	1	1	3	3	4	1	2	2	2	1	3	3	1	2	2	2	4	3	3	4	1	2	2	3	3	1	3	3	1	1	2	1	1	3	3	4	1	2	2	3	3	1	3	4	1	1	2	2	1	2	3	3	1	2	2	3	2	1	3	4	1	2	2	1	3	3	1	2	2	3	3	4	1	1	4	1	2	2	3	2	1	3	1	1	2	3	3	3	3	1	4	1	2	2	3	3	1	4	1	1	2	2	3	3	2	1	1	3	1	2	2	3	2	3	4	1	2	2	3	4	3	1	1	3	1	2	2	3	1	1	3	4	1	2	2	1	2	1	3	3	1	1	2	1	1	1	3	3	4	1	2	1	1	2	3	3	4	1	1	2	1	1	1	2	2	3	3	1	1	1	2	2	3	3	4	2	1	
TIME_ASKED
0	28800	28800	28800	28800	28800	28800	28800	28800	28800	28800	28800	28800	28800	28800	28800	28800	29545	29574	29603	29632	29661	29690	29742	29784	29826	29868	29910	29952	29994	30029	30058	30087	30116	30145	30174	30203	30232	30261	30290	30329	30358	30387	30416	30445	30474	30503	30532	30561	30590	30621	30642	30663	30684	30705	30726	30747	30768	30789	30810	30831	30852	30873	30894	30949	30998	31047	31096	31145	31194	31227	31254	31281	31308	31335	31362	31389	31416	31443	31470	31497	31524	31548	31572	31596	31620	31644	31668	31692	31716	31740	31764	31788	31837	31874	31911	31948	31985	32022	32059	32096	32159	32218	32277	32336	32395	32419	32438	32457	32476	32495	32514	32533	32552	32571	32590	32609	32628	32647	32666	32685	32759	32818	32877	32936	32995	33027	33054	33081	33108	33135	33162	33189	33216	33243	33270	33297	33333	33366	33399	33432	33465	33498	33531	33564	33597	33616	33632	33648	33664	33680	33696	33712	33728	33744	33760	33776	33792	33808	33824	33840	33856	33872	33888	33933	33966	33999	34032	34065	34098	34131	34164	34197	34242	34284	34326	34368	34410	34452	34494	34533	34566	34599	34632	34665	34698	34731	34764	34797	34827	34854	34881	34908	34935	34962	34989	35016	35043	35070	35097	35137	35174	35211	35248	35285	35322	35359	35396	35433	35466	35499	35532	35565	35598	35631	35664	35697	35723	35746	35769	35792	35815	35838	35861	35884	35907	35930	35953	35976	35999	36023	36046	36069	36092	36115	36138	36161	36184	36207	36230	36253	36276	36299	36327	36354	36381	36408	36435	36462	36489	36516	36543	36570	36597	36619	36638	36657	36676	36695	36714	36733	36752	36771	36790	36809	36828	36847	36866	36885	36949	36998	37047	37096	37145	37194	37259	37318	37377	37436	37495	37549	37598	37647	37696	37745	37794	37827	37854	37881	37908	37935	37962	37989	38016	38043	38070	38097	38123	38146	38169	38192	38215	38238	38261	38284	38307	38330	38353	38376	38399	38419	38438	38457	38476	38495	38514	38533	38552	38571	38590	38609	38628	38647	38666	38685	38742	38784	38826	38868	38910	38952	38994	39029	39058	39087	39116	39145	39174	39203	39232	39261	39290	39349	39398	39447	39496	39545	39594	39633	39666	39699	39732	39765	39798	39831	39864	39897	39937	39974	40011	40048	40085	40122	40159	40196	40242	40284	40326	40368	40410	40452	40494	40542	40584	40626	40668	40710	40752	40794	40849	40898	40947	40996	41045	41094	41133	41166	41199	41232	41265	41298	41331	41364	41397	41423	41446	41469	41492	41515	41538	41561	41584	41607	41630	41653	41676	41699	41749	41798	41847	41896	41945	41994	42099	42198	42297	42342	42384	42426	42468	42510	42552	42594	42699	42798	42897	42923	42946	42969	42992	43015	43038	43061	43084	43107	43130	43153	43176	43199	43237	43274	43311	43348	43385	43422	43459	43496	43549	43598	43647	43696	43745	43794	43899	43998	44097	44159	44218	44277	44336	44395	44459	44518	44577	44636	44695	44799	44898	44997	45033	45066	45099	45132	45165	45198	45231	45264	45297	45337	45374	45411	45448	45485	45522	45559	45596	45637	45674	45711	45748	45785	45822	45859	45896	45959	46018	46077	46136	46195	46249	46298	46347	46396	46445	46494	46537	46574	46611	46648	46685	46722	46759	46796	46821	46842	46863	46884	46905	46926	46947	46968	46989	47010	47031	47052	47073	47094	47199	47298	47397	47437	47474	47511	47548	47585	47622	47659	47696	47737	47774	47811	47848	47885	47922	47959	47996	48049	48098	48147	48196	48245	48294	48324	48348	48372	48396	48420	48444	48468	48492	48516	48540	48564	48588	48627	48654	48681	48708	48735	48762	48789	48816	48843	48870	48897	48937	48974	49011	49048	49085	49122	49159	49196	49233	49266	49299	49332	49365	49398	49431	49464	49497	49537	49574	49611	49648	49685	49722	49759	49796	49827	49854	49881	49908	49935	49962	49989	50016	50043	50070	50097	50149	50198	50247	50296	50345	50394	50424	50448	50472	50496	50520	50544	50568	50592	50616	50640	50664	50688	50737	50774	50811	50848	50885	50922	50959	50996	51027	51054	51081	51108	51135	51162	51189	51216	51243	51270	51297	51324	51348	51372	51396	51420	51444	51468	51492	51516	51540	51564	51588	51637	51674	51711	51748	51785	51822	51859	51896	51933	51966	51999	52032	52065	52098	52131	52164	52197	52259	52318	52377	52436	52495	52517	52534	52551	52568	52585	52602	52619	52636	52653	52670	52687	52704	52721	52738	52755	52772	52789	52859	52918	52977	53036	53095	53137	53174	53211	53248	53285	53322	53359	53396	53459	53518	53577	53636	53695	53733	53766	53799	53832	53865	53898	53931	53964	53997	54027	54054	54081	54108	54135	54162	54189	54216	54243	54270	54297	54374	54448	54522	54596	54627	54654	54681	54708	54735	54762	54789	54816	54843	54870	54897	55049	55198	55237	55274	55311	55348	55385	55422	55459	55496	55574	55648	55722	55796	55827	55854	55881	55908	55935	55962	55989	56016	56043	56070	56097	56399	56499	56598	56697	56733	56766	56799	56832	56865	56898	56931	56964	56997	57049	57098	57147	57196	57245	57294	57359	57418	57477	57536	57595	
ORIGIN
0	16	6	27	19	7	27	25	14	14	23	10	2	23	12	11	14	14	3	23	14	14	14	16	14	14	16	7	27	20	7	7	14	9	1	23	11	2	2	13	14	14	2	3	24	14	14	14	27	6	27	18	7	27	20	8	23	14	17	2	23	12	2	14	5	2	23	14	4	24	11	1	11	25	7	27	19	8	9	14	14	1	23	11	2	23	14	13	2	13	2	24	14	4	26	7	5	1	18	7	27	20	14	1	23	4	8	23	12	2	23	14	14	1	14	4	24	15	4	23	16	23	3	14	3	27	23	14	12	16	10	2	23	12	2	16	16	2	14	14	4	26	20	8	14	14	7	27	20	8	1	8	2	3	23	27	27	23	4	14	14	27	4	24	15	4	26	16	1	27	26	14	2	22	8	26	26	26	2	23	12	2	23	27	14	26	14	14	14	16	5	14	14	14	27	20	8	27	23	14	23	23	20	2	23	13	2	14	27	26	27	14	4	26	16	14	27	14	14	2	14	8	1	14	14	23	27	12	2	23	14	3	23	14	14	27	11	27	14	23	23	3	10	8	27	23	9	1	3	3	2	14	14	14	2	10	16	27	1	4	26	16	1	26	16	14	1	4	26	14	23	2	6	2	2	2	23	13	3	23	2	10	27	27	14	1	14	14	14	1	2	27	23	8	1	22	22	14	22	14	2	14	14	3	14	14	27	26	16	5	26	26	7	23	23	14	14	14	9	3	14	2	14	23	13	2	23	14	3	14	14	14	1	7	7	3	3	14	23	2	8	1	23	10	2	14	11	2	26	26	14	14	19	8	19	15	5	26	26	7	19	4	8	14	14	14	3	14	20	7	27	13	2	23	7	3	20	20	27	7	14	14	27	14	14	10	2	8	1	23	10	1	23	12	4	14	14	14	27	14	14	14	15	27	26	16	6	1	14	3	14	14	14	3	3	20	20	14	14	2	23	14	3	27	14	27	27	7	14	1	1	14	7	7	2	2	23	10	1	27	24	2	14	14	14	27	14	27	14	11	14	20	16	6	27	19	7	23	23	23	3	23	17	14	12	26	26	23	14	3	23	14	27	4	1	11	1	25	14	23	26	2	2	23	9	26	23	11	2	26	27	27	14	14	14	24	2	20	20	16	5	27	18	7	27	14	14	14	14	17	2	23	23	27	27	14	3	23	14	4	1	15	14	1	14	6	4	19	14	14	11	9	1	23	11	2	2	27	14	27	14	14	15	15	14	14	4	1	26	17	7	27	24	1	3	14	14	2	27	20	2	4	2	3	23	14	4	24	15	4	25	14	14	3	26	14	14	4	2	1	23	10	2	14	12	2	22	14	27	15	15	14	27	27	27	26	16	7	27	14	23	14	14	3	20	23	11	2	24	26	2	23	14	3	24	14	4	14	14	14	26	26	7	14	14	14	14	23	10	2	23	12	26	14	15	27	27	14	27	11	11	23	26	14	7	27	19	8	2	2	3	16	16	11	2	1	14	27	16	14	3	24	14	4	14	3	26	26	14	7	27	26	14	3	23	10	1	23	12	2	23	15	4	14	14	14	24	23	23	1	16	6	27	19	7	27	12	1	20	20	20	2	23	14	27	26	14	3	23	14	4	8	7	23	14	16	7	27	20	4	4	2	9	1	23	11	2	23	13	26	27	14	4	24	15	1	1	5	6	27	18	7	27	21	14	26	14	10	2	23	2	15	2	14	3	23	14	4	8	12	25	3	25	7	27	20	14	14	13	9	1	23	11	2	14	14	4	14	14	3	24	14	1	1	7	5	27	18	7	27	20	8	23	14	2	1	23	12	2	7	1	
DESTINATION
0	14	17	2	22	23	2	14	5	3	27	14	14	27	11	12	25	25	14	4	26	20	9	14	2	9	16	20	2	14	13	13	4	14	14	27	15	14	27	7	5	5	27	14	2	26	8	8	23	17	2	27	20	2	14	14	1	16	6	14	27	11	14	25	14	14	3	26	14	2	12	14	12	14	20	2	22	14	14	16	16	14	27	15	14	27	20	7	14	7	14	1	26	14	3	13	14	23	27	20	2	14	4	14	27	14	14	27	11	14	1	8	8	23	26	14	2	14	14	26	14	26	23	3	23	2	27	1	11	14	14	14	27	11	14	14	14	27	1	1	14	3	14	14	2	2	20	2	14	14	14	14	27	26	1	18	18	1	14	1	1	23	14	2	14	14	3	14	14	23	14	4	24	2	14	23	23	23	14	27	11	14	1	23	16	3	10	10	10	14	14	2	16	16	2	14	14	2	27	16	1	1	7	27	1	7	14	1	2	3	23	26	14	3	14	2	2	2	4	24	4	14	14	16	1	27	2	11	14	1	25	14	3	1	2	23	12	23	2	27	27	26	14	14	2	27	14	14	26	14	27	20	20	8	27	14	14	23	23	14	3	14	14	3	14	2	14	14	14	4	27	14	17	14	14	14	1	7	14	3	27	14	23	23	2	23	2	3	3	14	14	2	26	14	14	19	19	8	19	8	27	8	25	14	1	3	2	3	14	14	3	14	20	27	27	4	4	16	14	26	16	14	1	1	7	14	1	1	14	10	2	2	23	13	13	23	23	10	27	14	14	14	27	14	14	4	15	14	23	23	8	1	22	14	22	14	14	3	14	20	22	14	14	16	16	5	26	26	7	20	23	7	14	1	20	14	7	7	2	13	2	2	2	2	3	14	14	14	14	27	14	14	27	11	14	20	8	1	23	26	2	2	11	23	3	14	17	14	2	26	26	5	5	26	26	7	7	4	26	14	1	25	14	23	26	2	2	13	2	23	23	3	20	20	27	27	27	14	14	18	2	14	20	8	1	23	10	23	1	12	4	14	14	17	2	22	23	27	27	27	26	27	6	1	11	14	14	1	25	14	4	26	2	14	23	12	23	14	3	27	14	27	27	27	14	14	27	15	14	14	2	23	10	26	1	1	24	14	14	14	14	2	27	20	2	4	2	20	16	6	27	7	7	23	23	25	14	3	26	14	23	14	2	23	3	17	23	22	4	4	12	14	14	27	15	14	27	23	26	23	26	26	11	11	2	26	14	14	3	9	20	2	2	24	26	16	5	27	18	7	27	14	14	14	3	26	14	2	14	14	14	3	3	23	14	4	15	14	14	14	27	14	14	9	11	14	19	1	23	11	11	2	2	2	2	3	16	20	2	1	27	4	1	26	7	27	15	27	1	3	14	1	26	14	2	26	14	2	3	3	14	14	20	15	4	4	15	27	14	14	27	11	23	2	14	23	23	26	23	12	12	1	3	20	20	2	22	14	27	27	26	16	16	15	27	14	2	23	14	26	14	1	26	14	4	26	14	14	3	20	2	14	4	26	27	14	14	27	11	14	1	14	14	2	10	2	2	26	26	14	14	17	2	22	23	2	11	23	14	7	7	14	27	8	2	3	25	14	5	26	14	14	13	27	16	16	20	2	14	14	14	14	14	14	27	20	14	1	7	3	23	1	14	2	14	23	23	14	17	2	27	23	2	7	1	23	1	14	14	27	27	14	27	25	14	4	26	14	14	11	14	26	14	20	2	14	8	8	7	14	14	27	15	14	4	2	14	4	9	14	1	26	23	23	13	14	2	27	20	2	14	14	27	5	27	14	27	11	14	21	14	
DUE_DATE
0	31147	30476	30525	30094	30143	31392	30727	30296	30825	30394	30443	31692	31007	31036	30585	31094	30643	30672	30161	31930	31959	31268	30300	30882	30924	30966	30468	32250	31572	31607	31156	31185	31214	30703	32472	32501	31810	31839	31388	30887	31456	31485	32714	32023	32052	31601	31630	32139	31148	32919	32220	32241	31782	31803	31284	31845	33066	33087	31368	33129	32430	32451	31992	33247	33296	32145	33394	32723	32772	32325	32352	32379	33606	31893	33660	33687	32994	32541	33768	32595	32622	33846	33150	33174	32718	32742	32226	32250	34014	34038	34062	33366	33415	32972	33489	34246	33083	34320	33637	33674	33257	33316	32835	33914	33493	34717	32996	34755	34054	34073	33612	34111	34850	33669	34888	34187	34206	33745	33764	33243	33317	35116	35175	34514	34573	34125	34152	35379	34686	35433	35460	34767	34314	34341	33828	34395	34431	35664	35697	35010	35043	34596	34629	34122	35175	35914	35930	35226	35242	34778	34794	35290	34286	36042	36058	36074	35370	35386	34922	34938	36154	34430	36186	35511	35544	35097	35130	35163	35196	36429	36462	36495	35820	35862	35424	35466	35988	35550	35052	36831	36144	36177	35730	35763	35256	36309	37062	37095	36405	37152	35979	35466	37233	36060	37287	36594	36621	36168	36195	35695	36272	37509	37546	37583	36900	36937	36494	37731	37044	36057	37830	37143	37176	36729	36762	36255	37301	38044	38067	37370	37393	36936	36959	37462	38205	37508	36511	38274	37577	37601	37144	37167	38390	37213	37716	38459	37762	37305	37328	36811	38574	38597	38625	38652	37959	37506	37533	38760	37587	37074	38121	38868	38175	37717	37736	37215	38974	38273	39012	38311	38330	37869	37348	39107	38406	37945	38444	39183	39247	38576	38145	38194	37703	38772	39557	38896	38955	38534	38593	38107	39176	38205	39994	40043	40092	39405	39432	38979	39006	40233	40260	39567	39594	39141	39168	38655	39221	39244	40467	40490	39793	39816	39359	39382	39885	40628	40651	39954	39977	39517	39536	39015	40774	39593	40812	40831	40130	40149	39688	39167	40926	40225	40964	40263	40320	39882	39924	39426	41208	40050	41292	41327	40636	40665	40214	40243	40752	41501	39790	41559	40868	40927	40496	40545	41794	41123	40152	41211	41964	41277	40830	40863	40356	42129	42162	41475	41515	41072	41109	42346	41183	41700	41737	42494	41820	41382	41424	40926	42708	42750	42792	42120	42162	41724	41226	43008	41850	41892	43147	43196	42525	42574	42143	42192	41691	42744	43497	43530	42843	42876	42429	42462	42495	43001	43744	43767	43790	43093	42096	43139	42682	43905	42728	43951	43254	43277	42847	43376	42945	42454	44243	44292	43677	43776	43395	43440	44682	43524	43026	44808	44130	44172	43797	43896	43455	44021	45244	45267	45290	44593	44616	44159	45382	44685	43688	45451	44754	44777	44335	44372	43869	44446	45683	45720	45757	45074	45127	44696	45225	45994	44843	46092	45477	45576	45195	45257	44776	45375	46634	46693	46037	46096	45675	45734	46993	46377	47196	46575	46611	46164	46197	45690	46743	47496	47529	46842	46875	46435	46472	47709	47746	47783	47100	47137	46694	46195	47972	46809	46846	48083	48120	47437	47474	47057	47116	46635	47714	48493	48547	47876	47925	47494	47543	47592	47095	48872	48909	48946	47243	49020	48337	48374	47919	48420	47961	49182	48483	48504	48045	49266	48567	48108	47589	49350	48651	48672	48297	49596	48495	48535	49772	49089	49126	48683	48720	48757	48794	50035	48332	50109	50146	49463	49500	50257	49574	49147	48656	50445	49774	49823	49392	50622	49446	49470	48954	50718	50742	50046	50070	50814	50118	49662	49686	50925	50232	50259	49806	49833	49860	51087	51114	50421	50448	49995	50035	51272	51309	49606	51383	50700	50737	50294	50331	50844	50397	51630	51663	50496	51009	51042	50595	51115	50132	51909	51946	51263	51300	50857	50894	52125	52152	52179	50466	52233	51540	51567	51114	51621	51168	50655	52447	52496	51825	51874	51443	50952	52722	52746	51570	51594	52818	52122	52146	52890	52914	51738	51762	51246	53035	52352	52389	52426	53183	52020	52057	53294	52605	52632	52659	51666	52233	52260	51747	53514	52821	52848	52395	52422	53646	52470	52494	53718	53742	53046	53790	53814	52638	52662	52146	53935	53252	53289	52846	52883	54120	52957	52454	54231	54264	53577	53610	54363	53676	53229	53262	54495	53837	53896	53475	54014	54793	53615	53092	54849	54146	54163	54900	53717	53734	54951	54248	54265	53802	53819	53296	55053	55070	53347	55157	54496	54555	54134	54673	55435	54272	55509	55546	54863	54420	54457	54494	54557	55816	54135	55934	55273	55311	54864	54897	56130	54423	56196	56229	55542	55575	55125	55152	55659	56406	56433	55260	56487	55794	55821	55368	55875	55472	55006	56820	56174	56205	55752	55239	55806	57033	57060	55887	57114	56421	56448	55995	57347	57496	56335	55832	57609	56926	56963	57720	57037	57794	56672	56746	58020	58094	57405	58152	58179	58206	57033	57060	56547	58314	57621	58368	58395	57977	57597	57696	57255	59031	59064	58377	59130	59163	59196	58509	58542	58095	58147	59396	59445	59494	58823	58872	58457	58516	58035	59114	59893	
TRANSPORT_MODE
0	2	2	4	4	4	4	2	0	4	4	4	1	4	4	0	0	2	4	4	4	4	4	0	0	2	4	4	4	4	4	2	0	4	4	4	4	4	4	0	0	2	2	4	4	4	4	2	0	4	4	4	4	4	4	0	0	3	3	4	4	4	4	4	0	0	2	4	4	4	4	4	0	3	4	1	1	4	4	0	0	2	4	4	4	4	1	4	0	3	1	4	4	4	4	0	0	2	2	4	4	4	1	1	0	0	3	4	4	4	4	4	0	0	4	2	2	4	4	4	1	0	3	4	1	4	4	4	0	0	2	4	4	4	4	1	0	0	4	3	4	4	4	1	4	0	2	4	4	4	4	4	0	0	3	3	4	4	4	4	4	0	2	4	4	4	4	4	0	0	4	3	3	4	1	4	1	0	0	1	2	4	4	4	4	0	0	1	3	4	4	4	4	0	4	2	4	1	1	4	1	0	3	4	4	4	1	4	0	0	4	2	2	4	4	4	4	0	3	1	4	1	4	4	0	0	0	4	2	2	4	1	1	4	0	4	3	4	4	4	4	0	0	1	2	4	4	4	4	0	0	1	3	4	4	1	4	1	0	2	4	4	1	4	4	0	0	4	3	3	1	1	4	4	0	2	1	4	4	4	1	0	0	4	3	3	4	4	1	4	0	1	2	1	4	1	4	0	0	4	3	4	4	4	1	0	0	1	2	4	4	4	4	4	0	3	1	1	4	1	1	0	0	1	2	2	1	4	4	4	0	3	4	4	4	1	4	0	0	4	2	2	1	4	1	4	0	0	1	3	1	1	4	4	0	4	2	1	4	4	1	0	0	4	3	1	1	4	1	4	0	2	4	4	4	1	1	0	0	3	3	1	4	4	1	4	0	2	1	4	1	1	1	0	0	4	3	3	1	1	4	4	0	2	1	4	4	4	0	4	0	3	4	4	1	1	1	0	0	4	2	1	1	1	4	1	0	3	1	4	4	1	1	0	0	2	2	4	4	1	4	1	0	3	4	4	1	4	1	0	0	2	2	1	1	1	1	4	0	3	1	1	4	1	4	0	0	2	1	4	1	1	4	0	3	1	4	4	1	4	2	0	4	1	1	1	4	1	0	0	3	3	1	4	1	1	2	0	1	1	1	1	1	4	0	0	0	3	3	4	1	4	1	4	0	2	1	4	4	4	3	0	1	1	1	4	1	2	0	0	1	1	1	1	1	1	0	0	3	4	4	1	1	1	0	0	2	2	1	1	4	1	3	0	4	4	1	4	4	1	0	0	2	2	1	1	1	1	1	0	3	4	1	4	1	1	0	0	2	1	1	1	1	4	0	0	3	1	1	1	4	1	0	2	4	1	4	1	1	0	0	3	3	1	1	1	4	1	0	2	1	1	1	1	1	0	0	3	3	1	4	1	1	4	0	0	2	1	1	1	4	1	0	3	1	1	4	1	1	0	0	2	4	1	1	1	1	0	0	3	1	1	1	1	4	0	0	2	4	1	1	1	1	1	0	3	1	4	1	1	1	0	0	2	2	1	1	4	1	1	0	3	1	1	1	1	1	0	2	2	1	1	4	1	1	0	0	3	1	1	1	1	1	0	0	2	4	1	1	1	4	0	0	3	1	1	1	1	1	1	0	2	1	1	1	1	1	0	0	3	3	4	1	1	1	1	0	2	1	1	1	1	4	0	0	3	3	1	1	1	1	1	0	3	1	1	1	1	1	0	0	3	1	1	1	4	1	0	0	3	1	1	1	1	1	3	0	1	1	1	1	1	1	0	0	3	3	1	1	1	1	1	0	3	1	1	1	1	1	0	0	
DISTANCE_MATRIX
60	360	318	300	288	276	264	264	150	150	150	60	90	90	162	168	204	228	234	312	360	408	348	318	168	192	168	318	
360	60	264	318	324	342	342	342	348	348	354	360	372	378	378	420	420	480	462	498	462	462	384	420	372	420	378	378	
318	264	60	270	276	288	288	288	294	294	294	318	318	324	324	414	414	468	462	486	462	462	330	366	366	408	372	324	
300	318	270	60	276	288	288	288	288	288	288	300	300	312	318	408	408	468	462	486	438	438	318	360	360	402	360	312	
288	324	276	276	60	276	276	276	276	276	276	288	288	300	300	402	396	462	456	480	432	432	300	360	360	402	348	300	
276	342	288	288	276	60	180	180	252	258	264	264	264	288	288	390	390	456	450	480	432	432	288	348	348	348	288	288	
264	342	288	288	276	180	60	180	246	258	264	264	264	288	288	390	390	456	450	480	432	432	288	348	348	348	288	288	
264	342	288	288	276	180	180	60	240	258	264	264	264	288	288	390	390	456	450	480	432	432	288	348	348	348	288	288	
150	348	294	288	276	252	246	240	60	120	120	150	126	270	270	378	384	420	438	480	420	408	276	300	300	300	276	270	
150	348	294	288	276	258	258	258	120	60	120	150	150	270	270	378	384	420	438	480	420	408	276	300	300	300	276	270	
150	354	294	288	276	264	264	264	120	120	60	150	150	270	270	378	384	420	438	480	420	408	276	300	300	300	276	270	
60	360	318	300	288	264	264	264	150	150	150	60	90	162	168	228	234	312	360	408	348	318	168	192	192	198	168	162	
90	372	318	300	288	264	264	264	150	150	150	90	60	162	168	228	234	312	360	408	348	318	168	192	192	198	168	162	
90	378	324	312	300	288	288	288	270	270	270	162	162	60	120	180	180	306	210	360	300	300	120	180	120	180	120	234	
162	378	324	318	300	288	288	288	270	270	270	168	168	120	60	180	180	306	210	360	300	300	120	180	120	180	120	120	
168	420	414	408	402	348	348	348	300	300	300	228	228	180	180	60	132	204	132	348	258	258	186	60	180	132	222	180	
204	420	414	408	396	390	390	390	384	384	384	234	234	180	180	132	60	204	132	348	258	258	186	60	180	132	222	180	
228	480	468	468	462	456	456	456	420	420	420	312	312	306	306	204	204	60	198	120	240	240	306	204	306	138	306	306	
234	462	462	462	456	450	450	450	438	438	438	360	360	210	210	132	132	198	60	138	132	132	210	132	210	132	210	210	
312	498	486	486	480	480	480	480	480	480	480	408	408	360	360	348	348	120	138	60	348	348	360	348	360	348	360	360	
360	462	462	438	432	432	432	432	420	420	420	348	348	300	300	258	258	240	132	348	60	60	300	258	300	258	300	300	
408	462	462	438	432	432	432	432	408	408	408	318	318	300	300	258	258	240	132	348	60	60	300	258	300	258	300	300	
348	384	330	318	300	288	288	288	276	276	276	168	168	120	120	186	186	306	210	360	300	300	60	186	120	186	120	120	
318	420	366	360	360	348	348	348	300	300	300	192	192	180	180	60	60	204	132	348	258	258	186	60	180	60	180	180	
168	372	300	306	300	288	288	288	270	270	270	168	168	120	120	180	180	306	210	360	300	300	120	180	60	180	120	120	
192	420	408	402	402	348	348	348	300	300	300	198	198	180	180	132	132	138	132	348	258	258	186	60	180	60	180	180	
168	378	372	360	348	288	288	288	276	276	276	168	168	120	120	222	222	306	210	360	300	300	120	180	120	180	60	120	
318	378	324	312	300	288	288	288	270	270	270	162	162	234	120	180	180	306	210	360	300	300	120	180	120	180	120	60	
DEPOT_DISTANCE_MATRIX
60	360	318	300	288	276	264	264	150	150	150	60	90	90	162	168	204	228	234	312	360	408	348	318	168	192	168	318	
162	378	324	318	300	288	288	288	270	270	270	168	168	120	60	180	180	306	210	360	300	300	120	180	120	180	120	120	
318	420	366	360	360	348	348	348	300	300	300	192	192	180	180	60	60	204	132	348	258	258	186	60	180	60	180	180	
PATIENT_WEIGHT
48	84	143	88	112	69	83	82	61	68	63	114	141	71	83	139	93	120	84	148	56	52	91	59	38	77	94	146	119	61	100	97	79	49	46	55	60	124	65	130	74	60	43	131	72	62	45	43	70	147	49	108	142	97	98	103	116	66	44	56	142	67	58	80	63	131	66	127	54	107	142	105	114	81	66	88	44	39	116	116	74	62	122	121	125	114	68	61	95	88	45	84	83	127	133	139	95	124	114	44	93	31	65	57	124	146	95	127	126	45	130	98	150	56	67	58	112	59	53	143	64	76	115	60	144	98	101	53	136	68	39	133	106	116	80	133	55	141	47	98	83	111	78	97	116	118	125	83	149	62	104	90	120	147	119	103	128	140	142	53	118	92	43	53	66	138	121	75	104	121	138	133	54	67	94	87	141	79	77	135	77	78	111	105	42	37	70	46	46	34	50	58	106	113	124	120	70	42	74	76	148	94	133	62	126	141	32	145	45	108	126	145	35	65	49	76	100	105	58	123	68	31	34	113	52	112	55	114	89	140	68	67	72	117	121	56	54	83	57	105	140	107	104	141	150	72	139	105	99	136	73	65	127	41	35	147	130	130	144	148	49	98	44	125	62	30	72	47	130	120	53	64	117	47	98	100	107	86	108	130	142	142	148	78	51	80	72	121	132	81	70	49	121	72	36	94	61	93	108	121	116	79	48	90	83	80	123	43	95	131	84	119	125	30	100	49	82	63	60	138	69	56	116	72	141	112	131	86	43	42	130	64	37	57	126	138	102	95	116	33	122	86	39	34	125	91	128	116	110	42	46	119	91	42	54	35	142	35	113	76	66	103	130	121	129	32	73	116	97	45	108	125	46	41	47	69	45	47	110	63	77	65	68	102	118	76	57	50	150	114	138	145	140	61	142	66	41	124	136	137	36	114	104	97	54	132	37	147	118	96	49	150	72	68	126	43	150	52	69	92	79	97	132	99	70	116	54	82	135	112	101	118	141	136	134	75	127	37	129	49	125	74	142	105	124	107	98	66	73	50	112	140	78	34	132	96	49	121	126	118	69	32	87	130	114	46	116	126	61	57	72	75	128	146	87	86	123	94	129	101	143	31	88	62	89	53	90	110	126	108	124	137	107	46	138	109	50	97	48	55	138	98	64	72	118	39	66	114	107	138	146	150	104	129	88	39	35	86	43	93	77	91	80	77	124	141	102	132	92	140	129	145	96	116	107	65	47	142	91	132	116	123	81	115	115	67	39	71	134	136	31	89	68	49	128	47	48	107	36	79	41	122	139	133	109	91	93	37	34	131	31	90	77	68	109	94	109	49	60	54	33	139	79	97	114	150	127	54	74	69	81	114	76	70	145	111	39	70	50	138	113	70	108	58	66	148	140	81	48	40	133	114	64	44	45	36	87	64	86	31	113	121	38	39	31	92	51	52	136	138	61	83	42	132	87	51	46	65	51	109	99	108	122	130	147	115	72	83	32	97	30	76	94	60	36	48	140	88	136	30	94	102	89	78	67	96	31	143	40	47	53	124	40	136	84	43	40	149	106	105	96	77	70	50	109	71	148	33	47	40	52	75	50	88	111	112	73	92	146	95	137	146	99	137	72	117	32	34	108	44	56	77	138	116	104	47	58	56	65	93	81	143	48	49	43	129	96	74	37	123	106	102	32	135	53	121	131	84	104	59	140	59	61	108	119	137	79	109	42	83	39	62	138	73	54	111	65	118	34	68	125	123	45	32	108	80	56	111	94	122	48	119	138	89	150	42	92	54	71	36	40	40	112	103	63	41	92	122	31	85	61	118	93	104	92	69	80	82	107	86	113	
LOCATION_TURN_MATRIX
100	130	122	113	112	199	136	122	129	152	173	146	151	136	158	140	176	113	122	167	194	134	110	172	114	184	100	147	
170	100	154	188	164	169	136	136	152	170	104	183	155	115	101	104	155	187	174	115	149	134	178	168	114	135	168	102	
178	146	100	161	178	114	104	165	117	139	126	169	192	109	120	179	160	152	154	134	113	140	154	179	196	196	192	181	
187	112	139	100	158	114	195	181	104	132	195	106	183	169	132	170	140	136	172	148	116	110	123	136	151	120	176	169	
188	136	122	142	100	175	164	159	112	100	167	164	135	191	132	181	104	123	142	156	108	117	193	182	116	147	156	185	
101	131	186	186	125	100	190	147	164	150	137	102	145	176	185	131	113	108	117	186	118	151	140	178	154	189	172	110	
164	164	196	105	136	110	100	186	153	151	183	193	111	157	144	123	188	142	110	163	105	190	166	187	170	171	186	126	
178	164	135	119	141	153	114	100	106	130	108	103	151	178	122	151	130	133	184	177	110	141	166	110	122	174	191	197	
171	148	183	196	188	136	147	194	100	167	100	146	168	129	128	142	172	118	174	147	105	158	156	160	120	106	119	136	
148	130	161	168	200	150	149	170	133	100	177	106	175	116	188	180	176	194	108	146	130	187	183	173	128	141	169	176	
127	196	174	105	133	163	117	192	200	123	100	171	175	140	183	115	104	186	128	153	151	175	100	146	191	117	132	197	
154	117	131	194	136	198	107	197	154	194	129	100	136	184	140	147	172	184	148	131	103	156	185	200	152	158	154	143	
149	145	108	117	165	155	189	149	132	125	125	164	100	140	199	142	101	144	163	185	117	191	200	143	113	165	102	154	
164	185	191	131	109	124	143	122	171	184	160	116	160	100	109	116	196	113	131	186	166	139	183	175	144	161	105	170	
142	199	180	168	168	115	156	178	172	112	117	160	101	191	100	147	177	177	199	158	172	188	164	175	180	168	154	195	
160	196	121	130	119	169	177	149	158	120	185	153	158	184	153	100	152	159	197	157	181	159	102	123	168	200	124	186	
124	145	140	160	196	187	112	170	128	124	196	128	199	104	123	148	100	149	114	112	117	135	105	132	138	180	198	156	
187	113	148	164	177	192	158	167	182	106	114	116	156	187	123	141	151	100	166	132	168	163	159	123	129	173	161	116	
178	126	146	128	158	183	190	116	126	192	172	152	137	169	101	103	186	134	100	184	199	137	130	160	148	113	140	150	
133	185	166	152	144	114	137	123	153	154	147	169	115	114	142	143	188	168	116	100	111	195	128	157	191	164	141	171	
106	151	187	184	192	182	195	190	195	170	149	197	183	134	128	119	183	132	101	189	100	129	151	163	147	166	104	177	
166	166	160	190	183	149	110	159	142	113	125	144	109	161	112	141	165	137	163	105	171	100	101	185	169	129	103	197	
190	122	146	177	107	160	134	134	144	117	200	115	100	117	136	198	195	141	170	172	149	199	100	106	150	116	118	145	
128	132	121	164	118	122	113	190	140	127	154	100	157	125	125	177	168	177	140	143	137	115	194	100	128	167	115	155	
186	186	104	149	184	146	130	178	180	172	109	148	187	156	120	132	162	171	152	109	153	131	150	172	100	155	124	184	
116	165	104	180	153	111	129	126	194	159	183	142	135	139	132	100	120	127	187	136	134	171	184	133	145	100	129	192	
200	132	108	124	144	128	114	109	181	131	168	146	198	195	146	176	102	139	160	159	196	197	182	185	176	171	100	146	
153	198	119	131	115	190	174	103	164	124	103	157	146	130	105	114	144	184	150	129	123	103	155	145	116	108	154	100	

