INDEX_PROBLEM
1
PATIENTS
800
STRETCHERS
16
NUM_ROOM
28
NUM_DEPOTS
3
NUM_PRIORITY
4
PRIORITY_LIST
0	1	2	3	4	
PRIORITY_WEIGHT
0	1	10	18	30	
PRIORITY_JOB
0	1	2	2	3	4	2	4	2	3	3	4	1	2	2	3	4	3	4	4	1	2	3	3	4	3	4	3	1	2	2	4	4	4	4	1	2	3	3	4	3	4	1	2	2	3	3	3	4	4	1	2	2	3	4	4	4	1	4	2	2	3	3	1	2	4	1	2	2	3	4	4	3	1	1	2	3	3	4	1	2	1	2	2	3	4	4	4	3	1	1	2	3	3	4	4	1	1	2	2	3	3	4	4	3	1	1	1	2	3	3	4	2	4	4	2	2	3	3	4	3	1	1	1	2	2	3	4	1	4	1	2	3	3	4	4	4	3	1	1	2	2	3	4	2	4	1	2	3	3	4	4	3	1	1	2	2	3	3	1	2	4	1	2	3	3	4	4	4	1	1	1	2	2	3	3	2	1	4	1	2	2	3	4	4	3	1	1	2	3	3	4	2	1	1	2	2	3	4	4	4	1	4	1	2	3	3	4	2	4	1	2	2	3	3	4	3	1	1	4	1	2	3	3	1	3	4	1	2	2	3	3	4	3	1	1	4	1	2	2	3	2	4	4	1	2	3	3	4	4	1	4	1	2	2	3	1	4	4	1	2	3	3	4	3	1	1	4	1	2	2	3	2	4	4	1	2	3	3	4	3	2	1	4	1	2	2	3	1	1	3	4	1	2	2	3	4	4	1	4	1	2	3	3	2	1	4	1	2	2	3	4	3	1	4	1	2	3	3	4	2	4	4	1	2	2	3	4	4	1	1	4	1	2	3	3	2	3	4	4	1	2	2	3	3	4	1	1	3	4	1	2	2	2	3	4	4	1	2	3	3	4	1	3	4	1	2	2	1	3	4	4	1	2	3	3	4	1	3	4	1	2	2	1	2	3	4	4	4	1	2	3	3	2	1	3	4	1	3	2	2	2	3	4	1	1	2	2	3	1	4	4	1	2	3	2	4	1	3	4	1	2	2	3	3	1	4	4	1	3	2	2	2	3	4	4	1	2	2	4	3	3	1	1	4	4	1	2	2	3	3	4	4	1	2	3	4	2	1	1	3	3	4	1	1	2	2	3	4	4	1	3	4	2	1	3	3	4	1	1	2	2	3	4	4	1	4	3	2	2	1	3	3	4	1	1	2	2	3	4	4	4	1	3	2	2	1	3	3	4	1	2	1	2	2	3	3	4	1	2	1	2	3	4	4	1	1	4	2	3	3	4	1	2	2	3	2	1	3	4	4	1	2	1	2	3	3	4	1	2	2	4	3	1	4	4	4	1	2	1	3	3	3	4	1	2	2	3	4	3	1	1	3	4	1	2	2	2	3	4	4	1	2	3	4	3	1	1	3	4	1	2	1	2	3	4	4	1	2	3	3	3	1	3	4	4	1	2	1	2	2	3	4	4	1	2	4	3	1	3	4	4	1	2	1	2	2	3	3	1	2	2	3	1	3	4	4	1	2	1	2	3	3	4	1	2	2	3	4	1	4	4	1	2	3	1	2	3	4	1	2	2	3	3	3	4	1	4	4	1	2	3	2	3	4	1	2	2	3	4	3	3	1	1	4	1	2	2	1	3	4	4	1	2	3	4	4	3	1	1	4	1	2	2	1	3	4	4	1	2	3	3	4	3	1	4	1	2	2	2	1	3	4	4	4	1	2	3	3	3	1	4	1	2	2	2	1	3	3	4	1	2	2	3	4	1	4	4	2	2	3	2	1	1	1	3	4	1	2	2	1	1	3	4	4	1	2	2	2	1	3	3	4	1	2	1	1	2	3	4	4	1	2	1	2	1	3	3	4	4	1	1	2	1	1	2	2	3	3	4	1	
TIME_ASKED
0	28800	28800	28800	28800	28800	28800	28800	28800	28800	28800	28800	28800	28800	28800	28800	28800	29545	29574	29603	29632	29661	29690	29742	29784	29826	29868	29910	29952	29994	30029	30058	30087	30116	30145	30174	30203	30232	30261	30290	30329	30358	30387	30416	30445	30474	30503	30532	30561	30590	30621	30642	30663	30684	30705	30726	30747	30768	30789	30810	30831	30852	30873	30894	30949	30998	31047	31096	31145	31194	31227	31254	31281	31308	31335	31362	31389	31416	31443	31470	31497	31524	31548	31572	31596	31620	31644	31668	31692	31716	31740	31764	31788	31837	31874	31911	31948	31985	32022	32059	32096	32159	32218	32277	32336	32395	32419	32438	32457	32476	32495	32514	32533	32552	32571	32590	32609	32628	32647	32666	32685	32759	32818	32877	32936	32995	33027	33054	33081	33108	33135	33162	33189	33216	33243	33270	33297	33333	33366	33399	33432	33465	33498	33531	33564	33597	33616	33632	33648	33664	33680	33696	33712	33728	33744	33760	33776	33792	33808	33824	33840	33856	33872	33888	33933	33966	33999	34032	34065	34098	34131	34164	34197	34242	34284	34326	34368	34410	34452	34494	34533	34566	34599	34632	34665	34698	34731	34764	34797	34827	34854	34881	34908	34935	34962	34989	35016	35043	35070	35097	35137	35174	35211	35248	35285	35322	35359	35396	35433	35466	35499	35532	35565	35598	35631	35664	35697	35723	35746	35769	35792	35815	35838	35861	35884	35907	35930	35953	35976	35999	36023	36046	36069	36092	36115	36138	36161	36184	36207	36230	36253	36276	36299	36327	36354	36381	36408	36435	36462	36489	36516	36543	36570	36597	36619	36638	36657	36676	36695	36714	36733	36752	36771	36790	36809	36828	36847	36866	36885	36949	36998	37047	37096	37145	37194	37259	37318	37377	37436	37495	37549	37598	37647	37696	37745	37794	37827	37854	37881	37908	37935	37962	37989	38016	38043	38070	38097	38123	38146	38169	38192	38215	38238	38261	38284	38307	38330	38353	38376	38399	38419	38438	38457	38476	38495	38514	38533	38552	38571	38590	38609	38628	38647	38666	38685	38742	38784	38826	38868	38910	38952	38994	39029	39058	39087	39116	39145	39174	39203	39232	39261	39290	39349	39398	39447	39496	39545	39594	39633	39666	39699	39732	39765	39798	39831	39864	39897	39937	39974	40011	40048	40085	40122	40159	40196	40242	40284	40326	40368	40410	40452	40494	40542	40584	40626	40668	40710	40752	40794	40849	40898	40947	40996	41045	41094	41133	41166	41199	41232	41265	41298	41331	41364	41397	41423	41446	41469	41492	41515	41538	41561	41584	41607	41630	41653	41676	41699	41749	41798	41847	41896	41945	41994	42099	42198	42297	42342	42384	42426	42468	42510	42552	42594	42699	42798	42897	42923	42946	42969	42992	43015	43038	43061	43084	43107	43130	43153	43176	43199	43237	43274	43311	43348	43385	43422	43459	43496	43549	43598	43647	43696	43745	43794	43899	43998	44097	44159	44218	44277	44336	44395	44459	44518	44577	44636	44695	44799	44898	44997	45033	45066	45099	45132	45165	45198	45231	45264	45297	45337	45374	45411	45448	45485	45522	45559	45596	45637	45674	45711	45748	45785	45822	45859	45896	45959	46018	46077	46136	46195	46249	46298	46347	46396	46445	46494	46537	46574	46611	46648	46685	46722	46759	46796	46821	46842	46863	46884	46905	46926	46947	46968	46989	47010	47031	47052	47073	47094	47199	47298	47397	47437	47474	47511	47548	47585	47622	47659	47696	47737	47774	47811	47848	47885	47922	47959	47996	48049	48098	48147	48196	48245	48294	48324	48348	48372	48396	48420	48444	48468	48492	48516	48540	48564	48588	48627	48654	48681	48708	48735	48762	48789	48816	48843	48870	48897	48937	48974	49011	49048	49085	49122	49159	49196	49233	49266	49299	49332	49365	49398	49431	49464	49497	49537	49574	49611	49648	49685	49722	49759	49796	49827	49854	49881	49908	49935	49962	49989	50016	50043	50070	50097	50149	50198	50247	50296	50345	50394	50424	50448	50472	50496	50520	50544	50568	50592	50616	50640	50664	50688	50737	50774	50811	50848	50885	50922	50959	50996	51027	51054	51081	51108	51135	51162	51189	51216	51243	51270	51297	51324	51348	51372	51396	51420	51444	51468	51492	51516	51540	51564	51588	51637	51674	51711	51748	51785	51822	51859	51896	51933	51966	51999	52032	52065	52098	52131	52164	52197	52259	52318	52377	52436	52495	52517	52534	52551	52568	52585	52602	52619	52636	52653	52670	52687	52704	52721	52738	52755	52772	52789	52859	52918	52977	53036	53095	53137	53174	53211	53248	53285	53322	53359	53396	53459	53518	53577	53636	53695	53733	53766	53799	53832	53865	53898	53931	53964	53997	54027	54054	54081	54108	54135	54162	54189	54216	54243	54270	54297	54374	54448	54522	54596	54627	54654	54681	54708	54735	54762	54789	54816	54843	54870	54897	55049	55198	55237	55274	55311	55348	55385	55422	55459	55496	55574	55648	55722	55796	55827	55854	55881	55908	55935	55962	55989	56016	56043	56070	56097	56399	56499	56598	56697	56733	56766	56799	56832	56865	56898	56931	56964	56997	57049	57098	57147	57196	57245	57294	57359	57418	57477	57536	57595	
ORIGIN
0	16	6	27	19	7	27	14	25	14	23	10	2	23	11	27	14	14	3	23	1	14	1	14	1	14	16	7	27	20	20	14	23	9	1	23	11	2	14	13	23	14	2	3	24	14	14	14	27	6	27	18	7	27	20	8	27	14	17	2	23	12	2	15	25	1	23	14	4	24	11	11	25	12	25	27	19	8	9	9	23	1	23	11	2	14	13	13	14	27	27	24	14	4	5	7	7	5	18	7	27	20	26	1	23	23	17	23	12	2	14	14	14	14	14	4	24	15	4	2	16	23	3	3	3	27	23	12	14	2	10	2	23	12	2	16	7	14	14	14	27	26	20	7	7	14	14	27	20	8	3	13	13	14	14	27	20	23	4	14	27	27	27	24	15	4	23	16	23	20	26	26	14	2	8	26	14	14	5	23	12	2	23	1	14	1	14	14	14	27	14	14	13	1	14	20	8	27	14	14	14	5	4	2	14	13	26	7	7	26	1	14	4	26	1	14	7	23	23	23	23	8	1	1	1	1	23	12	2	23	14	3	14	16	27	11	27	11	14	14	16	14	14	8	27	23	9	2	3	2	14	14	14	14	2	20	20	14	23	7	26	16	1	1	2	3	23	23	26	14	3	1	13	14	27	27	23	13	3	23	2	23	27	2	11	1	1	25	4	14	2	2	23	8	1	27	2	14	1	14	14	2	27	14	26	14	14	27	16	5	26	14	3	5	5	1	3	14	14	14	27	27	27	27	13	2	23	14	3	2	23	23	1	7	7	3	27	23	27	27	8	1	23	10	2	14	14	14	26	26	14	23	23	16	16	8	5	26	26	14	19	2	2	2	3	14	14	14	23	3	1	4	2	23	7	26	20	23	23	10	7	7	1	14	27	2	2	2	1	23	10	1	3	2	2	2	14	14	27	14	14	4	2	2	27	16	15	1	27	27	14	14	14	3	14	22	22	4	27	27	23	14	3	26	14	26	23	14	14	20	1	3	7	14	14	13	23	10	1	14	24	14	27	14	14	27	27	14	26	3	23	2	16	6	27	19	7	23	14	14	23	14	14	14	19	14	27	3	14	3	23	14	23	4	2	2	14	25	14	26	26	2	13	27	9	26	23	11	26	26	1	7	14	14	14	2	14	10	27	8	5	27	18	7	2	16	27	14	14	2	22	22	27	27	15	4	3	23	14	4	2	2	25	1	14	14	26	26	27	14	4	2	1	23	11	2	23	14	23	27	14	14	15	27	15	2	2	23	26	17	7	27	14	14	23	14	2	27	27	20	24	4	11	14	23	14	4	24	15	23	11	14	3	3	26	3	14	26	26	1	23	10	2	14	23	26	26	14	27	15	14	26	14	27	26	26	16	7	27	14	27	26	27	9	20	20	2	2	2	20	16	23	14	3	24	14	4	14	12	26	14	14	14	2	14	12	14	23	10	2	23	12	14	14	14	27	27	14	27	9	27	14	19	14	7	26	19	2	27	14	3	16	16	11	2	1	2	14	23	14	3	24	14	4	2	14	14	1	14	7	27	26	14	14	2	10	1	23	12	2	23	25	25	27	14	14	24	1	15	14	16	6	27	19	7	27	22	14	22	20	20	2	23	14	2	27	14	3	23	14	14	8	4	26	27	1	7	27	20	14	14	23	9	1	23	4	2	23	14	26	14	14	4	24	15	14	1	10	6	27	18	7	27	14	14	15	17	10	2	23	2	2	19	14	3	23	14	4	27	2	2	2	25	7	27	20	14	14	14	9	1	23	11	2	14	4	14	1	14	3	24	14	1	4	1	5	27	18	7	27	20	8	23	17	2	1	23	12	2	16	1	
DESTINATION
0	14	17	2	22	23	2	15	14	3	27	14	14	27	12	2	25	25	14	4	23	9	23	9	23	9	16	20	2	14	14	4	27	14	14	27	15	14	5	7	1	5	27	14	2	26	8	8	23	17	2	27	20	2	14	14	23	16	6	14	27	11	14	14	14	23	3	26	14	2	12	12	14	11	14	2	22	14	14	14	1	14	27	15	14	20	7	7	20	23	23	1	26	14	14	13	13	14	27	20	2	14	14	14	27	27	6	27	11	14	20	8	8	26	26	14	2	14	14	14	14	1	23	23	23	2	27	11	25	14	14	14	27	11	14	14	13	1	1	1	23	3	14	13	13	5	4	2	14	14	26	7	7	5	5	18	7	1	14	1	23	23	23	2	14	14	1	14	1	14	14	14	4	24	14	23	16	16	14	27	11	14	1	14	16	14	2	2	2	23	2	16	7	14	16	14	14	2	20	20	20	14	14	27	20	7	3	13	13	3	23	26	14	3	14	2	13	27	27	27	27	14	14	23	23	23	27	11	14	1	25	14	4	14	23	12	23	12	2	1	14	1	1	14	2	27	14	14	26	14	20	20	20	8	27	14	14	5	1	20	3	14	14	14	27	26	1	27	14	4	26	14	7	2	23	23	1	7	14	3	27	1	23	27	12	23	23	14	14	16	14	14	26	14	14	23	14	16	14	8	8	27	23	2	3	2	2	2	14	14	3	10	23	14	14	23	26	16	16	1	2	2	23	23	7	14	1	2	14	14	27	27	23	13	13	23	2	27	2	2	14	14	27	14	14	4	2	2	23	23	1	27	27	14	14	14	14	3	14	3	22	27	14	27	26	5	5	2	3	26	23	14	14	1	20	3	7	27	27	14	13	13	23	3	23	27	14	14	14	27	14	14	26	27	27	27	8	1	23	10	2	14	14	14	2	14	11	14	2	23	16	8	5	26	26	19	19	14	2	2	1	25	14	3	26	3	27	4	2	7	23	26	20	16	1	7	27	14	14	2	2	2	2	2	1	23	23	1	3	14	27	14	14	17	2	22	23	27	2	2	27	1	16	1	22	2	23	26	25	14	4	26	27	14	27	27	2	14	3	14	14	14	7	23	14	14	27	15	14	3	14	13	10	1	1	14	3	14	23	14	14	2	27	20	24	14	23	16	16	27	19	19	23	23	11	14	14	3	26	14	14	14	14	23	3	3	14	14	23	26	14	14	14	27	15	14	7	26	27	2	26	26	11	23	11	27	27	27	3	9	20	2	8	10	27	16	27	18	18	7	2	14	12	4	3	26	14	2	14	27	15	4	23	23	14	26	26	14	14	14	27	14	14	9	27	14	14	4	23	11	2	14	2	2	14	3	16	20	2	1	2	14	2	17	7	7	27	27	24	14	14	1	26	14	2	26	14	4	11	14	4	4	4	24	15	11	25	27	14	14	27	11	15	26	1	23	23	26	23	14	23	25	22	20	20	14	22	14	2	26	26	16	16	15	27	14	27	26	27	26	14	1	26	14	14	20	16	23	3	20	2	14	4	26	14	14	14	27	11	14	1	14	14	23	2	2	2	14	14	15	14	17	2	22	23	2	19	9	19	14	7	14	27	2	27	2	25	14	5	26	1	14	14	14	23	24	20	2	14	4	2	1	14	14	27	14	14	1	4	14	2	1	14	2	14	2	23	14	17	2	27	23	2	16	1	14	6	14	14	27	27	27	22	25	14	4	26	14	23	27	27	27	14	20	2	14	8	8	4	14	14	27	15	14	20	14	9	23	9	14	1	26	23	14	23	14	2	27	20	2	14	14	27	6	27	14	27	11	14	14	14	
DUE_DATE
0	31147	30476	30525	30094	29603	30672	29707	30776	30345	30394	29903	31692	31007	31036	30585	30074	30643	30132	30161	31930	31239	30788	30840	30342	30924	30426	31008	32250	31572	31607	30616	30645	30674	30703	32472	31781	31330	31359	30848	31427	30916	32685	31994	32023	31572	31601	31630	31119	31148	32919	32220	32241	31782	31263	31284	31305	33066	31347	32388	32409	31950	31971	33192	32527	31556	33345	32674	32723	32292	31785	31812	32379	33606	33633	32940	32487	32514	32001	33768	33075	33822	33126	33150	32694	32178	32202	32226	32790	34014	34038	33342	32886	32935	32432	32469	34246	34283	33600	33637	33194	33257	32776	32835	33434	34693	34717	34736	34035	33574	33593	33072	34111	33110	33129	34168	34187	33726	33745	33224	33783	35057	35116	35175	34514	34573	34125	33612	35379	33666	35433	34740	34287	34314	33801	33828	33855	34431	35664	35697	35010	35043	34596	34089	35142	34155	35914	35210	34746	34762	34238	34254	34810	36026	36042	35338	35354	34890	34906	36122	35418	34414	36170	35466	35031	35064	34557	34590	34623	36396	36429	36462	35775	35820	35382	35424	35946	36708	35010	36792	36111	36144	35697	35190	35223	35796	37029	37062	36375	35925	35952	35439	36486	37233	37260	36567	36594	36141	35628	35655	35695	37472	35769	37546	36863	36420	36457	35954	37011	36024	37797	37110	37143	36696	36729	36222	36795	38021	38044	36327	38090	37393	36936	36959	38182	37005	36488	38251	37554	37577	37121	37144	36627	37190	38413	38436	36719	38482	37785	37808	37351	37854	36857	36885	38652	37959	37506	37533	37020	37047	38814	37101	38868	38175	38197	37736	38955	37234	37253	39012	38311	37850	37869	37348	37907	39126	39145	37424	39183	38527	38576	38145	38674	37703	37752	39557	38896	38475	38534	38053	38647	39176	39945	38254	40043	39372	39405	38952	40179	40206	39033	38520	40287	39594	39621	39168	38655	38681	40444	38727	40490	39793	39336	39359	39862	40605	38888	40651	39954	39977	39517	38996	39555	40774	39053	40812	40111	39650	39669	39148	40187	39186	39205	40964	40263	40320	39882	39384	39426	41208	41250	39552	41327	40636	40185	40214	40723	40272	39761	39790	41559	40868	40927	40496	40545	40054	41843	41892	40731	40224	41997	41310	41343	41376	40929	40422	40455	42235	41552	41109	41146	40643	42420	41257	40754	42540	41862	41904	42666	41508	41010	41052	42840	42162	41724	41766	41268	43050	41892	41407	43196	42525	42574	43343	42672	42231	41724	41757	41790	43563	42876	42429	42462	42975	43721	42544	42027	43790	42613	43116	43139	43162	42705	42188	43951	43974	43277	43327	42896	44145	42454	42503	44292	43677	43296	43875	42900	44682	43524	43026	44808	44130	44172	43797	43896	45195	43481	43504	45267	44090	44593	44616	44639	44182	43665	43688	45451	44754	44777	43795	44372	44409	45646	45683	43980	44017	45794	45127	45176	44745	44794	44303	44352	46197	45576	45195	44717	45796	46575	46634	45493	45557	45076	46875	46934	46273	46377	45996	45555	45591	47364	46197	45690	46743	47496	46329	46362	45855	47635	47672	46989	47026	46583	46080	46117	47894	46195	46772	47289	47326	48083	46920	46957	46454	48257	48316	47655	47714	47293	46807	46856	46905	48694	47543	48072	48115	48872	47709	47746	47243	49020	48337	49094	48399	48420	47961	47982	47463	49224	48525	49266	48567	48108	47589	47610	49371	49392	47757	48876	48495	48535	48032	49809	49126	49163	48720	49237	49994	48835	48332	48369	50146	49463	50220	49537	49094	49147	48656	50445	49774	49823	48852	49422	50646	48930	48954	48978	50742	50046	50790	49614	49638	49662	49146	50925	50232	50259	49806	49293	49860	51087	51114	49941	49428	51195	50515	50552	50589	50146	49643	49680	51457	50774	50331	49824	50397	51630	51663	50496	49989	51762	51075	51835	51152	50709	50206	50243	52020	51337	50894	50925	50952	52179	51006	50493	50520	52287	51594	52341	51648	51675	51247	50756	50805	52594	51923	50952	51522	52746	51570	51054	51078	52842	52146	52890	52194	52218	51762	51786	53035	52352	52389	51946	53183	52020	51517	51554	53325	52632	53379	52686	52233	52260	51747	53514	52821	52848	52395	51882	53646	51930	51954	53718	53022	52566	53790	53094	52638	52122	53886	53215	53252	52809	52846	52883	52380	54157	52454	52491	54264	53577	53130	53643	53196	52689	54462	53775	53837	53416	52935	53534	53593	54815	54832	53109	54866	54163	54180	54917	53734	53211	53228	54985	54282	53819	53296	53313	53870	55087	55157	53476	55275	54614	54673	55435	54272	53769	53806	55583	54900	54457	54494	54017	54616	55875	54194	55993	55311	55344	55377	56130	54963	54456	54489	54522	56295	55605	55152	55179	55206	56433	54720	56487	55794	55821	55848	56595	55472	55546	55080	56894	56205	56232	55779	55266	57033	55320	55347	56394	56421	55968	56475	57347	57496	57535	56372	55869	57646	56963	57000	57757	57794	56672	56206	56280	58094	57405	57432	57459	58206	57033	57060	56547	58314	57621	58368	58395	57977	57597	57156	57255	59031	58344	59097	58410	59163	57996	58029	57522	57555	59347	59396	58725	59494	59543	58872	58937	58516	58575	58094	59893	
TRANSPORT_MODE
0	2	4	4	4	4	4	0	2	2	4	4	4	4	2	0	0	4	4	4	4	4	4	0	0	2	4	4	4	4	4	0	2	4	4	4	4	4	4	0	0	2	4	4	4	4	4	0	2	2	4	4	4	4	4	0	0	3	4	1	1	1	4	0	0	2	2	4	4	4	4	4	0	3	4	4	1	4	4	0	0	2	4	4	4	1	4	0	0	3	4	1	4	4	4	4	0	2	1	4	4	4	4	0	0	3	3	4	4	4	1	4	0	0	2	4	4	4	4	4	0	3	3	4	4	4	4	4	0	2	4	4	4	4	4	0	0	0	3	4	4	4	4	4	0	2	4	4	1	4	4	1	0	3	4	4	4	4	4	0	0	2	2	4	4	1	1	4	0	0	3	4	1	4	4	4	0	0	4	2	2	4	1	4	1	0	3	4	4	4	4	4	0	0	1	2	4	4	4	1	0	3	4	4	1	4	1	4	0	0	2	4	4	4	4	4	0	3	3	4	4	4	1	4	0	0	2	1	1	4	4	1	0	0	3	3	4	4	4	4	4	0	2	4	1	4	4	1	0	0	3	1	1	4	4	4	0	2	4	1	4	4	4	1	0	0	3	1	4	4	4	4	0	2	2	1	4	4	1	1	0	0	3	4	4	4	4	1	0	0	2	2	4	1	4	1	4	0	3	1	4	4	4	4	0	0	2	4	4	1	4	4	0	3	1	1	1	1	4	1	0	0	2	4	4	1	1	4	0	3	3	4	1	4	4	4	0	0	2	1	4	4	1	4	0	0	3	3	4	1	4	1	2	0	1	1	4	1	4	4	0	0	3	4	1	4	1	1	0	2	4	4	4	4	1	0	0	3	4	1	1	1	4	0	0	2	2	1	4	1	4	4	0	0	3	1	1	4	4	1	0	4	2	2	0	4	1	4	4	3	1	4	1	4	1	0	0	0	2	1	1	4	4	1	0	3	1	1	1	4	4	0	0	1	2	4	1	1	4	0	0	4	3	3	4	4	1	1	0	4	2	1	1	1	1	0	0	1	3	3	1	1	4	4	0	2	4	1	4	1	1	0	0	1	3	4	4	1	4	0	2	4	4	1	1	1	0	0	0	1	3	1	4	1	1	0	4	2	4	1	1	1	1	0	0	1	3	4	4	1	4	0	0	1	2	2	4	4	4	1	3	4	1	1	1	1	0	0	4	2	2	1	1	1	1	0	0	3	1	1	1	4	4	0	0	1	2	1	1	1	4	0	4	3	1	1	4	4	1	0	0	4	2	1	1	1	1	0	0	1	3	3	1	1	1	4	0	4	2	1	1	1	1	0	0	1	3	3	4	1	1	1	0	1	2	4	4	4	1	0	0	1	3	1	1	1	1	0	0	4	2	1	4	1	1	1	0	1	3	1	1	1	4	0	0	1	2	2	1	4	1	1	0	3	4	1	1	4	1	0	0	1	2	2	1	1	4	1	0	3	1	1	1	1	1	0	0	1	2	1	4	4	1	0	0	1	3	1	1	1	4	1	0	1	2	1	1	1	4	0	0	1	3	3	1	1	1	1	0	2	1	1	1	1	4	0	0	1	3	3	1	1	1	1	0	2	1	1	4	1	1	0	0	1	3	1	4	1	1	0	0	1	2	1	1	1	1	1	0	1	3	1	4	1	1	0	0	1	2	2	1	1	1	1	0	3	1	1	1	1	1	0	0	3	3	1	1	1	1	1	0	3	1	1	1	1	1	0	0	3	4	1	1	1	1	0	3	1	1	1	1	1	1	0	0	3	1	1	1	1	1	0	0	3	3	1	1	1	1	1	0	
DISTANCE_MATRIX
60	360	318	300	288	276	264	264	150	150	150	60	90	90	162	168	204	228	234	312	360	408	348	318	168	192	168	318	
360	60	264	318	324	342	342	342	348	348	354	360	372	378	378	420	420	480	462	498	462	462	384	420	372	420	378	378	
318	264	60	270	276	288	288	288	294	294	294	318	318	324	324	414	414	468	462	486	462	462	330	366	366	408	372	324	
300	318	270	60	276	288	288	288	288	288	288	300	300	312	318	408	408	468	462	486	438	438	318	360	360	402	360	312	
288	324	276	276	60	276	276	276	276	276	276	288	288	300	300	402	396	462	456	480	432	432	300	360	360	402	348	300	
276	342	288	288	276	60	180	180	252	258	264	264	264	288	288	390	390	456	450	480	432	432	288	348	348	348	288	288	
264	342	288	288	276	180	60	180	246	258	264	264	264	288	288	390	390	456	450	480	432	432	288	348	348	348	288	288	
264	342	288	288	276	180	180	60	240	258	264	264	264	288	288	390	390	456	450	480	432	432	288	348	348	348	288	288	
150	348	294	288	276	252	246	240	60	120	120	150	126	270	270	378	384	420	438	480	420	408	276	300	300	300	276	270	
150	348	294	288	276	258	258	258	120	60	120	150	150	270	270	378	384	420	438	480	420	408	276	300	300	300	276	270	
150	354	294	288	276	264	264	264	120	120	60	150	150	270	270	378	384	420	438	480	420	408	276	300	300	300	276	270	
60	360	318	300	288	264	264	264	150	150	150	60	90	162	168	228	234	312	360	408	348	318	168	192	192	198	168	162	
90	372	318	300	288	264	264	264	150	150	150	90	60	162	168	228	234	312	360	408	348	318	168	192	192	198	168	162	
90	378	324	312	300	288	288	288	270	270	270	162	162	60	120	180	180	306	210	360	300	300	120	180	120	180	120	234	
162	378	324	318	300	288	288	288	270	270	270	168	168	120	60	180	180	306	210	360	300	300	120	180	120	180	120	120	
168	420	414	408	402	348	348	348	300	300	300	228	228	180	180	60	132	204	132	348	258	258	186	60	180	132	222	180	
204	420	414	408	396	390	390	390	384	384	384	234	234	180	180	132	60	204	132	348	258	258	186	60	180	132	222	180	
228	480	468	468	462	456	456	456	420	420	420	312	312	306	306	204	204	60	198	120	240	240	306	204	306	138	306	306	
234	462	462	462	456	450	450	450	438	438	438	360	360	210	210	132	132	198	60	138	132	132	210	132	210	132	210	210	
312	498	486	486	480	480	480	480	480	480	480	408	408	360	360	348	348	120	138	60	348	348	360	348	360	348	360	360	
360	462	462	438	432	432	432	432	420	420	420	348	348	300	300	258	258	240	132	348	60	60	300	258	300	258	300	300	
408	462	462	438	432	432	432	432	408	408	408	318	318	300	300	258	258	240	132	348	60	60	300	258	300	258	300	300	
348	384	330	318	300	288	288	288	276	276	276	168	168	120	120	186	186	306	210	360	300	300	60	186	120	186	120	120	
318	420	366	360	360	348	348	348	300	300	300	192	192	180	180	60	60	204	132	348	258	258	186	60	180	60	180	180	
168	372	300	306	300	288	288	288	270	270	270	168	168	120	120	180	180	306	210	360	300	300	120	180	60	180	120	120	
192	420	408	402	402	348	348	348	300	300	300	198	198	180	180	132	132	138	132	348	258	258	186	60	180	60	180	180	
168	378	372	360	348	288	288	288	276	276	276	168	168	120	120	222	222	306	210	360	300	300	120	180	120	180	60	120	
318	378	324	312	300	288	288	288	270	270	270	162	162	234	120	180	180	306	210	360	300	300	120	180	120	180	120	60	
DEPOT_DISTANCE_MATRIX
60	360	318	300	288	276	264	264	150	150	150	60	90	90	162	168	204	228	234	312	360	408	348	318	168	192	168	318	
162	378	324	318	300	288	288	288	270	270	270	168	168	120	60	180	180	306	210	360	300	300	120	180	120	180	120	120	
318	420	366	360	360	348	348	348	300	300	300	192	192	180	180	60	60	204	132	348	258	258	186	60	180	60	180	180	
PATIENT_WEIGHT
50	107	110	114	118	123	141	117	48	118	131	145	110	40	90	55	66	102	143	113	65	101	31	80	150	64	134	145	54	84	118	69	147	115	43	36	149	79	33	149	137	94	132	149	102	131	87	75	99	49	33	109	55	118	38	109	142	126	30	116	82	143	45	122	53	116	140	78	121	118	128	62	102	116	60	55	124	43	65	68	78	135	35	135	85	51	146	30	72	107	48	125	138	116	82	59	78	140	103	49	57	81	42	79	109	59	133	138	79	107	109	52	61	117	93	72	91	93	67	132	57	127	57	114	135	69	81	79	61	34	31	124	97	133	78	56	34	136	76	91	78	148	140	120	97	44	122	37	147	67	105	108	134	72	100	126	61	132	78	148	141	97	35	116	123	119	60	35	131	74	147	42	72	117	36	107	110	148	119	46	70	107	76	79	46	73	65	138	76	105	77	150	37	136	46	76	106	149	119	97	48	109	71	133	73	51	141	118	38	100	121	94	108	108	128	121	126	142	42	127	122	70	143	140	60	55	138	123	61	75	104	100	34	116	120	138	112	35	127	36	43	113	94	54	140	143	127	86	41	94	87	61	113	92	142	140	96	135	86	63	81	31	45	144	107	75	77	118	139	70	62	31	112	32	50	107	137	94	119	110	69	99	118	96	148	88	115	81	45	147	70	128	64	146	65	101	100	89	144	91	37	102	93	82	74	129	31	102	119	62	127	105	138	118	121	40	67	69	81	87	150	68	133	110	132	90	107	106	37	73	37	118	63	32	134	149	42	91	42	103	123	146	88	65	111	90	37	98	81	86	113	90	150	122	102	50	106	132	117	84	63	87	128	143	125	98	64	120	129	80	32	133	61	91	121	82	97	117	75	125	56	117	99	143	143	37	114	38	43	119	62	41	104	102	130	118	96	37	80	99	128	101	91	40	112	73	56	34	126	41	88	149	84	127	128	34	113	60	119	83	65	35	96	105	118	78	36	72	102	148	67	44	101	110	54	94	114	100	118	117	54	139	45	146	65	118	103	96	40	93	150	54	67	131	117	132	90	102	42	76	84	128	88	106	123	100	85	138	91	36	128	44	44	115	108	88	49	126	97	61	148	89	76	68	87	98	129	60	58	44	107	113	96	122	73	54	113	35	120	108	127	100	33	84	94	109	83	40	43	67	101	131	42	109	121	106	105	129	110	95	46	128	147	115	81	52	141	58	104	111	61	143	112	89	32	88	137	69	137	54	118	36	126	67	128	131	80	143	60	74	58	120	105	126	72	40	67	115	80	116	38	136	78	86	117	55	94	38	48	30	81	50	144	89	36	43	99	147	78	70	38	149	81	80	128	80	96	83	79	42	83	122	81	87	63	72	128	135	107	78	69	61	40	73	70	87	133	138	54	37	67	86	67	112	147	97	31	39	42	144	75	47	66	60	64	126	67	38	98	115	149	101	141	52	34	56	80	76	124	142	87	141	73	146	118	146	97	142	64	133	36	149	40	89	116	121	88	47	109	82	57	138	94	38	68	100	58	30	55	112	97	122	130	142	75	49	68	108	39	74	123	95	144	84	56	58	117	131	35	76	47	96	147	148	69	44	53	48	78	95	98	113	136	55	108	41	35	120	130	78	125	104	88	78	118	99	68	41	78	83	116	139	136	73	134	111	75	135	140	65	40	148	103	124	138	100	145	89	86	64	37	51	105	90	123	144	114	149	124	65	76	50	39	63	128	121	70	69	108	120	65	150	33	91	71	114	146	70	61	70	148	72	137	34	66	141	133	40	135	125	40	140	47	43	129	95	144	110	84	104	101	63	139	63	137	77	54	59	45	79	41	
LOCATION_TURN_MATRIX
100	130	122	113	112	199	136	122	129	152	173	146	151	136	158	140	176	113	122	167	194	134	110	172	114	184	100	147	
170	100	154	188	164	169	136	136	152	170	104	183	155	115	101	104	155	187	174	115	149	134	178	168	114	135	168	102	
178	146	100	161	178	114	104	165	117	139	126	169	192	109	120	179	160	152	154	134	113	140	154	179	196	196	192	181	
187	112	139	100	158	114	195	181	104	132	195	106	183	169	132	170	140	136	172	148	116	110	123	136	151	120	176	169	
188	136	122	142	100	175	164	159	112	100	167	164	135	191	132	181	104	123	142	156	108	117	193	182	116	147	156	185	
101	131	186	186	125	100	190	147	164	150	137	102	145	176	185	131	113	108	117	186	118	151	140	178	154	189	172	110	
164	164	196	105	136	110	100	186	153	151	183	193	111	157	144	123	188	142	110	163	105	190	166	187	170	171	186	126	
178	164	135	119	141	153	114	100	106	130	108	103	151	178	122	151	130	133	184	177	110	141	166	110	122	174	191	197	
171	148	183	196	188	136	147	194	100	167	100	146	168	129	128	142	172	118	174	147	105	158	156	160	120	106	119	136	
148	130	161	168	200	150	149	170	133	100	177	106	175	116	188	180	176	194	108	146	130	187	183	173	128	141	169	176	
127	196	174	105	133	163	117	192	200	123	100	171	175	140	183	115	104	186	128	153	151	175	100	146	191	117	132	197	
154	117	131	194	136	198	107	197	154	194	129	100	136	184	140	147	172	184	148	131	103	156	185	200	152	158	154	143	
149	145	108	117	165	155	189	149	132	125	125	164	100	140	199	142	101	144	163	185	117	191	200	143	113	165	102	154	
164	185	191	131	109	124	143	122	171	184	160	116	160	100	109	116	196	113	131	186	166	139	183	175	144	161	105	170	
142	199	180	168	168	115	156	178	172	112	117	160	101	191	100	147	177	177	199	158	172	188	164	175	180	168	154	195	
160	196	121	130	119	169	177	149	158	120	185	153	158	184	153	100	152	159	197	157	181	159	102	123	168	200	124	186	
124	145	140	160	196	187	112	170	128	124	196	128	199	104	123	148	100	149	114	112	117	135	105	132	138	180	198	156	
187	113	148	164	177	192	158	167	182	106	114	116	156	187	123	141	151	100	166	132	168	163	159	123	129	173	161	116	
178	126	146	128	158	183	190	116	126	192	172	152	137	169	101	103	186	134	100	184	199	137	130	160	148	113	140	150	
133	185	166	152	144	114	137	123	153	154	147	169	115	114	142	143	188	168	116	100	111	195	128	157	191	164	141	171	
106	151	187	184	192	182	195	190	195	170	149	197	183	134	128	119	183	132	101	189	100	129	151	163	147	166	104	177	
166	166	160	190	183	149	110	159	142	113	125	144	109	161	112	141	165	137	163	105	171	100	101	185	169	129	103	197	
190	122	146	177	107	160	134	134	144	117	200	115	100	117	136	198	195	141	170	172	149	199	100	106	150	116	118	145	
128	132	121	164	118	122	113	190	140	127	154	100	157	125	125	177	168	177	140	143	137	115	194	100	128	167	115	155	
186	186	104	149	184	146	130	178	180	172	109	148	187	156	120	132	162	171	152	109	153	131	150	172	100	155	124	184	
116	165	104	180	153	111	129	126	194	159	183	142	135	139	132	100	120	127	187	136	134	171	184	133	145	100	129	192	
200	132	108	124	144	128	114	109	181	131	168	146	198	195	146	176	102	139	160	159	196	197	182	185	176	171	100	146	
153	198	119	131	115	190	174	103	164	124	103	157	146	130	105	114	144	184	150	129	123	103	155	145	116	108	154	100	

