INDEX_PROBLEM
1
PATIENTS
800
STRETCHERS
16
NUM_ROOM
28
NUM_DEPOTS
3
NUM_PRIORITY
4
PRIORITY_LIST
0	1	2	3	4	
PRIORITY_WEIGHT
0	1	10	18	30	
PRIORITY_JOB
0	1	3	4	3	3	3	4	4	2	3	1	3	4	3	4	2	4	2	3	4	4	3	3	3	3	4	1	4	4	3	3	2	3	4	1	4	3	4	3	4	3	3	2	3	4	4	3	4	4	1	3	3	3	4	3	4	1	4	4	1	2	1	2	1	2	3	1	4	3	3	3	4	1	2	4	2	2	1	2	1	2	3	4	4	3	4	3	4	1	1	2	3	1	2	1	2	4	1	3	3	4	3	3	4	2	3	4	1	1	2	1	2	1	3	4	3	4	4	3	3	4	2	3	4	2	1	1	2	1	2	4	3	4	3	4	3	2	3	4	2	1	2	1	1	1	2	3	1	4	3	4	4	2	3	4	1	1	2	2	1	1	2	3	4	3	4	3	4	4	1	3	1	2	1	2	1	2	4	2	3	3	3	4	3	1	2	1	1	2	2	1	2	4	4	4	2	3	4	3	4	3	1	1	2	1	1	2	1	3	3	4	2	4	4	3	4	3	3	4	2	2	1	1	2	1	3	4	1	4	4	3	3	4	3	4	2	2	2	1	2	3	1	2	3	4	3	4	3	1	4	2	3	2	1	2	1	4	1	2	3	4	3	4	4	1	2	3	4	2	1	2	1	1	1	2	3	3	4	3	4	4	4	1	3	2	2	1	2	1	1	4	2	3	3	4	3	3	1	2	2	1	2	2	1	4	1	4	4	3	4	3	4	2	3	1	1	2	1	1	2	3	2	3	4	4	3	4	4	3	2	3	2	1	2	1	1	2	3	4	1	4	4	3	3	4	3	4	2	1	2	2	1	3	4	1	3	3	4	4	3	2	4	2	1	2	2	1	2	3	1	2	4	4	3	4	3	1	4	2	3	1	2	1	2	1	4	2	4	4	3	4	1	3	1	3	1	2	1	2	2	1	4	4	3	3	4	3	1	2	3	1	1	2	2	1	2	1	2	4	4	3	4	3	4	2	3	1	1	1	2	2	1	2	4	4	3	4	4	3	4	2	3	4	2	1	1	2	3	2	3	1	4	4	3	3	4	4	3	2	1	2	2	1	3	4	1	3	3	4	3	4	1	2	4	2	2	2	1	2	3	1	2	4	4	3	4	3	1	4	2	3	2	2	1	2	1	4	2	3	4	3	4	4	1	1	3	4	1	2	1	2	1	1	2	3	3	3	4	3	4	1	2	4	2	1	2	1	2	1	4	2	3	4	3	4	3	1	2	1	1	2	2	1	3	4	4	2	4	3	4	4	3	3	2	3	1	2	1	1	2	4	4	1	3	3	3	4	3	4	4	2	3	2	1	2	1	1	2	4	3	4	3	4	3	2	3	4	1	2	2	1	2	1	2	4	2	4	3	4	4	3	4	1	1	2	2	1	2	2	3	4	1	3	4	3	3	1	3	4	1	1	2	1	2	1	2	3	1	4	3	4	3	2	4	1	2	1	2	2	1	2	3	1	3	4	3	4	3	2	4	1	4	1	2	2	1	2	3	2	4	3	4	4	3	3	4	1	1	2	1	1	2	4	3	4	2	3	3	4	3	4	3	1	3	1	2	2	1	4	2	3	3	3	4	3	4	4	1	2	1	2	2	1	2	4	2	3	4	3	4	3	4	1	1	2	1	2	2	1	2	3	1	3	4	3	4	4	3	1	2	1	3	1	2	1	2	1	1	3	4	3	4	3	4	1	4	2	1	2	2	1	2	3	1	2	1	2	2	1	1	4	2	3	2	1	1	2	1	1	4	1	2	1	2	1	2	1	2	3	4	1	2	1	2	1	1	3	2	1	2	1	1	2	3	4	2	1	2	1	2	
TIME_ASKED
0	28800	28800	28800	28800	28800	28800	28800	28800	28800	28800	28800	28800	28800	28800	28800	28800	29545	29574	29603	29632	29661	29690	29742	29784	29826	29868	29910	29952	29994	30029	30058	30087	30116	30145	30174	30203	30232	30261	30290	30329	30358	30387	30416	30445	30474	30503	30532	30561	30590	30621	30642	30663	30684	30705	30726	30747	30768	30789	30810	30831	30852	30873	30894	30949	30998	31047	31096	31145	31194	31227	31254	31281	31308	31335	31362	31389	31416	31443	31470	31497	31524	31548	31572	31596	31620	31644	31668	31692	31716	31740	31764	31788	31837	31874	31911	31948	31985	32022	32059	32096	32159	32218	32277	32336	32395	32419	32438	32457	32476	32495	32514	32533	32552	32571	32590	32609	32628	32647	32666	32685	32759	32818	32877	32936	32995	33027	33054	33081	33108	33135	33162	33189	33216	33243	33270	33297	33333	33366	33399	33432	33465	33498	33531	33564	33597	33616	33632	33648	33664	33680	33696	33712	33728	33744	33760	33776	33792	33808	33824	33840	33856	33872	33888	33933	33966	33999	34032	34065	34098	34131	34164	34197	34242	34284	34326	34368	34410	34452	34494	34533	34566	34599	34632	34665	34698	34731	34764	34797	34827	34854	34881	34908	34935	34962	34989	35016	35043	35070	35097	35137	35174	35211	35248	35285	35322	35359	35396	35433	35466	35499	35532	35565	35598	35631	35664	35697	35723	35746	35769	35792	35815	35838	35861	35884	35907	35930	35953	35976	35999	36023	36046	36069	36092	36115	36138	36161	36184	36207	36230	36253	36276	36299	36327	36354	36381	36408	36435	36462	36489	36516	36543	36570	36597	36619	36638	36657	36676	36695	36714	36733	36752	36771	36790	36809	36828	36847	36866	36885	36949	36998	37047	37096	37145	37194	37259	37318	37377	37436	37495	37549	37598	37647	37696	37745	37794	37827	37854	37881	37908	37935	37962	37989	38016	38043	38070	38097	38123	38146	38169	38192	38215	38238	38261	38284	38307	38330	38353	38376	38399	38419	38438	38457	38476	38495	38514	38533	38552	38571	38590	38609	38628	38647	38666	38685	38742	38784	38826	38868	38910	38952	38994	39029	39058	39087	39116	39145	39174	39203	39232	39261	39290	39349	39398	39447	39496	39545	39594	39633	39666	39699	39732	39765	39798	39831	39864	39897	39937	39974	40011	40048	40085	40122	40159	40196	40242	40284	40326	40368	40410	40452	40494	40542	40584	40626	40668	40710	40752	40794	40849	40898	40947	40996	41045	41094	41133	41166	41199	41232	41265	41298	41331	41364	41397	41423	41446	41469	41492	41515	41538	41561	41584	41607	41630	41653	41676	41699	41749	41798	41847	41896	41945	41994	42099	42198	42297	42342	42384	42426	42468	42510	42552	42594	42699	42798	42897	42923	42946	42969	42992	43015	43038	43061	43084	43107	43130	43153	43176	43199	43237	43274	43311	43348	43385	43422	43459	43496	43549	43598	43647	43696	43745	43794	43899	43998	44097	44159	44218	44277	44336	44395	44459	44518	44577	44636	44695	44799	44898	44997	45033	45066	45099	45132	45165	45198	45231	45264	45297	45337	45374	45411	45448	45485	45522	45559	45596	45637	45674	45711	45748	45785	45822	45859	45896	45959	46018	46077	46136	46195	46249	46298	46347	46396	46445	46494	46537	46574	46611	46648	46685	46722	46759	46796	46821	46842	46863	46884	46905	46926	46947	46968	46989	47010	47031	47052	47073	47094	47199	47298	47397	47437	47474	47511	47548	47585	47622	47659	47696	47737	47774	47811	47848	47885	47922	47959	47996	48049	48098	48147	48196	48245	48294	48324	48348	48372	48396	48420	48444	48468	48492	48516	48540	48564	48588	48627	48654	48681	48708	48735	48762	48789	48816	48843	48870	48897	48937	48974	49011	49048	49085	49122	49159	49196	49233	49266	49299	49332	49365	49398	49431	49464	49497	49537	49574	49611	49648	49685	49722	49759	49796	49827	49854	49881	49908	49935	49962	49989	50016	50043	50070	50097	50149	50198	50247	50296	50345	50394	50424	50448	50472	50496	50520	50544	50568	50592	50616	50640	50664	50688	50737	50774	50811	50848	50885	50922	50959	50996	51027	51054	51081	51108	51135	51162	51189	51216	51243	51270	51297	51324	51348	51372	51396	51420	51444	51468	51492	51516	51540	51564	51588	51637	51674	51711	51748	51785	51822	51859	51896	51933	51966	51999	52032	52065	52098	52131	52164	52197	52259	52318	52377	52436	52495	52517	52534	52551	52568	52585	52602	52619	52636	52653	52670	52687	52704	52721	52738	52755	52772	52789	52859	52918	52977	53036	53095	53137	53174	53211	53248	53285	53322	53359	53396	53459	53518	53577	53636	53695	53733	53766	53799	53832	53865	53898	53931	53964	53997	54027	54054	54081	54108	54135	54162	54189	54216	54243	54270	54297	54374	54448	54522	54596	54627	54654	54681	54708	54735	54762	54789	54816	54843	54870	54897	55049	55198	55237	55274	55311	55348	55385	55422	55459	55496	55574	55648	55722	55796	55827	55854	55881	55908	55935	55962	55989	56016	56043	56070	56097	56399	56499	56598	56697	56733	56766	56799	56832	56865	56898	56931	56964	56997	57049	57098	57147	57196	57245	57294	57359	57418	57477	57536	57595	
ORIGIN
0	16	6	27	25	7	27	23	25	1	23	14	14	14	14	14	4	14	4	14	14	4	26	16	23	14	16	14	14	14	27	7	14	9	14	14	11	2	23	4	2	14	14	20	20	2	14	14	26	6	27	18	7	27	20	8	26	14	10	2	14	23	2	26	14	5	23	14	25	24	15	1	14	14	7	9	1	25	14	3	14	1	23	14	14	23	14	14	16	14	4	5	15	15	14	1	14	5	18	26	27	20	8	1	14	4	1	27	20	2	14	14	14	7	14	4	24	14	4	27	23	4	14	19	14	14	2	14	14	14	10	2	14	14	2	14	16	14	14	9	9	27	16	4	16	14	7	27	20	11	1	4	16	4	14	14	27	14	14	14	14	26	3	24	15	4	26	16	8	8	23	26	26	2	3	14	18	27	2	23	12	24	23	14	27	1	14	14	9	26	14	1	14	9	14	20	8	23	23	9	5	16	20	2	14	15	14	14	16	5	16	14	4	20	16	5	1	14	20	14	14	14	3	14	14	14	14	12	2	23	14	3	26	14	14	15	11	2	1	25	23	14	26	8	27	23	12	23	23	14	16	14	16	27	27	14	14	14	14	15	26	14	8	26	16	14	13	14	26	14	14	14	14	3	14	3	23	13	3	23	10	1	16	11	11	1	25	14	14	26	14	2	23	8	23	23	10	2	1	14	2	27	11	1	27	1	14	14	16	5	23	16	7	23	5	11	3	16	14	3	14	5	16	14	13	2	14	14	3	14	14	23	1	7	14	3	14	14	14	1	8	1	23	10	14	14	12	14	14	14	4	27	14	14	16	11	5	3	16	1	14	11	16	3	14	27	16	20	14	27	14	14	2	23	5	3	20	14	13	4	4	14	2	26	14	5	5	11	1	23	10	1	16	16	11	14	14	27	14	10	4	11	11	27	14	16	11	14	14	11	3	12	14	14	14	14	10	15	14	26	23	26	26	24	14	4	26	14	14	1	14	14	7	7	7	23	23	10	14	23	14	2	14	20	14	27	14	14	3	14	12	14	16	6	27	19	7	27	22	2	14	4	12	16	16	12	14	3	14	3	23	14	14	14	4	3	1	14	3	1	26	14	14	23	9	26	27	11	26	23	23	1	27	14	26	27	14	14	5	1	5	27	18	7	2	14	11	15	14	17	2	22	23	2	2	27	3	14	14	4	24	15	26	14	26	25	14	4	26	26	14	2	1	14	11	2	23	12	27	27	14	14	23	15	14	27	1	23	26	1	7	27	20	20	14	14	14	2	27	14	20	14	2	14	23	14	4	2	15	4	23	23	8	14	8	26	14	14	14	1	23	23	2	23	14	26	14	14	14	25	15	14	2	11	23	26	26	7	27	20	2	23	27	11	3	14	20	2	14	11	1	23	14	3	24	14	4	2	1	1	7	26	14	14	14	14	7	23	10	2	23	12	14	14	14	14	27	4	14	27	26	1	9	14	7	27	19	8	27	27	3	3	16	20	2	14	14	23	27	14	3	24	14	4	14	14	1	1	26	14	2	26	14	12	14	10	1	23	12	2	23	12	27	27	14	14	27	11	15	1	16	23	27	19	7	27	12	14	14	20	20	2	22	14	2	23	14	3	16	14	4	20	4	23	26	16	14	1	26	14	4	23	9	1	23	11	1	23	14	11	14	14	14	27	11	14	1	11	6	3	18	7	27	21	8	14	23	2	2	22	23	2	11	14	3	14	25	4	25	16	25	25	16	5	26	14	14	14	27	9	1	14	3	2	23	13	14	14	14	27	20	20	14	1	4	5	27	18	7	27	20	8	14	17	10	1	23	2	7	14	25	
DESTINATION
0	14	17	2	14	23	2	26	14	14	27	25	25	4	25	16	14	25	14	1	25	14	3	14	27	9	16	3	3	2	23	13	4	14	5	5	15	14	1	14	14	5	26	7	7	27	20	8	14	17	2	27	20	2	14	14	14	16	14	14	25	7	27	23	25	14	3	26	14	2	14	14	4	4	20	14	14	14	4	26	16	14	27	9	9	27	16	4	16	9	14	14	11	11	2	23	4	14	27	14	2	14	14	14	26	14	14	18	7	27	20	8	26	23	26	14	2	3	14	18	27	14	3	22	25	25	24	15	1	1	14	14	9	26	14	1	14	1	25	14	14	23	14	14	16	5	20	2	14	15	14	14	16	14	5	26	18	26	20	8	1	14	14	2	14	14	3	14	14	14	7	14	14	24	14	4	27	23	14	27	11	2	1	25	23	14	26	10	14	14	2	14	16	14	16	14	14	27	27	14	14	16	7	27	20	11	1	4	16	14	14	26	14	14	14	14	14	3	14	15	4	4	26	16	8	8	16	11	14	1	25	14	14	26	2	14	12	24	23	14	27	9	14	14	2	27	11	1	27	9	14	26	14	23	23	9	5	5	5	11	3	16	14	3	14	5	7	16	14	20	16	5	1	14	4	23	1	7	14	3	14	14	14	12	12	23	14	3	26	14	2	14	26	14	4	27	14	14	14	8	27	23	12	23	23	14	8	3	14	14	27	16	20	27	14	15	26	14	8	26	16	14	14	4	7	14	2	26	14	16	5	3	23	13	3	23	10	1	16	14	14	14	27	14	10	4	11	2	2	8	23	23	10	2	14	12	14	14	14	14	10	15	14	14	5	23	16	7	5	23	16	26	14	1	14	14	7	1	7	14	14	2	14	14	3	14	14	20	14	27	14	14	14	14	12	1	1	23	10	14	14	12	12	2	4	14	12	16	4	12	14	11	5	3	16	1	14	11	16	3	1	14	3	1	26	14	14	2	2	23	5	3	20	13	13	1	27	14	26	27	2	14	5	11	1	23	10	1	14	16	11	15	14	17	2	22	23	2	2	27	16	14	11	14	14	11	3	26	25	14	4	26	3	26	14	26	23	26	26	24	14	4	26	27	14	14	23	15	14	27	1	23	23	10	14	23	2	2	14	14	14	2	27	20	14	26	12	14	16	6	27	19	7	27	22	2	14	8	26	14	2	14	14	16	3	14	3	23	14	14	4	14	14	25	15	14	7	11	23	23	9	26	27	11	2	23	23	27	3	14	20	2	14	11	1	1	1	27	18	5	7	25	14	1	3	26	14	14	14	14	7	7	14	3	14	14	4	26	2	14	27	4	14	27	26	14	1	2	1	14	11	2	14	12	27	3	14	20	2	14	14	27	23	20	26	1	7	27	20	20	14	1	26	14	2	26	14	24	14	14	23	14	4	2	15	4	23	27	14	14	27	11	15	1	1	1	23	23	2	23	14	14	14	20	20	2	22	14	2	23	26	26	16	7	27	20	2	27	23	26	14	1	26	14	4	1	23	23	14	3	24	14	4	11	1	14	14	27	11	14	1	11	23	23	10	2	23	12	14	14	14	27	2	22	23	2	11	9	9	14	7	27	19	8	27	27	25	14	16	26	14	14	14	27	14	16	3	24	14	4	14	1	14	14	27	20	14	1	4	12	10	1	1	23	12	2	23	12	17	26	27	23	2	7	14	16	27	27	27	19	7	27	12	25	14	5	14	14	14	14	14	14	14	23	14	4	20	4	23	14	14	9	14	14	27	7	2	9	26	23	11	11	1	23	14	14	2	27	20	2	14	14	26	6	14	14	7	27	21	8	14	
DUE_DATE
0	31147	29996	29505	30094	30143	30192	29707	29756	30825	30394	31643	30492	29987	30556	30045	31094	30103	31152	30701	30190	30219	30788	30840	30882	30924	30426	32208	30510	30552	31127	31156	31665	31214	30703	32472	30761	31330	30819	31388	30887	31456	31485	31994	31543	31032	31061	31630	31119	31148	32919	31740	31761	31782	31263	31824	31305	33066	31347	31368	33129	32430	33171	32472	33247	32576	32145	33394	31703	32292	32325	32352	31839	33606	32913	31920	32967	32994	33741	33048	33795	33102	32646	32130	32154	32718	32202	32766	32250	34014	34038	33342	32886	34135	33452	34209	33526	32543	34320	33157	33194	32717	33316	33375	32894	33973	33517	32996	34755	34774	34073	34812	34111	34850	33669	33148	33707	33186	33205	33764	33783	33317	34396	33975	33494	34573	35325	35352	34659	35406	34713	33720	34287	33774	34341	33828	34395	34911	34464	33957	35010	35763	35076	35829	35862	35895	35194	34730	35946	34222	34778	34254	34270	35306	34842	34318	36074	36090	35386	35402	36138	36154	35450	34986	34491	35064	34557	35130	34623	34656	36429	35262	36495	35820	36582	35904	36666	35988	35010	36072	35631	35664	35697	35190	35763	36996	36309	37062	37095	36405	36432	37179	36486	35493	35520	35547	36594	36141	35628	36195	35695	36272	37509	37546	36863	37620	37657	36974	37731	36564	36597	36090	37143	36156	36189	36762	36255	36821	36844	36327	37370	37393	38136	38159	37462	38205	37028	36511	38274	36557	36581	37144	37167	36650	37213	36696	37739	37762	37785	38528	37831	37374	38597	37905	37452	36939	37506	36993	37560	38787	37074	38121	37668	38175	38917	38216	38955	37234	38993	38292	37831	37310	37869	37348	37367	39126	38425	37964	37443	38527	39296	38625	39394	39443	39492	38837	38416	38475	37994	38593	38107	38156	38205	39994	38843	39372	39405	40152	39459	40206	40233	38520	39567	39114	39141	38628	39195	39221	40444	39747	39770	40513	39816	39839	40582	38865	40628	38911	38934	39497	38977	39536	39015	40054	39593	40812	40831	40130	40869	40888	40187	39726	40225	39764	39243	39300	39882	39384	39426	40008	40530	40092	40607	41356	40665	41414	41443	40752	40301	39790	41559	39848	39907	40496	40545	40054	40643	40152	41211	41964	41277	41310	42063	40896	40389	42162	40995	41035	40532	40569	41146	41663	40680	41737	42494	41820	41862	42624	41946	41508	42750	42072	41100	41142	41724	41226	41808	43050	41352	42427	41996	43245	42574	43343	42672	43431	41724	42777	41790	41823	42396	41889	43662	42495	43721	42544	43767	43070	43813	43116	43139	43882	42165	42188	42751	42774	42257	42847	44096	43425	42994	44243	44292	43677	43776	44595	43920	44682	44004	43026	43068	43650	43152	43797	43356	44475	44021	45244	45267	45290	44593	44616	45359	44662	43665	43688	44251	43734	43757	44335	43832	44889	44446	43943	45000	45757	45794	45127	44696	45225	44794	46043	44352	44457	45096	45195	44717	44776	45375	45914	46693	46037	46096	46875	45734	45253	47097	45996	46095	45591	46164	45657	47430	46743	45756	46809	46842	46875	47635	46952	46509	47746	47063	46080	46117	46694	46195	46772	48009	46306	47363	46920	47437	47474	48257	47596	48375	46694	47773	47347	46856	47445	46954	47003	48792	48835	47672	47169	48946	48263	49020	48337	49094	49119	48420	47961	47982	48003	47484	48045	47526	49287	48588	47589	48630	49371	48672	49497	48876	49695	47995	49052	48609	48106	48683	48180	48757	49994	49315	50072	50109	49426	49463	50220	49057	48554	48607	49676	48705	49294	48803	48852	49422	49446	49950	49494	50718	50022	50766	50790	50094	49098	49122	50886	49725	49752	49779	49266	49833	49320	49347	50394	49941	50448	51195	50515	51272	51309	50626	49643	50220	49717	50294	49791	50364	50877	50430	49923	51696	51009	51042	51795	51115	51872	51189	50206	51263	50280	50857	50354	50385	50952	50439	52206	52233	51540	51567	52314	51621	51648	51195	50707	52496	51345	50854	51443	51492	52722	51546	51030	52794	52818	52122	52866	52170	52914	52218	51762	52986	51295	51872	51369	51946	52463	51480	53257	52574	53325	52632	52659	53406	52713	52260	53487	52314	51801	52368	51855	52422	52926	51930	53694	51978	53742	53046	53070	53814	53118	52662	53166	52195	52772	52269	52306	52883	52920	52417	54194	54231	53544	54297	54330	53643	52656	53229	52722	53775	53357	53416	52935	53534	53053	53615	54832	53649	54866	54163	54180	54917	53194	54231	53768	53785	53802	53279	53836	53313	53330	55087	54437	55216	54555	54614	55393	54715	53732	54789	54346	53843	54420	53917	54494	54017	55816	55875	55214	55993	55311	55344	56097	55410	54963	56196	55029	54522	55095	54585	54612	55179	56406	55713	56460	55287	56514	55821	56568	55875	56672	56746	55620	55154	55725	55212	55779	55266	57033	55320	56367	57114	56421	56448	57195	56627	56296	57535	56852	57609	56926	56963	57720	57757	56054	57152	56746	57300	58094	58125	57432	58179	58206	56493	58260	57567	58314	57621	58368	57675	58697	58077	57696	57255	59031	58344	59097	58410	59163	59196	58029	58542	59295	58627	59396	59445	58774	58343	57852	58937	59716	59055	59834	59173	
TRANSPORT_MODE
0	2	4	4	0	0	0	0	0	4	4	4	0	0	0	0	2	1	4	0	0	0	0	0	0	2	4	4	0	0	0	0	2	4	1	4	0	0	0	0	0	2	4	4	0	0	0	0	0	4	4	4	0	0	0	0	0	3	1	4	0	0	0	0	0	4	4	4	0	0	0	0	0	3	4	4	0	0	0	0	0	4	4	4	0	0	0	0	0	4	3	4	4	0	0	0	0	4	2	0	4	0	0	0	0	4	4	4	0	0	0	0	0	4	2	4	0	0	0	0	0	0	4	4	4	0	0	0	0	4	2	4	0	0	0	0	0	4	4	4	0	0	0	0	0	4	4	2	1	0	0	0	0	0	4	4	3	0	0	0	0	0	1	4	4	0	0	0	0	0	1	4	3	0	0	0	0	0	1	4	4	0	0	0	0	4	1	3	0	0	0	0	0	0	4	4	4	0	0	0	0	1	4	3	1	0	0	0	0	0	4	4	2	0	0	0	0	0	1	4	4	0	0	0	0	0	4	4	2	0	0	0	0	0	1	4	4	0	0	0	0	1	4	2	0	0	0	0	0	0	4	1	4	0	0	0	0	4	4	4	2	0	0	0	0	0	4	4	1	0	0	0	0	0	3	4	4	0	0	0	0	0	1	1	4	0	0	0	0	0	3	4	4	0	0	0	0	1	4	4	0	0	0	0	0	0	3	1	4	0	0	0	0	1	4	1	3	0	0	0	0	0	4	1	4	0	0	0	0	0	2	1	4	0	0	0	0	0	4	4	4	0	0	0	0	0	2	1	1	0	0	0	0	1	4	4	0	0	0	0	0	2	4	1	0	0	0	0	0	1	4	4	2	0	0	0	0	0	4	1	4	0	0	0	0	3	4	4	0	0	0	0	0	1	1	1	0	0	0	0	0	3	1	1	0	0	0	0	0	4	4	4	0	0	0	0	0	3	1	1	0	0	0	0	0	4	4	1	3	0	0	0	0	4	1	4	0	0	0	0	0	2	1	4	0	0	0	0	0	1	1	1	0	0	0	0	0	2	1	4	0	0	0	0	4	4	1	0	0	0	0	0	0	2	4	4	0	0	0	0	1	4	1	2	0	0	0	0	0	1	1	1	0	0	0	0	3	1	4	2	0	0	0	0	0	1	4	1	0	0	0	0	0	3	4	1	0	0	0	0	0	4	1	4	0	0	0	0	0	3	1	1	0	0	0	0	1	1	4	3	0	0	0	0	0	1	1	1	0	0	0	0	0	2	1	4	3	0	0	0	0	0	1	1	1	0	0	0	0	0	2	4	4	0	0	0	0	1	4	2	0	0	0	0	0	1	1	1	0	0	0	0	0	1	1	2	1	0	0	0	0	4	1	3	0	0	0	0	0	1	1	2	1	0	0	0	0	0	4	4	3	0	0	0	0	0	1	1	1	0	0	0	0	1	1	3	0	0	0	0	0	1	4	1	0	0	0	0	0	1	1	3	1	0	0	0	0	1	4	2	0	0	0	0	0	1	1	3	4	0	0	0	0	0	1	1	2	0	0	0	0	0	1	1	1	0	0	0	0	1	2	1	0	0	0	0	0	1	1	1	0	0	0	0	0	4	2	1	1	0	0	0	0	1	3	1	0	0	0	0	0	4	2	1	1	0	0	0	0	0	1	3	1	0	0	0	0	0	1	1	1	0	0	0	0	3	1	1	0	0	0	0	0	1	1	1	0	0	0	0	3	1	1	1	0	0	0	0	0	3	1	1	0	0	0	0	0	3	1	1	1	0	0	0	0	3	1	1	0	0	0	0	0	1	1	1	0	0	0	0	0	
DISTANCE_MATRIX
60	360	318	300	288	276	264	264	150	150	150	60	90	90	162	168	204	228	234	312	360	408	348	318	168	192	168	318	
360	60	264	318	324	342	342	342	348	348	354	360	372	378	378	420	420	480	462	498	462	462	384	420	372	420	378	378	
318	264	60	270	276	288	288	288	294	294	294	318	318	324	324	414	414	468	462	486	462	462	330	366	366	408	372	324	
300	318	270	60	276	288	288	288	288	288	288	300	300	312	318	408	408	468	462	486	438	438	318	360	360	402	360	312	
288	324	276	276	60	276	276	276	276	276	276	288	288	300	300	402	396	462	456	480	432	432	300	360	360	402	348	300	
276	342	288	288	276	60	180	180	252	258	264	264	264	288	288	390	390	456	450	480	432	432	288	348	348	348	288	288	
264	342	288	288	276	180	60	180	246	258	264	264	264	288	288	390	390	456	450	480	432	432	288	348	348	348	288	288	
264	342	288	288	276	180	180	60	240	258	264	264	264	288	288	390	390	456	450	480	432	432	288	348	348	348	288	288	
150	348	294	288	276	252	246	240	60	120	120	150	126	270	270	378	384	420	438	480	420	408	276	300	300	300	276	270	
150	348	294	288	276	258	258	258	120	60	120	150	150	270	270	378	384	420	438	480	420	408	276	300	300	300	276	270	
150	354	294	288	276	264	264	264	120	120	60	150	150	270	270	378	384	420	438	480	420	408	276	300	300	300	276	270	
60	360	318	300	288	264	264	264	150	150	150	60	90	162	168	228	234	312	360	408	348	318	168	192	192	198	168	162	
90	372	318	300	288	264	264	264	150	150	150	90	60	162	168	228	234	312	360	408	348	318	168	192	192	198	168	162	
90	378	324	312	300	288	288	288	270	270	270	162	162	60	120	180	180	306	210	360	300	300	120	180	120	180	120	234	
162	378	324	318	300	288	288	288	270	270	270	168	168	120	60	180	180	306	210	360	300	300	120	180	120	180	120	120	
168	420	414	408	402	348	348	348	300	300	300	228	228	180	180	60	132	204	132	348	258	258	186	60	180	132	222	180	
204	420	414	408	396	390	390	390	384	384	384	234	234	180	180	132	60	204	132	348	258	258	186	60	180	132	222	180	
228	480	468	468	462	456	456	456	420	420	420	312	312	306	306	204	204	60	198	120	240	240	306	204	306	138	306	306	
234	462	462	462	456	450	450	450	438	438	438	360	360	210	210	132	132	198	60	138	132	132	210	132	210	132	210	210	
312	498	486	486	480	480	480	480	480	480	480	408	408	360	360	348	348	120	138	60	348	348	360	348	360	348	360	360	
360	462	462	438	432	432	432	432	420	420	420	348	348	300	300	258	258	240	132	348	60	60	300	258	300	258	300	300	
408	462	462	438	432	432	432	432	408	408	408	318	318	300	300	258	258	240	132	348	60	60	300	258	300	258	300	300	
348	384	330	318	300	288	288	288	276	276	276	168	168	120	120	186	186	306	210	360	300	300	60	186	120	186	120	120	
318	420	366	360	360	348	348	348	300	300	300	192	192	180	180	60	60	204	132	348	258	258	186	60	180	60	180	180	
168	372	300	306	300	288	288	288	270	270	270	168	168	120	120	180	180	306	210	360	300	300	120	180	60	180	120	120	
192	420	408	402	402	348	348	348	300	300	300	198	198	180	180	132	132	138	132	348	258	258	186	60	180	60	180	180	
168	378	372	360	348	288	288	288	276	276	276	168	168	120	120	222	222	306	210	360	300	300	120	180	120	180	60	120	
318	378	324	312	300	288	288	288	270	270	270	162	162	234	120	180	180	306	210	360	300	300	120	180	120	180	120	60	
DEPOT_DISTANCE_MATRIX
60	360	318	300	288	276	264	264	150	150	150	60	90	90	162	168	204	228	234	312	360	408	348	318	168	192	168	318	
162	378	324	318	300	288	288	288	270	270	270	168	168	120	60	180	180	306	210	360	300	300	120	180	120	180	120	120	
318	420	366	360	360	348	348	348	300	300	300	192	192	180	180	60	60	204	132	348	258	258	186	60	180	60	180	180	
PATIENT_WEIGHT
72	95	46	86	58	128	118	143	128	114	58	147	135	123	125	53	38	91	84	113	53	136	100	42	135	65	56	120	50	118	130	54	87	110	64	108	77	65	31	108	64	63	61	149	100	120	94	46	120	68	79	64	95	128	80	99	93	113	127	111	49	77	146	144	63	94	82	94	70	72	51	66	105	65	39	109	62	111	37	132	30	80	135	73	66	106	116	143	45	100	83	38	36	143	99	90	115	30	128	129	122	100	71	63	43	72	87	50	92	141	79	48	110	117	48	56	115	106	132	124	142	65	100	109	122	57	106	63	54	67	132	49	122	75	68	72	127	53	81	137	109	37	31	114	64	30	125	87	49	114	124	74	38	31	62	67	132	91	59	128	106	52	48	37	72	93	59	110	102	43	99	45	61	131	56	81	119	57	106	43	80	120	63	149	66	150	54	127	31	147	149	120	124	84	49	46	48	147	122	137	58	55	109	47	77	106	146	49	105	133	49	94	67	111	63	75	100	30	147	52	44	44	140	79	58	49	65	119	106	89	30	73	115	143	36	112	98	98	143	78	143	33	135	142	90	79	130	80	99	103	116	86	111	129	127	52	61	61	37	34	52	66	31	68	61	36	99	97	51	146	146	81	107	59	71	78	119	50	114	41	45	115	146	40	133	68	48	95	53	138	48	69	76	108	58	142	114	150	117	129	120	80	100	126	113	85	105	91	54	117	98	30	44	73	126	137	56	36	59	54	67	110	66	119	34	49	94	137	65	127	50	115	149	84	76	115	88	60	128	74	81	60	111	89	105	149	149	85	47	117	84	41	55	122	103	104	47	69	75	101	34	53	77	145	113	138	51	88	96	62	64	63	99	125	94	82	40	146	93	142	147	111	123	138	90	114	85	85	48	138	96	139	42	69	122	127	97	61	69	70	65	53	47	104	41	144	39	110	45	84	38	88	122	123	69	122	133	64	104	38	62	145	84	135	122	125	101	121	90	89	112	62	44	78	63	65	119	134	71	85	150	59	85	116	112	84	59	113	85	36	104	113	35	59	37	91	111	88	88	36	74	70	96	91	149	116	150	133	90	77	80	75	125	98	119	64	59	30	101	56	42	30	103	108	31	79	53	63	99	58	38	116	146	87	147	77	68	48	87	116	136	150	66	143	94	70	53	44	86	121	69	107	79	123	145	77	82	138	128	101	59	71	150	86	70	102	76	88	91	35	60	57	35	37	113	81	129	129	129	135	122	121	145	90	72	132	102	91	89	67	97	150	91	98	106	82	33	41	61	137	46	142	138	71	96	101	56	113	128	100	40	104	122	36	65	77	109	93	149	129	97	97	37	139	137	68	121	124	85	42	121	120	82	60	125	60	134	67	150	71	97	69	89	58	35	46	128	144	109	78	100	141	67	56	75	32	104	107	71	73	32	140	94	91	43	108	66	136	120	60	89	94	147	36	145	102	81	128	37	112	98	130	89	46	117	105	123	114	61	40	39	133	88	69	100	87	145	46	144	49	41	44	142	131	69	83	100	55	137	141	132	98	78	30	89	137	71	145	51	105	112	33	145	106	132	47	71	90	112	52	113	113	105	123	112	53	69	93	131	39	111	75	49	44	33	112	31	126	142	70	109	43	143	105	33	42	125	149	135	99	66	41	131	123	47	65	40	89	32	80	137	42	104	55	95	122	132	55	116	150	132	121	124	49	99	51	95	31	53	93	47	141	56	136	147	68	31	105	76	46	74	88	114	56	99	106	36	52	97	55	150	45	146	68	82	34	81	83	100	137	120	76	122	127	98	44	37	102	121	97	101	66	99	126	108	98	121	86	77	114	130	
LOCATION_TURN_MATRIX
100	130	122	113	112	199	136	122	129	152	173	146	151	136	158	140	176	113	122	167	194	134	110	172	114	184	100	147	
170	100	154	188	164	169	136	136	152	170	104	183	155	115	101	104	155	187	174	115	149	134	178	168	114	135	168	102	
178	146	100	161	178	114	104	165	117	139	126	169	192	109	120	179	160	152	154	134	113	140	154	179	196	196	192	181	
187	112	139	100	158	114	195	181	104	132	195	106	183	169	132	170	140	136	172	148	116	110	123	136	151	120	176	169	
188	136	122	142	100	175	164	159	112	100	167	164	135	191	132	181	104	123	142	156	108	117	193	182	116	147	156	185	
101	131	186	186	125	100	190	147	164	150	137	102	145	176	185	131	113	108	117	186	118	151	140	178	154	189	172	110	
164	164	196	105	136	110	100	186	153	151	183	193	111	157	144	123	188	142	110	163	105	190	166	187	170	171	186	126	
178	164	135	119	141	153	114	100	106	130	108	103	151	178	122	151	130	133	184	177	110	141	166	110	122	174	191	197	
171	148	183	196	188	136	147	194	100	167	100	146	168	129	128	142	172	118	174	147	105	158	156	160	120	106	119	136	
148	130	161	168	200	150	149	170	133	100	177	106	175	116	188	180	176	194	108	146	130	187	183	173	128	141	169	176	
127	196	174	105	133	163	117	192	200	123	100	171	175	140	183	115	104	186	128	153	151	175	100	146	191	117	132	197	
154	117	131	194	136	198	107	197	154	194	129	100	136	184	140	147	172	184	148	131	103	156	185	200	152	158	154	143	
149	145	108	117	165	155	189	149	132	125	125	164	100	140	199	142	101	144	163	185	117	191	200	143	113	165	102	154	
164	185	191	131	109	124	143	122	171	184	160	116	160	100	109	116	196	113	131	186	166	139	183	175	144	161	105	170	
142	199	180	168	168	115	156	178	172	112	117	160	101	191	100	147	177	177	199	158	172	188	164	175	180	168	154	195	
160	196	121	130	119	169	177	149	158	120	185	153	158	184	153	100	152	159	197	157	181	159	102	123	168	200	124	186	
124	145	140	160	196	187	112	170	128	124	196	128	199	104	123	148	100	149	114	112	117	135	105	132	138	180	198	156	
187	113	148	164	177	192	158	167	182	106	114	116	156	187	123	141	151	100	166	132	168	163	159	123	129	173	161	116	
178	126	146	128	158	183	190	116	126	192	172	152	137	169	101	103	186	134	100	184	199	137	130	160	148	113	140	150	
133	185	166	152	144	114	137	123	153	154	147	169	115	114	142	143	188	168	116	100	111	195	128	157	191	164	141	171	
106	151	187	184	192	182	195	190	195	170	149	197	183	134	128	119	183	132	101	189	100	129	151	163	147	166	104	177	
166	166	160	190	183	149	110	159	142	113	125	144	109	161	112	141	165	137	163	105	171	100	101	185	169	129	103	197	
190	122	146	177	107	160	134	134	144	117	200	115	100	117	136	198	195	141	170	172	149	199	100	106	150	116	118	145	
128	132	121	164	118	122	113	190	140	127	154	100	157	125	125	177	168	177	140	143	137	115	194	100	128	167	115	155	
186	186	104	149	184	146	130	178	180	172	109	148	187	156	120	132	162	171	152	109	153	131	150	172	100	155	124	184	
116	165	104	180	153	111	129	126	194	159	183	142	135	139	132	100	120	127	187	136	134	171	184	133	145	100	129	192	
200	132	108	124	144	128	114	109	181	131	168	146	198	195	146	176	102	139	160	159	196	197	182	185	176	171	100	146	
153	198	119	131	115	190	174	103	164	124	103	157	146	130	105	114	144	184	150	129	123	103	155	145	116	108	154	100	

