INDEX_PROBLEM
1
PATIENTS
800
STRETCHERS
16
NUM_ROOM
28
NUM_DEPOTS
3
NUM_PRIORITY
4
PRIORITY_LIST
0	1	2	3	4	
PRIORITY_WEIGHT
0	1	10	18	30	
PRIORITY_JOB
0	2	3	3	4	1	4	3	4	2	3	4	1	2	4	3	3	4	4	2	3	4	3	4	4	4	1	2	3	4	3	4	4	4	2	3	4	4	3	4	4	4	1	2	3	4	3	4	3	4	2	3	4	4	4	3	4	1	4	1	2	3	1	2	1	4	4	1	2	3	4	4	3	1	4	2	3	4	2	1	2	4	1	2	3	4	4	4	3	1	2	3	4	1	2	1	3	4	1	2	3	4	4	3	4	1	4	2	3	2	1	2	2	4	4	4	1	2	4	3	4	3	1	4	1	2	1	2	1	3	4	2	3	4	4	3	4	4	1	1	2	3	1	2	3	4	4	2	3	4	3	4	3	4	1	4	1	2	1	2	3	3	4	4	2	4	4	3	4	3	4	1	4	1	1	2	2	1	2	3	4	1	2	4	4	3	1	4	4	2	2	1	1	3	3	4	1	2	3	4	4	4	4	2	3	2	1	3	3	4	4	1	2	3	4	4	4	4	4	1	2	2	1	2	2	3	4	4	1	2	4	3	4	3	4	1	1	2	1	2	1	3	4	4	2	3	4	3	4	4	1	1	2	3	1	2	3	4	4	2	3	4	3	4	4	4	4	1	1	2	1	2	3	3	4	4	2	4	4	3	4	3	4	4	1	1	1	2	1	2	3	4	2	2	4	3	4	3	4	1	4	1	2	1	2	2	3	4	1	2	4	3	4	3	4	4	2	1	2	1	2	3	4	4	1	2	4	4	4	3	4	1	4	3	1	2	1	2	3	4	4	1	3	4	4	2	3	4	1	2	2	1	2	3	4	1	2	4	3	4	2	3	4	4	1	1	1	2	2	3	4	4	2	4	3	4	1	3	4	1	1	2	2	3	1	3	4	4	2	4	4	3	4	3	4	4	1	2	2	1	2	1	3	4	4	2	4	3	4	2	3	4	1	1	1	3	1	2	3	4	4	1	4	3	4	2	3	1	4	2	2	1	2	4	3	4	4	1	2	4	4	3	3	4	4	1	3	1	2	1	2	3	4	4	1	4	4	3	2	3	4	1	2	2	2	2	3	4	4	1	4	4	3	1	2	3	4	1	1	2	3	2	3	4	4	2	4	4	4	1	3	4	3	1	1	2	3	1	2	4	4	2	4	3	4	4	3	4	4	1	1	2	1	2	2	3	4	4	2	3	4	2	3	1	4	1	2	1	2	4	2	3	4	1	2	3	4	3	4	1	4	2	1	3	1	4	3	4	4	1	2	4	3	4	3	4	1	4	2	1	3	2	2	3	4	4	1	4	3	4	2	3	4	1	2	1	2	2	3	3	4	1	2	4	3	4	3	4	1	4	1	1	2	1	2	3	4	2	3	4	4	3	4	4	1	1	2	1	2	3	3	4	4	2	4	3	4	4	3	4	4	1	1	1	2	1	2	3	4	2	3	3	4	3	4	1	1	2	2	2	1	4	3	4	4	1	2	3	4	3	1	4	2	3	2	1	3	4	4	4	1	2	3	3	4	3	4	1	4	2	1	2	1	2	3	4	4	1	2	4	4	3	3	4	1	2	3	1	2	3	4	1	2	3	4	4	3	2	4	1	4	1	2	1	2	3	4	2	3	4	4	4	3	1	4	1	1	2	3	3	1	2	4	4	2	3	4	3	4	1	4	1	4	1	2	3	2	1	3	4	2	3	3	4	3	1	4	1	2	3	2	1	2	4	1	1	2	3	2	1	1	1	4	4	2	3	2	1	3	1	4	4	1	2	2	1	2	1	3	4	2	1	2	2	4	3	1	4	4	1	1	1	2	1	2	3	4	4	1	3	2	
TIME_ASKED
0	28800	28800	28800	28800	28800	28800	28800	28800	28800	28800	28800	28800	28800	28800	28800	28800	29545	29574	29603	29632	29661	29690	29742	29784	29826	29868	29910	29952	29994	30029	30058	30087	30116	30145	30174	30203	30232	30261	30290	30329	30358	30387	30416	30445	30474	30503	30532	30561	30590	30621	30642	30663	30684	30705	30726	30747	30768	30789	30810	30831	30852	30873	30894	30949	30998	31047	31096	31145	31194	31227	31254	31281	31308	31335	31362	31389	31416	31443	31470	31497	31524	31548	31572	31596	31620	31644	31668	31692	31716	31740	31764	31788	31837	31874	31911	31948	31985	32022	32059	32096	32159	32218	32277	32336	32395	32419	32438	32457	32476	32495	32514	32533	32552	32571	32590	32609	32628	32647	32666	32685	32759	32818	32877	32936	32995	33027	33054	33081	33108	33135	33162	33189	33216	33243	33270	33297	33333	33366	33399	33432	33465	33498	33531	33564	33597	33616	33632	33648	33664	33680	33696	33712	33728	33744	33760	33776	33792	33808	33824	33840	33856	33872	33888	33933	33966	33999	34032	34065	34098	34131	34164	34197	34242	34284	34326	34368	34410	34452	34494	34533	34566	34599	34632	34665	34698	34731	34764	34797	34827	34854	34881	34908	34935	34962	34989	35016	35043	35070	35097	35137	35174	35211	35248	35285	35322	35359	35396	35433	35466	35499	35532	35565	35598	35631	35664	35697	35723	35746	35769	35792	35815	35838	35861	35884	35907	35930	35953	35976	35999	36023	36046	36069	36092	36115	36138	36161	36184	36207	36230	36253	36276	36299	36327	36354	36381	36408	36435	36462	36489	36516	36543	36570	36597	36619	36638	36657	36676	36695	36714	36733	36752	36771	36790	36809	36828	36847	36866	36885	36949	36998	37047	37096	37145	37194	37259	37318	37377	37436	37495	37549	37598	37647	37696	37745	37794	37827	37854	37881	37908	37935	37962	37989	38016	38043	38070	38097	38123	38146	38169	38192	38215	38238	38261	38284	38307	38330	38353	38376	38399	38419	38438	38457	38476	38495	38514	38533	38552	38571	38590	38609	38628	38647	38666	38685	38742	38784	38826	38868	38910	38952	38994	39029	39058	39087	39116	39145	39174	39203	39232	39261	39290	39349	39398	39447	39496	39545	39594	39633	39666	39699	39732	39765	39798	39831	39864	39897	39937	39974	40011	40048	40085	40122	40159	40196	40242	40284	40326	40368	40410	40452	40494	40542	40584	40626	40668	40710	40752	40794	40849	40898	40947	40996	41045	41094	41133	41166	41199	41232	41265	41298	41331	41364	41397	41423	41446	41469	41492	41515	41538	41561	41584	41607	41630	41653	41676	41699	41749	41798	41847	41896	41945	41994	42099	42198	42297	42342	42384	42426	42468	42510	42552	42594	42699	42798	42897	42923	42946	42969	42992	43015	43038	43061	43084	43107	43130	43153	43176	43199	43237	43274	43311	43348	43385	43422	43459	43496	43549	43598	43647	43696	43745	43794	43899	43998	44097	44159	44218	44277	44336	44395	44459	44518	44577	44636	44695	44799	44898	44997	45033	45066	45099	45132	45165	45198	45231	45264	45297	45337	45374	45411	45448	45485	45522	45559	45596	45637	45674	45711	45748	45785	45822	45859	45896	45959	46018	46077	46136	46195	46249	46298	46347	46396	46445	46494	46537	46574	46611	46648	46685	46722	46759	46796	46821	46842	46863	46884	46905	46926	46947	46968	46989	47010	47031	47052	47073	47094	47199	47298	47397	47437	47474	47511	47548	47585	47622	47659	47696	47737	47774	47811	47848	47885	47922	47959	47996	48049	48098	48147	48196	48245	48294	48324	48348	48372	48396	48420	48444	48468	48492	48516	48540	48564	48588	48627	48654	48681	48708	48735	48762	48789	48816	48843	48870	48897	48937	48974	49011	49048	49085	49122	49159	49196	49233	49266	49299	49332	49365	49398	49431	49464	49497	49537	49574	49611	49648	49685	49722	49759	49796	49827	49854	49881	49908	49935	49962	49989	50016	50043	50070	50097	50149	50198	50247	50296	50345	50394	50424	50448	50472	50496	50520	50544	50568	50592	50616	50640	50664	50688	50737	50774	50811	50848	50885	50922	50959	50996	51027	51054	51081	51108	51135	51162	51189	51216	51243	51270	51297	51324	51348	51372	51396	51420	51444	51468	51492	51516	51540	51564	51588	51637	51674	51711	51748	51785	51822	51859	51896	51933	51966	51999	52032	52065	52098	52131	52164	52197	52259	52318	52377	52436	52495	52517	52534	52551	52568	52585	52602	52619	52636	52653	52670	52687	52704	52721	52738	52755	52772	52789	52859	52918	52977	53036	53095	53137	53174	53211	53248	53285	53322	53359	53396	53459	53518	53577	53636	53695	53733	53766	53799	53832	53865	53898	53931	53964	53997	54027	54054	54081	54108	54135	54162	54189	54216	54243	54270	54297	54374	54448	54522	54596	54627	54654	54681	54708	54735	54762	54789	54816	54843	54870	54897	55049	55198	55237	55274	55311	55348	55385	55422	55459	55496	55574	55648	55722	55796	55827	55854	55881	55908	55935	55962	55989	56016	56043	56070	56097	56399	56499	56598	56697	56733	56766	56799	56832	56865	56898	56931	56964	56997	57049	57098	57147	57196	57245	57294	57359	57418	57477	57536	57595	
ORIGIN
0	16	6	27	19	14	27	23	25	14	23	10	2	22	26	14	15	14	3	23	14	14	26	16	11	14	16	7	9	27	27	7	14	9	1	23	4	14	23	2	14	2	14	3	2	14	14	14	14	6	27	18	7	27	20	8	8	14	10	2	23	26	2	26	14	23	23	14	14	14	8	12	14	19	7	27	7	9	9	3	14	14	23	11	14	14	14	24	14	23	14	24	14	5	1	24	5	14	18	7	27	20	20	1	14	20	14	23	20	2	14	14	14	14	14	4	24	15	25	14	16	25	3	3	3	2	14	11	2	14	10	2	23	14	14	14	16	14	26	27	14	14	16	2	9	9	9	27	20	14	14	2	2	14	27	27	27	14	14	14	8	2	26	24	15	4	26	16	20	9	8	26	26	14	14	8	14	24	14	23	12	2	8	14	14	12	14	14	27	9	9	5	14	9	9	20	8	2	14	13	5	14	14	2	14	5	5	24	24	5	17	14	4	16	8	5	1	15	14	14	14	14	14	14	14	14	14	25	2	23	14	3	26	14	26	27	11	14	25	16	14	16	11	8	27	23	4	23	16	4	4	14	14	27	7	14	2	14	9	7	26	4	5	14	27	14	14	26	26	14	14	14	14	14	2	4	23	13	3	23	14	20	26	14	14	14	25	14	14	3	14	3	23	8	23	25	10	2	14	14	14	1	14	1	14	23	14	14	16	5	13	9	14	5	23	20	20	14	14	4	23	5	5	27	13	2	8	14	5	23	14	14	14	7	14	3	1	1	14	14	8	1	23	10	26	14	12	3	26	26	4	14	14	27	16	8	5	26	23	6	14	4	26	26	14	14	7	14	26	14	14	4	2	23	14	14	26	26	23	23	7	23	14	26	14	26	2	2	1	23	10	1	23	2	6	3	14	14	27	14	14	4	11	23	14	1	11	3	11	11	14	14	14	3	3	1	17	14	14	17	23	14	3	14	14	14	1	5	14	1	1	26	2	14	27	23	23	10	1	14	14	24	14	14	14	14	27	14	14	1	17	14	16	6	27	19	7	27	22	10	27	23	20	12	12	12	12	3	14	3	23	14	14	26	10	6	1	1	16	14	4	26	23	20	9	26	26	11	26	26	2	27	27	14	14	2	26	2	4	14	5	27	18	7	26	14	17	14	14	17	22	22	23	2	2	26	3	23	14	25	24	14	1	25	25	4	4	26	10	14	14	17	1	23	11	9	23	14	9	7	14	26	14	15	14	7	14	23	26	17	7	14	11	2	2	8	2	2	27	20	14	26	9	6	23	14	4	9	15	4	3	14	3	3	14	14	2	26	23	1	23	10	2	6	14	23	10	6	27	27	14	14	7	13	13	26	16	7	27	27	1	14	27	3	9	20	16	16	20	14	8	23	14	3	24	14	4	26	2	3	3	26	8	17	14	14	2	14	10	2	1	12	14	24	14	27	27	14	17	26	1	1	14	14	7	26	19	14	14	3	16	3	23	2	23	14	9	7	12	14	3	24	14	11	11	14	1	26	18	2	2	26	14	14	3	10	1	23	12	2	23	15	14	25	14	27	23	11	15	13	16	6	27	19	14	27	2	23	15	20	10	14	26	26	1	26	14	3	23	14	4	26	26	13	26	14	7	1	20	20	20	8	9	1	23	4	8	23	4	14	14	14	4	11	14	14	1	14	6	27	18	14	27	21	11	14	23	10	22	26	26	2	24	14	3	23	14	5	14	16	12	25	16	7	27	14	14	14	3	9	1	23	14	3	23	13	3	14	14	3	24	14	1	14	12	5	27	18	7	27	20	8	25	2	10	1	23	2	7	12	11	
DESTINATION
0	14	17	2	22	26	2	26	14	3	27	14	14	19	14	16	14	25	14	4	9	9	3	14	12	9	16	20	14	23	23	13	3	14	14	27	14	5	1	24	5	27	26	14	27	20	20	8	25	17	2	27	20	2	14	14	14	16	14	14	27	14	27	23	25	3	3	26	2	2	14	11	2	22	20	2	13	14	14	26	16	26	27	15	9	9	16	2	9	27	9	1	4	14	23	2	14	26	27	20	2	14	14	14	8	14	8	27	7	27	20	8	8	8	26	14	2	14	14	8	14	14	23	23	23	14	8	12	14	5	14	14	27	9	9	5	14	9	14	23	2	2	14	24	14	14	14	2	14	5	5	24	24	5	18	18	18	20	20	1	14	27	14	2	14	14	14	14	14	14	14	14	14	15	25	14	16	2	26	27	11	14	14	25	16	11	10	10	23	14	14	14	16	14	14	14	14	14	9	7	14	9	9	27	20	14	14	2	2	14	9	26	14	14	14	14	14	14	26	26	15	4	26	16	20	20	9	14	14	1	25	14	14	26	14	23	12	2	14	14	9	14	12	14	2	27	14	1	14	14	14	8	20	23	13	5	24	5	14	20	3	14	14	4	23	5	5	14	14	4	8	5	1	1	27	14	1	7	14	3	1	14	14	25	2	2	14	3	26	14	2	14	26	14	4	14	14	14	16	8	8	14	4	23	16	27	4	26	14	14	7	14	26	14	27	7	7	4	5	14	27	14	14	23	7	14	14	26	14	27	16	4	4	13	3	23	14	14	4	26	14	14	27	14	14	4	11	14	23	23	23	25	10	23	14	14	14	3	1	17	10	14	14	14	16	16	13	9	14	5	5	14	14	1	26	2	14	14	27	27	13	27	8	14	5	14	14	14	14	27	14	14	1	14	17	14	8	1	23	10	26	14	12	27	10	23	12	14	12	12	26	8	8	26	26	23	6	4	26	6	1	25	14	4	26	26	23	14	2	23	23	14	14	26	23	1	27	14	14	2	26	2	4	4	1	1	23	10	1	23	6	3	14	17	2	22	23	2	2	14	23	1	7	11	11	11	11	26	25	14	4	26	10	14	14	17	23	23	16	3	14	14	1	7	14	14	14	15	14	14	14	23	23	10	3	14	14	24	14	8	14	2	27	20	14	26	9	16	16	6	19	19	7	27	27	3	14	3	26	14	2	25	23	14	14	23	23	14	14	26	10	6	14	27	15	14	7	1	14	20	9	14	26	11	26	13	2	27	3	9	20	16	20	14	14	14	27	27	18	7	26	14	17	17	3	26	14	17	14	14	26	3	26	23	25	25	24	14	1	14	27	14	14	17	26	1	14	17	23	23	9	9	23	7	7	3	16	20	2	23	14	9	23	26	17	7	14	14	11	2	14	1	26	14	2	26	14	14	14	23	23	14	14	9	15	4	22	25	14	14	23	11	15	2	1	23	23	2	6	14	23	23	15	26	20	14	22	26	1	26	16	26	27	27	27	1	14	13	11	26	14	1	26	20	20	8	23	14	27	24	24	14	4	26	14	14	14	27	11	14	1	14	10	14	2	23	1	12	14	7	14	17	2	22	26	2	24	1	14	7	14	26	14	14	14	3	25	14	5	26	14	14	3	7	14	3	20	24	11	11	11	14	14	14	27	14	14	1	14	3	3	1	14	12	2	2	23	15	17	2	27	16	2	7	12	16	27	14	19	14	14	27	2	25	14	4	16	14	26	14	11	14	14	20	2	4	4	26	26	14	14	27	8	14	27	7	14	1	26	14	1	8	23	4	11	14	2	27	20	2	14	14	14	27	14	14	27	27	21	11	12	
DUE_DATE
0	30427	29996	30045	29554	31343	29652	30247	29756	30825	30394	29903	31692	31007	30016	30585	30614	30103	30132	31181	30730	30219	30788	30300	30342	30384	32166	31488	31050	30552	31127	30616	30645	30674	31723	31272	30761	30790	31359	30848	30887	30916	32685	31994	31543	31032	31601	31090	31659	31148	32199	31740	31221	31242	31263	31824	31305	33066	31347	33108	32409	31950	33171	32472	33247	31556	31605	33394	32723	32292	31785	31812	32379	33606	31893	32940	32487	31974	33021	33768	33075	32082	33846	33150	32694	32178	32202	32226	32790	34014	33318	32862	32346	34135	33452	34209	33046	32543	34320	33637	33194	32717	32776	33375	32894	34693	32977	34016	33555	34054	34793	34092	34111	33110	33129	33148	34907	34206	33205	33764	33243	33857	35116	33435	35234	34573	35325	34632	35379	34206	33693	34740	34287	33774	33801	34368	33855	33891	35664	35697	35010	34563	35796	35109	34662	34155	34174	35210	34746	34222	34778	34254	34810	34286	36042	34318	36074	35370	36106	35402	34938	34954	34430	34446	35511	34524	34557	35130	34623	35196	34689	36462	34755	36540	36582	35904	35946	36708	36030	35592	35091	36864	36177	35190	35223	35796	37029	35322	35355	36405	36432	37179	37206	36033	36060	35547	37314	36621	36168	35655	35695	35732	35769	36826	36383	36900	37657	36494	36531	36024	36057	37830	37143	36696	36189	36222	36255	36281	36304	38067	37370	37393	38136	37439	37462	37005	36488	36511	38274	37577	36581	37144	36627	37190	36673	38436	38459	37762	38505	37808	38551	37374	36857	36885	37932	37479	36966	37533	37020	37047	38814	38841	38148	37695	38917	38216	37755	37234	37253	38292	37831	37310	37869	37348	37367	37386	37405	39164	39183	38527	39296	38625	38194	38243	37752	37817	38896	37935	37994	38593	38107	38696	38205	38254	40043	40092	40125	39432	40179	39486	39033	38520	39567	39594	38601	39168	38655	39221	38704	40467	38750	40513	39816	40559	39862	39885	39428	38911	40674	39977	38977	39536	39015	39574	39053	39072	40111	40850	40149	40888	40187	39726	39205	39224	40983	40320	39342	39384	39426	40008	39510	41292	39587	40156	41385	40694	41443	40752	40301	39790	39819	41588	40447	39956	40005	41074	40643	40152	41931	41244	41277	42030	41343	40896	40389	42162	41475	40495	41072	40569	41626	41183	40680	40717	42494	42540	42582	41904	41946	41508	41010	41052	42120	41142	41724	41226	43008	41850	41352	43147	43196	42525	42574	42143	43392	42231	41724	41757	42810	41823	41856	42429	41922	42495	41981	42004	43767	43070	43093	43836	43139	43882	42705	42188	42211	43254	42257	42847	42356	43425	42994	42503	44292	44397	44496	43395	44640	43962	43524	43026	43068	44850	43152	43797	43356	44475	44021	45244	43527	44570	44593	45336	44639	43642	44205	43688	43711	45474	44777	43795	43832	44409	44446	43943	43980	45757	44594	45847	45176	45945	45274	44843	44352	44457	46296	44655	44717	45316	45855	45434	44953	46757	46096	46155	46214	46273	45897	45456	45555	47331	45624	45657	46230	47463	46776	46329	45822	47595	47635	46952	46509	47026	46583	46080	46117	47174	46195	46232	46269	48046	46883	46380	46957	48194	48257	47596	47175	48434	47773	46807	46856	47925	46954	47543	47052	47095	47672	47169	47206	48983	49020	48337	49094	48399	48420	47961	47442	47463	48504	48045	47526	48567	48108	49329	47610	49371	48672	49497	48876	47955	49015	48572	48069	49846	49163	48720	48217	48794	48295	50072	48369	49426	50183	49020	50257	48554	49147	48656	48705	50494	49823	48852	49422	48906	49470	48954	50718	49002	50046	50790	49614	50118	50142	49686	49185	49212	50979	49266	49833	49320	50367	49914	49401	51168	50475	51235	50552	50589	50146	50183	49680	51457	50774	49791	50364	49857	50430	49923	51696	49989	51762	51795	51115	51872	51189	50746	50243	51300	50857	50354	50385	50952	50439	50466	52233	52260	51567	52314	51621	51168	51195	50707	50756	51825	50854	51443	50952	50982	51546	51030	51054	52818	52842	52866	52170	52914	52218	51762	51246	52315	51872	51909	51406	51983	51480	53257	53294	52605	52632	52659	53406	51693	52260	51747	51774	53541	52848	52395	51882	52446	53670	51954	52998	52542	53046	53790	52614	52098	52122	52146	53935	53252	52809	52846	52343	52920	52417	54194	52491	53544	54297	53610	54363	53676	53229	52722	52755	54557	53896	52935	52994	53593	53615	53092	54849	54146	53683	54900	54197	53734	53211	54968	54265	53802	53279	53296	53853	54350	53347	55157	53476	55275	54614	55393	54715	54272	53769	54826	54383	53880	53917	53954	54557	55816	54135	55934	55993	55311	54864	54897	56130	55443	54456	54489	55542	55095	54585	55152	54639	56406	54693	56460	54747	56514	55821	55368	55875	56672	55546	55080	56174	55725	55752	55239	55806	57033	55320	57087	56394	55941	56448	57195	56627	55756	57535	57572	56889	56446	56963	57720	57757	57794	56132	56206	57300	56894	57405	58152	56979	58206	56493	56520	58287	57594	57621	58368	57675	58697	57597	57156	58275	59031	58344	58377	57390	57963	59196	57489	57522	59295	59347	59396	58725	59494	58823	58392	57917	57976	59775	58634	59173	
TRANSPORT_MODE
0	2	4	4	4	4	0	0	0	2	4	4	4	2	0	0	4	1	4	4	2	0	0	0	0	4	4	4	4	2	0	0	0	4	4	4	4	0	0	0	0	2	4	4	4	2	0	0	0	4	4	4	4	0	0	0	0	3	4	4	4	4	0	0	0	4	2	4	4	4	0	0	0	3	4	1	1	4	0	0	0	2	4	4	4	4	0	0	0	3	4	1	4	0	0	0	0	1	2	4	4	4	0	0	0	3	4	1	4	0	0	0	0	4	2	4	4	1	0	0	0	4	3	4	4	1	0	0	0	4	2	4	4	1	0	0	0	4	3	4	4	4	0	0	0	4	4	4	4	0	0	0	0	4	3	4	4	4	0	0	0	4	2	4	4	0	0	0	0	4	4	3	4	4	0	0	0	0	4	4	2	4	1	0	0	1	3	4	4	4	0	0	0	0	4	4	2	4	1	0	0	1	4	4	4	0	0	0	0	1	4	2	4	4	0	0	0	1	4	3	1	0	0	0	0	4	4	4	2	4	0	0	0	1	4	1	3	4	0	0	0	4	4	2	1	4	0	0	0	1	4	3	4	4	0	0	0	4	4	4	4	0	0	0	0	1	4	3	1	4	0	0	0	1	4	2	1	0	0	0	0	4	4	4	3	4	0	0	0	4	1	4	2	4	0	0	0	1	1	3	1	4	0	0	0	4	1	4	2	1	0	0	0	4	4	1	1	0	0	0	0	4	4	4	2	4	0	0	0	4	1	3	4	0	0	0	0	1	4	1	2	4	0	0	0	4	1	1	3	4	0	0	4	1	1	2	4	0	0	0	0	4	4	4	3	4	0	0	4	1	2	1	1	0	0	0	0	1	1	4	3	1	0	0	0	4	4	1	2	0	0	0	0	1	4	4	3	4	0	0	0	1	4	4	1	2	0	0	0	1	4	4	3	4	0	0	0	1	1	1	2	1	0	0	0	4	1	3	4	4	0	0	0	0	1	1	4	2	4	0	0	0	1	4	4	3	0	0	0	0	4	1	1	2	1	0	0	0	1	1	1	3	4	0	0	4	1	1	2	1	0	0	0	0	1	4	4	3	4	0	0	1	4	2	4	1	0	0	0	0	1	1	1	3	4	0	0	0	4	1	1	2	0	0	0	0	1	1	1	3	4	0	0	0	4	1	1	2	1	0	0	4	4	3	4	1	0	0	0	0	1	4	1	2	1	0	0	1	1	3	1	1	0	0	0	0	1	4	4	2	1	0	0	0	1	1	3	1	0	0	0	0	4	4	1	2	4	0	0	0	4	1	1	3	1	0	0	0	1	1	2	1	1	0	0	0	4	1	3	1	1	0	0	0	1	1	2	4	4	0	0	0	1	1	3	1	4	0	0	0	4	4	2	1	0	0	0	0	1	1	1	3	1	0	0	0	1	1	1	2	1	0	0	1	1	3	4	1	0	0	0	0	1	1	2	1	4	0	0	1	3	1	4	4	0	0	0	0	1	1	2	1	1	0	0	0	1	3	1	1	0	0	0	0	1	1	2	1	1	0	0	0	1	1	3	1	1	0	0	4	2	1	1	1	0	0	0	0	4	3	1	4	1	0	0	1	2	1	1	1	0	0	0	0	1	3	1	1	1	0	0	0	1	2	1	1	0	0	0	0	1	3	1	1	1	0	0	0	1	2	4	1	1	0	0	3	1	1	1	1	0	0	0	1	3	1	1	1	0	0	0	3	1	1	1	1	0	0	0	3	1	1	1	1	0	0	0	3	1	1	1	0	0	0	0	1	3	1	1	1	0	0	0	3	1	1	1	1	0	0	0	
DISTANCE_MATRIX
60	360	318	300	288	276	264	264	150	150	150	60	90	90	162	168	204	228	234	312	360	408	348	318	168	192	168	318	
360	60	264	318	324	342	342	342	348	348	354	360	372	378	378	420	420	480	462	498	462	462	384	420	372	420	378	378	
318	264	60	270	276	288	288	288	294	294	294	318	318	324	324	414	414	468	462	486	462	462	330	366	366	408	372	324	
300	318	270	60	276	288	288	288	288	288	288	300	300	312	318	408	408	468	462	486	438	438	318	360	360	402	360	312	
288	324	276	276	60	276	276	276	276	276	276	288	288	300	300	402	396	462	456	480	432	432	300	360	360	402	348	300	
276	342	288	288	276	60	180	180	252	258	264	264	264	288	288	390	390	456	450	480	432	432	288	348	348	348	288	288	
264	342	288	288	276	180	60	180	246	258	264	264	264	288	288	390	390	456	450	480	432	432	288	348	348	348	288	288	
264	342	288	288	276	180	180	60	240	258	264	264	264	288	288	390	390	456	450	480	432	432	288	348	348	348	288	288	
150	348	294	288	276	252	246	240	60	120	120	150	126	270	270	378	384	420	438	480	420	408	276	300	300	300	276	270	
150	348	294	288	276	258	258	258	120	60	120	150	150	270	270	378	384	420	438	480	420	408	276	300	300	300	276	270	
150	354	294	288	276	264	264	264	120	120	60	150	150	270	270	378	384	420	438	480	420	408	276	300	300	300	276	270	
60	360	318	300	288	264	264	264	150	150	150	60	90	162	168	228	234	312	360	408	348	318	168	192	192	198	168	162	
90	372	318	300	288	264	264	264	150	150	150	90	60	162	168	228	234	312	360	408	348	318	168	192	192	198	168	162	
90	378	324	312	300	288	288	288	270	270	270	162	162	60	120	180	180	306	210	360	300	300	120	180	120	180	120	234	
162	378	324	318	300	288	288	288	270	270	270	168	168	120	60	180	180	306	210	360	300	300	120	180	120	180	120	120	
168	420	414	408	402	348	348	348	300	300	300	228	228	180	180	60	132	204	132	348	258	258	186	60	180	132	222	180	
204	420	414	408	396	390	390	390	384	384	384	234	234	180	180	132	60	204	132	348	258	258	186	60	180	132	222	180	
228	480	468	468	462	456	456	456	420	420	420	312	312	306	306	204	204	60	198	120	240	240	306	204	306	138	306	306	
234	462	462	462	456	450	450	450	438	438	438	360	360	210	210	132	132	198	60	138	132	132	210	132	210	132	210	210	
312	498	486	486	480	480	480	480	480	480	480	408	408	360	360	348	348	120	138	60	348	348	360	348	360	348	360	360	
360	462	462	438	432	432	432	432	420	420	420	348	348	300	300	258	258	240	132	348	60	60	300	258	300	258	300	300	
408	462	462	438	432	432	432	432	408	408	408	318	318	300	300	258	258	240	132	348	60	60	300	258	300	258	300	300	
348	384	330	318	300	288	288	288	276	276	276	168	168	120	120	186	186	306	210	360	300	300	60	186	120	186	120	120	
318	420	366	360	360	348	348	348	300	300	300	192	192	180	180	60	60	204	132	348	258	258	186	60	180	60	180	180	
168	372	300	306	300	288	288	288	270	270	270	168	168	120	120	180	180	306	210	360	300	300	120	180	60	180	120	120	
192	420	408	402	402	348	348	348	300	300	300	198	198	180	180	132	132	138	132	348	258	258	186	60	180	60	180	180	
168	378	372	360	348	288	288	288	276	276	276	168	168	120	120	222	222	306	210	360	300	300	120	180	120	180	60	120	
318	378	324	312	300	288	288	288	270	270	270	162	162	234	120	180	180	306	210	360	300	300	120	180	120	180	120	60	
DEPOT_DISTANCE_MATRIX
60	360	318	300	288	276	264	264	150	150	150	60	90	90	162	168	204	228	234	312	360	408	348	318	168	192	168	318	
162	378	324	318	300	288	288	288	270	270	270	168	168	120	60	180	180	306	210	360	300	300	120	180	120	180	120	120	
318	420	366	360	360	348	348	348	300	300	300	192	192	180	180	60	60	204	132	348	258	258	186	60	180	60	180	180	
PATIENT_WEIGHT
67	91	106	69	99	46	118	136	59	133	36	86	98	49	113	76	35	52	99	101	43	123	74	35	34	131	59	136	143	58	117	47	41	33	34	69	98	104	80	63	99	97	112	94	106	123	93	55	146	56	33	35	45	63	138	77	101	149	136	95	73	116	110	35	92	76	96	109	83	46	99	51	91	50	93	124	98	118	50	133	75	79	67	96	90	92	110	102	31	80	35	31	150	141	148	43	32	128	53	42	71	116	124	64	81	117	128	97	109	53	150	107	146	123	103	149	95	103	68	75	140	134	38	131	32	81	79	94	128	150	65	47	61	99	97	117	129	40	145	118	117	118	78	74	46	90	49	40	109	32	69	113	115	32	54	64	81	59	90	96	124	137	62	125	117	64	139	139	137	125	70	141	95	93	111	47	56	142	128	33	100	42	141	139	43	41	129	70	64	60	126	37	37	149	96	116	145	81	118	40	46	69	117	102	145	70	121	113	132	138	91	148	81	132	100	58	72	138	146	87	97	101	48	129	66	93	137	37	136	84	141	53	67	86	36	111	69	91	66	119	137	128	128	83	84	72	136	45	116	113	34	136	105	47	87	38	62	43	49	79	79	138	92	66	126	98	135	131	61	122	77	75	139	48	109	56	34	59	135	73	133	68	77	53	53	36	117	82	87	117	69	138	139	52	78	38	85	122	92	141	30	76	84	52	87	135	49	64	146	49	114	65	109	145	123	31	110	124	143	37	96	93	106	85	38	39	140	85	41	104	121	35	78	99	145	124	123	99	55	40	73	123	104	149	114	45	49	133	106	138	59	50	48	139	62	146	107	52	121	112	104	89	141	142	38	53	75	88	113	47	140	120	145	93	95	109	99	111	144	45	109	139	71	92	118	119	126	78	50	32	123	80	130	99	58	53	62	79	148	90	35	90	140	150	135	115	89	114	48	70	147	116	42	48	112	139	59	79	139	148	128	98	132	146	135	82	145	137	142	138	34	59	122	56	93	49	124	81	30	87	63	31	88	114	41	116	146	150	63	101	147	62	99	137	64	94	98	142	40	36	69	139	57	54	117	94	83	89	145	84	137	44	65	129	134	114	34	93	129	143	93	111	48	94	101	89	122	132	98	89	44	82	129	41	41	135	107	43	55	119	132	115	141	92	37	144	45	132	36	95	48	93	74	136	110	53	90	81	66	31	87	83	146	139	134	37	72	44	119	73	134	77	134	105	108	56	140	99	69	76	116	144	56	53	121	97	128	64	59	88	102	143	90	80	89	42	51	147	90	64	144	118	144	71	65	81	66	115	72	126	63	64	63	47	108	82	89	114	65	91	129	111	52	54	107	96	138	147	85	66	71	64	83	95	105	93	87	56	109	64	125	120	62	40	113	43	113	38	95	122	139	114	99	72	93	38	32	127	98	105	92	86	92	82	145	70	30	50	85	128	126	45	134	107	138	68	144	89	45	44	137	59	71	75	63	41	112	64	142	103	132	85	127	126	100	62	99	148	141	108	92	84	77	142	66	103	81	108	78	140	115	86	104	55	38	144	47	134	104	60	71	144	80	68	141	72	83	129	36	59	40	64	41	47	97	69	47	137	92	31	147	110	134	147	42	88	129	124	99	129	139	64	32	135	142	46	88	93	69	50	47	106	143	57	148	37	124	37	64	127	88	39	78	58	51	81	112	138	141	33	90	100	133	142	133	89	101	52	81	79	99	125	128	143	45	72	49	34	48	131	54	50	101	73	51	125	101	149	56	43	128	111	98	31	114	113	61	148	109	57	40	65	105	53	94	49	116	110	70	94	143	36	37	146	32	91	135	133	33	142	146	
LOCATION_TURN_MATRIX
100	130	122	113	112	199	136	122	129	152	173	146	151	136	158	140	176	113	122	167	194	134	110	172	114	184	100	147	
170	100	154	188	164	169	136	136	152	170	104	183	155	115	101	104	155	187	174	115	149	134	178	168	114	135	168	102	
178	146	100	161	178	114	104	165	117	139	126	169	192	109	120	179	160	152	154	134	113	140	154	179	196	196	192	181	
187	112	139	100	158	114	195	181	104	132	195	106	183	169	132	170	140	136	172	148	116	110	123	136	151	120	176	169	
188	136	122	142	100	175	164	159	112	100	167	164	135	191	132	181	104	123	142	156	108	117	193	182	116	147	156	185	
101	131	186	186	125	100	190	147	164	150	137	102	145	176	185	131	113	108	117	186	118	151	140	178	154	189	172	110	
164	164	196	105	136	110	100	186	153	151	183	193	111	157	144	123	188	142	110	163	105	190	166	187	170	171	186	126	
178	164	135	119	141	153	114	100	106	130	108	103	151	178	122	151	130	133	184	177	110	141	166	110	122	174	191	197	
171	148	183	196	188	136	147	194	100	167	100	146	168	129	128	142	172	118	174	147	105	158	156	160	120	106	119	136	
148	130	161	168	200	150	149	170	133	100	177	106	175	116	188	180	176	194	108	146	130	187	183	173	128	141	169	176	
127	196	174	105	133	163	117	192	200	123	100	171	175	140	183	115	104	186	128	153	151	175	100	146	191	117	132	197	
154	117	131	194	136	198	107	197	154	194	129	100	136	184	140	147	172	184	148	131	103	156	185	200	152	158	154	143	
149	145	108	117	165	155	189	149	132	125	125	164	100	140	199	142	101	144	163	185	117	191	200	143	113	165	102	154	
164	185	191	131	109	124	143	122	171	184	160	116	160	100	109	116	196	113	131	186	166	139	183	175	144	161	105	170	
142	199	180	168	168	115	156	178	172	112	117	160	101	191	100	147	177	177	199	158	172	188	164	175	180	168	154	195	
160	196	121	130	119	169	177	149	158	120	185	153	158	184	153	100	152	159	197	157	181	159	102	123	168	200	124	186	
124	145	140	160	196	187	112	170	128	124	196	128	199	104	123	148	100	149	114	112	117	135	105	132	138	180	198	156	
187	113	148	164	177	192	158	167	182	106	114	116	156	187	123	141	151	100	166	132	168	163	159	123	129	173	161	116	
178	126	146	128	158	183	190	116	126	192	172	152	137	169	101	103	186	134	100	184	199	137	130	160	148	113	140	150	
133	185	166	152	144	114	137	123	153	154	147	169	115	114	142	143	188	168	116	100	111	195	128	157	191	164	141	171	
106	151	187	184	192	182	195	190	195	170	149	197	183	134	128	119	183	132	101	189	100	129	151	163	147	166	104	177	
166	166	160	190	183	149	110	159	142	113	125	144	109	161	112	141	165	137	163	105	171	100	101	185	169	129	103	197	
190	122	146	177	107	160	134	134	144	117	200	115	100	117	136	198	195	141	170	172	149	199	100	106	150	116	118	145	
128	132	121	164	118	122	113	190	140	127	154	100	157	125	125	177	168	177	140	143	137	115	194	100	128	167	115	155	
186	186	104	149	184	146	130	178	180	172	109	148	187	156	120	132	162	171	152	109	153	131	150	172	100	155	124	184	
116	165	104	180	153	111	129	126	194	159	183	142	135	139	132	100	120	127	187	136	134	171	184	133	145	100	129	192	
200	132	108	124	144	128	114	109	181	131	168	146	198	195	146	176	102	139	160	159	196	197	182	185	176	171	100	146	
153	198	119	131	115	190	174	103	164	124	103	157	146	130	105	114	144	184	150	129	123	103	155	145	116	108	154	100	

