INDEX_PROBLEM
1
PATIENTS
800
STRETCHERS
16
NUM_ROOM
28
NUM_DEPOTS
3
NUM_PRIORITY
4
PRIORITY_LIST
0	1	2	3	4	
PRIORITY_WEIGHT
0	1	10	18	30	
PRIORITY_JOB
0	1	3	4	3	4	3	4	4	2	3	1	4	4	3	4	3	4	2	4	4	3	4	4	3	4	1	3	4	4	3	4	2	4	2	3	4	3	4	4	4	4	2	4	3	4	4	4	4	4	1	3	3	4	3	4	4	1	4	2	1	2	1	2	1	4	4	1	3	4	4	3	1	3	4	2	1	2	1	2	4	2	3	1	4	4	3	4	1	2	4	4	3	1	2	3	4	2	3	4	4	4	3	4	3	2	4	4	1	1	2	1	2	1	3	4	4	4	3	4	4	2	4	1	3	1	1	2	3	4	2	3	4	4	4	3	2	3	4	1	1	2	1	2	3	4	4	2	4	4	4	4	3	3	1	2	1	2	1	2	2	4	4	1	3	4	3	4	4	3	1	4	1	2	3	1	1	2	4	1	3	4	4	3	3	1	4	2	2	1	2	1	4	4	2	3	4	4	3	4	1	1	3	4	2	3	1	2	4	4	2	3	4	3	4	4	3	4	2	4	1	2	2	3	1	2	4	3	4	4	3	4	3	4	2	4	2	1	2	1	1	3	4	4	4	4	3	4	2	3	1	2	1	2	1	2	3	4	4	2	4	4	4	3	3	3	1	4	1	2	1	2	2	4	4	2	4	4	3	4	2	3	1	4	3	1	2	1	2	3	2	4	1	4	4	3	4	3	1	4	1	2	1	2	1	2	3	4	4	4	3	4	4	1	1	3	4	2	3	1	2	2	3	4	4	4	3	4	3	2	1	4	4	1	2	2	3	4	2	3	4	4	3	4	3	4	2	4	1	1	2	1	2	3	4	2	4	4	3	4	4	1	3	1	3	2	1	2	1	4	4	2	3	4	4	3	4	2	4	1	2	3	1	2	1	2	4	4	2	3	3	4	4	3	4	1	2	2	1	2	3	1	4	4	1	3	4	3	4	3	4	1	2	1	2	2	1	2	3	1	3	4	4	3	4	4	1	4	2	1	2	3	1	4	3	2	4	4	3	4	4	3	4	1	2	3	2	1	2	3	4	4	2	4	3	4	4	3	4	1	3	4	1	2	3	1	4	2	3	3	4	4	3	4	1	3	4	1	2	2	1	1	2	3	4	1	4	4	3	4	1	2	4	2	2	1	2	1	4	2	3	4	4	3	4	3	2	1	2	4	3	3	1	2	1	1	3	4	4	4	3	4	1	2	3	1	2	2	1	2	1	3	4	3	4	4	3	4	1	4	2	3	1	2	3	1	4	1	2	4	4	3	4	4	1	4	2	3	2	1	2	3	3	4	2	4	4	3	4	4	3	1	3	4	1	2	1	2	2	3	4	4	3	4	4	3	1	3	4	1	2	1	2	1	2	3	4	4	4	4	3	4	1	1	2	2	3	1	2	1	4	4	2	3	4	4	4	3	2	1	2	4	3	1	2	3	1	4	1	3	4	4	3	3	1	4	2	1	2	2	1	1	3	1	3	4	4	3	4	1	4	2	2	2	1	2	1	4	3	4	1	4	4	3	4	4	1	2	4	4	2	3	1	2	2	3	4	4	4	3	4	3	2	4	1	3	1	1	1	2	3	4	2	4	3	4	4	3	3	1	3	2	1	1	2	4	4	2	4	4	4	3	4	2	3	1	2	1	2	1	2	4	4	2	3	4	4	4	3	3	1	4	2	1	2	3	1	1	4	1	3	4	4	3	4	1	4	2	1	2	2	1	1	3	1	3	2	2	1	2	1	1	4	2	2	3	1	2	1	3	4	1	1	2	1	2	1	1	2	4	4	2	1	2	3	1	1	2	3	2	1	2	3	4	2	4	1	2	1	1	2	
TIME_ASKED
0	28800	28800	28800	28800	28800	28800	28800	28800	28800	28800	28800	28800	28800	28800	28800	28800	29545	29574	29603	29632	29661	29690	29742	29784	29826	29868	29910	29952	29994	30029	30058	30087	30116	30145	30174	30203	30232	30261	30290	30329	30358	30387	30416	30445	30474	30503	30532	30561	30590	30621	30642	30663	30684	30705	30726	30747	30768	30789	30810	30831	30852	30873	30894	30949	30998	31047	31096	31145	31194	31227	31254	31281	31308	31335	31362	31389	31416	31443	31470	31497	31524	31548	31572	31596	31620	31644	31668	31692	31716	31740	31764	31788	31837	31874	31911	31948	31985	32022	32059	32096	32159	32218	32277	32336	32395	32419	32438	32457	32476	32495	32514	32533	32552	32571	32590	32609	32628	32647	32666	32685	32759	32818	32877	32936	32995	33027	33054	33081	33108	33135	33162	33189	33216	33243	33270	33297	33333	33366	33399	33432	33465	33498	33531	33564	33597	33616	33632	33648	33664	33680	33696	33712	33728	33744	33760	33776	33792	33808	33824	33840	33856	33872	33888	33933	33966	33999	34032	34065	34098	34131	34164	34197	34242	34284	34326	34368	34410	34452	34494	34533	34566	34599	34632	34665	34698	34731	34764	34797	34827	34854	34881	34908	34935	34962	34989	35016	35043	35070	35097	35137	35174	35211	35248	35285	35322	35359	35396	35433	35466	35499	35532	35565	35598	35631	35664	35697	35723	35746	35769	35792	35815	35838	35861	35884	35907	35930	35953	35976	35999	36023	36046	36069	36092	36115	36138	36161	36184	36207	36230	36253	36276	36299	36327	36354	36381	36408	36435	36462	36489	36516	36543	36570	36597	36619	36638	36657	36676	36695	36714	36733	36752	36771	36790	36809	36828	36847	36866	36885	36949	36998	37047	37096	37145	37194	37259	37318	37377	37436	37495	37549	37598	37647	37696	37745	37794	37827	37854	37881	37908	37935	37962	37989	38016	38043	38070	38097	38123	38146	38169	38192	38215	38238	38261	38284	38307	38330	38353	38376	38399	38419	38438	38457	38476	38495	38514	38533	38552	38571	38590	38609	38628	38647	38666	38685	38742	38784	38826	38868	38910	38952	38994	39029	39058	39087	39116	39145	39174	39203	39232	39261	39290	39349	39398	39447	39496	39545	39594	39633	39666	39699	39732	39765	39798	39831	39864	39897	39937	39974	40011	40048	40085	40122	40159	40196	40242	40284	40326	40368	40410	40452	40494	40542	40584	40626	40668	40710	40752	40794	40849	40898	40947	40996	41045	41094	41133	41166	41199	41232	41265	41298	41331	41364	41397	41423	41446	41469	41492	41515	41538	41561	41584	41607	41630	41653	41676	41699	41749	41798	41847	41896	41945	41994	42099	42198	42297	42342	42384	42426	42468	42510	42552	42594	42699	42798	42897	42923	42946	42969	42992	43015	43038	43061	43084	43107	43130	43153	43176	43199	43237	43274	43311	43348	43385	43422	43459	43496	43549	43598	43647	43696	43745	43794	43899	43998	44097	44159	44218	44277	44336	44395	44459	44518	44577	44636	44695	44799	44898	44997	45033	45066	45099	45132	45165	45198	45231	45264	45297	45337	45374	45411	45448	45485	45522	45559	45596	45637	45674	45711	45748	45785	45822	45859	45896	45959	46018	46077	46136	46195	46249	46298	46347	46396	46445	46494	46537	46574	46611	46648	46685	46722	46759	46796	46821	46842	46863	46884	46905	46926	46947	46968	46989	47010	47031	47052	47073	47094	47199	47298	47397	47437	47474	47511	47548	47585	47622	47659	47696	47737	47774	47811	47848	47885	47922	47959	47996	48049	48098	48147	48196	48245	48294	48324	48348	48372	48396	48420	48444	48468	48492	48516	48540	48564	48588	48627	48654	48681	48708	48735	48762	48789	48816	48843	48870	48897	48937	48974	49011	49048	49085	49122	49159	49196	49233	49266	49299	49332	49365	49398	49431	49464	49497	49537	49574	49611	49648	49685	49722	49759	49796	49827	49854	49881	49908	49935	49962	49989	50016	50043	50070	50097	50149	50198	50247	50296	50345	50394	50424	50448	50472	50496	50520	50544	50568	50592	50616	50640	50664	50688	50737	50774	50811	50848	50885	50922	50959	50996	51027	51054	51081	51108	51135	51162	51189	51216	51243	51270	51297	51324	51348	51372	51396	51420	51444	51468	51492	51516	51540	51564	51588	51637	51674	51711	51748	51785	51822	51859	51896	51933	51966	51999	52032	52065	52098	52131	52164	52197	52259	52318	52377	52436	52495	52517	52534	52551	52568	52585	52602	52619	52636	52653	52670	52687	52704	52721	52738	52755	52772	52789	52859	52918	52977	53036	53095	53137	53174	53211	53248	53285	53322	53359	53396	53459	53518	53577	53636	53695	53733	53766	53799	53832	53865	53898	53931	53964	53997	54027	54054	54081	54108	54135	54162	54189	54216	54243	54270	54297	54374	54448	54522	54596	54627	54654	54681	54708	54735	54762	54789	54816	54843	54870	54897	55049	55198	55237	55274	55311	55348	55385	55422	55459	55496	55574	55648	55722	55796	55827	55854	55881	55908	55935	55962	55989	56016	56043	56070	56097	56399	56499	56598	56697	56733	56766	56799	56832	56865	56898	56931	56964	56997	57049	57098	57147	57196	57245	57294	57359	57418	57477	57536	57595	
ORIGIN
0	16	6	25	14	7	27	23	23	1	23	14	14	14	14	14	23	14	14	14	23	4	26	16	2	14	16	9	14	27	7	1	1	9	14	14	11	2	23	4	27	2	14	20	2	14	14	26	14	6	27	18	7	27	20	8	14	14	10	2	3	23	2	26	7	5	23	14	26	24	15	14	26	27	7	9	7	14	3	14	14	7	23	14	16	23	14	14	14	3	4	5	15	14	1	14	14	5	18	26	7	20	8	1	7	7	1	27	20	2	14	14	26	26	14	4	24	14	4	26	14	26	23	25	14	2	14	26	14	14	10	2	14	14	2	14	16	16	23	9	16	27	16	4	16	14	14	27	20	11	1	4	4	4	14	14	20	14	14	14	20	20	20	24	15	4	20	16	1	20	26	26	2	3	14	14	4	4	14	23	12	24	24	14	27	3	14	14	1	25	14	1	14	14	14	20	8	16	23	9	14	5	20	2	14	15	14	14	14	14	14	14	4	27	16	5	14	1	7	7	14	14	14	14	14	14	14	25	2	23	14	3	26	14	4	4	11	2	2	25	23	14	14	8	27	23	14	23	16	14	16	14	16	27	14	4	4	16	26	7	26	14	11	26	16	14	26	14	14	2	14	14	4	14	23	23	23	13	3	23	4	1	26	14	14	1	25	14	14	14	14	14	23	8	24	23	10	5	25	25	14	2	27	26	1	9	1	1	16	5	23	16	14	16	16	16	20	3	16	15	3	5	11	11	13	2	14	14	3	5	1	14	1	1	7	14	3	14	25	25	8	1	23	10	14	14	12	15	26	14	2	27	14	14	14	27	5	3	16	23	14	1	14	14	14	14	14	27	16	16	16	14	2	23	8	3	26	26	4	12	7	7	14	2	26	14	8	8	1	23	10	1	23	14	14	14	14	14	27	14	10	1	11	14	14	26	11	14	9	26	14	5	14	14	14	14	1	10	9	14	23	26	26	24	14	10	16	16	14	1	14	14	14	1	14	14	23	10	14	23	14	20	14	14	27	14	14	14	27	3	14	1	16	6	27	19	7	27	22	11	3	3	12	1	14	12	16	4	14	3	23	14	14	14	16	1	1	14	3	1	26	14	2	14	9	26	27	11	26	14	4	27	27	14	26	27	2	14	16	1	5	27	18	7	2	14	16	14	14	14	2	22	23	2	2	15	3	14	14	4	24	15	14	25	14	14	4	26	5	1	14	16	1	26	11	2	23	12	16	10	14	14	23	15	14	16	16	14	26	14	7	27	20	20	14	14	14	2	27	20	14	26	12	1	23	14	4	2	15	4	12	22	22	8	26	14	2	14	16	1	4	23	2	23	14	2	14	14	14	14	15	14	7	11	14	26	26	7	27	20	7	23	14	3	3	26	20	2	14	11	5	23	14	3	24	14	4	16	11	14	26	14	14	14	14	14	11	7	10	2	23	12	14	14	14	14	4	4	14	27	26	24	2	14	7	1	19	8	27	26	3	3	20	2	14	23	27	27	14	14	26	24	14	4	14	14	14	26	14	2	2	26	14	14	14	10	1	23	12	2	23	23	14	23	14	27	11	15	1	14	16	23	27	19	7	27	22	2	14	20	14	14	22	14	2	27	14	3	16	14	4	20	23	23	26	16	1	1	26	14	4	1	9	1	23	4	1	23	4	1	1	14	14	27	11	14	1	7	6	2	18	7	27	21	14	14	23	2	22	23	2	19	24	14	3	3	26	4	25	16	23	23	16	14	16	26	14	14	27	9	1	24	14	2	23	13	14	14	14	14	14	14	14	1	14	5	27	18	7	27	20	8	14	1	10	1	23	2	7	16	16	
DESTINATION
0	14	17	14	3	23	2	26	7	14	27	26	26	4	25	16	27	25	9	9	7	14	3	14	14	9	16	14	2	23	13	14	14	14	5	5	15	14	1	14	23	27	26	7	27	20	8	14	16	17	2	27	20	2	14	14	26	16	14	14	14	7	27	23	23	14	3	26	14	2	14	26	14	23	20	14	23	4	26	16	16	23	27	9	16	27	16	4	1	14	14	14	11	2	23	4	4	14	27	14	20	14	14	14	20	20	14	18	7	27	20	8	14	14	26	14	2	3	14	14	4	14	7	14	26	24	15	14	25	3	14	14	1	25	14	1	14	14	7	14	16	23	14	14	14	5	3	2	14	15	14	14	14	14	5	26	7	20	8	1	7	7	7	2	14	14	14	14	14	7	14	14	24	14	4	26	14	14	26	27	11	2	2	25	23	14	10	2	14	14	2	14	16	16	16	14	14	16	27	14	4	14	7	27	20	11	1	4	4	4	26	26	14	2	14	14	4	14	23	23	15	4	20	16	1	1	26	14	14	1	25	14	14	26	14	14	12	24	24	14	27	25	25	14	2	27	26	1	14	9	14	8	16	23	9	14	14	16	14	20	3	16	15	3	14	5	14	5	4	27	16	5	14	1	7	7	1	7	14	3	14	14	14	25	2	23	14	3	26	5	4	4	26	14	2	27	14	14	14	14	8	27	23	14	23	14	23	14	14	14	27	16	26	16	16	14	7	26	14	11	26	14	12	12	7	14	2	26	14	14	14	8	23	23	13	3	23	1	14	14	14	14	27	14	10	1	11	14	23	8	24	23	10	10	5	2	14	14	14	1	10	14	9	1	16	16	5	23	16	16	16	16	14	1	14	14	14	14	14	11	13	13	2	14	14	3	14	14	14	27	14	14	27	3	5	25	8	1	23	10	14	14	12	15	4	3	12	1	14	14	15	14	5	5	3	16	23	14	14	1	1	14	3	1	26	14	16	16	2	23	8	3	26	14	4	4	27	14	26	27	2	14	16	8	23	1	10	1	23	14	16	14	14	17	2	22	23	2	2	15	26	26	11	14	9	11	14	14	25	14	4	26	5	1	14	14	23	26	26	24	14	1	14	16	14	14	23	15	14	16	14	23	23	10	14	23	14	20	14	14	14	2	27	20	14	26	14	16	16	16	27	19	7	27	22	11	14	8	26	14	2	14	4	14	3	3	23	14	14	14	16	14	14	14	15	14	7	11	14	14	9	26	27	11	26	14	14	4	3	26	20	2	14	11	16	5	5	27	18	7	2	14	11	14	3	26	14	14	14	14	11	2	2	14	14	4	24	15	14	14	14	4	14	27	26	24	2	16	1	26	11	2	23	12	26	3	14	20	2	14	23	27	16	26	26	14	7	27	20	20	14	1	26	14	2	26	14	14	12	1	14	4	4	2	15	4	12	23	14	14	27	11	15	1	8	4	23	23	2	23	14	2	14	20	20	14	22	14	2	14	26	26	7	27	20	7	23	23	4	26	3	1	26	14	4	1	5	14	3	24	24	14	4	16	1	14	14	27	11	14	1	7	10	7	2	23	12	14	14	26	14	27	2	22	23	2	19	24	2	14	2	1	19	8	27	23	25	14	16	26	14	14	27	27	14	16	24	24	14	4	14	14	14	14	27	14	14	1	14	14	14	1	1	23	12	2	23	23	17	22	27	23	2	7	16	16	27	27	19	7	27	22	2	25	14	26	14	14	14	14	27	27	14	3	16	14	4	20	23	14	14	1	9	14	27	7	1	1	26	1	4	4	1	23	4	14	2	27	20	2	14	14	26	14	14	14	7	27	21	14	14	
DUE_DATE
0	31147	29996	29505	30094	29603	30192	29707	29756	30825	30394	31643	29952	29987	30556	30045	30614	30103	31152	30161	30190	30759	30248	30300	30882	30384	32166	31008	30510	30552	31127	30616	31665	30674	31723	31272	30761	31330	30819	30848	30887	30916	31965	30974	31543	31032	31061	31090	31119	31148	32919	31740	31761	31242	31803	31284	31305	33066	31347	32388	33129	32430	33171	32472	33247	31556	31605	33394	32243	31752	31785	32352	33579	32406	31893	32940	33687	32994	33741	33048	32055	33102	32646	33870	32154	32178	32742	32226	33990	33294	32298	32322	32886	34135	33452	33009	32506	33563	33120	32617	32654	32717	33316	32835	33434	33973	32977	32996	34755	34774	34073	34812	34111	34850	33669	33148	33167	33186	33745	33224	33243	34337	33376	35175	34034	35293	35325	34632	34179	33666	34713	34260	33747	33774	33801	34368	34875	34431	33924	35697	35730	35043	35796	35109	34662	34155	34174	35210	34206	34222	34238	34254	34810	34826	36042	35338	36074	35370	36106	35402	35418	34414	34430	36186	35031	34524	35097	34590	34623	35196	36429	34722	36495	35820	35382	36624	36666	35988	35010	36792	35631	35124	35157	35730	35763	36996	35289	36342	36375	37125	36432	37179	35466	35493	36540	36087	35574	35601	36168	35655	37435	37472	36309	35806	36863	36420	37657	36974	35991	36024	37077	36630	36123	36696	36189	36222	36795	36281	37324	36327	38090	37393	37416	36959	38182	37485	36488	37051	36534	36557	37121	36604	37167	36650	37693	36696	37739	38482	37785	38528	38551	37374	36857	36885	36912	36939	37506	36993	38040	37587	38814	38121	38868	38175	38917	38216	37755	37234	37253	38292	37291	37310	37329	37888	37907	37926	39145	37424	39183	38527	39296	38625	38674	37703	37752	38837	37876	37935	38534	38053	39127	38696	39945	38254	38843	40092	39405	40152	39459	39006	39513	38520	40287	38574	38601	39168	38655	39221	40444	38727	40490	39793	40536	39839	40582	39885	39428	38911	38934	38957	39517	38996	39015	40774	40793	39612	39091	40130	39669	40888	40187	40206	39745	39224	39243	39300	39882	39384	39966	40488	41250	39552	39587	41356	40665	40694	40243	39732	40781	40330	39819	39848	40447	39956	40545	40054	41123	40152	41931	41964	41277	42030	41343	40896	40389	41442	40455	40495	41072	40569	40606	42383	41220	42457	41294	41820	42582	41904	42666	40968	41010	42072	41640	41142	41184	41766	41268	42330	41352	43147	42476	42045	43294	42623	43392	42711	41724	41757	42810	42363	42396	41889	41922	42495	41981	43744	43047	43070	43813	43116	42659	43882	42165	42188	43951	42774	42257	42847	42356	42945	42454	44243	43572	44397	43776	43875	44640	43962	43524	44766	43608	43110	43152	43797	43356	43455	45221	43504	44547	45290	44593	44136	45359	43642	44205	44708	43711	43734	44297	43795	43832	44409	43906	45683	45000	44557	45074	45847	45176	44745	44254	44303	45372	44457	45096	44655	44717	45316	44835	46634	45493	45017	46816	46155	45734	46993	45357	46476	46095	46131	45624	45657	46230	45723	47496	46329	45822	47595	46915	46952	47709	47746	47063	46620	46117	47894	46195	46232	46809	46306	48083	47400	46417	47474	47537	48316	47655	48434	46753	47827	47396	46905	46954	47543	47052	47635	48152	48909	48226	47243	47820	47857	49094	48399	49140	49161	47982	47463	47484	47505	48066	47547	49308	48609	48150	49371	48672	48777	49596	48975	49735	48572	48069	48646	48143	48180	48757	48254	50035	48332	49389	48946	50183	49500	49057	50294	48607	50396	49725	48754	48803	49392	48882	48906	50670	48954	49998	49542	50046	50790	50094	49638	49662	49146	50205	49212	49239	49806	49293	49320	49887	51114	49941	49428	51195	50515	51272	50589	50626	50183	49680	49717	50294	49791	49824	50397	51630	50463	49956	51729	51042	51795	51115	51872	51189	50746	50243	50280	50317	50354	50925	50412	52179	52206	51513	51540	51087	52314	51621	52368	50655	50707	51776	51345	50854	50903	50952	51522	52026	52770	52074	51078	51642	52866	52170	51714	52938	51222	52986	51835	51332	51369	51946	51983	53220	51517	52574	53325	52632	52659	53406	53433	52260	53487	52314	51801	51828	52395	51882	53646	51930	52974	52998	53022	53766	53070	53814	52098	52662	52146	53935	52232	52269	52846	52343	52380	54157	53474	52491	52524	53577	53130	54363	53676	53709	53262	52755	52817	52876	53475	52994	53593	54095	53092	54849	53666	54883	54900	54917	54214	53751	53228	54265	53262	53819	53296	53313	53870	53887	55157	54016	54555	55334	55393	54715	53732	53769	54826	53843	53880	53917	54494	54017	55096	54675	55934	55273	56031	55344	56097	55410	54423	54456	55509	55062	54555	54585	54612	55179	55206	56433	54720	55767	56514	55821	55368	56595	56672	55006	56820	55694	55185	55212	55779	55266	57033	55320	56367	57114	56421	56448	57195	57347	56296	57535	56372	56889	56926	57683	57000	57757	57794	56132	57226	57300	56894	58125	57432	58179	57006	56493	58260	58287	57594	58341	57648	58395	58697	58077	57156	57255	58311	59064	58377	57930	59163	59196	58509	58062	58575	59347	58676	58245	57754	58823	57852	59657	58996	59775	59834	59173	
TRANSPORT_MODE
0	2	4	4	0	0	0	0	0	4	4	2	0	0	0	0	4	1	4	0	0	0	0	0	4	4	4	0	0	0	0	0	2	4	4	4	0	0	0	0	0	2	4	4	0	0	0	0	0	4	4	4	0	0	0	0	0	3	4	4	0	0	0	0	0	4	4	4	0	0	0	0	3	4	4	0	0	0	0	0	0	4	4	4	0	0	0	0	3	4	4	4	0	0	0	0	0	2	4	4	0	0	0	0	0	1	4	4	0	0	0	0	0	4	2	4	0	0	0	0	0	4	1	1	0	0	0	0	4	2	4	0	0	0	0	0	0	4	1	4	0	0	0	0	1	2	4	4	0	0	0	0	0	4	3	1	0	0	0	0	0	4	4	4	0	0	0	0	0	1	3	4	0	0	0	0	0	4	1	4	0	0	0	0	4	3	4	0	0	0	0	0	0	4	1	4	0	0	0	0	4	3	4	4	0	0	0	0	0	1	2	4	0	0	0	0	0	4	4	4	0	0	0	0	0	4	2	4	0	0	0	0	0	4	4	1	0	0	0	0	4	2	4	0	0	0	0	0	4	4	4	0	0	0	0	0	1	2	1	1	0	0	0	0	0	4	3	4	0	0	0	0	1	2	4	1	0	0	0	0	0	4	3	1	0	0	0	0	0	0	4	4	4	0	0	0	0	1	3	4	0	0	0	0	0	1	4	4	0	0	0	0	0	1	3	1	4	0	0	0	0	4	2	1	0	0	0	0	0	4	3	4	4	0	0	0	0	0	4	2	1	0	0	0	0	0	4	1	1	0	0	0	0	4	2	4	0	0	0	0	0	0	1	4	4	0	0	0	0	4	2	4	1	0	0	0	0	0	1	3	1	0	0	0	0	0	1	2	4	4	0	0	0	0	1	3	1	0	0	0	0	0	0	1	4	4	0	0	0	0	1	3	4	0	0	0	0	0	4	4	1	0	0	0	0	1	3	4	1	0	0	0	0	0	1	2	4	0	0	0	0	0	1	3	4	1	0	0	0	0	0	1	2	4	0	0	0	0	0	4	4	4	0	0	0	0	1	2	1	0	0	0	0	0	1	1	1	0	0	0	0	0	1	2	4	4	0	0	0	0	3	1	1	0	0	0	0	0	2	4	1	1	0	0	0	0	0	3	4	4	0	0	0	0	0	1	1	1	0	0	0	0	3	4	1	0	0	0	0	0	1	1	1	0	0	0	0	0	3	1	4	1	0	0	0	0	2	1	4	0	0	0	0	0	3	4	1	4	0	0	0	0	0	2	1	1	0	0	0	0	0	1	1	2	0	0	0	0	1	1	4	0	0	0	0	0	1	1	1	0	0	0	0	0	2	1	4	0	0	0	0	0	3	1	4	0	0	0	0	0	2	1	1	1	0	0	0	0	0	3	1	1	0	0	0	0	0	4	1	1	0	0	0	0	3	1	1	0	0	0	0	0	1	4	1	0	0	0	0	3	1	4	0	0	0	0	0	0	4	1	1	0	0	0	0	0	3	1	1	1	0	0	0	0	2	1	1	0	0	0	0	0	1	1	1	0	0	0	0	0	2	4	1	0	0	0	0	0	1	1	4	0	0	0	0	2	1	1	0	0	0	0	0	0	4	1	1	0	0	0	0	2	1	1	1	0	0	0	0	0	3	1	1	0	0	0	0	0	1	1	1	0	0	0	0	3	1	1	0	0	0	0	0	1	1	1	0	0	0	0	0	3	4	1	0	0	0	0	0	1	1	1	0	0	0	0	0	3	1	1	1	0	0	0	0	0	3	1	1	0	0	0	0	1	1	1	0	0	0	0	0	
DISTANCE_MATRIX
60	360	318	300	288	276	264	264	150	150	150	60	90	90	162	168	204	228	234	312	360	408	348	318	168	192	168	318	
360	60	264	318	324	342	342	342	348	348	354	360	372	378	378	420	420	480	462	498	462	462	384	420	372	420	378	378	
318	264	60	270	276	288	288	288	294	294	294	318	318	324	324	414	414	468	462	486	462	462	330	366	366	408	372	324	
300	318	270	60	276	288	288	288	288	288	288	300	300	312	318	408	408	468	462	486	438	438	318	360	360	402	360	312	
288	324	276	276	60	276	276	276	276	276	276	288	288	300	300	402	396	462	456	480	432	432	300	360	360	402	348	300	
276	342	288	288	276	60	180	180	252	258	264	264	264	288	288	390	390	456	450	480	432	432	288	348	348	348	288	288	
264	342	288	288	276	180	60	180	246	258	264	264	264	288	288	390	390	456	450	480	432	432	288	348	348	348	288	288	
264	342	288	288	276	180	180	60	240	258	264	264	264	288	288	390	390	456	450	480	432	432	288	348	348	348	288	288	
150	348	294	288	276	252	246	240	60	120	120	150	126	270	270	378	384	420	438	480	420	408	276	300	300	300	276	270	
150	348	294	288	276	258	258	258	120	60	120	150	150	270	270	378	384	420	438	480	420	408	276	300	300	300	276	270	
150	354	294	288	276	264	264	264	120	120	60	150	150	270	270	378	384	420	438	480	420	408	276	300	300	300	276	270	
60	360	318	300	288	264	264	264	150	150	150	60	90	162	168	228	234	312	360	408	348	318	168	192	192	198	168	162	
90	372	318	300	288	264	264	264	150	150	150	90	60	162	168	228	234	312	360	408	348	318	168	192	192	198	168	162	
90	378	324	312	300	288	288	288	270	270	270	162	162	60	120	180	180	306	210	360	300	300	120	180	120	180	120	234	
162	378	324	318	300	288	288	288	270	270	270	168	168	120	60	180	180	306	210	360	300	300	120	180	120	180	120	120	
168	420	414	408	402	348	348	348	300	300	300	228	228	180	180	60	132	204	132	348	258	258	186	60	180	132	222	180	
204	420	414	408	396	390	390	390	384	384	384	234	234	180	180	132	60	204	132	348	258	258	186	60	180	132	222	180	
228	480	468	468	462	456	456	456	420	420	420	312	312	306	306	204	204	60	198	120	240	240	306	204	306	138	306	306	
234	462	462	462	456	450	450	450	438	438	438	360	360	210	210	132	132	198	60	138	132	132	210	132	210	132	210	210	
312	498	486	486	480	480	480	480	480	480	480	408	408	360	360	348	348	120	138	60	348	348	360	348	360	348	360	360	
360	462	462	438	432	432	432	432	420	420	420	348	348	300	300	258	258	240	132	348	60	60	300	258	300	258	300	300	
408	462	462	438	432	432	432	432	408	408	408	318	318	300	300	258	258	240	132	348	60	60	300	258	300	258	300	300	
348	384	330	318	300	288	288	288	276	276	276	168	168	120	120	186	186	306	210	360	300	300	60	186	120	186	120	120	
318	420	366	360	360	348	348	348	300	300	300	192	192	180	180	60	60	204	132	348	258	258	186	60	180	60	180	180	
168	372	300	306	300	288	288	288	270	270	270	168	168	120	120	180	180	306	210	360	300	300	120	180	60	180	120	120	
192	420	408	402	402	348	348	348	300	300	300	198	198	180	180	132	132	138	132	348	258	258	186	60	180	60	180	180	
168	378	372	360	348	288	288	288	276	276	276	168	168	120	120	222	222	306	210	360	300	300	120	180	120	180	60	120	
318	378	324	312	300	288	288	288	270	270	270	162	162	234	120	180	180	306	210	360	300	300	120	180	120	180	120	60	
DEPOT_DISTANCE_MATRIX
60	360	318	300	288	276	264	264	150	150	150	60	90	90	162	168	204	228	234	312	360	408	348	318	168	192	168	318	
162	378	324	318	300	288	288	288	270	270	270	168	168	120	60	180	180	306	210	360	300	300	120	180	120	180	120	120	
318	420	366	360	360	348	348	348	300	300	300	192	192	180	180	60	60	204	132	348	258	258	186	60	180	60	180	180	
PATIENT_WEIGHT
130	108	55	136	130	94	72	107	51	40	83	68	79	148	72	89	35	150	148	135	144	146	49	131	65	123	82	103	34	120	68	87	105	39	71	68	78	77	65	31	55	82	93	100	105	141	44	91	122	103	89	119	140	133	97	69	115	105	109	84	80	104	35	78	97	65	146	144	55	60	79	111	131	56	79	41	96	143	109	133	135	49	52	95	149	94	87	44	42	67	66	77	71	76	101	130	52	66	100	31	41	84	135	35	35	148	105	72	119	119	44	129	42	132	30	150	74	131	33	141	100	65	36	50	87	38	77	62	34	138	81	105	119	146	78	60	69	125	130	49	149	88	66	56	116	64	145	135	114	81	48	39	72	128	31	131	110	78	115	30	108	148	131	104	143	49	144	130	103	100	115	64	65	120	66	36	71	144	53	125	144	56	118	143	71	79	32	48	133	120	75	32	62	133	142	109	125	109	52	114	83	116	109	112	101	104	133	32	84	103	44	60	59	100	44	140	147	135	104	62	55	83	67	107	68	90	105	70	121	127	85	148	132	50	119	117	98	121	75	90	46	87	78	118	110	80	97	75	74	92	100	92	100	47	146	119	31	117	66	120	91	62	31	50	46	42	66	98	60	125	105	57	80	87	148	40	82	148	111	30	82	43	77	71	65	85	100	123	145	92	69	76	46	76	103	103	79	118	68	102	91	35	88	38	36	116	103	62	144	94	97	97	148	131	121	79	33	41	121	107	53	107	143	116	137	131	111	53	79	145	43	46	112	135	111	106	50	115	113	145	39	77	116	30	146	145	100	69	88	80	109	129	100	39	45	55	54	135	125	111	69	80	124	66	33	141	120	148	107	141	127	132	79	40	142	129	144	32	89	59	116	135	69	83	102	63	130	129	145	72	140	78	50	76	137	142	39	92	140	53	62	145	67	80	88	53	86	51	147	59	87	142	131	67	69	125	131	39	97	119	85	137	70	116	64	128	106	149	40	113	133	128	36	57	57	72	57	51	70	132	77	71	53	103	143	126	110	107	86	49	46	64	95	80	140	55	114	138	91	43	118	126	149	142	106	114	133	88	145	106	143	44	92	74	96	38	57	34	129	106	80	53	115	93	34	60	108	43	111	42	142	79	120	76	143	149	78	141	74	42	38	52	118	35	70	116	138	50	51	66	129	47	85	63	80	111	70	67	111	50	53	52	85	101	56	142	146	58	102	89	111	39	41	147	58	70	109	135	78	69	109	120	38	96	41	137	120	148	132	63	135	120	46	100	82	134	146	92	76	51	33	55	85	148	82	144	87	91	76	41	46	131	125	91	111	55	100	49	36	101	61	112	87	124	135	115	35	87	76	142	144	93	85	101	45	102	70	37	47	43	65	87	99	34	134	45	65	132	131	91	92	94	43	44	63	149	117	141	44	88	43	63	117	138	125	59	133	108	103	40	51	47	33	138	70	92	102	68	54	107	136	83	125	57	91	135	59	127	120	101	43	82	76	60	107	107	121	81	112	130	148	134	117	84	143	109	74	80	136	113	90	114	81	78	58	141	75	32	89	87	108	43	133	62	59	124	139	100	111	123	89	37	32	78	134	121	34	127	61	148	121	77	142	142	59	94	55	38	73	126	92	51	112	131	109	58	73	150	144	122	44	50	119	147	106	149	47	86	57	40	86	128	111	58	53	73	36	126	81	83	59	41	61	46	145	50	85	32	42	55	107	148	69	65	92	92	128	38	39	119	99	118	61	86	54	48	89	60	62	87	34	59	90	35	67	84	76	60	69	70	128	121	50	86	75	79	55	143	136	138	38	51	150	148	50	30	63	135	81	45	53	
LOCATION_TURN_MATRIX
100	130	122	113	112	199	136	122	129	152	173	146	151	136	158	140	176	113	122	167	194	134	110	172	114	184	100	147	
170	100	154	188	164	169	136	136	152	170	104	183	155	115	101	104	155	187	174	115	149	134	178	168	114	135	168	102	
178	146	100	161	178	114	104	165	117	139	126	169	192	109	120	179	160	152	154	134	113	140	154	179	196	196	192	181	
187	112	139	100	158	114	195	181	104	132	195	106	183	169	132	170	140	136	172	148	116	110	123	136	151	120	176	169	
188	136	122	142	100	175	164	159	112	100	167	164	135	191	132	181	104	123	142	156	108	117	193	182	116	147	156	185	
101	131	186	186	125	100	190	147	164	150	137	102	145	176	185	131	113	108	117	186	118	151	140	178	154	189	172	110	
164	164	196	105	136	110	100	186	153	151	183	193	111	157	144	123	188	142	110	163	105	190	166	187	170	171	186	126	
178	164	135	119	141	153	114	100	106	130	108	103	151	178	122	151	130	133	184	177	110	141	166	110	122	174	191	197	
171	148	183	196	188	136	147	194	100	167	100	146	168	129	128	142	172	118	174	147	105	158	156	160	120	106	119	136	
148	130	161	168	200	150	149	170	133	100	177	106	175	116	188	180	176	194	108	146	130	187	183	173	128	141	169	176	
127	196	174	105	133	163	117	192	200	123	100	171	175	140	183	115	104	186	128	153	151	175	100	146	191	117	132	197	
154	117	131	194	136	198	107	197	154	194	129	100	136	184	140	147	172	184	148	131	103	156	185	200	152	158	154	143	
149	145	108	117	165	155	189	149	132	125	125	164	100	140	199	142	101	144	163	185	117	191	200	143	113	165	102	154	
164	185	191	131	109	124	143	122	171	184	160	116	160	100	109	116	196	113	131	186	166	139	183	175	144	161	105	170	
142	199	180	168	168	115	156	178	172	112	117	160	101	191	100	147	177	177	199	158	172	188	164	175	180	168	154	195	
160	196	121	130	119	169	177	149	158	120	185	153	158	184	153	100	152	159	197	157	181	159	102	123	168	200	124	186	
124	145	140	160	196	187	112	170	128	124	196	128	199	104	123	148	100	149	114	112	117	135	105	132	138	180	198	156	
187	113	148	164	177	192	158	167	182	106	114	116	156	187	123	141	151	100	166	132	168	163	159	123	129	173	161	116	
178	126	146	128	158	183	190	116	126	192	172	152	137	169	101	103	186	134	100	184	199	137	130	160	148	113	140	150	
133	185	166	152	144	114	137	123	153	154	147	169	115	114	142	143	188	168	116	100	111	195	128	157	191	164	141	171	
106	151	187	184	192	182	195	190	195	170	149	197	183	134	128	119	183	132	101	189	100	129	151	163	147	166	104	177	
166	166	160	190	183	149	110	159	142	113	125	144	109	161	112	141	165	137	163	105	171	100	101	185	169	129	103	197	
190	122	146	177	107	160	134	134	144	117	200	115	100	117	136	198	195	141	170	172	149	199	100	106	150	116	118	145	
128	132	121	164	118	122	113	190	140	127	154	100	157	125	125	177	168	177	140	143	137	115	194	100	128	167	115	155	
186	186	104	149	184	146	130	178	180	172	109	148	187	156	120	132	162	171	152	109	153	131	150	172	100	155	124	184	
116	165	104	180	153	111	129	126	194	159	183	142	135	139	132	100	120	127	187	136	134	171	184	133	145	100	129	192	
200	132	108	124	144	128	114	109	181	131	168	146	198	195	146	176	102	139	160	159	196	197	182	185	176	171	100	146	
153	198	119	131	115	190	174	103	164	124	103	157	146	130	105	114	144	184	150	129	123	103	155	145	116	108	154	100	

