INDEX_PROBLEM
1
PATIENTS
800
STRETCHERS
16
NUM_ROOM
28
NUM_DEPOTS
3
NUM_PRIORITY
4
PRIORITY_LIST
0	1	2	3	4	
PRIORITY_WEIGHT
0	1	10	18	30	
PRIORITY_JOB
0	1	2	3	4	4	1	3	2	2	3	4	4	1	2	4	3	3	4	4	2	2	4	3	4	3	4	4	1	2	3	4	3	4	4	2	2	3	3	4	4	4	4	1	2	3	4	3	3	4	4	1	2	3	4	4	4	1	4	4	1	2	2	1	3	4	4	1	2	3	3	3	1	4	4	2	2	3	1	2	4	4	1	2	3	3	4	1	4	1	4	2	2	3	4	3	2	4	4	1	2	3	3	4	3	4	1	4	1	2	3	4	3	4	4	1	2	2	3	4	3	4	1	1	4	1	2	3	1	3	4	4	2	2	3	4	4	4	1	1	4	1	2	3	1	2	3	4	4	2	2	3	4	3	4	4	1	1	2	3	1	3	4	4	4	1	2	3	4	2	4	4	1	1	2	2	3	1	3	4	4	1	2	3	3	3	4	1	4	2	2	3	1	2	4	4	1	2	3	3	4	4	4	1	2	2	3	4	1	2	4	4	4	1	2	3	3	4	4	4	1	1	2	3	4	3	4	4	4	1	2	2	3	4	3	4	4	1	1	1	2	3	3	4	4	2	2	3	1	4	4	4	4	1	1	1	2	3	1	3	4	4	2	2	3	4	4	4	4	1	1	2	3	2	1	3	4	4	4	1	2	3	3	4	4	1	1	2	2	2	3	3	4	4	1	2	3	3	4	4	4	1	2	2	3	1	1	4	4	1	2	3	3	4	4	4	2	1	2	3	4	2	1	4	1	2	3	3	4	4	4	4	4	1	1	2	3	4	2	3	4	1	2	2	3	4	4	4	1	2	1	1	3	3	3	4	4	2	2	3	4	4	4	4	1	1	1	2	3	3	1	4	4	2	2	3	4	4	3	4	4	1	2	1	3	3	1	4	4	4	1	2	3	4	3	2	4	4	1	1	2	2	1	3	4	1	2	3	4	3	4	4	2	1	2	3	4	2	3	4	1	2	3	3	4	4	4	2	2	2	1	3	4	4	1	2	1	2	3	3	4	4	4	4	1	1	2	3	4	4	1	3	1	2	2	3	4	4	4	3	1	2	1	1	3	4	4	4	2	2	3	4	4	4	2	1	2	1	1	3	3	4	2	4	2	2	3	4	4	4	4	3	1	2	1	3	3	4	2	4	4	1	2	3	4	4	4	1	1	2	1	2	3	4	1	4	1	2	3	4	4	4	3	1	1	2	2	3	4	2	3	4	1	2	3	3	4	4	4	2	1	2	3	4	4	2	1	2	1	2	3	3	4	4	4	1	2	1	3	4	4	4	1	1	2	2	3	4	4	1	3	2	3	1	1	4	4	4	2	1	2	2	3	4	4	3	4	1	1	1	2	3	3	4	2	4	2	2	3	4	4	4	4	1	1	2	3	3	4	1	2	4	4	1	2	3	4	4	4	1	1	2	3	3	4	1	2	4	1	2	3	4	4	4	3	1	1	2	2	3	4	2	4	1	2	3	3	4	4	2	3	1	2	2	3	4	4	1	1	1	2	3	3	4	4	4	1	1	2	3	4	4	4	2	2	1	2	3	3	4	1	4	1	1	2	3	4	4	4	2	1	2	2	3	4	4	4	3	1	1	1	2	3	3	4	1	4	2	2	3	4	4	3	4	1	1	2	3	3	4	1	4	4	1	2	3	4	4	4	3	1	4	1	2	3	3	2	3	4	1	2	3	4	4	4	1	1	2	2	3	4	2	4	1	1	4	1	2	3	1	1	3	4	4	2	2	3	1	2	1	4	4	1	2	3	2	1	1	3	4	4	2	4	3	1	1	2	3	4	4	1	2	1	1	1	2	3	3	4	4	2	
TIME_ASKED
0	28800	28800	28800	28800	28800	28800	28800	28800	28800	28800	28800	28800	28800	28800	28800	28800	29545	29574	29603	29632	29661	29690	29742	29784	29826	29868	29910	29952	29994	30029	30058	30087	30116	30145	30174	30203	30232	30261	30290	30329	30358	30387	30416	30445	30474	30503	30532	30561	30590	30621	30642	30663	30684	30705	30726	30747	30768	30789	30810	30831	30852	30873	30894	30949	30998	31047	31096	31145	31194	31227	31254	31281	31308	31335	31362	31389	31416	31443	31470	31497	31524	31548	31572	31596	31620	31644	31668	31692	31716	31740	31764	31788	31837	31874	31911	31948	31985	32022	32059	32096	32159	32218	32277	32336	32395	32419	32438	32457	32476	32495	32514	32533	32552	32571	32590	32609	32628	32647	32666	32685	32759	32818	32877	32936	32995	33027	33054	33081	33108	33135	33162	33189	33216	33243	33270	33297	33333	33366	33399	33432	33465	33498	33531	33564	33597	33616	33632	33648	33664	33680	33696	33712	33728	33744	33760	33776	33792	33808	33824	33840	33856	33872	33888	33933	33966	33999	34032	34065	34098	34131	34164	34197	34242	34284	34326	34368	34410	34452	34494	34533	34566	34599	34632	34665	34698	34731	34764	34797	34827	34854	34881	34908	34935	34962	34989	35016	35043	35070	35097	35137	35174	35211	35248	35285	35322	35359	35396	35433	35466	35499	35532	35565	35598	35631	35664	35697	35723	35746	35769	35792	35815	35838	35861	35884	35907	35930	35953	35976	35999	36023	36046	36069	36092	36115	36138	36161	36184	36207	36230	36253	36276	36299	36327	36354	36381	36408	36435	36462	36489	36516	36543	36570	36597	36619	36638	36657	36676	36695	36714	36733	36752	36771	36790	36809	36828	36847	36866	36885	36949	36998	37047	37096	37145	37194	37259	37318	37377	37436	37495	37549	37598	37647	37696	37745	37794	37827	37854	37881	37908	37935	37962	37989	38016	38043	38070	38097	38123	38146	38169	38192	38215	38238	38261	38284	38307	38330	38353	38376	38399	38419	38438	38457	38476	38495	38514	38533	38552	38571	38590	38609	38628	38647	38666	38685	38742	38784	38826	38868	38910	38952	38994	39029	39058	39087	39116	39145	39174	39203	39232	39261	39290	39349	39398	39447	39496	39545	39594	39633	39666	39699	39732	39765	39798	39831	39864	39897	39937	39974	40011	40048	40085	40122	40159	40196	40242	40284	40326	40368	40410	40452	40494	40542	40584	40626	40668	40710	40752	40794	40849	40898	40947	40996	41045	41094	41133	41166	41199	41232	41265	41298	41331	41364	41397	41423	41446	41469	41492	41515	41538	41561	41584	41607	41630	41653	41676	41699	41749	41798	41847	41896	41945	41994	42099	42198	42297	42342	42384	42426	42468	42510	42552	42594	42699	42798	42897	42923	42946	42969	42992	43015	43038	43061	43084	43107	43130	43153	43176	43199	43237	43274	43311	43348	43385	43422	43459	43496	43549	43598	43647	43696	43745	43794	43899	43998	44097	44159	44218	44277	44336	44395	44459	44518	44577	44636	44695	44799	44898	44997	45033	45066	45099	45132	45165	45198	45231	45264	45297	45337	45374	45411	45448	45485	45522	45559	45596	45637	45674	45711	45748	45785	45822	45859	45896	45959	46018	46077	46136	46195	46249	46298	46347	46396	46445	46494	46537	46574	46611	46648	46685	46722	46759	46796	46821	46842	46863	46884	46905	46926	46947	46968	46989	47010	47031	47052	47073	47094	47199	47298	47397	47437	47474	47511	47548	47585	47622	47659	47696	47737	47774	47811	47848	47885	47922	47959	47996	48049	48098	48147	48196	48245	48294	48324	48348	48372	48396	48420	48444	48468	48492	48516	48540	48564	48588	48627	48654	48681	48708	48735	48762	48789	48816	48843	48870	48897	48937	48974	49011	49048	49085	49122	49159	49196	49233	49266	49299	49332	49365	49398	49431	49464	49497	49537	49574	49611	49648	49685	49722	49759	49796	49827	49854	49881	49908	49935	49962	49989	50016	50043	50070	50097	50149	50198	50247	50296	50345	50394	50424	50448	50472	50496	50520	50544	50568	50592	50616	50640	50664	50688	50737	50774	50811	50848	50885	50922	50959	50996	51027	51054	51081	51108	51135	51162	51189	51216	51243	51270	51297	51324	51348	51372	51396	51420	51444	51468	51492	51516	51540	51564	51588	51637	51674	51711	51748	51785	51822	51859	51896	51933	51966	51999	52032	52065	52098	52131	52164	52197	52259	52318	52377	52436	52495	52517	52534	52551	52568	52585	52602	52619	52636	52653	52670	52687	52704	52721	52738	52755	52772	52789	52859	52918	52977	53036	53095	53137	53174	53211	53248	53285	53322	53359	53396	53459	53518	53577	53636	53695	53733	53766	53799	53832	53865	53898	53931	53964	53997	54027	54054	54081	54108	54135	54162	54189	54216	54243	54270	54297	54374	54448	54522	54596	54627	54654	54681	54708	54735	54762	54789	54816	54843	54870	54897	55049	55198	55237	55274	55311	55348	55385	55422	55459	55496	55574	55648	55722	55796	55827	55854	55881	55908	55935	55962	55989	56016	56043	56070	56097	56399	56499	56598	56697	56733	56766	56799	56832	56865	56898	56931	56964	56997	57049	57098	57147	57196	57245	57294	57359	57418	57477	57536	57595	
ORIGIN
0	16	6	27	19	7	27	25	25	14	23	10	2	23	11	14	26	14	3	23	1	4	14	14	14	14	16	7	27	20	9	9	16	9	1	23	11	14	2	12	14	14	2	3	24	14	14	26	11	6	27	18	7	27	20	8	14	14	17	2	23	12	2	14	9	14	23	14	4	24	12	14	12	14	25	27	19	8	9	9	9	14	23	11	2	14	14	9	14	14	14	24	14	4	5	27	11	27	18	7	27	20	8	14	16	12	12	17	12	2	14	14	14	14	14	4	24	15	4	27	16	27	26	3	3	27	23	26	26	11	10	2	23	14	2	14	14	1	26	14	27	26	20	9	16	20	14	27	20	14	3	9	2	14	23	20	27	23	14	26	26	26	27	24	15	4	23	16	14	14	26	26	26	2	8	2	2	14	15	23	12	2	23	27	14	12	12	14	14	27	14	14	9	9	9	20	8	27	3	14	14	14	14	2	14	13	26	26	27	5	12	14	4	26	14	8	23	8	23	2	23	14	14	14	1	25	14	25	2	23	14	3	14	2	14	27	14	11	14	23	23	11	2	8	27	23	14	16	11	14	14	14	14	14	2	20	20	14	20	7	26	16	23	1	14	3	23	27	26	3	3	14	23	14	26	27	23	13	3	23	27	20	26	26	14	1	25	14	14	14	15	5	23	8	1	14	14	12	14	12	2	14	1	4	14	9	9	27	16	5	26	3	14	5	5	1	3	14	14	14	9	26	1	27	13	2	23	14	3	14	14	14	1	7	7	3	3	23	14	27	8	1	23	10	27	23	7	14	26	14	14	14	2	11	2	2	5	26	7	14	2	27	7	14	14	14	3	26	20	1	14	4	2	23	1	26	20	20	23	23	23	14	1	14	14	2	14	2	1	23	10	1	14	2	27	2	14	14	27	14	2	2	13	4	27	26	23	11	14	14	27	1	27	3	3	3	3	23	13	14	23	14	3	14	26	14	14	1	14	1	1	3	14	14	14	1	23	10	1	14	7	14	23	14	14	27	14	3	14	27	23	23	16	6	27	19	7	14	14	14	14	3	27	12	16	16	26	3	14	3	23	14	19	23	16	2	1	25	14	10	3	20	20	27	9	3	16	11	26	3	2	7	27	14	14	2	13	13	27	2	5	27	18	7	2	2	2	27	14	17	2	23	23	4	4	2	3	23	14	4	14	2	14	26	14	14	4	26	22	27	2	2	1	23	11	2	14	14	26	23	26	26	15	15	14	27	26	13	26	17	7	27	14	14	14	14	14	2	27	20	24	27	14	14	23	14	4	23	15	2	3	3	14	3	26	14	2	14	2	1	23	10	2	14	23	2	14	14	27	15	15	14	26	26	3	26	16	7	27	14	26	26	16	3	20	20	2	2	2	2	4	23	14	3	24	14	4	14	14	4	26	26	14	14	14	26	14	4	10	2	23	12	23	23	14	27	27	14	9	9	27	14	4	1	7	26	19	2	14	2	3	16	16	11	2	1	3	3	14	14	3	24	14	4	14	14	26	26	14	7	27	26	4	16	11	10	1	23	12	2	23	11	14	14	14	14	24	11	27	1	16	6	27	19	7	27	26	14	14	20	20	2	23	14	26	26	14	3	23	14	14	27	13	14	14	14	7	27	20	4	4	4	9	1	23	4	16	23	12	23	14	14	27	24	15	14	15	4	6	27	18	7	27	14	14	23	17	10	2	23	2	14	4	14	3	23	14	4	14	14	25	23	25	7	27	20	1	7	16	9	1	23	11	2	4	14	27	14	14	3	24	14	1	11	14	5	27	18	7	27	20	8	14	17	2	1	23	12	2	26	14	
DESTINATION
0	14	17	2	22	23	2	14	14	3	27	14	14	27	12	25	14	25	14	4	23	14	9	9	9	9	16	20	2	14	14	14	14	14	14	27	15	5	27	11	5	5	27	14	2	26	8	14	12	17	2	27	20	2	14	14	20	16	6	14	27	11	14	25	14	26	3	26	14	2	11	26	11	26	14	2	22	14	14	14	14	26	27	15	14	20	20	14	16	9	16	1	26	14	14	2	12	23	27	20	2	14	14	26	14	11	11	6	11	14	20	8	8	15	26	14	2	14	14	2	14	2	14	23	23	2	27	14	14	12	14	14	27	8	14	9	9	23	14	9	23	3	14	14	14	14	4	2	14	4	26	14	27	5	27	7	18	1	8	14	14	14	23	2	14	14	1	14	25	16	14	14	14	24	14	27	27	16	14	27	11	14	1	23	16	11	11	10	2	23	2	2	14	14	14	14	14	2	26	20	20	20	20	27	20	7	3	3	2	14	11	26	14	3	4	14	27	14	27	24	27	15	16	16	23	14	26	14	14	1	25	14	4	14	15	23	15	12	2	27	27	12	14	14	2	27	1	14	12	9	9	20	8	8	27	14	14	5	14	20	3	14	1	14	9	26	1	2	14	26	26	8	1	8	14	23	1	7	14	3	23	14	14	14	2	23	14	3	3	2	14	14	26	14	14	2	2	11	2	11	27	8	14	14	16	14	14	23	14	14	3	26	20	14	14	23	26	16	1	1	14	3	23	23	7	14	1	2	14	2	4	26	23	13	13	23	23	27	26	2	14	14	27	14	2	27	13	2	23	8	8	1	14	12	14	27	14	3	13	3	14	23	13	16	1	5	26	3	14	23	5	14	14	1	23	3	14	14	1	1	1	2	23	2	3	14	3	27	14	27	14	14	3	27	23	27	8	1	23	10	27	27	7	14	2	3	27	12	16	26	23	14	2	26	26	14	14	27	7	2	1	25	14	10	3	20	20	23	2	23	23	26	20	20	20	23	27	14	14	2	13	2	27	2	1	23	10	14	1	2	27	27	14	17	2	22	23	4	4	2	4	26	23	11	14	14	14	26	25	14	4	26	22	27	14	14	23	14	3	14	26	14	14	23	14	26	14	15	14	26	27	13	23	1	1	14	7	7	23	14	14	2	27	20	24	27	14	23	16	6	27	7	7	14	14	14	14	3	26	14	2	14	2	3	3	3	23	14	19	23	14	14	14	27	15	14	26	26	3	27	3	3	11	11	26	2	3	7	3	9	20	2	2	2	2	5	5	27	18	7	2	2	2	4	3	26	14	27	14	14	26	26	3	23	14	4	14	2	14	14	27	14	14	9	27	14	2	1	23	11	11	2	14	14	26	3	16	20	2	1	14	3	14	26	7	7	27	27	14	14	14	1	26	14	2	26	14	4	16	14	14	14	4	15	2	3	15	14	14	14	27	11	27	27	1	23	23	10	14	14	23	2	14	14	20	14	22	14	26	14	26	16	16	15	27	14	26	26	16	26	14	1	26	14	4	4	14	14	3	20	2	14	14	14	12	14	14	27	11	14	1	15	10	2	10	2	2	12	23	14	14	17	2	22	23	2	14	4	1	7	7	14	27	2	14	3	25	14	5	26	1	2	7	16	3	3	20	2	14	14	14	14	14	14	27	14	14	1	11	27	10	1	23	2	14	2	11	14	17	2	27	23	2	16	26	27	6	14	14	27	27	26	14	25	14	4	26	14	26	26	14	27	14	20	2	14	14	13	14	14	14	27	15	14	14	9	23	4	9	14	1	26	23	12	4	14	2	27	20	2	14	14	26	6	27	14	27	11	14	14	4	
DUE_DATE
0	31147	30476	30045	29554	29603	31392	30247	30776	30825	30394	29903	29952	31727	31036	30045	30614	30643	30132	30161	31210	31239	30248	30840	30342	30924	30426	30468	32250	31572	31127	30616	31185	30674	30703	31752	31781	31330	31359	30848	30887	30916	30945	32714	32023	31572	31061	31630	31659	31148	31179	32940	32241	31782	31263	31284	31305	33066	31347	31368	33129	32430	32451	33192	32047	31556	31605	33394	32723	32292	32325	32352	33579	31866	31893	32940	32967	32514	33741	33048	32055	32082	33846	33150	32694	32718	32202	33966	32250	34014	32298	33342	33366	32935	32432	33009	33526	32543	32580	34357	33674	33257	33316	32835	33434	32953	34717	32996	34755	34054	33593	33072	33631	33110	33129	34888	34187	34206	33745	33224	33783	33317	35116	35175	33494	35293	34605	34152	35379	34206	33693	33720	34767	34794	34341	33828	33855	33891	35664	35697	33990	35763	35076	34629	35862	35175	34714	34190	34206	35242	35258	34794	34270	34826	34302	34318	36074	36090	35386	34922	36138	34954	34430	34446	34491	36264	35577	35130	34623	35676	34689	34722	36495	36540	35862	35904	35466	36708	35550	35052	35091	36864	36177	35730	35763	35796	35289	37062	35355	36405	36432	35979	37206	36513	35520	35547	37314	36621	36168	36195	35695	35732	35769	37546	36863	36900	36457	35954	37731	37044	36057	36090	36123	37896	37209	36762	36795	36281	36304	36327	38090	38113	37416	36959	36442	37005	36488	36511	36534	38297	37601	37624	37167	36650	37213	36696	36719	38482	38505	38528	37831	37374	37397	36885	36912	37959	37986	37533	38760	37047	37074	37101	37128	38895	38917	38936	38235	37774	38993	37812	37291	37310	38349	38368	37907	37386	37405	37424	37443	39247	39296	38625	38194	38723	39492	38357	37876	37935	37994	39793	39127	38696	38745	38254	38303	40092	40125	39432	39459	39486	39033	39060	38547	38574	40341	39648	39195	39221	38704	38727	38750	40513	39816	39839	39382	40605	40628	38911	38934	40697	39997	39536	39555	39034	39053	39072	40111	40850	40149	39688	39167	40206	40945	39224	40983	40320	39882	39924	39426	39468	39510	39552	39587	41356	41385	40694	40243	39732	40781	40330	39819	41588	40927	40976	40545	40054	40103	40152	41931	41244	41997	42030	40863	40896	40929	40422	40455	41515	41552	41109	40606	40643	40680	40717	42494	42540	42582	41904	41466	41508	42750	41052	41100	42162	42204	41766	41268	41310	41892	41407	41456	43245	42574	43343	42192	42231	43464	41757	41790	41823	43596	42909	42462	41955	42521	43024	42027	42050	43813	43836	43139	43162	43905	42728	42211	43974	43277	42847	42356	42945	42454	42503	43572	44397	43776	43395	42900	43962	43524	43026	44808	44130	43692	43797	43356	43455	43481	44524	44547	44570	45313	44136	43619	43642	45405	44708	45451	44754	44297	44335	43832	43869	43906	43943	45720	45757	45074	44647	44156	44205	45994	44843	46092	45477	45576	45195	44717	44776	44835	45434	46693	46037	46816	46875	45734	45253	45357	45456	46575	46611	46164	45657	45690	45723	46776	47529	46842	47595	47635	46472	46509	46006	47063	46080	47137	47174	46735	46232	46269	46306	46343	46920	48157	47474	48257	47116	47175	46694	47773	46807	46856	48645	47974	47543	47052	47095	47132	48909	48946	48263	49020	48337	47894	47379	49140	47421	49182	48483	48024	47505	47526	47547	48108	49329	49350	48651	48672	48297	47856	48975	48535	48032	49809	49126	48683	48720	48217	48254	48295	49352	50109	49426	48983	48480	48517	49574	50347	49676	50445	49774	49343	49392	48882	48906	48930	50694	49998	50742	49566	49050	49074	49098	50862	50886	50205	50232	49779	49266	49293	51060	49887	50394	49941	51168	51195	49495	49532	49569	50626	51383	50700	50737	50294	49791	49824	50397	49890	51663	51696	51729	51042	50595	50635	50132	51189	50206	51263	51300	50857	50354	50385	50412	50439	52206	52233	51540	51087	51114	50601	52368	51675	50707	50756	52545	51874	51443	50952	50982	51006	52770	52794	52098	51642	51666	51150	52914	52218	51222	52986	52315	51872	51369	51406	51443	52020	53257	53294	52605	52632	52179	51666	52713	51720	53487	52794	52341	52368	51855	51882	52926	52470	53694	52998	53022	52566	52050	52074	53838	53862	53886	53215	52772	52809	52306	52343	52380	54157	54194	53511	53064	52557	52590	52623	53676	53709	54462	53775	53357	53416	52935	54734	53053	54815	54832	54129	53666	53143	53160	53177	54214	54951	54248	54265	53802	53279	53296	53313	53870	55087	55157	55216	54555	54134	54193	53695	55472	53769	54826	54863	54420	53917	53954	54557	54076	55875	55934	55273	54831	54864	54357	56130	54423	54456	56229	55542	55095	54585	54612	54639	55206	56433	54720	56487	55794	55341	55368	55875	55472	55006	56820	56174	55725	55212	55239	55266	57033	57060	56367	56394	55941	55428	56475	55607	57496	57535	55832	57609	56926	56483	57720	57757	56594	56132	56206	57300	57374	56925	58152	57459	58206	56493	56520	58287	57594	57141	57648	58395	58697	57597	57156	57255	58311	57324	57897	59130	59163	58476	58029	57522	57555	59347	58676	59445	59494	59543	58872	58457	58516	58035	58094	59173	
TRANSPORT_MODE
0	2	4	4	4	4	4	0	2	2	4	1	4	4	2	0	4	4	4	4	4	4	0	0	0	2	4	4	4	1	2	0	4	4	4	4	4	4	0	0	2	4	4	4	4	4	0	0	2	4	4	4	4	4	4	0	0	3	4	4	4	4	4	0	4	2	2	4	4	4	4	0	3	4	4	4	4	4	0	0	2	2	4	4	4	4	4	0	0	3	4	4	1	4	4	0	0	4	2	4	4	1	4	0	0	4	3	4	4	1	4	4	0	4	2	4	1	4	1	0	0	4	3	3	4	4	4	4	0	4	2	4	4	1	4	0	0	1	3	3	4	1	4	4	0	0	4	2	4	4	4	4	0	0	4	4	3	4	1	4	0	1	2	4	4	4	4	4	0	0	1	4	3	4	4	4	0	0	4	4	2	2	4	4	4	0	4	3	1	4	1	4	0	0	4	1	2	2	4	4	4	0	4	3	1	1	4	4	0	0	0	4	4	2	1	4	4	0	4	4	3	1	4	1	4	0	0	1	4	2	4	4	4	0	0	4	4	3	3	1	4	4	1	2	4	4	1	4	0	0	0	1	4	3	3	1	4	4	0	4	4	2	4	4	4	0	0	4	4	3	1	1	1	0	0	4	4	2	1	1	4	4	0	4	4	3	4	1	4	0	0	1	1	2	2	4	4	1	0	4	4	3	1	4	4	0	0	1	4	2	2	4	4	1	0	1	4	3	1	4	4	0	0	1	4	2	4	1	0	4	0	4	4	3	4	4	1	4	0	0	1	1	2	4	1	1	0	1	4	1	3	3	4	4	0	4	1	2	4	4	4	0	0	4	1	3	3	4	1	1	0	4	1	2	1	4	4	0	0	0	1	4	1	3	4	4	0	4	1	2	1	4	1	4	0	0	1	4	3	4	4	1	0	1	4	1	2	2	0	4	1	1	4	3	1	4	1	0	0	4	1	2	2	1	4	1	0	0	1	4	3	4	4	4	0	0	1	4	2	1	4	1	0	1	1	3	4	1	1	4	0	0	1	1	2	1	4	4	0	0	1	4	3	3	1	4	4	1	4	2	4	1	1	0	0	4	1	3	3	1	1	1	0	1	1	2	4	1	4	0	0	0	1	4	3	4	1	1	0	1	4	2	4	1	4	4	0	0	4	1	3	1	1	1	0	1	4	2	2	1	1	4	0	1	3	1	1	1	1	0	0	1	4	2	2	1	4	1	0	1	3	1	4	4	4	0	0	0	4	1	2	1	1	1	0	4	1	3	1	1	1	1	0	1	1	2	4	4	0	1	0	1	1	3	3	1	1	4	0	1	2	1	4	4	4	0	0	1	3	3	1	1	1	1	0	1	2	1	1	4	1	0	0	4	3	1	1	1	1	0	0	1	2	4	1	1	1	1	0	4	3	4	1	4	1	0	0	1	2	2	1	1	1	1	0	3	4	1	1	1	1	0	1	2	2	1	1	4	1	0	0	3	1	4	1	1	1	0	0	4	2	1	1	1	1	0	3	1	1	4	1	1	1	0	0	2	1	1	1	1	1	0	3	3	4	1	1	1	2	0	1	1	1	1	4	1	0	0	3	3	1	1	1	1	2	0	4	1	1	1	1	1	0	0	3	1	1	1	1	2	0	0	4	1	1	1	1	1	0	0	3	1	1	1	1	1	0	0	2	2	1	1	1	1	1	3	1	1	1	1	1	0	0	3	3	1	1	4	1	3	0	1	1	1	1	1	1	0	0	3	1	1	1	1	1	0	0	3	1	1	1	1	1	0	0	3	1	1	1	1	1	0	0	3	3	1	1	1	1	1	0	
DISTANCE_MATRIX
60	360	318	300	288	276	264	264	150	150	150	60	90	90	162	168	204	228	234	312	360	408	348	318	168	192	168	318	
360	60	264	318	324	342	342	342	348	348	354	360	372	378	378	420	420	480	462	498	462	462	384	420	372	420	378	378	
318	264	60	270	276	288	288	288	294	294	294	318	318	324	324	414	414	468	462	486	462	462	330	366	366	408	372	324	
300	318	270	60	276	288	288	288	288	288	288	300	300	312	318	408	408	468	462	486	438	438	318	360	360	402	360	312	
288	324	276	276	60	276	276	276	276	276	276	288	288	300	300	402	396	462	456	480	432	432	300	360	360	402	348	300	
276	342	288	288	276	60	180	180	252	258	264	264	264	288	288	390	390	456	450	480	432	432	288	348	348	348	288	288	
264	342	288	288	276	180	60	180	246	258	264	264	264	288	288	390	390	456	450	480	432	432	288	348	348	348	288	288	
264	342	288	288	276	180	180	60	240	258	264	264	264	288	288	390	390	456	450	480	432	432	288	348	348	348	288	288	
150	348	294	288	276	252	246	240	60	120	120	150	126	270	270	378	384	420	438	480	420	408	276	300	300	300	276	270	
150	348	294	288	276	258	258	258	120	60	120	150	150	270	270	378	384	420	438	480	420	408	276	300	300	300	276	270	
150	354	294	288	276	264	264	264	120	120	60	150	150	270	270	378	384	420	438	480	420	408	276	300	300	300	276	270	
60	360	318	300	288	264	264	264	150	150	150	60	90	162	168	228	234	312	360	408	348	318	168	192	192	198	168	162	
90	372	318	300	288	264	264	264	150	150	150	90	60	162	168	228	234	312	360	408	348	318	168	192	192	198	168	162	
90	378	324	312	300	288	288	288	270	270	270	162	162	60	120	180	180	306	210	360	300	300	120	180	120	180	120	234	
162	378	324	318	300	288	288	288	270	270	270	168	168	120	60	180	180	306	210	360	300	300	120	180	120	180	120	120	
168	420	414	408	402	348	348	348	300	300	300	228	228	180	180	60	132	204	132	348	258	258	186	60	180	132	222	180	
204	420	414	408	396	390	390	390	384	384	384	234	234	180	180	132	60	204	132	348	258	258	186	60	180	132	222	180	
228	480	468	468	462	456	456	456	420	420	420	312	312	306	306	204	204	60	198	120	240	240	306	204	306	138	306	306	
234	462	462	462	456	450	450	450	438	438	438	360	360	210	210	132	132	198	60	138	132	132	210	132	210	132	210	210	
312	498	486	486	480	480	480	480	480	480	480	408	408	360	360	348	348	120	138	60	348	348	360	348	360	348	360	360	
360	462	462	438	432	432	432	432	420	420	420	348	348	300	300	258	258	240	132	348	60	60	300	258	300	258	300	300	
408	462	462	438	432	432	432	432	408	408	408	318	318	300	300	258	258	240	132	348	60	60	300	258	300	258	300	300	
348	384	330	318	300	288	288	288	276	276	276	168	168	120	120	186	186	306	210	360	300	300	60	186	120	186	120	120	
318	420	366	360	360	348	348	348	300	300	300	192	192	180	180	60	60	204	132	348	258	258	186	60	180	60	180	180	
168	372	300	306	300	288	288	288	270	270	270	168	168	120	120	180	180	306	210	360	300	300	120	180	60	180	120	120	
192	420	408	402	402	348	348	348	300	300	300	198	198	180	180	132	132	138	132	348	258	258	186	60	180	60	180	180	
168	378	372	360	348	288	288	288	276	276	276	168	168	120	120	222	222	306	210	360	300	300	120	180	120	180	60	120	
318	378	324	312	300	288	288	288	270	270	270	162	162	234	120	180	180	306	210	360	300	300	120	180	120	180	120	60	
DEPOT_DISTANCE_MATRIX
60	360	318	300	288	276	264	264	150	150	150	60	90	90	162	168	204	228	234	312	360	408	348	318	168	192	168	318	
162	378	324	318	300	288	288	288	270	270	270	168	168	120	60	180	180	306	210	360	300	300	120	180	120	180	120	120	
318	420	366	360	360	348	348	348	300	300	300	192	192	180	180	60	60	204	132	348	258	258	186	60	180	60	180	180	
PATIENT_WEIGHT
70	143	40	45	74	30	36	93	87	73	47	119	118	140	97	41	65	45	141	45	46	118	75	43	126	119	100	63	49	144	113	127	93	89	67	141	35	121	100	111	96	100	119	129	101	148	136	37	59	89	30	34	85	74	79	94	115	41	125	83	97	114	61	103	126	86	90	77	64	71	47	51	40	120	40	46	108	102	50	97	150	79	77	116	34	121	131	76	69	146	143	101	135	125	127	35	54	99	67	78	121	127	129	98	150	134	101	74	115	50	48	59	46	141	103	70	85	49	50	104	77	85	94	57	88	98	140	130	46	49	134	58	138	88	56	99	88	121	35	128	145	123	93	66	145	133	108	53	54	143	53	54	108	73	87	68	137	113	43	79	54	126	69	111	144	117	50	73	85	129	59	81	101	38	111	141	61	39	114	84	54	149	126	133	112	87	105	67	81	147	86	40	54	56	149	139	134	96	41	74	47	124	123	97	77	93	80	37	113	54	72	116	63	76	76	112	35	70	62	70	100	149	55	148	69	61	45	121	115	50	101	42	132	125	44	54	71	78	95	78	70	137	42	50	126	69	133	30	127	150	82	107	57	135	100	125	120	65	130	144	43	139	100	106	58	89	44	48	100	63	125	32	138	98	142	45	80	127	57	54	136	53	64	139	58	108	123	121	61	94	96	139	119	53	140	148	144	45	32	33	45	103	52	34	110	42	85	122	40	40	33	63	120	38	73	82	149	141	125	58	50	139	64	69	103	146	80	32	86	91	110	143	106	147	79	130	97	113	147	69	74	139	73	64	92	138	136	84	90	60	46	148	132	67	81	51	105	136	44	130	43	83	61	131	77	31	37	103	138	123	98	147	88	83	42	85	56	90	100	115	39	43	130	57	41	139	139	126	83	57	118	59	103	78	120	78	133	117	58	65	32	119	40	110	146	128	70	37	48	131	117	123	125	72	74	103	44	73	34	51	98	54	144	88	95	96	65	113	139	95	113	87	140	99	45	134	38	131	67	80	65	57	36	119	85	79	104	48	74	70	73	38	144	97	122	51	55	141	46	40	96	116	89	42	41	60	56	104	103	44	116	71	68	33	61	53	88	46	87	99	75	34	52	58	73	69	37	50	107	85	105	90	83	44	67	110	124	121	70	44	130	149	58	126	37	120	139	142	119	40	33	73	101	144	66	36	59	85	112	38	59	140	127	75	64	61	70	103	75	75	75	77	64	128	56	134	104	77	98	136	63	123	127	125	94	133	95	120	101	40	61	80	109	133	105	119	58	57	111	136	134	45	83	125	83	121	45	110	113	139	75	59	71	135	119	43	109	106	73	141	89	136	134	75	125	67	100	36	63	119	42	116	45	128	75	82	42	119	44	60	31	31	62	96	112	108	149	122	101	127	91	92	56	69	44	132	89	120	147	142	118	103	131	103	51	145	138	100	70	135	115	58	102	130	96	102	116	116	97	69	97	134	117	124	32	59	34	109	148	80	41	63	49	106	59	125	105	52	72	111	38	134	145	32	46	116	45	69	66	108	125	144	52	129	108	65	148	128	35	82	88	44	99	134	84	82	81	143	92	77	107	57	65	108	37	67	60	143	79	80	106	124	140	34	81	116	136	124	140	141	116	69	48	137	105	46	42	58	41	138	57	108	136	115	97	127	120	88	96	93	36	82	125	95	103	52	95	147	145	113	106	84	145	30	81	92	62	108	42	65	121	30	143	133	33	149	38	35	142	45	117	100	105	96	38	142	73	37	97	47	63	144	150	141	108	63	149	40	134	46	108	33	53	112	74	99	148	56	65	75	45	67	80	135	59	75	44	92	66	55	89	
LOCATION_TURN_MATRIX
100	130	122	113	112	199	136	122	129	152	173	146	151	136	158	140	176	113	122	167	194	134	110	172	114	184	100	147	
170	100	154	188	164	169	136	136	152	170	104	183	155	115	101	104	155	187	174	115	149	134	178	168	114	135	168	102	
178	146	100	161	178	114	104	165	117	139	126	169	192	109	120	179	160	152	154	134	113	140	154	179	196	196	192	181	
187	112	139	100	158	114	195	181	104	132	195	106	183	169	132	170	140	136	172	148	116	110	123	136	151	120	176	169	
188	136	122	142	100	175	164	159	112	100	167	164	135	191	132	181	104	123	142	156	108	117	193	182	116	147	156	185	
101	131	186	186	125	100	190	147	164	150	137	102	145	176	185	131	113	108	117	186	118	151	140	178	154	189	172	110	
164	164	196	105	136	110	100	186	153	151	183	193	111	157	144	123	188	142	110	163	105	190	166	187	170	171	186	126	
178	164	135	119	141	153	114	100	106	130	108	103	151	178	122	151	130	133	184	177	110	141	166	110	122	174	191	197	
171	148	183	196	188	136	147	194	100	167	100	146	168	129	128	142	172	118	174	147	105	158	156	160	120	106	119	136	
148	130	161	168	200	150	149	170	133	100	177	106	175	116	188	180	176	194	108	146	130	187	183	173	128	141	169	176	
127	196	174	105	133	163	117	192	200	123	100	171	175	140	183	115	104	186	128	153	151	175	100	146	191	117	132	197	
154	117	131	194	136	198	107	197	154	194	129	100	136	184	140	147	172	184	148	131	103	156	185	200	152	158	154	143	
149	145	108	117	165	155	189	149	132	125	125	164	100	140	199	142	101	144	163	185	117	191	200	143	113	165	102	154	
164	185	191	131	109	124	143	122	171	184	160	116	160	100	109	116	196	113	131	186	166	139	183	175	144	161	105	170	
142	199	180	168	168	115	156	178	172	112	117	160	101	191	100	147	177	177	199	158	172	188	164	175	180	168	154	195	
160	196	121	130	119	169	177	149	158	120	185	153	158	184	153	100	152	159	197	157	181	159	102	123	168	200	124	186	
124	145	140	160	196	187	112	170	128	124	196	128	199	104	123	148	100	149	114	112	117	135	105	132	138	180	198	156	
187	113	148	164	177	192	158	167	182	106	114	116	156	187	123	141	151	100	166	132	168	163	159	123	129	173	161	116	
178	126	146	128	158	183	190	116	126	192	172	152	137	169	101	103	186	134	100	184	199	137	130	160	148	113	140	150	
133	185	166	152	144	114	137	123	153	154	147	169	115	114	142	143	188	168	116	100	111	195	128	157	191	164	141	171	
106	151	187	184	192	182	195	190	195	170	149	197	183	134	128	119	183	132	101	189	100	129	151	163	147	166	104	177	
166	166	160	190	183	149	110	159	142	113	125	144	109	161	112	141	165	137	163	105	171	100	101	185	169	129	103	197	
190	122	146	177	107	160	134	134	144	117	200	115	100	117	136	198	195	141	170	172	149	199	100	106	150	116	118	145	
128	132	121	164	118	122	113	190	140	127	154	100	157	125	125	177	168	177	140	143	137	115	194	100	128	167	115	155	
186	186	104	149	184	146	130	178	180	172	109	148	187	156	120	132	162	171	152	109	153	131	150	172	100	155	124	184	
116	165	104	180	153	111	129	126	194	159	183	142	135	139	132	100	120	127	187	136	134	171	184	133	145	100	129	192	
200	132	108	124	144	128	114	109	181	131	168	146	198	195	146	176	102	139	160	159	196	197	182	185	176	171	100	146	
153	198	119	131	115	190	174	103	164	124	103	157	146	130	105	114	144	184	150	129	123	103	155	145	116	108	154	100	

