INDEX_PROBLEM
1
PATIENTS
800
STRETCHERS
16
NUM_ROOM
28
NUM_DEPOTS
3
NUM_PRIORITY
4
PRIORITY_LIST
0	1	2	3	4	
PRIORITY_WEIGHT
0	1	10	18	30	
PRIORITY_JOB
0	1	2	3	4	1	3	3	2	3	4	1	2	3	4	4	3	3	4	1	2	3	3	4	3	4	2	3	3	3	4	4	4	4	1	2	3	4	3	3	3	4	2	2	3	4	4	3	4	1	2	3	4	3	4	3	4	1	4	1	2	3	2	1	1	4	1	2	3	1	4	3	4	3	2	1	4	3	2	1	1	4	2	3	3	1	3	3	4	4	1	2	3	4	2	1	2	2	2	3	1	3	4	3	4	4	4	1	2	3	1	2	2	4	1	2	3	3	4	4	3	1	4	1	2	3	2	1	1	3	4	1	2	3	4	3	3	1	4	2	3	3	1	2	1	4	1	2	3	4	4	3	3	1	2	2	4	2	1	2	1	3	4	1	2	3	4	4	3	1	4	4	1	2	2	1	2	2	3	1	2	3	4	4	3	1	3	4	1	2	1	1	2	3	4	2	3	3	4	3	3	1	4	1	2	3	1	2	1	4	4	4	2	2	3	3	4	3	1	4	1	2	1	2	2	2	3	4	4	1	3	4	4	2	1	3	4	1	1	1	2	2	3	4	1	2	3	4	3	3	1	4	2	3	1	1	2	3	4	4	1	2	3	4	3	3	4	2	2	1	2	1	3	3	4	1	2	3	4	3	4	4	1	4	1	2	2	1	2	2	3	4	1	2	4	4	3	3	4	1	1	2	2	1	2	3	4	2	3	3	3	3	4	4	1	2	1	3	1	1	2	4	4	2	2	3	3	4	4	3	1	4	1	2	1	2	2	3	4	4	1	3	4	4	3	2	3	1	1	2	1	2	2	3	4	4	1	2	4	3	4	3	4	1	1	2	1	2	1	3	3	4	1	2	3	4	3	3	4	4	2	2	1	1	2	3	4	1	2	4	3	4	2	3	4	1	4	2	2	1	2	2	3	4	1	2	3	4	3	4	1	4	1	2	1	2	2	3	4	1	2	3	4	3	3	3	1	4	1	1	2	1	2	3	4	2	4	2	3	4	1	3	4	1	4	1	2	2	1	2	3	4	2	3	4	4	3	2	3	4	1	1	2	2	1	2	3	4	4	1	4	3	4	2	3	1	1	2	2	1	1	4	3	3	4	1	3	3	4	2	3	1	4	2	2	1	2	2	3	4	1	2	4	3	4	2	3	4	1	4	1	2	2	2	2	3	1	2	4	3	4	3	4	1	4	1	1	2	1	2	3	4	1	2	3	4	3	3	3	1	4	1	1	2	1	2	3	4	2	2	3	4	3	3	4	1	3	1	2	2	1	2	2	4	4	2	4	4	3	2	3	1	4	1	2	1	1	2	3	4	1	2	4	4	3	3	1	4	1	2	2	1	2	3	3	4	1	2	4	3	3	3	1	4	2	2	1	2	1	4	3	4	4	1	2	3	4	4	3	4	1	2	2	1	2	1	2	3	4	1	2	3	4	3	1	4	4	1	2	1	3	2	3	1	2	3	4	3	3	3	1	4	1	2	1	2	1	3	4	4	2	2	4	3	4	3	1	4	1	2	2	1	2	1	3	4	2	2	3	4	3	3	1	4	1	2	2	2	1	3	4	4	1	2	4	3	4	3	1	1	2	3	1	2	1	3	4	1	2	3	3	3	4	1	4	4	2	3	1	2	1	3	4	1	2	3	3	4	3	4	1	4	2	2	2	1	2	3	4	1	2	3	3	4	4	1	4	1	2	3	2	1	1	1	4	1	2	3	2	1	1	1	3	4	1	2	2	1	2	1	3	4	2	3	1	2	2	1	3	4	4	1	1	1	2	1	2	3	4	1	2	1	1	1	2	2	3	4	2	1	2	
TIME_ASKED
0	28800	28800	28800	28800	28800	28800	28800	28800	28800	28800	28800	28800	28800	28800	28800	28800	29545	29574	29603	29632	29661	29690	29742	29784	29826	29868	29910	29952	29994	30029	30058	30087	30116	30145	30174	30203	30232	30261	30290	30329	30358	30387	30416	30445	30474	30503	30532	30561	30590	30621	30642	30663	30684	30705	30726	30747	30768	30789	30810	30831	30852	30873	30894	30949	30998	31047	31096	31145	31194	31227	31254	31281	31308	31335	31362	31389	31416	31443	31470	31497	31524	31548	31572	31596	31620	31644	31668	31692	31716	31740	31764	31788	31837	31874	31911	31948	31985	32022	32059	32096	32159	32218	32277	32336	32395	32419	32438	32457	32476	32495	32514	32533	32552	32571	32590	32609	32628	32647	32666	32685	32759	32818	32877	32936	32995	33027	33054	33081	33108	33135	33162	33189	33216	33243	33270	33297	33333	33366	33399	33432	33465	33498	33531	33564	33597	33616	33632	33648	33664	33680	33696	33712	33728	33744	33760	33776	33792	33808	33824	33840	33856	33872	33888	33933	33966	33999	34032	34065	34098	34131	34164	34197	34242	34284	34326	34368	34410	34452	34494	34533	34566	34599	34632	34665	34698	34731	34764	34797	34827	34854	34881	34908	34935	34962	34989	35016	35043	35070	35097	35137	35174	35211	35248	35285	35322	35359	35396	35433	35466	35499	35532	35565	35598	35631	35664	35697	35723	35746	35769	35792	35815	35838	35861	35884	35907	35930	35953	35976	35999	36023	36046	36069	36092	36115	36138	36161	36184	36207	36230	36253	36276	36299	36327	36354	36381	36408	36435	36462	36489	36516	36543	36570	36597	36619	36638	36657	36676	36695	36714	36733	36752	36771	36790	36809	36828	36847	36866	36885	36949	36998	37047	37096	37145	37194	37259	37318	37377	37436	37495	37549	37598	37647	37696	37745	37794	37827	37854	37881	37908	37935	37962	37989	38016	38043	38070	38097	38123	38146	38169	38192	38215	38238	38261	38284	38307	38330	38353	38376	38399	38419	38438	38457	38476	38495	38514	38533	38552	38571	38590	38609	38628	38647	38666	38685	38742	38784	38826	38868	38910	38952	38994	39029	39058	39087	39116	39145	39174	39203	39232	39261	39290	39349	39398	39447	39496	39545	39594	39633	39666	39699	39732	39765	39798	39831	39864	39897	39937	39974	40011	40048	40085	40122	40159	40196	40242	40284	40326	40368	40410	40452	40494	40542	40584	40626	40668	40710	40752	40794	40849	40898	40947	40996	41045	41094	41133	41166	41199	41232	41265	41298	41331	41364	41397	41423	41446	41469	41492	41515	41538	41561	41584	41607	41630	41653	41676	41699	41749	41798	41847	41896	41945	41994	42099	42198	42297	42342	42384	42426	42468	42510	42552	42594	42699	42798	42897	42923	42946	42969	42992	43015	43038	43061	43084	43107	43130	43153	43176	43199	43237	43274	43311	43348	43385	43422	43459	43496	43549	43598	43647	43696	43745	43794	43899	43998	44097	44159	44218	44277	44336	44395	44459	44518	44577	44636	44695	44799	44898	44997	45033	45066	45099	45132	45165	45198	45231	45264	45297	45337	45374	45411	45448	45485	45522	45559	45596	45637	45674	45711	45748	45785	45822	45859	45896	45959	46018	46077	46136	46195	46249	46298	46347	46396	46445	46494	46537	46574	46611	46648	46685	46722	46759	46796	46821	46842	46863	46884	46905	46926	46947	46968	46989	47010	47031	47052	47073	47094	47199	47298	47397	47437	47474	47511	47548	47585	47622	47659	47696	47737	47774	47811	47848	47885	47922	47959	47996	48049	48098	48147	48196	48245	48294	48324	48348	48372	48396	48420	48444	48468	48492	48516	48540	48564	48588	48627	48654	48681	48708	48735	48762	48789	48816	48843	48870	48897	48937	48974	49011	49048	49085	49122	49159	49196	49233	49266	49299	49332	49365	49398	49431	49464	49497	49537	49574	49611	49648	49685	49722	49759	49796	49827	49854	49881	49908	49935	49962	49989	50016	50043	50070	50097	50149	50198	50247	50296	50345	50394	50424	50448	50472	50496	50520	50544	50568	50592	50616	50640	50664	50688	50737	50774	50811	50848	50885	50922	50959	50996	51027	51054	51081	51108	51135	51162	51189	51216	51243	51270	51297	51324	51348	51372	51396	51420	51444	51468	51492	51516	51540	51564	51588	51637	51674	51711	51748	51785	51822	51859	51896	51933	51966	51999	52032	52065	52098	52131	52164	52197	52259	52318	52377	52436	52495	52517	52534	52551	52568	52585	52602	52619	52636	52653	52670	52687	52704	52721	52738	52755	52772	52789	52859	52918	52977	53036	53095	53137	53174	53211	53248	53285	53322	53359	53396	53459	53518	53577	53636	53695	53733	53766	53799	53832	53865	53898	53931	53964	53997	54027	54054	54081	54108	54135	54162	54189	54216	54243	54270	54297	54374	54448	54522	54596	54627	54654	54681	54708	54735	54762	54789	54816	54843	54870	54897	55049	55198	55237	55274	55311	55348	55385	55422	55459	55496	55574	55648	55722	55796	55827	55854	55881	55908	55935	55962	55989	56016	56043	56070	56097	56399	56499	56598	56697	56733	56766	56799	56832	56865	56898	56931	56964	56997	57049	57098	57147	57196	57245	57294	57359	57418	57477	57536	57595	
ORIGIN
0	16	6	27	19	25	27	23	14	25	23	10	2	14	14	14	14	14	3	23	14	14	26	16	14	26	16	7	9	27	7	14	9	9	1	23	14	14	23	2	14	2	14	3	2	2	14	14	11	6	27	18	7	27	20	8	26	14	10	2	23	23	2	26	1	14	23	14	4	14	8	12	14	14	7	27	9	9	9	3	14	14	23	11	2	14	23	23	14	2	3	24	7	5	14	24	5	1	18	7	27	27	20	1	12	12	12	23	12	2	2	14	14	16	14	4	24	15	4	14	16	7	26	14	7	14	14	11	2	23	10	2	23	4	14	14	27	14	14	26	14	27	27	27	9	23	7	27	20	14	14	27	13	14	23	27	2	2	14	14	11	14	4	24	15	4	26	16	20	27	26	26	14	14	14	1	14	14	3	23	12	2	25	14	14	1	14	14	27	14	8	5	23	14	1	20	8	27	13	13	5	27	20	2	14	5	4	23	7	8	27	14	4	26	8	5	1	16	16	14	20	14	3	14	14	14	17	25	2	23	14	3	26	14	14	14	27	11	14	25	16	14	3	8	27	23	14	23	3	3	26	14	14	2	7	7	14	27	23	4	26	4	5	14	17	2	23	26	3	14	14	14	16	16	4	2	23	13	3	23	10	10	14	14	14	25	14	14	14	14	14	23	23	8	23	14	10	2	14	26	2	1	1	1	26	26	1	17	16	5	1	9	14	1	27	27	14	14	14	2	9	14	27	23	13	2	27	14	5	9	14	14	1	7	14	3	14	26	2	2	8	1	23	10	26	14	12	27	26	14	4	10	14	14	25	6	5	26	25	6	14	26	2	14	6	14	23	14	26	2	14	13	2	23	14	1	20	26	4	1	1	14	23	26	26	17	14	14	1	23	10	1	14	14	17	14	14	14	27	14	14	14	11	27	26	1	11	7	14	14	17	17	17	14	17	2	2	2	14	17	23	14	3	16	14	14	7	14	7	26	23	7	23	7	14	14	23	10	1	3	14	24	14	8	14	14	27	14	14	11	9	2	16	6	27	19	7	27	22	10	12	14	12	2	20	26	26	23	14	3	23	14	14	26	15	26	6	1	25	14	16	26	13	23	9	1	14	11	26	13	17	4	27	14	27	14	14	12	8	8	5	27	18	7	20	14	2	17	14	17	17	2	22	2	2	2	3	23	14	25	24	15	1	1	25	25	4	26	10	14	14	9	1	23	11	14	23	14	27	27	14	26	26	15	14	7	14	1	26	17	7	14	11	3	14	14	14	2	27	20	11	23	6	3	23	14	4	14	15	4	14	22	14	3	26	14	2	14	23	1	23	10	2	14	14	23	14	14	14	15	15	26	27	1	14	26	16	7	27	26	26	13	14	3	9	20	20	16	20	26	14	23	14	3	24	14	4	14	3	14	3	26	14	8	14	26	8	14	10	2	1	12	14	11	14	14	27	14	14	26	26	1	9	16	7	1	19	2	14	17	1	3	23	20	2	14	14	7	5	14	3	24	14	4	3	3	1	1	18	2	26	14	4	3	14	10	1	23	12	2	23	15	14	25	14	27	11	15	14	12	16	6	27	19	14	27	12	14	14	20	10	22	22	14	16	14	14	3	23	14	4	26	13	14	26	14	7	26	26	14	26	8	9	1	23	11	13	23	4	8	14	14	4	11	11	14	1	23	6	27	18	11	27	21	3	14	23	10	22	22	26	2	11	14	3	23	19	5	8	16	25	5	16	7	27	14	14	3	7	9	1	23	14	14	23	13	5	14	14	3	24	7	7	1	14	5	27	18	7	27	20	8	14	17	10	1	23	2	2	7	27	
DESTINATION
0	14	17	2	22	14	2	26	3	14	27	14	14	8	16	25	25	25	14	4	9	9	3	14	9	3	16	20	14	23	13	5	14	14	14	27	5	5	1	24	5	27	26	14	27	27	20	8	12	17	2	27	20	2	14	14	14	16	14	14	27	7	27	23	23	26	3	26	14	2	14	11	2	2	20	2	14	14	14	26	16	26	27	15	14	9	27	27	9	27	14	1	13	14	9	2	14	23	27	20	2	2	14	14	11	11	11	27	11	27	27	20	8	14	26	14	2	14	14	1	14	23	14	3	23	8	8	12	14	1	14	14	27	14	8	5	23	9	9	14	2	23	23	23	14	27	20	2	14	5	4	23	7	5	1	18	14	27	20	1	12	16	14	2	14	14	3	14	14	2	14	14	4	15	4	14	16	16	14	27	11	14	14	25	16	23	10	2	23	4	14	14	27	26	14	14	14	2	7	7	14	23	7	14	20	14	14	27	13	14	23	26	14	3	14	14	14	14	14	4	14	4	26	16	20	8	6	14	14	1	25	14	14	26	3	3	23	12	25	14	14	3	26	14	2	27	1	1	26	14	14	1	8	27	13	13	5	2	27	14	3	14	14	2	9	14	27	14	26	8	5	1	14	14	14	14	1	7	14	3	14	14	25	1	25	14	3	26	16	26	4	27	26	14	4	10	14	14	8	3	27	14	14	23	3	3	14	6	14	14	23	14	26	14	23	23	4	4	5	14	17	2	23	1	7	14	23	26	14	17	4	4	23	13	3	23	10	14	27	14	14	14	27	14	14	4	11	23	23	8	23	14	10	2	14	17	14	3	14	17	2	14	27	1	17	5	1	9	14	14	9	7	14	1	26	23	7	14	14	23	23	2	27	14	14	9	8	2	14	27	14	14	5	5	9	2	2	1	23	10	10	26	12	2	3	23	12	20	26	26	6	6	6	25	6	14	14	14	26	6	1	25	14	16	26	26	13	2	13	14	1	20	1	20	4	4	27	14	14	14	26	2	8	14	1	10	23	10	1	12	17	14	14	17	2	22	23	2	2	14	11	16	11	27	7	14	14	1	25	14	4	26	10	14	14	14	17	23	14	3	16	14	7	27	14	14	26	15	14	7	9	14	23	10	23	1	3	11	14	14	14	2	27	20	11	26	24	6	2	6	6	27	19	27	22	22	14	3	26	14	2	14	23	23	14	14	23	14	14	26	15	14	14	27	15	26	27	1	2	23	9	14	14	11	26	13	4	14	3	9	20	16	20	26	8	8	5	27	18	7	20	7	17	14	3	26	14	8	14	14	8	2	3	23	14	25	24	15	1	14	27	14	14	26	26	1	9	1	9	11	11	14	23	14	1	3	16	20	2	14	14	7	1	26	17	7	7	14	11	3	3	1	26	14	2	26	14	4	23	9	23	14	4	14	15	14	14	25	14	14	23	11	15	12	1	1	23	2	2	14	14	23	14	14	20	14	22	14	16	6	14	26	27	7	27	26	26	13	14	26	14	1	26	14	26	14	23	23	27	24	14	4	14	26	8	14	14	27	11	14	1	14	10	14	10	23	12	14	26	11	14	17	2	22	26	2	11	16	9	7	14	19	19	2	14	5	25	14	5	26	14	3	7	5	14	3	20	14	14	4	3	14	14	14	27	20	7	1	14	14	10	10	14	12	12	2	23	27	17	2	27	12	2	7	27	16	27	14	19	19	14	27	12	25	14	4	22	14	14	14	14	14	14	20	2	4	4	26	13	14	14	27	8	9	27	7	14	8	26	14	1	13	13	23	4	14	2	27	20	2	14	14	8	6	14	14	27	27	27	21	3	
DUE_DATE
0	31147	30476	30045	29554	31343	30192	30247	30776	30345	29854	31643	30972	30527	30016	30045	30614	30643	30132	31901	31210	30759	30788	30300	30882	30384	31446	31008	31050	31092	30587	30616	30645	30674	32443	31752	31301	30790	31359	31388	31427	30916	31965	31994	31543	31032	31061	31630	31119	32888	32199	31740	31221	31782	31263	31824	31305	33066	31347	33108	32409	31950	32451	33192	33247	31556	33345	32674	32243	33492	31785	32352	31839	32406	32913	33660	31947	32514	33021	33768	33795	32082	33126	32670	32694	33918	32742	32766	32250	32274	34038	33342	32886	32395	33452	34209	33526	33563	33600	33157	34394	33257	32776	33375	32894	32953	32977	34736	34035	33574	34793	34092	34111	33110	34869	34168	33707	33726	33205	33224	33783	35057	33376	35175	34514	34093	34605	35352	35379	34206	33693	35460	34767	34314	33801	34368	34395	35631	33924	34977	34530	34563	35796	35109	35862	34155	35914	35210	34746	34222	34238	34794	34810	36026	35322	35338	34334	35370	36106	35402	36138	34954	34430	36186	35511	35064	34557	34590	35163	36396	34689	34722	36495	35820	35862	36624	35946	35988	35550	36792	36111	35664	35157	35190	35763	36996	35829	35322	37095	36405	37152	37179	36486	36033	35520	36567	36114	36141	35628	36195	36235	37472	35769	37546	36863	36420	37657	36974	37731	36024	36057	36090	37143	37176	36729	36762	36255	36821	38044	36327	38090	37393	38136	37439	37462	37485	37028	36511	36534	38297	37121	36604	36627	37670	38413	37236	36719	38482	38505	38528	37831	37854	37397	36885	38652	37959	37506	36993	37560	37587	38814	37101	38148	37695	38917	38936	38235	37774	37253	37272	39031	38330	37869	37348	37907	37926	37405	38444	38463	39247	38576	39345	38194	38243	37752	39557	38896	38475	37994	38593	38107	38156	39945	38254	40043	39372	39405	40152	39459	39486	39033	38520	40287	39594	38601	38628	39195	39221	38704	40467	40490	39793	39816	40559	39862	39405	38888	39931	39474	39497	39517	39536	39015	39034	40793	40092	40831	39650	40869	40888	40187	39186	39205	40244	40263	39840	39882	39384	39426	40008	41250	39552	41327	40636	41385	40694	40723	40272	39761	39790	41559	40388	39907	39956	40545	41074	40643	41892	41931	41244	41997	41310	41343	40896	40389	40422	42195	41515	40532	41109	40606	41183	40680	42457	42494	41820	42582	41904	42666	41508	41550	41052	42840	42162	41724	41226	41808	41850	41352	41407	42476	42525	43294	43343	42672	42231	41724	43497	42810	41823	42396	41889	42942	42495	41981	43744	42027	43070	43093	43836	43139	43162	42705	42188	43951	43254	42797	42307	42896	42405	44194	42503	44292	43677	44496	43875	43920	43482	42984	44766	44088	43650	43152	43797	43896	43995	45221	43504	45267	45290	44593	45336	44639	44182	43665	44708	43711	44754	44297	43795	45572	44409	43906	45683	43980	45757	45074	45127	45896	45225	44794	44303	45372	44997	44556	44655	45257	45796	45375	44894	46693	46757	46096	46155	46934	46273	45897	45456	45555	47331	45624	46197	45690	46743	46296	47529	47562	46875	46915	47672	47709	46006	46583	46620	46117	47894	46735	46772	46269	47326	46883	48120	46417	47474	47537	48316	47655	47714	47293	46807	48596	47925	46954	47543	47052	48115	47672	47169	48946	47243	49020	48337	48374	48399	48420	47961	49182	48483	47484	48045	47526	48087	47568	49329	47610	49371	49392	48777	49596	48975	48535	48032	49809	49126	48683	48180	48757	48794	48835	50072	48369	50146	50183	49500	50257	49574	49147	48656	49725	49774	49343	48852	49422	49446	48930	50694	49518	50742	50046	50070	50814	50118	50142	49146	49185	50232	49239	49266	49833	50340	49887	51114	49401	51168	50475	51235	51272	50589	50146	49643	51420	50737	49754	49791	50364	50397	51630	49923	51696	51009	51042	51795	51115	50672	50709	50206	51983	51300	50317	50894	50925	50952	52179	50466	51513	51540	52287	51594	52341	50628	51195	50707	50756	52545	51874	51443	50952	50982	51546	51030	52794	52098	52122	52866	52170	52914	52218	51762	51246	53035	52352	51909	51406	51983	53220	51517	51554	53325	52632	53379	52206	52713	52260	53487	52794	52341	51828	52395	52422	52446	53670	51954	53718	53022	53766	53070	53814	52638	52122	52146	53215	53252	52269	52846	52343	52920	54157	52454	54231	53544	53577	54330	53643	54396	53229	52722	53775	53837	53416	52935	53534	53593	54815	53092	54849	54146	54163	54180	54917	53734	53211	53228	54985	54282	53279	53836	53313	53870	55087	55157	54496	54075	55334	54673	55435	54272	53769	55546	54863	54420	54457	54494	54017	55816	54135	54194	55273	54831	56064	55377	56130	54963	54456	56229	55542	55095	55125	54612	55179	54666	56433	54720	55767	55794	55821	56568	55875	55472	55006	56820	56174	55725	55752	55239	55266	57033	55320	57087	56394	55941	56448	57195	57347	57496	55795	57572	56889	56446	56963	57720	57757	57794	56672	56206	58020	57374	57405	58152	57459	58206	57033	56520	57567	57114	58341	57648	57675	58697	57597	57156	57255	59031	59064	59097	58410	59163	58476	58029	57522	59295	58627	59396	59445	59494	58823	58872	58457	57976	59055	59834	59173	
TRANSPORT_MODE
0	2	4	4	4	2	0	0	4	4	4	1	2	0	0	0	4	4	4	4	2	0	0	0	4	4	4	4	2	0	0	0	0	4	4	4	4	2	0	0	0	4	4	4	2	0	0	0	4	4	4	4	4	0	0	0	0	3	4	4	4	2	0	0	0	4	4	4	4	3	0	0	0	4	4	4	4	2	0	0	0	1	4	4	4	3	0	0	0	4	4	4	1	2	0	0	0	1	4	1	3	0	0	0	0	4	4	4	4	2	0	0	0	4	4	4	1	0	0	0	0	3	4	1	4	4	0	0	0	2	4	4	4	1	0	0	0	3	4	4	4	4	0	0	0	2	4	4	1	4	0	0	0	3	4	1	4	0	0	0	0	2	4	4	4	4	0	0	0	3	4	4	4	0	0	0	0	4	2	4	4	1	0	0	0	3	4	4	4	4	0	0	0	2	4	4	4	1	0	0	0	3	4	1	1	4	0	0	0	0	4	4	1	4	0	0	0	4	3	4	1	1	0	0	0	0	4	2	4	4	0	0	0	4	3	1	4	1	0	0	0	4	2	4	4	4	0	0	0	1	3	1	4	4	0	0	0	4	2	4	4	4	0	0	0	1	4	4	4	0	0	0	0	1	2	4	1	4	0	0	0	1	3	4	4	0	0	0	0	1	4	2	4	4	0	0	0	1	4	3	4	1	0	0	0	1	2	1	4	4	0	0	0	4	3	1	1	4	0	0	0	4	1	4	1	0	0	0	0	4	3	4	4	4	0	0	0	1	4	2	1	0	0	0	0	4	1	3	4	4	0	0	0	1	4	2	1	4	0	0	0	1	1	3	4	4	0	0	0	4	4	2	4	1	0	0	0	4	1	1	1	0	0	0	1	4	2	1	4	0	0	0	0	4	1	3	1	0	0	0	4	4	2	0	4	1	0	0	4	4	3	1	1	0	0	0	4	1	2	4	4	0	0	0	1	1	3	1	1	0	0	0	4	4	2	4	0	1	0	0	0	1	4	3	1	4	0	0	0	4	4	2	4	0	0	0	0	1	1	1	3	1	0	0	0	1	1	2	4	4	0	0	0	1	1	3	1	1	0	0	0	4	4	2	1	4	0	0	0	4	4	3	1	1	0	0	0	1	1	2	1	4	0	0	0	0	4	1	3	1	0	0	0	1	1	2	1	4	0	0	0	4	1	3	1	4	0	0	0	4	4	2	1	1	0	0	0	1	4	3	1	1	0	0	0	1	1	2	1	1	0	0	0	1	4	3	4	1	0	0	0	0	1	1	2	4	0	0	0	4	1	3	4	4	0	0	0	1	1	2	1	1	0	0	0	1	3	1	1	1	0	0	0	4	2	1	1	1	0	0	0	1	3	1	1	4	0	0	0	0	1	2	1	4	4	0	0	0	1	4	3	1	0	0	0	0	1	1	2	1	1	0	0	1	3	1	1	1	0	0	0	1	2	1	4	1	0	0	0	1	3	1	1	1	0	0	0	4	2	1	4	4	0	0	0	1	3	1	1	1	0	0	0	0	1	2	1	1	0	0	0	1	3	1	1	1	0	0	0	1	2	1	1	1	0	0	0	4	3	1	1	1	0	0	0	2	4	1	4	1	0	0	0	3	1	1	1	1	0	0	0	2	1	1	1	1	0	0	0	0	3	1	1	1	0	0	0	1	2	1	1	1	0	0	0	3	1	1	4	1	0	0	0	3	1	1	1	1	0	0	0	3	1	1	1	1	0	0	0	3	1	1	1	1	0	0	0	3	1	1	1	1	0	0	0	3	1	1	1	0	0	0	0	3	1	1	1	1	0	0	0	
DISTANCE_MATRIX
60	360	318	300	288	276	264	264	150	150	150	60	90	90	162	168	204	228	234	312	360	408	348	318	168	192	168	318	
360	60	264	318	324	342	342	342	348	348	354	360	372	378	378	420	420	480	462	498	462	462	384	420	372	420	378	378	
318	264	60	270	276	288	288	288	294	294	294	318	318	324	324	414	414	468	462	486	462	462	330	366	366	408	372	324	
300	318	270	60	276	288	288	288	288	288	288	300	300	312	318	408	408	468	462	486	438	438	318	360	360	402	360	312	
288	324	276	276	60	276	276	276	276	276	276	288	288	300	300	402	396	462	456	480	432	432	300	360	360	402	348	300	
276	342	288	288	276	60	180	180	252	258	264	264	264	288	288	390	390	456	450	480	432	432	288	348	348	348	288	288	
264	342	288	288	276	180	60	180	246	258	264	264	264	288	288	390	390	456	450	480	432	432	288	348	348	348	288	288	
264	342	288	288	276	180	180	60	240	258	264	264	264	288	288	390	390	456	450	480	432	432	288	348	348	348	288	288	
150	348	294	288	276	252	246	240	60	120	120	150	126	270	270	378	384	420	438	480	420	408	276	300	300	300	276	270	
150	348	294	288	276	258	258	258	120	60	120	150	150	270	270	378	384	420	438	480	420	408	276	300	300	300	276	270	
150	354	294	288	276	264	264	264	120	120	60	150	150	270	270	378	384	420	438	480	420	408	276	300	300	300	276	270	
60	360	318	300	288	264	264	264	150	150	150	60	90	162	168	228	234	312	360	408	348	318	168	192	192	198	168	162	
90	372	318	300	288	264	264	264	150	150	150	90	60	162	168	228	234	312	360	408	348	318	168	192	192	198	168	162	
90	378	324	312	300	288	288	288	270	270	270	162	162	60	120	180	180	306	210	360	300	300	120	180	120	180	120	234	
162	378	324	318	300	288	288	288	270	270	270	168	168	120	60	180	180	306	210	360	300	300	120	180	120	180	120	120	
168	420	414	408	402	348	348	348	300	300	300	228	228	180	180	60	132	204	132	348	258	258	186	60	180	132	222	180	
204	420	414	408	396	390	390	390	384	384	384	234	234	180	180	132	60	204	132	348	258	258	186	60	180	132	222	180	
228	480	468	468	462	456	456	456	420	420	420	312	312	306	306	204	204	60	198	120	240	240	306	204	306	138	306	306	
234	462	462	462	456	450	450	450	438	438	438	360	360	210	210	132	132	198	60	138	132	132	210	132	210	132	210	210	
312	498	486	486	480	480	480	480	480	480	480	408	408	360	360	348	348	120	138	60	348	348	360	348	360	348	360	360	
360	462	462	438	432	432	432	432	420	420	420	348	348	300	300	258	258	240	132	348	60	60	300	258	300	258	300	300	
408	462	462	438	432	432	432	432	408	408	408	318	318	300	300	258	258	240	132	348	60	60	300	258	300	258	300	300	
348	384	330	318	300	288	288	288	276	276	276	168	168	120	120	186	186	306	210	360	300	300	60	186	120	186	120	120	
318	420	366	360	360	348	348	348	300	300	300	192	192	180	180	60	60	204	132	348	258	258	186	60	180	60	180	180	
168	372	300	306	300	288	288	288	270	270	270	168	168	120	120	180	180	306	210	360	300	300	120	180	60	180	120	120	
192	420	408	402	402	348	348	348	300	300	300	198	198	180	180	132	132	138	132	348	258	258	186	60	180	60	180	180	
168	378	372	360	348	288	288	288	276	276	276	168	168	120	120	222	222	306	210	360	300	300	120	180	120	180	60	120	
318	378	324	312	300	288	288	288	270	270	270	162	162	234	120	180	180	306	210	360	300	300	120	180	120	180	120	60	
DEPOT_DISTANCE_MATRIX
60	360	318	300	288	276	264	264	150	150	150	60	90	90	162	168	204	228	234	312	360	408	348	318	168	192	168	318	
162	378	324	318	300	288	288	288	270	270	270	168	168	120	60	180	180	306	210	360	300	300	120	180	120	180	120	120	
318	420	366	360	360	348	348	348	300	300	300	192	192	180	180	60	60	204	132	348	258	258	186	60	180	60	180	180	
PATIENT_WEIGHT
33	67	80	92	31	102	130	141	134	49	147	88	117	140	39	115	88	38	134	133	40	97	90	64	84	127	33	110	79	139	81	42	91	58	111	54	134	53	146	48	106	69	149	88	117	100	55	126	67	121	45	50	49	146	88	137	90	137	30	95	118	85	101	77	124	147	53	72	116	95	127	57	122	142	90	68	80	118	65	87	45	109	136	63	82	93	146	139	82	47	57	36	54	37	40	48	84	77	70	39	66	142	98	104	50	48	82	42	144	83	33	57	115	52	81	57	101	34	109	85	77	62	128	35	67	75	108	107	44	74	37	140	31	65	111	51	150	97	89	38	106	149	34	83	143	109	119	121	57	44	36	66	46	144	50	122	41	37	45	145	140	74	147	107	82	134	127	126	63	83	142	39	58	66	37	76	105	125	98	115	37	60	109	144	135	94	42	43	53	138	60	141	128	123	73	82	127	59	146	36	93	116	98	116	137	86	105	150	127	116	44	60	122	50	66	30	140	107	64	140	56	40	62	88	33	111	115	102	136	61	70	102	42	129	47	50	119	108	62	130	61	97	148	100	107	105	129	62	72	137	44	148	51	73	68	120	117	79	123	80	130	34	46	34	62	75	95	144	69	80	108	51	97	83	86	107	68	54	94	60	95	109	120	64	47	128	88	100	94	142	97	149	73	90	76	116	126	42	128	87	105	105	77	68	84	124	66	70	80	75	147	39	54	31	138	122	141	140	95	117	126	140	117	39	83	64	148	49	101	63	87	38	135	129	57	97	128	123	39	61	116	86	130	66	136	39	136	109	141	48	60	97	98	127	37	49	122	34	132	60	69	36	59	59	111	83	141	45	82	59	83	145	149	119	86	87	147	102	130	124	81	148	61	42	115	38	69	88	108	41	49	41	53	78	66	146	111	73	86	99	50	46	55	132	83	99	103	85	70	139	41	117	59	100	44	34	31	86	42	113	111	35	139	83	135	90	40	34	61	38	66	125	56	114	42	80	53	90	108	74	35	100	79	103	132	112	143	57	145	107	43	102	115	88	36	115	63	61	43	65	138	144	66	147	43	69	125	49	50	111	144	105	77	95	64	71	76	91	99	56	48	41	121	70	54	60	43	85	149	63	137	97	145	48	94	99	62	82	33	53	54	68	124	59	38	122	89	149	83	68	61	87	146	98	67	118	103	147	79	139	122	133	77	114	128	30	64	42	146	82	65	57	37	79	46	56	52	144	98	92	131	86	103	65	42	116	103	42	120	133	117	77	84	60	45	93	48	113	71	146	114	149	98	73	69	133	62	132	62	131	105	104	58	143	123	98	130	30	144	65	96	38	117	40	38	37	94	59	112	119	74	48	52	100	105	150	134	51	149	147	139	94	65	31	129	115	72	145	50	64	77	105	44	142	48	31	75	135	148	74	75	37	88	57	99	125	50	85	50	142	142	85	80	66	132	30	41	87	45	147	81	140	56	99	132	120	63	75	36	125	98	56	49	62	81	121	122	42	131	62	98	141	100	50	44	90	59	61	149	128	110	125	130	144	75	86	67	88	134	41	130	73	85	53	110	131	54	57	117	82	62	78	95	87	84	127	135	70	77	141	119	68	125	82	87	80	123	72	109	145	48	145	135	40	30	69	32	53	103	76	95	46	112	111	100	95	142	139	59	70	125	58	36	110	115	94	60	104	116	55	150	91	53	76	67	80	99	79	130	105	141	62	64	78	51	119	102	104	81	82	60	148	47	38	145	83	34	30	64	58	38	122	131	72	58	72	104	139	32	48	48	116	40	35	61	73	149	64	103	38	148	46	34	148	127	52	144	82	132	38	42	
LOCATION_TURN_MATRIX
100	130	122	113	112	199	136	122	129	152	173	146	151	136	158	140	176	113	122	167	194	134	110	172	114	184	100	147	
170	100	154	188	164	169	136	136	152	170	104	183	155	115	101	104	155	187	174	115	149	134	178	168	114	135	168	102	
178	146	100	161	178	114	104	165	117	139	126	169	192	109	120	179	160	152	154	134	113	140	154	179	196	196	192	181	
187	112	139	100	158	114	195	181	104	132	195	106	183	169	132	170	140	136	172	148	116	110	123	136	151	120	176	169	
188	136	122	142	100	175	164	159	112	100	167	164	135	191	132	181	104	123	142	156	108	117	193	182	116	147	156	185	
101	131	186	186	125	100	190	147	164	150	137	102	145	176	185	131	113	108	117	186	118	151	140	178	154	189	172	110	
164	164	196	105	136	110	100	186	153	151	183	193	111	157	144	123	188	142	110	163	105	190	166	187	170	171	186	126	
178	164	135	119	141	153	114	100	106	130	108	103	151	178	122	151	130	133	184	177	110	141	166	110	122	174	191	197	
171	148	183	196	188	136	147	194	100	167	100	146	168	129	128	142	172	118	174	147	105	158	156	160	120	106	119	136	
148	130	161	168	200	150	149	170	133	100	177	106	175	116	188	180	176	194	108	146	130	187	183	173	128	141	169	176	
127	196	174	105	133	163	117	192	200	123	100	171	175	140	183	115	104	186	128	153	151	175	100	146	191	117	132	197	
154	117	131	194	136	198	107	197	154	194	129	100	136	184	140	147	172	184	148	131	103	156	185	200	152	158	154	143	
149	145	108	117	165	155	189	149	132	125	125	164	100	140	199	142	101	144	163	185	117	191	200	143	113	165	102	154	
164	185	191	131	109	124	143	122	171	184	160	116	160	100	109	116	196	113	131	186	166	139	183	175	144	161	105	170	
142	199	180	168	168	115	156	178	172	112	117	160	101	191	100	147	177	177	199	158	172	188	164	175	180	168	154	195	
160	196	121	130	119	169	177	149	158	120	185	153	158	184	153	100	152	159	197	157	181	159	102	123	168	200	124	186	
124	145	140	160	196	187	112	170	128	124	196	128	199	104	123	148	100	149	114	112	117	135	105	132	138	180	198	156	
187	113	148	164	177	192	158	167	182	106	114	116	156	187	123	141	151	100	166	132	168	163	159	123	129	173	161	116	
178	126	146	128	158	183	190	116	126	192	172	152	137	169	101	103	186	134	100	184	199	137	130	160	148	113	140	150	
133	185	166	152	144	114	137	123	153	154	147	169	115	114	142	143	188	168	116	100	111	195	128	157	191	164	141	171	
106	151	187	184	192	182	195	190	195	170	149	197	183	134	128	119	183	132	101	189	100	129	151	163	147	166	104	177	
166	166	160	190	183	149	110	159	142	113	125	144	109	161	112	141	165	137	163	105	171	100	101	185	169	129	103	197	
190	122	146	177	107	160	134	134	144	117	200	115	100	117	136	198	195	141	170	172	149	199	100	106	150	116	118	145	
128	132	121	164	118	122	113	190	140	127	154	100	157	125	125	177	168	177	140	143	137	115	194	100	128	167	115	155	
186	186	104	149	184	146	130	178	180	172	109	148	187	156	120	132	162	171	152	109	153	131	150	172	100	155	124	184	
116	165	104	180	153	111	129	126	194	159	183	142	135	139	132	100	120	127	187	136	134	171	184	133	145	100	129	192	
200	132	108	124	144	128	114	109	181	131	168	146	198	195	146	176	102	139	160	159	196	197	182	185	176	171	100	146	
153	198	119	131	115	190	174	103	164	124	103	157	146	130	105	114	144	184	150	129	123	103	155	145	116	108	154	100	

