INDEX_PROBLEM
1
PATIENTS
800
STRETCHERS
16
NUM_ROOM
28
NUM_DEPOT
3
NUM_PRIORITY
4
PRIORITY_LIST
0	1	2	3	4
PRIORITY_WEIGHT
0	1	10	18	30
PRIORITY_JOB
0	2	3	1	2	3	3	2	3	2	3	3	3	3	2	3	1	2	3	2	4	3	3	4	3	3	4	1	3	2	4	3	3	2	3	2	4	2	3	3	3	3	4	2	2	3	4	3	3	3	1	2	4	3	2	3	4	1	3	2	3	1	1	1	2	1	1	2	1	3	3	2	3	3	2	3	4	1	2	1	2	4	1	2	1	3	3	2	3	3	2	3	1	2	2	1	4	4	2	1	3	3	3	4	2	3	1	2	1	1	2	2	1	3	3	2	3	4	3	3	2	3	1	1	2	1	1	2	1	1	3	2	3	4	3	3	4	2	1	1	2	2	1	2	1	2	3	2	3	3	3	3	4	2	1	4	2	2	1	1	1	2	3	4	1	3	4	2	3	4	1	2	2	2	1	1	1	2	3	4	1	3	3	2	3	3	1	2	2	3	1	1	2	1	3	1	2	3	2	3	2	4	1	3	2	1	2	2	1	3	3	4	2	3	2	3	4	2	3	1	1	1	1	2	2	1	2	4	2	3	4	3	3	2	3	3	1	1	1	1	2	1	2	3	2	3	3	3	4	2	1	4	1	1	2	1	2	1	2	3	2	3	3	3	4	2	3	1	4	1	1	2	1	2	2	3	1	2	3	2	3	4	2	1	4	1	1	2	1	2	1	2	3	1	3	3	2	3	2	3	1	2	1	2	1	2	4	3	4	1	3	3	2	3	2	1	3	1	2	1	1	3	2	3	4	3	4	2	3	4	1	1	2	2	1	2	1	1	3	1	2	2	3	3	3	4	2	2	3	1	2	1	1	1	4	1	2	2	3	3	3	2	2	3	3	1	1	2	1	2	1	2	3	3	3	3	4	2	2	3	1	1	1	1	2	2	4	1	2	2	3	4	2	3	3	1	1	1	1	1	2	1	4	3	2	3	1	3	2	3	3	1	1	2	2	1	2	1	3	2	3	4	3	3	2	3	4	1	2	1	2	1	1	3	3	2	3	3	4	2	3	4	4	1	1	1	2	2	1	1	2	3	1	3	3	3	3	2	3	2	3	2	1	1	1	2	1	4	1	2	3	3	3	4	2	3	1	1	2	1	1	2	3	1	2	2	3	3	3	3	2	1	1	2	2	1	2	3	4	1	4	2	3	3	3	2	3	1	1	1	2	1	1	1	1	3	2	4	3	4	2	3	4	1	1	2	1	2	1	3	2	2	3	3	3	2	3	3	1	2	1	2	1	2	4	3	2	3	3	3	2	3	4	4	1	1	2	1	2	1	1	2	3	1	3	3	4	3	4	3	4	1	2	1	1	1	2	3	1	2	2	3	3	3	2	3	1	2	1	2	1	1	3	1	2	3	2	3	3	3	2	2	1	3	1	2	2	1	2	4	1	2	4	2	3	3	3	3	2	1	1	1	2	1	1	3	2	3	4	3	4	2	3	4	1	1	2	1	2	1	2	2	3	3	3	3	2	3	4	1	1	2	3	1	1	2	1	2	3	4	3	3	2	3	4	1	1	2	2	1	2	2	1	3	2	3	3	3	3	4	2	2	1	3	1	1	2	1	1	4	1	2	2	3	3	3	4	3	1	3	2	1	2	1	1	1	2	3	2	2	3	3	3	1	3	4	2	1	2	1	2	1	2	3	2	3	4	3	3	1	2	3	2	1	1	1	2	2	3	1	4	3	2	3	4	1	2	3	2	1	1	1	2	1	3	1	1	1	2	1	2	1	2	3	2	2	1	2	1	1	3	4	1	2	1	1	1	1	1	2	2	1	2	1	1	1	3	2	2	1	2	1	2	1	3	4	1	1	2	1	2
TIME_ASKED
0	28849	28898	28947	28996	29045	29094	29149	29198	29247	29296	29345	29394	29429	29458	29487	29516	29545	29574	29603	29632	29661	29690	29742	29784	29826	29868	29910	29952	29994	30029	30058	30087	30116	30145	30174	30203	30232	30261	30290	30329	30358	30387	30416	30445	30474	30503	30532	30561	30590	30621	30642	30663	30684	30705	30726	30747	30768	30789	30810	30831	30852	30873	30894	30949	30998	31047	31096	31145	31194	31227	31254	31281	31308	31335	31362	31389	31416	31443	31470	31497	31524	31548	31572	31596	31620	31644	31668	31692	31716	31740	31764	31788	31837	31874	31911	31948	31985	32022	32059	32096	32159	32218	32277	32336	32395	32419	32438	32457	32476	32495	32514	32533	32552	32571	32590	32609	32628	32647	32666	32685	32759	32818	32877	32936	32995	33027	33054	33081	33108	33135	33162	33189	33216	33243	33270	33297	33333	33366	33399	33432	33465	33498	33531	33564	33597	33616	33632	33648	33664	33680	33696	33712	33728	33744	33760	33776	33792	33808	33824	33840	33856	33872	33888	33933	33966	33999	34032	34065	34098	34131	34164	34197	34242	34284	34326	34368	34410	34452	34494	34533	34566	34599	34632	34665	34698	34731	34764	34797	34827	34854	34881	34908	34935	34962	34989	35016	35043	35070	35097	35137	35174	35211	35248	35285	35322	35359	35396	35433	35466	35499	35532	35565	35598	35631	35664	35697	35723	35746	35769	35792	35815	35838	35861	35884	35907	35930	35953	35976	35999	36023	36046	36069	36092	36115	36138	36161	36184	36207	36230	36253	36276	36299	36327	36354	36381	36408	36435	36462	36489	36516	36543	36570	36597	36619	36638	36657	36676	36695	36714	36733	36752	36771	36790	36809	36828	36847	36866	36885	36949	36998	37047	37096	37145	37194	37259	37318	37377	37436	37495	37549	37598	37647	37696	37745	37794	37827	37854	37881	37908	37935	37962	37989	38016	38043	38070	38097	38123	38146	38169	38192	38215	38238	38261	38284	38307	38330	38353	38376	38399	38419	38438	38457	38476	38495	38514	38533	38552	38571	38590	38609	38628	38647	38666	38685	38742	38784	38826	38868	38910	38952	38994	39029	39058	39087	39116	39145	39174	39203	39232	39261	39290	39349	39398	39447	39496	39545	39594	39633	39666	39699	39732	39765	39798	39831	39864	39897	39937	39974	40011	40048	40085	40122	40159	40196	40242	40284	40326	40368	40410	40452	40494	40542	40584	40626	40668	40710	40752	40794	40849	40898	40947	40996	41045	41094	41133	41166	41199	41232	41265	41298	41331	41364	41397	41423	41446	41469	41492	41515	41538	41561	41584	41607	41630	41653	41676	41699	41749	41798	41847	41896	41945	41994	42099	42198	42297	42342	42384	42426	42468	42510	42552	42594	42699	42798	42897	42923	42946	42969	42992	43015	43038	43061	43084	43107	43130	43153	43176	43199	43237	43274	43311	43348	43385	43422	43459	43496	43549	43598	43647	43696	43745	43794	43899	43998	44097	44159	44218	44277	44336	44395	44459	44518	44577	44636	44695	44799	44898	44997	45033	45066	45099	45132	45165	45198	45231	45264	45297	45337	45374	45411	45448	45485	45522	45559	45596	45637	45674	45711	45748	45785	45822	45859	45896	45959	46018	46077	46136	46195	46249	46298	46347	46396	46445	46494	46537	46574	46611	46648	46685	46722	46759	46796	46821	46842	46863	46884	46905	46926	46947	46968	46989	47010	47031	47052	47073	47094	47199	47298	47397	47437	47474	47511	47548	47585	47622	47659	47696	47737	47774	47811	47848	47885	47922	47959	47996	48049	48098	48147	48196	48245	48294	48324	48348	48372	48396	48420	48444	48468	48492	48516	48540	48564	48588	48627	48654	48681	48708	48735	48762	48789	48816	48843	48870	48897	48937	48974	49011	49048	49085	49122	49159	49196	49233	49266	49299	49332	49365	49398	49431	49464	49497	49537	49574	49611	49648	49685	49722	49759	49796	49827	49854	49881	49908	49935	49962	49989	50016	50043	50070	50097	50149	50198	50247	50296	50345	50394	50424	50448	50472	50496	50520	50544	50568	50592	50616	50640	50664	50688	50737	50774	50811	50848	50885	50922	50959	50996	51027	51054	51081	51108	51135	51162	51189	51216	51243	51270	51297	51324	51348	51372	51396	51420	51444	51468	51492	51516	51540	51564	51588	51637	51674	51711	51748	51785	51822	51859	51896	51933	51966	51999	52032	52065	52098	52131	52164	52197	52259	52318	52377	52436	52495	52517	52534	52551	52568	52585	52602	52619	52636	52653	52670	52687	52704	52721	52738	52755	52772	52789	52859	52918	52977	53036	53095	53137	53174	53211	53248	53285	53322	53359	53396	53459	53518	53577	53636	53695	53733	53766	53799	53832	53865	53898	53931	53964	53997	54027	54054	54081	54108	54135	54162	54189	54216	54243	54270	54297	54374	54448	54522	54596	54627	54654	54681	54708	54735	54762	54789	54816	54843	54870	54897	55049	55198	55237	55274	55311	55348	55385	55422	55459	55496	55574	55648	55722	55796	55827	55854	55881	55908	55935	55962	55989	56016	56043	56070	56097	56399	56499	56598	56697	56733	56766	56799	56832	56865	56898	56931	56964	56997	57049	57098	57147	57196	57245	57294	57359	57418	57477	57536	57595
ORIGIN
26	16	6	25	25	7	27	23	1	1	23	26	20	14	14	14	3	14	14	14	3	4	26	16	23	26	16	9	9	14	27	7	23	9	14	14	11	2	23	13	14	14	14	20	20	2	14	14	27	6	27	18	7	27	20	8	18	14	10	2	22	23	2	26	23	5	23	27	14	24	15	23	27	14	7	4	26	26	14	3	14	1	23	14	14	23	14	7	16	16	3	5	15	14	1	7	7	5	18	7	27	20	8	1	27	23	7	27	20	2	14	14	27	27	14	4	24	19	4	27	23	16	19	19	26	2	14	27	23	14	10	2	23	14	2	14	16	23	14	15	14	27	16	13	16	13	16	27	1	11	1	23	13	13	14	20	2	2	14	14	14	18	27	24	15	4	26	16	8	8	26	26	26	22	14	18	1	14	14	23	12	24	23	14	3	1	14	14	4	11	14	5	14	4	4	20	11	20	23	9	7	20	16	2	24	15	14	1	7	7	1	14	4	20	16	5	14	14	14	23	14	14	3	14	14	14	14	12	2	23	14	3	23	14	8	24	27	23	2	1	25	14	23	8	27	23	2	23	14	14	23	23	23	15	27	7	14	7	7	7	26	4	8	26	17	13	10	23	26	14	14	14	3	3	3	3	23	13	3	23	14	4	16	11	11	1	25	14	3	26	14	14	23	14	23	23	10	3	1	14	14	2	14	1	3	5	5	14	16	5	23	16	7	23	23	20	3	14	14	3	9	20	14	14	13	2	20	14	3	9	23	14	1	7	14	3	26	14	14	23	8	1	23	10	26	14	12	2	3	8	1	27	14	14	23	8	5	26	16	23	14	11	14	3	14	14	27	16	20	27	1	4	2	23	4	3	24	7	7	1	4	14	14	26	14	17	27	27	1	23	10	1	14	12	2	6	14	14	27	14	14	4	11	27	26	14	11	1	27	7	22	14	14	3	14	27	3	15	14	26	23	7	3	24	14	4	23	14	26	1	14	14	1	26	20	23	23	10	1	23	14	2	14	14	14	27	14	14	3	11	27	17	16	6	27	19	7	27	22	23	15	15	24	2	23	14	19	3	14	3	23	14	14	27	3	14	1	13	14	1	26	14	2	27	9	26	14	11	2	23	2	27	14	14	27	2	14	14	8	1	5	27	18	7	27	20	8	14	17	2	22	23	2	2	2	27	3	12	14	4	24	15	1	25	14	4	26	2	23	23	26	2	1	27	11	2	23	12	27	27	14	26	15	14	14	27	27	27	20	10	7	27	20	27	14	14	14	2	27	20	2	14	14	1	23	14	4	14	15	4	25	14	11	26	14	2	2	14	23	1	23	3	2	23	27	2	14	11	23	15	14	27	27	11	23	26	26	7	27	20	2	23	2	11	11	14	20	2	14	16	16	23	14	3	24	14	4	26	14	23	3	26	14	8	14	14	14	23	14	2	23	12	2	14	1	14	27	27	14	14	27	24	11	23	1	27	19	8	27	14	12	3	16	20	2	14	14	27	2	14	3	24	14	4	14	3	14	1	26	14	2	26	14	3	3	10	1	23	12	2	23	3	27	27	8	14	27	11	14	8	16	23	27	19	7	27	14	26	12	1	14	2	22	14	2	5	14	3	16	14	4	20	14	24	26	16	14	1	26	14	4	3	9	1	23	11	26	23	13	14	14	14	14	27	11	14	1	23	6	3	18	7	27	21	14	14	23	2	22	22	23	2	2	14	3	1	7	4	25	16	1	14	16	5	26	26	14	14	2	9	1	14	14	2	23	13	27	26	14	27	27	20	3	1	7	5	27	18	7	27	20	8	23	17	10	1	27	23	2	7	8
DESTINATION
3	14	17	14	14	23	2	26	23	14	27	14	7	4	25	16	26	25	9	9	26	14	3	14	1	3	16	14	14	2	23	13	27	14	5	5	15	14	1	7	5	5	26	7	7	27	20	8	23	17	2	27	20	2	14	14	27	16	14	14	19	7	27	23	1	14	3	23	26	2	14	27	23	26	20	23	14	3	4	26	16	14	27	9	9	27	16	13	16	16	14	14	11	2	23	13	13	14	27	20	2	14	14	14	18	27	20	18	7	27	20	8	18	2	26	14	2	22	14	18	1	14	22	22	14	24	15	23	27	1	14	14	4	26	14	5	14	4	26	11	1	23	14	7	16	7	16	2	24	15	14	1	7	7	5	7	27	27	20	8	1	27	23	2	14	14	3	14	14	14	14	14	14	19	4	27	23	16	16	27	11	2	1	25	14	23	10	10	23	12	2	14	16	23	23	14	15	7	27	14	13	7	16	27	1	11	1	23	13	13	23	26	14	14	14	14	3	3	3	27	4	4	26	16	8	8	26	11	14	1	25	14	3	26	14	2	23	27	24	23	14	3	1	14	2	27	14	1	3	5	1	1	4	11	23	20	9	20	20	20	3	14	14	3	9	7	14	1	14	20	16	5	14	14	14	14	1	7	14	3	26	14	14	12	12	23	14	3	23	14	8	8	26	8	1	27	14	14	23	8	8	27	2	23	14	14	14	16	14	14	27	16	20	27	1	7	26	4	8	26	17	7	10	4	7	14	14	26	14	17	27	3	23	13	3	23	14	4	16	27	14	14	27	14	14	4	11	27	14	14	23	23	10	3	1	14	14	3	14	27	3	15	5	26	16	16	23	16	7	23	23	14	14	1	14	14	1	20	20	23	14	2	20	14	3	9	23	23	14	27	14	14	3	11	27	17	8	1	23	10	26	14	12	2	3	15	12	24	2	23	19	15	5	26	16	23	14	11	16	3	1	13	14	1	26	14	27	2	3	23	4	3	24	14	7	1	27	14	14	27	2	14	8	1	1	23	10	1	14	12	2	6	14	17	2	22	23	2	2	27	14	14	1	27	7	26	22	26	25	14	4	26	2	23	26	2	23	7	3	24	14	4	14	23	14	14	26	15	14	27	27	23	10	1	23	14	2	2	14	14	14	2	27	20	2	14	14	16	6	27	19	7	27	27	22	23	14	11	26	14	2	14	23	14	3	23	14	14	27	27	3	14	14	23	15	14	27	11	23	23	26	14	11	2	2	23	2	2	11	14	20	2	14	2	16	1	5	27	18	7	27	20	8	23	3	26	14	8	14	14	14	3	12	14	4	24	24	15	1	14	27	14	14	27	23	24	1	12	27	11	2	23	23	12	27	3	14	20	2	14	14	27	27	20	20	10	7	27	20	14	14	1	26	14	2	26	14	3	3	1	23	14	4	14	15	25	25	27	8	14	27	11	14	8	23	1	23	23	3	2	23	2	12	1	14	2	22	14	2	5	11	26	16	7	27	26	20	23	24	26	14	1	26	14	4	26	16	23	14	3	24	14	4	26	14	14	14	27	11	14	1	26	23	23	14	2	23	12	2	14	14	27	2	22	23	2	2	3	11	23	1	27	19	8	27	14	25	14	16	26	14	14	2	2	14	16	3	24	14	4	14	26	14	14	27	20	3	1	7	3	10	26	1	23	12	2	23	27	17	26	27	23	2	7	8	16	27	27	19	19	7	27	14	25	14	23	20	14	14	14	23	5	14	23	14	14	4	20	14	14	14	9	9	14	27	7	23	3	26	23	23	11	26	23	13	14	2	27	20	2	14	14	27	6	14	14	18	7	27	21	14
DUE_DATE
0	30427	29996	31245	30574	30143	30192	30727	30296	30825	30394	30443	30492	30527	31036	30585	31814	31123	30672	31181	30190	30759	30788	30300	30882	30924	30426	32208	31050	31572	30587	31156	31185	31694	31243	31752	30761	31810	31359	31388	31427	31456	30945	31994	32023	31572	31061	31630	31659	31688	32919	32220	31221	31782	32283	31824	31305	33066	31887	32388	31929	33150	33171	33192	32527	33296	33345	32674	33443	32292	32325	32832	32379	32406	32913	32460	31947	33714	33021	33768	33075	32082	33846	33150	33894	32718	32742	33246	32790	32814	33318	32862	34086	33415	33452	34209	32506	32543	33600	34357	33194	33257	33316	32835	33914	33493	34717	34016	34755	34774	34073	34092	34831	33650	33669	34168	33707	33186	33745	33764	34263	33857	35116	35175	34514	35293	35325	34632	35379	35406	34233	34740	34287	33774	34341	34368	33855	34911	35664	35697	35010	35043	35796	35109	35862	35175	34714	35210	34746	34762	34778	34794	34270	35306	36042	34318	35354	35370	36106	36122	36138	35434	34970	34446	36231	35064	34557	35610	35163	34656	36429	35742	35775	35820	36582	36624	36666	35988	35550	35052	36831	35664	35697	36210	35763	35796	37029	36342	36375	35925	37152	37179	36486	37233	36060	37287	36594	36141	36648	36195	36715	35732	37509	36346	36863	37620	36937	36974	37731	36564	36597	36090	37143	36696	37209	36762	36255	37301	36844	38067	38090	38113	38136	37439	37462	38205	37508	36511	37554	37097	36581	37144	37167	37670	37213	37236	38459	38482	38505	38528	37831	38574	37877	37425	37932	37479	37506	37533	37020	38067	38814	37101	38868	38895	38197	38936	38235	38974	38273	37812	38311	37850	37869	37888	37367	38406	37945	39164	37443	39247	39296	38625	39394	38723	38772	38357	39616	38955	38534	39073	38647	38156	39225	39994	38303	40092	40125	39432	40179	39486	40233	39540	39087	40314	39141	39168	39675	39221	39724	39267	40490	39793	40536	39839	40582	39885	38888	39451	38934	40697	39517	39536	40035	39574	40073	40812	39631	40850	40149	40888	40907	39726	40225	39764	39243	39840	39342	40404	39966	39468	41250	41292	40607	40636	41385	40694	41443	41472	40301	41530	40839	40868	40447	40496	40545	40054	41123	41172	40731	41964	41277	42030	42063	42096	40389	42162	41475	41515	41072	41109	41146	41663	41700	41257	41294	42540	42582	41904	42666	41988	42750	42072	41640	41682	41724	41766	41268	42330	42372	41947	43196	43245	43294	43343	42672	42711	41724	43497	42810	42843	42396	41889	42942	42495	42521	43744	43767	43790	43813	43836	43139	43882	42165	42728	43231	42774	43997	42847	43376	42945	42994	44243	44292	43677	43776	44595	43920	44682	43524	44046	43608	43110	43692	43797	44376	43995	43481	45244	44547	45290	44593	45336	45359	44182	44205	44708	44251	44274	43757	44815	44372	43869	43906	45683	45720	45757	45074	45127	45896	45945	45274	44843	46092	44997	45096	45195	45257	45796	45375	45914	45493	46037	46816	46875	46934	46273	47097	45456	47295	46611	46164	46197	46230	45723	46776	46329	47562	47595	46915	47672	47709	47026	46583	47820	47137	47174	46735	46772	46809	46846	47363	48120	48157	47474	47537	48316	47655	47234	46753	48547	46856	47925	47494	47543	47592	48115	47672	48909	48946	48983	48300	49057	49094	49119	49140	47961	48462	47463	48024	47505	48546	48087	47568	49329	49350	48651	49392	48777	49596	48495	49015	49052	48609	48646	48683	49200	48757	48794	50035	49352	50109	49426	50183	49500	48517	49094	49627	49196	49245	49294	49823	49392	48882	48906	50670	50694	49998	50742	50046	50790	50814	50118	49662	50886	49725	49752	49239	49806	49293	49860	49347	51114	50421	51168	51195	51235	50552	50109	51346	50663	50700	50257	50294	50331	50844	50397	51630	50943	51696	51009	51762	51795	50635	51872	51189	50746	51263	50820	50857	50894	51405	51432	52179	51006	52233	51540	51567	52314	51621	50628	52395	51727	50756	51825	51394	51443	51492	51522	52026	52770	52794	52818	52122	52866	52890	51714	52218	51762	51246	51835	51332	52389	51946	51443	53220	53257	52574	53325	52632	53379	52686	52713	52260	52287	52314	52341	52848	52395	51882	53646	53670	52974	52518	53742	53766	53070	53814	53118	52662	52146	52735	52772	53289	52846	52343	54120	54157	53474	53511	54264	53577	53610	54363	53196	53709	53262	53295	53357	53416	52935	54014	54073	54815	53632	54849	54866	54163	54900	54917	53194	54951	54248	54265	53802	53819	53836	53313	53870	55087	53957	54496	55275	54614	55393	55435	55472	54789	54346	54863	54900	54457	54494	54557	55816	54675	54194	55273	56031	55344	56097	55410	56163	55476	55029	55542	55095	54585	55152	55179	56406	55713	55260	55767	56514	56541	56568	55875	55952	55546	56820	55154	55725	56232	55779	55266	57033	56340	55887	56394	57141	57168	57195	56627	57496	56335	57572	57609	57646	56963	57720	57037	57794	57152	56746	57300	57374	58125	57432	58179	58206	57033	56520	58287	57594	58341	58368	58395	58697	58797	58176	58275	59031	58344	59097	59130	59163	57996	58509	58542	59295	58627	59396	58725	59494	58343	57852	59657	59716	59055	59834	59173
TRANSPORT_MODE
0	2	1	1	2	0	0	0	0	1	1	2	0	0	0	0	1	1	1	2	0	0	0	0	0	1	1	2	0	0	0	0	0	1	1	2	0	0	0	0	0	1	1	2	0	0	0	0	0	1	1	1	0	0	0	0	0	3	1	1	2	0	0	0	0	0	1	1	3	0	0	0	0	1	1	1	2	0	0	0	0	0	1	1	3	0	0	0	0	1	1	2	0	0	0	0	0	1	1	3	0	0	0	0	0	1	1	1	0	0	0	0	0	0	2	1	1	0	0	0	0	0	3	1	1	0	0	0	0	0	2	1	1	1	0	0	0	0	3	1	1	0	0	0	0	0	2	1	1	0	0	0	0	0	3	1	1	0	0	0	0	0	2	1	1	0	0	0	0	0	3	1	1	0	0	0	0	0	1	2	1	0	0	0	0	0	3	1	1	1	0	0	0	0	2	1	1	0	0	0	0	0	3	1	1	0	0	0	0	0	2	1	1	0	0	0	0	0	1	3	1	0	0	0	0	0	1	2	1	0	0	0	0	0	0	1	3	1	0	0	0	0	1	2	1	1	0	0	0	0	0	1	3	1	0	0	0	0	1	2	1	0	0	0	0	0	1	3	1	0	0	0	0	0	1	2	1	0	0	0	0	0	1	3	1	0	0	0	0	0	0	1	1	2	0	0	0	0	1	1	3	1	0	0	0	0	0	1	2	1	0	0	0	0	1	3	1	0	0	0	0	0	1	2	1	0	0	0	0	0	1	3	1	0	0	0	0	0	1	1	2	0	0	0	0	0	0	1	1	3	0	0	0	0	1	1	2	1	0	0	0	0	0	1	1	3	0	0	0	0	1	1	1	0	0	0	0	0	1	1	3	0	0	0	0	0	1	1	2	0	0	0	0	0	1	1	3	0	0	0	0	0	1	1	1	0	0	0	0	0	2	1	3	1	0	0	0	0	1	1	2	0	0	0	0	0	1	1	1	0	0	0	0	0	1	1	2	0	0	0	0	0	1	1	3	0	0	0	0	0	1	1	2	0	0	0	0	0	1	1	1	0	0	0	0	0	3	1	2	1	0	0	0	0	1	1	3	0	0	0	0	0	1	1	1	0	0	0	0	1	1	3	0	0	0	0	0	1	1	2	0	0	0	0	0	1	1	3	0	0	0	0	0	0	1	1	2	0	0	0	0	1	1	3	1	0	0	0	0	0	1	1	2	0	0	0	0	1	1	1	0	0	0	0	0	1	1	2	0	0	0	0	0	1	1	3	0	0	0	0	0	1	1	2	0	0	0	0	0	1	1	3	0	0	0	0	1	1	2	1	0	0	0	0	0	1	3	1	0	0	0	0	1	2	1	1	0	0	0	0	0	1	3	1	0	0	0	0	0	1	2	1	0	0	0	0	0	1	1	3	0	0	0	0	0	1	1	2	0	0	0	0	0	1	3	1	1	0	0	0	0	1	2	1	0	0	0	0	0	1	3	1	1	0	0	0	0	1	2	1	0	0	0	0	0	1	3	1	0	0	0	0	0	1	2	1	0	0	0	0	0	1	3	1	0	0	0	0	0	1	2	1	1	0	0	0	0	1	3	1	0	0	0	0	0	2	1	1	1	0	0	0	0	3	1	1	0	0	0	0	0	2	1	1	0	0	0	0	0	3	1	1	0	0	0	0	0	1	2	1	0	0	0	0	0	3	1	1	1	0	0	0	0	3	1	1	0	0	0	0	0	3	1	1	1	0	0	0	0	3	1	1	0	0	0	0	0	3	1	1	0	0	0	0	0	3	1	1	0	0	0	0	0	3	1	1	0	0	0	0	0
PATIENT_WEIGHT
83	99	56	110	140	73	100	136	42	113	52	85	120	141	144	93	67	99	140	87	123	65	30	143	94	100	120	120	71	62	74	84	144	149	114	37	83	39	44	52	63	64	61	67	79	123	92	56	45	30	121	145	78	108	45	62	101	142	103	106	100	125	68	134	48	99	79	63	131	60	35	127	32	95	134	72	77	30	62	57	117	39	37	122	79	31	55	136	91	90	82	113	116	142	88	54	121	61	116	46	96	136	65	69	79	121	134	46	32	99	40	81	144	30	115	121	142	106	83	64	34	59	123	91	42	79	52	145	147	149	75	31	133	63	93	87	146	87	34	65	94	60	119	46	130	111	133	60	40	36	147	33	75	93	115	126	31	136	148	48	35	121	94	135	112	56	31	148	65	113	87	49	147	146	40	133	137	98	51	120	73	69	79	122	73	135	128	31	115	87	31	138	37	140	97	48	34	72	121	77	64	93	63	145	97	139	47	92	47	131	80	70	72	125	56	146	39	78	140	69	68	90	146	120	51	149	79	137	52	38	38	89	42	95	136	143	113	36	140	75	60	42	58	32	69	108	94	120	116	38	80	127	144	137	131	41	102	62	88	70	85	134	49	130	78	68	55	30	71	71	87	124	110	86	55	49	147	65	112	83	84	86	31	34	145	99	56	138	114	119	50	128	61	132	82	134	106	90	117	140	98	63	120	140	34	58	67	131	79	119	77	91	120	79	96	136	32	92	49	116	90	147	63	60	33	143	39	105	69	126	101	132	127	64	49	55	59	150	145	119	50	84	48	32	143	61	48	119	142	141	114	33	31	104	39	74	126	59	71	148	97	124	132	58	56	102	35	150	133	38	56	59	39	121	58	45	112	32	103	68	95	112	53	54	145	61	121	60	67	130	96	32	127	128	40	93	82	85	140	59	126	76	146	31	34	86	142	54	63	93	36	91	130	46	43	32	129	54	98	137	82	139	50	116	130	45	80	82	35	119	63	81	128	42	60	130	59	66	106	45	73	64	134	85	112	77	86	99	138	93	84	32	133	65	140	49	84	55	68	81	141	139	101	129	40	120	104	131	93	116	129	116	43	76	52	98	87	72	55	105	33	67	86	109	100	47	89	75	137	109	67	109	85	138	82	33	139	120	84	135	32	118	87	108	71	85	54	84	102	33	97	77	54	150	53	92	119	128	54	73	66	121	98	131	144	43	129	116	127	47	122	106	147	145	47	69	35	94	59	116	135	46	122	113	56	51	63	82	85	131	64	86	124	33	49	92	111	120	88	134	80	89	58	99	116	37	140	65	46	98	62	73	84	55	74	113	87	117	109	145	80	60	125	147	82	60	94	77	95	116	83	40	35	116	73	93	74	130	112	83	139	129	41	105	85	101	50	94	50	145	39	40	48	104	110	83	50	103	148	50	122	31	54	68	43	118	46	114	61	89	107	84	98	41	39	81	48	119	117	126	73	102	94	77	84	128	106	149	64	36	113	36	32	55	86	146	146	144	85	44	109	47	72	79	88	67	150	120	96	67	147	70	97	54	138	38	102	150	99	150	141	114	138	133	81	44	95	86	91	117	94	108	94	135	67	65	54	125	82	144	150	83	122	45	33	72	88	77	148	50	139	36	145	88	68	108	105	71	114	138	82	73	129	100	110	53	83	69	79	39	103	62	145	36	75	133	110	139	121	91	141	141	146	54	122	59	69	98	137	78	69	103	104	97	32	77	79	102	116	71	136	35	103	58	94	142	76	140	104	93	68	132	36	129	147	72	83	79	63	120	42	77	121	59	37	150	59	95	95	91	121	38	109	65	85	83	110	93	55	116	59
DISTANCE_MATRIX
0	360	318	300	288	276	264	264	150	150	150	60	90	90	162	168	204	228	234	312	360	408	348	318	168	192	168	318
360	60	264	318	324	342	342	342	348	348	354	360	372	378	378	420	420	480	462	498	462	462	384	420	372	420	378	378
318	264	60	270	276	288	288	288	294	294	294	318	318	324	324	414	414	468	462	486	462	462	330	366	366	408	372	324
300	318	270	60	276	288	288	288	288	288	288	300	300	312	318	408	408	468	462	486	438	438	318	360	360	402	360	312
288	324	276	276	60	276	276	276	276	276	276	288	288	300	300	402	396	462	456	480	432	432	300	360	360	402	348	300
276	342	288	288	276	60	180	180	252	258	264	264	264	288	288	390	390	456	450	480	432	432	288	348	348	348	288	288
264	342	288	288	276	180	60	180	246	258	264	264	264	288	288	390	390	456	450	480	432	432	288	348	348	348	288	288
264	342	288	288	276	180	180	60	240	258	264	264	264	288	288	390	390	456	450	480	432	432	288	348	348	348	288	288
150	348	294	288	276	252	246	240	60	120	120	150	126	270	270	378	384	420	438	480	420	408	276	300	300	300	276	270
150	348	294	288	276	258	258	258	120	60	120	150	150	270	270	378	384	420	438	480	420	408	276	300	300	300	276	270
150	354	294	288	276	264	264	264	120	120	60	150	150	270	270	378	384	420	438	480	420	408	276	300	300	300	276	270
60	360	318	300	288	264	264	264	150	150	150	60	90	162	168	228	234	312	360	408	348	318	168	192	192	198	168	162
90	372	318	300	288	264	264	264	150	150	150	90	60	162	168	228	234	312	360	408	348	318	168	192	192	198	168	162
90	378	324	312	300	288	288	288	270	270	270	162	162	60	120	180	180	306	210	360	300	300	120	180	120	180	120	234
162	378	324	318	300	288	288	288	270	270	270	168	168	120	60	180	180	306	210	360	300	300	120	180	120	180	120	120
168	420	414	408	402	348	348	348	300	300	300	228	228	180	180	60	132	204	132	348	258	258	186	60	180	132	222	180
204	420	414	408	396	390	390	390	384	384	384	234	234	180	180	132	60	204	132	348	258	258	186	60	180	132	222	180
228	480	468	468	462	456	456	456	420	420	420	312	312	306	306	204	204	60	198	120	240	240	306	204	306	138	306	306
234	462	462	462	456	450	450	450	438	438	438	360	360	210	210	132	132	198	60	138	132	132	210	132	210	132	210	210
312	498	486	486	480	480	480	480	480	480	480	408	408	360	360	348	348	120	138	60	348	348	360	348	360	348	360	360
360	462	462	438	432	432	432	432	420	420	420	348	348	300	300	258	258	240	132	348	60	60	300	258	300	258	300	300
408	462	462	438	432	432	432	432	408	408	408	318	318	300	300	258	258	240	132	348	60	60	300	258	300	258	300	300
348	384	330	318	300	288	288	288	276	276	276	168	168	120	120	186	186	306	210	360	300	300	60	186	120	186	120	120
318	420	366	360	360	348	348	348	300	300	300	192	192	180	180	60	60	204	132	348	258	258	186	60	180	60	180	180
168	372	300	306	300	288	288	288	270	270	270	168	168	120	120	180	180	306	210	360	300	300	120	180	60	180	120	120
192	420	408	402	402	348	348	348	300	300	300	198	198	180	180	132	132	138	132	348	258	258	186	60	180	60	180	180
168	378	372	360	348	288	288	288	276	276	276	168	168	120	120	222	222	306	210	360	300	300	120	180	120	180	60	120
318	378	324	312	300	288	288	288	270	270	270	162	162	234	120	180	180	306	210	360	300	300	120	180	120	180	120	60
DEPOTS_DISTANCE
234	462	462	462	456	450	450	450	438	438	438	360	360	210	210	132	132	198	60	138	132	132	210	132	210	132	210	210	
348	384	330	318	300	288	288	288	276	276	276	168	168	120	120	186	186	306	210	360	300	300	60	186	120	186	120	120	
318	420	366	360	360	348	348	348	300	300	300	192	192	180	180	60	60	204	132	348	258	258	186	60	180	60	180	180	
LOCATION_TURN_MATRIX
100	130	122	113	112	199	136	122	129	152	173	146	151	136	158	140	176	113	122	167	194	134	110	172	114	184	100	147	
170	100	154	188	164	169	136	136	152	170	104	183	155	115	101	104	155	187	174	115	149	134	178	168	114	135	168	102	
178	146	100	161	178	114	104	165	117	139	126	169	192	109	120	179	160	152	154	134	113	140	154	179	196	196	192	181	
187	112	139	100	158	114	195	181	104	132	195	106	183	169	132	170	140	136	172	148	116	110	123	136	151	120	176	169	
188	136	122	142	100	175	164	159	112	100	167	164	135	191	132	181	104	123	142	156	108	117	193	182	116	147	156	185	
101	131	186	186	125	100	190	147	164	150	137	102	145	176	185	131	113	108	117	186	118	151	140	178	154	189	172	110	
164	164	196	105	136	110	100	186	153	151	183	193	111	157	144	123	188	142	110	163	105	190	166	187	170	171	186	126	
178	164	135	119	141	153	114	100	106	130	108	103	151	178	122	151	130	133	184	177	110	141	166	110	122	174	191	197	
171	148	183	196	188	136	147	194	100	167	100	146	168	129	128	142	172	118	174	147	105	158	156	160	120	106	119	136	
148	130	161	168	200	150	149	170	133	100	177	106	175	116	188	180	176	194	108	146	130	187	183	173	128	141	169	176	
127	196	174	105	133	163	117	192	200	123	100	171	175	140	183	115	104	186	128	153	151	175	100	146	191	117	132	197	
154	117	131	194	136	198	107	197	154	194	129	100	136	184	140	147	172	184	148	131	103	156	185	200	152	158	154	143	
149	145	108	117	165	155	189	149	132	125	125	164	100	140	199	142	101	144	163	185	117	191	200	143	113	165	102	154	
164	185	191	131	109	124	143	122	171	184	160	116	160	100	109	116	196	113	131	186	166	139	183	175	144	161	105	170	
142	199	180	168	168	115	156	178	172	112	117	160	101	191	100	147	177	177	199	158	172	188	164	175	180	168	154	195	
160	196	121	130	119	169	177	149	158	120	185	153	158	184	153	100	152	159	197	157	181	159	102	123	168	200	124	186	
124	145	140	160	196	187	112	170	128	124	196	128	199	104	123	148	100	149	114	112	117	135	105	132	138	180	198	156	
187	113	148	164	177	192	158	167	182	106	114	116	156	187	123	141	151	100	166	132	168	163	159	123	129	173	161	116	
178	126	146	128	158	183	190	116	126	192	172	152	137	169	101	103	186	134	100	184	199	137	130	160	148	113	140	150	
133	185	166	152	144	114	137	123	153	154	147	169	115	114	142	143	188	168	116	100	111	195	128	157	191	164	141	171	
106	151	187	184	192	182	195	190	195	170	149	197	183	134	128	119	183	132	101	189	100	129	151	163	147	166	104	177	
166	166	160	190	183	149	110	159	142	113	125	144	109	161	112	141	165	137	163	105	171	100	101	185	169	129	103	197	
190	122	146	177	107	160	134	134	144	117	200	115	100	117	136	198	195	141	170	172	149	199	100	106	150	116	118	145	
128	132	121	164	118	122	113	190	140	127	154	100	157	125	125	177	168	177	140	143	137	115	194	100	128	167	115	155	
186	186	104	149	184	146	130	178	180	172	109	148	187	156	120	132	162	171	152	109	153	131	150	172	100	155	124	184	
116	165	104	180	153	111	129	126	194	159	183	142	135	139	132	100	120	127	187	136	134	171	184	133	145	100	129	192	
200	132	108	124	144	128	114	109	181	131	168	146	198	195	146	176	102	139	160	159	196	197	182	185	176	171	100	146	
153	198	119	131	115	190	174	103	164	124	103	157	146	130	105	114	144	184	150	129	123	103	155	145	116	108	154	100	
DEPOTS_TO_LOCAL_TURN_MATRIX
178	126	146	128	158	183	190	116	126	192	172	152	137	169	101	103	186	134	100	184	199	137	130	160	148	113	140	150	
190	122	146	177	107	160	134	134	144	117	200	115	100	117	136	198	195	141	170	172	149	199	100	106	150	116	118	145	
128	132	121	164	118	122	113	190	140	127	154	100	157	125	125	177	168	177	140	143	137	115	194	100	128	167	115	155	
LOCAL_TO_DEPOT_TURN_MATRIX
122	174	154	172	142	117	110	184	174	108	128	148	163	131	199	197	114	166	100	116	101	163	170	140	152	187	160	150	
110	178	154	123	193	140	166	166	156	183	100	185	200	183	164	102	105	159	130	128	151	101	100	194	150	184	182	155	
172	168	179	136	182	178	187	110	160	173	146	200	143	175	175	123	132	123	160	157	163	185	106	100	172	133	185	145	

