INDEX_PROBLEM
1
PATIENTS
800
STRETCHERS
16
NUM_ROOM
28
NUM_DEPOT
3
NUM_PRIORITY
4
PRIORITY_LIST
0	1	2	3	4
PRIORITY_WEIGHT
0	1	10	18	30
PRIORITY_JOB
0	2	3	3	3	4	4	4	4	2	3	4	3	4	4	3	2	4	2	4	3	4	4	3	4	3	4	2	4	4	4	4	3	4	1	3	4	4	4	3	4	4	4	2	4	3	4	3	4	3	4	3	4	3	4	4	4	1	4	2	1	2	1	2	1	3	4	2	1	3	4	4	4	4	2	3	2	1	2	2	1	4	2	4	1	4	3	4	4	4	1	3	2	3	1	2	1	3	4	2	1	4	3	4	4	3	4	3	2	3	1	2	1	3	4	2	3	4	4	4	3	4	1	4	2	4	2	1	2	3	2	3	1	4	4	3	4	4	4	2	4	4	1	2	1	2	1	3	1	3	4	3	4	4	4	2	3	2	1	2	1	2	4	3	4	3	4	4	4	4	1	2	3	3	1	2	1	2	4	2	4	3	4	4	4	3	1	2	3	1	2	3	1	2	4	4	2	1	4	4	3	4	4	1	3	1	2	2	1	2	3	4	4	1	4	4	3	4	2	3	3	1	2	3	1	2	3	4	2	3	4	4	3	4	1	4	2	1	2	1	2	3	4	2	3	4	4	4	3	4	4	1	2	4	1	2	1	2	4	1	3	3	4	3	4	4	3	1	4	2	3	1	2	1	3	4	3	4	3	4	4	4	2	4	1	2	3	1	2	1	2	3	4	2	3	4	4	4	4	1	2	1	2	1	2	3	3	4	2	4	4	4	3	4	3	1	4	1	1	2	3	1	1	3	4	2	3	4	4	3	3	1	4	2	2	1	2	3	4	3	4	2	3	4	4	3	4	3	1	4	1	2	1	2	2	4	2	4	4	3	4	1	3	1	4	2	2	3	1	2	4	4	1	3	3	4	3	4	4	4	1	4	1	2	1	2	2	3	3	3	4	3	4	4	3	1	4	1	1	2	1	2	2	3	3	4	4	4	1	4	2	4	1	2	3	1	2	3	2	3	4	2	4	4	4	4	4	1	4	1	2	3	1	2	1	1	3	4	3	4	4	3	2	1	3	2	1	2	2	1	3	4	1	3	4	3	4	4	4	2	1	1	2	1	2	1	3	4	2	3	4	4	4	3	4	2	1	3	2	3	1	1	4	2	4	4	4	4	4	3	1	3	4	2	1	2	3	4	4	2	3	4	3	4	3	4	1	3	1	1	2	1	2	1	4	2	3	4	3	4	4	4	4	2	1	2	1	2	3	1	4	2	3	4	3	4	4	4	2	1	4	2	1	1	2	1	1	3	4	3	4	4	3	4	1	2	2	3	1	2	1	2	3	1	3	4	3	4	4	4	2	1	1	2	1	2	3	3	4	2	4	3	4	4	3	4	2	1	3	1	2	1	1	4	2	4	4	4	4	4	3	4	1	3	2	1	2	3	4	4	2	3	4	3	4	3	4	4	1	1	1	2	1	2	1	3	2	3	4	3	4	4	4	1	2	2	1	2	3	4	4	2	3	4	3	4	4	4	2	1	4	1	2	1	1	2	1	3	4	4	3	4	4	3	1	1	2	4	2	3	1	2	1	1	3	4	4	3	4	4	3	2	1	3	2	1	2	1	2	4	2	4	4	4	4	3	2	1	3	4	1	2	3	1	2	4	1	4	4	4	4	3	4	1	3	4	4	1	2	1	2	2	4	1	4	3	4	3	4	3	1	4	1	2	1	2	3	2	3	4	4	3	4	4	4	1	3	4	1	2	1	2	1	2	3	1	1	2	3	1	4	2	4	2	1	2	2	1	2	1	1	3	1	1	2	1	2	4	2	4	1	2	3	1	2	1	4	1	1	2	2	1	2	1	3	4	3	1	1	2	2
TIME_ASKED
0	28849	28898	28947	28996	29045	29094	29149	29198	29247	29296	29345	29394	29429	29458	29487	29516	29545	29574	29603	29632	29661	29690	29742	29784	29826	29868	29910	29952	29994	30029	30058	30087	30116	30145	30174	30203	30232	30261	30290	30329	30358	30387	30416	30445	30474	30503	30532	30561	30590	30621	30642	30663	30684	30705	30726	30747	30768	30789	30810	30831	30852	30873	30894	30949	30998	31047	31096	31145	31194	31227	31254	31281	31308	31335	31362	31389	31416	31443	31470	31497	31524	31548	31572	31596	31620	31644	31668	31692	31716	31740	31764	31788	31837	31874	31911	31948	31985	32022	32059	32096	32159	32218	32277	32336	32395	32419	32438	32457	32476	32495	32514	32533	32552	32571	32590	32609	32628	32647	32666	32685	32759	32818	32877	32936	32995	33027	33054	33081	33108	33135	33162	33189	33216	33243	33270	33297	33333	33366	33399	33432	33465	33498	33531	33564	33597	33616	33632	33648	33664	33680	33696	33712	33728	33744	33760	33776	33792	33808	33824	33840	33856	33872	33888	33933	33966	33999	34032	34065	34098	34131	34164	34197	34242	34284	34326	34368	34410	34452	34494	34533	34566	34599	34632	34665	34698	34731	34764	34797	34827	34854	34881	34908	34935	34962	34989	35016	35043	35070	35097	35137	35174	35211	35248	35285	35322	35359	35396	35433	35466	35499	35532	35565	35598	35631	35664	35697	35723	35746	35769	35792	35815	35838	35861	35884	35907	35930	35953	35976	35999	36023	36046	36069	36092	36115	36138	36161	36184	36207	36230	36253	36276	36299	36327	36354	36381	36408	36435	36462	36489	36516	36543	36570	36597	36619	36638	36657	36676	36695	36714	36733	36752	36771	36790	36809	36828	36847	36866	36885	36949	36998	37047	37096	37145	37194	37259	37318	37377	37436	37495	37549	37598	37647	37696	37745	37794	37827	37854	37881	37908	37935	37962	37989	38016	38043	38070	38097	38123	38146	38169	38192	38215	38238	38261	38284	38307	38330	38353	38376	38399	38419	38438	38457	38476	38495	38514	38533	38552	38571	38590	38609	38628	38647	38666	38685	38742	38784	38826	38868	38910	38952	38994	39029	39058	39087	39116	39145	39174	39203	39232	39261	39290	39349	39398	39447	39496	39545	39594	39633	39666	39699	39732	39765	39798	39831	39864	39897	39937	39974	40011	40048	40085	40122	40159	40196	40242	40284	40326	40368	40410	40452	40494	40542	40584	40626	40668	40710	40752	40794	40849	40898	40947	40996	41045	41094	41133	41166	41199	41232	41265	41298	41331	41364	41397	41423	41446	41469	41492	41515	41538	41561	41584	41607	41630	41653	41676	41699	41749	41798	41847	41896	41945	41994	42099	42198	42297	42342	42384	42426	42468	42510	42552	42594	42699	42798	42897	42923	42946	42969	42992	43015	43038	43061	43084	43107	43130	43153	43176	43199	43237	43274	43311	43348	43385	43422	43459	43496	43549	43598	43647	43696	43745	43794	43899	43998	44097	44159	44218	44277	44336	44395	44459	44518	44577	44636	44695	44799	44898	44997	45033	45066	45099	45132	45165	45198	45231	45264	45297	45337	45374	45411	45448	45485	45522	45559	45596	45637	45674	45711	45748	45785	45822	45859	45896	45959	46018	46077	46136	46195	46249	46298	46347	46396	46445	46494	46537	46574	46611	46648	46685	46722	46759	46796	46821	46842	46863	46884	46905	46926	46947	46968	46989	47010	47031	47052	47073	47094	47199	47298	47397	47437	47474	47511	47548	47585	47622	47659	47696	47737	47774	47811	47848	47885	47922	47959	47996	48049	48098	48147	48196	48245	48294	48324	48348	48372	48396	48420	48444	48468	48492	48516	48540	48564	48588	48627	48654	48681	48708	48735	48762	48789	48816	48843	48870	48897	48937	48974	49011	49048	49085	49122	49159	49196	49233	49266	49299	49332	49365	49398	49431	49464	49497	49537	49574	49611	49648	49685	49722	49759	49796	49827	49854	49881	49908	49935	49962	49989	50016	50043	50070	50097	50149	50198	50247	50296	50345	50394	50424	50448	50472	50496	50520	50544	50568	50592	50616	50640	50664	50688	50737	50774	50811	50848	50885	50922	50959	50996	51027	51054	51081	51108	51135	51162	51189	51216	51243	51270	51297	51324	51348	51372	51396	51420	51444	51468	51492	51516	51540	51564	51588	51637	51674	51711	51748	51785	51822	51859	51896	51933	51966	51999	52032	52065	52098	52131	52164	52197	52259	52318	52377	52436	52495	52517	52534	52551	52568	52585	52602	52619	52636	52653	52670	52687	52704	52721	52738	52755	52772	52789	52859	52918	52977	53036	53095	53137	53174	53211	53248	53285	53322	53359	53396	53459	53518	53577	53636	53695	53733	53766	53799	53832	53865	53898	53931	53964	53997	54027	54054	54081	54108	54135	54162	54189	54216	54243	54270	54297	54374	54448	54522	54596	54627	54654	54681	54708	54735	54762	54789	54816	54843	54870	54897	55049	55198	55237	55274	55311	55348	55385	55422	55459	55496	55574	55648	55722	55796	55827	55854	55881	55908	55935	55962	55989	56016	56043	56070	56097	56399	56499	56598	56697	56733	56766	56799	56832	56865	56898	56931	56964	56997	57049	57098	57147	57196	57245	57294	57359	57418	57477	57536	57595
ORIGIN
26	16	6	25	25	7	27	23	27	25	23	26	14	14	14	14	3	14	14	14	3	4	26	16	14	14	16	9	14	27	7	8	13	9	14	14	11	2	23	26	26	2	14	20	20	2	14	14	27	6	27	18	7	27	20	8	5	14	10	2	14	23	2	26	7	14	23	14	14	24	15	23	14	14	7	9	9	26	14	3	14	14	23	14	16	23	14	9	16	14	7	5	15	14	1	3	3	20	18	26	7	20	8	1	26	7	17	27	20	2	14	14	14	14	14	4	24	19	4	27	23	14	26	19	26	26	2	14	27	26	10	2	14	14	2	14	16	20	27	4	9	9	27	16	14	16	16	27	14	11	1	13	26	13	14	14	2	14	14	14	14	26	27	24	15	4	8	16	8	14	26	26	2	22	14	18	1	9	14	23	12	24	24	14	1	14	14	14	4	26	14	5	14	7	1	20	11	14	23	9	7	7	16	2	24	15	14	7	3	7	2	14	4	27	16	5	14	8	27	2	14	14	14	14	14	26	23	25	2	23	14	3	26	14	16	16	11	2	2	25	23	26	14	8	27	14	2	23	26	14	23	14	15	9	27	14	13	13	13	7	26	4	8	26	13	23	23	26	2	14	14	14	3	14	27	3	23	13	3	23	13	27	27	14	14	1	25	14	14	26	1	14	23	14	5	23	10	5	3	5	20	20	14	1	14	1	4	27	16	5	23	16	14	5	7	7	20	3	14	3	14	1	1	14	13	2	16	14	3	9	1	23	14	7	14	3	7	23	1	23	8	1	23	10	26	14	12	16	26	26	14	27	14	14	14	16	5	23	16	23	14	14	14	23	14	14	27	16	26	14	13	4	2	7	4	3	20	27	7	23	7	7	14	26	14	17	14	27	1	23	10	1	14	14	14	27	14	14	27	14	14	4	11	27	14	26	11	3	11	14	3	14	14	27	14	27	10	14	1	16	23	14	5	24	14	14	5	14	14	14	14	7	23	20	7	20	23	10	2	23	14	27	14	23	14	27	14	14	3	3	27	23	16	6	27	19	7	27	22	2	2	12	4	14	4	4	14	3	14	3	23	14	14	14	26	14	1	14	14	1	26	26	14	20	9	26	14	11	26	27	1	7	27	14	27	2	18	18	3	27	5	27	18	7	2	20	14	27	17	2	22	23	2	27	2	2	3	12	14	4	24	15	14	26	25	14	4	26	3	26	27	2	1	20	11	2	23	12	4	7	7	14	26	15	14	23	23	20	20	10	7	27	20	27	23	23	2	27	20	14	7	7	2	1	23	14	4	14	15	4	22	14	11	26	14	2	14	14	4	1	3	3	2	23	27	3	14	14	14	15	14	7	11	11	14	26	1	7	27	20	2	23	1	11	14	20	2	14	2	3	23	23	14	3	24	14	4	27	3	3	26	14	8	14	23	2	14	3	14	2	23	12	14	14	12	26	14	14	27	27	23	26	2	23	1	14	19	8	27	4	3	23	20	2	14	14	14	27	23	14	20	24	14	4	27	1	1	26	26	14	2	26	14	16	1	10	1	23	12	2	23	27	15	8	8	14	27	11	23	11	16	23	27	19	7	27	3	3	1	14	14	4	22	14	2	26	14	3	16	14	4	20	2	23	26	14	14	1	26	11	14	23	9	1	23	4	26	23	8	8	23	14	14	27	11	14	1	2	6	3	18	7	27	21	14	14	23	2	2	22	23	2	2	14	3	27	25	4	25	16	27	25	16	14	16	26	14	14	24	9	1	14	1	2	23	13	14	14	14	27	27	14	3	1	14	5	27	18	7	27	20	8	23	14	10	1	27	23	2	7	16
DESTINATION
3	14	17	14	14	23	2	26	2	14	27	14	25	4	25	16	26	25	9	9	26	14	3	14	9	9	16	14	2	23	13	14	7	14	5	5	15	14	1	3	3	27	26	7	7	27	20	8	23	17	2	27	20	2	14	14	14	16	14	14	25	7	27	23	13	26	3	26	26	2	14	27	26	26	20	14	14	3	4	26	16	4	27	9	16	27	16	14	16	9	13	14	11	2	23	26	26	7	27	14	20	14	14	14	14	20	6	18	7	27	20	8	5	26	26	14	2	22	14	18	1	9	14	22	14	14	24	15	23	14	14	14	9	26	14	5	14	7	23	14	14	14	23	14	9	16	16	2	5	15	14	7	3	7	5	26	27	20	8	1	26	14	23	2	14	14	14	14	14	26	14	14	24	19	4	27	23	14	16	27	11	2	2	25	23	26	26	10	23	14	2	14	16	20	14	14	15	9	27	14	13	13	16	27	1	11	1	13	26	13	27	26	14	2	14	14	3	14	2	24	15	4	8	16	8	14	27	14	14	1	25	14	14	26	14	14	12	24	24	14	1	14	5	14	2	20	14	1	14	1	4	1	11	14	23	9	7	7	7	20	3	14	14	3	7	1	1	14	27	16	16	5	14	8	23	14	1	7	14	3	7	23	23	25	25	23	14	3	26	14	14	16	26	8	14	27	14	14	14	14	14	14	2	23	26	14	23	23	14	14	27	16	26	14	13	13	7	26	8	26	4	23	23	4	7	14	14	26	14	17	23	27	3	13	3	23	13	27	14	27	14	14	27	14	14	4	11	14	23	23	5	23	10	5	3	14	14	27	14	27	10	1	1	27	5	16	23	16	14	5	7	14	14	13	14	14	7	23	20	1	13	13	16	14	3	9	3	23	14	27	14	14	3	3	1	23	8	8	23	10	26	14	12	2	4	3	12	14	12	4	14	8	16	23	16	23	14	4	14	14	1	4	14	1	26	26	14	2	2	4	3	20	27	7	13	7	27	14	14	27	2	18	3	27	1	23	10	1	14	14	2	27	14	17	2	22	23	2	2	27	27	11	14	3	14	14	3	26	25	14	4	26	3	26	14	16	23	3	5	24	14	14	5	7	14	14	26	15	14	23	23	20	23	2	23	14	27	27	14	23	14	2	27	20	14	7	2	23	6	27	19	7	27	18	22	22	14	11	26	14	2	14	4	3	14	3	23	14	14	14	2	14	14	7	15	14	7	11	14	20	20	26	14	11	26	27	27	7	11	14	20	2	14	2	27	27	27	18	7	2	20	20	14	23	3	26	14	8	14	14	2	3	12	14	4	24	15	15	14	14	26	14	14	27	23	26	2	1	2	11	2	23	12	12	4	3	23	20	2	14	14	27	23	20	10	7	27	20	27	14	1	1	26	14	2	26	14	23	23	23	14	4	14	15	27	22	15	14	8	14	27	11	15	4	11	3	3	2	23	23	27	3	14	1	14	4	22	14	2	14	26	1	7	27	20	2	2	23	1	26	11	1	26	14	2	23	23	14	14	3	24	14	4	14	23	14	14	27	11	14	1	2	14	14	14	2	23	12	27	12	14	27	2	22	23	2	26	26	23	1	1	14	19	8	27	3	25	14	16	26	14	14	24	27	14	3	3	24	14	20	4	1	14	14	27	14	3	1	14	14	1	10	1	23	12	2	23	14	17	26	27	23	2	7	16	16	27	27	27	19	7	27	27	25	14	2	14	14	14	14	2	14	14	3	16	14	4	20	2	14	14	9	23	14	27	7	8	1	26	23	23	4	26	23	8	14	2	27	20	2	14	14	27	2	14	14	18	7	27	21	14
DUE_DATE
0	30427	29996	30045	30094	29603	29652	29707	29756	30825	30394	29903	30492	29987	30016	30585	31094	30103	31152	30161	30730	30219	30248	30840	30342	30924	30426	31488	30510	30552	30587	30616	31185	30674	32443	31272	30761	30790	30819	31388	30887	30916	30945	31994	31003	31572	31061	31630	31119	31688	31179	31740	31221	31782	31263	31284	31305	33066	31347	32388	33129	32430	33171	32472	33247	32096	31605	32674	33443	32292	31785	31812	31839	31866	32913	32460	32967	33714	33021	33048	33795	32082	33126	32130	33894	32178	32742	32226	32250	32274	34038	32862	33366	32935	34172	33489	34246	33083	32580	33637	34394	32717	33316	32835	32894	33493	32977	33536	34035	33574	34793	34092	34831	33650	33129	34168	33707	33186	33205	33224	33783	33317	35116	33435	34514	33553	34605	35352	34659	34206	34713	34260	35487	33774	33801	34368	33855	33891	33924	34977	33990	34023	35796	35109	35862	35175	35914	34730	35946	34762	34238	34794	34270	34286	34302	35338	34874	35370	36106	35402	36138	35434	34430	34986	34491	35064	34557	34590	34623	34656	36429	35742	35295	35340	36582	35904	36666	35988	35010	36072	35091	35664	35157	35190	35223	35796	37029	36342	35895	37125	36432	35979	37206	36513	35520	35547	36594	37341	35628	35655	36235	35732	35769	37546	36383	37620	36937	36974	37731	37044	36597	36090	36123	37896	36189	36222	36795	36281	37324	36867	36890	38113	37416	36959	38182	37485	37028	36511	37554	37097	36581	36604	37167	36650	38413	36696	37739	38482	37785	38528	37831	37374	36857	37905	37452	36939	36966	36993	37560	37047	37074	38841	38148	37155	38917	38216	38955	38254	37253	39012	37831	37850	37329	37888	37367	37386	37945	39164	37443	38527	38096	39345	38674	39443	38292	37817	38416	37935	38534	38053	38107	38156	39225	38254	40043	39372	38925	40152	39459	40206	39513	39060	38547	39594	39141	38628	38655	38681	38704	40467	39770	40513	39816	40559	39862	39405	39428	38911	39954	38957	38977	38996	39555	39034	39593	40812	39091	40850	40869	40168	39707	40926	40945	39764	39243	40320	39882	39384	39426	40008	40050	41292	39587	40636	40665	41414	40723	40272	39761	40330	39819	40868	40447	39956	40005	40594	40103	40692	41931	40224	41997	41310	42063	41376	41409	40422	41475	40495	40532	41109	40606	42383	41220	42457	40754	41820	41862	41424	42666	41988	41010	41052	42840	41682	41724	41226	41808	41310	41352	41407	43196	41505	43294	42623	43392	42711	42744	42297	42330	42363	41856	42429	41922	41955	42521	43744	42027	43790	43813	43116	43859	43162	43185	42728	42751	42234	42257	42307	44096	42405	43474	42503	44292	43677	43296	44595	43920	43482	44004	43566	43068	44130	43152	43257	43356	43455	43481	45244	43527	45290	44593	44136	45359	44662	45405	45428	44251	43734	44297	43795	43832	44409	44926	45683	44520	45037	45794	45127	45176	45945	44794	44303	46092	44997	44556	45195	44717	44776	44835	45914	46693	46757	46096	46875	46214	46993	45897	45456	46575	46131	45624	45657	45690	46263	45756	46809	47562	46395	46915	46472	47709	47746	46043	47100	46117	46154	46195	46232	46269	46846	48083	46920	46417	47474	48257	47596	47175	46694	46753	47827	47396	46905	47494	47003	47592	47095	48872	47709	48946	48983	48300	49057	48374	49119	47400	48441	47982	47463	48024	47505	47526	47547	47568	48609	49350	48651	49392	48777	48396	49695	47995	49052	48609	48106	48683	48180	48217	48254	49315	50072	48369	49426	50183	50220	49537	50294	50347	49196	48705	49294	48803	48852	49422	48906	50670	49974	49998	49542	50766	50070	50814	50118	49662	50886	49725	49212	49779	49266	49293	49320	50367	51114	51141	50448	51195	50515	50072	50109	49606	50663	49680	50257	49754	49791	50364	49857	50910	51663	50496	51729	51042	51795	51835	50132	51189	50206	50243	50280	50317	50354	50925	50412	52179	51006	51513	52260	51567	51114	50601	50628	51675	51247	50756	51345	50854	51443	50952	50982	52746	52770	52794	52098	52842	52146	52890	51714	52218	51762	51246	51835	51332	51369	51406	53183	52500	52537	53294	52605	52152	51639	51666	52713	52260	51747	52314	51801	51828	51855	52902	53646	51930	53694	52998	53742	53766	53070	53814	52638	52122	52146	52735	52232	52269	52846	54083	54120	53437	52454	53511	53064	54297	53610	54363	54396	53229	52722	52755	53357	52876	52935	53534	54073	54815	53632	54129	54866	54163	54900	54197	53194	54231	53228	53245	53262	53279	53836	54333	55070	53887	53417	55216	54555	54134	55393	54715	53732	55509	53806	53843	53880	53917	54494	54017	55816	54675	54194	54253	56031	55344	56097	55410	55443	54456	56229	54522	55095	54585	55152	54639	55206	56433	54720	56487	55794	56541	55848	55395	55952	55546	55080	55154	55725	55212	55239	55266	57033	55860	55347	57114	56421	57168	56475	57347	56776	56335	57572	57609	56926	56483	57720	56017	57074	56132	57226	58020	57374	57405	58152	57459	58206	58233	57060	58287	58314	57621	58368	57675	56957	58077	57156	58995	58311	57864	59097	58410	59163	57456	59229	59262	58575	58627	59396	58725	59494	58343	57852	58457	59716	59775	59114	59173
TRANSPORT_MODE
0	2	1	1	0	0	0	0	2	1	1	2	0	0	0	0	1	1	2	0	0	0	0	0	1	1	2	1	0	0	0	0	0	1	1	2	0	0	0	0	0	1	1	2	0	0	0	0	0	1	1	1	0	0	0	0	0	3	1	1	0	0	0	0	0	2	1	1	3	0	0	0	0	1	1	2	0	0	0	0	0	1	1	1	3	0	0	0	0	1	1	2	0	0	0	0	0	0	1	1	3	0	0	0	0	1	1	1	0	0	0	0	0	0	2	1	1	0	0	0	0	0	3	1	1	2	0	0	0	0	1	1	3	0	0	0	0	0	1	1	2	1	0	0	0	0	1	1	3	0	0	0	0	0	1	1	2	0	0	0	0	0	1	1	1	0	0	0	0	0	3	1	1	0	0	0	0	0	2	1	1	0	0	0	0	0	3	1	1	0	0	0	0	0	2	1	1	3	0	0	0	0	1	1	1	0	0	0	0	0	0	2	1	3	0	0	0	0	1	1	1	0	0	0	0	0	0	2	1	1	0	0	0	0	3	1	1	0	0	0	0	0	2	1	1	0	0	0	0	0	1	3	1	1	0	0	0	0	2	1	1	0	0	0	0	0	0	3	1	1	0	0	0	0	2	1	1	0	0	0	0	0	0	1	3	1	0	0	0	0	0	1	2	1	0	0	0	0	1	3	1	0	0	0	0	0	1	2	1	1	0	0	0	0	0	3	1	1	0	0	0	0	0	1	2	1	0	0	0	0	1	3	1	0	0	0	0	0	0	1	2	1	0	0	0	0	0	1	3	1	0	0	0	0	1	2	1	0	0	0	0	0	1	3	1	1	0	0	0	0	0	1	2	1	0	0	0	0	0	1	3	1	0	0	0	0	1	2	1	0	0	0	0	0	0	1	1	3	0	0	0	0	1	2	0	1	0	0	0	0	1	1	3	0	0	0	0	0	1	1	2	1	0	0	0	0	1	3	1	0	0	0	0	0	0	1	1	1	0	0	0	0	1	3	1	0	0	0	0	0	0	1	1	2	0	0	0	0	1	1	3	0	0	0	0	0	1	1	2	0	0	0	0	0	1	1	3	1	0	0	0	0	1	2	1	0	0	0	0	0	1	1	1	0	0	0	0	0	1	2	1	0	0	0	0	0	1	1	3	0	0	0	0	0	1	1	2	0	0	0	0	0	1	1	3	0	0	0	0	0	1	1	2	1	0	0	0	0	1	3	1	0	0	0	0	0	1	1	1	0	0	0	0	1	3	1	0	0	0	0	0	0	1	1	2	0	0	0	0	1	1	3	0	0	0	0	0	1	2	1	0	0	0	0	0	1	1	3	1	0	0	0	0	1	2	1	0	0	0	0	0	1	1	1	0	0	0	0	0	1	2	1	0	0	0	0	0	1	3	1	0	0	0	0	0	1	2	1	0	0	0	0	1	3	1	0	0	0	0	0	1	2	1	1	0	0	0	0	1	3	1	0	0	0	0	0	1	2	1	1	0	0	0	0	0	3	1	1	0	0	0	0	0	1	2	1	0	0	0	0	0	1	3	1	0	0	0	0	0	1	2	1	0	0	0	0	1	3	1	1	0	0	0	0	2	1	1	0	0	0	0	0	0	3	1	1	1	0	0	0	0	2	1	1	0	0	0	0	0	1	3	1	0	0	0	0	0	2	1	1	0	0	0	0	0	3	1	1	0	0	0	0	3	1	1	3	0	0	0	0	1	1	1	0	0	0	0	0	0	3	1	1	3	0	0	0	0	1	1	1	0	0	0	0	0	3	1	1	0	0	0	0	0	3	1	1	0	0	0	0	0
PATIENT_WEIGHT
119	77	47	143	128	118	83	117	118	142	57	122	35	85	44	140	111	127	143	122	118	37	122	106	58	130	93	35	83	35	107	92	52	91	129	101	63	67	117	120	74	75	104	33	98	70	61	109	66	150	122	144	70	147	41	144	102	147	92	113	77	104	114	66	50	92	117	116	43	129	141	130	148	144	82	125	135	102	111	80	128	125	137	37	75	100	55	127	114	120	144	50	44	62	64	41	129	150	62	108	93	34	108	144	106	147	107	74	144	103	110	82	42	119	137	104	39	36	33	49	56	35	102	41	73	34	136	131	132	61	78	100	58	120	33	75	141	144	86	143	35	131	104	30	89	145	117	37	83	31	125	139	145	98	54	107	41	59	150	118	125	132	114	142	102	114	80	110	48	102	39	123	115	54	52	55	59	48	54	146	100	143	61	104	120	59	73	83	121	82	127	31	55	77	90	123	59	99	59	127	56	143	47	114	90	118	137	68	133	48	149	143	79	111	101	101	110	102	57	126	99	103	73	84	140	117	81	112	45	66	138	140	36	108	39	40	114	102	94	38	110	111	32	85	130	143	128	90	63	112	55	43	72	119	109	123	148	78	134	34	57	43	34	125	82	135	125	115	72	39	57	79	32	135	44	138	91	90	77	142	116	94	88	116	150	121	50	54	76	119	141	96	103	104	100	84	81	96	88	108	142	85	70	50	44	56	87	35	118	40	49	118	86	70	109	84	38	93	97	120	78	139	57	64	112	78	87	110	87	142	126	130	119	126	63	105	39	59	122	63	67	35	34	53	51	49	103	75	56	83	118	33	83	46	122	130	62	64	134	49	70	80	50	88	77	95	40	106	58	53	66	123	77	125	139	36	130	126	72	117	87	54	40	41	86	96	61	141	80	57	93	112	53	52	131	45	49	90	147	41	58	72	45	124	146	140	119	51	56	91	127	107	129	37	78	130	57	52	114	100	52	131	112	67	104	70	37	53	83	133	52	34	93	86	130	82	109	78	111	134	64	43	58	45	88	84	139	73	48	132	46	65	52	62	49	32	142	132	101	36	47	60	69	79	83	144	112	103	108	91	33	56	55	30	138	95	80	111	74	93	36	32	127	101	44	106	148	53	128	137	79	123	149	50	59	65	99	108	62	89	40	147	79	95	109	52	126	85	64	97	90	72	136	91	150	81	118	138	135	150	127	64	113	96	136	81	111	62	139	67	121	30	126	100	84	132	34	45	97	98	115	47	61	139	76	145	45	140	122	134	64	34	90	133	52	51	56	126	52	90	30	49	135	136	58	34	132	39	143	57	32	79	40	71	81	30	56	90	70	103	56	50	64	82	141	60	36	54	47	41	85	131	74	82	58	71	44	63	149	64	117	102	96	62	85	124	119	65	59	37	128	54	125	110	80	38	83	118	30	73	139	87	77	129	121	69	93	87	116	33	121	127	113	148	116	47	70	48	61	148	51	37	100	139	66	98	123	146	120	138	77	122	110	32	38	78	102	68	52	84	120	79	82	140	83	93	30	64	79	114	68	68	113	109	30	84	143	70	75	76	46	37	105	114	66	70	112	140	96	71	100	115	135	60	115	128	78	52	128	140	148	42	128	134	83	63	129	134	73	63	62	77	79	40	71	91	34	83	34	34	95	99	115	126	46	142	69	135	44	109	120	74	102	88	55	56	135	138	146	92	69	110	60	35	52	95	112	91	106	111	80	96	52	73	77	50	31	106	83	137	64	141	90	95	76	58	53	38	106	91	67	141	126	46	73	109	96	145	114	46	101	140	147	98	68	88	99	106	97	46	79	74	121	93	96	97	72	36	84	90	97
DISTANCE_MATRIX
0	360	318	300	288	276	264	264	150	150	150	60	90	90	162	168	204	228	234	312	360	408	348	318	168	192	168	318
360	60	264	318	324	342	342	342	348	348	354	360	372	378	378	420	420	480	462	498	462	462	384	420	372	420	378	378
318	264	60	270	276	288	288	288	294	294	294	318	318	324	324	414	414	468	462	486	462	462	330	366	366	408	372	324
300	318	270	60	276	288	288	288	288	288	288	300	300	312	318	408	408	468	462	486	438	438	318	360	360	402	360	312
288	324	276	276	60	276	276	276	276	276	276	288	288	300	300	402	396	462	456	480	432	432	300	360	360	402	348	300
276	342	288	288	276	60	180	180	252	258	264	264	264	288	288	390	390	456	450	480	432	432	288	348	348	348	288	288
264	342	288	288	276	180	60	180	246	258	264	264	264	288	288	390	390	456	450	480	432	432	288	348	348	348	288	288
264	342	288	288	276	180	180	60	240	258	264	264	264	288	288	390	390	456	450	480	432	432	288	348	348	348	288	288
150	348	294	288	276	252	246	240	60	120	120	150	126	270	270	378	384	420	438	480	420	408	276	300	300	300	276	270
150	348	294	288	276	258	258	258	120	60	120	150	150	270	270	378	384	420	438	480	420	408	276	300	300	300	276	270
150	354	294	288	276	264	264	264	120	120	60	150	150	270	270	378	384	420	438	480	420	408	276	300	300	300	276	270
60	360	318	300	288	264	264	264	150	150	150	60	90	162	168	228	234	312	360	408	348	318	168	192	192	198	168	162
90	372	318	300	288	264	264	264	150	150	150	90	60	162	168	228	234	312	360	408	348	318	168	192	192	198	168	162
90	378	324	312	300	288	288	288	270	270	270	162	162	60	120	180	180	306	210	360	300	300	120	180	120	180	120	234
162	378	324	318	300	288	288	288	270	270	270	168	168	120	60	180	180	306	210	360	300	300	120	180	120	180	120	120
168	420	414	408	402	348	348	348	300	300	300	228	228	180	180	60	132	204	132	348	258	258	186	60	180	132	222	180
204	420	414	408	396	390	390	390	384	384	384	234	234	180	180	132	60	204	132	348	258	258	186	60	180	132	222	180
228	480	468	468	462	456	456	456	420	420	420	312	312	306	306	204	204	60	198	120	240	240	306	204	306	138	306	306
234	462	462	462	456	450	450	450	438	438	438	360	360	210	210	132	132	198	60	138	132	132	210	132	210	132	210	210
312	498	486	486	480	480	480	480	480	480	480	408	408	360	360	348	348	120	138	60	348	348	360	348	360	348	360	360
360	462	462	438	432	432	432	432	420	420	420	348	348	300	300	258	258	240	132	348	60	60	300	258	300	258	300	300
408	462	462	438	432	432	432	432	408	408	408	318	318	300	300	258	258	240	132	348	60	60	300	258	300	258	300	300
348	384	330	318	300	288	288	288	276	276	276	168	168	120	120	186	186	306	210	360	300	300	60	186	120	186	120	120
318	420	366	360	360	348	348	348	300	300	300	192	192	180	180	60	60	204	132	348	258	258	186	60	180	60	180	180
168	372	300	306	300	288	288	288	270	270	270	168	168	120	120	180	180	306	210	360	300	300	120	180	60	180	120	120
192	420	408	402	402	348	348	348	300	300	300	198	198	180	180	132	132	138	132	348	258	258	186	60	180	60	180	180
168	378	372	360	348	288	288	288	276	276	276	168	168	120	120	222	222	306	210	360	300	300	120	180	120	180	60	120
318	378	324	312	300	288	288	288	270	270	270	162	162	234	120	180	180	306	210	360	300	300	120	180	120	180	120	60
DEPOTS_DISTANCE
234	462	462	462	456	450	450	450	438	438	438	360	360	210	210	132	132	198	60	138	132	132	210	132	210	132	210	210	
348	384	330	318	300	288	288	288	276	276	276	168	168	120	120	186	186	306	210	360	300	300	60	186	120	186	120	120	
318	420	366	360	360	348	348	348	300	300	300	192	192	180	180	60	60	204	132	348	258	258	186	60	180	60	180	180	
LOCATION_TURN_MATRIX
100	130	122	113	112	199	136	122	129	152	173	146	151	136	158	140	176	113	122	167	194	134	110	172	114	184	100	147	
170	100	154	188	164	169	136	136	152	170	104	183	155	115	101	104	155	187	174	115	149	134	178	168	114	135	168	102	
178	146	100	161	178	114	104	165	117	139	126	169	192	109	120	179	160	152	154	134	113	140	154	179	196	196	192	181	
187	112	139	100	158	114	195	181	104	132	195	106	183	169	132	170	140	136	172	148	116	110	123	136	151	120	176	169	
188	136	122	142	100	175	164	159	112	100	167	164	135	191	132	181	104	123	142	156	108	117	193	182	116	147	156	185	
101	131	186	186	125	100	190	147	164	150	137	102	145	176	185	131	113	108	117	186	118	151	140	178	154	189	172	110	
164	164	196	105	136	110	100	186	153	151	183	193	111	157	144	123	188	142	110	163	105	190	166	187	170	171	186	126	
178	164	135	119	141	153	114	100	106	130	108	103	151	178	122	151	130	133	184	177	110	141	166	110	122	174	191	197	
171	148	183	196	188	136	147	194	100	167	100	146	168	129	128	142	172	118	174	147	105	158	156	160	120	106	119	136	
148	130	161	168	200	150	149	170	133	100	177	106	175	116	188	180	176	194	108	146	130	187	183	173	128	141	169	176	
127	196	174	105	133	163	117	192	200	123	100	171	175	140	183	115	104	186	128	153	151	175	100	146	191	117	132	197	
154	117	131	194	136	198	107	197	154	194	129	100	136	184	140	147	172	184	148	131	103	156	185	200	152	158	154	143	
149	145	108	117	165	155	189	149	132	125	125	164	100	140	199	142	101	144	163	185	117	191	200	143	113	165	102	154	
164	185	191	131	109	124	143	122	171	184	160	116	160	100	109	116	196	113	131	186	166	139	183	175	144	161	105	170	
142	199	180	168	168	115	156	178	172	112	117	160	101	191	100	147	177	177	199	158	172	188	164	175	180	168	154	195	
160	196	121	130	119	169	177	149	158	120	185	153	158	184	153	100	152	159	197	157	181	159	102	123	168	200	124	186	
124	145	140	160	196	187	112	170	128	124	196	128	199	104	123	148	100	149	114	112	117	135	105	132	138	180	198	156	
187	113	148	164	177	192	158	167	182	106	114	116	156	187	123	141	151	100	166	132	168	163	159	123	129	173	161	116	
178	126	146	128	158	183	190	116	126	192	172	152	137	169	101	103	186	134	100	184	199	137	130	160	148	113	140	150	
133	185	166	152	144	114	137	123	153	154	147	169	115	114	142	143	188	168	116	100	111	195	128	157	191	164	141	171	
106	151	187	184	192	182	195	190	195	170	149	197	183	134	128	119	183	132	101	189	100	129	151	163	147	166	104	177	
166	166	160	190	183	149	110	159	142	113	125	144	109	161	112	141	165	137	163	105	171	100	101	185	169	129	103	197	
190	122	146	177	107	160	134	134	144	117	200	115	100	117	136	198	195	141	170	172	149	199	100	106	150	116	118	145	
128	132	121	164	118	122	113	190	140	127	154	100	157	125	125	177	168	177	140	143	137	115	194	100	128	167	115	155	
186	186	104	149	184	146	130	178	180	172	109	148	187	156	120	132	162	171	152	109	153	131	150	172	100	155	124	184	
116	165	104	180	153	111	129	126	194	159	183	142	135	139	132	100	120	127	187	136	134	171	184	133	145	100	129	192	
200	132	108	124	144	128	114	109	181	131	168	146	198	195	146	176	102	139	160	159	196	197	182	185	176	171	100	146	
153	198	119	131	115	190	174	103	164	124	103	157	146	130	105	114	144	184	150	129	123	103	155	145	116	108	154	100	
DEPOTS_TO_LOCAL_TURN_MATRIX
178	126	146	128	158	183	190	116	126	192	172	152	137	169	101	103	186	134	100	184	199	137	130	160	148	113	140	150	
190	122	146	177	107	160	134	134	144	117	200	115	100	117	136	198	195	141	170	172	149	199	100	106	150	116	118	145	
128	132	121	164	118	122	113	190	140	127	154	100	157	125	125	177	168	177	140	143	137	115	194	100	128	167	115	155	
LOCAL_TO_DEPOT_TURN_MATRIX
122	174	154	172	142	117	110	184	174	108	128	148	163	131	199	197	114	166	100	116	101	163	170	140	152	187	160	150	
110	178	154	123	193	140	166	166	156	183	100	185	200	183	164	102	105	159	130	128	151	101	100	194	150	184	182	155	
172	168	179	136	182	178	187	110	160	173	146	200	143	175	175	123	132	123	160	157	163	185	106	100	172	133	185	145	

