INDEX_PROBLEM
1
PATIENTS
800
STRETCHERS
16
NUM_ROOM
28
NUM_DEPOT
3
NUM_PRIORITY
4
PRIORITY_LIST
0	1	2	3	4
PRIORITY_WEIGHT
0	1	10	18	30
PRIORITY_JOB
0	2	3	2	3	4	4	4	4	2	3	4	3	4	4	3	2	4	4	4	3	4	4	3	4	1	3	4	4	4	4	3	2	3	4	4	4	4	3	4	1	3	4	4	3	4	3	4	2	3	4	4	3	4	4	4	4	1	2	4	1	2	1	2	2	3	4	1	3	4	4	4	2	4	1	1	2	3	1	1	3	4	4	1	3	4	4	1	3	2	4	1	2	2	1	2	1	3	4	1	4	3	4	4	3	4	2	3	2	3	1	2	1	4	2	4	4	4	4	4	3	1	2	3	4	2	3	1	2	2	4	1	4	4	4	3	4	1	3	4	2	1	1	2	1	2	4	4	1	4	3	4	3	4	1	3	4	1	2	1	2	2	3	4	4	3	4	4	4	3	1	3	4	1	2	3	1	2	2	3	4	2	4	3	4	4	1	4	1	1	2	1	2	2	3	4	4	1	4	3	4	4	2	4	1	1	2	3	1	2	3	3	4	4	4	3	4	4	1	2	3	1	2	3	1	2	3	3	4	2	4	4	4	4	3	1	3	4	2	1	2	1	4	2	4	4	4	4	2	3	4	1	3	4	2	3	1	2	1	4	1	3	4	3	4	3	4	1	4	4	2	2	1	2	1	2	3	4	4	3	4	4	4	1	3	2	2	3	1	2	1	3	4	2	1	3	4	4	4	4	4	2	2	1	2	3	1	3	4	2	1	4	3	4	3	4	1	3	2	1	2	2	1	4	4	4	1	3	4	4	3	2	3	4	2	1	2	3	1	4	3	2	3	4	4	4	3	1	4	2	4	2	1	2	1	4	2	1	4	4	4	3	4	3	4	2	4	2	3	1	2	1	3	1	4	3	4	3	4	4	4	4	2	1	2	2	1	3	4	3	3	4	4	4	3	2	1	2	3	1	2	3	1	4	2	4	4	4	4	3	4	1	2	3	2	1	2	1	2	4	4	2	1	4	3	4	3	1	4	1	3	2	2	1	2	3	4	4	1	4	4	3	4	2	3	3	1	1	2	2	1	3	4	2	3	4	4	4	3	4	1	4	2	2	1	2	3	4	2	3	4	4	3	4	1	1	4	2	4	2	1	2	3	4	1	3	3	4	3	4	4	3	1	4	2	1	2	1	2	3	4	3	4	3	4	4	4	1	1	4	2	2	3	1	2	3	4	2	3	4	4	4	3	1	4	2	1	2	1	2	3	3	4	2	4	4	3	4	3	1	1	3	1	2	1	2	3	1	4	4	2	4	4	3	4	1	3	3	1	2	2	1	2	3	4	2	3	4	4	4	3	1	4	2	1	2	3	1	2	4	2	3	4	4	4	3	4	4	1	2	4	1	2	1	2	4	1	3	3	4	3	4	4	1	4	2	3	1	2	1	2	3	4	1	3	4	3	4	4	3	1	2	3	1	2	1	2	3	4	2	3	4	4	4	3	1	4	2	1	2	1	2	3	4	2	4	4	4	4	3	4	1	4	1	1	2	1	2	1	3	4	2	3	4	4	3	1	3	4	2	3	1	2	1	2	1	3	4	4	3	4	4	1	2	3	1	2	1	2	3	2	4	2	3	4	4	4	3	1	3	4	4	1	2	1	1	2	4	1	4	4	4	3	4	3	4	2	2	1	2	3	4	3	4	1	3	4	3	4	4	1	3	4	1	2	1	2	1	2	3	2	4	3	4	4	1	4	2	2	1	2	3	4	1	3	4	1	1	2	1	1	4	2	4	2	1	2	3	1	1	3	1	2	1	2	1	2	4	2	3	1	2	1	2	3	1	4	1	1	1	2	1	2	1	3	4	1	2	1	2	3
TIME_ASKED
0	28849	28898	28947	28996	29045	29094	29149	29198	29247	29296	29345	29394	29429	29458	29487	29516	29545	29574	29603	29632	29661	29690	29742	29784	29826	29868	29910	29952	29994	30029	30058	30087	30116	30145	30174	30203	30232	30261	30290	30329	30358	30387	30416	30445	30474	30503	30532	30561	30590	30621	30642	30663	30684	30705	30726	30747	30768	30789	30810	30831	30852	30873	30894	30949	30998	31047	31096	31145	31194	31227	31254	31281	31308	31335	31362	31389	31416	31443	31470	31497	31524	31548	31572	31596	31620	31644	31668	31692	31716	31740	31764	31788	31837	31874	31911	31948	31985	32022	32059	32096	32159	32218	32277	32336	32395	32419	32438	32457	32476	32495	32514	32533	32552	32571	32590	32609	32628	32647	32666	32685	32759	32818	32877	32936	32995	33027	33054	33081	33108	33135	33162	33189	33216	33243	33270	33297	33333	33366	33399	33432	33465	33498	33531	33564	33597	33616	33632	33648	33664	33680	33696	33712	33728	33744	33760	33776	33792	33808	33824	33840	33856	33872	33888	33933	33966	33999	34032	34065	34098	34131	34164	34197	34242	34284	34326	34368	34410	34452	34494	34533	34566	34599	34632	34665	34698	34731	34764	34797	34827	34854	34881	34908	34935	34962	34989	35016	35043	35070	35097	35137	35174	35211	35248	35285	35322	35359	35396	35433	35466	35499	35532	35565	35598	35631	35664	35697	35723	35746	35769	35792	35815	35838	35861	35884	35907	35930	35953	35976	35999	36023	36046	36069	36092	36115	36138	36161	36184	36207	36230	36253	36276	36299	36327	36354	36381	36408	36435	36462	36489	36516	36543	36570	36597	36619	36638	36657	36676	36695	36714	36733	36752	36771	36790	36809	36828	36847	36866	36885	36949	36998	37047	37096	37145	37194	37259	37318	37377	37436	37495	37549	37598	37647	37696	37745	37794	37827	37854	37881	37908	37935	37962	37989	38016	38043	38070	38097	38123	38146	38169	38192	38215	38238	38261	38284	38307	38330	38353	38376	38399	38419	38438	38457	38476	38495	38514	38533	38552	38571	38590	38609	38628	38647	38666	38685	38742	38784	38826	38868	38910	38952	38994	39029	39058	39087	39116	39145	39174	39203	39232	39261	39290	39349	39398	39447	39496	39545	39594	39633	39666	39699	39732	39765	39798	39831	39864	39897	39937	39974	40011	40048	40085	40122	40159	40196	40242	40284	40326	40368	40410	40452	40494	40542	40584	40626	40668	40710	40752	40794	40849	40898	40947	40996	41045	41094	41133	41166	41199	41232	41265	41298	41331	41364	41397	41423	41446	41469	41492	41515	41538	41561	41584	41607	41630	41653	41676	41699	41749	41798	41847	41896	41945	41994	42099	42198	42297	42342	42384	42426	42468	42510	42552	42594	42699	42798	42897	42923	42946	42969	42992	43015	43038	43061	43084	43107	43130	43153	43176	43199	43237	43274	43311	43348	43385	43422	43459	43496	43549	43598	43647	43696	43745	43794	43899	43998	44097	44159	44218	44277	44336	44395	44459	44518	44577	44636	44695	44799	44898	44997	45033	45066	45099	45132	45165	45198	45231	45264	45297	45337	45374	45411	45448	45485	45522	45559	45596	45637	45674	45711	45748	45785	45822	45859	45896	45959	46018	46077	46136	46195	46249	46298	46347	46396	46445	46494	46537	46574	46611	46648	46685	46722	46759	46796	46821	46842	46863	46884	46905	46926	46947	46968	46989	47010	47031	47052	47073	47094	47199	47298	47397	47437	47474	47511	47548	47585	47622	47659	47696	47737	47774	47811	47848	47885	47922	47959	47996	48049	48098	48147	48196	48245	48294	48324	48348	48372	48396	48420	48444	48468	48492	48516	48540	48564	48588	48627	48654	48681	48708	48735	48762	48789	48816	48843	48870	48897	48937	48974	49011	49048	49085	49122	49159	49196	49233	49266	49299	49332	49365	49398	49431	49464	49497	49537	49574	49611	49648	49685	49722	49759	49796	49827	49854	49881	49908	49935	49962	49989	50016	50043	50070	50097	50149	50198	50247	50296	50345	50394	50424	50448	50472	50496	50520	50544	50568	50592	50616	50640	50664	50688	50737	50774	50811	50848	50885	50922	50959	50996	51027	51054	51081	51108	51135	51162	51189	51216	51243	51270	51297	51324	51348	51372	51396	51420	51444	51468	51492	51516	51540	51564	51588	51637	51674	51711	51748	51785	51822	51859	51896	51933	51966	51999	52032	52065	52098	52131	52164	52197	52259	52318	52377	52436	52495	52517	52534	52551	52568	52585	52602	52619	52636	52653	52670	52687	52704	52721	52738	52755	52772	52789	52859	52918	52977	53036	53095	53137	53174	53211	53248	53285	53322	53359	53396	53459	53518	53577	53636	53695	53733	53766	53799	53832	53865	53898	53931	53964	53997	54027	54054	54081	54108	54135	54162	54189	54216	54243	54270	54297	54374	54448	54522	54596	54627	54654	54681	54708	54735	54762	54789	54816	54843	54870	54897	55049	55198	55237	55274	55311	55348	55385	55422	55459	55496	55574	55648	55722	55796	55827	55854	55881	55908	55935	55962	55989	56016	56043	56070	56097	56399	56499	56598	56697	56733	56766	56799	56832	56865	56898	56931	56964	56997	57049	57098	57147	57196	57245	57294	57359	57418	57477	57536	57595
ORIGIN
26	16	6	25	25	7	27	23	25	25	23	26	14	14	14	2	3	14	16	14	3	4	26	16	14	14	16	9	9	14	27	7	13	9	14	14	11	2	23	26	26	2	14	20	2	14	14	27	27	6	27	18	7	27	20	8	5	14	10	2	14	23	2	26	9	14	23	14	14	24	15	23	14	14	7	9	26	14	3	14	14	14	23	14	14	23	14	9	16	14	7	5	5	15	14	1	3	5	18	26	27	20	8	1	26	7	17	27	27	20	2	14	14	14	14	4	24	19	4	27	23	14	26	19	26	26	2	14	27	26	10	2	23	14	2	14	16	20	27	4	9	9	16	27	16	14	16	27	1	11	1	13	26	13	14	14	2	2	14	14	14	4	27	24	15	4	8	16	8	14	26	26	2	2	22	14	18	1	14	23	12	24	24	14	1	14	14	14	4	4	26	14	5	14	1	20	11	14	23	9	7	7	16	2	24	15	14	7	3	7	23	14	4	27	16	5	14	8	27	2	14	14	14	14	14	14	23	25	2	23	14	3	26	14	16	16	11	2	2	2	25	23	14	8	27	14	2	23	26	14	23	14	15	9	27	27	14	13	13	7	26	4	8	26	13	23	23	26	2	14	14	14	3	14	27	3	23	13	3	23	13	27	14	14	14	1	25	14	14	26	14	14	23	14	5	23	10	5	3	2	20	14	14	1	2	1	4	27	16	5	23	16	14	5	7	20	20	3	14	3	7	1	1	14	13	2	16	14	3	9	1	14	14	1	14	3	7	23	1	23	8	1	23	10	26	14	12	16	26	26	8	27	14	14	14	16	5	23	16	23	14	4	14	14	14	14	14	16	26	14	13	4	2	7	4	3	20	27	7	23	14	7	14	4	26	17	14	27	1	23	10	1	14	14	2	27	14	14	14	14	14	4	11	27	14	26	11	3	14	14	3	14	14	3	14	27	10	14	1	16	23	14	5	24	14	14	5	1	14	14	1	14	14	7	23	20	23	10	2	23	14	27	14	14	14	27	14	14	3	3	27	23	16	6	27	19	7	27	22	2	1	12	4	14	12	4	14	3	14	3	23	14	14	14	26	14	4	14	4	1	26	26	14	20	9	26	14	11	26	27	1	7	27	14	27	27	2	18	3	27	5	27	18	7	2	20	14	27	14	17	2	22	23	2	2	2	3	12	14	4	24	15	14	26	14	14	4	26	3	26	27	2	1	20	11	2	23	12	4	7	7	14	26	14	15	23	23	20	20	10	7	27	20	27	14	23	14	2	27	20	14	7	2	1	23	14	4	14	15	4	22	22	14	11	26	14	2	14	4	1	3	3	2	23	27	3	14	14	14	4	15	14	7	11	14	26	1	7	27	20	2	23	1	11	11	14	2	14	2	3	23	23	14	3	24	14	4	27	14	3	26	26	8	23	14	2	14	3	14	2	23	12	14	26	12	14	27	14	14	27	23	26	2	23	1	14	19	8	27	2	3	3	14	20	2	14	14	27	23	14	20	24	14	4	14	1	1	26	14	2	26	14	23	16	1	10	1	23	12	2	23	27	14	8	8	27	11	15	3	11	16	23	27	19	7	27	3	14	1	14	14	22	14	22	2	26	14	3	16	14	4	20	2	24	26	14	14	26	14	4	23	23	9	1	23	4	26	23	8	8	14	14	14	11	14	1	2	2	6	3	18	7	27	21	14	14	23	2	22	23	2	26	2	14	3	2	25	4	25	16	27	25	16	16	26	14	14	24	2	9	1	14	14	2	23	13	14	14	14	27	14	3	1	14	1	5	27	18	7	27	20	8	23	17	10	1	23	2	7	16	27
DESTINATION
3	14	17	14	14	23	2	26	14	14	27	14	4	25	16	27	26	25	16	9	26	14	3	14	9	9	16	14	14	2	23	13	7	14	5	5	15	14	1	3	3	27	26	7	27	20	8	23	23	17	2	27	20	2	14	14	14	16	14	14	25	7	27	23	14	26	3	26	26	2	14	27	26	26	20	14	3	4	26	16	16	4	27	9	9	27	16	14	16	9	13	14	14	11	2	23	26	14	27	14	2	14	14	14	14	20	6	18	18	7	27	20	8	26	26	14	2	22	14	18	1	9	14	22	14	14	24	15	23	14	14	14	4	26	14	5	14	7	23	14	14	14	14	23	16	5	16	2	24	15	14	7	3	7	5	26	27	27	20	8	1	14	23	2	14	14	14	14	14	26	14	14	24	24	19	4	27	23	16	27	11	2	2	25	23	26	26	10	23	23	14	2	14	16	14	14	15	9	27	14	13	13	16	27	1	11	1	13	26	13	1	26	14	2	14	14	3	14	2	24	15	15	8	4	16	8	27	14	14	1	25	14	14	26	14	14	12	24	24	24	14	1	5	14	2	20	14	1	14	1	4	1	11	14	23	23	9	7	7	20	3	14	14	3	7	1	1	14	27	16	16	5	14	8	23	14	1	7	14	3	7	23	1	25	2	23	14	3	26	14	16	16	26	8	14	27	14	14	14	27	14	2	2	23	27	14	23	23	14	14	27	16	26	14	13	7	7	26	8	26	13	23	23	4	7	14	14	26	14	17	23	3	3	23	3	23	13	27	14	27	14	14	27	14	14	4	11	14	23	23	14	23	10	5	3	14	14	27	14	27	10	14	1	16	5	16	5	16	14	5	7	14	14	13	14	14	7	23	20	1	2	13	2	14	14	9	3	23	14	27	14	14	3	3	27	23	8	8	1	10	26	14	12	2	4	3	12	14	26	4	14	8	5	26	16	23	14	4	14	14	1	4	14	1	26	26	14	23	2	2	23	4	3	20	27	7	27	14	14	27	2	18	3	1	1	23	10	1	14	14	2	27	14	17	2	22	23	2	2	27	14	11	14	3	11	14	3	26	25	14	4	26	3	26	14	16	14	3	14	24	14	14	5	7	14	14	26	15	14	23	23	20	23	10	23	23	14	27	14	23	14	2	27	20	14	7	2	23	16	6	27	19	7	27	22	22	14	11	26	14	2	14	4	3	3	3	23	14	14	14	2	14	14	7	15	14	7	11	14	20	20	26	14	26	11	1	27	7	11	14	20	2	14	2	3	27	5	27	18	7	2	20	14	23	3	26	14	8	14	14	2	2	3	12	14	4	24	15	14	14	26	14	14	27	23	26	2	2	2	14	11	2	23	12	4	3	23	20	2	14	14	27	23	20	20	10	27	20	27	14	1	1	26	14	2	26	14	23	16	23	14	14	14	1	4	22	15	14	8	14	27	11	15	3	11	1	23	3	2	23	27	3	14	1	14	4	22	14	2	14	26	26	26	7	27	20	2	23	1	26	11	1	26	14	4	23	23	14	3	24	14	4	27	14	23	14	14	27	11	14	1	2	3	14	14	23	12	14	26	12	14	27	2	22	23	2	26	2	23	1	26	19	8	19	27	3	25	14	16	26	14	14	24	2	14	3	3	14	4	14	1	1	14	14	27	14	3	1	14	14	10	10	1	12	2	23	27	14	17	26	27	23	2	7	16	16	27	27	19	7	27	3	27	25	14	24	14	14	14	14	2	14	14	16	14	4	20	2	24	14	14	9	9	14	27	7	8	1	26	23	4	26	23	8	23	14	2	27	20	2	14	14	27	6	14	14	7	27	21	14	2
DUE_DATE
0	30427	29996	30525	30094	29603	29652	29707	29756	30825	30394	29903	30492	29987	30016	30585	31094	30103	30132	30161	30730	30219	30248	30840	30342	32124	30966	30468	30510	30552	30587	31156	31665	31214	30703	30732	30761	30790	31359	30848	32627	31456	30945	30974	31543	31032	31601	31090	32139	31688	31179	31200	31761	31242	31263	31284	31305	33066	32367	31368	33129	32430	33171	32472	32527	32096	31605	33394	32243	31752	31785	31812	32859	31866	33633	33660	32967	32514	33741	33768	32595	32082	32106	33870	32694	32178	32202	33966	32790	33294	32298	34062	33366	33415	34172	33489	34246	33083	32580	34357	32654	33257	32776	32835	33434	32953	33997	33536	34035	33574	34793	34092	34831	33110	34149	33148	33167	33186	33205	33224	33783	35057	34396	33975	33494	34573	34125	35352	34659	34686	33693	35460	33747	33774	33801	34368	33855	35631	34464	33957	35010	35763	35796	35109	35862	35175	34174	34190	35946	34222	34778	34254	34810	34286	36042	34858	34334	36090	35386	36122	35418	35434	34970	34446	34491	35064	34557	34590	34623	35196	36429	35262	34755	36540	35862	35424	36666	35988	36030	35592	35091	36144	35157	35730	35223	35256	37029	35322	37095	37125	36432	37179	36486	36513	36060	35547	35574	37341	35628	36195	35695	35732	36789	35806	37583	37620	36937	36494	37731	37044	36597	36630	36123	36156	36189	36762	36255	36281	38044	37347	36890	38113	37416	36959	38182	37485	37028	37051	36534	37577	36581	36604	36627	36650	37213	38436	37259	36742	37785	38528	37831	38574	36857	37905	36912	36939	36966	36993	38040	37587	37074	38841	37668	37155	38197	37736	38955	38254	38993	37272	39031	37850	37329	37888	37367	37926	37405	39164	37443	37507	38576	38625	39394	38723	39492	38837	38416	37935	37994	38593	38107	38156	38205	39994	38843	39372	39405	38952	40179	39486	40233	39060	38547	39594	40341	39168	38655	38681	38704	38727	38750	39793	39816	40559	39862	39405	40628	39451	38934	39977	40717	38996	39555	39034	39593	39072	40831	39650	40149	40888	40187	40206	40945	39224	39243	39300	41082	39924	39426	39468	40050	40572	40127	39616	40665	41414	40723	40272	41501	39790	40359	40868	40447	39956	40005	40054	40643	41892	40191	41244	40257	41310	42063	41376	42129	40422	41475	42235	40532	40569	40606	41183	40680	41257	40754	41820	40842	41904	41466	42708	42030	42792	41640	42882	41184	41766	41268	41850	41352	41407	41456	41505	42574	43343	42672	42711	43464	42297	41790	42363	42396	41889	41922	41955	42521	43024	43767	43070	42613	43836	43139	42682	43905	42188	43231	42234	42257	42307	42356	42945	42454	44243	43572	43197	43776	44595	43920	44682	44004	43026	43068	44130	44892	43257	43896	43455	44021	45244	43527	45290	44113	44616	44639	45382	44685	44228	43711	43734	45497	43795	43832	44409	43906	44963	44520	44557	45794	45847	45176	45225	45994	44843	44352	45477	45096	44655	44717	44776	45375	44894	46693	45017	46096	46155	46934	46273	45897	45456	46575	46131	45624	45657	46230	45723	47496	47529	45822	46875	45895	46952	47709	47026	46583	46080	47857	46694	46735	46232	46809	46306	46343	46920	48157	46454	47537	48316	47655	48434	47773	47347	46856	47445	46954	47543	47052	47095	47132	48909	48946	47243	48300	48337	47894	49119	48420	47961	47442	48483	48024	47505	47526	47547	48108	49329	47610	48651	49392	48777	49596	48975	48535	48572	48069	49126	48143	48180	48757	48254	48835	50072	50109	48946	50183	49500	50257	49574	49147	50396	48705	48754	49823	48852	48882	49446	48930	50694	49518	49542	50766	50070	50094	50838	50142	49686	49185	50232	49779	49266	49293	49320	49887	51114	49401	50448	51195	50515	50072	51309	50626	49643	50700	50257	49754	49791	49824	50397	49890	49923	51696	51009	50022	51795	51115	51872	51189	50206	51983	50820	50857	50354	50925	50412	50439	52206	50493	51540	51087	52314	51621	52368	51675	51247	50756	52545	51394	50903	51492	50982	51006	51570	52794	52098	51642	52866	52170	52914	52218	51762	51246	52315	51872	51369	51406	51443	52020	53257	51554	52605	53352	52659	53406	52713	52260	51747	52794	51801	51828	51855	51882	52446	51930	53694	51978	53742	53766	53070	53814	53118	53862	52686	52195	53252	52809	52306	52343	52920	54157	52994	52491	53544	53097	54330	53643	54396	53709	54462	53295	52817	52876	53475	52994	53053	54815	54112	53649	54866	54163	54900	54197	53734	54231	53228	54265	53802	53279	53296	53313	53870	55087	53957	53476	53535	55334	54673	55435	55472	54789	53806	55583	53880	53917	53954	54557	54076	54675	54194	55273	55311	56064	55377	54930	54423	54996	54489	56262	55095	54585	55152	54639	54666	56433	55260	54747	56514	55821	56568	55875	56672	56026	55620	56174	55185	55752	55239	55266	57033	55320	56367	56394	57141	56448	55995	55607	57496	56335	55832	57609	57646	56963	57720	57757	56054	57152	56206	57300	58094	57405	56952	58179	58206	57033	58260	57567	58314	57621	58368	57675	56957	58077	57696	58995	58311	59064	58377	57930	59163	57456	59229	59262	59295	58627	59396	58725	59494	58343	57852	59657	58996	59775	59114	58693
TRANSPORT_MODE
0	2	1	1	0	0	0	0	2	1	1	2	0	0	0	0	1	1	1	0	0	0	0	0	0	1	1	2	0	0	0	0	1	1	2	0	0	0	0	0	1	1	2	0	0	0	0	0	1	1	1	0	0	0	0	0	0	3	1	1	0	0	0	0	2	1	1	3	0	0	0	0	1	1	2	0	0	0	0	0	1	1	1	3	0	0	0	0	0	1	1	1	0	0	0	0	0	2	1	3	0	0	0	0	0	1	1	1	0	0	0	0	0	2	1	1	0	0	0	0	0	3	1	1	2	0	0	0	0	1	1	1	0	0	0	0	0	3	1	1	2	0	0	0	0	0	1	1	1	0	0	0	0	0	3	1	2	0	0	0	0	1	1	1	0	0	0	0	0	0	3	1	1	0	0	0	0	0	2	1	1	1	0	0	0	0	3	1	1	0	0	0	0	0	2	1	1	3	0	0	0	0	1	1	1	0	0	0	0	0	0	2	1	1	0	0	0	0	3	1	1	0	0	0	0	0	0	2	1	1	0	0	0	0	0	3	1	1	1	0	0	0	2	1	0	1	0	0	0	0	0	3	1	1	2	0	0	0	0	1	1	1	0	0	0	0	0	3	1	2	0	0	0	0	0	1	1	1	0	0	0	0	0	3	1	1	0	0	0	0	0	2	1	1	3	0	0	0	0	1	1	1	0	0	0	0	0	2	1	1	3	0	0	0	0	1	1	1	0	0	0	0	0	0	2	1	3	0	0	0	0	1	1	1	0	0	0	0	0	0	2	1	1	0	0	0	0	3	1	1	2	0	0	0	0	1	1	3	0	0	0	0	0	1	1	1	2	0	0	0	0	1	1	3	0	0	0	0	0	0	1	1	2	0	0	0	0	1	1	1	0	0	0	0	0	0	3	1	2	0	0	0	0	1	1	1	0	0	0	0	0	3	1	1	0	0	0	0	0	2	1	1	3	0	0	0	0	0	1	1	1	0	0	0	0	0	2	1	3	0	0	0	0	1	1	1	0	0	0	0	0	0	2	1	1	0	0	0	0	0	3	1	1	0	0	0	0	2	1	1	0	0	0	0	0	3	1	1	1	0	0	0	0	2	1	1	0	0	0	0	0	0	3	1	1	0	0	0	0	2	1	1	0	0	0	0	0	0	3	1	1	0	0	0	0	2	1	1	0	0	0	0	0	3	1	1	0	0	0	0	0	2	1	1	1	0	0	0	0	3	1	1	0	0	0	0	0	0	2	1	1	0	0	0	0	3	1	1	0	0	0	0	0	0	1	2	1	0	0	0	0	3	1	1	0	0	0	0	0	2	1	1	0	0	0	0	0	1	3	1	1	0	0	0	0	2	1	1	0	0	0	0	0	3	1	1	0	0	0	0	0	2	1	1	0	0	0	0	0	1	3	1	0	0	0	0	0	2	1	1	0	0	0	0	0	3	1	1	0	0	0	0	1	2	1	1	0	0	0	0	0	3	1	1	0	0	0	0	0	1	1	1	0	0	0	0	3	1	1	0	0	0	0	0	0	2	1	1	0	0	0	0	3	1	1	0	0	0	0	0	2	1	1	0	0	0	0	0	3	1	1	1	0	0	0	0	2	1	1	0	0	0	0	0	1	1	1	0	0	0	0	0	2	1	1	0	0	0	0	0	3	1	1	0	0	0	0	0	2	1	1	0	0	0	0	3	1	1	0	0	0	0	0	3	1	1	3	0	0	0	0	1	1	1	0	0	0	0	0	1	1	3	0	0	0	0	0	1	1	1	0	0	0	0	0	3	1	1	0	0	0	0	0	3	1	1	0	0	0	0	0
PATIENT_WEIGHT
107	83	59	122	85	55	53	149	72	76	61	63	129	143	30	30	118	133	78	32	39	76	107	120	59	59	52	52	33	53	132	133	133	116	149	39	74	132	121	65	118	126	50	69	75	135	66	41	36	98	150	52	141	144	101	52	91	149	144	118	44	98	111	115	139	141	41	125	63	74	125	134	103	125	148	79	48	90	76	123	146	47	31	76	89	61	123	126	103	92	127	97	134	51	125	79	129	135	90	32	104	53	122	135	125	60	87	37	112	81	133	108	93	48	109	82	142	138	114	55	98	136	118	66	129	39	139	83	69	50	88	30	88	125	113	77	122	66	36	77	34	47	119	67	50	135	63	118	85	66	73	54	56	58	101	107	50	53	97	147	65	69	116	126	148	145	109	122	43	102	146	57	50	54	109	100	84	131	103	147	120	89	66	95	101	76	98	104	66	125	39	93	137	54	71	69	101	92	69	88	84	141	147	60	63	60	89	101	128	84	112	69	85	132	127	81	142	113	75	114	119	57	76	142	112	70	44	73	133	128	88	124	74	57	145	118	31	115	137	150	126	55	120	38	36	130	71	127	75	145	73	40	114	73	37	121	59	125	44	65	70	57	39	107	110	50	100	126	145	56	85	45	69	69	128	140	129	56	121	140	150	34	42	97	107	81	120	58	149	88	61	139	138	41	127	73	48	70	49	144	101	95	126	148	32	136	133	54	119	124	70	135	149	71	139	84	67	136	62	133	69	144	101	143	130	100	78	57	73	68	149	49	147	101	47	118	80	100	51	44	116	128	39	38	129	105	39	108	32	33	138	36	145	119	114	115	123	116	81	31	107	130	131	131	33	63	104	66	88	57	40	123	50	85	33	85	70	36	36	143	80	65	62	46	103	77	36	104	87	48	95	62	143	94	143	133	85	97	52	96	115	123	145	138	116	36	132	118	39	139	116	146	91	138	105	103	150	113	72	144	84	114	123	74	95	98	147	120	99	128	114	148	54	41	46	110	76	51	74	131	121	141	43	150	113	52	102	35	131	116	114	32	128	43	146	74	123	36	102	143	121	50	142	68	68	108	122	66	128	61	60	141	64	117	47	43	100	108	106	77	38	33	59	74	145	82	149	68	73	55	36	69	57	41	124	80	84	149	48	110	53	54	56	62	122	59	119	148	83	106	47	71	134	57	114	93	61	104	31	78	137	117	56	114	63	133	56	56	84	87	102	51	44	129	73	61	46	130	94	89	115	105	88	61	54	128	92	131	139	96	109	63	71	105	98	109	101	125	52	117	89	128	117	111	135	56	64	65	76	35	38	131	33	91	117	150	33	148	66	144	115	47	110	83	65	70	70	66	87	145	57	111	129	36	130	141	139	38	34	32	57	103	108	40	148	121	69	103	138	143	90	138	138	53	142	70	141	133	90	141	104	93	79	150	32	116	98	69	137	125	121	84	107	134	129	129	44	147	130	45	44	63	133	135	32	150	110	109	145	108	67	60	97	94	138	44	68	33	59	95	31	95	148	98	54	70	100	37	39	46	92	108	123	72	136	106	55	72	84	76	144	137	86	72	77	98	57	38	92	83	123	121	69	50	114	131	87	71	65	90	136	40	71	63	127	71	105	103	120	144	139	55	54	32	33	82	112	141	83	43	83	150	36	124	124	58	145	72	62	51	136	117	69	82	112	136	49	34	47	47	45	123	34	92	104	94	54	148	112	137	136	61	65	80	129	98	113	96	56	123	40	46	75	85	63	32	33	33	78	53	140	40	145	31	95	107	89	124	146	38	61	42	128	111	123	39	126	119	87	51	84	125	88	51	71	54	46	70	131	50	118
DISTANCE_MATRIX
0	360	318	300	288	276	264	264	150	150	150	60	90	90	162	168	204	228	234	312	360	408	348	318	168	192	168	318
360	60	264	318	324	342	342	342	348	348	354	360	372	378	378	420	420	480	462	498	462	462	384	420	372	420	378	378
318	264	60	270	276	288	288	288	294	294	294	318	318	324	324	414	414	468	462	486	462	462	330	366	366	408	372	324
300	318	270	60	276	288	288	288	288	288	288	300	300	312	318	408	408	468	462	486	438	438	318	360	360	402	360	312
288	324	276	276	60	276	276	276	276	276	276	288	288	300	300	402	396	462	456	480	432	432	300	360	360	402	348	300
276	342	288	288	276	60	180	180	252	258	264	264	264	288	288	390	390	456	450	480	432	432	288	348	348	348	288	288
264	342	288	288	276	180	60	180	246	258	264	264	264	288	288	390	390	456	450	480	432	432	288	348	348	348	288	288
264	342	288	288	276	180	180	60	240	258	264	264	264	288	288	390	390	456	450	480	432	432	288	348	348	348	288	288
150	348	294	288	276	252	246	240	60	120	120	150	126	270	270	378	384	420	438	480	420	408	276	300	300	300	276	270
150	348	294	288	276	258	258	258	120	60	120	150	150	270	270	378	384	420	438	480	420	408	276	300	300	300	276	270
150	354	294	288	276	264	264	264	120	120	60	150	150	270	270	378	384	420	438	480	420	408	276	300	300	300	276	270
60	360	318	300	288	264	264	264	150	150	150	60	90	162	168	228	234	312	360	408	348	318	168	192	192	198	168	162
90	372	318	300	288	264	264	264	150	150	150	90	60	162	168	228	234	312	360	408	348	318	168	192	192	198	168	162
90	378	324	312	300	288	288	288	270	270	270	162	162	60	120	180	180	306	210	360	300	300	120	180	120	180	120	234
162	378	324	318	300	288	288	288	270	270	270	168	168	120	60	180	180	306	210	360	300	300	120	180	120	180	120	120
168	420	414	408	402	348	348	348	300	300	300	228	228	180	180	60	132	204	132	348	258	258	186	60	180	132	222	180
204	420	414	408	396	390	390	390	384	384	384	234	234	180	180	132	60	204	132	348	258	258	186	60	180	132	222	180
228	480	468	468	462	456	456	456	420	420	420	312	312	306	306	204	204	60	198	120	240	240	306	204	306	138	306	306
234	462	462	462	456	450	450	450	438	438	438	360	360	210	210	132	132	198	60	138	132	132	210	132	210	132	210	210
312	498	486	486	480	480	480	480	480	480	480	408	408	360	360	348	348	120	138	60	348	348	360	348	360	348	360	360
360	462	462	438	432	432	432	432	420	420	420	348	348	300	300	258	258	240	132	348	60	60	300	258	300	258	300	300
408	462	462	438	432	432	432	432	408	408	408	318	318	300	300	258	258	240	132	348	60	60	300	258	300	258	300	300
348	384	330	318	300	288	288	288	276	276	276	168	168	120	120	186	186	306	210	360	300	300	60	186	120	186	120	120
318	420	366	360	360	348	348	348	300	300	300	192	192	180	180	60	60	204	132	348	258	258	186	60	180	60	180	180
168	372	300	306	300	288	288	288	270	270	270	168	168	120	120	180	180	306	210	360	300	300	120	180	60	180	120	120
192	420	408	402	402	348	348	348	300	300	300	198	198	180	180	132	132	138	132	348	258	258	186	60	180	60	180	180
168	378	372	360	348	288	288	288	276	276	276	168	168	120	120	222	222	306	210	360	300	300	120	180	120	180	60	120
318	378	324	312	300	288	288	288	270	270	270	162	162	234	120	180	180	306	210	360	300	300	120	180	120	180	120	60
DEPOTS_DISTANCE
234	462	462	462	456	450	450	450	438	438	438	360	360	210	210	132	132	198	60	138	132	132	210	132	210	132	210	210	
348	384	330	318	300	288	288	288	276	276	276	168	168	120	120	186	186	306	210	360	300	300	60	186	120	186	120	120	
318	420	366	360	360	348	348	348	300	300	300	192	192	180	180	60	60	204	132	348	258	258	186	60	180	60	180	180	
LOCATION_TURN_MATRIX
100	130	122	113	112	199	136	122	129	152	173	146	151	136	158	140	176	113	122	167	194	134	110	172	114	184	100	147	
170	100	154	188	164	169	136	136	152	170	104	183	155	115	101	104	155	187	174	115	149	134	178	168	114	135	168	102	
178	146	100	161	178	114	104	165	117	139	126	169	192	109	120	179	160	152	154	134	113	140	154	179	196	196	192	181	
187	112	139	100	158	114	195	181	104	132	195	106	183	169	132	170	140	136	172	148	116	110	123	136	151	120	176	169	
188	136	122	142	100	175	164	159	112	100	167	164	135	191	132	181	104	123	142	156	108	117	193	182	116	147	156	185	
101	131	186	186	125	100	190	147	164	150	137	102	145	176	185	131	113	108	117	186	118	151	140	178	154	189	172	110	
164	164	196	105	136	110	100	186	153	151	183	193	111	157	144	123	188	142	110	163	105	190	166	187	170	171	186	126	
178	164	135	119	141	153	114	100	106	130	108	103	151	178	122	151	130	133	184	177	110	141	166	110	122	174	191	197	
171	148	183	196	188	136	147	194	100	167	100	146	168	129	128	142	172	118	174	147	105	158	156	160	120	106	119	136	
148	130	161	168	200	150	149	170	133	100	177	106	175	116	188	180	176	194	108	146	130	187	183	173	128	141	169	176	
127	196	174	105	133	163	117	192	200	123	100	171	175	140	183	115	104	186	128	153	151	175	100	146	191	117	132	197	
154	117	131	194	136	198	107	197	154	194	129	100	136	184	140	147	172	184	148	131	103	156	185	200	152	158	154	143	
149	145	108	117	165	155	189	149	132	125	125	164	100	140	199	142	101	144	163	185	117	191	200	143	113	165	102	154	
164	185	191	131	109	124	143	122	171	184	160	116	160	100	109	116	196	113	131	186	166	139	183	175	144	161	105	170	
142	199	180	168	168	115	156	178	172	112	117	160	101	191	100	147	177	177	199	158	172	188	164	175	180	168	154	195	
160	196	121	130	119	169	177	149	158	120	185	153	158	184	153	100	152	159	197	157	181	159	102	123	168	200	124	186	
124	145	140	160	196	187	112	170	128	124	196	128	199	104	123	148	100	149	114	112	117	135	105	132	138	180	198	156	
187	113	148	164	177	192	158	167	182	106	114	116	156	187	123	141	151	100	166	132	168	163	159	123	129	173	161	116	
178	126	146	128	158	183	190	116	126	192	172	152	137	169	101	103	186	134	100	184	199	137	130	160	148	113	140	150	
133	185	166	152	144	114	137	123	153	154	147	169	115	114	142	143	188	168	116	100	111	195	128	157	191	164	141	171	
106	151	187	184	192	182	195	190	195	170	149	197	183	134	128	119	183	132	101	189	100	129	151	163	147	166	104	177	
166	166	160	190	183	149	110	159	142	113	125	144	109	161	112	141	165	137	163	105	171	100	101	185	169	129	103	197	
190	122	146	177	107	160	134	134	144	117	200	115	100	117	136	198	195	141	170	172	149	199	100	106	150	116	118	145	
128	132	121	164	118	122	113	190	140	127	154	100	157	125	125	177	168	177	140	143	137	115	194	100	128	167	115	155	
186	186	104	149	184	146	130	178	180	172	109	148	187	156	120	132	162	171	152	109	153	131	150	172	100	155	124	184	
116	165	104	180	153	111	129	126	194	159	183	142	135	139	132	100	120	127	187	136	134	171	184	133	145	100	129	192	
200	132	108	124	144	128	114	109	181	131	168	146	198	195	146	176	102	139	160	159	196	197	182	185	176	171	100	146	
153	198	119	131	115	190	174	103	164	124	103	157	146	130	105	114	144	184	150	129	123	103	155	145	116	108	154	100	
DEPOTS_TO_LOCAL_TURN_MATRIX
178	126	146	128	158	183	190	116	126	192	172	152	137	169	101	103	186	134	100	184	199	137	130	160	148	113	140	150	
190	122	146	177	107	160	134	134	144	117	200	115	100	117	136	198	195	141	170	172	149	199	100	106	150	116	118	145	
128	132	121	164	118	122	113	190	140	127	154	100	157	125	125	177	168	177	140	143	137	115	194	100	128	167	115	155	
LOCAL_TO_DEPOT_TURN_MATRIX
122	174	154	172	142	117	110	184	174	108	128	148	163	131	199	197	114	166	100	116	101	163	170	140	152	187	160	150	
110	178	154	123	193	140	166	166	156	183	100	185	200	183	164	102	105	159	130	128	151	101	100	194	150	184	182	155	
172	168	179	136	182	178	187	110	160	173	146	200	143	175	175	123	132	123	160	157	163	185	106	100	172	133	185	145	

