INDEX_PROBLEM
1
PATIENTS
800
STRETCHERS
16
NUM_ROOM
28
NUM_DEPOT
3
NUM_PRIORITY
4
PRIORITY_LIST
0	1	2	3	4
PRIORITY_WEIGHT
0	1	10	18	30
PRIORITY_JOB
0	2	3	1	3	3	3	4	2	3	2	2	3	3	3	2	3	4	2	3	4	3	3	2	3	1	2	3	3	4	4	3	2	3	4	3	3	4	2	3	1	2	3	2	3	4	2	3	3	3	4	1	3	3	4	2	3	1	2	3	1	2	1	1	1	2	3	4	4	3	3	3	4	1	2	3	2	1	1	2	1	1	2	3	1	2	3	4	3	2	3	1	2	1	1	2	1	2	3	4	1	2	3	3	3	3	2	3	1	2	2	1	2	1	2	3	2	2	4	3	4	3	1	3	4	1	1	2	1	2	2	3	1	3	3	4	2	3	1	2	3	2	1	1	2	2	3	1	4	3	3	2	3	4	1	2	3	2	1	1	1	2	3	4	1	3	3	2	3	4	2	1	2	2	1	2	1	1	3	3	2	4	3	3	3	2	1	3	1	1	2	2	1	1	2	3	2	1	3	4	3	3	3	4	1	1	2	2	1	1	2	3	2	1	2	3	4	3	2	3	4	1	1	2	1	2	1	2	3	2	3	2	3	4	3	1	3	2	1	2	1	2	1	3	1	2	3	4	3	2	3	1	3	4	2	1	1	2	2	3	1	1	4	3	3	2	3	2	3	2	3	1	1	2	1	4	1	2	3	3	4	2	3	4	1	3	2	2	1	2	1	3	2	1	3	3	3	4	2	3	1	2	1	2	1	2	1	3	2	3	3	3	3	2	3	1	4	1	1	1	2	2	1	2	3	2	3	4	3	3	2	1	4	1	1	1	2	2	1	2	2	2	3	3	4	3	3	1	3	2	1	1	1	2	2	3	1	2	4	2	3	2	3	1	4	2	1	1	1	2	2	3	4	1	4	3	2	3	3	2	1	3	2	1	1	1	2	3	4	1	3	3	2	3	4	3	2	1	2	2	1	2	1	3	3	3	2	4	2	3	1	1	3	1	1	2	1	1	2	2	4	2	3	4	3	3	2	3	1	1	2	1	2	1	1	2	3	4	2	3	3	3	2	1	3	1	2	1	2	2	1	1	2	3	2	3	4	4	3	3	1	4	1	2	1	2	1	2	3	1	3	2	3	2	3	2	1	4	1	1	2	2	1	2	3	1	4	3	3	2	3	2	1	3	2	1	1	2	2	3	4	1	3	3	2	3	4	4	2	1	2	1	2	1	1	3	3	1	3	3	2	3	2	2	1	3	1	2	1	1	2	1	2	4	3	4	3	2	3	2	1	3	1	2	1	1	2	1	2	3	2	3	3	3	2	3	1	4	1	2	1	2	1	1	2	3	3	4	3	3	4	2	1	3	1	1	2	1	1	2	3	2	3	2	3	1	1	1	3	2	1	2	1	1	4	2	3	3	3	2	3	4	1	1	2	3	2	1	2	2	4	2	3	3	3	2	3	4	1	1	2	3	1	1	1	1	2	3	4	3	3	2	3	4	1	1	2	2	2	1	1	1	1	3	3	3	3	3	3	2	2	1	3	2	1	1	2	1	4	1	2	3	3	4	3	3	1	2	3	2	2	1	1	1	1	2	3	2	3	4	3	3	2	1	3	2	1	2	2	4	1	2	2	3	3	3	1	1	1	3	1	1	2	1	1	3	2	3	4	3	2	3	4	3	1	1	2	2	1	2	1	4	2	3	3	3	2	3	4	1	2	3	1	2	1	2	1	2	3	1	3	3	2	3	1	2	3	2	1	1	2	4	1	1	3	1	2	1	1	2	1	4	2	1	2	1	1	2	1	3	1	2	1	2	1	2	1	3	4	1	1	1	2	2	1	2	3	1	1	1	1	2	2	1	2	3	1	1	2	1	2
TIME_ASKED
0	28849	28898	28947	28996	29045	29094	29149	29198	29247	29296	29345	29394	29429	29458	29487	29516	29545	29574	29603	29632	29661	29690	29742	29784	29826	29868	29910	29952	29994	30029	30058	30087	30116	30145	30174	30203	30232	30261	30290	30329	30358	30387	30416	30445	30474	30503	30532	30561	30590	30621	30642	30663	30684	30705	30726	30747	30768	30789	30810	30831	30852	30873	30894	30949	30998	31047	31096	31145	31194	31227	31254	31281	31308	31335	31362	31389	31416	31443	31470	31497	31524	31548	31572	31596	31620	31644	31668	31692	31716	31740	31764	31788	31837	31874	31911	31948	31985	32022	32059	32096	32159	32218	32277	32336	32395	32419	32438	32457	32476	32495	32514	32533	32552	32571	32590	32609	32628	32647	32666	32685	32759	32818	32877	32936	32995	33027	33054	33081	33108	33135	33162	33189	33216	33243	33270	33297	33333	33366	33399	33432	33465	33498	33531	33564	33597	33616	33632	33648	33664	33680	33696	33712	33728	33744	33760	33776	33792	33808	33824	33840	33856	33872	33888	33933	33966	33999	34032	34065	34098	34131	34164	34197	34242	34284	34326	34368	34410	34452	34494	34533	34566	34599	34632	34665	34698	34731	34764	34797	34827	34854	34881	34908	34935	34962	34989	35016	35043	35070	35097	35137	35174	35211	35248	35285	35322	35359	35396	35433	35466	35499	35532	35565	35598	35631	35664	35697	35723	35746	35769	35792	35815	35838	35861	35884	35907	35930	35953	35976	35999	36023	36046	36069	36092	36115	36138	36161	36184	36207	36230	36253	36276	36299	36327	36354	36381	36408	36435	36462	36489	36516	36543	36570	36597	36619	36638	36657	36676	36695	36714	36733	36752	36771	36790	36809	36828	36847	36866	36885	36949	36998	37047	37096	37145	37194	37259	37318	37377	37436	37495	37549	37598	37647	37696	37745	37794	37827	37854	37881	37908	37935	37962	37989	38016	38043	38070	38097	38123	38146	38169	38192	38215	38238	38261	38284	38307	38330	38353	38376	38399	38419	38438	38457	38476	38495	38514	38533	38552	38571	38590	38609	38628	38647	38666	38685	38742	38784	38826	38868	38910	38952	38994	39029	39058	39087	39116	39145	39174	39203	39232	39261	39290	39349	39398	39447	39496	39545	39594	39633	39666	39699	39732	39765	39798	39831	39864	39897	39937	39974	40011	40048	40085	40122	40159	40196	40242	40284	40326	40368	40410	40452	40494	40542	40584	40626	40668	40710	40752	40794	40849	40898	40947	40996	41045	41094	41133	41166	41199	41232	41265	41298	41331	41364	41397	41423	41446	41469	41492	41515	41538	41561	41584	41607	41630	41653	41676	41699	41749	41798	41847	41896	41945	41994	42099	42198	42297	42342	42384	42426	42468	42510	42552	42594	42699	42798	42897	42923	42946	42969	42992	43015	43038	43061	43084	43107	43130	43153	43176	43199	43237	43274	43311	43348	43385	43422	43459	43496	43549	43598	43647	43696	43745	43794	43899	43998	44097	44159	44218	44277	44336	44395	44459	44518	44577	44636	44695	44799	44898	44997	45033	45066	45099	45132	45165	45198	45231	45264	45297	45337	45374	45411	45448	45485	45522	45559	45596	45637	45674	45711	45748	45785	45822	45859	45896	45959	46018	46077	46136	46195	46249	46298	46347	46396	46445	46494	46537	46574	46611	46648	46685	46722	46759	46796	46821	46842	46863	46884	46905	46926	46947	46968	46989	47010	47031	47052	47073	47094	47199	47298	47397	47437	47474	47511	47548	47585	47622	47659	47696	47737	47774	47811	47848	47885	47922	47959	47996	48049	48098	48147	48196	48245	48294	48324	48348	48372	48396	48420	48444	48468	48492	48516	48540	48564	48588	48627	48654	48681	48708	48735	48762	48789	48816	48843	48870	48897	48937	48974	49011	49048	49085	49122	49159	49196	49233	49266	49299	49332	49365	49398	49431	49464	49497	49537	49574	49611	49648	49685	49722	49759	49796	49827	49854	49881	49908	49935	49962	49989	50016	50043	50070	50097	50149	50198	50247	50296	50345	50394	50424	50448	50472	50496	50520	50544	50568	50592	50616	50640	50664	50688	50737	50774	50811	50848	50885	50922	50959	50996	51027	51054	51081	51108	51135	51162	51189	51216	51243	51270	51297	51324	51348	51372	51396	51420	51444	51468	51492	51516	51540	51564	51588	51637	51674	51711	51748	51785	51822	51859	51896	51933	51966	51999	52032	52065	52098	52131	52164	52197	52259	52318	52377	52436	52495	52517	52534	52551	52568	52585	52602	52619	52636	52653	52670	52687	52704	52721	52738	52755	52772	52789	52859	52918	52977	53036	53095	53137	53174	53211	53248	53285	53322	53359	53396	53459	53518	53577	53636	53695	53733	53766	53799	53832	53865	53898	53931	53964	53997	54027	54054	54081	54108	54135	54162	54189	54216	54243	54270	54297	54374	54448	54522	54596	54627	54654	54681	54708	54735	54762	54789	54816	54843	54870	54897	55049	55198	55237	55274	55311	55348	55385	55422	55459	55496	55574	55648	55722	55796	55827	55854	55881	55908	55935	55962	55989	56016	56043	56070	56097	56399	56499	56598	56697	56733	56766	56799	56832	56865	56898	56931	56964	56997	57049	57098	57147	57196	57245	57294	57359	57418	57477	57536	57595
ORIGIN
26	16	6	23	19	7	27	23	1	1	23	2	26	14	14	14	23	14	14	23	14	4	26	16	16	26	16	7	9	14	27	7	23	9	2	14	11	2	23	13	2	14	14	3	2	14	20	14	14	6	27	18	7	27	20	8	18	14	10	2	22	23	2	26	1	3	23	14	14	24	15	5	1	27	7	4	4	26	14	3	14	1	23	11	20	23	13	2	20	20	3	5	5	15	14	1	7	1	18	7	14	20	8	1	14	14	1	27	20	20	2	14	14	27	14	4	24	15	4	26	23	6	14	26	10	10	2	14	14	23	10	2	2	12	2	23	14	16	14	14	16	27	27	7	14	7	7	27	1	8	1	23	10	1	23	11	3	14	14	14	14	3	4	24	15	4	26	16	8	27	26	26	2	14	14	14	3	1	2	23	12	2	23	14	3	26	14	14	27	11	14	1	25	14	27	20	8	23	23	9	23	23	20	2	24	14	14	27	14	14	14	14	4	20	16	5	14	23	17	27	2	14	14	3	14	14	2	12	2	23	14	3	23	14	6	14	27	11	14	1	25	14	3	8	27	23	9	1	23	11	3	2	12	14	4	27	14	1	27	4	26	4	5	26	17	7	2	26	2	14	14	14	14	10	27	2	23	13	3	23	14	4	27	27	11	14	1	25	14	3	26	27	23	14	1	23	10	2	22	14	2	27	14	14	27	15	14	26	16	5	26	16	7	23	9	14	3	14	14	3	9	20	27	23	13	2	23	14	3	24	20	16	1	7	14	3	26	14	23	17	8	1	23	10	2	23	12	23	26	14	14	27	14	14	19	15	5	26	16	7	27	26	8	23	14	14	3	16	20	27	17	13	2	23	14	3	24	14	1	26	1	14	1	26	14	2	11	8	1	23	10	1	14	12	2	23	14	14	27	14	14	27	11	4	26	16	6	27	14	7	14	14	3	3	14	20	2	14	12	2	23	14	3	24	14	4	27	14	7	1	26	14	1	26	23	1	23	10	1	23	14	2	27	14	14	14	14	3	14	27	11	1	16	6	27	19	7	27	22	3	3	14	2	26	23	14	11	23	14	3	23	14	4	27	14	14	14	1	14	1	26	14	23	23	9	1	23	11	2	23	23	23	27	14	14	27	2	14	2	16	5	27	18	7	27	20	8	3	2	17	2	22	23	2	2	14	3	14	14	4	24	15	5	1	25	14	4	26	14	23	2	9	1	23	11	2	23	12	23	27	14	14	27	15	14	27	27	5	26	10	7	27	20	8	3	23	14	2	27	20	2	14	14	3	23	14	4	24	15	4	26	25	14	3	26	14	2	14	8	1	23	10	2	23	12	14	27	14	3	15	14	27	11	1	5	26	16	7	27	20	8	27	14	3	9	9	2	14	14	26	2	23	14	3	24	14	4	26	26	14	26	26	14	2	14	14	1	23	10	2	23	12	2	14	14	14	27	14	14	27	11	3	26	16	7	27	19	8	27	14	14	3	16	20	2	14	14	3	23	14	3	24	14	4	1	1	1	27	14	14	2	26	14	3	23	10	1	23	12	2	23	27	14	27	14	14	27	11	14	8	16	6	27	19	7	27	8	14	1	23	2	22	14	2	5	23	14	3	23	14	4	26	16	1	26	16	7	26	14	23	23	23	9	1	23	11	2	23	13	2	14	14	27	11	14	1	23	27	6	3	18	7	27	21	14	14	23	2	22	23	2	27	27	14	3	14	14	4	25	16	1	1	16	5	26	14	3	14	14	9	1	23	14	2	23	13	27	23	14	27	20	14	1	7	14	5	27	18	7	27	20	8	23	23	10	1	27	23	2	7	23
DESTINATION
3	14	17	27	22	23	2	26	23	14	27	14	14	4	25	16	1	25	9	4	26	14	3	14	14	3	16	20	14	2	23	13	27	14	14	5	15	14	1	7	14	5	26	14	27	20	7	8	1	17	2	27	20	2	14	14	27	16	14	14	19	7	27	23	14	14	3	26	10	2	14	14	23	23	20	23	23	14	4	26	16	14	27	15	7	27	7	14	7	7	14	14	14	11	2	23	13	23	27	20	3	14	14	14	3	26	14	18	7	7	27	20	8	18	26	14	2	14	14	3	1	17	3	14	14	14	24	15	5	1	14	14	27	11	14	1	25	14	1	26	16	23	23	13	2	20	20	2	24	14	14	27	14	14	1	20	14	20	20	8	1	14	14	2	14	14	3	14	14	2	14	14	24	15	15	4	26	23	14	27	11	14	1	25	14	3	10	2	2	12	2	23	14	16	2	14	14	27	27	14	1	27	7	27	1	8	1	23	10	1	4	26	14	14	14	14	10	27	6	2	24	15	4	26	16	8	27	11	14	1	25	14	3	26	17	2	23	12	2	23	14	3	26	14	2	27	14	14	27	15	14	27	11	8	14	23	9	23	23	14	3	14	14	3	9	20	27	14	14	4	16	16	5	14	23	14	1	7	14	3	26	14	23	23	12	2	23	14	3	23	14	2	26	8	14	27	14	14	19	8	27	23	9	1	23	11	3	3	14	14	3	16	20	27	17	4	26	16	5	26	17	7	2	1	7	14	1	26	14	2	11	14	23	13	3	23	14	4	27	6	14	14	27	14	14	27	11	1	23	8	1	23	10	2	22	14	14	3	14	20	2	14	14	27	16	5	26	16	7	23	9	7	14	1	26	14	1	26	23	3	23	2	23	14	3	24	20	14	14	27	14	14	3	11	27	1	8	8	23	10	2	23	12	14	3	14	17	2	26	23	8	15	26	26	16	7	27	26	11	14	1	25	14	1	26	14	23	2	13	23	14	3	24	14	1	14	27	14	14	27	2	14	2	8	8	1	10	14	1	2	12	23	14	17	2	22	23	2	2	26	26	16	27	14	7	16	12	1	25	14	4	26	14	23	2	2	2	23	3	24	14	4	27	27	14	14	27	15	14	27	27	27	23	10	1	23	14	2	27	14	14	2	27	20	2	14	14	26	27	6	27	19	7	27	22	25	14	2	26	14	2	14	14	23	14	3	23	14	4	27	14	14	14	27	15	14	27	11	1	23	9	1	23	11	2	23	23	14	3	14	20	2	14	14	26	27	5	27	18	7	27	20	8	14	3	26	14	2	14	14	3	14	3	23	14	4	24	15	14	14	27	14	14	27	11	5	23	1	14	11	2	23	12	23	14	3	16	20	2	14	14	3	16	26	17	17	27	20	8	3	14	1	26	14	2	26	14	3	3	3	14	14	4	24	15	4	14	27	14	14	27	11	14	8	8	1	23	10	2	23	12	26	3	14	20	2	22	14	2	5	5	26	16	7	27	20	8	27	1	26	14	1	26	14	23	23	23	2	3	3	24	14	4	26	3	14	14	27	11	14	1	23	1	23	2	2	23	12	2	14	14	17	2	22	23	2	14	16	14	27	27	19	8	27	14	1	25	14	5	26	14	3	14	23	14	16	20	14	4	1	1	27	14	14	27	20	14	1	7	14	10	26	23	12	2	23	27	23	17	26	27	23	2	7	8	16	27	27	19	7	27	23	23	25	14	2	26	14	14	14	23	23	14	23	14	4	26	16	16	14	14	27	9	14	27	7	23	1	26	23	11	2	23	13	2	14	2	27	20	2	14	14	27	27	14	14	18	7	27	21	27
DUE_DATE
0	30427	29996	31245	30094	30143	30192	29707	30776	30345	30874	30923	30492	30527	30556	31065	30614	30103	31152	30701	30190	30759	30788	31320	30882	32124	31446	31008	31050	30552	30587	31156	31665	31214	30703	31272	31301	30790	31839	31388	32627	31936	31485	31994	31543	31032	32081	31630	31659	31688	31179	32940	31761	31782	31263	32304	31845	33066	32367	31908	33129	32430	33171	33192	33247	32576	32145	31654	31703	32292	32325	32352	31839	33606	32913	32460	32967	33714	33741	33048	33795	33822	33126	32670	33894	33198	32742	32226	32790	33294	32838	34062	33366	34135	34172	33489	34246	33563	33120	32617	34394	33737	33316	33375	33434	33493	33997	33536	34755	34054	34073	34812	34111	34850	34149	33688	34187	34206	33205	33764	33243	33857	35116	33975	33494	35293	35325	34632	35379	34686	34713	34260	35487	34314	34341	33828	34875	34431	35664	34977	34530	35043	35796	35829	35142	35175	34714	35930	34206	34762	34778	35274	34810	34286	36042	35338	34874	35370	36106	36122	36138	35434	34970	34446	36231	35064	35097	35610	35163	34656	35709	36462	35775	35820	36582	35904	36666	36708	35550	35592	36111	35124	35697	35730	35763	36276	37029	35862	37095	37125	36432	36459	37206	37233	36540	36087	36594	37341	36168	35655	36235	36272	36309	35806	37583	37620	36937	36974	37731	37764	37077	36630	37143	37896	37209	36762	36255	36821	37324	36867	36350	38113	38136	37439	38182	37485	38228	37531	37074	37577	37121	37624	37167	36650	37213	38436	37259	37762	38505	37808	38551	37854	38597	37425	38652	37959	37506	36993	37560	38067	37614	38841	37668	37155	38197	38936	38955	38254	38273	37812	39031	39050	37329	37888	37907	38406	37945	38444	37983	38527	38096	39345	39394	38723	39492	37817	39616	38955	38534	38593	38107	39176	38745	38254	40043	38892	39405	39432	40179	39486	40233	39060	39567	40314	39141	39168	39195	38681	39724	39267	40490	39793	40536	39839	40582	39885	40628	39451	39954	39497	39517	39536	39555	40054	39593	40812	39091	40850	40869	40888	40187	40206	40945	40244	39783	40320	39882	39384	39966	40008	40530	41292	39587	41356	41385	41414	40723	40752	41501	40810	40839	40868	40447	40496	40005	40594	40643	41892	40731	41244	41997	42030	42063	41376	41409	40962	42195	41515	40532	41589	41146	41663	41220	42457	40754	41820	42582	42624	42666	41988	42030	41592	41100	42882	41184	41766	42288	41850	41892	42427	43196	42045	42574	43343	43392	43431	42744	42297	41790	43563	42396	42429	42942	42495	41981	42544	43047	43790	43093	43116	43859	43162	43905	42728	42751	42774	43277	42307	43376	42945	44194	44243	43092	44397	44496	43875	44640	44682	44004	44046	43068	44130	43692	43257	43896	43995	44501	44044	45267	45290	44593	45336	44639	45382	45405	44708	44251	43734	44777	44335	44372	44409	44926	45683	44520	45757	45074	45847	45176	45225	45994	46043	45372	44997	45576	45195	44717	44776	45375	45434	46693	45017	46816	46155	46934	46273	47097	46476	46095	47331	46164	46677	46230	46743	46296	46809	47562	45855	47635	47672	46989	47026	47783	47100	46657	47894	46195	46772	46809	47326	46883	47400	48157	46994	47537	48316	48375	47714	47773	47347	46856	48645	47494	47543	48072	47635	47132	47169	48226	48983	48300	49057	48374	49119	49140	47961	47982	49203	48024	48045	48546	48087	48588	48609	49350	48171	49392	48777	49596	49695	49015	49772	49089	48106	48683	48180	48757	49274	48835	49352	50109	48946	50183	49500	50257	50294	49627	50396	49725	49294	49823	49392	49422	49446	49950	49494	50718	49002	50766	50070	50814	50118	50862	50886	50205	49752	49779	49266	49833	49860	49347	50394	51141	49968	51195	51235	50552	51309	51346	50663	50220	50737	50294	50811	50364	51597	51630	51663	50496	51009	51762	51075	51835	51872	50169	51226	50783	50820	50857	51374	50925	50412	52179	52206	51513	51060	51567	52314	51621	51648	50655	51727	51296	51345	51394	51923	51492	50982	52746	52770	52074	51618	52842	52866	52890	52914	52218	51762	51246	51835	51872	52389	51946	51443	53220	53257	52574	52605	52632	53379	53406	53433	53460	52287	52314	52341	52368	52395	52422	52926	52950	53694	52518	53022	53766	53790	53094	53838	52122	53886	53215	52772	52809	52306	52883	52920	54157	53474	53031	53544	53577	54330	54363	54396	54429	53742	53295	53837	53416	52935	53534	53593	54095	54832	53649	54146	54883	54180	54197	53194	54951	54248	54265	53802	53819	53836	55053	55070	55087	53957	55216	55275	54614	55393	55435	54272	54789	54346	53843	54420	54937	54494	54017	54616	55875	55934	55273	55311	56064	55377	56130	54423	55476	55029	55062	55095	55605	55152	54639	56406	55713	55260	56487	55794	56541	55848	56595	55952	55546	56820	55694	55725	56232	55779	57006	56313	55860	56367	57114	57141	56448	55455	57347	57496	56335	57572	56889	57646	57683	57000	57757	56054	57152	57946	57300	58094	58125	57432	58179	57006	58233	57540	58287	57594	58341	57648	58395	57497	57057	58896	58995	59031	58344	58377	59130	58443	57996	59229	59262	59295	59347	58676	58725	59494	58823	58392	59657	59716	59055	59834	59173
TRANSPORT_MODE
0	2	1	2	0	0	0	0	1	1	2	0	0	0	0	0	1	1	1	0	0	0	0	0	2	1	1	2	0	0	0	0	1	1	2	0	0	0	0	0	1	1	1	2	0	0	0	0	0	1	1	1	0	0	0	0	0	3	1	1	0	0	0	0	0	2	1	1	0	0	0	0	0	3	1	1	0	0	0	0	0	2	1	1	3	0	0	0	0	1	1	1	0	0	0	0	0	2	1	1	3	0	0	0	0	0	1	1	1	0	0	0	0	0	2	1	1	0	0	0	0	0	3	1	1	0	0	0	0	0	2	1	1	0	0	0	0	0	3	1	1	2	0	0	0	0	1	1	1	0	0	0	0	0	3	1	1	2	0	0	0	0	1	1	1	0	0	0	0	0	0	3	1	1	0	0	0	0	2	1	1	0	0	0	0	0	3	1	1	0	0	0	0	0	2	1	1	3	0	0	0	0	1	1	1	0	0	0	0	0	2	1	1	3	0	0	0	0	0	1	1	1	0	0	0	0	0	2	1	1	0	0	0	0	0	3	1	1	0	0	0	0	0	2	1	1	0	0	0	0	0	3	1	1	2	0	0	0	0	1	1	3	0	0	0	0	0	1	1	1	2	0	0	0	0	1	1	1	0	0	0	0	0	0	3	1	2	0	0	0	0	1	1	3	0	0	0	0	0	1	1	2	0	0	0	0	0	1	1	1	0	0	0	0	0	3	1	1	0	0	0	0	0	2	1	1	1	0	0	0	0	3	1	1	0	0	0	0	0	0	2	1	1	0	0	0	0	3	1	1	0	0	0	0	0	2	1	1	0	0	0	0	0	3	1	1	0	0	0	0	0	2	1	1	0	0	0	0	0	1	3	1	1	0	0	0	0	2	1	1	0	0	0	0	0	0	1	3	1	0	0	0	0	1	2	0	1	0	0	0	0	3	1	1	0	0	0	0	0	2	1	1	0	0	0	0	0	1	3	1	0	0	0	0	0	1	2	1	1	0	0	0	0	3	1	1	0	0	0	0	0	0	1	2	1	0	0	0	0	1	3	1	0	0	0	0	0	1	2	1	0	0	0	0	0	1	3	1	0	0	0	0	0	1	2	1	0	0	0	0	0	1	3	1	1	0	0	0	0	1	2	1	0	0	0	0	0	0	1	3	1	0	0	0	0	1	2	1	0	0	0	0	0	1	3	1	0	0	0	0	0	1	2	1	0	0	0	0	0	1	3	1	0	0	0	0	0	1	2	1	1	0	0	0	0	1	3	1	0	0	0	0	0	1	1	1	0	0	0	0	0	1	3	1	0	0	0	0	1	2	1	0	0	0	0	0	1	3	1	0	0	0	0	0	1	2	1	0	0	0	0	0	1	3	1	1	0	0	0	0	1	2	1	0	0	0	0	0	0	1	1	1	0	0	0	0	1	2	1	0	0	0	0	0	1	3	1	0	0	0	0	0	1	2	1	0	0	0	0	0	1	3	1	0	0	0	0	0	1	2	1	1	0	0	0	0	3	1	1	0	0	0	0	0	1	1	1	0	0	0	0	0	1	3	1	0	0	0	0	2	1	1	0	0	0	0	0	3	1	1	0	0	0	0	0	2	1	1	0	0	0	0	0	1	3	1	1	0	0	0	0	2	1	1	0	0	0	0	0	1	1	1	0	0	0	0	0	2	1	1	0	0	0	0	3	1	1	0	0	0	0	0	3	1	1	0	0	0	0	0	3	1	1	0	0	0	0	0	3	1	1	1	0	0	0	0	3	1	1	0	0	0	0	0	3	1	1	1	0	0	0	0	0	3	1	1	0	0	0	0	0
PATIENT_WEIGHT
46	136	145	35	101	148	134	133	84	38	119	52	86	102	48	41	105	101	95	68	67	110	77	128	60	55	130	128	142	102	64	31	135	115	140	139	37	123	54	132	82	33	32	36	31	146	105	135	133	64	131	38	55	94	32	79	42	106	51	31	134	30	81	108	130	75	51	64	122	63	88	132	43	140	64	66	53	103	30	135	71	30	106	142	86	84	132	35	125	110	114	105	131	68	129	99	141	30	133	70	97	69	63	56	35	61	118	48	150	84	89	50	59	89	106	62	99	142	31	60	76	96	72	137	37	54	111	47	106	109	121	145	92	76	142	56	124	67	36	137	107	50	114	80	55	55	60	60	70	75	91	63	50	103	123	102	124	66	91	76	117	53	117	30	107	36	119	52	35	144	62	128	135	54	89	87	119	96	57	139	38	96	70	74	60	82	69	103	130	57	121	101	124	121	85	136	61	134	106	123	46	62	54	41	51	115	30	74	50	103	111	90	94	92	32	100	122	136	100	93	104	135	91	49	117	137	59	39	91	84	46	117	119	78	37	132	140	48	82	60	124	68	83	120	130	115	45	60	36	54	109	129	72	113	53	123	123	126	119	69	73	44	84	65	123	148	113	61	43	121	62	110	57	128	36	36	148	47	125	92	87	52	106	41	149	54	98	53	73	130	34	54	65	122	106	39	58	118	44	43	140	48	123	87	45	111	121	119	74	118	62	54	77	112	144	81	30	106	95	144	71	54	73	37	105	87	52	108	71	48	68	131	64	105	85	81	70	44	117	34	37	129	135	133	100	129	69	122	130	109	134	63	122	93	97	116	141	65	35	137	64	96	143	92	37	48	118	66	114	73	77	34	47	91	87	86	123	71	138	135	92	108	93	32	67	46	50	71	92	43	79	55	86	104	87	119	51	91	89	122	125	43	114	32	102	69	115	109	41	143	87	110	41	36	70	66	121	73	42	81	130	129	118	97	56	120	91	94	136	139	104	45	67	81	125	97	32	102	71	129	46	121	148	136	97	81	142	75	84	80	54	33	84	75	112	30	108	64	65	120	31	38	52	140	92	120	109	100	47	127	140	79	126	64	61	45	111	44	112	32	107	66	139	114	147	51	60	88	128	125	35	51	117	103	118	143	108	126	103	128	41	93	53	96	84	133	145	127	99	108	41	62	57	107	84	82	116	71	120	44	30	137	106	77	60	122	89	130	147	96	136	129	96	109	51	59	142	118	149	104	108	45	94	69	62	71	104	38	89	147	44	62	75	40	146	30	108	150	117	48	95	135	95	124	150	103	75	144	113	60	126	72	69	77	54	75	30	56	80	93	126	98	67	89	114	103	106	71	76	119	57	76	104	42	42	52	32	106	150	54	73	36	124	65	53	66	113	124	37	132	108	55	63	52	76	43	51	33	73	132	30	62	113	140	46	83	102	62	77	133	150	111	139	92	149	126	104	40	33	133	141	38	86	70	54	37	73	85	44	82	41	115	91	70	74	127	76	134	116	32	81	145	148	72	104	128	36	88	131	102	76	100	97	58	49	89	145	128	38	120	59	132	90	73	54	79	97	107	36	39	71	132	97	47	79	128	56	77	113	52	150	47	72	35	57	116	107	101	72	131	136	40	95	35	61	70	118	33	58	106	55	122	78	101	150	71	32	30	123	88	30	107	117	106	93	63	48	100	148	68	57	82	59	110	61	78	37	65	79	47	108	119	143	40	62	34	75	70	100	114	104	141	33	128	120	52	47	110	79	101	128	55	112	146	47	71	56	56	144	43	35	90	67	113	58	39	138	129	32	119	77	136	82	68	50	124	101	40	82	129	150
DISTANCE_MATRIX
0	360	318	300	288	276	264	264	150	150	150	60	90	90	162	168	204	228	234	312	360	408	348	318	168	192	168	318
360	60	264	318	324	342	342	342	348	348	354	360	372	378	378	420	420	480	462	498	462	462	384	420	372	420	378	378
318	264	60	270	276	288	288	288	294	294	294	318	318	324	324	414	414	468	462	486	462	462	330	366	366	408	372	324
300	318	270	60	276	288	288	288	288	288	288	300	300	312	318	408	408	468	462	486	438	438	318	360	360	402	360	312
288	324	276	276	60	276	276	276	276	276	276	288	288	300	300	402	396	462	456	480	432	432	300	360	360	402	348	300
276	342	288	288	276	60	180	180	252	258	264	264	264	288	288	390	390	456	450	480	432	432	288	348	348	348	288	288
264	342	288	288	276	180	60	180	246	258	264	264	264	288	288	390	390	456	450	480	432	432	288	348	348	348	288	288
264	342	288	288	276	180	180	60	240	258	264	264	264	288	288	390	390	456	450	480	432	432	288	348	348	348	288	288
150	348	294	288	276	252	246	240	60	120	120	150	126	270	270	378	384	420	438	480	420	408	276	300	300	300	276	270
150	348	294	288	276	258	258	258	120	60	120	150	150	270	270	378	384	420	438	480	420	408	276	300	300	300	276	270
150	354	294	288	276	264	264	264	120	120	60	150	150	270	270	378	384	420	438	480	420	408	276	300	300	300	276	270
60	360	318	300	288	264	264	264	150	150	150	60	90	162	168	228	234	312	360	408	348	318	168	192	192	198	168	162
90	372	318	300	288	264	264	264	150	150	150	90	60	162	168	228	234	312	360	408	348	318	168	192	192	198	168	162
90	378	324	312	300	288	288	288	270	270	270	162	162	60	120	180	180	306	210	360	300	300	120	180	120	180	120	234
162	378	324	318	300	288	288	288	270	270	270	168	168	120	60	180	180	306	210	360	300	300	120	180	120	180	120	120
168	420	414	408	402	348	348	348	300	300	300	228	228	180	180	60	132	204	132	348	258	258	186	60	180	132	222	180
204	420	414	408	396	390	390	390	384	384	384	234	234	180	180	132	60	204	132	348	258	258	186	60	180	132	222	180
228	480	468	468	462	456	456	456	420	420	420	312	312	306	306	204	204	60	198	120	240	240	306	204	306	138	306	306
234	462	462	462	456	450	450	450	438	438	438	360	360	210	210	132	132	198	60	138	132	132	210	132	210	132	210	210
312	498	486	486	480	480	480	480	480	480	480	408	408	360	360	348	348	120	138	60	348	348	360	348	360	348	360	360
360	462	462	438	432	432	432	432	420	420	420	348	348	300	300	258	258	240	132	348	60	60	300	258	300	258	300	300
408	462	462	438	432	432	432	432	408	408	408	318	318	300	300	258	258	240	132	348	60	60	300	258	300	258	300	300
348	384	330	318	300	288	288	288	276	276	276	168	168	120	120	186	186	306	210	360	300	300	60	186	120	186	120	120
318	420	366	360	360	348	348	348	300	300	300	192	192	180	180	60	60	204	132	348	258	258	186	60	180	60	180	180
168	372	300	306	300	288	288	288	270	270	270	168	168	120	120	180	180	306	210	360	300	300	120	180	60	180	120	120
192	420	408	402	402	348	348	348	300	300	300	198	198	180	180	132	132	138	132	348	258	258	186	60	180	60	180	180
168	378	372	360	348	288	288	288	276	276	276	168	168	120	120	222	222	306	210	360	300	300	120	180	120	180	60	120
318	378	324	312	300	288	288	288	270	270	270	162	162	234	120	180	180	306	210	360	300	300	120	180	120	180	120	60
DEPOTS_DISTANCE
234	462	462	462	456	450	450	450	438	438	438	360	360	210	210	132	132	198	60	138	132	132	210	132	210	132	210	210	
348	384	330	318	300	288	288	288	276	276	276	168	168	120	120	186	186	306	210	360	300	300	60	186	120	186	120	120	
318	420	366	360	360	348	348	348	300	300	300	192	192	180	180	60	60	204	132	348	258	258	186	60	180	60	180	180	
LOCATION_TURN_MATRIX
100	130	122	113	112	199	136	122	129	152	173	146	151	136	158	140	176	113	122	167	194	134	110	172	114	184	100	147	
170	100	154	188	164	169	136	136	152	170	104	183	155	115	101	104	155	187	174	115	149	134	178	168	114	135	168	102	
178	146	100	161	178	114	104	165	117	139	126	169	192	109	120	179	160	152	154	134	113	140	154	179	196	196	192	181	
187	112	139	100	158	114	195	181	104	132	195	106	183	169	132	170	140	136	172	148	116	110	123	136	151	120	176	169	
188	136	122	142	100	175	164	159	112	100	167	164	135	191	132	181	104	123	142	156	108	117	193	182	116	147	156	185	
101	131	186	186	125	100	190	147	164	150	137	102	145	176	185	131	113	108	117	186	118	151	140	178	154	189	172	110	
164	164	196	105	136	110	100	186	153	151	183	193	111	157	144	123	188	142	110	163	105	190	166	187	170	171	186	126	
178	164	135	119	141	153	114	100	106	130	108	103	151	178	122	151	130	133	184	177	110	141	166	110	122	174	191	197	
171	148	183	196	188	136	147	194	100	167	100	146	168	129	128	142	172	118	174	147	105	158	156	160	120	106	119	136	
148	130	161	168	200	150	149	170	133	100	177	106	175	116	188	180	176	194	108	146	130	187	183	173	128	141	169	176	
127	196	174	105	133	163	117	192	200	123	100	171	175	140	183	115	104	186	128	153	151	175	100	146	191	117	132	197	
154	117	131	194	136	198	107	197	154	194	129	100	136	184	140	147	172	184	148	131	103	156	185	200	152	158	154	143	
149	145	108	117	165	155	189	149	132	125	125	164	100	140	199	142	101	144	163	185	117	191	200	143	113	165	102	154	
164	185	191	131	109	124	143	122	171	184	160	116	160	100	109	116	196	113	131	186	166	139	183	175	144	161	105	170	
142	199	180	168	168	115	156	178	172	112	117	160	101	191	100	147	177	177	199	158	172	188	164	175	180	168	154	195	
160	196	121	130	119	169	177	149	158	120	185	153	158	184	153	100	152	159	197	157	181	159	102	123	168	200	124	186	
124	145	140	160	196	187	112	170	128	124	196	128	199	104	123	148	100	149	114	112	117	135	105	132	138	180	198	156	
187	113	148	164	177	192	158	167	182	106	114	116	156	187	123	141	151	100	166	132	168	163	159	123	129	173	161	116	
178	126	146	128	158	183	190	116	126	192	172	152	137	169	101	103	186	134	100	184	199	137	130	160	148	113	140	150	
133	185	166	152	144	114	137	123	153	154	147	169	115	114	142	143	188	168	116	100	111	195	128	157	191	164	141	171	
106	151	187	184	192	182	195	190	195	170	149	197	183	134	128	119	183	132	101	189	100	129	151	163	147	166	104	177	
166	166	160	190	183	149	110	159	142	113	125	144	109	161	112	141	165	137	163	105	171	100	101	185	169	129	103	197	
190	122	146	177	107	160	134	134	144	117	200	115	100	117	136	198	195	141	170	172	149	199	100	106	150	116	118	145	
128	132	121	164	118	122	113	190	140	127	154	100	157	125	125	177	168	177	140	143	137	115	194	100	128	167	115	155	
186	186	104	149	184	146	130	178	180	172	109	148	187	156	120	132	162	171	152	109	153	131	150	172	100	155	124	184	
116	165	104	180	153	111	129	126	194	159	183	142	135	139	132	100	120	127	187	136	134	171	184	133	145	100	129	192	
200	132	108	124	144	128	114	109	181	131	168	146	198	195	146	176	102	139	160	159	196	197	182	185	176	171	100	146	
153	198	119	131	115	190	174	103	164	124	103	157	146	130	105	114	144	184	150	129	123	103	155	145	116	108	154	100	
DEPOTS_TO_LOCAL_TURN_MATRIX
178	126	146	128	158	183	190	116	126	192	172	152	137	169	101	103	186	134	100	184	199	137	130	160	148	113	140	150	
190	122	146	177	107	160	134	134	144	117	200	115	100	117	136	198	195	141	170	172	149	199	100	106	150	116	118	145	
128	132	121	164	118	122	113	190	140	127	154	100	157	125	125	177	168	177	140	143	137	115	194	100	128	167	115	155	
LOCAL_TO_DEPOT_TURN_MATRIX
122	174	154	172	142	117	110	184	174	108	128	148	163	131	199	197	114	166	100	116	101	163	170	140	152	187	160	150	
110	178	154	123	193	140	166	166	156	183	100	185	200	183	164	102	105	159	130	128	151	101	100	194	150	184	182	155	
172	168	179	136	182	178	187	110	160	173	146	200	143	175	175	123	132	123	160	157	163	185	106	100	172	133	185	145	

