INDEX_PROBLEM
1
PATIENTS
800
STRETCHERS
16
NUM_ROOM
28
NUM_DEPOT
3
NUM_PRIORITY
4
PRIORITY_LIST
0	1	2	3	4
PRIORITY_WEIGHT
0	1	10	18	30
PRIORITY_JOB
0	2	3	2	2	3	3	3	3	1	2	2	3	4	3	3	4	2	3	2	3	4	3	3	1	2	3	4	2	3	4	2	3	2	3	1	4	3	2	3	3	2	3	4	3	3	2	3	2	3	2	4	3	3	4	2	3	1	3	1	1	2	1	1	1	2	4	2	4	2	3	3	3	1	3	1	2	1	1	2	1	2	3	4	2	2	3	4	3	1	3	1	2	2	1	1	1	2	3	4	3	2	3	4	3	1	2	3	2	1	2	2	1	2	3	1	3	2	3	4	2	2	1	4	1	1	2	1	1	2	3	1	3	4	3	3	2	2	1	3	4	2	1	2	2	2	3	1	3	3	3	2	3	2	1	3	1	1	1	2	1	4	2	3	4	3	3	2	3	1	2	1	2	1	1	2	1	3	1	2	4	4	2	3	3	4	2	1	2	1	1	2	1	3	1	2	3	3	2	3	4	2	1	3	2	1	2	1	1	3	4	1	2	3	2	3	4	3	1	2	2	1	2	1	1	1	3	4	1	3	3	2	3	2	3	1	2	2	1	1	1	1	3	4	4	2	3	3	3	2	3	1	1	2	2	1	1	2	3	2	2	3	4	3	3	3	4	1	2	1	1	2	2	2	3	2	3	4	3	3	2	3	4	1	1	2	1	1	1	1	2	1	3	4	3	3	4	3	3	1	2	1	1	2	1	2	3	1	2	3	2	3	3	3	4	1	2	1	1	2	1	2	3	1	3	3	2	3	4	2	3	1	2	2	1	2	1	4	2	3	3	3	2	3	4	1	2	1	1	1	2	2	1	3	1	3	3	3	4	3	2	4	2	3	1	1	1	2	2	1	2	3	3	4	3	3	2	2	3	1	1	1	1	2	2	3	4	3	4	3	3	2	2	2	3	1	1	2	1	1	1	4	2	3	4	3	3	3	1	3	1	2	1	2	1	1	3	2	3	1	4	2	3	3	2	3	1	1	2	2	1	1	2	3	4	1	3	2	3	4	2	2	3	1	1	2	1	2	2	2	3	4	3	3	2	3	4	1	2	1	1	1	1	2	1	2	3	3	4	3	3	3	2	2	3	1	1	1	1	2	2	2	3	2	3	4	3	3	2	3	4	1	1	1	1	2	1	2	3	2	3	4	3	3	2	2	3	4	1	2	1	1	1	1	2	2	3	4	3	3	3	3	3	1	2	1	2	1	1	2	3	1	2	4	2	3	4	3	1	2	1	2	2	1	1	3	4	1	2	3	2	3	3	3	1	2	2	1	2	1	2	1	3	4	1	3	3	2	3	2	2	1	1	1	2	2	1	3	3	2	4	3	3	4	3	3	1	1	2	1	1	2	2	3	2	3	2	3	4	3	3	1	1	2	3	1	1	1	2	2	4	2	3	3	4	3	3	2	1	1	2	2	1	2	1	1	3	2	3	3	4	3	3	4	1	2	1	2	1	1	3	3	1	2	3	2	3	4	3	1	2	3	2	1	2	1	1	1	2	3	4	3	2	3	4	1	2	3	2	1	2	2	1	2	1	2	3	3	3	2	3	1	2	3	1	1	1	2	1	2	3	1	4	3	3	3	4	1	2	3	2	1	1	2	2	3	4	1	2	3	3	3	2	1	2	3	2	1	1	1	2	3	4	1	3	4	3	3	2	3	1	2	2	2	1	2	1	3	3	1	4	3	3	3	4	2	3	1	1	1	2	1	1	1	2	3	2	1	2	1	1	1	2	3	2	1	2	1	2	1	1	2	1	1	1	1	2	3	2	3	2	1	1	1	2	1	4	1	1	1	2	1	2	1	2	3	2	1	1	1	2
TIME_ASKED
0	28849	28898	28947	28996	29045	29094	29149	29198	29247	29296	29345	29394	29429	29458	29487	29516	29545	29574	29603	29632	29661	29690	29742	29784	29826	29868	29910	29952	29994	30029	30058	30087	30116	30145	30174	30203	30232	30261	30290	30329	30358	30387	30416	30445	30474	30503	30532	30561	30590	30621	30642	30663	30684	30705	30726	30747	30768	30789	30810	30831	30852	30873	30894	30949	30998	31047	31096	31145	31194	31227	31254	31281	31308	31335	31362	31389	31416	31443	31470	31497	31524	31548	31572	31596	31620	31644	31668	31692	31716	31740	31764	31788	31837	31874	31911	31948	31985	32022	32059	32096	32159	32218	32277	32336	32395	32419	32438	32457	32476	32495	32514	32533	32552	32571	32590	32609	32628	32647	32666	32685	32759	32818	32877	32936	32995	33027	33054	33081	33108	33135	33162	33189	33216	33243	33270	33297	33333	33366	33399	33432	33465	33498	33531	33564	33597	33616	33632	33648	33664	33680	33696	33712	33728	33744	33760	33776	33792	33808	33824	33840	33856	33872	33888	33933	33966	33999	34032	34065	34098	34131	34164	34197	34242	34284	34326	34368	34410	34452	34494	34533	34566	34599	34632	34665	34698	34731	34764	34797	34827	34854	34881	34908	34935	34962	34989	35016	35043	35070	35097	35137	35174	35211	35248	35285	35322	35359	35396	35433	35466	35499	35532	35565	35598	35631	35664	35697	35723	35746	35769	35792	35815	35838	35861	35884	35907	35930	35953	35976	35999	36023	36046	36069	36092	36115	36138	36161	36184	36207	36230	36253	36276	36299	36327	36354	36381	36408	36435	36462	36489	36516	36543	36570	36597	36619	36638	36657	36676	36695	36714	36733	36752	36771	36790	36809	36828	36847	36866	36885	36949	36998	37047	37096	37145	37194	37259	37318	37377	37436	37495	37549	37598	37647	37696	37745	37794	37827	37854	37881	37908	37935	37962	37989	38016	38043	38070	38097	38123	38146	38169	38192	38215	38238	38261	38284	38307	38330	38353	38376	38399	38419	38438	38457	38476	38495	38514	38533	38552	38571	38590	38609	38628	38647	38666	38685	38742	38784	38826	38868	38910	38952	38994	39029	39058	39087	39116	39145	39174	39203	39232	39261	39290	39349	39398	39447	39496	39545	39594	39633	39666	39699	39732	39765	39798	39831	39864	39897	39937	39974	40011	40048	40085	40122	40159	40196	40242	40284	40326	40368	40410	40452	40494	40542	40584	40626	40668	40710	40752	40794	40849	40898	40947	40996	41045	41094	41133	41166	41199	41232	41265	41298	41331	41364	41397	41423	41446	41469	41492	41515	41538	41561	41584	41607	41630	41653	41676	41699	41749	41798	41847	41896	41945	41994	42099	42198	42297	42342	42384	42426	42468	42510	42552	42594	42699	42798	42897	42923	42946	42969	42992	43015	43038	43061	43084	43107	43130	43153	43176	43199	43237	43274	43311	43348	43385	43422	43459	43496	43549	43598	43647	43696	43745	43794	43899	43998	44097	44159	44218	44277	44336	44395	44459	44518	44577	44636	44695	44799	44898	44997	45033	45066	45099	45132	45165	45198	45231	45264	45297	45337	45374	45411	45448	45485	45522	45559	45596	45637	45674	45711	45748	45785	45822	45859	45896	45959	46018	46077	46136	46195	46249	46298	46347	46396	46445	46494	46537	46574	46611	46648	46685	46722	46759	46796	46821	46842	46863	46884	46905	46926	46947	46968	46989	47010	47031	47052	47073	47094	47199	47298	47397	47437	47474	47511	47548	47585	47622	47659	47696	47737	47774	47811	47848	47885	47922	47959	47996	48049	48098	48147	48196	48245	48294	48324	48348	48372	48396	48420	48444	48468	48492	48516	48540	48564	48588	48627	48654	48681	48708	48735	48762	48789	48816	48843	48870	48897	48937	48974	49011	49048	49085	49122	49159	49196	49233	49266	49299	49332	49365	49398	49431	49464	49497	49537	49574	49611	49648	49685	49722	49759	49796	49827	49854	49881	49908	49935	49962	49989	50016	50043	50070	50097	50149	50198	50247	50296	50345	50394	50424	50448	50472	50496	50520	50544	50568	50592	50616	50640	50664	50688	50737	50774	50811	50848	50885	50922	50959	50996	51027	51054	51081	51108	51135	51162	51189	51216	51243	51270	51297	51324	51348	51372	51396	51420	51444	51468	51492	51516	51540	51564	51588	51637	51674	51711	51748	51785	51822	51859	51896	51933	51966	51999	52032	52065	52098	52131	52164	52197	52259	52318	52377	52436	52495	52517	52534	52551	52568	52585	52602	52619	52636	52653	52670	52687	52704	52721	52738	52755	52772	52789	52859	52918	52977	53036	53095	53137	53174	53211	53248	53285	53322	53359	53396	53459	53518	53577	53636	53695	53733	53766	53799	53832	53865	53898	53931	53964	53997	54027	54054	54081	54108	54135	54162	54189	54216	54243	54270	54297	54374	54448	54522	54596	54627	54654	54681	54708	54735	54762	54789	54816	54843	54870	54897	55049	55198	55237	55274	55311	55348	55385	55422	55459	55496	55574	55648	55722	55796	55827	55854	55881	55908	55935	55962	55989	56016	56043	56070	56097	56399	56499	56598	56697	56733	56766	56799	56832	56865	56898	56931	56964	56997	57049	57098	57147	57196	57245	57294	57359	57418	57477	57536	57595
ORIGIN
26	16	6	25	19	7	27	23	1	1	23	26	14	14	14	14	23	14	14	23	14	4	26	16	14	26	16	7	14	27	7	14	23	9	1	14	11	2	23	13	2	14	14	3	20	2	14	14	14	6	27	18	7	27	20	8	14	14	10	2	22	23	2	26	1	3	23	14	14	24	15	5	26	1	7	27	4	26	14	3	14	1	23	11	16	23	13	2	23	20	3	24	15	14	27	7	14	1	18	7	14	20	8	1	23	1	1	23	27	20	2	14	14	23	14	4	24	15	4	26	16	6	14	19	10	2	14	14	3	3	10	2	2	12	2	23	14	3	27	14	4	27	7	14	1	1	7	27	1	8	1	23	10	1	27	11	3	14	14	14	27	3	4	24	15	4	26	16	6	27	26	26	2	14	14	3	14	17	2	23	12	2	23	14	3	23	2	14	27	11	14	1	25	14	27	20	8	14	23	9	1	23	20	2	24	14	14	27	14	27	14	14	4	14	16	5	27	18	14	27	14	14	3	14	17	2	23	12	2	23	14	3	23	14	14	27	11	14	1	25	14	4	19	8	27	23	9	1	23	11	2	14	12	4	27	14	14	27	14	4	26	16	5	26	17	7	27	26	2	14	14	2	2	27	11	2	23	13	3	23	14	4	27	14	1	25	14	3	27	26	15	27	23	8	1	23	10	2	23	14	2	27	14	14	27	14	4	26	16	5	26	16	7	27	9	14	3	14	14	3	9	20	2	23	13	2	23	14	3	24	14	14	1	7	14	3	26	14	27	20	8	1	23	10	2	23	12	2	26	14	14	27	14	14	24	15	5	26	16	7	27	26	8	3	14	14	3	16	20	2	23	13	2	23	14	3	24	14	4	26	7	14	1	26	14	2	20	8	1	23	10	1	14	12	2	23	14	14	27	14	27	27	15	4	26	16	6	27	11	7	14	14	3	14	20	2	2	23	12	2	23	14	3	24	14	4	7	14	1	26	14	1	26	14	27	1	23	10	1	23	14	2	23	14	14	14	27	14	14	11	4	26	16	6	27	19	7	27	22	14	3	14	17	14	2	27	2	23	14	3	23	14	4	25	16	14	1	1	25	14	1	14	27	23	9	1	23	11	2	23	13	23	23	14	27	14	27	4	26	16	5	27	18	7	27	20	8	1	2	14	17	2	22	14	23	14	3	23	14	4	24	15	5	1	25	14	4	26	14	14	23	9	1	23	11	2	23	12	27	27	14	14	27	15	14	27	16	5	26	17	7	27	20	8	14	23	14	2	27	20	2	23	13	3	23	14	4	24	15	4	26	25	14	3	26	14	2	23	8	1	23	10	2	23	12	2	23	14	3	27	15	14	27	16	5	26	16	7	27	20	8	27	14	9	9	9	20	2	14	13	2	23	14	3	24	14	4	26	3	3	26	26	14	2	14	11	1	23	10	2	23	12	2	14	14	27	27	14	14	27	15	5	26	16	7	27	19	8	27	14	9	16	16	20	2	14	14	2	23	14	3	24	14	4	1	1	5	27	14	2	26	14	3	7	23	10	1	23	12	2	23	27	14	23	14	27	11	14	14	26	16	6	27	19	7	27	23	3	1	23	20	2	22	14	2	23	14	3	23	14	4	26	16	1	26	16	7	1	26	14	23	23	9	1	23	11	2	23	13	2	14	14	14	27	11	14	1	16	6	3	18	7	27	21	8	14	23	10	2	22	23	2	27	14	3	14	14	4	25	16	5	1	16	14	5	26	14	3	14	9	1	23	20	2	23	13	2	23	14	3	27	20	14	1	7	5	27	18	7	27	20	8	14	14	10	1	27	23	2	7	14
DESTINATION
3	14	17	14	22	23	2	26	23	14	27	14	4	25	16	5	1	25	9	4	26	14	3	14	9	3	16	20	2	23	13	2	27	14	14	5	15	14	1	7	14	5	26	14	7	27	20	8	1	17	2	27	20	2	14	14	20	16	14	14	19	7	27	23	23	14	3	26	10	2	14	14	3	23	20	2	23	14	4	26	16	14	27	15	16	27	7	14	1	7	14	1	11	2	23	13	2	23	27	20	3	14	14	14	27	14	14	27	18	7	27	20	8	3	26	14	2	14	14	3	14	17	3	22	14	24	15	5	26	26	14	14	27	11	14	1	25	14	23	26	14	23	13	2	23	23	20	2	24	14	14	27	14	14	18	20	14	20	8	1	23	23	14	2	14	14	3	14	17	2	14	14	24	15	4	26	16	6	14	27	11	14	1	25	14	4	27	10	2	12	2	23	14	3	2	14	14	4	27	14	14	27	7	14	1	8	1	23	10	2	4	26	14	2	14	14	2	27	4	2	15	4	26	16	6	27	27	11	14	1	25	14	3	26	2	23	12	2	23	14	3	23	22	14	2	27	14	14	27	15	14	20	11	14	23	9	1	23	26	14	3	14	14	3	9	20	2	14	14	16	5	27	27	18	20	14	1	7	14	3	26	14	23	2	23	14	3	23	2	14	11	2	26	14	14	27	14	14	27	8	27	23	9	1	23	26	14	3	14	14	3	16	20	2	17	4	26	16	5	26	17	7	27	1	7	14	1	26	14	2	26	2	23	13	3	23	14	4	2	14	14	14	27	14	14	27	11	27	23	8	1	23	10	2	2	14	14	3	14	20	2	14	14	26	16	5	26	16	7	27	27	7	14	1	26	14	1	26	14	3	13	2	23	14	3	24	14	14	14	27	14	14	3	11	27	1	8	1	23	10	23	23	14	14	3	14	17	2	12	23	15	5	26	16	7	27	27	27	11	14	1	25	14	1	26	14	13	2	23	14	3	24	14	4	23	14	27	14	14	27	2	14	1	20	8	1	23	10	1	12	14	3	14	17	2	22	23	2	2	15	26	16	6	4	27	23	14	1	25	14	4	26	14	14	14	2	23	23	14	3	24	4	2	27	14	14	27	15	14	27	7	27	1	10	23	1	23	14	3	14	14	2	27	20	2	14	14	14	27	16	6	27	19	4	1	25	14	3	26	14	2	14	14	23	14	3	23	14	4	25	27	14	14	27	15	14	27	11	23	23	9	1	23	11	2	23	14	14	3	9	20	2	14	14	16	27	5	27	18	7	27	7	7	14	3	26	14	2	14	14	3	14	3	23	14	4	24	26	14	14	27	14	14	27	11	14	1	9	14	23	11	2	23	14	14	3	16	20	2	14	14	3	5	14	17	17	7	27	20	7	14	1	26	14	2	26	14	3	23	23	14	14	4	24	15	12	14	27	14	14	27	11	14	8	1	23	23	10	2	23	14	14	3	14	20	2	22	14	2	5	14	16	16	7	27	20	8	14	1	26	14	1	26	14	23	23	14	2	3	24	14	4	26	13	27	14	14	27	11	14	1	23	1	3	2	23	12	2	15	3	14	17	2	22	23	2	27	26	14	27	7	27	19	8	27	1	25	14	5	26	14	3	14	23	3	16	20	24	14	4	1	27	14	14	27	20	14	1	7	14	10	26	1	23	12	2	23	14	17	26	27	23	2	7	14	16	27	14	27	19	7	27	23	25	14	2	26	14	14	14	14	23	14	3	23	14	4	26	16	14	14	27	7	14	27	7	14	1	26	14	23	11	2	23	13	14	2	27	20	2	14	14	2	16	14	14	18	7	27	21	8
DUE_DATE
0	30427	29996	30525	30574	30143	30192	30247	30296	31545	30874	30923	30492	29987	30556	30585	30074	31123	30672	31181	30730	30219	30788	30840	32082	31404	30966	30468	31530	31092	30587	31636	31185	31694	31243	32472	30761	31330	31839	31388	31427	31936	31485	30974	31543	31572	32081	31630	32139	31688	32199	31200	31761	31782	31263	32304	31845	33066	31887	33108	33129	32430	33171	33192	33247	32576	31605	32674	31703	32772	32325	32352	32379	33606	32433	33660	32967	33714	33741	33048	33795	33102	32646	32130	33174	33198	32742	32226	32790	34014	32838	34062	33366	33415	34172	34209	34246	33563	33120	32617	33194	33737	33316	32835	33434	34693	33997	33536	34035	34774	34073	34092	34831	34130	33669	34888	33707	34206	33745	33224	34263	34337	35116	33435	35234	35293	34605	35352	35379	34686	34233	35460	34287	33774	34341	34368	34875	34911	35664	34497	33990	35043	35796	35109	35142	35175	34714	35930	34746	34762	34778	35274	34810	35306	36042	34858	36074	36090	36106	35402	36138	34414	35450	34986	34491	35064	35097	35610	35163	36396	35709	36462	35775	36540	36582	35904	36666	35508	36750	36072	35091	35124	36177	35730	35763	35256	36309	37062	36375	37125	37152	36459	37206	36033	37260	36567	36114	36141	36648	36195	35695	36752	37509	36346	36863	37620	36937	37694	37731	36564	36057	37830	37143	36696	37209	36762	36255	36821	38044	37347	37370	38113	37416	38159	38182	38205	37028	36511	38274	37097	37121	37624	37167	37670	37213	38436	37739	37762	38505	38528	38551	38574	37397	36885	36912	37959	37506	37533	37560	38067	37614	38841	38868	38175	38197	38936	38955	38254	37793	38292	38311	37850	37329	37888	37907	37926	37405	39164	38463	39247	39296	38625	38674	38723	38292	38837	38416	37935	38534	38593	39127	38696	38205	39994	40043	39372	40125	40152	40179	40206	39513	40260	39087	38574	39141	39168	38655	39221	39244	40467	39770	40513	40536	39839	40582	39885	39428	40651	39954	39497	39997	39536	39555	39574	39053	40812	40111	40850	40869	40168	40907	40206	39745	40964	39783	39840	40362	39924	39426	40488	40050	41292	40607	40636	41385	40694	41443	39732	40781	40330	40359	40388	40927	40496	40005	41794	41123	41892	41931	41964	41277	41310	42063	40896	42129	40962	40995	41035	40532	41109	41626	40643	41700	41257	42494	42540	42582	41904	41946	42708	42030	41592	41640	41142	41724	41766	42288	42330	41892	43147	43196	43245	43294	42623	42672	42231	41724	42297	41790	42363	42396	42909	42942	42975	42521	43744	43767	43070	43813	43836	43859	42142	43185	42728	42211	42774	42797	42847	44096	42945	44194	43523	44292	43677	44496	44595	43440	43962	43524	44766	43068	44130	43692	43797	44376	43995	45221	45244	44547	44570	45313	45336	44639	44182	43665	45428	44251	44754	44297	43795	44852	44889	44446	45683	45720	45037	45794	45127	45176	45225	44794	44303	44892	44997	45576	45195	44717	46516	45855	46634	46693	46757	46816	46155	46934	46273	45897	45996	45555	46131	46164	46197	46710	46743	46296	47529	47562	47595	47635	46952	46989	47026	46583	47100	46657	46154	46735	46772	47289	46846	46343	48120	48157	48194	48257	47596	48375	47714	47293	47827	47396	46905	47494	47543	48072	48115	47672	47169	48946	48263	49020	49057	49094	49119	48420	48441	47982	47463	48024	48045	48066	48087	48108	49329	48630	49371	48672	49497	49596	48975	48535	49772	49089	48106	49163	48720	48217	48794	50035	49352	50109	49426	49463	50220	50257	49094	48607	50396	49725	49294	49823	49392	49422	49446	50670	49974	49998	50742	50046	50790	50094	50838	49662	49146	50925	49752	49779	50286	49833	50340	50367	51114	51141	51168	50475	50515	51272	50109	50146	50663	49680	50257	50294	49791	50364	50397	51630	51663	50976	51729	51762	51075	51115	50672	51189	50746	51263	50820	50317	50894	50925	52152	52179	51486	51033	52260	52287	52314	51621	51648	50655	51727	51296	51345	50854	51443	51492	52002	52746	52770	52074	52098	52842	52146	52890	52914	51738	52242	51786	51835	51332	51909	51946	51443	53220	52537	53294	52605	53352	53379	52206	52233	53460	52767	52314	52821	52368	51855	52422	53646	52950	52494	52998	53742	53046	53790	53814	53838	53142	52686	52195	52772	53289	52846	52343	54120	53437	52994	53511	54264	53577	53610	54363	53676	54429	53742	53295	53357	53416	53955	53534	54793	54095	53632	54849	54866	54883	54180	54917	54214	53751	54968	53245	53802	53819	53836	53313	55070	54367	53957	54496	55275	55334	54673	54715	54272	53769	55546	54863	54420	54457	54494	55037	55816	55155	54734	55273	56031	56064	56097	55410	54963	54456	56229	55062	54555	55125	55152	55659	55206	56433	55740	55767	55794	56541	55848	56595	55472	55546	56820	55154	55725	55752	55779	55266	56313	55860	57087	57114	57141	56448	57195	57347	57496	56815	56372	56889	57646	56963	57720	57757	57794	57152	56746	57300	58094	57405	58152	57459	58206	58233	57540	58287	58314	58341	58368	57675	57497	58077	57696	58275	59031	59064	59097	58410	59163	57456	59229	59262	59295	58627	59396	58725	59494	58823	58392	58937	59716	59775	59834	59173
TRANSPORT_MODE
0	2	1	2	0	0	0	0	1	1	1	0	0	0	0	0	2	1	1	0	0	0	0	0	2	1	1	2	0	0	0	0	0	1	1	1	0	0	0	0	0	2	1	1	0	0	0	0	2	1	1	0	0	0	0	0	0	3	1	1	0	0	0	0	0	2	1	1	0	0	0	0	0	3	1	1	0	0	0	0	0	1	2	1	1	0	0	0	0	3	1	1	0	0	0	0	0	1	2	1	0	0	0	0	0	3	1	1	0	0	0	0	0	1	2	1	0	0	0	0	0	1	3	1	0	0	0	0	0	1	2	1	0	0	0	0	0	1	3	1	1	0	0	0	0	1	2	1	0	0	0	0	0	1	3	1	0	0	0	0	0	1	2	1	0	0	0	0	0	1	1	3	0	0	0	0	0	1	1	2	0	0	0	0	0	1	1	3	0	0	0	0	0	1	1	2	1	0	0	0	0	1	3	1	0	0	0	0	0	0	1	1	1	0	0	0	0	1	3	1	0	0	0	0	0	0	1	1	2	0	0	0	0	1	1	3	0	0	0	0	0	1	1	2	0	0	0	0	0	1	1	3	1	0	0	0	0	1	1	2	0	0	0	0	0	1	1	1	0	0	0	0	0	1	1	2	0	0	0	0	0	1	1	3	0	0	0	0	0	1	1	2	0	0	0	0	0	1	1	3	0	0	0	0	0	1	1	1	2	0	0	0	0	1	1	3	0	0	0	0	0	1	1	1	0	0	0	0	0	1	1	3	0	0	0	0	0	1	1	1	0	0	0	0	0	2	1	3	0	0	0	0	0	1	1	2	0	0	0	0	0	1	1	1	3	0	0	0	0	1	1	2	0	0	0	0	0	1	1	1	0	0	0	0	1	1	2	0	0	0	0	0	0	1	1	1	0	0	0	0	3	1	2	0	0	0	0	0	1	1	3	0	0	0	0	0	1	1	1	2	0	0	0	0	1	1	3	0	0	0	0	0	1	1	2	1	0	0	0	0	0	1	1	3	0	0	0	0	0	1	1	1	0	0	0	0	0	2	1	3	0	0	0	0	0	1	1	2	0	0	0	0	0	1	1	3	1	0	0	0	0	1	1	2	0	0	0	0	0	1	1	3	1	0	0	0	0	1	1	2	0	0	0	0	0	0	1	1	3	0	0	0	0	1	1	2	0	0	0	0	0	1	1	3	0	0	0	0	0	1	1	2	1	0	0	0	0	1	3	1	0	0	0	0	0	1	1	2	1	0	0	0	0	1	3	1	0	0	0	0	0	0	1	1	2	0	0	0	0	1	1	3	0	0	0	0	0	1	1	2	0	0	0	0	0	1	1	3	1	0	0	0	0	1	2	1	0	0	0	0	0	1	3	1	1	0	0	0	0	0	1	2	1	0	0	0	0	0	1	3	1	0	0	0	0	0	1	2	1	0	0	0	0	1	3	1	0	0	0	0	0	1	2	1	1	0	0	0	0	3	1	1	0	0	0	0	0	1	2	1	1	0	0	0	0	3	1	1	0	0	0	0	0	0	1	2	1	0	0	0	0	3	1	1	0	0	0	0	0	2	1	1	0	0	0	0	0	3	1	1	1	0	0	0	0	2	1	1	0	0	0	0	0	3	1	1	2	0	0	0	0	1	1	1	0	0	0	0	0	0	3	1	1	0	0	0	0	2	1	3	0	0	0	0	0	1	1	1	0	0	0	0	0	3	1	1	0	0	0	0	0	3	1	1	0	0	0	0	0	3	1	1	3	0	0	0	0	1	1	1	0	0	0	0	0	3	1	1	0	0	0	0	0	3	1	1	0	0	0	0	0
PATIENT_WEIGHT
110	87	39	41	102	109	133	77	110	107	132	34	30	66	78	111	80	36	119	117	128	117	132	96	135	117	148	77	131	96	136	131	103	77	36	142	132	114	111	97	94	117	33	96	33	129	99	59	126	78	103	39	124	120	42	53	127	56	132	35	136	61	42	119	49	122	46	89	85	76	113	31	76	86	127	49	128	139	85	105	149	64	146	115	131	149	45	65	140	41	43	146	48	138	75	78	51	88	59	65	43	74	74	93	81	74	125	83	145	76	76	110	80	40	122	60	80	63	147	55	88	55	79	110	149	102	131	112	76	134	88	105	139	101	99	110	53	72	56	81	92	141	94	140	146	67	42	149	126	91	148	56	65	59	32	99	60	98	85	148	77	42	139	140	32	48	112	43	136	32	70	69	70	141	135	104	92	61	87	134	98	135	124	99	77	57	42	38	48	47	102	61	76	140	88	150	40	98	103	70	32	140	48	113	81	79	83	150	35	95	45	61	90	44	60	55	105	104	109	148	53	60	105	92	57	39	64	108	105	40	76	105	106	53	81	87	148	76	61	127	55	64	77	93	45	129	40	54	69	101	33	124	91	129	36	125	82	127	127	37	141	70	122	39	131	54	74	58	144	44	135	69	71	62	32	79	88	125	41	121	63	71	132	31	70	121	108	116	40	143	80	146	75	139	31	58	39	35	135	67	86	66	131	65	126	116	129	42	63	122	78	98	82	137	129	86	79	57	67	119	132	136	60	46	84	101	114	91	73	87	116	30	148	54	62	55	150	145	91	79	146	55	46	115	85	69	44	134	86	150	102	77	45	72	109	95	130	88	52	80	140	80	47	148	141	56	85	102	94	84	123	99	48	44	105	52	104	96	62	79	33	83	41	53	59	103	39	140	66	124	33	127	58	34	91	101	60	79	106	126	54	112	150	112	42	106	150	50	80	92	109	49	58	51	112	59	133	51	149	60	108	137	89	57	97	105	36	131	58	40	74	71	35	137	63	141	137	30	110	53	147	94	59	101	108	58	35	83	78	85	48	81	72	108	145	45	82	115	48	103	96	84	38	64	129	100	143	147	72	119	49	64	78	71	59	112	37	118	97	48	127	127	35	32	69	90	116	133	71	103	141	115	96	74	48	97	51	73	39	60	33	103	58	80	33	32	68	43	133	105	149	112	55	49	113	88	51	106	126	139	106	93	45	123	33	128	48	147	31	106	136	70	100	133	51	148	42	40	111	125	112	37	42	84	93	113	118	121	56	127	58	35	72	121	79	112	64	103	150	100	91	35	129	114	61	63	37	117	104	49	46	143	104	101	70	45	141	58	130	111	145	62	78	149	64	125	48	68	98	117	125	74	72	75	128	34	134	72	40	93	144	73	94	85	79	110	43	99	94	149	72	75	56	99	49	147	141	104	106	57	128	132	69	78	34	35	122	86	124	31	85	140	131	131	145	33	52	106	71	50	133	72	60	148	123	149	98	72	101	129	147	98	53	131	68	95	69	30	49	108	89	79	124	119	47	113	66	107	49	150	138	113	37	95	135	149	44	61	35	142	39	79	119	144	71	68	41	117	137	130	38	46	103	96	72	141	70	50	142	124	105	47	126	50	86	47	77	128	133	125	114	52	144	80	104	49	93	143	38	119	87	35	130	106	137	85	99	117	142	67	63	76	53	105	147	38	69	67	113	104	99	108	58	37	149	115	77	49	40	51	37	88	46	139	118	44	119	34	65	103	129	123	42	93	97	49	142	104	66	150	84	99	74	76	70	91	101	118	82	89	32	91	59	147	77	84	66	104	143	54	116	82	123	41	135	141	149	99	64	150	103
DISTANCE_MATRIX
0	360	318	300	288	276	264	264	150	150	150	60	90	90	162	168	204	228	234	312	360	408	348	318	168	192	168	318
360	60	264	318	324	342	342	342	348	348	354	360	372	378	378	420	420	480	462	498	462	462	384	420	372	420	378	378
318	264	60	270	276	288	288	288	294	294	294	318	318	324	324	414	414	468	462	486	462	462	330	366	366	408	372	324
300	318	270	60	276	288	288	288	288	288	288	300	300	312	318	408	408	468	462	486	438	438	318	360	360	402	360	312
288	324	276	276	60	276	276	276	276	276	276	288	288	300	300	402	396	462	456	480	432	432	300	360	360	402	348	300
276	342	288	288	276	60	180	180	252	258	264	264	264	288	288	390	390	456	450	480	432	432	288	348	348	348	288	288
264	342	288	288	276	180	60	180	246	258	264	264	264	288	288	390	390	456	450	480	432	432	288	348	348	348	288	288
264	342	288	288	276	180	180	60	240	258	264	264	264	288	288	390	390	456	450	480	432	432	288	348	348	348	288	288
150	348	294	288	276	252	246	240	60	120	120	150	126	270	270	378	384	420	438	480	420	408	276	300	300	300	276	270
150	348	294	288	276	258	258	258	120	60	120	150	150	270	270	378	384	420	438	480	420	408	276	300	300	300	276	270
150	354	294	288	276	264	264	264	120	120	60	150	150	270	270	378	384	420	438	480	420	408	276	300	300	300	276	270
60	360	318	300	288	264	264	264	150	150	150	60	90	162	168	228	234	312	360	408	348	318	168	192	192	198	168	162
90	372	318	300	288	264	264	264	150	150	150	90	60	162	168	228	234	312	360	408	348	318	168	192	192	198	168	162
90	378	324	312	300	288	288	288	270	270	270	162	162	60	120	180	180	306	210	360	300	300	120	180	120	180	120	234
162	378	324	318	300	288	288	288	270	270	270	168	168	120	60	180	180	306	210	360	300	300	120	180	120	180	120	120
168	420	414	408	402	348	348	348	300	300	300	228	228	180	180	60	132	204	132	348	258	258	186	60	180	132	222	180
204	420	414	408	396	390	390	390	384	384	384	234	234	180	180	132	60	204	132	348	258	258	186	60	180	132	222	180
228	480	468	468	462	456	456	456	420	420	420	312	312	306	306	204	204	60	198	120	240	240	306	204	306	138	306	306
234	462	462	462	456	450	450	450	438	438	438	360	360	210	210	132	132	198	60	138	132	132	210	132	210	132	210	210
312	498	486	486	480	480	480	480	480	480	480	408	408	360	360	348	348	120	138	60	348	348	360	348	360	348	360	360
360	462	462	438	432	432	432	432	420	420	420	348	348	300	300	258	258	240	132	348	60	60	300	258	300	258	300	300
408	462	462	438	432	432	432	432	408	408	408	318	318	300	300	258	258	240	132	348	60	60	300	258	300	258	300	300
348	384	330	318	300	288	288	288	276	276	276	168	168	120	120	186	186	306	210	360	300	300	60	186	120	186	120	120
318	420	366	360	360	348	348	348	300	300	300	192	192	180	180	60	60	204	132	348	258	258	186	60	180	60	180	180
168	372	300	306	300	288	288	288	270	270	270	168	168	120	120	180	180	306	210	360	300	300	120	180	60	180	120	120
192	420	408	402	402	348	348	348	300	300	300	198	198	180	180	132	132	138	132	348	258	258	186	60	180	60	180	180
168	378	372	360	348	288	288	288	276	276	276	168	168	120	120	222	222	306	210	360	300	300	120	180	120	180	60	120
318	378	324	312	300	288	288	288	270	270	270	162	162	234	120	180	180	306	210	360	300	300	120	180	120	180	120	60
DEPOTS_DISTANCE
234	462	462	462	456	450	450	450	438	438	438	360	360	210	210	132	132	198	60	138	132	132	210	132	210	132	210	210	
348	384	330	318	300	288	288	288	276	276	276	168	168	120	120	186	186	306	210	360	300	300	60	186	120	186	120	120	
318	420	366	360	360	348	348	348	300	300	300	192	192	180	180	60	60	204	132	348	258	258	186	60	180	60	180	180	
LOCATION_TURN_MATRIX
100	130	122	113	112	199	136	122	129	152	173	146	151	136	158	140	176	113	122	167	194	134	110	172	114	184	100	147	
170	100	154	188	164	169	136	136	152	170	104	183	155	115	101	104	155	187	174	115	149	134	178	168	114	135	168	102	
178	146	100	161	178	114	104	165	117	139	126	169	192	109	120	179	160	152	154	134	113	140	154	179	196	196	192	181	
187	112	139	100	158	114	195	181	104	132	195	106	183	169	132	170	140	136	172	148	116	110	123	136	151	120	176	169	
188	136	122	142	100	175	164	159	112	100	167	164	135	191	132	181	104	123	142	156	108	117	193	182	116	147	156	185	
101	131	186	186	125	100	190	147	164	150	137	102	145	176	185	131	113	108	117	186	118	151	140	178	154	189	172	110	
164	164	196	105	136	110	100	186	153	151	183	193	111	157	144	123	188	142	110	163	105	190	166	187	170	171	186	126	
178	164	135	119	141	153	114	100	106	130	108	103	151	178	122	151	130	133	184	177	110	141	166	110	122	174	191	197	
171	148	183	196	188	136	147	194	100	167	100	146	168	129	128	142	172	118	174	147	105	158	156	160	120	106	119	136	
148	130	161	168	200	150	149	170	133	100	177	106	175	116	188	180	176	194	108	146	130	187	183	173	128	141	169	176	
127	196	174	105	133	163	117	192	200	123	100	171	175	140	183	115	104	186	128	153	151	175	100	146	191	117	132	197	
154	117	131	194	136	198	107	197	154	194	129	100	136	184	140	147	172	184	148	131	103	156	185	200	152	158	154	143	
149	145	108	117	165	155	189	149	132	125	125	164	100	140	199	142	101	144	163	185	117	191	200	143	113	165	102	154	
164	185	191	131	109	124	143	122	171	184	160	116	160	100	109	116	196	113	131	186	166	139	183	175	144	161	105	170	
142	199	180	168	168	115	156	178	172	112	117	160	101	191	100	147	177	177	199	158	172	188	164	175	180	168	154	195	
160	196	121	130	119	169	177	149	158	120	185	153	158	184	153	100	152	159	197	157	181	159	102	123	168	200	124	186	
124	145	140	160	196	187	112	170	128	124	196	128	199	104	123	148	100	149	114	112	117	135	105	132	138	180	198	156	
187	113	148	164	177	192	158	167	182	106	114	116	156	187	123	141	151	100	166	132	168	163	159	123	129	173	161	116	
178	126	146	128	158	183	190	116	126	192	172	152	137	169	101	103	186	134	100	184	199	137	130	160	148	113	140	150	
133	185	166	152	144	114	137	123	153	154	147	169	115	114	142	143	188	168	116	100	111	195	128	157	191	164	141	171	
106	151	187	184	192	182	195	190	195	170	149	197	183	134	128	119	183	132	101	189	100	129	151	163	147	166	104	177	
166	166	160	190	183	149	110	159	142	113	125	144	109	161	112	141	165	137	163	105	171	100	101	185	169	129	103	197	
190	122	146	177	107	160	134	134	144	117	200	115	100	117	136	198	195	141	170	172	149	199	100	106	150	116	118	145	
128	132	121	164	118	122	113	190	140	127	154	100	157	125	125	177	168	177	140	143	137	115	194	100	128	167	115	155	
186	186	104	149	184	146	130	178	180	172	109	148	187	156	120	132	162	171	152	109	153	131	150	172	100	155	124	184	
116	165	104	180	153	111	129	126	194	159	183	142	135	139	132	100	120	127	187	136	134	171	184	133	145	100	129	192	
200	132	108	124	144	128	114	109	181	131	168	146	198	195	146	176	102	139	160	159	196	197	182	185	176	171	100	146	
153	198	119	131	115	190	174	103	164	124	103	157	146	130	105	114	144	184	150	129	123	103	155	145	116	108	154	100	
DEPOTS_TO_LOCAL_TURN_MATRIX
178	126	146	128	158	183	190	116	126	192	172	152	137	169	101	103	186	134	100	184	199	137	130	160	148	113	140	150	
190	122	146	177	107	160	134	134	144	117	200	115	100	117	136	198	195	141	170	172	149	199	100	106	150	116	118	145	
128	132	121	164	118	122	113	190	140	127	154	100	157	125	125	177	168	177	140	143	137	115	194	100	128	167	115	155	
LOCAL_TO_DEPOT_TURN_MATRIX
122	174	154	172	142	117	110	184	174	108	128	148	163	131	199	197	114	166	100	116	101	163	170	140	152	187	160	150	
110	178	154	123	193	140	166	166	156	183	100	185	200	183	164	102	105	159	130	128	151	101	100	194	150	184	182	155	
172	168	179	136	182	178	187	110	160	173	146	200	143	175	175	123	132	123	160	157	163	185	106	100	172	133	185	145	

