INDEX_PROBLEM
1
PATIENTS
800
STRETCHERS
16
NUM_ROOM
28
NUM_DEPOT
3
NUM_PRIORITY
4
PRIORITY_LIST
0	1	2	3	4
PRIORITY_WEIGHT
0	1	10	18	30
PRIORITY_JOB
0	2	3	2	3	4	3	4	3	4	1	3	3	3	4	3	4	4	2	3	3	4	4	3	4	1	2	4	3	4	4	3	4	2	3	4	3	4	3	3	4	2	4	4	3	4	3	4	4	2	3	4	2	3	4	3	4	1	3	1	1	2	1	1	1	3	4	2	1	4	3	4	3	3	4	1	2	2	1	2	1	4	2	4	1	3	3	4	3	2	3	4	2	2	1	2	1	4	2	4	4	3	4	4	3	1	2	3	2	2	2	1	2	4	3	1	4	3	4	4	3	4	1	3	4	2	1	1	2	1	3	1	2	3	4	3	3	4	1	4	2	2	1	2	1	2	3	4	2	3	4	3	4	3	1	4	4	2	1	2	1	2	2	3	4	2	4	4	3	4	2	1	3	1	1	2	1	1	2	3	4	2	1	3	4	4	3	3	1	2	1	2	1	2	1	4	4	1	4	3	3	4	2	3	2	2	2	1	2	1	3	4	4	2	4	3	4	3	1	3	4	2	2	2	1	2	4	3	1	3	4	3	4	3	4	1	4	2	3	2	1	1	1	1	2	1	4	3	3	3	4	4	4	2	2	2	1	1	2	3	2	4	3	4	3	4	4	1	4	2	2	1	2	1	2	3	4	2	3	4	3	4	4	1	3	1	2	1	2	1	1	3	4	2	3	3	4	3	4	1	1	2	2	1	2	1	2	3	4	4	2	3	4	3	4	1	3	2	1	2	2	1	2	4	4	2	3	3	4	3	4	1	3	4	1	2	2	1	2	3	2	3	1	4	4	3	4	3	1	4	2	1	1	2	1	3	1	3	4	3	3	3	4	3	4	1	2	2	1	2	1	3	4	2	4	3	3	4	3	4	1	4	2	2	1	2	1	2	3	4	4	4	3	4	3	2	2	1	1	2	1	2	1	3	3	4	4	2	4	1	3	3	1	1	1	2	2	1	3	1	3	4	2	3	4	3	4	1	3	4	2	2	1	2	1	2	4	2	3	3	4	3	4	3	1	4	2	2	1	2	1	2	2	3	1	4	3	4	3	3	4	1	2	1	1	2	1	3	1	3	4	4	3	3	3	4	1	4	2	1	2	2	4	2	3	1	3	4	3	3	4	2	1	4	1	2	1	2	2	4	2	3	3	4	4	3	4	4	2	1	1	2	1	1	1	1	3	3	2	3	4	4	3	3	1	4	2	2	1	1	2	1	3	4	3	3	4	3	2	1	3	2	1	2	1	2	4	1	2	4	3	3	4	3	4	1	2	2	1	2	1	1	4	3	4	2	3	4	4	3	4	3	1	1	3	1	2	2	1	4	2	3	3	4	3	3	4	1	3	4	1	1	2	2	2	3	4	3	4	3	3	4	1	1	2	1	2	1	2	2	4	2	3	3	4	3	4	4	4	2	1	1	2	1	1	2	3	1	3	4	3	4	3	4	2	1	3	1	2	1	1	2	1	3	4	3	4	3	4	1	2	3	1	2	1	2	1	2	4	1	2	3	3	4	3	4	1	2	2	1	2	1	1	4	3	4	2	4	3	4	3	3	1	2	3	1	2	2	1	4	2	3	4	4	3	3	4	1	3	4	1	1	2	2	4	2	3	4	3	4	3	3	4	1	1	2	1	2	1	2	4	2	3	3	4	3	4	3	2	4	1	2	1	2	1	1	1	3	2	3	4	4	4	3	1	2	3	2	2	1	1	4	1	1	3	4	1	2	2	1	2	1	2	3	1	2	2	1	2	1	1	2	1	1	1	2	1	4	4	1	1	2	1	2	1	2	1	3	2	1	2	2	1	1	4	2	3	2	1	1	2
TIME_ASKED
0	28849	28898	28947	28996	29045	29094	29149	29198	29247	29296	29345	29394	29429	29458	29487	29516	29545	29574	29603	29632	29661	29690	29742	29784	29826	29868	29910	29952	29994	30029	30058	30087	30116	30145	30174	30203	30232	30261	30290	30329	30358	30387	30416	30445	30474	30503	30532	30561	30590	30621	30642	30663	30684	30705	30726	30747	30768	30789	30810	30831	30852	30873	30894	30949	30998	31047	31096	31145	31194	31227	31254	31281	31308	31335	31362	31389	31416	31443	31470	31497	31524	31548	31572	31596	31620	31644	31668	31692	31716	31740	31764	31788	31837	31874	31911	31948	31985	32022	32059	32096	32159	32218	32277	32336	32395	32419	32438	32457	32476	32495	32514	32533	32552	32571	32590	32609	32628	32647	32666	32685	32759	32818	32877	32936	32995	33027	33054	33081	33108	33135	33162	33189	33216	33243	33270	33297	33333	33366	33399	33432	33465	33498	33531	33564	33597	33616	33632	33648	33664	33680	33696	33712	33728	33744	33760	33776	33792	33808	33824	33840	33856	33872	33888	33933	33966	33999	34032	34065	34098	34131	34164	34197	34242	34284	34326	34368	34410	34452	34494	34533	34566	34599	34632	34665	34698	34731	34764	34797	34827	34854	34881	34908	34935	34962	34989	35016	35043	35070	35097	35137	35174	35211	35248	35285	35322	35359	35396	35433	35466	35499	35532	35565	35598	35631	35664	35697	35723	35746	35769	35792	35815	35838	35861	35884	35907	35930	35953	35976	35999	36023	36046	36069	36092	36115	36138	36161	36184	36207	36230	36253	36276	36299	36327	36354	36381	36408	36435	36462	36489	36516	36543	36570	36597	36619	36638	36657	36676	36695	36714	36733	36752	36771	36790	36809	36828	36847	36866	36885	36949	36998	37047	37096	37145	37194	37259	37318	37377	37436	37495	37549	37598	37647	37696	37745	37794	37827	37854	37881	37908	37935	37962	37989	38016	38043	38070	38097	38123	38146	38169	38192	38215	38238	38261	38284	38307	38330	38353	38376	38399	38419	38438	38457	38476	38495	38514	38533	38552	38571	38590	38609	38628	38647	38666	38685	38742	38784	38826	38868	38910	38952	38994	39029	39058	39087	39116	39145	39174	39203	39232	39261	39290	39349	39398	39447	39496	39545	39594	39633	39666	39699	39732	39765	39798	39831	39864	39897	39937	39974	40011	40048	40085	40122	40159	40196	40242	40284	40326	40368	40410	40452	40494	40542	40584	40626	40668	40710	40752	40794	40849	40898	40947	40996	41045	41094	41133	41166	41199	41232	41265	41298	41331	41364	41397	41423	41446	41469	41492	41515	41538	41561	41584	41607	41630	41653	41676	41699	41749	41798	41847	41896	41945	41994	42099	42198	42297	42342	42384	42426	42468	42510	42552	42594	42699	42798	42897	42923	42946	42969	42992	43015	43038	43061	43084	43107	43130	43153	43176	43199	43237	43274	43311	43348	43385	43422	43459	43496	43549	43598	43647	43696	43745	43794	43899	43998	44097	44159	44218	44277	44336	44395	44459	44518	44577	44636	44695	44799	44898	44997	45033	45066	45099	45132	45165	45198	45231	45264	45297	45337	45374	45411	45448	45485	45522	45559	45596	45637	45674	45711	45748	45785	45822	45859	45896	45959	46018	46077	46136	46195	46249	46298	46347	46396	46445	46494	46537	46574	46611	46648	46685	46722	46759	46796	46821	46842	46863	46884	46905	46926	46947	46968	46989	47010	47031	47052	47073	47094	47199	47298	47397	47437	47474	47511	47548	47585	47622	47659	47696	47737	47774	47811	47848	47885	47922	47959	47996	48049	48098	48147	48196	48245	48294	48324	48348	48372	48396	48420	48444	48468	48492	48516	48540	48564	48588	48627	48654	48681	48708	48735	48762	48789	48816	48843	48870	48897	48937	48974	49011	49048	49085	49122	49159	49196	49233	49266	49299	49332	49365	49398	49431	49464	49497	49537	49574	49611	49648	49685	49722	49759	49796	49827	49854	49881	49908	49935	49962	49989	50016	50043	50070	50097	50149	50198	50247	50296	50345	50394	50424	50448	50472	50496	50520	50544	50568	50592	50616	50640	50664	50688	50737	50774	50811	50848	50885	50922	50959	50996	51027	51054	51081	51108	51135	51162	51189	51216	51243	51270	51297	51324	51348	51372	51396	51420	51444	51468	51492	51516	51540	51564	51588	51637	51674	51711	51748	51785	51822	51859	51896	51933	51966	51999	52032	52065	52098	52131	52164	52197	52259	52318	52377	52436	52495	52517	52534	52551	52568	52585	52602	52619	52636	52653	52670	52687	52704	52721	52738	52755	52772	52789	52859	52918	52977	53036	53095	53137	53174	53211	53248	53285	53322	53359	53396	53459	53518	53577	53636	53695	53733	53766	53799	53832	53865	53898	53931	53964	53997	54027	54054	54081	54108	54135	54162	54189	54216	54243	54270	54297	54374	54448	54522	54596	54627	54654	54681	54708	54735	54762	54789	54816	54843	54870	54897	55049	55198	55237	55274	55311	55348	55385	55422	55459	55496	55574	55648	55722	55796	55827	55854	55881	55908	55935	55962	55989	56016	56043	56070	56097	56399	56499	56598	56697	56733	56766	56799	56832	56865	56898	56931	56964	56997	57049	57098	57147	57196	57245	57294	57359	57418	57477	57536	57595
ORIGIN
26	16	6	25	25	7	27	23	1	25	23	26	14	14	20	14	3	14	14	14	3	4	26	16	14	14	16	9	9	14	27	7	13	9	14	14	11	2	23	26	26	2	14	20	20	2	14	14	27	6	27	18	7	27	20	8	1	14	10	2	14	23	2	26	26	14	23	14	14	24	15	23	14	14	7	9	26	14	3	14	9	14	23	14	14	23	14	7	16	7	7	5	5	15	14	1	3	5	18	26	27	20	8	1	8	17	17	27	20	2	14	14	14	14	14	4	24	19	4	27	23	16	26	19	26	2	2	14	27	26	10	2	23	14	2	14	16	14	27	9	9	27	16	13	16	14	16	27	1	11	1	13	13	13	27	14	2	14	14	14	14	4	27	24	15	4	8	16	8	27	4	26	2	22	22	14	18	1	14	23	12	24	24	14	1	23	5	14	14	4	26	14	5	14	1	20	11	14	23	9	7	7	16	16	2	15	14	7	7	7	1	14	4	27	16	5	14	27	23	27	14	14	14	14	14	23	23	25	2	23	14	3	26	14	16	27	11	11	1	25	23	27	14	8	27	14	2	23	14	14	23	23	15	15	27	14	13	13	23	7	26	4	8	26	13	3	23	26	14	2	14	14	3	18	27	3	23	13	3	23	3	13	14	14	14	14	25	14	14	26	14	14	23	14	23	23	10	3	3	23	27	2	14	1	3	1	4	27	16	5	23	16	7	5	1	11	3	14	14	3	7	26	1	14	13	2	20	14	3	9	27	27	1	7	14	3	14	7	1	23	8	1	23	10	26	14	12	16	26	8	1	27	14	14	14	16	5	26	16	23	14	4	16	14	14	14	27	16	20	14	23	4	2	23	4	3	20	27	7	4	4	14	14	26	14	17	18	27	1	23	10	1	14	12	2	27	14	14	14	14	14	4	11	27	26	26	11	3	14	14	4	12	14	14	14	10	27	14	14	16	23	14	3	24	14	4	11	14	14	1	14	14	7	23	20	23	23	10	23	23	14	2	14	14	14	27	14	14	3	11	27	23	16	6	27	19	7	27	22	12	15	3	3	26	12	14	4	3	14	3	23	14	14	14	3	16	4	4	1	26	14	15	7	20	9	26	14	11	26	27	17	7	27	14	27	27	2	14	3	27	5	27	18	7	2	20	14	27	14	2	22	23	2	2	20	2	3	12	14	4	24	15	26	26	25	14	4	26	3	26	26	2	1	14	11	2	23	12	4	14	14	26	15	14	23	9	23	27	20	10	7	27	20	27	14	14	2	27	20	14	7	2	16	1	23	14	4	14	15	4	27	22	22	11	26	14	2	14	3	1	23	3	2	23	27	3	14	14	23	14	15	14	27	11	2	26	26	7	27	20	2	23	1	11	11	20	2	14	2	14	23	23	14	3	24	14	4	27	8	3	26	14	8	14	14	2	2	3	14	2	23	12	14	26	26	27	27	14	27	23	26	2	2	23	1	26	19	8	27	3	27	3	20	2	14	14	27	1	2	14	3	24	14	4	14	1	1	26	14	2	26	14	23	14	1	10	1	23	12	2	23	27	8	14	8	27	11	15	3	3	16	23	27	19	7	27	22	1	14	14	14	22	14	2	2	24	14	3	16	14	4	20	2	24	26	14	1	26	14	4	8	23	9	1	23	4	26	23	8	27	14	14	27	11	14	1	19	23	6	3	18	7	27	21	14	14	23	2	22	23	2	19	23	14	3	2	7	4	25	16	27	2	16	16	16	26	14	14	24	9	1	14	14	2	23	13	14	14	14	14	27	14	3	1	3	5	27	18	7	27	20	8	23	17	10	1	23	23	2	7	22
DESTINATION
3	14	17	14	14	23	2	26	23	14	27	14	4	25	7	16	26	25	9	9	26	14	3	14	9	9	16	14	14	2	23	13	7	14	5	5	15	14	1	3	3	27	26	7	7	27	20	8	23	17	2	27	20	2	14	14	14	16	14	14	25	7	27	23	3	26	3	26	26	2	14	27	26	26	20	14	3	4	26	16	14	4	27	9	9	27	16	13	16	13	13	14	14	11	2	23	26	14	27	14	2	14	14	14	14	6	6	18	7	27	20	8	1	4	26	14	2	22	14	18	1	14	14	22	14	24	24	15	23	14	14	14	4	26	14	5	14	1	23	14	14	23	14	7	16	5	16	2	24	15	14	7	7	7	18	26	27	20	8	1	8	14	23	2	14	14	14	14	14	23	14	14	24	19	19	4	27	23	16	27	11	2	2	25	23	27	14	2	2	23	14	2	14	16	14	14	15	9	27	14	13	13	16	16	27	11	1	13	13	13	23	26	14	2	14	14	3	18	27	18	15	4	8	16	8	27	27	14	14	1	25	14	14	26	14	23	12	12	23	14	1	23	5	14	2	20	14	1	3	1	4	4	11	11	23	9	7	7	1	20	3	14	14	3	7	26	1	14	4	27	16	5	14	27	23	14	1	7	14	3	14	7	1	25	2	2	14	3	26	14	16	16	26	8	1	27	14	14	14	1	23	27	2	23	14	14	23	23	14	14	27	16	20	14	23	15	26	4	8	26	13	3	23	4	7	14	14	26	14	17	18	2	23	13	3	23	3	13	14	27	14	14	27	14	14	4	11	14	23	14	23	23	10	3	3	14	14	3	14	27	10	14	14	16	5	16	23	16	7	5	1	14	14	1	14	14	7	23	20	14	14	2	20	14	3	9	27	23	14	27	14	14	3	11	27	23	8	1	1	10	26	14	12	2	3	3	12	14	26	4	14	11	16	5	16	14	23	16	4	14	1	4	14	1	26	14	15	4	2	23	4	3	20	27	7	1	27	14	27	27	2	14	3	1	1	23	10	1	14	12	2	27	14	17	2	22	23	2	2	11	14	26	26	14	11	4	14	26	25	14	4	26	3	26	26	14	14	14	24	14	4	11	20	7	14	14	26	15	14	23	9	20	23	10	23	23	14	2	14	23	14	2	27	20	14	7	2	23	16	27	19	7	27	22	7	22	14	11	26	14	2	14	3	3	14	3	23	14	14	14	3	14	14	4	15	14	27	11	14	9	9	14	11	26	27	17	1	2	11	14	20	2	14	2	8	5	27	18	7	2	20	14	14	23	3	26	14	8	14	14	2	2	2	12	14	4	24	15	26	14	27	14	14	27	23	26	2	2	27	1	11	2	23	12	27	3	14	20	2	14	14	27	23	20	20	7	27	20	27	16	1	1	26	14	2	26	14	23	14	23	14	4	14	15	4	27	27	14	8	14	27	11	15	3	3	23	23	2	23	27	3	14	14	1	14	14	22	14	2	26	2	26	7	27	20	2	23	23	24	26	14	1	26	14	4	23	23	14	3	24	14	4	27	8	23	14	14	27	11	14	1	2	14	3	14	23	12	14	26	26	14	27	2	22	23	2	19	23	2	1	26	19	8	27	27	2	25	14	16	26	14	14	24	2	14	3	24	14	4	14	14	1	14	14	27	14	3	1	14	2	10	10	23	12	2	23	22	27	17	26	27	23	2	7	16	16	27	27	19	7	27	22	1	25	14	24	20	14	14	14	2	24	14	16	16	14	4	20	2	14	14	9	9	14	27	7	8	1	26	1	23	4	26	23	26	14	2	27	20	2	14	14	27	6	14	14	7	7	27	21	19
DUE_DATE
0	30427	29996	30525	30094	29603	30192	29707	30296	29805	31594	30443	30492	30527	30016	30585	30074	30103	31152	30701	30730	30219	30248	30840	30342	32124	31446	30468	31050	30552	30587	31156	30645	31694	31243	30732	31301	30790	31359	31388	30887	31936	30945	30974	31543	31032	31601	31090	31119	32168	31719	31200	32241	31782	31263	31824	31305	33066	31887	33108	33129	32430	33171	33192	33247	32096	31605	32674	33443	31752	32325	31812	32379	32406	31893	33660	32967	32994	33741	33048	33795	32082	33126	32130	33894	32718	32742	32226	32790	33294	32838	32322	33366	33415	34172	33489	34246	32543	33600	32617	32654	33257	32776	32835	33434	34693	33997	33536	34035	34054	34073	34812	34111	33110	33669	34888	33167	33726	33205	33224	33783	33317	35116	33975	33494	34573	35325	35352	34659	35406	34233	35460	34767	34314	33801	34368	34395	33891	35664	33957	35010	35043	35796	35109	35862	35175	34714	34190	35226	34762	34238	34794	34270	34826	36042	34318	34334	35370	36106	35402	36138	35434	35450	34986	34491	35544	34557	34590	35163	34656	35709	36462	35295	36540	36582	35904	36666	36708	36030	35592	35091	36144	36897	35730	35223	35256	35829	35862	37095	36405	37152	36459	37206	36513	37260	35547	35574	37341	35628	36195	36235	35732	36789	36346	36863	36900	36937	37694	37011	37764	36597	36090	36123	37176	36189	36762	36255	36821	38044	36867	36350	37393	37416	37439	38182	37485	36488	37051	38274	37097	36581	37144	36627	37190	36673	38436	36719	37762	37305	37808	38551	38574	38597	38625	37932	38679	36966	37533	37560	37587	37074	37101	37128	38175	38197	38216	38955	38974	38273	37812	38311	37310	37869	37348	37907	37386	37405	39164	37443	38527	38576	39345	38674	39443	38772	38357	37876	38955	38534	38053	38647	38156	38205	39994	38843	40092	39405	40152	39459	40206	40233	39060	38547	39594	39141	39168	38655	39221	38704	40467	40490	39793	39816	40559	39862	40605	39908	39451	38934	38957	39997	39536	39015	39574	39053	40812	39631	40130	40869	40168	40187	40926	40225	39224	39243	40320	39882	39924	39426	40008	39510	41292	40127	39616	41385	40694	40723	41472	40781	40330	40839	40388	41647	39956	40005	40594	40103	40692	41931	40224	41277	42030	42063	41376	42129	40962	42195	41035	40532	41109	41146	41183	40680	41257	40754	42540	41862	41904	42666	41988	42750	41592	41100	42162	41184	41766	41808	41310	41892	41407	43196	41505	42574	42623	43392	42711	43464	42777	42330	41823	41856	41889	42462	41955	42521	43024	43047	43790	43813	43116	43859	43162	43905	42728	42751	42234	42257	43327	42356	44145	42994	43043	44292	44397	44496	43875	43920	44682	43524	44766	43608	43110	44172	43797	43356	43995	43481	45244	44067	43550	44593	44616	45359	44662	45405	44708	43711	44754	44297	44335	43832	44409	43906	44483	45720	44017	45074	45127	45896	45225	45994	45323	45372	44997	46296	44655	45257	44776	45375	45434	44953	46757	46096	46875	46934	46273	47097	45996	47295	46131	45624	45657	46230	46263	46296	45789	47562	45855	46915	47672	46989	47026	46043	47100	46657	47894	46735	46232	46809	46846	46343	47400	48157	46454	48257	47596	48375	47714	47773	46807	47876	47445	47494	47003	47052	47635	47132	47169	48226	48983	49020	48337	49094	49119	49140	49161	47982	48003	48504	48045	47526	47547	48108	48129	49350	47631	48672	48777	49596	49695	49015	49772	48609	48106	48683	48720	48217	48794	49315	50072	48909	49426	50183	49500	50257	49574	48607	50396	49725	48754	49343	49392	48882	49446	48930	50694	49998	50022	50766	50070	50814	50838	49122	49686	49185	50232	49779	49266	49293	49860	49347	49914	51141	51168	49995	51235	50552	50589	51346	49643	50700	50257	50294	49791	50364	50397	49890	51663	50496	49989	51762	51795	51115	51152	51189	50746	50243	50820	50317	50894	50925	50412	52179	52206	51513	52260	51567	52314	51621	51648	50655	51727	51296	51345	50854	51443	50952	50982	51006	52050	52794	52818	52122	52866	52890	52194	51738	52962	51786	51295	51872	51369	51946	51443	52500	53257	52094	53325	52632	53379	53406	52713	53460	52287	51774	52341	51828	52395	51882	53646	52950	52494	53718	53022	53766	53070	53814	53118	52122	53886	53215	52772	52809	52306	52883	52380	54157	53474	53511	54264	53577	54330	54363	52656	53229	52722	53775	52817	53416	52935	53534	53593	54815	54112	53649	54866	54163	54180	54917	53194	54231	53768	53245	53262	53819	53836	53313	55070	53887	53417	55216	55275	54614	54673	53695	54752	54309	53806	54383	53880	54457	54494	54017	55816	55875	55214	55993	55311	56064	55377	54390	55443	54996	55029	54522	55095	54585	55152	55659	54666	56433	55740	56487	55794	56541	56568	56595	55472	56026	55620	55154	55185	55212	55779	57006	56313	55860	56367	56394	57141	57168	55455	57347	57496	56335	55832	57609	56926	56963	57720	57037	57794	57152	56746	58020	57374	57405	58152	57459	58206	58233	57540	58287	58314	58341	57648	58395	56957	57057	58896	58995	58311	59064	58377	59130	58443	59196	58029	58542	59295	58627	58676	59445	59494	57803	58872	58457	58996	59775	59834	59173
TRANSPORT_MODE
0	2	1	1	0	0	0	0	2	1	1	2	0	0	0	0	0	1	1	2	0	0	0	0	0	1	1	2	0	0	0	0	1	1	1	0	0	0	0	0	0	2	1	1	0	0	0	0	0	2	1	1	1	0	0	0	0	3	1	1	0	0	0	0	0	2	1	1	3	0	0	0	0	1	1	1	0	0	0	0	0	0	2	1	3	0	0	0	0	1	1	1	0	0	0	0	0	0	2	1	1	0	0	0	0	3	1	1	1	0	0	0	0	0	2	1	1	0	0	0	0	0	3	1	1	2	0	0	0	0	1	1	1	0	0	0	0	0	3	1	2	0	0	0	0	0	1	1	1	0	0	0	0	0	3	1	1	0	0	0	0	0	2	1	1	1	0	0	0	0	0	3	1	1	0	0	0	0	0	2	1	1	3	0	0	0	0	1	1	1	0	0	0	0	0	2	1	3	0	0	0	0	1	1	1	0	0	0	0	0	0	2	1	1	0	0	0	0	3	1	1	1	0	0	0	0	0	2	1	1	0	0	0	0	0	3	1	1	2	0	0	0	0	1	1	3	0	0	0	0	0	1	1	2	0	0	0	0	0	1	1	1	0	0	0	0	0	3	1	2	0	0	0	0	0	1	1	1	0	0	0	0	0	3	1	1	0	0	0	0	0	1	2	1	1	0	0	0	0	3	1	1	0	0	0	0	0	0	2	1	1	0	0	0	0	3	1	1	0	0	0	0	0	2	1	1	0	0	0	0	0	3	1	1	0	0	0	0	0	0	1	2	1	0	0	0	0	1	3	1	1	0	0	0	0	2	1	1	0	0	0	0	0	0	1	3	1	0	0	0	0	2	1	1	0	0	0	0	0	1	3	1	0	0	0	0	0	1	2	1	0	0	0	0	0	0	1	3	1	0	0	0	0	1	1	2	0	1	0	0	0	1	3	1	0	0	0	0	0	0	1	2	1	0	0	0	0	3	1	1	0	0	0	0	0	1	2	1	0	0	0	0	0	1	3	1	0	0	0	0	0	0	1	1	2	0	0	0	0	1	1	3	1	0	0	0	0	1	2	1	0	0	0	0	0	1	3	1	0	0	0	0	0	1	2	1	0	0	0	0	0	1	3	1	0	0	0	0	0	1	2	1	0	0	0	0	0	1	1	3	0	0	0	0	0	1	1	2	1	0	0	0	0	1	3	1	0	0	0	0	0	1	1	1	0	0	0	0	1	3	1	0	0	0	0	0	0	1	2	1	0	0	0	0	1	3	1	0	0	0	0	0	0	1	1	2	0	0	0	0	0	1	1	3	1	0	0	0	0	1	2	1	0	0	0	0	0	1	1	1	0	0	0	0	1	2	1	0	0	0	0	0	1	3	1	0	0	0	0	0	1	2	1	0	0	0	0	0	1	1	3	0	0	0	0	0	1	1	2	1	0	0	0	0	1	3	1	0	0	0	0	0	1	1	1	0	0	0	0	3	1	1	0	0	0	0	0	0	1	2	1	0	0	0	0	1	3	1	0	0	0	0	0	0	1	2	1	0	0	0	0	1	3	1	1	0	0	0	0	1	2	1	0	0	0	0	0	1	1	1	0	0	0	0	0	2	1	1	0	0	0	0	0	1	3	1	0	0	0	0	2	1	1	0	0	0	0	0	0	1	3	1	0	0	0	0	0	1	2	1	1	0	0	0	3	1	1	0	0	0	0	0	3	1	1	1	0	0	0	0	0	3	1	1	0	0	0	0	0	3	1	1	0	0	0	0	3	1	1	0	0	0	0	0	0	1	3	1	0	0	0	0	0	3	1	1	1	0	0	0	0
PATIENT_WEIGHT
130	81	150	135	110	63	139	57	76	93	57	145	110	79	35	70	113	87	57	123	101	120	126	147	131	64	134	131	138	128	67	33	115	147	41	90	83	108	79	37	37	126	94	136	62	72	99	107	47	139	87	124	96	127	61	34	39	82	58	44	53	122	56	49	103	98	87	93	82	99	89	30	133	91	140	143	63	117	43	117	41	72	103	137	37	45	56	114	112	93	84	111	130	141	53	82	132	103	102	103	133	34	120	58	57	124	82	123	82	79	67	121	149	95	91	40	121	131	143	63	101	66	129	104	44	63	46	44	44	41	101	86	57	47	110	45	105	59	70	57	110	90	136	58	126	41	78	41	119	150	140	112	146	146	133	71	31	106	46	66	38	129	42	147	103	98	92	150	141	75	50	78	102	35	121	150	146	33	49	101	59	129	57	101	128	108	122	123	106	138	78	44	77	101	46	119	100	119	96	121	108	86	35	114	75	53	45	116	57	30	91	148	137	135	115	144	37	51	31	103	113	95	117	149	57	69	91	118	69	79	119	86	77	76	98	101	106	118	117	106	114	65	31	90	84	116	48	46	93	74	70	118	37	112	49	73	97	150	141	63	52	54	31	107	136	88	114	111	48	93	46	63	113	136	55	78	118	60	77	95	47	89	87	120	91	110	109	69	83	147	78	56	94	103	116	95	134	107	130	142	66	119	50	85	106	122	53	139	142	55	121	144	111	129	139	104	59	107	117	112	73	37	125	72	84	97	48	142	33	72	142	137	144	110	55	127	59	146	144	75	32	107	35	87	80	105	106	142	37	138	48	94	107	57	106	76	139	42	86	108	40	51	37	91	128	67	113	111	65	141	54	36	39	110	133	98	105	101	64	48	58	146	144	47	107	115	77	71	56	38	113	43	109	67	55	30	81	36	102	31	62	100	138	33	54	121	144	142	82	56	38	94	87	112	102	108	89	61	140	144	141	120	146	58	105	102	126	36	127	77	133	142	76	134	79	81	148	39	135	149	140	119	65	36	44	131	84	50	64	45	81	128	127	86	35	135	95	63	118	132	118	149	41	39	115	134	53	131	125	106	46	134	145	35	96	69	33	51	86	144	71	138	50	58	96	127	30	78	73	133	117	98	36	61	137	83	88	142	146	144	120	54	75	44	68	120	92	146	116	54	104	113	104	90	41	131	89	37	147	46	143	96	83	70	66	44	103	95	115	109	75	47	92	35	101	93	96	143	56	44	107	142	88	124	71	134	68	89	85	115	48	103	72	97	58	60	69	34	107	123	132	136	106	64	145	150	82	111	49	95	138	52	142	123	139	140	106	110	100	86	40	113	89	84	85	102	60	119	62	46	91	132	98	94	90	54	128	61	113	133	31	90	42	150	60	82	85	77	50	53	60	107	65	132	34	89	107	130	30	74	46	44	91	135	41	75	109	47	118	41	139	116	43	65	138	55	33	127	98	106	147	36	145	120	46	62	44	57	50	112	101	133	123	65	68	79	95	74	142	43	66	112	90	134	32	69	73	54	136	144	37	58	99	42	139	81	44	36	80	105	138	66	120	135	78	138	135	58	122	147	116	43	39	39	45	111	40	89	32	37	99	142	96	111	56	56	86	85	60	100	140	35	97	60	63	36	136	73	62	128	144	112	88	124	54	87	110	38	107	80	131	74	95	129	146	117	68	118	147	120	98	137	54	82	52	31	115	49	89	44	56	122	108	96	55	68	90	92	60	45	106	59	82	55	91	142	83	43	84	31	37	119	79	80	118	92	58	46	141	58	86	70	107	87	83	105	86	147	75	59	124	71	127	91	70	33	117	31	78	111	74
DISTANCE_MATRIX
0	360	318	300	288	276	264	264	150	150	150	60	90	90	162	168	204	228	234	312	360	408	348	318	168	192	168	318
360	60	264	318	324	342	342	342	348	348	354	360	372	378	378	420	420	480	462	498	462	462	384	420	372	420	378	378
318	264	60	270	276	288	288	288	294	294	294	318	318	324	324	414	414	468	462	486	462	462	330	366	366	408	372	324
300	318	270	60	276	288	288	288	288	288	288	300	300	312	318	408	408	468	462	486	438	438	318	360	360	402	360	312
288	324	276	276	60	276	276	276	276	276	276	288	288	300	300	402	396	462	456	480	432	432	300	360	360	402	348	300
276	342	288	288	276	60	180	180	252	258	264	264	264	288	288	390	390	456	450	480	432	432	288	348	348	348	288	288
264	342	288	288	276	180	60	180	246	258	264	264	264	288	288	390	390	456	450	480	432	432	288	348	348	348	288	288
264	342	288	288	276	180	180	60	240	258	264	264	264	288	288	390	390	456	450	480	432	432	288	348	348	348	288	288
150	348	294	288	276	252	246	240	60	120	120	150	126	270	270	378	384	420	438	480	420	408	276	300	300	300	276	270
150	348	294	288	276	258	258	258	120	60	120	150	150	270	270	378	384	420	438	480	420	408	276	300	300	300	276	270
150	354	294	288	276	264	264	264	120	120	60	150	150	270	270	378	384	420	438	480	420	408	276	300	300	300	276	270
60	360	318	300	288	264	264	264	150	150	150	60	90	162	168	228	234	312	360	408	348	318	168	192	192	198	168	162
90	372	318	300	288	264	264	264	150	150	150	90	60	162	168	228	234	312	360	408	348	318	168	192	192	198	168	162
90	378	324	312	300	288	288	288	270	270	270	162	162	60	120	180	180	306	210	360	300	300	120	180	120	180	120	234
162	378	324	318	300	288	288	288	270	270	270	168	168	120	60	180	180	306	210	360	300	300	120	180	120	180	120	120
168	420	414	408	402	348	348	348	300	300	300	228	228	180	180	60	132	204	132	348	258	258	186	60	180	132	222	180
204	420	414	408	396	390	390	390	384	384	384	234	234	180	180	132	60	204	132	348	258	258	186	60	180	132	222	180
228	480	468	468	462	456	456	456	420	420	420	312	312	306	306	204	204	60	198	120	240	240	306	204	306	138	306	306
234	462	462	462	456	450	450	450	438	438	438	360	360	210	210	132	132	198	60	138	132	132	210	132	210	132	210	210
312	498	486	486	480	480	480	480	480	480	480	408	408	360	360	348	348	120	138	60	348	348	360	348	360	348	360	360
360	462	462	438	432	432	432	432	420	420	420	348	348	300	300	258	258	240	132	348	60	60	300	258	300	258	300	300
408	462	462	438	432	432	432	432	408	408	408	318	318	300	300	258	258	240	132	348	60	60	300	258	300	258	300	300
348	384	330	318	300	288	288	288	276	276	276	168	168	120	120	186	186	306	210	360	300	300	60	186	120	186	120	120
318	420	366	360	360	348	348	348	300	300	300	192	192	180	180	60	60	204	132	348	258	258	186	60	180	60	180	180
168	372	300	306	300	288	288	288	270	270	270	168	168	120	120	180	180	306	210	360	300	300	120	180	60	180	120	120
192	420	408	402	402	348	348	348	300	300	300	198	198	180	180	132	132	138	132	348	258	258	186	60	180	60	180	180
168	378	372	360	348	288	288	288	276	276	276	168	168	120	120	222	222	306	210	360	300	300	120	180	120	180	60	120
318	378	324	312	300	288	288	288	270	270	270	162	162	234	120	180	180	306	210	360	300	300	120	180	120	180	120	60
DEPOTS_DISTANCE
234	462	462	462	456	450	450	450	438	438	438	360	360	210	210	132	132	198	60	138	132	132	210	132	210	132	210	210	
348	384	330	318	300	288	288	288	276	276	276	168	168	120	120	186	186	306	210	360	300	300	60	186	120	186	120	120	
318	420	366	360	360	348	348	348	300	300	300	192	192	180	180	60	60	204	132	348	258	258	186	60	180	60	180	180	
LOCATION_TURN_MATRIX
100	130	122	113	112	199	136	122	129	152	173	146	151	136	158	140	176	113	122	167	194	134	110	172	114	184	100	147	
170	100	154	188	164	169	136	136	152	170	104	183	155	115	101	104	155	187	174	115	149	134	178	168	114	135	168	102	
178	146	100	161	178	114	104	165	117	139	126	169	192	109	120	179	160	152	154	134	113	140	154	179	196	196	192	181	
187	112	139	100	158	114	195	181	104	132	195	106	183	169	132	170	140	136	172	148	116	110	123	136	151	120	176	169	
188	136	122	142	100	175	164	159	112	100	167	164	135	191	132	181	104	123	142	156	108	117	193	182	116	147	156	185	
101	131	186	186	125	100	190	147	164	150	137	102	145	176	185	131	113	108	117	186	118	151	140	178	154	189	172	110	
164	164	196	105	136	110	100	186	153	151	183	193	111	157	144	123	188	142	110	163	105	190	166	187	170	171	186	126	
178	164	135	119	141	153	114	100	106	130	108	103	151	178	122	151	130	133	184	177	110	141	166	110	122	174	191	197	
171	148	183	196	188	136	147	194	100	167	100	146	168	129	128	142	172	118	174	147	105	158	156	160	120	106	119	136	
148	130	161	168	200	150	149	170	133	100	177	106	175	116	188	180	176	194	108	146	130	187	183	173	128	141	169	176	
127	196	174	105	133	163	117	192	200	123	100	171	175	140	183	115	104	186	128	153	151	175	100	146	191	117	132	197	
154	117	131	194	136	198	107	197	154	194	129	100	136	184	140	147	172	184	148	131	103	156	185	200	152	158	154	143	
149	145	108	117	165	155	189	149	132	125	125	164	100	140	199	142	101	144	163	185	117	191	200	143	113	165	102	154	
164	185	191	131	109	124	143	122	171	184	160	116	160	100	109	116	196	113	131	186	166	139	183	175	144	161	105	170	
142	199	180	168	168	115	156	178	172	112	117	160	101	191	100	147	177	177	199	158	172	188	164	175	180	168	154	195	
160	196	121	130	119	169	177	149	158	120	185	153	158	184	153	100	152	159	197	157	181	159	102	123	168	200	124	186	
124	145	140	160	196	187	112	170	128	124	196	128	199	104	123	148	100	149	114	112	117	135	105	132	138	180	198	156	
187	113	148	164	177	192	158	167	182	106	114	116	156	187	123	141	151	100	166	132	168	163	159	123	129	173	161	116	
178	126	146	128	158	183	190	116	126	192	172	152	137	169	101	103	186	134	100	184	199	137	130	160	148	113	140	150	
133	185	166	152	144	114	137	123	153	154	147	169	115	114	142	143	188	168	116	100	111	195	128	157	191	164	141	171	
106	151	187	184	192	182	195	190	195	170	149	197	183	134	128	119	183	132	101	189	100	129	151	163	147	166	104	177	
166	166	160	190	183	149	110	159	142	113	125	144	109	161	112	141	165	137	163	105	171	100	101	185	169	129	103	197	
190	122	146	177	107	160	134	134	144	117	200	115	100	117	136	198	195	141	170	172	149	199	100	106	150	116	118	145	
128	132	121	164	118	122	113	190	140	127	154	100	157	125	125	177	168	177	140	143	137	115	194	100	128	167	115	155	
186	186	104	149	184	146	130	178	180	172	109	148	187	156	120	132	162	171	152	109	153	131	150	172	100	155	124	184	
116	165	104	180	153	111	129	126	194	159	183	142	135	139	132	100	120	127	187	136	134	171	184	133	145	100	129	192	
200	132	108	124	144	128	114	109	181	131	168	146	198	195	146	176	102	139	160	159	196	197	182	185	176	171	100	146	
153	198	119	131	115	190	174	103	164	124	103	157	146	130	105	114	144	184	150	129	123	103	155	145	116	108	154	100	
DEPOTS_TO_LOCAL_TURN_MATRIX
178	126	146	128	158	183	190	116	126	192	172	152	137	169	101	103	186	134	100	184	199	137	130	160	148	113	140	150	
190	122	146	177	107	160	134	134	144	117	200	115	100	117	136	198	195	141	170	172	149	199	100	106	150	116	118	145	
128	132	121	164	118	122	113	190	140	127	154	100	157	125	125	177	168	177	140	143	137	115	194	100	128	167	115	155	
LOCAL_TO_DEPOT_TURN_MATRIX
122	174	154	172	142	117	110	184	174	108	128	148	163	131	199	197	114	166	100	116	101	163	170	140	152	187	160	150	
110	178	154	123	193	140	166	166	156	183	100	185	200	183	164	102	105	159	130	128	151	101	100	194	150	184	182	155	
172	168	179	136	182	178	187	110	160	173	146	200	143	175	175	123	132	123	160	157	163	185	106	100	172	133	185	145	

