INDEX_PROBLEM
1
PATIENTS
800
STRETCHERS
16
NUM_ROOM
28
NUM_DEPOT
3
NUM_PRIORITY
4
PRIORITY_LIST
0	1	2	3	4
PRIORITY_WEIGHT
0	1	10	18	30
PRIORITY_JOB
0	1	3	4	3	3	3	4	4	2	3	1	3	4	3	4	2	4	2	3	4	4	3	3	3	4	2	3	4	4	3	3	3	4	1	3	4	3	4	3	4	3	2	4	3	4	4	3	4	1	3	4	3	3	4	3	4	1	4	2	1	2	1	2	1	3	1	2	4	3	3	3	1	4	2	2	2	1	2	1	4	3	4	2	4	3	4	3	1	3	4	1	1	2	1	2	4	3	2	3	3	4	3	3	4	4	1	3	1	1	2	1	2	4	2	3	3	4	4	3	3	4	1	1	2	1	1	2	2	4	2	4	3	4	3	4	2	3	1	4	1	2	1	1	2	3	1	3	3	4	3	4	2	4	1	2	1	2	2	1	1	3	4	1	4	3	4	3	4	3	1	4	2	1	2	1	2	2	3	1	4	3	3	4	2	1	4	1	2	2	1	2	3	4	2	3	4	3	4	3	2	1	3	4	1	1	2	1	4	2	3	4	3	4	4	3	4	2	3	4	2	1	1	2	1	1	3	4	3	4	4	3	3	2	3	1	2	2	1	2	1	2	4	4	3	4	3	4	2	3	1	1	2	1	2	1	4	2	3	2	3	4	3	4	1	3	1	4	2	1	2	1	2	3	4	1	4	3	4	3	1	3	1	4	2	2	1	2	1	4	2	3	1	4	3	3	4	2	1	4	2	1	2	2	1	4	2	3	3	4	3	4	3	2	1	3	4	2	1	1	2	2	3	2	4	3	4	3	4	3	1	4	1	1	2	1	1	4	3	4	2	3	4	4	3	3	3	4	1	2	1	2	2	1	2	4	4	3	3	4	4	1	2	3	1	1	2	2	1	2	4	4	2	3	4	3	4	2	3	1	4	1	1	2	1	2	2	3	1	3	3	4	4	3	4	1	4	1	1	2	1	2	4	2	3	1	3	3	4	3	2	1	4	2	1	1	2	2	2	3	2	4	3	4	3	4	1	4	2	1	2	1	2	4	3	4	2	3	4	4	3	4	3	1	1	4	2	1	2	1	3	3	2	3	4	4	3	3	4	4	1	1	1	2	1	2	2	4	2	3	3	4	3	4	3	1	2	2	1	1	2	2	4	4	2	3	4	3	4	3	1	4	2	1	2	1	2	2	3	1	3	4	4	3	4	4	1	1	2	3	2	1	1	2	1	1	2	4	3	3	4	3	1	4	2	2	1	2	1	2	3	2	4	4	3	4	3	4	1	4	2	3	1	2	1	2	2	3	4	3	4	3	4	4	1	1	3	4	2	1	2	1	3	2	3	1	4	3	3	4	3	1	2	4	1	2	2	1	2	3	4	4	3	4	3	4	1	2	4	2	1	1	2	2	2	3	4	3	4	3	4	4	1	2	3	1	2	1	2	2	4	1	3	4	3	4	3	3	1	1	2	3	2	1	1	2	1	1	2	4	4	3	4	3	1	2	3	2	1	2	1	2	2	4	4	3	4	3	4	1	2	3	2	1	1	2	2	3	2	3	4	4	3	4	4	3	1	1	3	4	1	2	1	1	2	3	1	4	3	3	4	3	1	3	4	2	1	2	2	1	2	3	4	4	3	3	4	3	1	2	4	1	2	2	1	2	3	4	4	3	4	3	4	2	1	2	3	1	2	2	1	1	3	4	2	3	4	4	3	2	1	3	1	1	1	2	1	2	3	4	4	3	4	3	4	1	2	3	1	1	2	2	1	1	2	4	2	1	2	2	1	1	2	3	2	1	1	2	1	1	4	2	2	1	2	1	2	1	3	4	1	1	2	1	2	2	1	3	2	1	2	1	1	1	3	4	2	1	2	1	2
TIME_ASKED
0	28849	28898	28947	28996	29045	29094	29149	29198	29247	29296	29345	29394	29429	29458	29487	29516	29545	29574	29603	29632	29661	29690	29742	29784	29826	29868	29910	29952	29994	30029	30058	30087	30116	30145	30174	30203	30232	30261	30290	30329	30358	30387	30416	30445	30474	30503	30532	30561	30590	30621	30642	30663	30684	30705	30726	30747	30768	30789	30810	30831	30852	30873	30894	30949	30998	31047	31096	31145	31194	31227	31254	31281	31308	31335	31362	31389	31416	31443	31470	31497	31524	31548	31572	31596	31620	31644	31668	31692	31716	31740	31764	31788	31837	31874	31911	31948	31985	32022	32059	32096	32159	32218	32277	32336	32395	32419	32438	32457	32476	32495	32514	32533	32552	32571	32590	32609	32628	32647	32666	32685	32759	32818	32877	32936	32995	33027	33054	33081	33108	33135	33162	33189	33216	33243	33270	33297	33333	33366	33399	33432	33465	33498	33531	33564	33597	33616	33632	33648	33664	33680	33696	33712	33728	33744	33760	33776	33792	33808	33824	33840	33856	33872	33888	33933	33966	33999	34032	34065	34098	34131	34164	34197	34242	34284	34326	34368	34410	34452	34494	34533	34566	34599	34632	34665	34698	34731	34764	34797	34827	34854	34881	34908	34935	34962	34989	35016	35043	35070	35097	35137	35174	35211	35248	35285	35322	35359	35396	35433	35466	35499	35532	35565	35598	35631	35664	35697	35723	35746	35769	35792	35815	35838	35861	35884	35907	35930	35953	35976	35999	36023	36046	36069	36092	36115	36138	36161	36184	36207	36230	36253	36276	36299	36327	36354	36381	36408	36435	36462	36489	36516	36543	36570	36597	36619	36638	36657	36676	36695	36714	36733	36752	36771	36790	36809	36828	36847	36866	36885	36949	36998	37047	37096	37145	37194	37259	37318	37377	37436	37495	37549	37598	37647	37696	37745	37794	37827	37854	37881	37908	37935	37962	37989	38016	38043	38070	38097	38123	38146	38169	38192	38215	38238	38261	38284	38307	38330	38353	38376	38399	38419	38438	38457	38476	38495	38514	38533	38552	38571	38590	38609	38628	38647	38666	38685	38742	38784	38826	38868	38910	38952	38994	39029	39058	39087	39116	39145	39174	39203	39232	39261	39290	39349	39398	39447	39496	39545	39594	39633	39666	39699	39732	39765	39798	39831	39864	39897	39937	39974	40011	40048	40085	40122	40159	40196	40242	40284	40326	40368	40410	40452	40494	40542	40584	40626	40668	40710	40752	40794	40849	40898	40947	40996	41045	41094	41133	41166	41199	41232	41265	41298	41331	41364	41397	41423	41446	41469	41492	41515	41538	41561	41584	41607	41630	41653	41676	41699	41749	41798	41847	41896	41945	41994	42099	42198	42297	42342	42384	42426	42468	42510	42552	42594	42699	42798	42897	42923	42946	42969	42992	43015	43038	43061	43084	43107	43130	43153	43176	43199	43237	43274	43311	43348	43385	43422	43459	43496	43549	43598	43647	43696	43745	43794	43899	43998	44097	44159	44218	44277	44336	44395	44459	44518	44577	44636	44695	44799	44898	44997	45033	45066	45099	45132	45165	45198	45231	45264	45297	45337	45374	45411	45448	45485	45522	45559	45596	45637	45674	45711	45748	45785	45822	45859	45896	45959	46018	46077	46136	46195	46249	46298	46347	46396	46445	46494	46537	46574	46611	46648	46685	46722	46759	46796	46821	46842	46863	46884	46905	46926	46947	46968	46989	47010	47031	47052	47073	47094	47199	47298	47397	47437	47474	47511	47548	47585	47622	47659	47696	47737	47774	47811	47848	47885	47922	47959	47996	48049	48098	48147	48196	48245	48294	48324	48348	48372	48396	48420	48444	48468	48492	48516	48540	48564	48588	48627	48654	48681	48708	48735	48762	48789	48816	48843	48870	48897	48937	48974	49011	49048	49085	49122	49159	49196	49233	49266	49299	49332	49365	49398	49431	49464	49497	49537	49574	49611	49648	49685	49722	49759	49796	49827	49854	49881	49908	49935	49962	49989	50016	50043	50070	50097	50149	50198	50247	50296	50345	50394	50424	50448	50472	50496	50520	50544	50568	50592	50616	50640	50664	50688	50737	50774	50811	50848	50885	50922	50959	50996	51027	51054	51081	51108	51135	51162	51189	51216	51243	51270	51297	51324	51348	51372	51396	51420	51444	51468	51492	51516	51540	51564	51588	51637	51674	51711	51748	51785	51822	51859	51896	51933	51966	51999	52032	52065	52098	52131	52164	52197	52259	52318	52377	52436	52495	52517	52534	52551	52568	52585	52602	52619	52636	52653	52670	52687	52704	52721	52738	52755	52772	52789	52859	52918	52977	53036	53095	53137	53174	53211	53248	53285	53322	53359	53396	53459	53518	53577	53636	53695	53733	53766	53799	53832	53865	53898	53931	53964	53997	54027	54054	54081	54108	54135	54162	54189	54216	54243	54270	54297	54374	54448	54522	54596	54627	54654	54681	54708	54735	54762	54789	54816	54843	54870	54897	55049	55198	55237	55274	55311	55348	55385	55422	55459	55496	55574	55648	55722	55796	55827	55854	55881	55908	55935	55962	55989	56016	56043	56070	56097	56399	56499	56598	56697	56733	56766	56799	56832	56865	56898	56931	56964	56997	57049	57098	57147	57196	57245	57294	57359	57418	57477	57536	57595
ORIGIN
26	16	6	25	25	7	27	23	1	25	23	26	20	14	14	14	3	14	14	14	3	4	26	16	14	14	16	9	14	27	7	23	13	9	14	14	11	2	23	13	14	2	14	20	2	14	14	27	14	6	27	18	7	27	20	8	18	14	10	2	14	23	2	26	23	5	23	27	14	24	15	23	14	26	7	9	26	14	3	14	14	1	23	14	14	23	14	7	7	14	7	5	15	14	1	7	7	5	18	7	27	20	8	1	23	23	17	27	20	2	14	14	27	27	14	4	24	19	4	27	23	16	3	19	26	2	14	27	27	16	10	2	23	14	2	14	16	14	27	27	9	27	16	13	16	14	16	27	1	11	1	23	13	3	14	20	2	14	14	14	27	27	27	24	15	4	26	16	8	27	26	26	2	22	14	18	1	1	14	23	12	24	23	14	3	16	14	14	4	26	14	5	14	1	4	20	11	14	23	9	7	5	16	2	24	15	14	1	16	5	1	14	4	27	16	5	14	14	27	23	14	14	3	14	14	23	27	12	2	23	14	3	23	14	8	16	11	2	1	25	14	11	23	8	27	23	2	23	14	14	23	15	9	27	14	16	13	15	23	7	26	4	8	26	16	14	23	1	14	2	14	14	3	3	14	3	23	13	3	23	3	4	2	11	14	1	25	14	3	14	14	14	23	14	23	23	10	3	12	1	14	2	27	14	1	5	14	14	16	5	23	16	7	23	11	20	3	3	14	14	3	7	14	14	13	2	20	14	3	9	14	14	14	1	7	14	3	14	14	23	8	1	23	10	26	14	12	2	26	8	1	27	14	14	14	8	5	26	16	23	14	4	14	16	16	14	14	27	16	27	7	4	2	23	4	3	20	20	7	10	7	7	14	14	26	14	27	27	1	23	10	1	17	12	17	27	14	14	27	14	14	4	11	27	26	14	11	3	14	14	27	3	14	14	3	14	27	10	5	26	23	14	3	24	14	4	20	23	14	1	14	14	7	20	20	23	23	10	23	23	14	2	14	23	14	27	14	14	9	11	27	17	16	6	27	19	7	27	22	23	15	3	12	14	16	12	2	3	14	3	23	14	14	14	3	3	1	4	14	1	26	7	27	27	9	26	14	11	26	27	1	1	27	14	27	27	2	14	8	1	5	27	18	7	2	20	2	14	14	17	2	22	23	2	2	27	3	12	14	4	24	15	26	25	26	14	4	26	3	26	26	2	1	27	11	2	23	12	23	23	14	14	26	15	14	23	27	27	20	10	7	27	20	27	14	14	14	2	27	20	14	14	14	1	23	14	4	14	15	4	27	14	14	14	26	14	2	14	8	1	23	3	2	23	27	2	14	14	14	23	15	14	27	11	2	26	26	7	27	20	2	23	2	2	11	14	20	2	14	2	16	23	14	3	24	14	4	2	8	23	2	26	14	8	14	14	2	23	14	2	23	12	2	14	3	14	27	14	14	27	23	24	11	23	1	27	19	8	27	14	3	3	20	2	14	14	27	27	2	14	3	24	14	4	14	3	14	1	14	14	2	26	14	24	1	10	1	23	12	2	23	3	27	27	8	27	11	14	1	1	16	23	27	19	7	27	22	2	12	1	14	2	22	14	2	24	14	3	16	14	4	20	2	2	24	16	14	1	26	14	4	16	9	1	23	11	26	23	4	26	23	14	14	27	11	14	1	26	6	3	18	7	27	21	14	14	23	2	22	23	2	19	24	14	3	1	7	4	25	16	25	2	16	5	16	26	14	14	27	9	1	14	14	2	23	13	27	14	14	27	20	20	3	1	14	5	27	18	7	27	20	8	23	17	10	1	23	2	7	8	8
DESTINATION
3	14	17	14	14	23	2	26	23	14	27	14	7	4	25	16	26	25	9	9	26	14	3	14	9	9	16	14	2	23	13	27	7	14	5	5	15	14	1	7	25	27	26	7	27	20	8	23	8	17	2	27	20	2	14	14	27	16	14	14	25	7	27	23	1	14	3	23	26	2	14	27	26	3	20	14	3	4	26	16	16	14	27	9	9	27	16	13	13	9	13	14	11	2	23	13	13	14	27	20	2	14	14	14	27	27	6	18	7	27	20	8	18	18	26	14	2	22	14	18	1	14	23	22	14	24	15	23	23	16	14	14	4	26	14	5	14	1	23	23	14	23	14	7	16	5	16	2	24	15	14	1	7	26	5	7	27	20	8	1	23	23	23	2	14	14	3	14	14	23	14	14	24	19	4	27	23	23	16	27	11	2	1	25	14	16	10	2	23	14	2	14	16	14	23	14	15	9	27	14	13	14	16	27	1	11	1	23	16	14	23	26	14	2	14	14	3	3	18	27	15	4	26	16	8	27	2	11	14	1	25	14	3	26	14	14	12	24	23	14	3	12	1	14	2	27	14	1	3	1	4	11	14	23	9	16	7	11	1	20	3	14	14	3	14	5	1	24	4	27	16	5	14	14	4	14	1	7	14	3	14	14	27	12	2	23	14	3	23	5	2	8	26	8	1	27	14	14	11	23	8	27	23	2	23	14	8	16	14	14	27	16	20	27	15	7	26	26	4	8	26	13	10	4	7	14	14	26	14	17	3	3	3	23	13	3	23	4	16	27	14	14	27	14	14	4	11	27	23	14	23	23	10	3	3	14	14	3	14	27	10	14	5	14	14	16	5	23	16	23	20	14	14	1	14	14	7	7	20	14	13	13	2	20	14	3	23	23	14	27	14	14	9	11	9	23	1	1	23	10	26	14	12	2	3	15	12	14	16	1	2	14	5	5	26	16	23	14	14	3	1	4	14	1	26	14	7	1	2	23	4	3	20	7	7	1	27	14	27	27	2	14	8	27	1	23	10	1	17	12	2	6	14	17	2	22	23	2	2	27	14	26	11	3	14	11	27	26	25	14	4	26	3	26	26	26	23	14	3	24	14	20	23	23	14	14	26	15	14	23	23	23	23	10	23	23	14	2	14	14	14	2	27	20	14	14	27	16	16	6	27	19	7	27	22	23	14	11	26	14	2	14	3	14	3	3	23	14	14	14	3	14	14	23	15	14	27	11	27	27	9	26	14	11	26	27	2	2	11	14	20	2	14	2	8	1	1	27	18	7	2	20	8	23	3	26	14	8	14	14	2	3	3	3	14	4	24	15	14	14	27	14	14	27	23	24	2	2	1	27	11	2	23	12	14	3	14	20	2	14	14	27	27	27	20	10	7	27	20	27	14	1	26	14	2	26	14	24	14	1	27	14	4	14	15	4	27	27	8	14	27	11	14	1	14	1	23	3	2	23	27	2	12	1	14	2	22	14	2	2	26	26	7	27	20	2	23	2	24	26	14	1	26	14	4	26	16	23	3	3	24	14	4	2	23	14	14	27	11	14	1	26	23	23	14	23	12	2	14	14	14	27	2	22	23	2	19	24	11	23	1	27	19	8	27	2	25	14	16	26	14	14	27	27	2	16	3	24	14	4	14	14	14	14	27	20	3	1	14	3	1	1	1	23	12	2	23	3	17	26	27	23	2	7	8	16	27	27	19	7	27	22	2	25	14	23	20	14	14	14	14	24	14	23	16	14	4	20	2	14	14	9	9	14	27	7	23	16	26	23	11	11	26	23	4	14	2	27	20	2	14	14	27	6	14	14	7	27	21	14	14
DUE_DATE
0	31147	29996	29505	30094	30143	30192	29707	29756	30825	30394	31643	30492	29987	30556	30045	31094	30103	31152	30701	30190	30219	30788	30840	30882	30384	31446	31008	30510	30552	31127	31156	31185	30674	32443	31272	30761	31330	30819	31388	30887	31456	31965	30974	31543	31032	31061	31630	31119	32888	31719	31200	31761	31782	31263	31824	31305	33066	31347	32388	33129	32430	33171	32472	33247	32096	33345	32674	31703	32292	32325	32352	33579	31866	32913	32940	32967	33714	33021	33768	32055	32622	32106	33150	32154	32718	32202	32766	33990	32814	32298	34062	34086	33415	34172	33489	32506	33083	33600	33157	33194	32717	33316	33375	32894	32953	34717	33536	34755	34774	34073	34812	34111	33110	34149	33688	33707	33186	33205	33764	33783	33317	35116	35175	34514	35293	35325	34632	34659	33666	34713	33720	34287	33774	34341	33828	34875	34431	35664	33957	35730	35043	35796	35829	35142	34695	35914	34730	34746	34222	34778	34254	35290	34286	36042	35338	36074	35370	35386	36122	36138	34954	34430	36186	34491	35064	34557	35130	34623	35196	36429	34722	35775	36540	35862	36624	35946	35988	35550	36792	35091	35664	35697	35190	36243	36996	35289	37062	36375	36405	37152	36459	36006	35493	36540	36087	35574	36141	35628	36195	36715	37472	36309	35806	37583	37620	36937	37694	35991	37044	36597	36090	36663	36156	36189	36762	36255	37301	36844	36327	37370	38113	38136	37439	38182	38205	37028	36511	37074	36557	36581	37144	37167	37670	37213	38436	37739	37762	38505	37808	38551	37854	36857	36885	37452	36939	37506	36993	38040	37587	38814	38841	38148	38895	38197	38936	37215	38254	37793	38292	37831	37310	37869	37348	39107	37926	39145	37424	38463	39247	38576	39345	38674	38243	37752	39557	37876	38475	37994	38593	39847	38696	39945	38254	39323	39372	40125	39432	40179	38466	39513	39060	40287	38574	39141	39168	38655	39701	40444	38727	39770	40513	39816	39839	40582	38865	39908	39451	39474	38957	39517	38996	39555	40054	40793	39612	39091	40130	40869	40888	40187	40206	39745	40244	39243	39840	39342	39924	39426	40008	41250	39552	41327	41356	40665	41414	41443	39732	40301	39790	40839	40388	39907	39956	40545	40594	40643	40152	41931	41244	41997	41310	41343	42096	41409	40422	40455	41035	41072	40569	40606	42383	41700	41257	42494	42540	41862	41904	42666	41988	41010	41052	42120	41682	41184	41766	41268	42330	41892	43147	41456	43245	43294	42623	43392	42711	42744	42297	43530	42363	42396	41889	41922	42495	41981	43744	42027	43790	43813	43116	43859	43162	42165	43208	42751	43974	42797	42847	42356	42945	43474	44243	42552	43677	44496	44595	43920	43962	44004	43566	44088	43110	43692	43257	43896	43455	45221	43504	44547	45290	44593	45336	44639	43642	44205	43688	44731	44274	43757	43795	44372	43869	44446	45683	45720	44017	45074	45847	45176	45945	44794	44843	45372	44997	44556	44655	45257	45316	44835	44894	46693	46757	46816	46155	46934	46273	46377	45456	46575	46131	46164	45657	46230	45723	46296	47529	46842	46875	47635	47672	46989	47026	46043	46080	47137	46694	46195	46772	46269	46846	48083	46380	47437	48194	47537	48316	47655	47714	47293	48547	47396	46905	46954	47543	47052	47095	48872	48909	48226	47783	48300	49057	49094	48399	49140	49161	48462	47463	48024	48045	47526	48087	49308	47589	48630	48651	49392	48777	49596	48975	48535	49052	48069	48106	48683	48180	48757	48254	50035	48332	49389	48946	50183	49500	50257	49574	49627	49196	48705	49294	48803	49392	48882	48906	50670	50694	49518	49002	50046	50790	50094	50838	49662	50166	49725	50952	49239	49806	49833	49320	49887	51114	50421	49428	51195	50515	50552	51309	50626	50183	49680	49717	50294	49791	50364	49857	51630	50943	49956	51009	51762	51795	51115	51152	51189	50746	50243	50820	50317	50894	50385	50412	52179	51486	51033	52260	51567	52314	51621	51648	50655	52447	51296	50805	51394	50903	51492	51522	52746	52770	52074	51618	52122	52866	52890	52194	52938	52962	52266	51295	51332	51909	51406	51983	53220	52537	52094	52605	53352	52659	53406	52713	52740	51747	51774	52341	51828	52395	51882	53646	52950	52494	52998	53742	53766	53070	53094	52638	53142	52686	52195	52232	52809	52306	52343	52920	54157	54194	53031	52524	54297	53610	54363	54396	53709	53262	54495	52817	53416	53475	52994	53593	54815	53632	53109	54146	54883	54180	54197	54934	54231	53768	53245	53262	53819	53836	53313	53870	55087	54437	53476	55275	54614	54673	55435	54752	54309	53806	53843	54420	53917	54494	54017	55096	55875	55214	54793	56031	55344	55377	56130	56163	54996	54489	55542	55095	54585	54612	55179	55686	56433	55260	56487	56514	56541	55848	56595	55952	55546	55080	55154	55725	55212	55779	55266	57033	56340	55887	57114	57141	56448	56475	57347	57496	56815	55832	56889	57646	56963	57000	57757	57794	57152	56746	57300	58094	58125	57432	58179	58206	56493	57540	57567	58314	57621	58368	57675	58697	57597	57156	58995	59031	58344	59097	58410	58443	59196	58029	58542	59295	58627	59396	59445	59494	58343	57852	58937	59716	59055	59834	59173
TRANSPORT_MODE
0	2	1	1	0	0	0	0	0	2	1	2	0	0	0	0	1	1	1	0	0	0	0	0	2	1	1	0	0	0	0	0	2	1	1	1	0	0	0	0	0	2	1	1	0	0	0	0	0	1	1	1	0	0	0	0	0	3	1	1	0	0	0	0	0	1	2	1	0	0	0	0	3	1	1	0	0	0	0	0	0	1	2	1	0	0	0	0	3	1	1	1	0	0	0	0	0	2	1	1	0	0	0	0	0	1	1	1	0	0	0	0	0	1	2	1	0	0	0	0	0	1	3	1	0	0	0	0	1	2	1	0	0	0	0	0	0	1	3	1	0	0	0	0	1	2	1	1	0	0	0	0	0	1	3	1	0	0	0	0	0	1	1	1	0	0	0	0	0	1	3	1	0	0	0	0	0	1	2	1	0	0	0	0	1	3	1	0	0	0	0	0	0	1	2	1	0	0	0	0	1	3	1	1	0	0	0	0	0	1	2	1	0	0	0	0	0	1	1	1	0	0	0	0	0	1	2	1	0	0	0	0	0	1	1	3	0	0	0	0	1	2	1	0	0	0	0	0	1	1	3	0	0	0	0	0	1	2	1	1	0	0	0	0	0	1	3	1	0	0	0	0	1	2	1	1	0	0	0	0	0	1	3	1	0	0	0	0	0	0	1	1	2	0	0	0	0	1	3	1	0	0	0	0	0	1	1	2	0	0	0	0	0	1	3	1	1	0	0	0	0	1	2	1	0	0	0	0	0	1	3	1	1	0	0	0	0	0	1	2	1	0	0	0	0	0	1	1	3	0	0	0	0	1	2	1	0	0	0	0	0	0	1	1	3	0	0	0	0	1	2	1	1	0	0	0	0	0	1	3	1	0	0	0	0	0	1	2	1	1	0	0	0	0	1	3	1	0	0	0	0	0	0	1	1	2	0	0	0	0	1	3	1	0	0	0	0	0	1	2	1	0	0	0	0	1	3	1	1	0	0	0	0	0	1	2	1	0	0	0	0	0	1	3	1	1	0	0	0	0	0	1	2	1	0	0	0	0	0	1	3	1	0	0	0	0	1	2	1	0	0	0	0	0	1	3	1	0	0	0	0	0	1	2	1	1	0	0	0	0	3	1	1	0	0	0	0	0	2	1	1	1	0	0	0	0	0	3	1	1	0	0	0	0	0	1	2	1	0	0	0	0	3	1	1	0	0	0	0	0	1	2	1	0	0	0	0	0	3	1	1	1	0	0	0	0	2	1	1	0	0	0	0	0	3	1	1	1	0	0	0	0	0	2	1	1	0	0	0	0	0	3	1	2	0	0	0	0	1	1	1	0	0	0	0	0	3	1	1	0	0	0	0	0	2	1	1	0	0	0	0	0	3	1	1	0	0	0	0	0	2	1	1	1	0	0	0	0	0	3	1	1	0	0	0	0	0	2	1	1	0	0	0	0	3	1	1	0	0	0	0	0	2	1	1	0	0	0	0	3	1	1	0	0	0	0	0	0	2	1	1	0	0	0	0	0	3	1	1	1	0	0	0	0	2	1	1	0	0	0	0	0	3	1	1	0	0	0	0	0	2	1	1	0	0	0	0	0	3	1	1	0	0	0	0	2	1	1	0	0	0	0	0	0	3	1	1	0	0	0	0	2	1	1	1	0	0	0	0	0	3	1	1	0	0	0	0	0	2	1	1	0	0	0	0	3	1	1	0	0	0	0	0	3	1	1	0	0	0	0	0	3	1	1	0	0	0	0	0	3	1	1	0	0	0	0	0	3	1	1	1	0	0	0	0	0	3	1	1	0	0	0	0	3	1	1	0	0	0	0	0
PATIENT_WEIGHT
128	66	104	71	98	145	89	84	98	130	109	132	131	36	69	109	62	42	48	37	126	61	85	116	114	129	48	54	57	138	86	56	46	133	32	143	131	59	56	93	63	93	99	107	33	146	37	65	52	48	81	120	83	76	136	122	65	36	131	78	143	96	109	71	52	55	64	65	34	52	138	104	143	53	113	86	83	100	113	31	44	40	37	143	86	97	119	87	37	42	35	123	49	140	60	137	128	54	103	110	143	142	77	86	35	126	97	49	62	105	69	139	44	102	118	109	55	119	67	121	116	33	75	36	84	98	149	93	37	92	115	97	128	99	71	131	72	104	146	95	108	128	57	143	123	37	91	77	105	115	97	37	45	76	110	42	102	138	146	81	111	62	48	81	149	53	130	114	129	83	145	129	119	93	77	145	117	64	54	149	120	74	44	96	102	122	51	110	95	33	68	99	32	67	142	130	97	131	124	79	104	85	129	50	72	82	143	65	31	65	102	76	51	69	68	80	74	89	71	79	72	35	70	110	35	143	142	103	100	117	52	133	70	48	140	83	136	126	83	125	139	56	72	91	122	47	79	149	119	71	118	108	80	64	30	110	115	71	100	58	116	69	145	71	144	87	81	64	100	128	84	90	97	64	49	39	110	52	116	144	135	77	52	140	55	106	125	75	137	122	125	35	99	131	118	95	81	35	98	135	46	140	144	149	86	84	104	142	118	96	74	110	86	81	139	144	124	40	56	83	38	141	75	74	149	123	85	43	100	104	57	62	88	107	124	31	48	32	54	75	118	53	88	80	37	76	54	80	147	128	139	83	33	96	75	52	89	72	124	99	127	31	81	97	43	58	79	47	146	75	69	146	67	118	142	50	125	75	99	114	144	51	83	34	68	42	98	63	85	93	122	106	145	102	43	77	93	85	108	36	140	129	108	83	117	116	68	146	50	121	116	149	105	95	47	136	55	109	39	127	60	107	72	84	73	124	75	49	59	85	63	94	46	148	89	72	124	107	127	89	41	99	38	82	31	106	48	96	150	97	147	117	62	115	88	32	113	96	84	134	117	89	62	89	106	135	95	126	92	122	68	31	113	131	61	147	71	86	92	147	75	121	99	129	70	84	104	38	87	142	49	86	32	68	30	63	66	58	146	58	72	80	148	96	83	120	76	34	101	137	34	58	35	75	68	121	71	91	145	67	83	93	89	138	148	126	53	85	52	136	102	69	82	51	62	36	34	46	93	31	39	93	45	146	49	66	84	147	149	122	135	113	125	93	101	150	72	39	80	34	74	41	50	130	147	68	56	79	105	35	86	74	123	128	149	33	143	79	44	78	50	89	34	149	90	76	128	117	57	121	99	128	124	95	59	64	89	80	66	55	114	121	33	138	77	70	67	117	130	60	122	64	118	63	58	109	148	45	97	58	40	57	126	91	94	99	91	150	137	42	79	149	60	48	34	69	105	67	35	76	86	112	149	144	42	100	143	72	60	76	67	45	70	113	92	78	33	119	87	31	62	42	147	56	34	145	137	129	47	126	54	117	122	107	98	100	105	123	64	95	42	115	130	77	136	34	140	135	119	71	112	141	52	107	133	116	82	73	85	79	52	51	43	133	61	84	142	47	91	105	51	92	123	119	122	118	51	101	49	95	138	72	61	120	53	46	96	70	134	33	48	140	112	134	34	73	48	59	45	64	122	42	49	76	31	118	133	58	120	150	81	62	124	95	110	64	37	34	141	118	125	97	47	40	62	109	116	148	42	111	139	51	117	125	125	43	33	89	119	117	101	128	48	88	142	128	38	131	98	129	44	148	113	145	73	133	149	45	120	115	31
DISTANCE_MATRIX
0	360	318	300	288	276	264	264	150	150	150	60	90	90	162	168	204	228	234	312	360	408	348	318	168	192	168	318
360	60	264	318	324	342	342	342	348	348	354	360	372	378	378	420	420	480	462	498	462	462	384	420	372	420	378	378
318	264	60	270	276	288	288	288	294	294	294	318	318	324	324	414	414	468	462	486	462	462	330	366	366	408	372	324
300	318	270	60	276	288	288	288	288	288	288	300	300	312	318	408	408	468	462	486	438	438	318	360	360	402	360	312
288	324	276	276	60	276	276	276	276	276	276	288	288	300	300	402	396	462	456	480	432	432	300	360	360	402	348	300
276	342	288	288	276	60	180	180	252	258	264	264	264	288	288	390	390	456	450	480	432	432	288	348	348	348	288	288
264	342	288	288	276	180	60	180	246	258	264	264	264	288	288	390	390	456	450	480	432	432	288	348	348	348	288	288
264	342	288	288	276	180	180	60	240	258	264	264	264	288	288	390	390	456	450	480	432	432	288	348	348	348	288	288
150	348	294	288	276	252	246	240	60	120	120	150	126	270	270	378	384	420	438	480	420	408	276	300	300	300	276	270
150	348	294	288	276	258	258	258	120	60	120	150	150	270	270	378	384	420	438	480	420	408	276	300	300	300	276	270
150	354	294	288	276	264	264	264	120	120	60	150	150	270	270	378	384	420	438	480	420	408	276	300	300	300	276	270
60	360	318	300	288	264	264	264	150	150	150	60	90	162	168	228	234	312	360	408	348	318	168	192	192	198	168	162
90	372	318	300	288	264	264	264	150	150	150	90	60	162	168	228	234	312	360	408	348	318	168	192	192	198	168	162
90	378	324	312	300	288	288	288	270	270	270	162	162	60	120	180	180	306	210	360	300	300	120	180	120	180	120	234
162	378	324	318	300	288	288	288	270	270	270	168	168	120	60	180	180	306	210	360	300	300	120	180	120	180	120	120
168	420	414	408	402	348	348	348	300	300	300	228	228	180	180	60	132	204	132	348	258	258	186	60	180	132	222	180
204	420	414	408	396	390	390	390	384	384	384	234	234	180	180	132	60	204	132	348	258	258	186	60	180	132	222	180
228	480	468	468	462	456	456	456	420	420	420	312	312	306	306	204	204	60	198	120	240	240	306	204	306	138	306	306
234	462	462	462	456	450	450	450	438	438	438	360	360	210	210	132	132	198	60	138	132	132	210	132	210	132	210	210
312	498	486	486	480	480	480	480	480	480	480	408	408	360	360	348	348	120	138	60	348	348	360	348	360	348	360	360
360	462	462	438	432	432	432	432	420	420	420	348	348	300	300	258	258	240	132	348	60	60	300	258	300	258	300	300
408	462	462	438	432	432	432	432	408	408	408	318	318	300	300	258	258	240	132	348	60	60	300	258	300	258	300	300
348	384	330	318	300	288	288	288	276	276	276	168	168	120	120	186	186	306	210	360	300	300	60	186	120	186	120	120
318	420	366	360	360	348	348	348	300	300	300	192	192	180	180	60	60	204	132	348	258	258	186	60	180	60	180	180
168	372	300	306	300	288	288	288	270	270	270	168	168	120	120	180	180	306	210	360	300	300	120	180	60	180	120	120
192	420	408	402	402	348	348	348	300	300	300	198	198	180	180	132	132	138	132	348	258	258	186	60	180	60	180	180
168	378	372	360	348	288	288	288	276	276	276	168	168	120	120	222	222	306	210	360	300	300	120	180	120	180	60	120
318	378	324	312	300	288	288	288	270	270	270	162	162	234	120	180	180	306	210	360	300	300	120	180	120	180	120	60
DEPOTS_DISTANCE
234	462	462	462	456	450	450	450	438	438	438	360	360	210	210	132	132	198	60	138	132	132	210	132	210	132	210	210	
348	384	330	318	300	288	288	288	276	276	276	168	168	120	120	186	186	306	210	360	300	300	60	186	120	186	120	120	
318	420	366	360	360	348	348	348	300	300	300	192	192	180	180	60	60	204	132	348	258	258	186	60	180	60	180	180	
LOCATION_TURN_MATRIX
100	130	122	113	112	199	136	122	129	152	173	146	151	136	158	140	176	113	122	167	194	134	110	172	114	184	100	147	
170	100	154	188	164	169	136	136	152	170	104	183	155	115	101	104	155	187	174	115	149	134	178	168	114	135	168	102	
178	146	100	161	178	114	104	165	117	139	126	169	192	109	120	179	160	152	154	134	113	140	154	179	196	196	192	181	
187	112	139	100	158	114	195	181	104	132	195	106	183	169	132	170	140	136	172	148	116	110	123	136	151	120	176	169	
188	136	122	142	100	175	164	159	112	100	167	164	135	191	132	181	104	123	142	156	108	117	193	182	116	147	156	185	
101	131	186	186	125	100	190	147	164	150	137	102	145	176	185	131	113	108	117	186	118	151	140	178	154	189	172	110	
164	164	196	105	136	110	100	186	153	151	183	193	111	157	144	123	188	142	110	163	105	190	166	187	170	171	186	126	
178	164	135	119	141	153	114	100	106	130	108	103	151	178	122	151	130	133	184	177	110	141	166	110	122	174	191	197	
171	148	183	196	188	136	147	194	100	167	100	146	168	129	128	142	172	118	174	147	105	158	156	160	120	106	119	136	
148	130	161	168	200	150	149	170	133	100	177	106	175	116	188	180	176	194	108	146	130	187	183	173	128	141	169	176	
127	196	174	105	133	163	117	192	200	123	100	171	175	140	183	115	104	186	128	153	151	175	100	146	191	117	132	197	
154	117	131	194	136	198	107	197	154	194	129	100	136	184	140	147	172	184	148	131	103	156	185	200	152	158	154	143	
149	145	108	117	165	155	189	149	132	125	125	164	100	140	199	142	101	144	163	185	117	191	200	143	113	165	102	154	
164	185	191	131	109	124	143	122	171	184	160	116	160	100	109	116	196	113	131	186	166	139	183	175	144	161	105	170	
142	199	180	168	168	115	156	178	172	112	117	160	101	191	100	147	177	177	199	158	172	188	164	175	180	168	154	195	
160	196	121	130	119	169	177	149	158	120	185	153	158	184	153	100	152	159	197	157	181	159	102	123	168	200	124	186	
124	145	140	160	196	187	112	170	128	124	196	128	199	104	123	148	100	149	114	112	117	135	105	132	138	180	198	156	
187	113	148	164	177	192	158	167	182	106	114	116	156	187	123	141	151	100	166	132	168	163	159	123	129	173	161	116	
178	126	146	128	158	183	190	116	126	192	172	152	137	169	101	103	186	134	100	184	199	137	130	160	148	113	140	150	
133	185	166	152	144	114	137	123	153	154	147	169	115	114	142	143	188	168	116	100	111	195	128	157	191	164	141	171	
106	151	187	184	192	182	195	190	195	170	149	197	183	134	128	119	183	132	101	189	100	129	151	163	147	166	104	177	
166	166	160	190	183	149	110	159	142	113	125	144	109	161	112	141	165	137	163	105	171	100	101	185	169	129	103	197	
190	122	146	177	107	160	134	134	144	117	200	115	100	117	136	198	195	141	170	172	149	199	100	106	150	116	118	145	
128	132	121	164	118	122	113	190	140	127	154	100	157	125	125	177	168	177	140	143	137	115	194	100	128	167	115	155	
186	186	104	149	184	146	130	178	180	172	109	148	187	156	120	132	162	171	152	109	153	131	150	172	100	155	124	184	
116	165	104	180	153	111	129	126	194	159	183	142	135	139	132	100	120	127	187	136	134	171	184	133	145	100	129	192	
200	132	108	124	144	128	114	109	181	131	168	146	198	195	146	176	102	139	160	159	196	197	182	185	176	171	100	146	
153	198	119	131	115	190	174	103	164	124	103	157	146	130	105	114	144	184	150	129	123	103	155	145	116	108	154	100	
DEPOTS_TO_LOCAL_TURN_MATRIX
178	126	146	128	158	183	190	116	126	192	172	152	137	169	101	103	186	134	100	184	199	137	130	160	148	113	140	150	
190	122	146	177	107	160	134	134	144	117	200	115	100	117	136	198	195	141	170	172	149	199	100	106	150	116	118	145	
128	132	121	164	118	122	113	190	140	127	154	100	157	125	125	177	168	177	140	143	137	115	194	100	128	167	115	155	
LOCAL_TO_DEPOT_TURN_MATRIX
122	174	154	172	142	117	110	184	174	108	128	148	163	131	199	197	114	166	100	116	101	163	170	140	152	187	160	150	
110	178	154	123	193	140	166	166	156	183	100	185	200	183	164	102	105	159	130	128	151	101	100	194	150	184	182	155	
172	168	179	136	182	178	187	110	160	173	146	200	143	175	175	123	132	123	160	157	163	185	106	100	172	133	185	145	

