INDEX_PROBLEM
1
PATIENTS
800
STRETCHERS
16
NUM_ROOM
28
NUM_DEPOT
3
NUM_PRIORITY
4
PRIORITY_LIST
0	1	2	3	4
PRIORITY_WEIGHT
0	1	10	18	30
PRIORITY_JOB
0	2	4	2	3	3	4	3	4	4	2	4	3	4	4	4	3	1	3	4	4	4	4	4	2	3	4	3	4	4	3	4	3	4	2	4	3	4	3	4	3	4	4	4	3	4	3	4	4	2	4	2	4	4	3	4	4	1	3	4	2	1	2	1	2	4	3	3	1	4	3	1	4	1	4	2	2	3	1	2	4	3	4	3	3	4	3	4	4	1	4	4	1	2	1	2	3	2	3	4	3	4	4	4	3	2	1	4	1	2	3	1	2	2	3	4	2	4	4	4	3	4	4	1	4	1	2	1	2	1	3	2	3	4	3	4	1	3	1	4	3	2	1	2	1	3	4	2	4	3	4	3	4	4	1	3	2	3	1	2	1	4	2	4	4	4	4	3	4	4	2	3	1	4	2	3	1	2	2	4	1	3	4	3	4	4	3	1	4	1	2	1	2	2	3	4	3	4	3	4	4	1	1	3	3	1	2	1	2	4	2	3	3	4	4	4	3	4	4	1	1	2	3	1	2	3	2	4	2	3	4	4	4	4	2	4	1	1	2	1	2	1	4	1	3	3	4	4	3	4	2	1	2	1	2	3	1	3	4	1	4	3	4	4	3	3	4	1	2	1	2	3	1	2	3	4	4	4	4	3	4	4	2	4	4	1	2	3	1	1	2	3	2	4	4	4	3	4	4	4	1	2	1	2	1	3	4	2	3	4	3	4	4	3	1	1	2	1	2	1	2	4	3	4	3	4	4	4	3	2	3	1	3	1	2	1	2	4	2	4	2	4	4	4	4	3	3	4	1	1	2	1	1	2	4	1	4	3	4	3	2	3	4	1	1	2	1	2	2	2	3	4	4	3	4	4	3	1	3	1	1	3	1	2	3	4	2	3	4	4	4	3	4	4	2	4	1	1	2	1	2	4	4	2	3	4	4	1	3	2	4	4	1	2	1	2	4	1	3	2	4	3	4	3	3	4	1	1	2	3	1	4	1	3	4	3	4	4	4	4	2	3	1	2	1	2	3	1	2	4	2	4	4	3	4	4	4	2	3	1	2	1	1	1	2	4	4	1	4	3	4	3	2	3	4	1	1	2	3	1	2	2	4	1	4	4	3	4	3	3	4	1	1	2	1	2	3	2	3	4	4	4	4	4	3	4	2	4	1	1	2	2	1	2	3	2	4	4	4	4	3	4	4	1	1	1	1	2	1	3	4	2	4	3	4	3	4	4	1	1	2	2	1	3	1	3	4	2	4	3	4	4	4	3	4	1	2	1	2	3	1	4	3	4	2	3	4	4	4	4	3	2	1	2	1	2	1	4	4	1	3	3	4	3	4	2	2	1	4	2	1	2	1	4	1	3	4	3	4	3	2	4	1	2	3	1	2	1	2	3	4	3	4	4	4	3	4	4	4	1	2	3	1	2	1	2	3	2	4	4	4	4	3	2	1	3	4	1	2	2	1	4	2	4	4	3	4	4	3	1	1	3	2	1	2	1	4	4	2	3	3	4	4	4	3	4	1	3	2	3	1	2	1	4	2	3	4	4	4	4	4	3	2	1	4	2	3	1	2	2	3	4	2	4	4	3	4	1	1	4	4	2	1	2	2	1	3	4	3	4	3	4	1	1	2	3	2	1	2	1	2	4	3	4	4	4	4	3	4	1	2	3	2	3	1	2	1	4	4	1	4	4	3	4	4	2	3	2	1	2	1	2	2	4	4	1	1	2	1	2	1	1	3	1	2	2	1	3	1	4	2	1	2	2	1	1	2	3	4	3	2	1	2	1	2	1	4	2	1	2	3	1	2	1	3	4	1	2	3	1	2
TIME_ASKED
0	28849	28898	28947	28996	29045	29094	29149	29198	29247	29296	29345	29394	29429	29458	29487	29516	29545	29574	29603	29632	29661	29690	29742	29784	29826	29868	29910	29952	29994	30029	30058	30087	30116	30145	30174	30203	30232	30261	30290	30329	30358	30387	30416	30445	30474	30503	30532	30561	30590	30621	30642	30663	30684	30705	30726	30747	30768	30789	30810	30831	30852	30873	30894	30949	30998	31047	31096	31145	31194	31227	31254	31281	31308	31335	31362	31389	31416	31443	31470	31497	31524	31548	31572	31596	31620	31644	31668	31692	31716	31740	31764	31788	31837	31874	31911	31948	31985	32022	32059	32096	32159	32218	32277	32336	32395	32419	32438	32457	32476	32495	32514	32533	32552	32571	32590	32609	32628	32647	32666	32685	32759	32818	32877	32936	32995	33027	33054	33081	33108	33135	33162	33189	33216	33243	33270	33297	33333	33366	33399	33432	33465	33498	33531	33564	33597	33616	33632	33648	33664	33680	33696	33712	33728	33744	33760	33776	33792	33808	33824	33840	33856	33872	33888	33933	33966	33999	34032	34065	34098	34131	34164	34197	34242	34284	34326	34368	34410	34452	34494	34533	34566	34599	34632	34665	34698	34731	34764	34797	34827	34854	34881	34908	34935	34962	34989	35016	35043	35070	35097	35137	35174	35211	35248	35285	35322	35359	35396	35433	35466	35499	35532	35565	35598	35631	35664	35697	35723	35746	35769	35792	35815	35838	35861	35884	35907	35930	35953	35976	35999	36023	36046	36069	36092	36115	36138	36161	36184	36207	36230	36253	36276	36299	36327	36354	36381	36408	36435	36462	36489	36516	36543	36570	36597	36619	36638	36657	36676	36695	36714	36733	36752	36771	36790	36809	36828	36847	36866	36885	36949	36998	37047	37096	37145	37194	37259	37318	37377	37436	37495	37549	37598	37647	37696	37745	37794	37827	37854	37881	37908	37935	37962	37989	38016	38043	38070	38097	38123	38146	38169	38192	38215	38238	38261	38284	38307	38330	38353	38376	38399	38419	38438	38457	38476	38495	38514	38533	38552	38571	38590	38609	38628	38647	38666	38685	38742	38784	38826	38868	38910	38952	38994	39029	39058	39087	39116	39145	39174	39203	39232	39261	39290	39349	39398	39447	39496	39545	39594	39633	39666	39699	39732	39765	39798	39831	39864	39897	39937	39974	40011	40048	40085	40122	40159	40196	40242	40284	40326	40368	40410	40452	40494	40542	40584	40626	40668	40710	40752	40794	40849	40898	40947	40996	41045	41094	41133	41166	41199	41232	41265	41298	41331	41364	41397	41423	41446	41469	41492	41515	41538	41561	41584	41607	41630	41653	41676	41699	41749	41798	41847	41896	41945	41994	42099	42198	42297	42342	42384	42426	42468	42510	42552	42594	42699	42798	42897	42923	42946	42969	42992	43015	43038	43061	43084	43107	43130	43153	43176	43199	43237	43274	43311	43348	43385	43422	43459	43496	43549	43598	43647	43696	43745	43794	43899	43998	44097	44159	44218	44277	44336	44395	44459	44518	44577	44636	44695	44799	44898	44997	45033	45066	45099	45132	45165	45198	45231	45264	45297	45337	45374	45411	45448	45485	45522	45559	45596	45637	45674	45711	45748	45785	45822	45859	45896	45959	46018	46077	46136	46195	46249	46298	46347	46396	46445	46494	46537	46574	46611	46648	46685	46722	46759	46796	46821	46842	46863	46884	46905	46926	46947	46968	46989	47010	47031	47052	47073	47094	47199	47298	47397	47437	47474	47511	47548	47585	47622	47659	47696	47737	47774	47811	47848	47885	47922	47959	47996	48049	48098	48147	48196	48245	48294	48324	48348	48372	48396	48420	48444	48468	48492	48516	48540	48564	48588	48627	48654	48681	48708	48735	48762	48789	48816	48843	48870	48897	48937	48974	49011	49048	49085	49122	49159	49196	49233	49266	49299	49332	49365	49398	49431	49464	49497	49537	49574	49611	49648	49685	49722	49759	49796	49827	49854	49881	49908	49935	49962	49989	50016	50043	50070	50097	50149	50198	50247	50296	50345	50394	50424	50448	50472	50496	50520	50544	50568	50592	50616	50640	50664	50688	50737	50774	50811	50848	50885	50922	50959	50996	51027	51054	51081	51108	51135	51162	51189	51216	51243	51270	51297	51324	51348	51372	51396	51420	51444	51468	51492	51516	51540	51564	51588	51637	51674	51711	51748	51785	51822	51859	51896	51933	51966	51999	52032	52065	52098	52131	52164	52197	52259	52318	52377	52436	52495	52517	52534	52551	52568	52585	52602	52619	52636	52653	52670	52687	52704	52721	52738	52755	52772	52789	52859	52918	52977	53036	53095	53137	53174	53211	53248	53285	53322	53359	53396	53459	53518	53577	53636	53695	53733	53766	53799	53832	53865	53898	53931	53964	53997	54027	54054	54081	54108	54135	54162	54189	54216	54243	54270	54297	54374	54448	54522	54596	54627	54654	54681	54708	54735	54762	54789	54816	54843	54870	54897	55049	55198	55237	55274	55311	55348	55385	55422	55459	55496	55574	55648	55722	55796	55827	55854	55881	55908	55935	55962	55989	56016	56043	56070	56097	56399	56499	56598	56697	56733	56766	56799	56832	56865	56898	56931	56964	56997	57049	57098	57147	57196	57245	57294	57359	57418	57477	57536	57595
ORIGIN
26	16	6	25	19	7	27	23	27	25	23	14	14	14	14	14	26	14	14	16	3	4	26	16	2	14	16	9	14	27	7	23	23	9	14	14	11	2	23	26	14	14	14	20	2	14	14	27	27	6	27	18	7	27	20	8	8	14	10	2	14	23	2	26	2	24	23	27	25	24	15	23	27	25	7	9	26	14	3	14	14	14	23	14	14	23	14	9	16	16	7	5	5	15	14	1	3	20	18	26	27	20	8	1	7	4	17	27	20	2	14	14	14	14	14	4	24	25	4	14	23	27	27	2	23	2	23	14	23	16	10	2	14	14	2	27	16	16	4	9	9	27	16	14	16	16	16	27	14	11	1	13	26	26	7	14	2	14	14	14	20	20	27	24	15	4	8	16	8	8	26	26	26	2	14	14	8	1	2	23	12	27	24	14	1	26	26	14	9	9	26	14	23	14	1	20	14	23	23	9	16	14	16	2	5	15	14	7	3	3	2	14	4	20	16	5	7	23	7	23	14	14	14	14	14	23	14	25	2	23	14	3	26	14	16	24	27	23	2	25	23	3	3	8	27	14	2	14	16	16	16	14	9	27	27	14	16	16	9	7	26	27	8	26	13	23	27	27	14	14	14	14	20	20	1	3	23	13	3	23	13	27	14	27	14	14	25	14	14	26	14	14	23	14	5	23	10	1	5	14	2	20	14	5	14	14	14	27	16	5	23	16	14	7	7	20	3	2	14	3	7	1	2	14	13	2	16	14	3	3	26	14	1	7	14	3	7	23	25	9	8	1	23	10	7	23	12	16	26	8	14	27	14	14	14	16	5	23	16	23	23	14	23	23	14	14	27	16	26	13	13	4	2	7	4	3	20	27	26	4	7	14	14	26	14	26	14	27	1	23	10	1	14	14	14	14	14	14	27	14	13	4	11	4	14	14	3	7	14	14	1	14	14	27	14	27	5	1	1	16	23	14	5	24	14	14	14	14	13	14	14	14	7	23	14	20	23	10	2	23	14	27	23	14	27	14	14	3	14	3	1	23	16	6	27	19	7	27	22	4	16	14	14	16	4	14	14	3	14	3	23	14	14	4	14	14	1	4	14	1	3	13	13	20	9	26	14	11	26	27	7	26	7	27	14	14	27	27	27	27	5	27	18	7	2	20	14	27	14	17	2	22	23	2	2	2	3	3	14	4	24	15	26	1	14	14	25	4	26	14	11	2	1	20	11	2	23	12	7	7	14	14	26	15	14	23	20	20	20	10	7	27	20	1	23	23	14	2	27	20	14	7	2	1	23	14	4	14	15	4	22	22	22	14	14	26	14	4	3	1	3	3	2	23	27	2	14	14	14	14	7	15	14	13	14	26	1	7	27	20	7	13	7	11	11	14	20	2	14	27	23	23	14	3	24	14	4	27	23	23	3	26	14	8	14	14	2	3	14	2	23	12	14	14	26	14	14	14	14	27	23	2	2	23	1	14	19	8	27	4	4	3	23	20	2	14	16	7	23	14	20	24	14	4	14	14	1	26	26	14	2	26	14	23	23	10	1	23	12	2	23	23	14	14	14	14	27	11	15	22	16	3	27	19	7	27	14	22	1	14	14	4	22	14	2	26	14	3	16	14	4	20	14	1	26	14	11	1	26	14	4	23	9	1	23	4	26	23	8	3	14	14	27	27	11	14	1	1	6	2	18	7	27	21	14	2	23	2	22	22	23	2	16	14	3	3	25	4	25	16	3	3	16	16	16	26	14	14	27	9	1	1	14	2	23	13	1	14	14	27	27	14	3	1	14	5	27	18	7	27	20	8	23	23	10	1	27	23	2	7	4
DESTINATION
3	14	17	14	22	23	2	26	2	14	27	25	25	4	25	16	3	25	9	16	26	14	3	14	24	9	16	14	2	23	13	1	1	14	5	5	15	14	1	3	5	5	26	7	27	20	8	23	23	17	2	27	20	2	14	14	14	16	14	14	25	7	27	23	27	2	3	23	14	2	14	27	23	14	20	14	3	4	26	16	16	4	27	9	9	27	16	14	16	16	13	14	14	11	2	23	26	7	27	14	2	14	14	14	20	14	6	18	7	27	20	8	8	8	26	14	2	14	14	8	1	23	23	24	27	24	27	15	27	14	14	14	9	26	14	23	14	14	14	14	14	23	14	9	16	16	16	2	5	15	14	7	3	3	20	26	27	20	8	1	7	7	23	2	14	14	14	14	14	14	14	14	14	24	25	4	14	23	14	27	11	23	2	25	23	3	3	10	14	14	14	2	27	16	14	14	9	27	27	14	16	9	16	27	14	11	1	13	26	26	27	26	14	14	14	14	20	1	20	27	15	4	8	16	8	27	16	14	14	1	25	14	14	26	14	2	23	27	24	14	1	26	26	14	2	20	14	5	14	14	14	1	14	23	23	9	16	16	14	20	3	2	14	3	7	1	2	2	4	20	16	5	7	7	23	14	1	7	14	3	7	23	25	23	25	2	14	3	26	14	16	16	26	8	14	27	14	23	14	8	27	14	2	14	16	16	16	23	14	14	27	16	26	13	13	7	26	27	8	26	13	23	27	4	7	14	14	26	14	26	14	3	23	13	3	23	13	27	14	14	14	14	27	14	13	27	11	14	23	14	5	23	10	5	5	14	14	27	14	27	1	1	1	27	16	5	23	16	14	7	7	14	14	13	14	14	7	23	14	14	13	2	16	14	3	3	26	23	14	27	14	14	3	3	1	9	8	1	23	10	7	14	12	14	4	16	14	20	16	4	14	16	5	23	16	23	14	14	14	14	1	4	14	1	26	26	4	2	7	4	3	3	20	27	26	7	27	14	14	27	26	18	27	1	23	10	1	14	8	14	14	27	14	17	2	22	23	2	2	14	14	4	3	14	14	1	1	26	25	14	4	26	5	14	1	16	23	14	5	24	14	7	7	7	14	14	26	15	14	23	20	14	20	23	10	2	23	23	23	23	14	2	27	20	14	7	2	23	16	6	27	19	7	27	22	22	14	14	26	14	2	14	3	14	3	3	14	23	14	4	12	14	14	7	15	14	7	11	13	20	9	26	14	11	26	27	7	7	11	14	20	2	14	14	27	27	5	27	18	7	2	20	14	23	3	26	14	8	14	14	2	2	2	3	3	14	4	14	26	14	26	14	14	27	23	24	2	2	1	1	20	11	2	7	4	3	23	20	2	14	23	7	20	20	20	10	7	27	20	23	1	1	26	14	2	26	14	23	1	1	23	14	4	14	15	4	22	14	4	14	27	11	15	4	3	1	3	3	2	23	27	22	14	1	14	4	22	14	2	14	14	26	1	7	27	20	14	13	1	26	11	1	26	14	4	3	23	14	14	3	24	14	4	27	3	14	14	27	11	14	1	27	3	3	2	2	23	12	14	2	14	26	2	22	23	2	16	2	23	1	1	14	19	8	27	3	25	14	16	26	14	14	16	23	14	3	20	24	14	4	14	1	14	14	27	14	3	1	14	23	10	10	23	23	12	2	23	23	17	22	27	23	2	7	4	22	27	27	19	19	7	27	14	25	14	26	14	14	14	14	26	26	14	16	16	14	4	20	23	14	14	23	9	14	27	7	23	9	26	23	23	4	26	23	8	14	2	27	20	2	14	14	27	1	14	14	18	7	27	21	14
DUE_DATE
0	30427	29456	30525	30094	30143	29652	30247	29756	29805	30874	29903	30492	29987	30016	30045	30614	31843	30672	30161	30190	30219	30248	30300	31362	30924	30426	31008	30510	30552	31127	30616	31185	30674	31723	30732	31301	30790	31359	30848	31427	30916	30945	30974	31543	31032	31601	31090	31119	32168	31179	32220	31221	31242	31803	31284	31305	33066	31887	31368	32409	33150	32451	33192	32527	31556	32145	32194	33443	31752	32325	33552	31839	33606	31893	32940	32967	32514	33741	33048	32055	32622	32106	32670	32694	32178	32742	32226	32250	34014	32298	32322	34086	33415	34172	33489	33046	33563	33120	32617	33194	32717	32776	32835	33434	33973	34717	32996	34755	34054	33593	34812	34111	34130	33669	33148	34187	33186	33205	33224	33783	33317	33376	35175	33494	35293	34605	35352	34659	35406	34233	34740	34287	33774	34341	33828	35595	34431	35664	33957	34530	35043	35796	35109	35862	34695	34174	35210	34206	34762	34238	34794	34270	34286	36042	34858	35354	34890	36106	35402	36138	34414	35450	34446	34491	34524	34557	35130	34623	34656	35709	35262	36495	34800	35862	35424	36666	35988	36030	35052	36831	35664	35157	35730	35223	35256	35829	37062	35355	37125	36432	37179	36486	36513	36060	35547	36114	35601	36168	35655	35695	37472	37509	36346	36383	37620	36937	37694	37011	36024	37077	36630	36663	36156	36189	36222	36795	36281	36304	38067	38090	37393	36936	38159	37462	37005	37508	36511	37554	37097	36581	36604	36627	36650	37693	36696	38459	38482	37785	38528	37831	38574	36857	38625	37452	37479	36966	36993	37560	37047	38094	38841	38148	38895	38197	37736	38955	37774	37253	39012	37291	37850	37329	37348	37907	37926	37405	39164	38463	39247	38576	38145	39394	38723	38292	37817	37876	37935	37994	38593	38107	38156	39225	38254	38303	40092	39405	38952	40179	40206	39513	39060	39567	38574	38601	38628	39195	38681	38704	38727	40490	39793	40536	39839	40582	39405	38888	39931	39474	38957	39517	38996	39015	39574	40793	40812	40111	40850	40149	40888	40187	39186	39745	39224	39783	39300	39342	39384	39966	40488	40050	41292	40127	41356	40665	41414	40723	39732	40781	39790	40839	39848	39907	39956	40005	40594	40643	40152	41931	41964	41277	42030	42063	41376	40389	42162	40455	41035	40532	41109	41626	41183	40680	42457	42494	41820	42582	41904	41946	41988	41550	41052	41100	41682	41184	41226	41808	43050	41892	43147	43196	42045	43294	42623	42192	41691	42744	42297	41790	41823	41856	42429	41922	41955	43001	42004	43767	43790	43093	43836	43139	42142	42165	43208	42751	42234	42257	44047	42896	43425	42454	42503	44292	43677	44496	43875	42900	44682	43524	44046	43068	43650	43152	43797	43896	43455	45221	45244	44547	44090	45313	43596	45359	44182	43665	44228	43711	43734	43757	43795	44852	44409	45646	44963	45720	45037	44594	45847	45176	44205	45274	44303	44352	44997	44556	44655	44717	45796	45375	46634	45973	46757	46816	46875	46214	45253	45357	47196	45555	46131	45624	46197	46710	46263	45756	47529	47562	46875	46435	47672	46989	47026	46043	47820	46117	46154	46735	46232	46809	46846	46343	48120	48157	47474	48257	47596	47175	47714	47293	46807	46856	46905	46954	47003	47592	47095	48152	47169	48946	48983	48300	48337	49094	48399	47940	48441	47442	47463	47484	47505	48066	47547	47568	49329	49350	49371	49392	48777	49596	48495	47995	49052	48069	48646	48143	48720	48217	48254	50035	50072	49389	49426	50183	49020	50257	49094	48607	49676	48705	49294	48803	48852	48882	49446	48930	50694	49998	50742	50046	49590	50814	49098	49662	49146	50205	49752	49239	49266	49293	49320	49887	50394	51141	50448	51195	50515	51272	49569	49606	51383	50220	50257	49754	50331	49824	50877	50910	51663	49956	51009	51762	51075	51835	50132	51909	50746	50243	50820	50317	50894	51405	50412	52179	51486	51033	52260	51567	52314	51621	51168	50655	51247	50756	50805	50854	51443	50952	50982	51006	52770	52074	51618	52842	52146	52890	52194	51738	52242	51246	51295	51332	51369	51946	52463	53220	52057	51554	53325	52632	52659	53406	51693	52740	51747	51774	52341	51828	51855	52422	53646	53670	52494	52998	53742	53046	53790	52074	52098	53142	52686	52735	52232	52269	52306	52883	52380	54157	52994	53511	53064	54297	53610	54363	52656	53709	53262	52755	52817	52876	52935	52994	53593	54095	54832	53109	54146	53683	54900	54197	54214	53751	53228	54265	53262	53279	53836	53313	55070	55087	53417	53476	54555	55334	54673	54715	55472	54309	53806	54383	53880	54457	53954	55757	55816	55155	54734	55273	56031	55344	56097	55410	54423	54996	54489	54522	54555	54585	55152	54639	56406	55713	55260	55767	55314	56541	55848	56595	54932	55006	56820	55154	55185	55752	55239	55266	56313	55860	56367	57114	56421	57168	56475	56627	55756	55795	57572	57609	56926	57683	57000	57757	57794	56672	57946	57300	57374	58125	56952	58179	56466	57513	58260	57567	57594	58341	58368	57675	57497	57057	57696	58275	59031	58344	59097	58410	59163	57456	58509	59262	58575	58147	59396	58725	59494	58343	57852	59657	58996	58575	59834	59173
TRANSPORT_MODE
0	2	1	1	2	0	0	0	0	1	1	2	0	0	0	0	0	1	1	2	0	0	0	0	1	1	2	0	0	0	0	0	1	1	2	0	0	0	0	0	1	1	1	0	0	0	0	0	0	2	1	1	0	0	0	0	0	3	1	1	1	0	0	0	0	2	1	0	1	0	0	0	0	3	1	1	0	0	0	0	0	2	1	1	0	0	0	0	0	3	1	1	0	0	0	0	0	2	1	1	0	0	0	0	0	1	3	1	0	0	0	0	0	1	2	1	1	0	0	0	0	0	1	3	1	0	0	0	0	1	2	1	0	0	0	0	0	1	3	1	0	0	0	0	0	1	2	1	0	0	0	0	0	1	3	1	0	0	0	0	0	1	2	1	0	0	0	0	0	0	1	1	3	1	0	0	0	0	1	2	1	0	0	0	0	0	1	3	1	0	0	0	0	1	2	1	0	0	0	0	0	1	3	1	0	0	0	0	0	1	2	1	0	0	0	0	0	1	1	3	0	0	0	0	0	0	1	1	2	1	0	0	0	0	1	1	3	0	0	0	0	0	1	1	1	0	0	0	0	1	1	3	0	0	0	0	0	1	1	2	0	0	0	0	0	1	1	3	0	0	0	0	0	1	1	2	0	0	0	0	0	0	1	1	1	3	0	0	0	0	1	1	2	0	0	0	0	0	1	1	1	0	0	0	0	1	1	2	0	0	0	0	0	1	1	3	0	0	0	0	0	1	1	2	0	0	0	0	0	1	1	3	0	0	0	0	0	1	1	1	2	0	0	0	0	0	1	1	3	0	0	0	0	1	1	1	0	0	0	0	0	1	1	3	0	0	0	0	0	1	1	2	0	0	0	0	0	1	1	3	0	0	0	0	0	1	1	2	0	0	0	0	0	1	1	1	3	0	0	0	0	0	1	1	1	0	0	0	0	2	1	1	0	0	0	0	0	1	1	2	0	0	0	0	1	1	3	0	0	0	0	0	1	1	2	0	0	0	0	0	1	1	3	0	0	0	0	0	0	1	1	1	2	0	0	0	0	1	1	3	0	0	0	0	1	1	2	1	0	0	0	0	0	1	1	3	0	0	0	0	0	1	1	2	0	0	0	0	0	1	1	3	0	0	0	0	0	1	1	2	0	0	0	0	0	1	1	1	3	0	0	0	0	1	1	2	0	0	0	0	0	1	1	3	1	0	0	0	0	1	1	2	0	0	0	0	0	1	1	3	0	0	0	0	0	1	1	2	0	0	0	0	0	1	1	3	0	0	0	0	0	1	1	2	1	0	0	0	0	0	1	1	3	0	0	0	0	1	2	1	1	0	0	0	0	0	1	3	1	0	0	0	0	1	2	1	0	0	0	0	0	1	3	1	0	0	0	0	0	1	2	1	0	0	0	0	0	1	1	3	1	0	0	0	0	0	1	2	1	0	0	0	0	1	3	1	1	0	0	0	0	0	1	2	1	0	0	0	0	1	3	1	0	0	0	0	0	1	2	1	0	0	0	0	0	1	3	1	0	0	0	0	0	1	2	1	1	0	0	0	0	0	1	3	1	0	0	0	0	2	1	1	1	0	0	0	0	0	3	1	1	0	0	0	0	2	1	1	0	0	0	0	0	3	1	1	0	0	0	0	0	2	1	1	0	0	0	0	0	3	1	1	1	0	0	0	0	2	1	3	0	0	0	0	0	1	1	1	3	0	0	0	0	1	1	3	0	0	0	0	0	1	1	3	0	0	0	0	0	1	1	3	0	0	0	0	0	1	1	1	0	0	0	0	0	3	1	1	0	0	0	0	0	3	1	1	0	0	0	0	0
PATIENT_WEIGHT
47	70	76	91	32	98	70	95	98	64	61	124	63	48	114	150	127	34	79	120	65	91	63	45	125	93	45	87	78	114	74	146	126	137	70	144	48	142	140	37	53	41	83	35	101	40	127	108	68	107	71	94	48	64	67	43	48	71	111	63	58	34	106	60	82	141	40	48	144	133	65	127	134	64	97	77	106	147	129	130	65	118	65	96	91	140	141	95	112	126	129	78	49	100	137	33	39	122	92	54	47	94	129	97	129	142	32	130	131	137	47	96	149	89	97	71	103	118	147	88	35	132	126	105	109	89	150	99	110	54	107	144	141	65	149	30	93	128	144	99	72	109	105	51	32	50	95	31	59	86	76	64	52	86	99	69	77	34	54	74	57	99	120	98	147	50	128	108	38	39	103	43	135	110	71	117	61	73	101	106	38	43	137	89	77	111	110	46	125	48	75	136	95	103	91	101	68	138	131	117	103	99	130	119	77	41	96	70	71	140	107	65	52	43	115	128	97	124	58	118	138	43	126	127	127	81	62	90	46	30	79	138	66	71	100	35	113	67	142	147	147	50	35	133	68	131	38	37	118	121	32	54	70	51	108	54	132	94	63	106	139	110	132	75	128	108	33	65	125	122	128	46	149	76	47	139	79	117	34	96	76	115	77	45	98	33	51	96	57	59	99	98	118	37	149	82	99	75	40	133	135	88	41	98	36	121	100	147	96	33	128	94	70	52	99	36	89	70	124	115	141	34	101	68	80	148	106	30	91	115	40	145	131	118	33	129	121	137	111	45	59	89	50	138	108	138	36	125	49	35	64	57	120	57	105	60	131	52	41	100	122	86	81	150	33	86	87	148	109	105	137	96	134	47	148	53	41	74	48	112	74	122	58	40	56	119	124	35	94	116	81	96	96	140	92	49	62	72	43	82	113	139	110	100	127	61	47	56	57	97	131	121	146	130	69	114	70	36	133	91	99	139	31	108	107	64	136	38	31	137	125	97	81	95	119	30	94	78	149	94	80	110	52	132	119	111	96	100	127	72	125	127	50	133	66	82	103	39	129	133	84	42	73	56	114	129	107	101	65	64	94	88	81	117	39	106	60	125	69	104	128	148	144	88	37	59	57	150	134	142	125	121	110	138	112	114	61	62	71	110	48	63	74	83	122	54	65	80	71	77	76	46	49	69	78	132	39	98	92	142	108	45	47	80	134	124	145	86	87	134	91	144	139	84	106	75	37	115	107	58	124	43	95	53	149	56	59	115	120	71	97	73	50	57	116	94	145	76	150	121	79	34	120	96	52	122	130	123	38	48	59	108	89	52	40	97	37	38	70	80	78	124	143	36	69	114	128	140	49	73	47	93	40	69	87	109	60	106	47	105	142	95	49	52	116	100	119	30	111	95	44	70	149	137	48	83	35	43	105	43	63	97	78	116	121	100	119	150	94	40	120	97	73	84	49	125	143	89	92	90	96	86	113	126	52	101	87	69	77	101	127	65	31	92	57	96	44	114	92	60	95	106	68	101	52	139	36	42	35	125	142	41	140	49	92	70	143	37	39	59	123	136	32	62	61	84	104	34	121	69	124	136	55	66	65	49	78	139	39	33	38	130	139	138	131	75	65	42	55	101	88	136	144	44	47	135	55	131	112	56	119	83	98	61	77	81	56	110	81	136	111	37	107	37	67	84	61	141	36	52	69	38	125	105	31	98	150	97	58	115	42	72	38	89	81	119	48	82	115	38	61	105	65	101	43	57	34	109	150	119	110	123	118	91	64	87	111	76	47	147	105	34	47	65	48	48	133	105	48	109	56	107	45	99	72	54	77	129	125	80	100
DISTANCE_MATRIX
0	360	318	300	288	276	264	264	150	150	150	60	90	90	162	168	204	228	234	312	360	408	348	318	168	192	168	318
360	60	264	318	324	342	342	342	348	348	354	360	372	378	378	420	420	480	462	498	462	462	384	420	372	420	378	378
318	264	60	270	276	288	288	288	294	294	294	318	318	324	324	414	414	468	462	486	462	462	330	366	366	408	372	324
300	318	270	60	276	288	288	288	288	288	288	300	300	312	318	408	408	468	462	486	438	438	318	360	360	402	360	312
288	324	276	276	60	276	276	276	276	276	276	288	288	300	300	402	396	462	456	480	432	432	300	360	360	402	348	300
276	342	288	288	276	60	180	180	252	258	264	264	264	288	288	390	390	456	450	480	432	432	288	348	348	348	288	288
264	342	288	288	276	180	60	180	246	258	264	264	264	288	288	390	390	456	450	480	432	432	288	348	348	348	288	288
264	342	288	288	276	180	180	60	240	258	264	264	264	288	288	390	390	456	450	480	432	432	288	348	348	348	288	288
150	348	294	288	276	252	246	240	60	120	120	150	126	270	270	378	384	420	438	480	420	408	276	300	300	300	276	270
150	348	294	288	276	258	258	258	120	60	120	150	150	270	270	378	384	420	438	480	420	408	276	300	300	300	276	270
150	354	294	288	276	264	264	264	120	120	60	150	150	270	270	378	384	420	438	480	420	408	276	300	300	300	276	270
60	360	318	300	288	264	264	264	150	150	150	60	90	162	168	228	234	312	360	408	348	318	168	192	192	198	168	162
90	372	318	300	288	264	264	264	150	150	150	90	60	162	168	228	234	312	360	408	348	318	168	192	192	198	168	162
90	378	324	312	300	288	288	288	270	270	270	162	162	60	120	180	180	306	210	360	300	300	120	180	120	180	120	234
162	378	324	318	300	288	288	288	270	270	270	168	168	120	60	180	180	306	210	360	300	300	120	180	120	180	120	120
168	420	414	408	402	348	348	348	300	300	300	228	228	180	180	60	132	204	132	348	258	258	186	60	180	132	222	180
204	420	414	408	396	390	390	390	384	384	384	234	234	180	180	132	60	204	132	348	258	258	186	60	180	132	222	180
228	480	468	468	462	456	456	456	420	420	420	312	312	306	306	204	204	60	198	120	240	240	306	204	306	138	306	306
234	462	462	462	456	450	450	450	438	438	438	360	360	210	210	132	132	198	60	138	132	132	210	132	210	132	210	210
312	498	486	486	480	480	480	480	480	480	480	408	408	360	360	348	348	120	138	60	348	348	360	348	360	348	360	360
360	462	462	438	432	432	432	432	420	420	420	348	348	300	300	258	258	240	132	348	60	60	300	258	300	258	300	300
408	462	462	438	432	432	432	432	408	408	408	318	318	300	300	258	258	240	132	348	60	60	300	258	300	258	300	300
348	384	330	318	300	288	288	288	276	276	276	168	168	120	120	186	186	306	210	360	300	300	60	186	120	186	120	120
318	420	366	360	360	348	348	348	300	300	300	192	192	180	180	60	60	204	132	348	258	258	186	60	180	60	180	180
168	372	300	306	300	288	288	288	270	270	270	168	168	120	120	180	180	306	210	360	300	300	120	180	60	180	120	120
192	420	408	402	402	348	348	348	300	300	300	198	198	180	180	132	132	138	132	348	258	258	186	60	180	60	180	180
168	378	372	360	348	288	288	288	276	276	276	168	168	120	120	222	222	306	210	360	300	300	120	180	120	180	60	120
318	378	324	312	300	288	288	288	270	270	270	162	162	234	120	180	180	306	210	360	300	300	120	180	120	180	120	60
DEPOTS_DISTANCE
234	462	462	462	456	450	450	450	438	438	438	360	360	210	210	132	132	198	60	138	132	132	210	132	210	132	210	210	
348	384	330	318	300	288	288	288	276	276	276	168	168	120	120	186	186	306	210	360	300	300	60	186	120	186	120	120	
318	420	366	360	360	348	348	348	300	300	300	192	192	180	180	60	60	204	132	348	258	258	186	60	180	60	180	180	
LOCATION_TURN_MATRIX
100	130	122	113	112	199	136	122	129	152	173	146	151	136	158	140	176	113	122	167	194	134	110	172	114	184	100	147	
170	100	154	188	164	169	136	136	152	170	104	183	155	115	101	104	155	187	174	115	149	134	178	168	114	135	168	102	
178	146	100	161	178	114	104	165	117	139	126	169	192	109	120	179	160	152	154	134	113	140	154	179	196	196	192	181	
187	112	139	100	158	114	195	181	104	132	195	106	183	169	132	170	140	136	172	148	116	110	123	136	151	120	176	169	
188	136	122	142	100	175	164	159	112	100	167	164	135	191	132	181	104	123	142	156	108	117	193	182	116	147	156	185	
101	131	186	186	125	100	190	147	164	150	137	102	145	176	185	131	113	108	117	186	118	151	140	178	154	189	172	110	
164	164	196	105	136	110	100	186	153	151	183	193	111	157	144	123	188	142	110	163	105	190	166	187	170	171	186	126	
178	164	135	119	141	153	114	100	106	130	108	103	151	178	122	151	130	133	184	177	110	141	166	110	122	174	191	197	
171	148	183	196	188	136	147	194	100	167	100	146	168	129	128	142	172	118	174	147	105	158	156	160	120	106	119	136	
148	130	161	168	200	150	149	170	133	100	177	106	175	116	188	180	176	194	108	146	130	187	183	173	128	141	169	176	
127	196	174	105	133	163	117	192	200	123	100	171	175	140	183	115	104	186	128	153	151	175	100	146	191	117	132	197	
154	117	131	194	136	198	107	197	154	194	129	100	136	184	140	147	172	184	148	131	103	156	185	200	152	158	154	143	
149	145	108	117	165	155	189	149	132	125	125	164	100	140	199	142	101	144	163	185	117	191	200	143	113	165	102	154	
164	185	191	131	109	124	143	122	171	184	160	116	160	100	109	116	196	113	131	186	166	139	183	175	144	161	105	170	
142	199	180	168	168	115	156	178	172	112	117	160	101	191	100	147	177	177	199	158	172	188	164	175	180	168	154	195	
160	196	121	130	119	169	177	149	158	120	185	153	158	184	153	100	152	159	197	157	181	159	102	123	168	200	124	186	
124	145	140	160	196	187	112	170	128	124	196	128	199	104	123	148	100	149	114	112	117	135	105	132	138	180	198	156	
187	113	148	164	177	192	158	167	182	106	114	116	156	187	123	141	151	100	166	132	168	163	159	123	129	173	161	116	
178	126	146	128	158	183	190	116	126	192	172	152	137	169	101	103	186	134	100	184	199	137	130	160	148	113	140	150	
133	185	166	152	144	114	137	123	153	154	147	169	115	114	142	143	188	168	116	100	111	195	128	157	191	164	141	171	
106	151	187	184	192	182	195	190	195	170	149	197	183	134	128	119	183	132	101	189	100	129	151	163	147	166	104	177	
166	166	160	190	183	149	110	159	142	113	125	144	109	161	112	141	165	137	163	105	171	100	101	185	169	129	103	197	
190	122	146	177	107	160	134	134	144	117	200	115	100	117	136	198	195	141	170	172	149	199	100	106	150	116	118	145	
128	132	121	164	118	122	113	190	140	127	154	100	157	125	125	177	168	177	140	143	137	115	194	100	128	167	115	155	
186	186	104	149	184	146	130	178	180	172	109	148	187	156	120	132	162	171	152	109	153	131	150	172	100	155	124	184	
116	165	104	180	153	111	129	126	194	159	183	142	135	139	132	100	120	127	187	136	134	171	184	133	145	100	129	192	
200	132	108	124	144	128	114	109	181	131	168	146	198	195	146	176	102	139	160	159	196	197	182	185	176	171	100	146	
153	198	119	131	115	190	174	103	164	124	103	157	146	130	105	114	144	184	150	129	123	103	155	145	116	108	154	100	
DEPOTS_TO_LOCAL_TURN_MATRIX
178	126	146	128	158	183	190	116	126	192	172	152	137	169	101	103	186	134	100	184	199	137	130	160	148	113	140	150	
190	122	146	177	107	160	134	134	144	117	200	115	100	117	136	198	195	141	170	172	149	199	100	106	150	116	118	145	
128	132	121	164	118	122	113	190	140	127	154	100	157	125	125	177	168	177	140	143	137	115	194	100	128	167	115	155	
LOCAL_TO_DEPOT_TURN_MATRIX
122	174	154	172	142	117	110	184	174	108	128	148	163	131	199	197	114	166	100	116	101	163	170	140	152	187	160	150	
110	178	154	123	193	140	166	166	156	183	100	185	200	183	164	102	105	159	130	128	151	101	100	194	150	184	182	155	
172	168	179	136	182	178	187	110	160	173	146	200	143	175	175	123	132	123	160	157	163	185	106	100	172	133	185	145	

