INDEX_PROBLEM
1
PATIENTS
800
STRETCHERS
16
NUM_ROOM
28
NUM_DEPOT
3
NUM_PRIORITY
4
PRIORITY_LIST
0	1	2	3	4
PRIORITY_WEIGHT
0	1	10	18	30
PRIORITY_JOB
0	2	4	1	3	4	4	4	3	4	2	3	4	4	4	3	3	4	2	4	4	3	4	3	4	2	3	4	4	4	4	3	2	4	4	4	4	4	3	4	1	3	4	2	4	4	3	4	4	4	4	1	3	4	4	3	4	1	3	4	1	2	1	2	1	2	3	4	4	3	4	4	4	1	3	4	2	1	2	3	1	2	3	4	1	3	4	4	4	2	4	1	2	1	2	2	1	3	4	4	1	3	4	4	3	4	2	4	1	2	3	1	2	1	3	4	2	3	4	4	4	3	1	3	4	2	1	2	1	3	3	4	2	4	4	4	3	4	1	3	4	2	2	1	2	3	4	2	4	4	4	3	4	4	1	3	4	2	1	2	1	2	4	4	1	3	4	3	4	4	2	1	3	2	1	2	1	2	3	4	3	4	3	4	4	3	1	4	2	1	2	3	1	2	3	4	2	1	4	4	4	4	4	4	2	1	2	3	1	2	3	4	2	1	3	4	4	3	2	4	4	1	1	2	1	2	1	3	3	2	4	3	4	4	3	1	4	3	2	3	1	2	1	4	2	3	4	4	4	3	4	1	4	4	2	2	1	2	3	4	2	1	4	4	4	3	4	3	4	2	4	1	2	2	1	4	1	3	4	3	4	3	4	4	1	4	2	2	1	2	1	3	3	1	3	4	4	4	3	4	2	3	2	3	1	2	1	4	2	4	4	4	4	3	4	1	4	2	2	1	2	3	1	3	4	2	4	4	3	4	3	1	4	1	2	1	2	2	1	2	3	2	3	4	4	3	4	1	4	3	1	2	1	2	3	4	2	3	4	3	4	3	4	1	4	2	1	2	1	2	3	4	4	2	4	4	3	4	4	3	1	4	2	1	2	1	2	4	4	1	3	4	3	4	4	3	3	1	2	3	1	2	1	3	4	4	3	4	3	4	2	1	4	2	1	2	1	2	3	3	4	2	4	4	4	4	3	4	1	2	3	1	2	1	2	3	4	4	2	4	3	4	3	1	4	1	3	1	2	3	1	1	3	4	2	4	4	4	3	3	1	4	2	2	1	2	1	3	4	2	4	3	4	3	4	3	1	4	2	1	2	3	1	2	4	2	4	4	4	3	4	3	1	4	2	2	1	2	3	4	4	1	3	4	3	4	4	4	3	1	2	1	2	1	2	3	4	1	3	4	3	4	3	3	1	4	1	2	1	2	3	2	3	4	4	4	4	3	4	2	1	4	1	2	1	2	3	2	3	4	2	4	4	4	3	4	1	4	1	2	1	2	1	1	3	4	4	4	3	4	4	2	1	3	2	1	2	1	1	3	4	3	4	3	4	2	2	1	3	3	1	2	1	2	4	2	4	4	4	3	4	4	2	1	3	4	3	1	2	2	4	2	4	4	4	3	4	4	1	1	3	4	1	1	2	1	2	3	4	3	4	3	4	4	1	1	3	2	3	1	2	1	2	3	4	3	4	4	4	3	2	1	4	2	1	2	3	1	4	2	3	4	4	4	4	4	1	2	4	2	3	1	1	1	1	3	4	3	4	4	3	4	2	1	3	2	1	2	2	4	1	3	3	4	3	4	1	1	2	3	2	1	2	1	2	4	2	4	4	4	3	4	4	4	1	2	3	3	1	2	1	4	2	4	4	4	3	4	4	1	3	4	1	2	1	2	1	2	3	1	3	4	3	4	1	3	4	2	1	2	3	4	1	2	3	1	2	1	2	3	1	4	2	1	2	1	1	2	1	4	2	3	1	2	1	2	1	4	4	1	2	1	2	3	1	2	4	1	1	2	1	2	3	1	3	4	1	1	2	1	2
TIME_ASKED
0	28849	28898	28947	28996	29045	29094	29149	29198	29247	29296	29345	29394	29429	29458	29487	29516	29545	29574	29603	29632	29661	29690	29742	29784	29826	29868	29910	29952	29994	30029	30058	30087	30116	30145	30174	30203	30232	30261	30290	30329	30358	30387	30416	30445	30474	30503	30532	30561	30590	30621	30642	30663	30684	30705	30726	30747	30768	30789	30810	30831	30852	30873	30894	30949	30998	31047	31096	31145	31194	31227	31254	31281	31308	31335	31362	31389	31416	31443	31470	31497	31524	31548	31572	31596	31620	31644	31668	31692	31716	31740	31764	31788	31837	31874	31911	31948	31985	32022	32059	32096	32159	32218	32277	32336	32395	32419	32438	32457	32476	32495	32514	32533	32552	32571	32590	32609	32628	32647	32666	32685	32759	32818	32877	32936	32995	33027	33054	33081	33108	33135	33162	33189	33216	33243	33270	33297	33333	33366	33399	33432	33465	33498	33531	33564	33597	33616	33632	33648	33664	33680	33696	33712	33728	33744	33760	33776	33792	33808	33824	33840	33856	33872	33888	33933	33966	33999	34032	34065	34098	34131	34164	34197	34242	34284	34326	34368	34410	34452	34494	34533	34566	34599	34632	34665	34698	34731	34764	34797	34827	34854	34881	34908	34935	34962	34989	35016	35043	35070	35097	35137	35174	35211	35248	35285	35322	35359	35396	35433	35466	35499	35532	35565	35598	35631	35664	35697	35723	35746	35769	35792	35815	35838	35861	35884	35907	35930	35953	35976	35999	36023	36046	36069	36092	36115	36138	36161	36184	36207	36230	36253	36276	36299	36327	36354	36381	36408	36435	36462	36489	36516	36543	36570	36597	36619	36638	36657	36676	36695	36714	36733	36752	36771	36790	36809	36828	36847	36866	36885	36949	36998	37047	37096	37145	37194	37259	37318	37377	37436	37495	37549	37598	37647	37696	37745	37794	37827	37854	37881	37908	37935	37962	37989	38016	38043	38070	38097	38123	38146	38169	38192	38215	38238	38261	38284	38307	38330	38353	38376	38399	38419	38438	38457	38476	38495	38514	38533	38552	38571	38590	38609	38628	38647	38666	38685	38742	38784	38826	38868	38910	38952	38994	39029	39058	39087	39116	39145	39174	39203	39232	39261	39290	39349	39398	39447	39496	39545	39594	39633	39666	39699	39732	39765	39798	39831	39864	39897	39937	39974	40011	40048	40085	40122	40159	40196	40242	40284	40326	40368	40410	40452	40494	40542	40584	40626	40668	40710	40752	40794	40849	40898	40947	40996	41045	41094	41133	41166	41199	41232	41265	41298	41331	41364	41397	41423	41446	41469	41492	41515	41538	41561	41584	41607	41630	41653	41676	41699	41749	41798	41847	41896	41945	41994	42099	42198	42297	42342	42384	42426	42468	42510	42552	42594	42699	42798	42897	42923	42946	42969	42992	43015	43038	43061	43084	43107	43130	43153	43176	43199	43237	43274	43311	43348	43385	43422	43459	43496	43549	43598	43647	43696	43745	43794	43899	43998	44097	44159	44218	44277	44336	44395	44459	44518	44577	44636	44695	44799	44898	44997	45033	45066	45099	45132	45165	45198	45231	45264	45297	45337	45374	45411	45448	45485	45522	45559	45596	45637	45674	45711	45748	45785	45822	45859	45896	45959	46018	46077	46136	46195	46249	46298	46347	46396	46445	46494	46537	46574	46611	46648	46685	46722	46759	46796	46821	46842	46863	46884	46905	46926	46947	46968	46989	47010	47031	47052	47073	47094	47199	47298	47397	47437	47474	47511	47548	47585	47622	47659	47696	47737	47774	47811	47848	47885	47922	47959	47996	48049	48098	48147	48196	48245	48294	48324	48348	48372	48396	48420	48444	48468	48492	48516	48540	48564	48588	48627	48654	48681	48708	48735	48762	48789	48816	48843	48870	48897	48937	48974	49011	49048	49085	49122	49159	49196	49233	49266	49299	49332	49365	49398	49431	49464	49497	49537	49574	49611	49648	49685	49722	49759	49796	49827	49854	49881	49908	49935	49962	49989	50016	50043	50070	50097	50149	50198	50247	50296	50345	50394	50424	50448	50472	50496	50520	50544	50568	50592	50616	50640	50664	50688	50737	50774	50811	50848	50885	50922	50959	50996	51027	51054	51081	51108	51135	51162	51189	51216	51243	51270	51297	51324	51348	51372	51396	51420	51444	51468	51492	51516	51540	51564	51588	51637	51674	51711	51748	51785	51822	51859	51896	51933	51966	51999	52032	52065	52098	52131	52164	52197	52259	52318	52377	52436	52495	52517	52534	52551	52568	52585	52602	52619	52636	52653	52670	52687	52704	52721	52738	52755	52772	52789	52859	52918	52977	53036	53095	53137	53174	53211	53248	53285	53322	53359	53396	53459	53518	53577	53636	53695	53733	53766	53799	53832	53865	53898	53931	53964	53997	54027	54054	54081	54108	54135	54162	54189	54216	54243	54270	54297	54374	54448	54522	54596	54627	54654	54681	54708	54735	54762	54789	54816	54843	54870	54897	55049	55198	55237	55274	55311	55348	55385	55422	55459	55496	55574	55648	55722	55796	55827	55854	55881	55908	55935	55962	55989	56016	56043	56070	56097	56399	56499	56598	56697	56733	56766	56799	56832	56865	56898	56931	56964	56997	57049	57098	57147	57196	57245	57294	57359	57418	57477	57536	57595
ORIGIN
26	16	6	3	25	7	27	23	27	25	23	2	14	14	14	14	3	14	14	14	3	4	26	16	2	14	16	9	9	14	27	7	13	9	8	14	11	2	23	26	26	14	14	20	2	14	20	14	27	6	27	18	7	27	20	8	8	14	10	2	14	23	2	26	23	14	23	14	14	24	15	23	26	27	7	9	9	26	14	3	14	14	23	14	14	23	14	9	14	14	7	5	5	15	14	1	3	20	18	26	7	20	8	1	7	14	17	27	20	20	2	14	14	14	14	4	24	19	4	27	23	14	26	26	26	26	2	14	27	3	10	2	14	14	2	14	16	16	4	4	16	27	27	16	14	9	16	27	14	11	1	13	26	13	7	14	20	14	14	14	14	20	27	24	15	4	8	16	8	14	26	26	2	22	22	14	18	1	14	23	12	24	24	14	1	14	14	14	9	26	14	5	14	14	1	20	11	23	23	9	16	7	16	2	5	15	14	7	3	7	2	14	4	20	16	5	3	26	9	2	2	14	14	14	14	14	26	25	2	23	14	3	26	14	14	16	27	11	2	2	25	23	26	8	27	14	2	23	26	14	20	14	15	15	9	27	14	16	13	7	26	27	8	26	13	23	26	26	2	14	14	14	14	26	14	3	23	13	3	23	13	27	27	27	14	14	1	25	14	14	26	14	23	14	5	23	10	5	5	14	2	20	14	1	14	1	7	27	16	5	23	16	14	7	7	14	3	14	14	3	7	1	14	14	13	2	16	14	3	9	23	16	1	7	14	3	7	23	23	9	8	1	23	10	26	14	12	23	26	8	14	27	14	14	14	16	5	23	16	23	14	14	14	14	14	14	27	16	26	13	13	4	2	7	4	3	20	27	4	23	4	14	14	26	14	17	27	27	1	23	10	1	14	14	14	27	14	14	27	14	14	4	11	27	14	26	11	3	1	14	1	14	27	27	14	27	10	1	1	16	23	14	5	24	14	14	7	14	14	13	14	14	7	23	14	20	23	10	2	23	14	27	1	23	23	14	14	3	14	1	3	23	16	6	27	19	7	27	22	4	4	3	14	14	4	3	14	3	14	3	23	14	14	4	14	14	14	1	14	1	26	26	13	20	9	26	14	11	26	27	13	13	27	14	14	27	26	18	14	27	5	27	18	7	2	20	14	27	2	17	2	22	23	2	2	2	3	3	14	4	24	15	14	26	25	14	4	26	3	14	16	2	1	20	11	2	23	12	23	7	14	14	26	15	14	23	7	20	20	10	7	27	20	27	14	23	14	2	27	20	14	7	2	1	23	14	4	14	15	4	22	22	14	11	26	14	2	14	4	1	3	3	2	23	27	4	2	14	14	15	14	7	11	1	14	26	1	7	27	20	2	23	27	11	14	14	2	14	2	3	23	23	14	3	24	14	4	27	23	23	26	26	14	8	14	14	14	3	14	2	23	12	14	14	14	14	26	14	14	27	23	2	2	23	1	14	19	8	27	4	4	3	23	20	2	14	14	27	23	14	20	24	14	4	27	1	1	26	14	14	2	26	14	23	23	10	1	23	12	2	23	14	15	14	14	14	27	11	15	4	16	23	27	19	7	27	4	1	1	14	4	22	14	2	14	26	14	3	16	14	4	20	2	1	26	14	14	26	14	2	23	23	9	1	23	4	26	23	8	8	14	14	27	11	14	1	3	1	6	12	18	7	27	21	14	14	23	2	22	23	2	26	26	14	3	27	25	4	25	16	3	3	16	16	26	14	14	24	24	9	1	14	14	2	23	13	1	14	14	27	14	3	1	14	14	5	27	18	7	27	20	8	23	23	10	1	27	23	2	7	3
DESTINATION
3	14	17	26	14	23	2	26	2	14	27	27	25	4	25	16	26	25	9	9	26	14	3	14	24	9	16	14	14	2	23	13	7	14	14	5	15	14	1	3	3	5	26	7	27	20	7	8	23	17	2	27	20	2	14	14	14	16	14	14	25	7	27	23	27	26	3	26	26	2	14	27	3	23	20	14	14	3	4	26	16	4	27	9	9	27	16	14	9	9	13	14	14	11	2	23	26	7	27	14	20	14	14	14	20	26	6	18	7	7	27	20	8	8	26	14	2	22	14	18	1	9	14	14	14	14	24	15	23	26	14	14	9	26	14	5	14	14	14	14	16	23	23	14	9	14	16	2	5	15	14	7	3	7	20	26	7	20	20	8	1	7	23	2	14	14	14	14	14	26	14	14	24	19	19	4	27	23	16	27	11	2	2	25	23	26	10	2	14	14	2	14	16	16	14	14	15	27	27	14	16	13	16	27	14	11	1	13	26	13	27	26	14	14	14	14	26	14	14	24	24	15	4	8	16	8	14	14	14	1	25	14	14	26	9	14	23	12	24	24	14	1	14	14	2	20	14	1	14	1	7	1	11	11	14	23	9	16	7	20	3	2	14	3	7	1	14	14	27	4	16	16	5	3	26	14	1	7	14	3	7	23	23	23	25	2	23	14	3	26	14	16	26	8	14	27	14	14	14	8	27	14	2	23	26	14	20	23	14	14	27	16	26	13	13	9	26	4	8	26	13	23	26	4	7	14	14	26	14	17	27	14	23	13	3	23	13	27	27	14	14	14	27	14	14	4	11	1	23	14	5	23	10	5	5	14	14	27	14	27	10	1	1	20	16	5	23	16	14	7	7	14	14	13	14	14	7	23	14	1	14	2	16	14	3	9	23	23	14	27	14	14	3	3	1	23	8	8	23	10	26	14	12	2	4	3	12	14	14	4	14	16	23	23	16	23	14	14	14	14	1	4	14	1	26	26	13	2	4	7	4	3	20	27	4	7	27	14	14	27	26	18	14	27	27	1	10	14	1	14	14	27	14	17	2	22	23	2	2	14	14	26	3	1	14	26	1	26	25	14	4	26	3	14	16	16	16	23	5	24	14	14	7	7	14	14	26	15	14	23	7	7	23	10	2	23	14	27	1	23	14	2	27	20	14	7	2	23	27	6	27	19	7	27	22	22	14	14	26	14	2	14	4	3	14	3	23	14	14	4	14	14	14	7	15	14	7	11	1	20	9	26	14	11	26	27	13	7	11	14	20	2	14	2	3	27	5	27	18	7	2	20	14	23	3	26	14	8	14	14	2	2	3	12	14	4	24	15	14	14	26	14	14	27	23	14	27	1	2	11	2	23	12	23	4	3	23	20	2	14	14	27	23	20	10	10	27	20	27	14	1	1	26	14	2	26	14	23	27	1	14	14	4	14	15	4	15	14	8	14	27	11	15	4	4	1	3	3	2	23	27	22	14	1	14	4	22	14	2	14	14	26	1	7	27	20	2	23	1	26	11	1	26	14	2	23	23	14	3	3	24	14	4	27	3	14	14	27	11	14	1	3	14	3	2	2	23	12	14	14	14	27	2	22	23	2	14	23	23	1	14	19	8	27	4	3	25	14	16	26	14	14	24	23	14	3	3	14	4	27	1	1	14	14	27	14	3	1	14	14	10	10	23	12	2	23	14	23	17	11	27	23	2	7	4	16	27	27	19	7	27	3	3	25	14	2	14	14	14	14	26	26	14	16	14	4	20	2	2	14	14	9	9	14	27	7	23	1	26	23	4	26	23	8	8	14	2	27	20	2	14	14	27	1	14	14	18	7	27	21	26
DUE_DATE
0	30427	29456	31245	30094	29603	29652	29707	30296	29805	30874	30443	29952	29987	30016	30585	30614	30103	31152	30161	30190	30759	30248	30840	30342	31404	30966	30468	30510	30552	30587	31156	31665	30674	30703	30732	30761	30790	31359	30848	32627	31456	30945	31994	31003	31032	31601	31090	31119	31148	31179	32940	31761	31242	31263	31824	31305	33066	31887	31368	33129	32430	33171	32472	33247	32576	32145	31654	31703	32292	31785	31812	31839	33606	32433	31920	32967	33714	33021	32568	33795	33102	32646	32130	33894	32718	32202	32226	32250	33294	32298	34062	33366	34135	33452	33489	34246	33083	32580	32617	34394	33257	32776	32835	33434	32953	33997	32996	34755	34054	33593	34812	34111	34850	33669	33148	34187	33726	33205	33224	33243	33857	35116	33975	33494	34573	35325	34632	35379	34206	34233	33720	34767	33774	33801	33828	34395	33891	35664	34497	33990	35043	35076	35829	35142	34695	34174	35210	34206	34222	34238	34794	34270	34286	36042	34858	34334	35370	36106	35402	36138	35434	34430	34446	36231	35064	34557	35130	34623	34656	35709	36462	35295	35820	36582	35904	36666	35988	35550	35052	35631	35124	35697	35190	35223	35796	37029	35322	36375	37125	36432	35979	37206	36513	36060	35547	36594	37341	35628	35655	35695	35732	35769	35806	36863	37620	36937	36494	37731	37044	36597	36090	37143	37896	36729	36222	36255	36821	37324	36327	36350	38113	38136	37439	38182	37485	38228	37051	37074	37577	36581	37144	36627	36650	37213	38436	36719	37282	37785	37328	38551	37854	38597	36885	37932	37479	36966	36993	37020	37587	37074	38841	37128	37155	38197	38216	38955	38254	37793	37272	38311	39050	37329	37348	37367	37926	37405	37964	37443	38527	37556	39345	38674	38723	39492	37817	39616	38475	37994	38593	38107	38696	38205	38254	40043	38352	39405	39432	40179	39486	40233	39060	39087	40314	39141	38628	38655	38681	39244	38727	39770	39313	39816	39359	40582	39885	40628	38911	39954	38957	38977	38996	39015	39574	39053	40812	39091	40130	40149	40888	40187	39726	40945	39764	39243	40320	39342	39384	39966	39468	40050	41292	39587	41356	40665	41414	40723	40752	41501	40810	40359	40868	40447	39956	40005	40594	40103	41892	40191	40764	41997	41310	42063	41376	40929	40422	41475	41035	40532	41109	40606	41183	40680	42457	40754	41820	42582	41904	42666	41988	41550	41052	41100	42162	41184	41226	41808	41310	41352	41947	43196	41505	42574	43343	42672	43431	42744	41757	41790	43563	42396	41889	42462	41955	41981	42544	42567	43790	43093	42636	43859	43162	43905	42728	42211	42234	42797	42307	42896	42405	43474	44243	42552	43677	44496	43875	44640	43962	43524	43566	43068	44130	43152	43257	43356	43455	44021	43504	45267	44570	44113	45336	44639	45382	44685	44228	43711	43734	44777	43795	44372	43869	44446	45683	43980	45757	44594	45847	45176	44745	45994	46043	44892	44457	45576	44655	44717	44776	45375	45434	46693	45017	46096	46155	46934	46273	47097	45996	45555	46611	45624	46197	45690	46263	45756	46329	47562	45855	46915	47672	46989	46546	47783	47100	46117	47174	46195	46232	46269	46846	46343	46920	48157	46454	47537	47596	48375	47714	47293	46807	46856	48645	47494	47003	47592	47095	47132	47169	47746	48983	48300	49057	48374	49119	48420	47961	47442	49203	48024	47505	48066	47547	48108	48129	49350	47631	49392	48777	49596	48975	48535	49052	48609	48106	48143	48180	48217	48794	48295	49352	50109	48406	50183	49500	50257	49574	49147	49676	49245	48754	49823	48852	48882	48906	49470	48954	50718	49002	50766	50070	50814	50118	50862	50886	49725	49212	49239	49266	49833	49320	49347	50394	51141	49968	50475	51235	50552	51309	51346	50183	49680	50257	49754	50331	49824	50877	50910	51663	50496	50529	51762	51075	51835	51152	50169	51226	50243	50280	50317	50894	50385	50412	51459	52206	51033	50520	51087	52314	51621	51648	50655	51727	50756	50805	50854	51443	50952	50982	52746	52770	51594	51078	52842	52866	52170	52914	52218	51762	51246	51835	51332	51909	51406	51443	53220	53257	52094	52605	52152	53379	52686	53433	52740	52287	51774	52341	51828	51855	51882	52446	52950	53694	51978	53022	53766	53070	52614	53838	52122	53166	52735	52232	52269	52306	52343	52380	54157	53474	52491	53544	53097	54330	54363	54396	54429	53262	52755	53357	52876	52935	53534	53053	54095	54832	53649	54146	54883	54180	54197	53194	54951	53768	53785	53262	53819	53296	55053	55070	54367	53957	54496	55275	54614	55393	54715	53732	54789	53806	53843	53880	54457	53954	54017	54076	55875	55214	54793	54831	56064	55377	56130	54423	55476	54489	54522	54555	55125	54612	54639	56406	55233	54720	56487	55794	56541	55848	56595	55952	55546	56820	55694	55185	55752	55239	57006	55833	55320	56367	57114	56421	55968	55455	57347	56776	56335	57572	56889	57646	56963	56520	57757	56054	57152	57946	57300	58094	58125	57432	58179	56466	57513	57060	58287	57594	58341	57648	58395	56957	57057	58896	58275	59031	58344	57897	59130	58443	57456	59229	59262	58575	59347	58676	58245	59494	58343	57852	59657	59716	59055	59834	59173
TRANSPORT_MODE
0	2	1	2	0	0	0	0	1	1	2	0	0	0	0	0	1	1	1	0	0	0	0	0	2	1	1	2	0	0	0	0	1	1	2	0	0	0	0	0	1	1	1	2	0	0	0	0	0	1	1	1	0	0	0	0	0	3	1	1	0	0	0	0	0	2	1	1	0	0	0	0	0	3	1	1	0	0	0	0	0	2	1	1	3	0	0	0	0	1	1	1	0	0	0	0	0	2	1	1	3	0	0	0	0	0	1	1	1	0	0	0	0	0	2	1	1	0	0	0	0	0	3	1	1	0	0	0	0	0	2	1	1	0	0	0	0	0	3	1	1	2	0	0	0	0	1	1	1	0	0	0	0	0	3	1	1	2	0	0	0	0	1	1	1	0	0	0	0	0	0	3	1	1	0	0	0	0	2	1	1	0	0	0	0	0	3	1	1	0	0	0	0	0	2	1	1	3	0	0	0	0	1	1	1	0	0	0	0	0	2	1	1	3	0	0	0	0	0	1	1	1	0	0	0	0	0	2	1	1	0	0	0	0	0	3	1	1	0	0	0	0	0	2	1	1	0	0	0	0	0	3	1	1	2	0	0	0	0	1	1	3	0	0	0	0	0	1	1	1	2	0	0	0	0	1	1	1	0	0	0	0	0	0	3	1	2	0	0	0	0	1	1	3	0	0	0	0	0	1	1	2	0	0	0	0	0	1	1	1	0	0	0	0	0	3	1	1	0	0	0	0	0	2	1	1	1	0	0	0	0	3	1	1	0	0	0	0	0	0	2	1	1	0	0	0	0	3	1	1	0	0	0	0	0	2	1	1	0	0	0	0	0	3	1	1	0	0	0	0	0	2	1	1	0	0	0	0	0	1	3	1	1	0	0	0	0	2	1	1	0	0	0	0	0	0	1	3	1	0	0	0	0	1	2	0	1	0	0	0	0	3	1	1	0	0	0	0	0	2	1	1	0	0	0	0	0	1	3	1	0	0	0	0	0	1	2	1	1	0	0	0	0	3	1	1	0	0	0	0	0	0	1	2	1	0	0	0	0	1	3	1	0	0	0	0	0	1	2	1	0	0	0	0	0	1	3	1	0	0	0	0	0	1	2	1	0	0	0	0	0	1	3	1	1	0	0	0	0	1	2	1	0	0	0	0	0	0	1	3	1	0	0	0	0	1	2	1	0	0	0	0	0	1	3	1	0	0	0	0	0	1	2	1	0	0	0	0	0	1	3	1	0	0	0	0	0	1	2	1	1	0	0	0	0	1	3	1	0	0	0	0	0	1	1	1	0	0	0	0	0	1	3	1	0	0	0	0	1	2	1	0	0	0	0	0	1	3	1	0	0	0	0	0	1	2	1	0	0	0	0	0	1	3	1	1	0	0	0	0	1	2	1	0	0	0	0	0	0	1	1	1	0	0	0	0	1	2	1	0	0	0	0	0	1	3	1	0	0	0	0	0	1	2	1	0	0	0	0	0	1	3	1	0	0	0	0	0	1	2	1	1	0	0	0	0	3	1	1	0	0	0	0	0	1	1	1	0	0	0	0	0	1	3	1	0	0	0	0	2	1	1	0	0	0	0	0	3	1	1	0	0	0	0	0	2	1	1	0	0	0	0	0	1	3	1	1	0	0	0	0	2	1	1	0	0	0	0	0	1	1	1	0	0	0	0	0	2	1	1	0	0	0	0	3	1	1	0	0	0	0	0	3	1	1	0	0	0	0	0	3	1	1	0	0	0	0	0	3	1	1	1	0	0	0	0	3	1	1	0	0	0	0	0	3	1	1	1	0	0	0	0	0	3	1	1	0	0	0	0	0
PATIENT_WEIGHT
103	146	30	131	148	39	125	56	134	31	105	109	84	67	62	125	98	113	88	141	32	58	105	87	44	41	65	122	117	85	66	121	36	39	55	77	113	98	121	38	148	44	48	58	74	91	115	146	68	113	38	69	46	38	136	35	64	139	79	109	85	131	65	56	48	149	110	137	113	36	84	142	73	61	100	128	43	94	105	56	115	148	63	68	95	146	87	40	37	66	128	146	84	115	69	34	145	139	51	74	129	49	122	146	111	42	30	108	58	37	107	53	73	31	77	64	136	108	122	52	149	55	58	138	44	34	117	48	37	124	54	37	103	41	81	123	138	127	33	76	87	109	64	61	47	130	125	61	100	79	143	134	146	148	77	141	86	44	60	90	33	99	98	137	43	57	125	44	75	85	49	80	71	142	90	84	55	65	143	37	53	63	142	89	33	103	81	147	98	128	123	53	118	142	138	79	65	64	112	138	85	146	99	117	82	98	39	82	94	104	73	94	53	96	93	107	144	57	106	82	44	112	133	55	121	88	45	99	48	81	102	131	42	144	108	102	51	62	35	92	60	63	114	95	110	68	138	36	124	42	149	57	124	104	116	146	112	100	115	67	59	67	117	70	123	72	66	45	123	129	131	142	134	30	88	100	123	50	82	56	108	37	90	130	105	127	121	124	82	43	78	45	47	66	130	115	135	128	67	124	123	119	107	139	34	52	150	58	121	125	131	57	78	117	101	91	43	35	70	33	64	59	121	129	32	100	143	111	85	66	47	113	58	103	103	104	133	36	41	41	62	124	105	135	144	111	79	107	55	101	90	134	110	100	128	37	52	71	84	143	75	31	50	53	99	59	102	84	127	45	51	59	78	39	137	38	37	34	150	84	86	68	137	42	127	126	77	101	131	40	67	149	69	44	88	83	53	65	114	130	120	132	83	42	91	147	31	47	148	54	34	79	59	148	49	33	54	103	97	131	126	38	51	130	34	55	66	98	60	83	59	131	136	83	42	92	102	64	123	114	55	141	48	48	70	146	71	58	56	116	84	137	131	42	42	50	130	117	116	149	113	142	112	66	35	74	133	102	59	91	113	136	143	135	118	54	131	125	57	135	75	82	66	42	86	98	147	147	135	103	139	104	55	73	42	109	32	82	133	109	39	115	57	120	82	115	90	132	95	81	58	64	146	150	118	55	83	121	53	57	104	120	95	126	33	69	93	135	52	128	120	55	54	99	91	69	92	83	104	102	65	142	70	74	81	55	81	97	97	130	61	40	94	131	78	132	58	89	39	116	103	141	42	98	122	117	100	76	128	70	94	105	41	68	113	124	145	102	39	136	127	138	141	88	142	111	122	130	87	141	121	119	39	134	76	144	87	37	105	129	73	145	43	114	34	37	120	108	140	44	124	68	52	121	122	48	104	65	50	128	65	37	106	69	113	105	116	139	48	133	80	137	148	131	112	79	38	57	80	137	127	141	96	92	91	38	103	55	98	59	148	96	44	88	148	134	117	76	118	31	96	140	112	54	110	101	139	62	61	91	46	144	123	104	72	133	95	81	109	81	77	132	77	51	130	135	111	118	76	106	113	132	102	83	85	109	100	37	95	110	104	113	81	76	30	65	54	107	103	124	59	116	92	92	122	142	100	118	55	34	57	52	74	53	131	67	34	99	54	57	33	150	115	92	32	75	33	141	63	74	140	40	107	51	40	114	142	99	124	147	140	145	43	77	123	49	146	135	107	40	49	133	58	85	147	129	44	118	58	57	61	90	33	46	30	150	87	62	81	144	112	83	101	131	54	119	122	140	130	64	66	98	107	73	103	69	118	138	77	87	63
DISTANCE_MATRIX
0	360	318	300	288	276	264	264	150	150	150	60	90	90	162	168	204	228	234	312	360	408	348	318	168	192	168	318
360	60	264	318	324	342	342	342	348	348	354	360	372	378	378	420	420	480	462	498	462	462	384	420	372	420	378	378
318	264	60	270	276	288	288	288	294	294	294	318	318	324	324	414	414	468	462	486	462	462	330	366	366	408	372	324
300	318	270	60	276	288	288	288	288	288	288	300	300	312	318	408	408	468	462	486	438	438	318	360	360	402	360	312
288	324	276	276	60	276	276	276	276	276	276	288	288	300	300	402	396	462	456	480	432	432	300	360	360	402	348	300
276	342	288	288	276	60	180	180	252	258	264	264	264	288	288	390	390	456	450	480	432	432	288	348	348	348	288	288
264	342	288	288	276	180	60	180	246	258	264	264	264	288	288	390	390	456	450	480	432	432	288	348	348	348	288	288
264	342	288	288	276	180	180	60	240	258	264	264	264	288	288	390	390	456	450	480	432	432	288	348	348	348	288	288
150	348	294	288	276	252	246	240	60	120	120	150	126	270	270	378	384	420	438	480	420	408	276	300	300	300	276	270
150	348	294	288	276	258	258	258	120	60	120	150	150	270	270	378	384	420	438	480	420	408	276	300	300	300	276	270
150	354	294	288	276	264	264	264	120	120	60	150	150	270	270	378	384	420	438	480	420	408	276	300	300	300	276	270
60	360	318	300	288	264	264	264	150	150	150	60	90	162	168	228	234	312	360	408	348	318	168	192	192	198	168	162
90	372	318	300	288	264	264	264	150	150	150	90	60	162	168	228	234	312	360	408	348	318	168	192	192	198	168	162
90	378	324	312	300	288	288	288	270	270	270	162	162	60	120	180	180	306	210	360	300	300	120	180	120	180	120	234
162	378	324	318	300	288	288	288	270	270	270	168	168	120	60	180	180	306	210	360	300	300	120	180	120	180	120	120
168	420	414	408	402	348	348	348	300	300	300	228	228	180	180	60	132	204	132	348	258	258	186	60	180	132	222	180
204	420	414	408	396	390	390	390	384	384	384	234	234	180	180	132	60	204	132	348	258	258	186	60	180	132	222	180
228	480	468	468	462	456	456	456	420	420	420	312	312	306	306	204	204	60	198	120	240	240	306	204	306	138	306	306
234	462	462	462	456	450	450	450	438	438	438	360	360	210	210	132	132	198	60	138	132	132	210	132	210	132	210	210
312	498	486	486	480	480	480	480	480	480	480	408	408	360	360	348	348	120	138	60	348	348	360	348	360	348	360	360
360	462	462	438	432	432	432	432	420	420	420	348	348	300	300	258	258	240	132	348	60	60	300	258	300	258	300	300
408	462	462	438	432	432	432	432	408	408	408	318	318	300	300	258	258	240	132	348	60	60	300	258	300	258	300	300
348	384	330	318	300	288	288	288	276	276	276	168	168	120	120	186	186	306	210	360	300	300	60	186	120	186	120	120
318	420	366	360	360	348	348	348	300	300	300	192	192	180	180	60	60	204	132	348	258	258	186	60	180	60	180	180
168	372	300	306	300	288	288	288	270	270	270	168	168	120	120	180	180	306	210	360	300	300	120	180	60	180	120	120
192	420	408	402	402	348	348	348	300	300	300	198	198	180	180	132	132	138	132	348	258	258	186	60	180	60	180	180
168	378	372	360	348	288	288	288	276	276	276	168	168	120	120	222	222	306	210	360	300	300	120	180	120	180	60	120
318	378	324	312	300	288	288	288	270	270	270	162	162	234	120	180	180	306	210	360	300	300	120	180	120	180	120	60
DEPOTS_DISTANCE
234	462	462	462	456	450	450	450	438	438	438	360	360	210	210	132	132	198	60	138	132	132	210	132	210	132	210	210	
348	384	330	318	300	288	288	288	276	276	276	168	168	120	120	186	186	306	210	360	300	300	60	186	120	186	120	120	
318	420	366	360	360	348	348	348	300	300	300	192	192	180	180	60	60	204	132	348	258	258	186	60	180	60	180	180	
LOCATION_TURN_MATRIX
100	130	122	113	112	199	136	122	129	152	173	146	151	136	158	140	176	113	122	167	194	134	110	172	114	184	100	147	
170	100	154	188	164	169	136	136	152	170	104	183	155	115	101	104	155	187	174	115	149	134	178	168	114	135	168	102	
178	146	100	161	178	114	104	165	117	139	126	169	192	109	120	179	160	152	154	134	113	140	154	179	196	196	192	181	
187	112	139	100	158	114	195	181	104	132	195	106	183	169	132	170	140	136	172	148	116	110	123	136	151	120	176	169	
188	136	122	142	100	175	164	159	112	100	167	164	135	191	132	181	104	123	142	156	108	117	193	182	116	147	156	185	
101	131	186	186	125	100	190	147	164	150	137	102	145	176	185	131	113	108	117	186	118	151	140	178	154	189	172	110	
164	164	196	105	136	110	100	186	153	151	183	193	111	157	144	123	188	142	110	163	105	190	166	187	170	171	186	126	
178	164	135	119	141	153	114	100	106	130	108	103	151	178	122	151	130	133	184	177	110	141	166	110	122	174	191	197	
171	148	183	196	188	136	147	194	100	167	100	146	168	129	128	142	172	118	174	147	105	158	156	160	120	106	119	136	
148	130	161	168	200	150	149	170	133	100	177	106	175	116	188	180	176	194	108	146	130	187	183	173	128	141	169	176	
127	196	174	105	133	163	117	192	200	123	100	171	175	140	183	115	104	186	128	153	151	175	100	146	191	117	132	197	
154	117	131	194	136	198	107	197	154	194	129	100	136	184	140	147	172	184	148	131	103	156	185	200	152	158	154	143	
149	145	108	117	165	155	189	149	132	125	125	164	100	140	199	142	101	144	163	185	117	191	200	143	113	165	102	154	
164	185	191	131	109	124	143	122	171	184	160	116	160	100	109	116	196	113	131	186	166	139	183	175	144	161	105	170	
142	199	180	168	168	115	156	178	172	112	117	160	101	191	100	147	177	177	199	158	172	188	164	175	180	168	154	195	
160	196	121	130	119	169	177	149	158	120	185	153	158	184	153	100	152	159	197	157	181	159	102	123	168	200	124	186	
124	145	140	160	196	187	112	170	128	124	196	128	199	104	123	148	100	149	114	112	117	135	105	132	138	180	198	156	
187	113	148	164	177	192	158	167	182	106	114	116	156	187	123	141	151	100	166	132	168	163	159	123	129	173	161	116	
178	126	146	128	158	183	190	116	126	192	172	152	137	169	101	103	186	134	100	184	199	137	130	160	148	113	140	150	
133	185	166	152	144	114	137	123	153	154	147	169	115	114	142	143	188	168	116	100	111	195	128	157	191	164	141	171	
106	151	187	184	192	182	195	190	195	170	149	197	183	134	128	119	183	132	101	189	100	129	151	163	147	166	104	177	
166	166	160	190	183	149	110	159	142	113	125	144	109	161	112	141	165	137	163	105	171	100	101	185	169	129	103	197	
190	122	146	177	107	160	134	134	144	117	200	115	100	117	136	198	195	141	170	172	149	199	100	106	150	116	118	145	
128	132	121	164	118	122	113	190	140	127	154	100	157	125	125	177	168	177	140	143	137	115	194	100	128	167	115	155	
186	186	104	149	184	146	130	178	180	172	109	148	187	156	120	132	162	171	152	109	153	131	150	172	100	155	124	184	
116	165	104	180	153	111	129	126	194	159	183	142	135	139	132	100	120	127	187	136	134	171	184	133	145	100	129	192	
200	132	108	124	144	128	114	109	181	131	168	146	198	195	146	176	102	139	160	159	196	197	182	185	176	171	100	146	
153	198	119	131	115	190	174	103	164	124	103	157	146	130	105	114	144	184	150	129	123	103	155	145	116	108	154	100	
DEPOTS_TO_LOCAL_TURN_MATRIX
178	126	146	128	158	183	190	116	126	192	172	152	137	169	101	103	186	134	100	184	199	137	130	160	148	113	140	150	
190	122	146	177	107	160	134	134	144	117	200	115	100	117	136	198	195	141	170	172	149	199	100	106	150	116	118	145	
128	132	121	164	118	122	113	190	140	127	154	100	157	125	125	177	168	177	140	143	137	115	194	100	128	167	115	155	
LOCAL_TO_DEPOT_TURN_MATRIX
122	174	154	172	142	117	110	184	174	108	128	148	163	131	199	197	114	166	100	116	101	163	170	140	152	187	160	150	
110	178	154	123	193	140	166	166	156	183	100	185	200	183	164	102	105	159	130	128	151	101	100	194	150	184	182	155	
172	168	179	136	182	178	187	110	160	173	146	200	143	175	175	123	132	123	160	157	163	185	106	100	172	133	185	145	

