INDEX_PROBLEM
1
PATIENTS
800
STRETCHERS
16
NUM_ROOM
28
NUM_DEPOT
3
NUM_PRIORITY
4
PRIORITY_LIST
0	1	2	3	4
PRIORITY_WEIGHT
0	1	10	18	30
PRIORITY_JOB
0	2	3	2	3	4	3	4	3	1	3	4	3	3	4	3	4	4	2	3	3	4	3	4	4	1	2	4	3	4	3	4	2	3	4	4	3	4	3	3	4	2	4	4	3	4	3	4	2	3	4	3	4	4	3	4	3	1	2	3	1	2	1	1	1	1	3	4	2	4	4	3	4	1	3	1	2	2	1	2	1	2	4	4	3	3	4	3	4	1	2	3	2	1	2	1	2	2	4	4	3	3	4	3	4	1	2	3	2	2	1	2	1	3	4	2	3	4	4	3	4	1	1	3	4	1	1	2	2	2	3	1	3	4	3	3	4	3	3	1	4	1	2	1	2	4	2	3	4	3	3	4	3	2	1	4	1	2	1	2	2	4	2	3	4	4	3	4	3	2	4	2	1	1	2	1	1	1	3	1	3	4	4	4	3	4	2	1	3	2	2	1	1	2	1	3	4	3	3	4	3	4	1	2	2	1	2	1	2	4	3	2	4	3	3	4	3	4	2	1	2	1	2	2	1	4	3	4	2	3	4	4	3	4	3	1	3	1	1	1	2	2	4	2	3	3	4	3	3	4	1	3	1	1	1	2	2	4	2	3	3	4	3	3	4	1	4	1	1	2	1	2	2	2	4	4	3	4	3	4	4	1	2	3	2	2	1	1	2	1	1	3	1	3	3	4	3	4	4	2	1	2	1	2	1	2	3	4	1	3	3	4	3	3	4	1	2	1	2	1	2	4	2	3	4	3	3	4	3	1	2	1	2	1	2	1	1	4	4	2	3	4	3	4	3	4	4	2	3	1	1	2	2	1	1	3	4	3	4	3	3	4	2	3	1	1	1	2	2	3	4	4	3	4	3	3	4	2	3	1	1	2	1	2	2	1	2	4	3	4	3	4	4	1	4	2	3	2	1	1	2	1	2	3	1	1	3	4	3	3	4	2	2	1	1	2	4	1	1	3	4	3	4	4	3	1	3	1	2	1	2	1	2	4	2	3	4	3	3	4	3	1	2	4	2	1	2	2	1	1	4	2	4	3	4	4	3	3	4	2	1	1	1	2	1	3	2	3	4	3	4	3	4	4	2	3	1	2	1	2	1	3	4	4	3	4	3	3	2	2	3	4	1	1	2	2	1	1	2	4	3	4	3	4	1	4	2	3	2	2	1	1	1	1	4	2	3	3	4	4	2	3	1	2	1	1	2	3	4	2	3	1	3	4	4	3	1	3	4	1	2	2	1	1	2	2	3	4	4	3	3	4	1	2	1	2	1	2	2	1	3	4	2	3	4	3	4	4	3	4	2	3	1	1	1	2	1	2	3	4	4	3	4	3	4	2	3	1	1	1	2	1	2	3	4	2	4	3	4	3	3	3	4	1	1	2	1	2	2	1	2	4	4	3	4	3	4	2	3	4	1	2	1	1	2	1	2	4	2	3	4	4	3	3	4	1	1	2	1	1	2	2	3	1	3	3	4	4	3	4	1	2	1	2	1	2	1	3	1	2	4	3	3	4	3	4	1	4	2	2	1	2	1	2	3	4	4	3	4	3	4	2	2	1	3	2	1	2	2	4	2	3	4	3	3	4	4	1	1	3	4	1	1	1	2	4	2	3	3	4	3	3	4	1	1	2	2	1	2	1	2	4	4	2	3	4	3	4	3	3	1	2	2	1	2	1	2	4	2	3	4	4	4	3	4	1	2	3	1	2	1	1	2	1	1	3	4	1	2	1	2	1	2	3	1	2	2	1	2	1	4	1	1	2	1	2	1	2	4	2	1	1	1	2	2	2	1	3	1	1	2	2	1	1	4	2	4	2	1	2	2
TIME_ASKED
0	28849	28898	28947	28996	29045	29094	29149	29198	29247	29296	29345	29394	29429	29458	29487	29516	29545	29574	29603	29632	29661	29690	29742	29784	29826	29868	29910	29952	29994	30029	30058	30087	30116	30145	30174	30203	30232	30261	30290	30329	30358	30387	30416	30445	30474	30503	30532	30561	30590	30621	30642	30663	30684	30705	30726	30747	30768	30789	30810	30831	30852	30873	30894	30949	30998	31047	31096	31145	31194	31227	31254	31281	31308	31335	31362	31389	31416	31443	31470	31497	31524	31548	31572	31596	31620	31644	31668	31692	31716	31740	31764	31788	31837	31874	31911	31948	31985	32022	32059	32096	32159	32218	32277	32336	32395	32419	32438	32457	32476	32495	32514	32533	32552	32571	32590	32609	32628	32647	32666	32685	32759	32818	32877	32936	32995	33027	33054	33081	33108	33135	33162	33189	33216	33243	33270	33297	33333	33366	33399	33432	33465	33498	33531	33564	33597	33616	33632	33648	33664	33680	33696	33712	33728	33744	33760	33776	33792	33808	33824	33840	33856	33872	33888	33933	33966	33999	34032	34065	34098	34131	34164	34197	34242	34284	34326	34368	34410	34452	34494	34533	34566	34599	34632	34665	34698	34731	34764	34797	34827	34854	34881	34908	34935	34962	34989	35016	35043	35070	35097	35137	35174	35211	35248	35285	35322	35359	35396	35433	35466	35499	35532	35565	35598	35631	35664	35697	35723	35746	35769	35792	35815	35838	35861	35884	35907	35930	35953	35976	35999	36023	36046	36069	36092	36115	36138	36161	36184	36207	36230	36253	36276	36299	36327	36354	36381	36408	36435	36462	36489	36516	36543	36570	36597	36619	36638	36657	36676	36695	36714	36733	36752	36771	36790	36809	36828	36847	36866	36885	36949	36998	37047	37096	37145	37194	37259	37318	37377	37436	37495	37549	37598	37647	37696	37745	37794	37827	37854	37881	37908	37935	37962	37989	38016	38043	38070	38097	38123	38146	38169	38192	38215	38238	38261	38284	38307	38330	38353	38376	38399	38419	38438	38457	38476	38495	38514	38533	38552	38571	38590	38609	38628	38647	38666	38685	38742	38784	38826	38868	38910	38952	38994	39029	39058	39087	39116	39145	39174	39203	39232	39261	39290	39349	39398	39447	39496	39545	39594	39633	39666	39699	39732	39765	39798	39831	39864	39897	39937	39974	40011	40048	40085	40122	40159	40196	40242	40284	40326	40368	40410	40452	40494	40542	40584	40626	40668	40710	40752	40794	40849	40898	40947	40996	41045	41094	41133	41166	41199	41232	41265	41298	41331	41364	41397	41423	41446	41469	41492	41515	41538	41561	41584	41607	41630	41653	41676	41699	41749	41798	41847	41896	41945	41994	42099	42198	42297	42342	42384	42426	42468	42510	42552	42594	42699	42798	42897	42923	42946	42969	42992	43015	43038	43061	43084	43107	43130	43153	43176	43199	43237	43274	43311	43348	43385	43422	43459	43496	43549	43598	43647	43696	43745	43794	43899	43998	44097	44159	44218	44277	44336	44395	44459	44518	44577	44636	44695	44799	44898	44997	45033	45066	45099	45132	45165	45198	45231	45264	45297	45337	45374	45411	45448	45485	45522	45559	45596	45637	45674	45711	45748	45785	45822	45859	45896	45959	46018	46077	46136	46195	46249	46298	46347	46396	46445	46494	46537	46574	46611	46648	46685	46722	46759	46796	46821	46842	46863	46884	46905	46926	46947	46968	46989	47010	47031	47052	47073	47094	47199	47298	47397	47437	47474	47511	47548	47585	47622	47659	47696	47737	47774	47811	47848	47885	47922	47959	47996	48049	48098	48147	48196	48245	48294	48324	48348	48372	48396	48420	48444	48468	48492	48516	48540	48564	48588	48627	48654	48681	48708	48735	48762	48789	48816	48843	48870	48897	48937	48974	49011	49048	49085	49122	49159	49196	49233	49266	49299	49332	49365	49398	49431	49464	49497	49537	49574	49611	49648	49685	49722	49759	49796	49827	49854	49881	49908	49935	49962	49989	50016	50043	50070	50097	50149	50198	50247	50296	50345	50394	50424	50448	50472	50496	50520	50544	50568	50592	50616	50640	50664	50688	50737	50774	50811	50848	50885	50922	50959	50996	51027	51054	51081	51108	51135	51162	51189	51216	51243	51270	51297	51324	51348	51372	51396	51420	51444	51468	51492	51516	51540	51564	51588	51637	51674	51711	51748	51785	51822	51859	51896	51933	51966	51999	52032	52065	52098	52131	52164	52197	52259	52318	52377	52436	52495	52517	52534	52551	52568	52585	52602	52619	52636	52653	52670	52687	52704	52721	52738	52755	52772	52789	52859	52918	52977	53036	53095	53137	53174	53211	53248	53285	53322	53359	53396	53459	53518	53577	53636	53695	53733	53766	53799	53832	53865	53898	53931	53964	53997	54027	54054	54081	54108	54135	54162	54189	54216	54243	54270	54297	54374	54448	54522	54596	54627	54654	54681	54708	54735	54762	54789	54816	54843	54870	54897	55049	55198	55237	55274	55311	55348	55385	55422	55459	55496	55574	55648	55722	55796	55827	55854	55881	55908	55935	55962	55989	56016	56043	56070	56097	56399	56499	56598	56697	56733	56766	56799	56832	56865	56898	56931	56964	56997	57049	57098	57147	57196	57245	57294	57359	57418	57477	57536	57595
ORIGIN
26	16	6	25	25	7	27	23	14	25	23	26	14	14	14	2	3	14	14	14	3	4	26	16	14	14	16	9	9	14	27	7	13	9	14	14	11	2	23	26	26	2	14	20	20	2	14	14	27	6	27	18	7	27	20	8	27	14	10	2	14	23	2	26	26	14	23	14	14	24	15	23	14	14	7	9	26	14	3	14	9	14	23	14	14	23	14	7	16	14	7	5	5	15	14	1	3	5	18	26	27	20	8	1	8	7	17	27	27	20	2	14	14	14	14	4	24	19	4	27	23	16	3	19	26	2	14	27	26	26	10	2	23	14	2	14	16	14	27	4	9	9	27	16	13	14	16	27	1	11	1	13	13	13	27	14	2	14	14	14	14	4	27	24	15	4	8	16	8	16	4	26	14	22	14	18	1	5	14	23	12	24	24	14	1	23	5	14	14	26	4	14	14	1	1	20	11	14	23	9	7	7	16	16	24	15	14	7	7	7	1	14	4	27	16	5	14	27	23	23	14	14	14	14	14	23	23	25	2	23	14	3	26	14	16	27	11	11	2	25	23	27	14	8	27	14	2	23	14	14	23	23	15	9	27	14	13	13	23	7	26	4	8	26	13	13	23	26	14	2	14	14	3	18	27	3	23	13	3	23	3	27	14	14	14	1	25	14	14	26	14	14	23	14	23	23	10	3	3	23	2	20	14	1	3	1	4	27	16	5	23	16	7	5	1	20	3	14	14	3	7	26	1	14	13	2	20	14	3	9	27	14	1	7	14	3	14	7	1	23	8	1	23	10	26	14	12	16	26	8	1	27	14	14	14	16	5	26	16	23	14	4	16	14	14	14	27	16	20	14	23	4	2	23	4	3	20	27	7	4	14	14	26	14	13	17	18	27	1	23	10	1	14	3	2	27	14	14	27	14	14	11	11	27	14	26	11	3	14	14	4	12	3	14	27	10	27	4	14	16	23	14	3	24	14	4	11	14	14	1	14	14	7	23	20	23	23	10	23	23	14	2	14	14	14	27	14	14	3	27	27	23	16	6	27	19	7	27	22	12	4	12	14	26	23	14	4	3	14	3	23	14	14	14	3	16	4	14	1	26	14	15	7	20	9	26	14	11	26	27	17	7	27	14	27	27	14	14	3	27	5	27	18	7	2	20	14	27	14	17	2	22	3	2	20	2	3	12	14	4	24	15	26	25	14	4	26	26	3	26	26	2	1	14	11	2	23	12	4	20	7	14	14	26	15	9	23	27	20	10	7	27	20	27	7	23	14	2	27	20	7	2	16	1	23	14	4	14	15	4	27	22	14	11	26	14	14	14	3	1	23	3	2	23	27	3	14	14	23	4	15	14	14	11	2	26	26	7	27	20	2	23	1	14	11	14	20	2	20	14	23	23	14	3	24	14	4	27	8	3	3	26	14	8	14	14	2	3	14	2	23	12	14	26	26	14	27	14	14	27	23	2	2	23	1	26	19	8	27	3	3	3	14	20	2	14	14	1	2	14	3	24	14	4	14	1	1	26	26	14	2	26	14	14	1	10	1	23	12	2	23	27	8	8	8	14	27	11	15	3	16	23	27	19	7	27	22	1	1	14	14	14	22	14	2	24	14	3	16	14	4	20	2	24	26	14	14	1	26	14	4	23	9	1	23	4	26	23	8	27	14	14	14	27	11	14	1	23	6	3	18	7	27	21	14	14	23	2	2	22	23	2	19	14	3	2	7	4	25	16	27	25	16	16	16	26	14	14	24	9	1	14	14	2	23	13	14	14	14	27	14	3	1	14	3	5	27	18	7	27	20	8	23	17	10	1	23	23	2	7	16
DESTINATION
3	14	17	14	14	23	2	26	3	14	27	14	4	25	16	27	26	25	9	9	26	14	3	14	9	9	16	14	14	2	23	13	7	14	5	5	15	14	1	3	3	27	26	7	7	27	20	8	23	17	2	27	20	2	14	14	23	16	14	14	25	7	27	23	3	26	3	26	26	2	14	27	26	26	20	14	3	4	26	16	14	4	27	9	9	27	16	13	16	9	13	14	14	11	2	23	26	14	27	14	2	14	14	14	14	20	6	18	18	7	27	20	8	26	26	14	2	22	14	18	1	14	23	22	14	24	15	23	14	14	14	14	4	26	14	5	14	1	23	14	14	14	23	14	7	5	16	2	24	15	14	7	7	7	18	26	27	20	8	1	8	14	23	2	14	14	14	14	14	16	14	14	4	19	4	27	23	14	16	27	11	2	2	25	23	27	14	10	2	14	23	2	16	14	14	14	15	9	27	14	13	13	16	16	1	11	1	13	13	13	23	26	14	2	14	14	3	18	27	27	15	4	8	16	8	27	27	14	14	1	25	14	14	26	14	23	12	12	24	14	1	23	5	14	2	20	14	1	3	1	4	4	11	14	23	9	7	7	1	20	3	14	14	3	7	7	1	14	4	27	16	5	14	27	23	14	1	7	14	3	14	23	1	25	2	23	14	3	26	14	16	16	26	8	1	27	14	14	14	1	27	14	2	23	14	14	23	23	14	14	27	16	20	14	23	7	26	4	8	26	13	3	23	4	7	14	14	26	14	17	18	3	23	13	3	23	3	13	14	27	14	14	27	14	14	4	11	14	23	14	23	23	10	3	3	14	14	3	14	27	10	14	14	16	5	5	23	16	7	5	1	14	14	1	14	14	7	23	20	14	2	20	14	3	7	9	27	23	14	27	14	14	3	26	27	23	8	1	23	10	26	12	12	2	4	3	12	14	26	4	14	11	26	16	23	14	23	14	16	14	1	4	14	1	26	14	15	4	2	23	4	3	20	27	7	1	27	14	27	27	2	14	3	1	1	23	10	1	14	2	2	27	14	17	2	22	23	2	2	11	14	11	3	14	27	4	14	26	25	14	4	26	3	26	26	14	14	3	24	14	4	11	20	7	14	14	26	15	14	23	9	20	23	10	23	23	2	2	14	23	14	2	27	20	14	7	2	23	16	6	27	19	14	27	7	22	14	11	26	14	2	14	14	14	3	23	14	14	14	14	3	14	14	4	15	14	7	11	14	7	20	9	26	14	11	17	1	2	11	14	20	2	14	2	20	27	5	27	18	7	20	14	14	23	3	26	14	8	14	14	2	2	3	12	14	4	26	15	26	14	27	14	14	27	23	26	2	2	27	14	11	1	2	12	27	3	14	20	2	14	14	27	23	20	20	10	7	27	7	16	1	1	26	14	2	26	14	23	14	23	23	14	4	14	15	4	27	14	8	14	27	11	15	3	3	1	23	3	2	23	27	14	14	1	14	14	22	14	2	26	26	26	26	7	27	20	2	23	24	26	14	1	26	14	4	23	23	14	14	3	24	14	4	8	23	14	14	27	11	14	1	2	14	14	14	2	23	12	14	26	14	27	2	22	23	2	19	23	23	1	26	26	19	8	27	2	25	14	16	26	14	14	24	2	14	3	3	24	14	4	14	1	14	14	27	14	3	1	14	2	10	10	1	23	12	2	23	27	17	26	27	23	2	7	16	16	27	27	27	19	7	27	22	25	14	24	20	14	14	14	2	14	14	16	16	14	4	20	2	14	14	9	9	14	27	7	9	1	26	23	4	26	23	8	26	14	2	27	20	2	14	14	27	6	14	14	7	7	27	21	14
DUE_DATE
0	30427	29996	30525	30094	29603	30192	29707	30296	31545	30394	29903	30492	30527	30016	30585	30074	30103	31152	30701	30730	30219	30788	30300	30342	32124	31446	30468	31050	30552	31127	30616	31665	31214	30703	30732	31301	30790	31359	31388	30887	31936	30945	30974	31543	31032	31601	31090	32139	31688	31179	31740	31221	31242	31803	31284	31845	33066	32367	31908	33129	32430	33171	33192	33247	33296	32145	31654	32723	31752	31785	32352	31839	33606	32433	33660	32967	32994	33741	33048	33795	33102	32106	32130	32694	32718	32202	32766	32250	34014	33318	32862	33366	34135	33452	34209	33526	33563	32580	32617	33194	33257	32776	33375	32894	34693	33997	33536	34035	34054	34793	34092	34831	33650	33129	34168	33707	33186	33205	33764	33243	35057	35116	33975	33494	35293	35325	34632	34659	34686	34233	35460	34287	33774	34341	34368	33855	34431	34464	35697	33990	35763	35076	35829	35142	34155	35194	34730	34206	34762	34778	34254	34810	35306	36042	34318	36074	35370	36106	35402	35418	34414	35450	34986	34491	34524	35097	34590	35163	35676	34689	35742	36495	36540	35862	36624	36666	36708	35550	36792	35631	35124	35157	35190	35763	35256	36309	37062	35895	36405	36432	37179	37206	36513	37260	36087	35574	36141	36168	35655	36235	35732	37509	36826	36863	37620	36937	37694	37011	36024	36597	37110	36123	36696	36729	36222	36795	36281	37324	38067	37370	38113	37416	37439	38182	36465	37028	36511	37554	37097	36581	36604	37167	36650	37213	38436	37259	38482	38505	38528	37831	37854	36857	37905	37452	37479	36966	37533	37560	37047	38814	37641	38868	38895	38917	38216	38235	37234	38273	37812	37831	37310	37869	37888	37367	39126	37405	39164	39183	38527	39296	38625	38674	38723	37752	37817	38416	37935	38534	38053	38107	39896	39225	38794	39323	39372	40125	40152	39459	40206	40233	39060	40287	39114	39141	38628	39195	38681	38704	39747	40490	39793	40536	39839	40582	39885	39428	38911	40674	39497	39517	38996	39555	39574	39053	40812	40111	40850	40149	40888	40187	39186	40225	39764	39243	39840	39882	39384	39966	41208	40530	41292	40607	41356	40665	41414	41443	39732	39761	40810	40359	39848	40447	39956	40545	40054	40103	41172	40731	41964	41997	41310	41343	42096	42129	40962	40455	41035	40532	41109	41146	40643	41700	41257	42494	42540	42582	41904	41946	41508	41010	41052	41640	41142	41724	41766	41268	42330	41892	43147	43196	42525	43294	42623	42672	43431	42744	41757	42330	41823	42396	41889	41922	43695	41981	43024	42567	43070	43813	43836	43139	43882	43185	42728	43951	43974	42797	42307	42896	42945	42454	43523	43572	44397	44496	43875	42900	44682	44724	43566	43068	43650	43152	43257	43896	45195	44021	45244	44547	45290	44593	45336	44639	43642	44685	44228	43711	44274	44297	43795	44372	45609	44926	43943	45000	45757	45074	45127	45896	45945	44254	45323	44352	44997	44556	44655	45257	45316	44835	45914	46693	46757	46816	46155	46934	45793	46377	45996	45555	46131	45624	46197	45690	45723	46776	46329	47562	46875	47635	46952	47709	46546	46043	46080	46657	46154	46735	46772	47289	47326	46883	46380	48157	48194	47537	47596	48375	48434	47773	46807	47396	46905	47494	47003	48792	47095	48152	47709	48226	48263	49020	49057	49094	49119	47400	48441	47982	48003	47484	47505	48546	48087	49308	48609	49350	49371	48672	48297	47856	48975	48535	49772	48609	48106	48143	48720	49957	48794	48295	50072	49389	49426	50183	50220	49537	49574	49147	48656	48705	49294	49343	48852	50622	49926	50670	49974	50718	50022	50046	50790	49614	49098	50142	49686	49185	49752	49239	49266	49833	49320	50367	49914	51141	51168	51195	50515	51272	50589	50146	49643	49680	50257	49754	50331	49824	50877	50430	51663	51696	51729	51042	51795	51115	50672	50169	51226	50243	50820	50317	50894	50925	50952	50439	52206	52233	51540	52287	51594	51621	52368	51675	50707	50756	51345	50854	51443	50952	52002	51546	51030	52794	52098	52842	52866	52170	52914	52218	51222	52266	51835	51332	51369	51946	51983	51480	53257	53294	52605	53352	53379	52686	52713	52260	53487	52314	52341	51828	51855	52422	51906	53670	52974	53718	53022	53766	53070	53814	52638	53862	53166	52195	52772	52809	52306	52883	52380	54157	52454	53511	53544	54297	53610	54363	53676	53229	52722	52755	53357	52876	53475	52994	54073	54095	54832	53649	54146	54883	54180	54197	53194	54231	53768	53245	53802	53819	53296	53313	55070	55087	53957	53476	55275	55334	55393	54715	53732	54789	54346	54383	53880	54457	54494	54017	55816	55875	55214	55273	56031	55344	56097	55410	54423	54456	55509	55062	54555	55125	54612	55179	55206	56433	55740	55767	56514	55821	56568	55875	54932	56026	55620	55154	55185	55212	55779	55266	57033	56340	55887	57114	56421	57168	57195	56627	57496	57535	56372	55869	57646	56963	57720	57037	57794	57152	56746	58020	57374	57405	58152	57459	58206	56493	58260	58287	57594	58341	57648	58395	57977	57057	58176	58995	59031	59064	58377	58410	58443	59196	58029	59262	59295	58627	58676	59445	59494	57803	58872	57917	58996	59775	59114	59173
TRANSPORT_MODE
0	2	1	1	0	0	0	0	2	1	1	2	0	0	0	0	0	1	1	2	0	0	0	0	0	1	1	2	0	0	0	0	1	1	1	0	0	0	0	0	0	2	1	2	0	0	0	0	1	1	1	0	0	0	0	0	0	3	1	1	0	0	0	0	0	1	2	1	1	0	0	0	0	3	1	1	0	0	0	0	0	2	1	1	0	0	0	0	0	3	1	1	0	0	0	0	0	1	2	1	0	0	0	0	0	3	1	1	0	0	0	0	0	0	1	2	1	0	0	0	0	1	3	1	1	0	0	0	0	1	2	1	0	0	0	0	0	0	1	3	1	0	0	0	0	1	2	1	0	0	0	0	0	1	3	1	0	0	0	0	0	1	2	1	0	0	0	0	0	0	1	1	3	0	0	0	0	0	1	1	2	1	0	0	0	0	1	3	1	0	0	0	0	0	1	1	2	0	0	0	0	1	3	1	0	0	0	0	0	0	1	1	2	0	0	0	0	1	1	3	0	0	0	0	0	0	1	1	1	0	0	0	0	0	2	1	1	3	0	0	0	0	1	1	2	0	0	0	0	0	1	1	3	0	0	0	0	1	1	2	0	0	0	0	0	0	1	1	3	0	0	0	0	1	1	2	0	0	0	0	0	0	1	1	1	0	0	0	0	0	3	1	1	2	0	0	0	0	1	1	3	0	0	0	0	0	1	1	1	0	0	0	0	1	1	3	0	0	0	0	0	0	1	1	1	0	0	0	0	2	1	3	0	0	0	0	0	0	1	1	1	0	0	0	0	0	2	1	1	3	0	0	0	0	1	1	1	0	0	0	0	0	2	1	1	0	0	0	0	1	1	2	0	0	0	0	0	1	1	1	0	0	0	0	0	3	1	1	0	0	0	0	0	0	2	1	1	0	0	0	0	3	1	1	0	1	0	0	0	2	1	1	0	0	0	0	0	0	3	1	1	0	0	0	0	1	1	3	0	0	0	0	0	1	1	1	0	0	0	0	0	2	1	1	0	0	0	0	0	3	1	1	0	0	0	0	0	2	1	1	3	0	0	0	0	1	1	1	0	0	0	0	0	2	1	1	0	0	0	0	1	1	2	0	0	0	0	0	0	1	1	1	0	0	0	0	3	1	1	0	0	0	0	0	0	2	1	1	0	0	0	0	0	3	1	1	2	0	0	0	1	1	3	0	0	0	0	0	1	1	1	2	0	0	0	0	0	1	1	3	0	0	0	0	0	1	1	1	0	0	0	0	2	1	3	0	0	0	0	0	0	1	1	1	0	0	0	0	0	2	1	1	3	0	0	0	0	1	1	2	0	0	0	0	0	1	1	3	1	0	0	0	0	1	1	2	0	0	0	0	0	1	1	3	0	0	0	0	0	1	1	2	0	0	0	0	0	1	1	1	0	0	0	0	0	3	1	1	2	0	0	0	0	1	1	3	0	0	0	0	0	1	1	2	1	0	0	0	0	1	3	1	0	0	0	0	0	1	1	2	0	0	0	0	0	1	3	1	0	0	0	0	0	1	1	2	0	0	0	0	0	1	1	3	1	0	0	0	0	1	2	1	0	0	0	0	0	1	3	1	1	0	0	0	0	1	2	1	0	0	0	0	0	1	3	1	0	0	0	0	0	1	2	1	0	0	0	0	0	1	3	1	0	0	0	0	0	1	2	1	1	0	0	0	0	3	1	1	0	0	0	0	0	1	3	1	1	0	0	0	0	3	1	1	0	0	0	0	0	3	1	1	0	0	0	0	3	1	1	0	0	0	0	0	0	1	3	1	0	0	0	0	0	3	1	1	1	0	0	0	0
PATIENT_WEIGHT
53	94	113	62	62	127	137	111	132	38	64	146	64	92	79	81	102	109	60	130	43	135	60	81	98	33	147	72	79	104	88	133	62	73	97	127	32	39	142	34	94	122	44	36	110	53	32	117	70	55	79	34	73	47	80	138	76	131	75	116	141	47	127	62	34	145	80	42	133	116	137	122	63	91	55	149	72	129	82	121	59	145	71	34	52	106	138	77	109	62	116	92	39	109	110	54	34	43	131	141	80	129	45	54	106	63	100	92	91	126	119	140	80	69	126	128	140	128	116	96	92	96	50	132	117	94	134	108	57	49	146	54	97	129	50	59	140	76	74	137	121	35	47	101	146	68	86	36	137	34	80	60	141	83	36	95	102	132	79	78	82	113	99	131	116	62	72	145	46	150	44	49	62	127	131	35	119	85	113	77	33	121	107	106	64	81	104	95	109	94	32	84	99	36	147	79	96	47	130	98	101	119	50	137	148	77	92	141	70	59	134	77	100	150	108	39	66	64	129	30	76	146	35	116	65	106	33	98	73	102	100	48	136	79	47	146	134	81	112	48	125	133	137	98	116	60	76	77	132	30	150	148	138	91	117	88	137	105	52	78	145	46	135	96	63	57	141	76	118	79	99	138	86	90	139	118	32	99	138	89	118	76	132	138	126	70	139	50	89	35	45	56	107	121	118	133	61	148	90	129	64	52	119	69	102	70	149	65	31	114	102	108	64	55	37	42	53	140	104	88	96	37	32	150	35	127	138	126	78	130	103	51	143	70	82	144	120	121	57	84	78	128	139	135	52	69	96	59	146	53	37	133	72	98	33	41	58	36	101	73	113	56	111	44	54	43	60	97	54	132	84	87	85	41	143	122	31	62	44	65	36	126	30	147	83	129	67	37	79	143	60	138	129	76	40	39	42	48	125	64	75	138	121	92	116	56	41	125	143	40	66	145	92	30	96	120	68	90	78	135	58	149	73	128	51	46	108	74	100	112	102	94	92	82	74	51	100	72	118	137	84	38	36	72	110	142	47	145	31	147	49	39	91	130	52	30	59	139	104	52	143	85	43	122	131	51	86	79	124	110	44	63	52	82	47	34	129	51	94	45	147	94	34	120	91	39	50	120	143	146	108	36	125	96	119	53	107	43	46	31	99	60	100	78	42	141	115	149	88	54	142	94	80	126	109	79	30	126	137	35	75	106	33	41	102	69	58	102	85	95	140	97	46	77	139	39	44	109	94	96	54	130	35	110	90	71	121	69	68	111	53	112	124	59	53	113	108	57	80	77	48	115	118	146	54	92	75	70	49	118	150	116	132	112	120	137	82	98	119	43	33	82	147	115	139	120	149	139	56	56	85	130	121	146	52	88	58	53	41	134	109	69	57	94	69	85	111	134	49	73	72	32	57	130	71	103	78	134	95	116	109	129	57	132	63	30	140	62	146	60	83	74	134	110	145	40	149	89	78	140	137	99	110	48	98	80	129	90	31	62	58	73	31	116	141	45	146	65	82	59	48	129	68	120	127	101	91	30	84	102	48	127	130	135	133	129	106	69	130	57	80	86	51	49	124	111	90	133	73	86	113	135	129	80	144	63	84	111	121	104	142	105	89	111	98	149	74	141	102	141	76	89	120	142	123	64	94	138	115	89	129	93	133	41	99	120	112	90	118	80	116	72	127	36	100	71	60	109	137	61	66	142	76	139	30	32	57	123	41	75	118	118	47	63	136	135	84	124	147	63	55	75	82	134	54	124	105	141	97	42	146	115	106	101	118	122	36	83	128	49	127	38	59	81	145	44	127	76	112	127	96	129	33	51	118	42	124	33	40	43	148
DISTANCE_MATRIX
0	360	318	300	288	276	264	264	150	150	150	60	90	90	162	168	204	228	234	312	360	408	348	318	168	192	168	318
360	60	264	318	324	342	342	342	348	348	354	360	372	378	378	420	420	480	462	498	462	462	384	420	372	420	378	378
318	264	60	270	276	288	288	288	294	294	294	318	318	324	324	414	414	468	462	486	462	462	330	366	366	408	372	324
300	318	270	60	276	288	288	288	288	288	288	300	300	312	318	408	408	468	462	486	438	438	318	360	360	402	360	312
288	324	276	276	60	276	276	276	276	276	276	288	288	300	300	402	396	462	456	480	432	432	300	360	360	402	348	300
276	342	288	288	276	60	180	180	252	258	264	264	264	288	288	390	390	456	450	480	432	432	288	348	348	348	288	288
264	342	288	288	276	180	60	180	246	258	264	264	264	288	288	390	390	456	450	480	432	432	288	348	348	348	288	288
264	342	288	288	276	180	180	60	240	258	264	264	264	288	288	390	390	456	450	480	432	432	288	348	348	348	288	288
150	348	294	288	276	252	246	240	60	120	120	150	126	270	270	378	384	420	438	480	420	408	276	300	300	300	276	270
150	348	294	288	276	258	258	258	120	60	120	150	150	270	270	378	384	420	438	480	420	408	276	300	300	300	276	270
150	354	294	288	276	264	264	264	120	120	60	150	150	270	270	378	384	420	438	480	420	408	276	300	300	300	276	270
60	360	318	300	288	264	264	264	150	150	150	60	90	162	168	228	234	312	360	408	348	318	168	192	192	198	168	162
90	372	318	300	288	264	264	264	150	150	150	90	60	162	168	228	234	312	360	408	348	318	168	192	192	198	168	162
90	378	324	312	300	288	288	288	270	270	270	162	162	60	120	180	180	306	210	360	300	300	120	180	120	180	120	234
162	378	324	318	300	288	288	288	270	270	270	168	168	120	60	180	180	306	210	360	300	300	120	180	120	180	120	120
168	420	414	408	402	348	348	348	300	300	300	228	228	180	180	60	132	204	132	348	258	258	186	60	180	132	222	180
204	420	414	408	396	390	390	390	384	384	384	234	234	180	180	132	60	204	132	348	258	258	186	60	180	132	222	180
228	480	468	468	462	456	456	456	420	420	420	312	312	306	306	204	204	60	198	120	240	240	306	204	306	138	306	306
234	462	462	462	456	450	450	450	438	438	438	360	360	210	210	132	132	198	60	138	132	132	210	132	210	132	210	210
312	498	486	486	480	480	480	480	480	480	480	408	408	360	360	348	348	120	138	60	348	348	360	348	360	348	360	360
360	462	462	438	432	432	432	432	420	420	420	348	348	300	300	258	258	240	132	348	60	60	300	258	300	258	300	300
408	462	462	438	432	432	432	432	408	408	408	318	318	300	300	258	258	240	132	348	60	60	300	258	300	258	300	300
348	384	330	318	300	288	288	288	276	276	276	168	168	120	120	186	186	306	210	360	300	300	60	186	120	186	120	120
318	420	366	360	360	348	348	348	300	300	300	192	192	180	180	60	60	204	132	348	258	258	186	60	180	60	180	180
168	372	300	306	300	288	288	288	270	270	270	168	168	120	120	180	180	306	210	360	300	300	120	180	60	180	120	120
192	420	408	402	402	348	348	348	300	300	300	198	198	180	180	132	132	138	132	348	258	258	186	60	180	60	180	180
168	378	372	360	348	288	288	288	276	276	276	168	168	120	120	222	222	306	210	360	300	300	120	180	120	180	60	120
318	378	324	312	300	288	288	288	270	270	270	162	162	234	120	180	180	306	210	360	300	300	120	180	120	180	120	60
DEPOTS_DISTANCE
234	462	462	462	456	450	450	450	438	438	438	360	360	210	210	132	132	198	60	138	132	132	210	132	210	132	210	210	
348	384	330	318	300	288	288	288	276	276	276	168	168	120	120	186	186	306	210	360	300	300	60	186	120	186	120	120	
318	420	366	360	360	348	348	348	300	300	300	192	192	180	180	60	60	204	132	348	258	258	186	60	180	60	180	180	
LOCATION_TURN_MATRIX
100	130	122	113	112	199	136	122	129	152	173	146	151	136	158	140	176	113	122	167	194	134	110	172	114	184	100	147	
170	100	154	188	164	169	136	136	152	170	104	183	155	115	101	104	155	187	174	115	149	134	178	168	114	135	168	102	
178	146	100	161	178	114	104	165	117	139	126	169	192	109	120	179	160	152	154	134	113	140	154	179	196	196	192	181	
187	112	139	100	158	114	195	181	104	132	195	106	183	169	132	170	140	136	172	148	116	110	123	136	151	120	176	169	
188	136	122	142	100	175	164	159	112	100	167	164	135	191	132	181	104	123	142	156	108	117	193	182	116	147	156	185	
101	131	186	186	125	100	190	147	164	150	137	102	145	176	185	131	113	108	117	186	118	151	140	178	154	189	172	110	
164	164	196	105	136	110	100	186	153	151	183	193	111	157	144	123	188	142	110	163	105	190	166	187	170	171	186	126	
178	164	135	119	141	153	114	100	106	130	108	103	151	178	122	151	130	133	184	177	110	141	166	110	122	174	191	197	
171	148	183	196	188	136	147	194	100	167	100	146	168	129	128	142	172	118	174	147	105	158	156	160	120	106	119	136	
148	130	161	168	200	150	149	170	133	100	177	106	175	116	188	180	176	194	108	146	130	187	183	173	128	141	169	176	
127	196	174	105	133	163	117	192	200	123	100	171	175	140	183	115	104	186	128	153	151	175	100	146	191	117	132	197	
154	117	131	194	136	198	107	197	154	194	129	100	136	184	140	147	172	184	148	131	103	156	185	200	152	158	154	143	
149	145	108	117	165	155	189	149	132	125	125	164	100	140	199	142	101	144	163	185	117	191	200	143	113	165	102	154	
164	185	191	131	109	124	143	122	171	184	160	116	160	100	109	116	196	113	131	186	166	139	183	175	144	161	105	170	
142	199	180	168	168	115	156	178	172	112	117	160	101	191	100	147	177	177	199	158	172	188	164	175	180	168	154	195	
160	196	121	130	119	169	177	149	158	120	185	153	158	184	153	100	152	159	197	157	181	159	102	123	168	200	124	186	
124	145	140	160	196	187	112	170	128	124	196	128	199	104	123	148	100	149	114	112	117	135	105	132	138	180	198	156	
187	113	148	164	177	192	158	167	182	106	114	116	156	187	123	141	151	100	166	132	168	163	159	123	129	173	161	116	
178	126	146	128	158	183	190	116	126	192	172	152	137	169	101	103	186	134	100	184	199	137	130	160	148	113	140	150	
133	185	166	152	144	114	137	123	153	154	147	169	115	114	142	143	188	168	116	100	111	195	128	157	191	164	141	171	
106	151	187	184	192	182	195	190	195	170	149	197	183	134	128	119	183	132	101	189	100	129	151	163	147	166	104	177	
166	166	160	190	183	149	110	159	142	113	125	144	109	161	112	141	165	137	163	105	171	100	101	185	169	129	103	197	
190	122	146	177	107	160	134	134	144	117	200	115	100	117	136	198	195	141	170	172	149	199	100	106	150	116	118	145	
128	132	121	164	118	122	113	190	140	127	154	100	157	125	125	177	168	177	140	143	137	115	194	100	128	167	115	155	
186	186	104	149	184	146	130	178	180	172	109	148	187	156	120	132	162	171	152	109	153	131	150	172	100	155	124	184	
116	165	104	180	153	111	129	126	194	159	183	142	135	139	132	100	120	127	187	136	134	171	184	133	145	100	129	192	
200	132	108	124	144	128	114	109	181	131	168	146	198	195	146	176	102	139	160	159	196	197	182	185	176	171	100	146	
153	198	119	131	115	190	174	103	164	124	103	157	146	130	105	114	144	184	150	129	123	103	155	145	116	108	154	100	
DEPOTS_TO_LOCAL_TURN_MATRIX
178	126	146	128	158	183	190	116	126	192	172	152	137	169	101	103	186	134	100	184	199	137	130	160	148	113	140	150	
190	122	146	177	107	160	134	134	144	117	200	115	100	117	136	198	195	141	170	172	149	199	100	106	150	116	118	145	
128	132	121	164	118	122	113	190	140	127	154	100	157	125	125	177	168	177	140	143	137	115	194	100	128	167	115	155	
LOCAL_TO_DEPOT_TURN_MATRIX
122	174	154	172	142	117	110	184	174	108	128	148	163	131	199	197	114	166	100	116	101	163	170	140	152	187	160	150	
110	178	154	123	193	140	166	166	156	183	100	185	200	183	164	102	105	159	130	128	151	101	100	194	150	184	182	155	
172	168	179	136	182	178	187	110	160	173	146	200	143	175	175	123	132	123	160	157	163	185	106	100	172	133	185	145	

