INDEX_PROBLEM
1
PATIENTS
800
STRETCHERS
16
NUM_ROOM
28
NUM_DEPOT
3
NUM_PRIORITY
4
PRIORITY_LIST
0	1	2	3	4
PRIORITY_WEIGHT
0	1	10	18	30
PRIORITY_JOB
0	2	4	1	3	4	3	4	3	4	2	3	4	4	4	4	3	4	3	3	4	4	3	4	4	2	3	3	4	4	3	4	4	2	4	4	3	4	3	4	2	3	4	4	4	4	3	4	2	4	1	4	3	4	3	4	4	1	3	4	1	1	2	2	2	3	4	4	3	4	3	4	1	1	3	1	2	1	2	1	4	2	3	4	3	4	4	4	1	4	2	2	3	1	2	3	4	2	3	4	3	4	4	4	1	1	2	4	2	1	2	1	2	4	1	3	4	3	4	4	3	4	1	2	1	2	3	1	3	4	1	4	3	4	4	2	3	1	4	1	2	3	1	2	2	3	4	3	4	4	4	3	2	1	4	2	1	2	3	1	4	3	4	2	4	4	4	3	4	4	4	1	1	2	1	2	1	3	2	3	4	3	4	4	4	1	1	2	1	2	3	3	3	4	2	4	3	4	4	4	3	1	4	1	2	1	2	3	2	4	4	2	3	4	4	4	1	3	1	4	2	3	1	1	2	2	4	1	4	3	4	4	3	3	1	4	1	2	1	2	2	3	4	4	4	3	4	1	1	1	3	2	1	2	3	1	4	2	3	3	4	4	4	3	4	2	1	4	2	1	2	3	2	3	4	4	4	4	4	3	4	2	4	4	1	1	2	1	1	3	4	4	3	4	4	3	2	1	3	2	1	2	1	2	1	3	4	4	3	4	4	4	2	3	1	3	1	2	1	2	4	2	4	2	3	4	4	4	3	1	4	3	1	2	1	1	4	2	4	1	4	3	4	4	2	3	4	1	1	2	1	2	3	2	4	4	3	4	4	3	1	1	3	1	2	1	2	1	4	2	3	4	3	4	4	4	4	2	1	4	2	3	1	2	3	2	3	4	4	4	4	4	3	2	4	1	3	3	1	1	1	1	4	4	2	4	2	3	4	4	1	4	2	1	2	1	3	1	3	4	4	4	3	4	4	2	1	3	2	1	2	1	2	4	3	4	2	4	3	4	4	3	1	4	3	1	2	3	1	2	4	4	1	4	3	4	4	3	3	1	2	2	2	1	1	4	4	1	4	4	3	4	2	3	1	4	2	1	2	1	2	2	3	4	3	4	4	4	3	3	1	4	2	1	2	3	1	3	4	2	4	4	4	4	3	4	4	1	2	3	2	3	1	2	4	2	4	4	3	4	3	4	4	1	1	1	2	1	2	3	4	2	3	4	4	4	3	3	1	4	1	2	2	1	2	3	4	2	3	4	4	4	4	1	4	2	1	2	3	1	2	1	4	2	3	4	3	4	4	3	1	2	4	2	2	1	2	1	1	3	4	4	3	4	4	1	2	3	2	1	2	1	2	4	3	4	3	4	4	4	3	1	2	3	4	3	1	2	1	4	2	4	4	4	4	3	4	4	1	2	3	2	2	3	1	2	4	4	1	3	4	3	4	4	1	3	4	2	1	2	1	2	3	1	3	4	4	4	3	4	3	4	2	1	2	1	2	2	3	4	4	4	4	3	4	1	2	4	1	2	3	1	2	2	3	4	2	4	3	4	3	1	1	4	4	2	2	1	2	1	3	1	4	4	3	4	1	2	3	4	2	1	2	1	2	3	4	2	3	4	4	3	4	1	3	4	3	1	2	1	2	2	4	4	4	4	3	4	4	1	2	3	2	3	1	2	1	4	4	1	3	4	3	4	4	1	3	1	2	1	2	1	2	4	2	1	3	1	2	1	3	4	3	2	1	2	3	1	1	4	2	2	2	1	1	2	1	3	4	1	2	3	1	2	1	1	2	4	2	2	1	2	3	1	3	4	1	2	3	1	2
TIME_ASKED
0	28849	28898	28947	28996	29045	29094	29149	29198	29247	29296	29345	29394	29429	29458	29487	29516	29545	29574	29603	29632	29661	29690	29742	29784	29826	29868	29910	29952	29994	30029	30058	30087	30116	30145	30174	30203	30232	30261	30290	30329	30358	30387	30416	30445	30474	30503	30532	30561	30590	30621	30642	30663	30684	30705	30726	30747	30768	30789	30810	30831	30852	30873	30894	30949	30998	31047	31096	31145	31194	31227	31254	31281	31308	31335	31362	31389	31416	31443	31470	31497	31524	31548	31572	31596	31620	31644	31668	31692	31716	31740	31764	31788	31837	31874	31911	31948	31985	32022	32059	32096	32159	32218	32277	32336	32395	32419	32438	32457	32476	32495	32514	32533	32552	32571	32590	32609	32628	32647	32666	32685	32759	32818	32877	32936	32995	33027	33054	33081	33108	33135	33162	33189	33216	33243	33270	33297	33333	33366	33399	33432	33465	33498	33531	33564	33597	33616	33632	33648	33664	33680	33696	33712	33728	33744	33760	33776	33792	33808	33824	33840	33856	33872	33888	33933	33966	33999	34032	34065	34098	34131	34164	34197	34242	34284	34326	34368	34410	34452	34494	34533	34566	34599	34632	34665	34698	34731	34764	34797	34827	34854	34881	34908	34935	34962	34989	35016	35043	35070	35097	35137	35174	35211	35248	35285	35322	35359	35396	35433	35466	35499	35532	35565	35598	35631	35664	35697	35723	35746	35769	35792	35815	35838	35861	35884	35907	35930	35953	35976	35999	36023	36046	36069	36092	36115	36138	36161	36184	36207	36230	36253	36276	36299	36327	36354	36381	36408	36435	36462	36489	36516	36543	36570	36597	36619	36638	36657	36676	36695	36714	36733	36752	36771	36790	36809	36828	36847	36866	36885	36949	36998	37047	37096	37145	37194	37259	37318	37377	37436	37495	37549	37598	37647	37696	37745	37794	37827	37854	37881	37908	37935	37962	37989	38016	38043	38070	38097	38123	38146	38169	38192	38215	38238	38261	38284	38307	38330	38353	38376	38399	38419	38438	38457	38476	38495	38514	38533	38552	38571	38590	38609	38628	38647	38666	38685	38742	38784	38826	38868	38910	38952	38994	39029	39058	39087	39116	39145	39174	39203	39232	39261	39290	39349	39398	39447	39496	39545	39594	39633	39666	39699	39732	39765	39798	39831	39864	39897	39937	39974	40011	40048	40085	40122	40159	40196	40242	40284	40326	40368	40410	40452	40494	40542	40584	40626	40668	40710	40752	40794	40849	40898	40947	40996	41045	41094	41133	41166	41199	41232	41265	41298	41331	41364	41397	41423	41446	41469	41492	41515	41538	41561	41584	41607	41630	41653	41676	41699	41749	41798	41847	41896	41945	41994	42099	42198	42297	42342	42384	42426	42468	42510	42552	42594	42699	42798	42897	42923	42946	42969	42992	43015	43038	43061	43084	43107	43130	43153	43176	43199	43237	43274	43311	43348	43385	43422	43459	43496	43549	43598	43647	43696	43745	43794	43899	43998	44097	44159	44218	44277	44336	44395	44459	44518	44577	44636	44695	44799	44898	44997	45033	45066	45099	45132	45165	45198	45231	45264	45297	45337	45374	45411	45448	45485	45522	45559	45596	45637	45674	45711	45748	45785	45822	45859	45896	45959	46018	46077	46136	46195	46249	46298	46347	46396	46445	46494	46537	46574	46611	46648	46685	46722	46759	46796	46821	46842	46863	46884	46905	46926	46947	46968	46989	47010	47031	47052	47073	47094	47199	47298	47397	47437	47474	47511	47548	47585	47622	47659	47696	47737	47774	47811	47848	47885	47922	47959	47996	48049	48098	48147	48196	48245	48294	48324	48348	48372	48396	48420	48444	48468	48492	48516	48540	48564	48588	48627	48654	48681	48708	48735	48762	48789	48816	48843	48870	48897	48937	48974	49011	49048	49085	49122	49159	49196	49233	49266	49299	49332	49365	49398	49431	49464	49497	49537	49574	49611	49648	49685	49722	49759	49796	49827	49854	49881	49908	49935	49962	49989	50016	50043	50070	50097	50149	50198	50247	50296	50345	50394	50424	50448	50472	50496	50520	50544	50568	50592	50616	50640	50664	50688	50737	50774	50811	50848	50885	50922	50959	50996	51027	51054	51081	51108	51135	51162	51189	51216	51243	51270	51297	51324	51348	51372	51396	51420	51444	51468	51492	51516	51540	51564	51588	51637	51674	51711	51748	51785	51822	51859	51896	51933	51966	51999	52032	52065	52098	52131	52164	52197	52259	52318	52377	52436	52495	52517	52534	52551	52568	52585	52602	52619	52636	52653	52670	52687	52704	52721	52738	52755	52772	52789	52859	52918	52977	53036	53095	53137	53174	53211	53248	53285	53322	53359	53396	53459	53518	53577	53636	53695	53733	53766	53799	53832	53865	53898	53931	53964	53997	54027	54054	54081	54108	54135	54162	54189	54216	54243	54270	54297	54374	54448	54522	54596	54627	54654	54681	54708	54735	54762	54789	54816	54843	54870	54897	55049	55198	55237	55274	55311	55348	55385	55422	55459	55496	55574	55648	55722	55796	55827	55854	55881	55908	55935	55962	55989	56016	56043	56070	56097	56399	56499	56598	56697	56733	56766	56799	56832	56865	56898	56931	56964	56997	57049	57098	57147	57196	57245	57294	57359	57418	57477	57536	57595
ORIGIN
26	16	6	27	25	7	27	23	27	25	23	14	14	14	14	4	3	14	2	14	3	4	26	16	2	14	16	9	9	14	27	7	13	9	14	14	11	2	23	26	14	14	14	20	2	14	14	27	27	6	27	18	7	27	20	8	8	14	10	2	14	23	2	26	23	14	23	27	14	24	15	23	27	27	7	9	26	14	3	14	14	14	23	14	14	23	14	9	7	14	7	5	15	14	1	3	3	20	18	26	7	20	8	1	14	23	17	27	27	20	2	14	14	14	14	4	24	19	4	27	23	14	27	26	23	26	2	14	3	3	10	2	14	14	2	27	16	16	4	9	9	27	16	14	9	9	16	27	14	11	1	13	26	7	7	14	20	14	14	14	20	20	27	24	15	4	8	16	8	14	26	26	2	22	14	18	1	14	14	23	12	24	24	14	1	26	26	14	9	26	14	5	14	14	1	20	11	23	23	9	16	14	16	2	5	15	14	7	3	7	2	14	4	20	16	5	7	14	23	7	14	14	14	14	14	26	26	25	2	23	14	3	26	14	16	16	11	2	2	25	23	23	26	8	27	14	2	14	16	16	20	14	15	27	27	14	16	16	13	7	26	27	8	26	13	23	27	26	14	14	14	14	14	26	14	3	23	13	3	23	13	27	27	27	14	1	25	14	14	26	26	14	23	14	5	23	10	1	5	14	2	20	14	14	1	1	7	27	16	5	23	16	14	7	16	20	3	2	14	3	7	1	14	14	13	2	16	14	3	3	23	14	1	7	14	3	7	23	23	9	8	1	23	10	7	14	12	14	16	26	8	14	27	14	14	16	5	23	16	23	14	14	14	23	14	14	27	16	26	13	13	4	2	7	4	3	20	27	26	23	7	14	14	26	14	17	27	27	1	23	10	1	14	14	14	27	14	14	14	27	14	4	11	4	14	26	3	3	1	14	5	14	14	27	14	27	10	1	1	16	23	14	5	24	14	14	7	14	14	14	13	14	14	14	14	20	23	10	2	23	14	27	23	14	14	27	14	14	3	9	3	23	16	6	27	19	7	27	22	12	3	14	3	14	14	4	14	3	14	3	23	14	14	4	14	14	1	4	14	1	26	26	13	20	9	26	14	11	26	27	7	13	27	14	14	27	26	18	14	27	5	27	18	7	2	20	14	27	17	2	17	2	22	23	2	2	3	3	14	4	24	15	26	1	14	25	14	4	26	14	16	2	1	20	11	2	23	12	7	14	14	14	26	15	14	23	7	20	20	10	7	27	20	1	23	14	14	2	27	20	14	2	2	1	23	14	4	14	15	4	22	22	14	14	26	14	2	14	4	1	3	3	2	23	27	14	14	14	14	7	15	14	7	1	14	26	1	7	27	20	2	13	7	11	11	14	20	2	14	3	23	23	14	3	24	14	4	27	23	14	26	26	14	8	14	14	14	3	14	2	23	12	14	14	14	14	26	14	14	27	23	2	2	23	1	14	19	8	27	4	4	3	23	20	2	14	14	27	23	14	20	24	14	4	14	14	1	26	26	14	2	26	14	23	23	10	1	23	12	2	23	23	15	14	8	14	27	11	15	4	16	3	27	19	7	27	4	1	22	14	14	4	22	14	2	26	14	3	16	14	4	20	2	23	26	14	11	1	26	14	4	23	9	1	23	4	26	23	8	27	14	14	27	27	11	14	1	1	6	12	18	7	27	21	14	14	23	2	2	22	23	2	24	14	3	1	25	4	25	16	3	3	16	16	26	14	14	14	24	9	1	14	14	2	23	13	1	14	14	27	14	3	1	14	7	5	27	18	7	27	20	8	23	23	10	1	27	23	2	7	4
DESTINATION
3	14	17	2	14	23	2	26	2	14	27	25	4	25	16	14	26	25	24	9	26	14	3	14	24	9	16	14	14	2	23	13	7	14	5	5	15	14	1	3	5	5	26	7	27	20	8	23	23	17	2	27	20	2	14	14	14	16	14	14	25	7	27	23	27	26	3	23	26	2	14	27	23	23	20	14	3	4	26	16	16	4	27	9	9	27	16	14	13	9	13	14	11	2	23	26	26	7	27	14	20	14	14	14	8	27	6	18	18	7	27	20	8	15	26	14	2	22	14	18	1	2	23	14	27	14	24	15	26	26	14	14	9	26	14	23	14	14	14	14	14	23	14	9	14	14	16	2	5	15	14	7	3	20	20	26	7	20	8	1	7	7	23	2	14	14	14	14	14	26	14	14	24	19	4	27	23	16	16	27	11	2	2	25	23	3	3	2	14	14	2	14	16	16	14	14	15	27	27	14	16	9	16	27	14	11	1	13	26	13	27	26	14	14	14	14	20	16	27	20	15	4	8	16	8	14	14	14	14	1	25	14	14	26	14	14	12	24	24	14	1	1	14	14	2	20	14	5	14	14	7	20	11	23	23	9	16	16	7	20	3	2	14	3	7	1	2	14	4	20	16	5	5	3	26	14	1	7	14	3	7	23	23	23	2	23	14	3	26	14	14	16	26	8	14	27	14	23	14	8	27	14	2	26	23	14	20	23	14	14	27	16	26	13	16	7	26	27	8	26	13	23	26	4	7	14	14	26	14	26	27	3	23	13	3	23	13	27	27	14	14	14	27	14	13	4	11	26	14	23	14	5	23	5	5	14	14	27	14	27	5	1	1	27	16	5	23	16	14	7	7	14	14	13	14	14	7	23	14	1	13	2	16	14	3	9	23	23	14	27	14	14	3	3	1	23	8	8	1	23	10	14	12	14	4	3	14	14	14	4	14	16	5	23	16	23	14	14	14	14	1	4	14	1	26	26	13	2	4	2	7	4	3	4	4	7	27	14	14	27	26	18	27	1	1	23	10	1	14	17	14	27	14	17	2	22	23	2	2	11	26	4	26	3	1	14	1	26	25	14	4	26	10	14	1	16	23	14	5	24	14	14	7	7	14	14	26	15	14	23	20	7	23	10	2	23	14	27	1	23	14	2	27	20	14	7	2	23	6	27	6	27	19	7	22	22	14	14	26	14	2	14	3	14	3	14	3	23	14	4	14	14	14	7	15	14	7	11	13	26	9	26	14	11	26	27	13	7	11	14	20	2	14	14	27	5	5	27	18	7	2	27	14	23	3	26	14	8	14	14	2	2	3	3	14	4	24	15	14	14	26	14	14	27	23	16	16	2	1	20	11	2	23	23	4	3	23	20	2	14	14	7	20	20	20	10	7	27	20	14	1	1	26	14	2	26	14	23	1	2	14	14	4	14	15	4	15	14	4	14	27	11	15	4	4	1	3	3	2	23	27	22	14	1	14	4	22	14	2	14	14	26	1	7	27	20	2	23	1	26	11	1	26	14	4	3	23	14	14	3	24	14	4	27	3	14	14	27	11	14	1	27	14	3	14	2	23	12	14	14	14	26	2	22	23	2	14	23	2	1	1	14	19	8	27	3	25	14	16	26	14	14	24	27	14	3	20	24	14	4	14	1	14	14	27	14	3	1	14	23	10	10	23	23	12	2	23	23	17	11	27	23	2	7	4	4	27	27	27	19	7	27	2	25	14	14	14	14	14	14	26	26	14	16	14	4	20	4	2	14	14	9	9	14	27	7	23	1	26	23	4	26	23	8	20	14	2	27	20	2	14	14	27	1	14	14	18	7	27	21	14
DUE_DATE
0	30427	29456	31245	30094	29603	30192	29707	30296	29805	30874	30443	29952	29987	30016	30045	30614	30103	30672	30701	30190	30219	30788	30300	30342	31404	30966	31008	30510	30552	31127	30616	30645	31694	30703	30732	31301	30790	31359	30848	31907	31456	30945	30974	31003	31032	31601	31090	32139	31148	32919	31200	31761	31242	31803	31284	31305	33066	31887	31368	33129	33150	32451	32472	32527	32096	31605	31654	32243	31752	32325	31812	33579	33606	32433	33660	32967	33714	33021	33768	32055	33102	32646	32130	32694	32178	32202	32226	33990	32274	33318	33342	32886	34135	33452	33009	32506	33563	33120	32617	33194	32717	32776	32835	34634	34693	33997	32996	34035	34774	34073	34812	34111	33110	34869	33688	33167	33726	33205	33224	33783	33317	35116	34455	35234	34573	34125	35352	34179	33666	35433	33720	34287	33774	33801	34848	34395	35631	33924	35697	35010	34563	35796	35109	35142	34695	34174	34730	34206	34222	34238	34794	35290	36026	34302	35338	36074	35370	34906	36122	34398	34954	34430	35466	34491	34524	34557	35130	34623	34656	34689	36462	36495	35820	36582	35904	36666	35508	36030	35592	35091	35664	35157	35190	35223	36996	37029	36342	37095	36405	35952	35979	36006	35493	36540	35547	36114	35601	35628	35655	36235	37472	35769	37546	36863	37620	36937	36494	37011	36024	36057	37110	36663	36156	36189	36222	37995	36821	38044	36327	37370	36913	38136	38159	37462	37485	36488	38251	36534	37097	36581	36604	37167	37190	38413	36696	38459	37762	38505	37808	37831	37374	36857	36885	36912	37479	36966	38733	38760	38787	37614	38121	38868	38175	37717	38936	37215	38254	37793	37812	37291	37310	37329	37888	37367	38406	39145	37424	38463	39247	38576	38145	38674	38243	37752	37817	37876	37935	37994	38593	38107	39176	38205	38254	40043	40092	39405	40152	40179	39006	38493	38520	39087	38574	38601	39168	39675	40421	39244	39747	40490	39793	40536	39839	40582	39405	38888	38911	39474	38957	38977	38996	40035	39574	40793	39612	40831	40130	40869	40168	39167	40206	39205	40244	39783	39300	39342	39384	39966	41208	39510	40092	41327	40636	41385	41414	39703	40752	39761	41530	39819	40388	39907	39956	41025	40594	40103	41892	41931	41244	41997	41310	40863	41376	40389	40422	40995	40495	40532	41109	42346	42383	41220	42457	41774	42540	41862	42624	40926	41988	41550	41052	41640	41142	41184	41226	41268	42330	43092	41407	42476	42045	43294	42623	42192	42711	42264	41757	41790	41823	41856	41889	42462	42975	41981	43744	42567	42590	43813	43836	43859	43882	42165	42188	43231	42234	43277	42847	42356	42405	44194	42503	43572	44397	43776	44595	43440	44682	43524	43026	43068	43110	43692	43257	43356	44475	45221	44044	44547	45290	44593	45336	44639	43642	44205	43688	44731	43734	44297	43795	43832	44409	45646	43943	44520	45757	45074	44647	45896	45225	44254	44303	46092	44457	45096	44655	44717	45316	45375	46634	45973	46037	46096	46875	46934	45253	45357	47196	45555	45591	46164	45657	46710	46263	47496	45789	46842	47595	46915	47672	46989	47026	46583	46080	46657	46154	46195	46232	46809	46846	48083	46380	47437	48194	47537	47116	48375	47234	46753	47827	46856	46905	46954	47003	47592	47095	47132	48909	48226	47783	48300	47857	49094	48399	47400	48441	47442	47463	48024	47505	48066	47547	47568	49329	49350	49371	48672	49497	48876	48495	47995	49052	48609	48106	48143	48180	48757	48794	50035	48332	50109	49426	49463	50220	49537	49094	48607	49676	49245	48754	48803	48852	48882	50646	48930	49974	50718	50022	49566	50790	50094	50838	49122	50166	49725	49212	49779	49266	49293	49860	51087	50394	49401	50448	50475	51235	50552	51309	51346	50183	49680	49717	50294	49791	49824	51597	50910	50463	50976	51729	51042	51795	51115	50132	50709	50206	50783	50280	50317	50354	50925	52152	51459	51006	50493	51060	52287	51594	52341	50628	51675	50707	50756	50805	50854	51443	50952	50982	52746	52050	51594	52098	52122	51666	52890	52194	51198	51222	52986	51835	51332	51909	51406	51443	53220	52057	51554	52605	53352	52659	53406	52713	52260	53487	52314	51801	51828	51855	52422	51906	52470	51954	52998	53742	53046	53790	53094	53118	52662	52146	52195	52232	52269	52846	52343	54120	53437	52454	54231	53544	53097	54330	53643	53676	53229	52722	53775	52817	53416	52935	53534	54793	54815	53092	53109	54146	54163	54900	54197	54934	53751	54968	53245	53262	53819	53296	55053	54350	53887	53417	54496	55275	54614	55393	54715	54272	53769	54826	54383	53880	53917	54494	54017	55816	54675	54194	54793	56031	55344	56097	55410	55443	54456	54489	54522	54555	55125	54612	54639	56406	55713	55260	55767	55314	56541	55848	56595	54932	55006	56820	55694	55185	55752	55239	55266	57033	55860	57087	56394	57141	56448	57195	56627	55756	56815	57572	56409	57646	56963	57720	56557	56054	56672	57226	58020	57374	56925	58152	58179	56466	57513	57540	57567	58314	58341	57648	58395	57497	57057	58896	58275	57831	59064	58377	59130	59163	58476	57489	58542	58575	59347	58676	58245	59494	58343	57852	59657	58996	58575	59834	59173
TRANSPORT_MODE
0	2	1	2	0	0	0	0	1	1	2	0	0	0	0	0	1	1	2	0	0	0	0	0	1	1	1	0	0	0	0	0	2	1	1	0	0	0	0	0	2	1	1	1	0	0	0	0	2	1	1	0	0	0	0	0	0	3	1	1	0	0	0	0	2	1	1	0	0	0	0	0	3	1	1	0	0	0	0	0	2	1	1	0	0	0	0	0	3	1	1	0	0	0	0	0	1	2	1	1	0	0	0	0	0	3	1	1	0	0	0	0	0	1	1	1	0	0	0	0	0	1	3	1	0	0	0	0	1	2	1	0	0	0	0	0	1	3	1	0	0	0	0	0	1	2	1	0	0	0	0	0	1	3	1	1	0	0	0	0	0	1	2	1	0	0	0	0	0	1	1	1	0	0	0	0	0	1	2	1	0	0	0	0	1	3	1	0	0	0	0	0	1	2	1	0	0	0	0	0	1	3	1	0	0	0	0	0	1	1	2	1	0	0	0	0	0	1	3	1	0	0	0	0	0	1	1	1	0	0	0	0	0	1	3	1	0	0	0	0	1	2	1	0	0	0	0	0	1	3	1	0	0	0	0	0	1	2	1	0	0	0	0	0	1	1	3	1	0	0	0	0	1	2	1	0	0	0	0	0	0	1	1	1	0	0	0	0	1	1	2	0	0	0	0	0	1	3	1	0	0	0	0	0	1	2	1	0	0	0	0	0	1	1	3	0	0	0	0	0	1	1	2	1	0	0	0	0	1	3	1	0	0	0	0	0	1	1	2	1	0	0	0	0	0	1	1	3	0	0	0	0	0	1	2	1	0	0	0	0	1	3	1	0	0	0	0	0	1	1	2	0	0	0	0	0	1	1	3	1	0	0	0	0	0	1	2	1	0	0	0	0	0	1	1	3	1	0	0	0	0	1	2	0	1	0	0	0	0	1	3	1	0	0	0	0	0	1	2	1	0	0	0	0	0	1	3	1	0	0	0	0	0	1	1	2	1	0	0	0	0	1	3	1	0	0	0	0	0	1	1	2	1	0	0	0	0	0	1	3	1	0	0	0	0	1	2	1	0	0	0	0	0	1	3	1	0	0	0	0	0	1	2	1	0	0	0	0	0	1	3	1	1	0	0	0	0	1	2	1	0	0	0	0	0	0	1	3	1	1	0	0	0	0	1	2	1	0	0	0	0	0	1	3	1	0	0	0	0	1	2	1	0	0	0	0	0	1	3	1	0	0	0	0	0	1	2	1	1	0	0	0	0	3	1	1	0	0	0	0	0	0	1	2	1	1	0	0	0	0	3	1	1	0	0	0	0	0	2	1	1	0	0	0	0	3	1	1	0	0	0	0	0	2	1	1	0	0	0	0	0	3	1	1	1	0	0	0	0	2	1	1	0	0	0	0	0	0	3	1	1	1	0	0	0	0	2	1	3	0	0	0	0	0	1	1	2	0	0	0	0	1	1	3	0	0	0	0	0	1	1	1	0	0	0	0	0	2	1	1	0	0	0	0	0	3	1	1	0	0	0	0	0	2	1	1	1	0	0	0	0	0	3	1	1	0	0	0	0	2	1	3	0	0	0	0	0	1	1	2	0	0	0	0	0	1	1	1	0	0	0	0	0	3	1	1	0	0	0	0	0	2	1	1	0	0	0	0	0	3	1	1	1	0	0	0	0	2	1	1	0	0	0	0	0	3	1	3	0	0	0	0	0	1	1	3	0	0	0	0	1	1	1	0	0	0	0	0	3	1	1	0	0	0	0	0	3	1	1	0	0	0	0	0	0	3	1	1	1	0	0	0	0	3	1	1	0	0	0	0	0
PATIENT_WEIGHT
45	46	101	142	56	47	84	63	86	72	134	143	148	86	33	98	135	116	145	30	68	102	118	65	133	73	47	39	51	42	100	69	100	149	147	130	96	60	111	138	148	71	57	146	130	52	82	42	39	40	78	91	99	108	136	113	93	47	142	100	67	87	97	98	64	42	79	129	52	52	134	100	58	71	130	83	59	135	82	74	147	140	62	87	82	34	125	140	45	51	89	48	140	31	142	119	84	74	65	91	143	101	38	110	122	99	97	121	67	134	97	112	72	108	149	57	126	68	78	87	110	87	37	80	91	124	99	115	45	59	34	104	57	107	138	31	40	64	36	65	37	130	145	71	135	86	134	72	117	122	137	94	38	31	50	94	146	55	106	133	92	98	72	76	97	137	42	65	149	76	137	85	68	42	96	44	38	54	99	135	77	60	38	72	69	98	70	149	58	36	57	81	149	126	88	90	145	130	142	52	53	64	66	73	70	58	32	112	80	110	78	56	47	95	129	55	68	96	87	88	52	36	141	67	103	62	49	59	66	76	142	59	71	121	67	57	114	110	65	121	64	40	71	120	149	133	60	87	101	43	112	59	139	83	109	117	130	87	146	87	122	93	64	55	72	46	57	135	83	49	93	90	92	117	49	106	60	110	68	71	78	58	112	85	63	32	111	126	133	104	52	126	135	124	51	121	39	40	84	149	115	115	46	72	98	117	94	74	127	125	101	72	74	85	94	58	73	114	137	64	73	118	30	82	40	45	126	80	51	41	121	113	50	113	147	84	35	91	149	62	145	45	125	132	36	106	141	80	42	70	95	32	146	38	147	49	129	103	44	149	69	58	74	43	146	99	120	55	82	123	80	58	123	39	72	128	48	121	93	71	62	120	128	45	45	48	115	122	71	150	83	94	86	119	62	150	137	110	33	130	47	60	43	87	91	133	82	33	149	143	149	79	47	107	87	137	69	63	65	138	117	113	88	72	85	106	79	99	30	133	59	36	120	94	140	133	117	120	95	58	44	93	97	108	73	90	50	126	49	134	115	64	144	102	108	136	112	110	54	104	105	64	56	87	102	57	96	106	115	100	37	54	91	30	87	43	42	110	49	88	94	140	148	105	45	116	123	130	31	132	62	34	88	59	78	120	81	82	39	133	77	78	102	67	138	93	93	113	75	90	98	120	107	54	124	47	147	94	88	134	64	86	92	78	43	32	58	104	55	70	121	92	31	122	83	107	95	97	70	47	94	85	80	115	121	111	118	143	137	129	101	74	64	87	94	62	58	51	102	150	125	44	56	44	106	147	96	70	119	74	81	97	122	53	130	128	102	82	138	45	47	87	101	36	64	31	76	31	74	115	52	74	130	128	67	124	110	70	124	40	114	115	36	56	129	36	113	60	112	47	142	148	57	145	63	85	98	60	80	122	45	106	106	133	58	65	134	135	149	134	106	79	78	59	126	109	49	77	67	60	149	61	112	134	65	119	46	144	117	44	35	40	98	83	85	89	33	105	80	141	63	45	69	114	79	91	121	86	38	42	70	140	71	42	31	68	52	68	119	95	71	116	71	101	82	99	33	122	118	106	34	56	143	150	142	141	113	132	117	112	140	37	61	122	127	36	149	115	111	116	34	111	82	44	63	135	46	104	82	99	111	47	71	124	67	45	101	128	138	90	90	83	67	85	79	53	80	66	85	71	39	121	133	150	112	45	58	39	95	146	91	76	120	46	104	116	70	44	120	141	122	87	44	150	75	97	136	48	51	104	95	95	75	149	60	111	84	84	65	66	46	121	113	39	50	140	77	45	118	149	35	143	106	106	67	53	30	102	33	129	137
DISTANCE_MATRIX
0	360	318	300	288	276	264	264	150	150	150	60	90	90	162	168	204	228	234	312	360	408	348	318	168	192	168	318
360	60	264	318	324	342	342	342	348	348	354	360	372	378	378	420	420	480	462	498	462	462	384	420	372	420	378	378
318	264	60	270	276	288	288	288	294	294	294	318	318	324	324	414	414	468	462	486	462	462	330	366	366	408	372	324
300	318	270	60	276	288	288	288	288	288	288	300	300	312	318	408	408	468	462	486	438	438	318	360	360	402	360	312
288	324	276	276	60	276	276	276	276	276	276	288	288	300	300	402	396	462	456	480	432	432	300	360	360	402	348	300
276	342	288	288	276	60	180	180	252	258	264	264	264	288	288	390	390	456	450	480	432	432	288	348	348	348	288	288
264	342	288	288	276	180	60	180	246	258	264	264	264	288	288	390	390	456	450	480	432	432	288	348	348	348	288	288
264	342	288	288	276	180	180	60	240	258	264	264	264	288	288	390	390	456	450	480	432	432	288	348	348	348	288	288
150	348	294	288	276	252	246	240	60	120	120	150	126	270	270	378	384	420	438	480	420	408	276	300	300	300	276	270
150	348	294	288	276	258	258	258	120	60	120	150	150	270	270	378	384	420	438	480	420	408	276	300	300	300	276	270
150	354	294	288	276	264	264	264	120	120	60	150	150	270	270	378	384	420	438	480	420	408	276	300	300	300	276	270
60	360	318	300	288	264	264	264	150	150	150	60	90	162	168	228	234	312	360	408	348	318	168	192	192	198	168	162
90	372	318	300	288	264	264	264	150	150	150	90	60	162	168	228	234	312	360	408	348	318	168	192	192	198	168	162
90	378	324	312	300	288	288	288	270	270	270	162	162	60	120	180	180	306	210	360	300	300	120	180	120	180	120	234
162	378	324	318	300	288	288	288	270	270	270	168	168	120	60	180	180	306	210	360	300	300	120	180	120	180	120	120
168	420	414	408	402	348	348	348	300	300	300	228	228	180	180	60	132	204	132	348	258	258	186	60	180	132	222	180
204	420	414	408	396	390	390	390	384	384	384	234	234	180	180	132	60	204	132	348	258	258	186	60	180	132	222	180
228	480	468	468	462	456	456	456	420	420	420	312	312	306	306	204	204	60	198	120	240	240	306	204	306	138	306	306
234	462	462	462	456	450	450	450	438	438	438	360	360	210	210	132	132	198	60	138	132	132	210	132	210	132	210	210
312	498	486	486	480	480	480	480	480	480	480	408	408	360	360	348	348	120	138	60	348	348	360	348	360	348	360	360
360	462	462	438	432	432	432	432	420	420	420	348	348	300	300	258	258	240	132	348	60	60	300	258	300	258	300	300
408	462	462	438	432	432	432	432	408	408	408	318	318	300	300	258	258	240	132	348	60	60	300	258	300	258	300	300
348	384	330	318	300	288	288	288	276	276	276	168	168	120	120	186	186	306	210	360	300	300	60	186	120	186	120	120
318	420	366	360	360	348	348	348	300	300	300	192	192	180	180	60	60	204	132	348	258	258	186	60	180	60	180	180
168	372	300	306	300	288	288	288	270	270	270	168	168	120	120	180	180	306	210	360	300	300	120	180	60	180	120	120
192	420	408	402	402	348	348	348	300	300	300	198	198	180	180	132	132	138	132	348	258	258	186	60	180	60	180	180
168	378	372	360	348	288	288	288	276	276	276	168	168	120	120	222	222	306	210	360	300	300	120	180	120	180	60	120
318	378	324	312	300	288	288	288	270	270	270	162	162	234	120	180	180	306	210	360	300	300	120	180	120	180	120	60
DEPOTS_DISTANCE
234	462	462	462	456	450	450	450	438	438	438	360	360	210	210	132	132	198	60	138	132	132	210	132	210	132	210	210	
348	384	330	318	300	288	288	288	276	276	276	168	168	120	120	186	186	306	210	360	300	300	60	186	120	186	120	120	
318	420	366	360	360	348	348	348	300	300	300	192	192	180	180	60	60	204	132	348	258	258	186	60	180	60	180	180	
LOCATION_TURN_MATRIX
100	130	122	113	112	199	136	122	129	152	173	146	151	136	158	140	176	113	122	167	194	134	110	172	114	184	100	147	
170	100	154	188	164	169	136	136	152	170	104	183	155	115	101	104	155	187	174	115	149	134	178	168	114	135	168	102	
178	146	100	161	178	114	104	165	117	139	126	169	192	109	120	179	160	152	154	134	113	140	154	179	196	196	192	181	
187	112	139	100	158	114	195	181	104	132	195	106	183	169	132	170	140	136	172	148	116	110	123	136	151	120	176	169	
188	136	122	142	100	175	164	159	112	100	167	164	135	191	132	181	104	123	142	156	108	117	193	182	116	147	156	185	
101	131	186	186	125	100	190	147	164	150	137	102	145	176	185	131	113	108	117	186	118	151	140	178	154	189	172	110	
164	164	196	105	136	110	100	186	153	151	183	193	111	157	144	123	188	142	110	163	105	190	166	187	170	171	186	126	
178	164	135	119	141	153	114	100	106	130	108	103	151	178	122	151	130	133	184	177	110	141	166	110	122	174	191	197	
171	148	183	196	188	136	147	194	100	167	100	146	168	129	128	142	172	118	174	147	105	158	156	160	120	106	119	136	
148	130	161	168	200	150	149	170	133	100	177	106	175	116	188	180	176	194	108	146	130	187	183	173	128	141	169	176	
127	196	174	105	133	163	117	192	200	123	100	171	175	140	183	115	104	186	128	153	151	175	100	146	191	117	132	197	
154	117	131	194	136	198	107	197	154	194	129	100	136	184	140	147	172	184	148	131	103	156	185	200	152	158	154	143	
149	145	108	117	165	155	189	149	132	125	125	164	100	140	199	142	101	144	163	185	117	191	200	143	113	165	102	154	
164	185	191	131	109	124	143	122	171	184	160	116	160	100	109	116	196	113	131	186	166	139	183	175	144	161	105	170	
142	199	180	168	168	115	156	178	172	112	117	160	101	191	100	147	177	177	199	158	172	188	164	175	180	168	154	195	
160	196	121	130	119	169	177	149	158	120	185	153	158	184	153	100	152	159	197	157	181	159	102	123	168	200	124	186	
124	145	140	160	196	187	112	170	128	124	196	128	199	104	123	148	100	149	114	112	117	135	105	132	138	180	198	156	
187	113	148	164	177	192	158	167	182	106	114	116	156	187	123	141	151	100	166	132	168	163	159	123	129	173	161	116	
178	126	146	128	158	183	190	116	126	192	172	152	137	169	101	103	186	134	100	184	199	137	130	160	148	113	140	150	
133	185	166	152	144	114	137	123	153	154	147	169	115	114	142	143	188	168	116	100	111	195	128	157	191	164	141	171	
106	151	187	184	192	182	195	190	195	170	149	197	183	134	128	119	183	132	101	189	100	129	151	163	147	166	104	177	
166	166	160	190	183	149	110	159	142	113	125	144	109	161	112	141	165	137	163	105	171	100	101	185	169	129	103	197	
190	122	146	177	107	160	134	134	144	117	200	115	100	117	136	198	195	141	170	172	149	199	100	106	150	116	118	145	
128	132	121	164	118	122	113	190	140	127	154	100	157	125	125	177	168	177	140	143	137	115	194	100	128	167	115	155	
186	186	104	149	184	146	130	178	180	172	109	148	187	156	120	132	162	171	152	109	153	131	150	172	100	155	124	184	
116	165	104	180	153	111	129	126	194	159	183	142	135	139	132	100	120	127	187	136	134	171	184	133	145	100	129	192	
200	132	108	124	144	128	114	109	181	131	168	146	198	195	146	176	102	139	160	159	196	197	182	185	176	171	100	146	
153	198	119	131	115	190	174	103	164	124	103	157	146	130	105	114	144	184	150	129	123	103	155	145	116	108	154	100	
DEPOTS_TO_LOCAL_TURN_MATRIX
178	126	146	128	158	183	190	116	126	192	172	152	137	169	101	103	186	134	100	184	199	137	130	160	148	113	140	150	
190	122	146	177	107	160	134	134	144	117	200	115	100	117	136	198	195	141	170	172	149	199	100	106	150	116	118	145	
128	132	121	164	118	122	113	190	140	127	154	100	157	125	125	177	168	177	140	143	137	115	194	100	128	167	115	155	
LOCAL_TO_DEPOT_TURN_MATRIX
122	174	154	172	142	117	110	184	174	108	128	148	163	131	199	197	114	166	100	116	101	163	170	140	152	187	160	150	
110	178	154	123	193	140	166	166	156	183	100	185	200	183	164	102	105	159	130	128	151	101	100	194	150	184	182	155	
172	168	179	136	182	178	187	110	160	173	146	200	143	175	175	123	132	123	160	157	163	185	106	100	172	133	185	145	

