INDEX_PROBLEM
1
PATIENTS
800
STRETCHERS
16
NUM_ROOM
28
NUM_DEPOT
3
NUM_PRIORITY
4
PRIORITY_LIST
0	1	2	3	4
PRIORITY_WEIGHT
0	1	10	18	30
PRIORITY_JOB
0	2	3	1	3	3	3	4	2	3	2	2	3	3	3	2	3	4	2	3	4	3	3	2	3	1	2	3	3	4	3	3	2	3	1	4	3	2	3	4	2	3	4	2	3	3	2	3	4	3	1	2	3	3	2	3	4	1	3	2	1	2	1	1	1	3	4	1	3	3	4	3	2	2	3	1	2	1	1	1	2	3	2	3	4	3	2	3	2	1	3	4	2	1	1	2	1	1	2	3	2	3	4	3	3	1	3	4	2	2	1	2	1	2	1	2	2	3	4	3	3	1	3	3	1	1	2	1	1	2	3	1	2	3	4	2	3	1	2	4	2	1	2	1	1	2	3	4	3	3	2	3	4	1	1	2	3	2	1	2	2	2	3	4	3	3	2	3	4	3	1	1	2	1	2	1	1	1	2	3	3	3	4	2	3	2	1	3	2	1	1	1	2	1	2	4	3	4	3	3	2	2	1	3	2	2	1	1	2	4	1	2	3	3	4	3	3	1	2	1	3	2	2	1	1	1	4	1	2	2	3	4	3	3	2	3	1	2	1	2	1	2	3	2	3	3	4	2	1	1	2	1	1	2	2	1	1	4	2	3	3	3	3	2	3	4	1	2	1	3	1	2	2	1	4	2	3	3	3	2	3	4	1	2	1	2	1	1	1	2	3	2	3	3	3	2	3	4	4	1	1	2	1	1	1	2	3	1	2	3	3	3	2	2	4	1	2	1	1	2	1	2	3	1	2	3	4	3	3	2	3	2	1	2	1	2	1	1	3	4	1	2	3	4	3	3	2	3	1	1	2	1	1	2	3	1	4	2	3	2	1	2	3	1	2	2	1	1	2	1	3	4	3	3	3	2	3	2	3	4	1	1	2	1	1	4	1	2	3	3	3	2	3	4	2	3	4	2	1	1	1	1	2	2	2	3	3	2	3	3	3	1	1	1	2	1	4	1	2	3	3	3	3	3	2	1	3	4	2	1	1	2	1	1	2	3	1	3	4	3	3	2	3	1	2	2	1	1	1	2	2	3	4	2	3	4	3	1	2	2	2	1	2	1	1	1	3	3	3	2	3	4	3	1	2	1	1	2	1	1	3	3	1	3	3	2	4	2	3	4	2	3	1	1	2	2	1	1	2	3	4	3	3	2	3	4	2	3	1	2	1	2	1	1	2	3	4	3	3	2	2	3	1	2	1	1	1	3	1	2	3	3	3	4	3	2	1	3	1	2	2	1	1	1	4	2	3	1	3	4	3	3	2	3	1	2	2	1	1	2	4	2	3	1	2	3	4	3	1	2	3	1	2	1	2	1	1	2	3	1	3	2	3	4	2	3	1	1	2	1	1	2	2	3	4	3	3	3	4	2	2	3	1	1	1	2	2	1	2	3	4	3	4	3	3	2	3	2	3	1	1	1	2	1	1	2	3	2	4	3	3	2	3	3	1	1	2	2	1	1	2	3	2	1	3	3	4	3	3	4	1	2	1	1	2	2	2	3	1	2	3	4	3	3	1	3	1	2	2	1	1	2	1	3	4	1	2	2	3	4	3	2	1	3	2	1	2	1	1	3	1	2	3	2	3	3	3	3	1	2	2	1	2	1	3	4	2	4	3	2	3	1	3	1	1	2	1	2	2	1	3	2	3	4	3	3	2	3	4	1	1	2	3	1	2	1	2	2	3	4	3	3	2	3	4	1	1	2	1	2	1	1	1	2	3	1	2	1	1	2	1	3	2	1	2	2	1	1	1	3	1	2	1	2	1	2	1	3	4	1	1	1	2	2	1	1	2	3	1	1	1	2	2	1	2	3	1	1	2	1	2
TIME_ASKED
0	28849	28898	28947	28996	29045	29094	29149	29198	29247	29296	29345	29394	29429	29458	29487	29516	29545	29574	29603	29632	29661	29690	29742	29784	29826	29868	29910	29952	29994	30029	30058	30087	30116	30145	30174	30203	30232	30261	30290	30329	30358	30387	30416	30445	30474	30503	30532	30561	30590	30621	30642	30663	30684	30705	30726	30747	30768	30789	30810	30831	30852	30873	30894	30949	30998	31047	31096	31145	31194	31227	31254	31281	31308	31335	31362	31389	31416	31443	31470	31497	31524	31548	31572	31596	31620	31644	31668	31692	31716	31740	31764	31788	31837	31874	31911	31948	31985	32022	32059	32096	32159	32218	32277	32336	32395	32419	32438	32457	32476	32495	32514	32533	32552	32571	32590	32609	32628	32647	32666	32685	32759	32818	32877	32936	32995	33027	33054	33081	33108	33135	33162	33189	33216	33243	33270	33297	33333	33366	33399	33432	33465	33498	33531	33564	33597	33616	33632	33648	33664	33680	33696	33712	33728	33744	33760	33776	33792	33808	33824	33840	33856	33872	33888	33933	33966	33999	34032	34065	34098	34131	34164	34197	34242	34284	34326	34368	34410	34452	34494	34533	34566	34599	34632	34665	34698	34731	34764	34797	34827	34854	34881	34908	34935	34962	34989	35016	35043	35070	35097	35137	35174	35211	35248	35285	35322	35359	35396	35433	35466	35499	35532	35565	35598	35631	35664	35697	35723	35746	35769	35792	35815	35838	35861	35884	35907	35930	35953	35976	35999	36023	36046	36069	36092	36115	36138	36161	36184	36207	36230	36253	36276	36299	36327	36354	36381	36408	36435	36462	36489	36516	36543	36570	36597	36619	36638	36657	36676	36695	36714	36733	36752	36771	36790	36809	36828	36847	36866	36885	36949	36998	37047	37096	37145	37194	37259	37318	37377	37436	37495	37549	37598	37647	37696	37745	37794	37827	37854	37881	37908	37935	37962	37989	38016	38043	38070	38097	38123	38146	38169	38192	38215	38238	38261	38284	38307	38330	38353	38376	38399	38419	38438	38457	38476	38495	38514	38533	38552	38571	38590	38609	38628	38647	38666	38685	38742	38784	38826	38868	38910	38952	38994	39029	39058	39087	39116	39145	39174	39203	39232	39261	39290	39349	39398	39447	39496	39545	39594	39633	39666	39699	39732	39765	39798	39831	39864	39897	39937	39974	40011	40048	40085	40122	40159	40196	40242	40284	40326	40368	40410	40452	40494	40542	40584	40626	40668	40710	40752	40794	40849	40898	40947	40996	41045	41094	41133	41166	41199	41232	41265	41298	41331	41364	41397	41423	41446	41469	41492	41515	41538	41561	41584	41607	41630	41653	41676	41699	41749	41798	41847	41896	41945	41994	42099	42198	42297	42342	42384	42426	42468	42510	42552	42594	42699	42798	42897	42923	42946	42969	42992	43015	43038	43061	43084	43107	43130	43153	43176	43199	43237	43274	43311	43348	43385	43422	43459	43496	43549	43598	43647	43696	43745	43794	43899	43998	44097	44159	44218	44277	44336	44395	44459	44518	44577	44636	44695	44799	44898	44997	45033	45066	45099	45132	45165	45198	45231	45264	45297	45337	45374	45411	45448	45485	45522	45559	45596	45637	45674	45711	45748	45785	45822	45859	45896	45959	46018	46077	46136	46195	46249	46298	46347	46396	46445	46494	46537	46574	46611	46648	46685	46722	46759	46796	46821	46842	46863	46884	46905	46926	46947	46968	46989	47010	47031	47052	47073	47094	47199	47298	47397	47437	47474	47511	47548	47585	47622	47659	47696	47737	47774	47811	47848	47885	47922	47959	47996	48049	48098	48147	48196	48245	48294	48324	48348	48372	48396	48420	48444	48468	48492	48516	48540	48564	48588	48627	48654	48681	48708	48735	48762	48789	48816	48843	48870	48897	48937	48974	49011	49048	49085	49122	49159	49196	49233	49266	49299	49332	49365	49398	49431	49464	49497	49537	49574	49611	49648	49685	49722	49759	49796	49827	49854	49881	49908	49935	49962	49989	50016	50043	50070	50097	50149	50198	50247	50296	50345	50394	50424	50448	50472	50496	50520	50544	50568	50592	50616	50640	50664	50688	50737	50774	50811	50848	50885	50922	50959	50996	51027	51054	51081	51108	51135	51162	51189	51216	51243	51270	51297	51324	51348	51372	51396	51420	51444	51468	51492	51516	51540	51564	51588	51637	51674	51711	51748	51785	51822	51859	51896	51933	51966	51999	52032	52065	52098	52131	52164	52197	52259	52318	52377	52436	52495	52517	52534	52551	52568	52585	52602	52619	52636	52653	52670	52687	52704	52721	52738	52755	52772	52789	52859	52918	52977	53036	53095	53137	53174	53211	53248	53285	53322	53359	53396	53459	53518	53577	53636	53695	53733	53766	53799	53832	53865	53898	53931	53964	53997	54027	54054	54081	54108	54135	54162	54189	54216	54243	54270	54297	54374	54448	54522	54596	54627	54654	54681	54708	54735	54762	54789	54816	54843	54870	54897	55049	55198	55237	55274	55311	55348	55385	55422	55459	55496	55574	55648	55722	55796	55827	55854	55881	55908	55935	55962	55989	56016	56043	56070	56097	56399	56499	56598	56697	56733	56766	56799	56832	56865	56898	56931	56964	56997	57049	57098	57147	57196	57245	57294	57359	57418	57477	57536	57595
ORIGIN
26	16	6	23	19	7	27	23	1	1	23	2	26	14	14	14	23	14	14	23	14	4	26	16	16	26	16	7	9	14	27	7	23	9	14	14	11	2	23	13	2	14	14	3	2	14	14	27	14	6	27	18	7	27	20	8	18	14	10	2	22	23	2	26	1	3	23	27	14	24	15	5	1	27	7	4	4	26	14	3	14	1	23	11	20	23	14	2	20	20	3	5	5	15	14	1	7	1	18	7	14	20	8	1	14	14	1	27	20	2	14	14	27	14	14	4	24	15	4	26	23	14	14	26	10	2	14	14	23	23	10	2	2	12	2	23	14	16	14	14	15	27	7	14	7	7	7	27	1	8	1	23	10	1	23	11	3	14	14	14	3	3	4	24	15	4	26	16	8	27	26	26	2	14	14	3	1	25	2	23	12	2	23	14	3	26	1	14	27	11	14	1	25	14	27	20	8	23	23	9	23	23	20	2	24	14	14	27	14	14	14	14	4	20	16	5	14	14	17	14	2	14	14	3	14	2	2	12	2	23	14	3	23	14	6	14	27	14	1	25	14	14	3	8	27	23	9	1	14	11	3	2	14	27	27	14	1	1	27	4	26	4	5	26	17	7	2	26	26	14	14	14	14	10	27	2	23	13	3	23	14	4	27	27	14	1	25	14	3	26	26	27	23	14	1	23	10	2	22	14	14	27	14	14	3	15	14	26	16	5	26	16	7	23	9	14	3	14	14	3	9	20	27	23	13	2	23	14	3	20	20	16	1	7	14	3	26	14	23	17	8	1	23	10	2	23	12	23	26	8	14	27	14	14	19	15	5	26	16	7	14	26	8	3	14	14	3	16	20	27	17	13	2	23	14	3	24	14	1	26	1	1	14	26	14	2	11	8	1	23	10	1	14	12	2	23	14	14	27	14	14	27	11	27	26	16	6	27	14	7	14	14	14	3	14	20	2	14	12	2	23	14	3	24	14	4	27	14	14	1	26	14	1	7	23	1	23	10	1	23	14	2	27	14	27	14	14	3	11	24	11	1	16	6	27	19	7	27	22	3	14	17	2	26	27	23	11	23	14	3	23	14	4	27	14	14	1	25	14	1	26	14	23	23	9	26	23	11	2	23	23	23	27	14	14	27	2	14	2	16	5	27	18	7	27	20	8	3	17	2	22	23	14	2	2	14	3	14	14	4	24	15	1	25	14	4	26	26	14	23	2	9	1	23	11	2	23	12	27	4	14	27	15	14	14	27	27	5	26	10	7	27	20	8	14	14	2	27	20	2	2	14	14	3	23	14	4	24	15	4	26	25	14	2	26	14	14	14	8	1	23	10	2	23	12	14	14	14	14	27	15	14	11	1	5	26	16	7	27	20	8	27	14	3	3	14	20	2	14	26	2	23	14	3	24	14	4	26	26	8	26	26	14	3	2	14	1	23	10	2	23	12	2	14	14	14	27	14	14	27	11	3	26	14	7	27	19	8	27	14	14	3	16	20	2	14	14	3	23	14	3	24	14	4	14	1	14	27	1	26	14	2	26	3	23	10	1	23	12	2	23	27	27	27	14	14	27	11	14	8	16	6	27	19	7	27	8	14	26	23	20	2	22	14	5	23	14	3	23	14	4	20	16	1	26	16	14	1	26	14	23	23	9	1	23	11	2	23	13	2	14	14	27	27	11	14	1	27	6	3	18	7	27	21	14	14	23	2	2	22	23	2	27	14	3	14	14	4	25	16	1	1	16	14	5	26	14	14	14	9	1	23	14	2	23	13	27	23	14	14	20	14	1	27	7	5	27	18	7	27	20	8	23	17	10	1	27	23	2	7	8
DESTINATION
3	14	17	27	22	23	2	26	23	14	27	14	14	4	25	16	1	25	9	4	26	14	3	14	14	3	16	20	14	2	23	13	27	14	5	5	15	14	1	7	14	5	26	14	27	20	8	23	1	17	2	27	20	2	14	14	27	16	14	14	19	7	27	23	14	14	3	23	10	2	14	14	23	23	20	23	23	14	4	26	16	14	27	15	7	27	16	14	7	7	14	14	14	11	2	23	13	23	27	20	3	14	14	14	3	3	14	18	7	27	20	8	18	15	26	14	2	14	14	3	1	2	3	14	14	24	15	5	1	1	14	14	27	11	14	1	25	14	1	26	11	23	20	2	20	20	20	2	24	14	14	27	14	14	1	20	14	20	8	1	14	14	14	2	14	14	3	14	14	2	14	14	24	15	4	26	23	14	14	27	11	14	1	25	14	3	23	2	2	12	2	23	14	16	2	14	14	27	27	14	1	27	7	27	1	8	1	23	10	1	4	26	14	14	14	14	10	16	6	3	24	4	15	26	8	27	27	11	14	1	25	14	3	26	17	2	23	2	23	14	3	3	26	14	2	27	14	14	25	15	14	27	8	23	23	9	23	23	23	14	3	14	14	3	9	20	27	14	14	4	20	16	5	14	23	14	1	7	14	3	26	14	23	23	2	23	14	3	23	14	14	2	26	8	14	27	14	14	19	8	8	23	9	1	14	11	3	3	14	14	3	16	20	27	17	4	26	4	5	26	17	7	2	1	7	14	1	26	14	7	11	14	23	13	3	23	14	4	27	6	14	14	27	14	14	27	11	1	23	14	1	23	10	2	22	14	14	3	14	20	2	14	14	26	16	5	26	16	7	23	9	7	14	1	26	14	1	26	23	3	23	23	2	14	3	24	20	14	14	27	14	14	3	11	27	1	8	1	23	10	2	23	12	23	3	14	17	2	26	23	8	15	5	26	16	7	27	26	11	14	1	25	14	1	26	14	23	2	2	23	14	3	24	13	1	14	27	14	14	27	2	14	2	1	23	10	1	14	12	2	12	23	14	17	2	22	23	2	2	26	16	6	27	14	2	7	12	1	25	14	4	26	14	23	2	2	23	14	3	24	14	4	27	27	14	14	27	15	14	27	27	27	23	10	1	23	14	2	27	14	14	2	27	20	2	14	14	26	6	27	19	7	4	27	22	25	14	2	26	14	2	14	23	14	3	23	14	14	4	27	14	14	14	27	15	14	27	11	23	14	9	23	11	2	2	23	23	14	3	14	20	2	14	14	16	5	27	18	7	27	27	20	8	14	3	26	14	2	14	14	3	14	3	14	14	4	26	15	14	14	27	14	14	27	11	5	2	9	1	23	11	2	12	23	14	3	16	20	2	14	14	3	5	26	26	10	7	27	8	3	14	1	26	14	2	26	14	3	3	14	14	14	4	23	24	4	14	27	14	14	27	11	14	8	8	1	23	10	2	23	12	26	3	20	20	2	22	14	2	5	5	26	16	7	27	20	8	27	1	26	14	1	26	14	4	23	2	2	23	14	3	24	14	26	3	14	14	27	11	14	1	23	23	23	10	2	23	12	2	14	14	17	2	22	23	2	14	16	3	27	7	27	19	8	14	1	25	14	5	26	14	14	14	23	14	16	3	24	14	4	1	27	14	14	27	20	14	1	7	14	10	26	23	23	12	2	23	23	17	26	27	23	2	7	8	16	27	27	27	19	7	27	23	25	14	2	26	14	14	14	23	23	14	3	23	14	4	8	16	14	14	27	9	14	27	7	23	1	26	1	11	2	23	23	13	14	2	27	20	2	14	14	27	6	14	14	18	7	27	21	14
DUE_DATE
0	30427	29996	31245	30094	30143	30192	29707	30776	30345	30874	30923	30492	30527	30556	31065	30614	30103	31152	30701	30190	30759	30788	31320	30882	32124	31446	31008	31050	30552	31127	31156	31665	31214	32443	30732	31301	31810	31359	30848	31907	31456	30945	31994	31543	31572	32081	31630	31119	31688	32919	32220	31761	31782	32283	31824	31305	33066	31887	32388	33129	32430	33171	33192	33247	32096	31605	33394	32243	32292	31785	32352	32859	32886	32433	33660	32967	33714	33741	33768	33075	32622	33126	32670	32154	32718	33222	32766	33270	34014	32838	32322	33366	34135	34172	33489	34246	34283	33600	33157	33674	33257	32776	33375	33434	34693	33517	32996	34035	34054	34793	34092	34831	34130	34869	34168	34187	33726	33205	33764	33783	35057	33916	33975	35234	35293	34605	35352	35379	34686	34233	35460	34767	34314	33801	34848	34395	35631	34944	33957	35010	35763	35076	35829	35862	35175	34714	34190	34746	34762	35258	34794	34270	36026	36042	35338	34874	35370	36106	35402	35418	35434	34970	34446	35031	35064	35577	35130	34623	35196	36429	36462	35775	36540	35862	36624	36666	36708	36030	35592	35631	35664	35157	36210	35763	36276	37029	35862	36375	37125	37152	37179	36486	37233	36540	35547	36114	35601	36168	36195	36715	36752	37509	36346	36863	36900	37657	37694	37011	36024	37797	37110	36663	36696	36189	36762	36795	38021	37324	38067	36890	37393	37416	38159	38182	38205	36488	38251	37554	37577	37121	36604	37167	37190	37693	37236	38459	37762	38505	37808	38551	37854	37397	37905	37452	37479	36966	38013	38760	38787	38094	38841	38868	38175	38197	38936	38955	37234	38273	37812	37831	37850	37869	38368	37907	37386	39145	38444	39183	38047	39296	38625	38674	39443	37752	38837	38416	38475	38534	39073	38647	38156	39945	39274	40043	39372	40125	40152	40179	39486	39033	39540	39087	39114	39141	39648	39195	38681	38704	40467	40490	39793	40536	40559	40582	39885	39428	40651	39954	39497	39517	39536	40035	40054	39053	40812	40111	40850	40869	40168	40907	40206	39745	40964	40263	39840	39342	39924	39966	40488	40050	40572	41327	40636	41385	40694	41443	41472	40301	39790	41559	40868	40447	39956	40545	40594	41123	40692	41931	41964	41277	42030	42063	41376	40929	42162	40455	41515	41072	41589	42346	41663	41220	42457	41774	41820	42582	42624	41946	42708	41550	41052	41640	41682	41724	42246	41808	42330	41892	41407	43196	43245	42574	43343	43392	41691	43464	42777	42330	42363	42396	42909	42462	41955	43001	42544	42027	43070	43813	43836	43859	43882	43185	43208	43231	42774	42797	43327	42896	42945	42994	44243	44292	44397	43776	44595	42900	44682	44004	43566	43608	43650	43692	43797	44376	45195	44021	43504	44547	45290	45313	44616	45359	45382	44685	44228	45451	44274	43757	44335	44372	44889	44446	45683	45000	45037	45794	45847	45896	45225	45274	44843	44352	45477	45096	44655	45257	46516	45855	45914	45973	46757	46096	46875	46934	46993	45897	45996	46095	46611	46164	45657	46230	47463	46776	47529	47562	46875	47635	47672	46509	46546	47783	46620	46657	47174	46195	47252	46809	46306	47363	46920	48157	48194	47537	47596	48375	48434	47773	47347	46856	47445	47494	48023	47592	47095	48152	47709	48946	48263	49020	48337	49094	49119	48420	47961	47442	48003	48024	48525	48546	48087	49308	48609	49350	49371	49392	48297	49596	48975	48535	48572	48609	48106	48683	49200	49957	48794	50035	49352	49389	50146	50183	50220	48517	49574	49147	50396	49245	48754	49343	49392	49902	49446	50670	49974	49998	50742	50766	50070	49074	50118	49662	50886	50205	49752	49239	49806	51033	50340	49887	51114	50421	51168	50475	51235	51272	50589	50146	51383	50220	50737	50294	49791	50844	50397	51630	51663	50976	51729	51762	51075	51115	50672	50169	50746	50783	50820	50317	51374	51405	50952	52179	52206	52233	51540	51567	52314	51621	51168	50655	51247	50756	51345	51394	51923	51492	52002	51546	52770	52794	52818	52122	52866	52890	52194	51738	52242	51246	51835	51872	52389	51946	51983	53220	53257	52574	52605	53352	53379	52686	52233	52740	53487	52314	52341	51828	52395	52422	51906	53670	52974	53718	53742	53046	53070	53094	52638	53862	53166	52735	52232	52809	52846	54083	52920	54157	53474	53511	54264	54297	53610	54363	53196	52689	54462	53775	53837	53416	52935	53534	54073	54815	53632	54129	54866	54163	54900	54917	53734	54951	54248	53785	54282	53819	53836	53853	53870	55087	54437	54496	55275	54614	55393	54235	53732	54789	53806	54383	54900	54457	55694	54557	55816	55875	55214	55993	55311	55344	56097	54930	55443	54996	54489	55062	55095	55605	55152	54639	56406	56433	55740	55287	56514	55821	56568	55875	55952	55546	55080	55694	55725	56232	55779	55266	57033	57060	56367	57114	56421	57168	57195	57347	56776	56335	57572	56889	57646	57683	57000	57757	56594	57152	57946	57300	57374	58125	58152	58179	57006	58233	57540	58287	57594	58341	57648	58395	57497	57057	58896	58995	59031	58344	58377	59130	59163	58476	58029	59262	59295	59347	58676	58725	59494	58823	58392	59657	59716	59055	59834	59173
TRANSPORT_MODE
0	2	1	2	0	0	0	0	1	1	2	0	0	0	0	0	1	1	1	0	0	0	0	0	2	1	1	2	0	0	0	0	1	1	2	0	0	0	0	0	1	1	1	2	0	0	0	0	0	1	1	1	0	0	0	0	0	3	1	2	0	0	0	0	0	1	1	3	0	0	0	0	0	1	1	1	0	0	0	0	2	1	1	0	0	0	0	0	0	3	1	1	0	0	0	0	0	2	1	1	1	0	0	0	0	3	1	1	0	0	0	0	0	0	2	1	1	0	0	0	0	3	1	1	0	0	0	0	0	2	1	1	0	0	0	0	0	3	1	1	0	0	0	0	0	1	2	1	0	0	0	0	0	1	3	1	1	0	0	0	0	2	1	1	0	0	0	0	0	0	1	3	1	0	0	0	0	0	1	2	1	0	0	0	0	1	3	1	0	0	0	0	0	1	2	1	0	0	0	0	0	1	3	1	0	0	0	0	0	1	1	2	1	0	0	0	0	0	1	3	1	0	0	0	0	0	1	1	2	0	0	0	0	0	1	1	3	0	0	0	0	0	1	2	1	0	0	0	0	1	1	3	0	0	0	0	0	1	1	2	0	0	0	0	0	0	1	1	3	1	0	0	0	0	1	1	2	0	0	0	0	0	1	1	3	0	0	0	0	0	1	1	2	0	0	0	0	0	1	1	3	0	0	0	0	1	1	2	0	0	0	0	0	1	1	3	0	0	0	0	0	1	1	2	1	0	0	0	0	0	1	1	3	0	0	0	0	0	1	1	1	0	0	0	0	0	1	1	3	0	0	0	0	1	1	2	0	0	0	0	0	1	1	3	0	0	0	0	0	1	1	2	0	0	0	0	0	1	1	1	3	0	0	0	0	0	1	1	2	0	0	0	0	0	1	1	1	0	0	0	0	1	1	0	1	0	0	0	0	2	1	3	0	0	0	0	0	1	1	2	0	0	0	0	0	1	1	1	0	0	0	0	0	3	1	1	2	0	0	0	0	1	1	3	0	0	0	0	0	0	1	1	1	0	0	0	0	1	1	1	0	0	0	0	0	3	1	2	0	0	0	0	0	1	1	3	0	0	0	0	1	0	1	2	0	0	0	0	0	1	1	1	3	0	0	0	0	1	1	2	0	0	0	0	0	1	1	1	0	0	0	0	0	1	1	2	0	0	0	0	1	1	3	0	0	0	0	0	1	1	2	0	0	0	0	0	1	1	3	0	0	0	0	0	1	1	1	2	0	0	0	0	1	1	3	0	0	0	0	0	1	1	2	1	0	0	0	0	0	1	1	3	0	0	0	0	0	1	1	2	0	0	0	0	1	1	3	0	0	0	0	0	1	1	2	0	0	0	0	0	1	1	3	1	0	0	0	0	1	1	2	0	0	0	0	0	0	1	1	3	1	0	0	0	0	1	1	2	0	0	0	0	0	1	1	3	0	0	0	0	1	2	1	0	0	0	0	0	1	1	3	0	0	0	0	0	1	1	2	1	0	0	0	0	0	1	3	1	0	0	0	0	0	1	1	2	1	0	0	0	0	1	3	1	0	0	0	0	0	1	2	1	0	0	0	0	0	1	3	1	0	0	0	0	1	2	1	0	0	0	0	0	1	3	1	1	0	0	0	0	1	2	1	0	0	0	0	0	0	1	3	1	1	0	0	0	0	1	2	1	0	0	0	0	0	3	1	1	0	0	0	0	3	1	1	0	0	0	0	0	3	1	1	0	0	0	0	0	3	1	1	1	0	0	0	0	3	1	1	0	0	0	0	0	0	3	1	1	1	0	0	0	0	3	1	1	0	0	0	0	0
PATIENT_WEIGHT
60	36	31	55	122	56	49	58	60	124	57	128	108	93	52	145	40	54	56	112	57	101	45	37	72	145	105	109	116	137	57	139	41	150	42	102	34	149	86	111	130	73	137	135	43	37	117	106	148	95	130	38	147	40	68	43	47	79	80	121	119	122	124	42	111	34	113	51	150	145	35	135	145	40	130	106	59	48	143	150	124	123	105	104	96	39	84	36	133	69	98	109	86	133	121	109	138	150	58	41	136	47	146	102	57	47	56	147	67	121	35	91	100	38	85	110	133	33	70	106	67	89	146	37	115	52	52	103	106	58	83	40	143	99	120	141	103	57	90	30	102	122	32	128	132	50	57	80	44	72	97	38	74	140	108	80	83	105	67	149	76	149	82	75	93	88	98	115	81	143	140	116	94	59	35	131	59	68	147	109	129	136	77	147	63	86	72	51	96	89	91	89	122	81	57	82	105	72	131	65	95	105	50	51	38	36	32	67	104	41	38	94	74	59	118	57	85	94	138	139	69	58	88	116	69	76	77	61	78	93	36	102	130	60	143	130	92	97	150	45	88	128	61	134	33	117	64	41	85	140	77	130	41	97	64	70	121	83	89	110	36	92	52	131	102	64	50	69	99	144	106	126	116	63	50	87	126	89	71	144	91	95	111	60	100	65	113	117	81	43	58	41	121	134	57	32	57	132	72	55	47	56	119	150	142	140	118	69	146	109	55	128	50	110	122	55	95	74	31	63	96	70	98	75	132	74	52	145	121	51	109	101	35	71	44	31	69	149	112	56	33	119	105	130	36	102	114	118	112	99	107	115	60	37	106	102	31	72	65	62	98	97	86	99	135	80	72	63	34	122	56	65	104	107	135	101	104	108	54	114	148	64	85	80	140	121	73	131	101	96	39	133	122	133	119	140	118	31	75	105	136	145	56	89	72	60	89	104	111	61	95	59	127	47	58	138	138	79	57	136	69	103	95	143	36	110	47	121	142	115	46	113	91	130	64	101	101	32	78	39	115	42	128	85	75	120	122	147	87	87	135	73	72	82	110	127	79	69	87	48	112	117	126	100	67	42	125	57	101	95	95	123	42	99	84	74	39	46	146	68	86	49	90	71	106	144	45	76	43	78	119	49	63	61	76	134	39	78	54	96	110	35	116	52	145	43	37	88	74	38	132	105	102	113	109	115	58	110	53	34	138	133	122	38	73	136	109	128	43	70	54	40	75	74	36	41	133	89	52	81	99	115	38	100	38	102	85	99	35	35	30	89	54	91	80	137	50	52	132	57	35	86	102	95	123	91	111	54	92	34	87	39	93	61	44	62	132	84	81	115	88	109	41	126	35	53	96	82	145	64	148	148	39	32	79	44	64	110	52	73	127	143	139	90	97	33	35	82	56	63	100	30	116	115	115	46	136	109	144	62	102	78	147	139	70	58	101	93	99	42	141	105	93	123	136	129	68	133	95	126	58	36	124	51	40	118	71	61	117	96	106	98	145	87	35	72	60	67	126	99	115	129	92	55	139	141	147	124	140	129	89	137	72	72	53	99	41	35	78	82	100	102	126	132	67	107	134	55	63	41	113	87	107	46	98	113	63	35	114	123	78	61	59	137	139	96	89	34	34	138	55	54	133	140	46	72	97	104	149	100	46	101	116	90	70	56	62	125	73	75	67	74	86	72	139	117	98	138	55	100	77	125	81	53	149	91	87	67	102	31	123	118	129	65	70	51	98	38	134	113	78	136	88	56	115	133	146	74	142	38	150	99	99	146	44	31	98	112	78	122	133	128	137	148	38	37	94	144	89	48	110	121	89	62	124	94	137	83	109	118	74
DISTANCE_MATRIX
0	360	318	300	288	276	264	264	150	150	150	60	90	90	162	168	204	228	234	312	360	408	348	318	168	192	168	318
360	60	264	318	324	342	342	342	348	348	354	360	372	378	378	420	420	480	462	498	462	462	384	420	372	420	378	378
318	264	60	270	276	288	288	288	294	294	294	318	318	324	324	414	414	468	462	486	462	462	330	366	366	408	372	324
300	318	270	60	276	288	288	288	288	288	288	300	300	312	318	408	408	468	462	486	438	438	318	360	360	402	360	312
288	324	276	276	60	276	276	276	276	276	276	288	288	300	300	402	396	462	456	480	432	432	300	360	360	402	348	300
276	342	288	288	276	60	180	180	252	258	264	264	264	288	288	390	390	456	450	480	432	432	288	348	348	348	288	288
264	342	288	288	276	180	60	180	246	258	264	264	264	288	288	390	390	456	450	480	432	432	288	348	348	348	288	288
264	342	288	288	276	180	180	60	240	258	264	264	264	288	288	390	390	456	450	480	432	432	288	348	348	348	288	288
150	348	294	288	276	252	246	240	60	120	120	150	126	270	270	378	384	420	438	480	420	408	276	300	300	300	276	270
150	348	294	288	276	258	258	258	120	60	120	150	150	270	270	378	384	420	438	480	420	408	276	300	300	300	276	270
150	354	294	288	276	264	264	264	120	120	60	150	150	270	270	378	384	420	438	480	420	408	276	300	300	300	276	270
60	360	318	300	288	264	264	264	150	150	150	60	90	162	168	228	234	312	360	408	348	318	168	192	192	198	168	162
90	372	318	300	288	264	264	264	150	150	150	90	60	162	168	228	234	312	360	408	348	318	168	192	192	198	168	162
90	378	324	312	300	288	288	288	270	270	270	162	162	60	120	180	180	306	210	360	300	300	120	180	120	180	120	234
162	378	324	318	300	288	288	288	270	270	270	168	168	120	60	180	180	306	210	360	300	300	120	180	120	180	120	120
168	420	414	408	402	348	348	348	300	300	300	228	228	180	180	60	132	204	132	348	258	258	186	60	180	132	222	180
204	420	414	408	396	390	390	390	384	384	384	234	234	180	180	132	60	204	132	348	258	258	186	60	180	132	222	180
228	480	468	468	462	456	456	456	420	420	420	312	312	306	306	204	204	60	198	120	240	240	306	204	306	138	306	306
234	462	462	462	456	450	450	450	438	438	438	360	360	210	210	132	132	198	60	138	132	132	210	132	210	132	210	210
312	498	486	486	480	480	480	480	480	480	480	408	408	360	360	348	348	120	138	60	348	348	360	348	360	348	360	360
360	462	462	438	432	432	432	432	420	420	420	348	348	300	300	258	258	240	132	348	60	60	300	258	300	258	300	300
408	462	462	438	432	432	432	432	408	408	408	318	318	300	300	258	258	240	132	348	60	60	300	258	300	258	300	300
348	384	330	318	300	288	288	288	276	276	276	168	168	120	120	186	186	306	210	360	300	300	60	186	120	186	120	120
318	420	366	360	360	348	348	348	300	300	300	192	192	180	180	60	60	204	132	348	258	258	186	60	180	60	180	180
168	372	300	306	300	288	288	288	270	270	270	168	168	120	120	180	180	306	210	360	300	300	120	180	60	180	120	120
192	420	408	402	402	348	348	348	300	300	300	198	198	180	180	132	132	138	132	348	258	258	186	60	180	60	180	180
168	378	372	360	348	288	288	288	276	276	276	168	168	120	120	222	222	306	210	360	300	300	120	180	120	180	60	120
318	378	324	312	300	288	288	288	270	270	270	162	162	234	120	180	180	306	210	360	300	300	120	180	120	180	120	60
DEPOTS_DISTANCE
234	462	462	462	456	450	450	450	438	438	438	360	360	210	210	132	132	198	60	138	132	132	210	132	210	132	210	210	
348	384	330	318	300	288	288	288	276	276	276	168	168	120	120	186	186	306	210	360	300	300	60	186	120	186	120	120	
318	420	366	360	360	348	348	348	300	300	300	192	192	180	180	60	60	204	132	348	258	258	186	60	180	60	180	180	
LOCATION_TURN_MATRIX
100	130	122	113	112	199	136	122	129	152	173	146	151	136	158	140	176	113	122	167	194	134	110	172	114	184	100	147	
170	100	154	188	164	169	136	136	152	170	104	183	155	115	101	104	155	187	174	115	149	134	178	168	114	135	168	102	
178	146	100	161	178	114	104	165	117	139	126	169	192	109	120	179	160	152	154	134	113	140	154	179	196	196	192	181	
187	112	139	100	158	114	195	181	104	132	195	106	183	169	132	170	140	136	172	148	116	110	123	136	151	120	176	169	
188	136	122	142	100	175	164	159	112	100	167	164	135	191	132	181	104	123	142	156	108	117	193	182	116	147	156	185	
101	131	186	186	125	100	190	147	164	150	137	102	145	176	185	131	113	108	117	186	118	151	140	178	154	189	172	110	
164	164	196	105	136	110	100	186	153	151	183	193	111	157	144	123	188	142	110	163	105	190	166	187	170	171	186	126	
178	164	135	119	141	153	114	100	106	130	108	103	151	178	122	151	130	133	184	177	110	141	166	110	122	174	191	197	
171	148	183	196	188	136	147	194	100	167	100	146	168	129	128	142	172	118	174	147	105	158	156	160	120	106	119	136	
148	130	161	168	200	150	149	170	133	100	177	106	175	116	188	180	176	194	108	146	130	187	183	173	128	141	169	176	
127	196	174	105	133	163	117	192	200	123	100	171	175	140	183	115	104	186	128	153	151	175	100	146	191	117	132	197	
154	117	131	194	136	198	107	197	154	194	129	100	136	184	140	147	172	184	148	131	103	156	185	200	152	158	154	143	
149	145	108	117	165	155	189	149	132	125	125	164	100	140	199	142	101	144	163	185	117	191	200	143	113	165	102	154	
164	185	191	131	109	124	143	122	171	184	160	116	160	100	109	116	196	113	131	186	166	139	183	175	144	161	105	170	
142	199	180	168	168	115	156	178	172	112	117	160	101	191	100	147	177	177	199	158	172	188	164	175	180	168	154	195	
160	196	121	130	119	169	177	149	158	120	185	153	158	184	153	100	152	159	197	157	181	159	102	123	168	200	124	186	
124	145	140	160	196	187	112	170	128	124	196	128	199	104	123	148	100	149	114	112	117	135	105	132	138	180	198	156	
187	113	148	164	177	192	158	167	182	106	114	116	156	187	123	141	151	100	166	132	168	163	159	123	129	173	161	116	
178	126	146	128	158	183	190	116	126	192	172	152	137	169	101	103	186	134	100	184	199	137	130	160	148	113	140	150	
133	185	166	152	144	114	137	123	153	154	147	169	115	114	142	143	188	168	116	100	111	195	128	157	191	164	141	171	
106	151	187	184	192	182	195	190	195	170	149	197	183	134	128	119	183	132	101	189	100	129	151	163	147	166	104	177	
166	166	160	190	183	149	110	159	142	113	125	144	109	161	112	141	165	137	163	105	171	100	101	185	169	129	103	197	
190	122	146	177	107	160	134	134	144	117	200	115	100	117	136	198	195	141	170	172	149	199	100	106	150	116	118	145	
128	132	121	164	118	122	113	190	140	127	154	100	157	125	125	177	168	177	140	143	137	115	194	100	128	167	115	155	
186	186	104	149	184	146	130	178	180	172	109	148	187	156	120	132	162	171	152	109	153	131	150	172	100	155	124	184	
116	165	104	180	153	111	129	126	194	159	183	142	135	139	132	100	120	127	187	136	134	171	184	133	145	100	129	192	
200	132	108	124	144	128	114	109	181	131	168	146	198	195	146	176	102	139	160	159	196	197	182	185	176	171	100	146	
153	198	119	131	115	190	174	103	164	124	103	157	146	130	105	114	144	184	150	129	123	103	155	145	116	108	154	100	
DEPOTS_TO_LOCAL_TURN_MATRIX
178	126	146	128	158	183	190	116	126	192	172	152	137	169	101	103	186	134	100	184	199	137	130	160	148	113	140	150	
190	122	146	177	107	160	134	134	144	117	200	115	100	117	136	198	195	141	170	172	149	199	100	106	150	116	118	145	
128	132	121	164	118	122	113	190	140	127	154	100	157	125	125	177	168	177	140	143	137	115	194	100	128	167	115	155	
LOCAL_TO_DEPOT_TURN_MATRIX
122	174	154	172	142	117	110	184	174	108	128	148	163	131	199	197	114	166	100	116	101	163	170	140	152	187	160	150	
110	178	154	123	193	140	166	166	156	183	100	185	200	183	164	102	105	159	130	128	151	101	100	194	150	184	182	155	
172	168	179	136	182	178	187	110	160	173	146	200	143	175	175	123	132	123	160	157	163	185	106	100	172	133	185	145	

