INDEX_PROBLEM
1
PATIENTS
800
STRETCHERS
16
NUM_ROOM
28
NUM_DEPOT
3
NUM_PRIORITY
4
PRIORITY_LIST
0	1	2	3	4
PRIORITY_WEIGHT
0	1	10	18	30
PRIORITY_JOB
0	2	4	1	3	4	3	4	3	4	2	3	4	4	4	4	3	4	1	3	4	4	4	4	3	4	2	3	4	4	3	4	3	4	2	3	4	4	3	4	4	2	3	4	4	4	3	4	2	4	4	4	4	4	3	4	4	1	3	2	1	1	1	2	3	4	1	3	4	3	4	4	1	3	4	2	1	2	1	2	2	3	4	3	4	4	4	3	1	2	4	1	2	3	1	2	4	2	3	4	4	4	4	4	1	2	4	1	2	3	1	1	1	3	4	2	3	4	4	2	3	1	4	4	1	2	1	2	1	1	3	4	4	4	3	4	3	1	2	3	2	3	1	2	1	4	2	4	4	4	4	3	4	1	2	3	4	2	3	1	2	2	4	4	4	4	4	3	4	1	1	3	4	3	1	1	1	2	2	4	1	4	3	4	3	1	3	4	2	1	2	1	4	2	3	4	4	3	4	4	4	1	3	4	2	1	2	1	2	2	3	4	4	3	4	4	4	4	1	2	4	3	1	2	3	1	1	3	4	2	3	4	4	3	1	4	4	2	2	1	2	1	1	3	4	4	3	4	4	3	1	2	3	2	1	2	1	2	4	3	4	4	4	4	3	4	1	2	3	4	3	1	2	1	2	4	2	4	4	4	3	4	1	4	3	2	2	3	1	2	4	4	4	1	3	4	3	4	3	1	3	4	2	1	2	1	2	3	4	4	4	4	3	4	1	3	4	2	1	2	1	2	2	3	4	2	4	4	4	3	1	4	4	3	1	2	1	2	3	2	3	2	4	4	4	3	4	1	4	1	1	2	2	1	2	3	4	2	3	4	4	3	4	1	3	4	1	2	1	2	1	3	4	2	4	4	3	4	4	1	3	4	2	2	3	1	2	4	4	2	4	4	3	4	4	1	3	2	4	1	2	3	1	4	1	1	3	4	3	4	2	3	4	2	2	1	2	1	3	3	4	1	4	4	4	3	4	3	4	2	2	1	2	1	2	3	4	2	4	4	4	3	4	1	4	2	1	2	3	1	2	3	4	2	4	4	3	4	3	4	1	1	3	3	1	2	2	4	2	3	3	4	4	3	1	1	4	3	1	2	2	1	2	4	2	3	4	3	4	4	4	1	4	4	1	2	1	2	3	2	4	2	4	3	4	4	3	3	1	2	4	1	2	1	2	4	1	3	4	3	4	4	3	1	4	2	3	1	2	1	2	3	4	3	4	3	4	4	3	1	4	2	1	2	1	2	3	3	4	2	4	4	4	3	4	1	4	2	1	2	1	2	3	3	4	2	4	4	3	4	3	1	4	1	1	2	2	1	1	3	2	3	4	3	4	4	1	4	3	2	1	2	3	1	4	2	3	3	4	3	4	4	1	4	2	2	1	2	1	2	4	4	2	4	4	3	4	4	3	3	1	2	4	1	2	3	1	4	1	3	3	4	3	4	1	4	2	2	1	2	1	3	3	4	1	4	4	3	4	3	1	3	4	2	1	2	1	2	2	3	4	4	4	4	4	3	1	2	4	3	1	2	1	2	2	3	2	4	4	4	4	4	1	4	1	3	1	2	1	2	3	4	2	3	4	3	4	3	1	3	4	1	2	1	2	1	3	4	4	4	3	4	1	1	2	3	2	3	1	2	1	4	2	4	4	4	3	4	4	2	1	3	4	2	3	1	2	1	2	4	1	4	4	3	4	3	4	2	1	2	1	2	4	1	3	4	1	2	1	2	3	1	1	3	1	2	1	2	3	1	4	2	1	2	1	1	2	1	3	4	1	2	1	2	1	1	2	4	2	2	1	2	3	1	3	4	1	2	3	1	2
TIME_ASKED
0	28849	28898	28947	28996	29045	29094	29149	29198	29247	29296	29345	29394	29429	29458	29487	29516	29545	29574	29603	29632	29661	29690	29742	29784	29826	29868	29910	29952	29994	30029	30058	30087	30116	30145	30174	30203	30232	30261	30290	30329	30358	30387	30416	30445	30474	30503	30532	30561	30590	30621	30642	30663	30684	30705	30726	30747	30768	30789	30810	30831	30852	30873	30894	30949	30998	31047	31096	31145	31194	31227	31254	31281	31308	31335	31362	31389	31416	31443	31470	31497	31524	31548	31572	31596	31620	31644	31668	31692	31716	31740	31764	31788	31837	31874	31911	31948	31985	32022	32059	32096	32159	32218	32277	32336	32395	32419	32438	32457	32476	32495	32514	32533	32552	32571	32590	32609	32628	32647	32666	32685	32759	32818	32877	32936	32995	33027	33054	33081	33108	33135	33162	33189	33216	33243	33270	33297	33333	33366	33399	33432	33465	33498	33531	33564	33597	33616	33632	33648	33664	33680	33696	33712	33728	33744	33760	33776	33792	33808	33824	33840	33856	33872	33888	33933	33966	33999	34032	34065	34098	34131	34164	34197	34242	34284	34326	34368	34410	34452	34494	34533	34566	34599	34632	34665	34698	34731	34764	34797	34827	34854	34881	34908	34935	34962	34989	35016	35043	35070	35097	35137	35174	35211	35248	35285	35322	35359	35396	35433	35466	35499	35532	35565	35598	35631	35664	35697	35723	35746	35769	35792	35815	35838	35861	35884	35907	35930	35953	35976	35999	36023	36046	36069	36092	36115	36138	36161	36184	36207	36230	36253	36276	36299	36327	36354	36381	36408	36435	36462	36489	36516	36543	36570	36597	36619	36638	36657	36676	36695	36714	36733	36752	36771	36790	36809	36828	36847	36866	36885	36949	36998	37047	37096	37145	37194	37259	37318	37377	37436	37495	37549	37598	37647	37696	37745	37794	37827	37854	37881	37908	37935	37962	37989	38016	38043	38070	38097	38123	38146	38169	38192	38215	38238	38261	38284	38307	38330	38353	38376	38399	38419	38438	38457	38476	38495	38514	38533	38552	38571	38590	38609	38628	38647	38666	38685	38742	38784	38826	38868	38910	38952	38994	39029	39058	39087	39116	39145	39174	39203	39232	39261	39290	39349	39398	39447	39496	39545	39594	39633	39666	39699	39732	39765	39798	39831	39864	39897	39937	39974	40011	40048	40085	40122	40159	40196	40242	40284	40326	40368	40410	40452	40494	40542	40584	40626	40668	40710	40752	40794	40849	40898	40947	40996	41045	41094	41133	41166	41199	41232	41265	41298	41331	41364	41397	41423	41446	41469	41492	41515	41538	41561	41584	41607	41630	41653	41676	41699	41749	41798	41847	41896	41945	41994	42099	42198	42297	42342	42384	42426	42468	42510	42552	42594	42699	42798	42897	42923	42946	42969	42992	43015	43038	43061	43084	43107	43130	43153	43176	43199	43237	43274	43311	43348	43385	43422	43459	43496	43549	43598	43647	43696	43745	43794	43899	43998	44097	44159	44218	44277	44336	44395	44459	44518	44577	44636	44695	44799	44898	44997	45033	45066	45099	45132	45165	45198	45231	45264	45297	45337	45374	45411	45448	45485	45522	45559	45596	45637	45674	45711	45748	45785	45822	45859	45896	45959	46018	46077	46136	46195	46249	46298	46347	46396	46445	46494	46537	46574	46611	46648	46685	46722	46759	46796	46821	46842	46863	46884	46905	46926	46947	46968	46989	47010	47031	47052	47073	47094	47199	47298	47397	47437	47474	47511	47548	47585	47622	47659	47696	47737	47774	47811	47848	47885	47922	47959	47996	48049	48098	48147	48196	48245	48294	48324	48348	48372	48396	48420	48444	48468	48492	48516	48540	48564	48588	48627	48654	48681	48708	48735	48762	48789	48816	48843	48870	48897	48937	48974	49011	49048	49085	49122	49159	49196	49233	49266	49299	49332	49365	49398	49431	49464	49497	49537	49574	49611	49648	49685	49722	49759	49796	49827	49854	49881	49908	49935	49962	49989	50016	50043	50070	50097	50149	50198	50247	50296	50345	50394	50424	50448	50472	50496	50520	50544	50568	50592	50616	50640	50664	50688	50737	50774	50811	50848	50885	50922	50959	50996	51027	51054	51081	51108	51135	51162	51189	51216	51243	51270	51297	51324	51348	51372	51396	51420	51444	51468	51492	51516	51540	51564	51588	51637	51674	51711	51748	51785	51822	51859	51896	51933	51966	51999	52032	52065	52098	52131	52164	52197	52259	52318	52377	52436	52495	52517	52534	52551	52568	52585	52602	52619	52636	52653	52670	52687	52704	52721	52738	52755	52772	52789	52859	52918	52977	53036	53095	53137	53174	53211	53248	53285	53322	53359	53396	53459	53518	53577	53636	53695	53733	53766	53799	53832	53865	53898	53931	53964	53997	54027	54054	54081	54108	54135	54162	54189	54216	54243	54270	54297	54374	54448	54522	54596	54627	54654	54681	54708	54735	54762	54789	54816	54843	54870	54897	55049	55198	55237	55274	55311	55348	55385	55422	55459	55496	55574	55648	55722	55796	55827	55854	55881	55908	55935	55962	55989	56016	56043	56070	56097	56399	56499	56598	56697	56733	56766	56799	56832	56865	56898	56931	56964	56997	57049	57098	57147	57196	57245	57294	57359	57418	57477	57536	57595
ORIGIN
26	16	6	25	25	7	27	23	27	25	23	14	14	14	14	26	3	14	14	14	3	4	26	16	2	14	16	9	14	27	7	23	13	9	14	14	11	2	23	26	14	14	14	20	2	14	14	27	27	6	27	18	7	27	20	8	8	14	10	2	14	23	2	26	23	14	23	27	14	24	15	23	27	27	7	9	26	14	3	14	14	14	23	14	14	23	14	9	16	14	7	5	15	14	1	3	3	20	18	26	7	20	8	1	7	23	17	27	20	2	14	14	14	14	14	4	24	19	4	14	23	27	27	26	23	26	2	14	27	3	10	2	14	14	2	27	16	16	4	9	9	9	27	16	14	9	16	27	14	11	1	13	26	26	7	14	20	20	14	14	14	20	27	24	15	4	8	16	8	8	26	26	2	2	14	22	1	14	14	23	12	24	24	14	1	26	26	14	9	26	14	23	14	14	1	20	11	23	23	9	16	14	16	2	5	15	14	7	3	7	2	14	4	20	16	5	7	23	7	7	14	14	14	14	14	14	26	25	2	23	14	3	26	14	16	16	11	2	2	25	23	16	26	8	27	14	2	14	16	16	16	14	15	15	27	27	14	16	13	7	26	27	8	26	13	23	27	26	14	14	14	14	14	20	14	3	23	13	3	23	13	27	14	27	14	1	25	14	14	26	1	14	23	14	5	23	10	1	5	14	2	20	20	14	5	14	7	27	16	5	23	16	14	7	7	20	3	2	14	3	7	1	14	14	13	2	16	14	3	3	26	14	1	7	14	3	7	23	14	9	8	1	23	10	7	14	12	16	16	26	14	27	14	23	14	16	5	23	16	23	14	14	14	20	14	14	14	27	16	26	13	4	2	7	4	3	20	27	26	26	7	14	14	14	26	14	26	27	1	23	10	1	14	14	14	14	14	14	14	14	13	4	11	4	14	14	3	3	1	14	1	14	14	27	14	27	5	1	1	16	23	14	5	24	14	14	7	14	14	14	14	14	7	23	14	20	23	10	2	23	14	27	23	16	14	27	14	14	3	3	1	23	16	6	27	19	7	27	22	12	14	14	3	14	14	4	14	3	14	3	23	14	14	4	14	23	1	4	14	1	26	26	13	20	9	26	14	11	26	27	7	2	27	14	14	27	26	18	27	27	5	27	18	7	2	20	14	27	27	2	17	22	23	2	2	2	3	3	14	4	24	15	26	26	14	25	4	26	10	14	11	2	1	20	11	2	23	12	7	7	14	14	26	15	14	23	20	20	20	10	7	27	20	1	23	23	14	2	27	20	14	7	2	1	23	14	4	14	15	4	22	22	14	14	26	14	2	14	3	1	3	3	2	23	27	14	14	14	14	15	14	7	11	13	14	26	1	7	27	20	2	13	7	11	11	20	2	14	14	27	23	23	14	3	24	14	4	27	23	14	3	26	14	8	14	14	2	3	14	2	23	12	14	14	14	14	26	14	27	23	16	2	2	23	1	14	19	8	27	4	4	3	23	20	2	14	14	7	23	14	20	24	14	4	14	14	1	26	26	14	2	26	14	23	23	10	1	23	12	2	23	23	4	14	8	27	11	15	4	22	16	3	27	19	7	27	4	1	14	14	14	4	22	14	2	26	14	3	16	14	4	20	14	1	26	14	1	26	14	4	3	23	9	1	23	4	26	23	8	27	14	14	27	11	14	1	27	1	6	12	18	7	27	21	14	14	23	2	22	23	2	14	24	14	3	1	25	4	25	16	3	3	16	16	16	26	14	14	23	9	1	14	14	2	23	13	1	1	14	27	27	14	3	1	14	5	27	18	7	27	20	8	23	17	10	1	23	2	7	4	2
DESTINATION
3	14	17	14	14	23	2	26	2	14	27	25	4	25	16	3	26	25	9	9	26	14	3	14	24	9	16	14	2	23	13	1	7	14	5	5	15	14	1	3	5	5	26	7	27	20	8	23	23	17	2	27	20	2	14	14	14	16	14	14	25	7	27	23	27	26	3	23	26	2	14	27	23	23	20	14	3	4	26	16	16	4	27	9	9	27	16	14	16	9	13	14	11	2	23	26	26	7	27	14	20	14	14	14	20	27	6	18	7	27	20	8	8	15	26	14	2	22	14	8	1	23	23	14	27	14	24	15	23	26	14	14	9	26	14	23	14	14	14	14	14	14	23	14	9	14	16	2	5	15	14	7	3	3	20	26	7	7	20	8	1	7	23	2	14	14	14	14	14	14	14	14	24	24	4	19	23	16	16	27	11	2	2	25	23	3	3	2	14	14	2	27	16	16	14	14	15	27	27	14	16	9	16	27	14	11	1	13	26	13	27	26	14	14	14	14	20	1	20	20	15	15	4	8	16	8	14	14	14	1	25	14	14	26	14	14	12	24	24	14	1	14	14	14	2	20	14	5	14	14	14	20	11	11	23	23	9	16	7	20	3	2	14	3	7	1	2	14	4	20	20	16	5	7	26	14	1	7	14	3	7	23	25	23	2	23	14	3	26	14	23	16	26	8	14	27	14	23	14	26	27	14	14	2	14	16	20	23	14	14	27	16	26	13	13	7	26	27	8	26	13	23	26	4	7	14	14	26	14	26	14	3	23	13	3	23	13	27	16	14	14	14	27	14	13	4	11	14	14	23	5	23	10	1	5	14	14	27	14	27	5	1	1	7	16	5	5	23	16	14	7	14	14	13	14	14	7	23	14	14	13	2	16	16	14	3	3	23	14	27	14	14	3	3	1	9	8	8	1	10	7	14	12	14	4	16	14	14	14	4	14	16	5	23	16	23	14	14	14	14	1	4	14	1	26	26	13	2	4	2	4	3	20	27	26	7	27	14	14	27	26	18	27	14	1	23	10	1	14	14	14	27	14	17	2	22	23	2	2	11	4	4	26	3	3	14	1	26	25	14	4	26	10	14	1	27	23	14	5	24	14	14	7	7	14	14	26	15	14	23	20	14	23	10	2	23	14	27	23	23	14	2	27	20	14	7	2	23	23	27	6	19	7	27	22	22	14	14	26	14	2	14	3	3	3	14	23	14	14	4	12	14	14	7	15	14	7	11	13	20	9	26	14	11	26	27	7	7	11	14	20	2	14	14	27	27	5	27	18	7	2	20	14	23	3	26	14	8	14	14	2	2	3	3	14	4	24	15	26	14	26	14	14	27	23	16	2	2	1	11	2	23	12	7	4	3	23	20	2	14	14	7	20	20	20	7	27	20	1	23	1	1	26	14	2	26	14	23	1	2	23	14	4	14	15	4	22	14	4	14	27	11	15	4	1	1	3	2	23	27	14	22	14	1	14	4	22	14	2	14	14	26	1	7	27	20	2	13	1	26	11	1	26	14	4	3	23	14	14	3	24	14	4	27	3	14	14	27	11	14	1	27	14	3	14	23	12	14	14	2	14	26	2	22	23	2	14	23	2	1	1	14	19	8	27	3	25	14	16	26	14	14	4	23	14	3	24	14	4	14	14	1	14	14	27	14	3	1	14	23	10	10	23	12	2	23	23	23	17	11	27	23	2	7	4	4	27	27	19	7	27	4	2	25	14	14	14	14	14	14	26	26	14	16	16	14	4	20	1	14	14	9	9	14	27	7	23	23	26	23	23	4	26	23	8	14	2	27	20	2	14	14	27	6	14	14	7	27	21	14	24
DUE_DATE
0	30427	29456	31245	30094	29603	30192	29707	30296	29805	30874	30443	29952	29987	30016	30045	30614	30103	31872	30701	30190	30219	30248	30300	30882	30384	31446	31008	30510	30552	31127	30616	31185	30674	31723	31272	30761	30790	31359	30848	30887	31936	31485	30974	31003	31032	31601	31090	32139	31148	31179	31200	31221	31242	31803	31284	31305	33066	31887	32388	33129	33150	33171	32472	32047	31556	33345	32194	31703	32292	31785	31812	33579	32406	31893	32940	33687	32994	33741	33048	33075	32622	32106	32670	32154	32178	32202	32766	33990	33294	32298	34062	33366	32935	34172	33489	32506	33563	33120	32617	32654	32717	32776	32835	34634	33973	32977	34736	34035	33574	34793	34812	34831	33650	33129	34168	33707	33186	33205	34244	33783	35057	33376	33435	35234	34573	35325	34632	35379	35406	34233	33720	33747	33774	34341	33828	34395	35631	34944	34497	35010	34563	35796	35109	35862	34155	35194	34190	34206	34222	34238	34794	34270	36026	35322	34858	34334	35370	34906	36122	35418	35434	34430	34446	34491	34524	34557	35130	34623	36396	36429	35262	34755	35340	36582	36624	36666	35988	36030	35052	36831	35124	35697	35190	35763	36996	35829	35322	36375	37125	36432	37179	35466	36513	36060	35547	35574	36141	35628	35655	35695	37472	36309	35806	36863	37620	36937	37694	37011	37044	36597	36090	36123	36696	36189	36222	36255	36281	38044	37347	36350	36913	38136	37439	36982	38205	38228	37051	36534	37577	37121	36604	36627	37190	38413	36696	36719	37762	37785	38528	37831	38574	38597	37425	36912	36939	37506	36993	37020	37587	38814	38121	37668	38175	38917	38216	38955	38254	37253	37812	37291	37310	37329	37348	37907	37386	39145	38444	37983	37507	38096	39345	38674	39443	38772	37817	38896	37935	37994	38053	38647	38156	39945	38254	38843	39372	39405	38952	40179	39486	38493	38520	38547	40314	39141	38628	39195	38681	39244	40467	39290	38773	39816	40559	39862	40605	39908	39451	38934	38957	38977	38996	39555	39034	40793	39612	39091	40130	40869	40168	40907	40206	40225	39764	39243	40320	39342	39384	39426	40008	41250	39552	39587	40156	41385	40694	41443	40752	40301	40810	40359	40868	39907	39956	40005	40594	40103	41892	40191	41964	41997	41310	41343	42096	41409	40962	40455	41515	41072	40569	40606	41183	40680	42457	41294	40800	42582	41904	42666	41988	42750	41592	41100	42162	41184	41226	41808	41310	41352	43147	41996	41505	42574	42623	42192	43431	42744	41757	41790	42843	41856	41889	42462	41955	41981	43744	42567	43070	42073	43836	43139	42682	43905	42188	43951	43974	42797	42307	42896	42405	43474	43043	42552	43677	43776	44595	43920	44682	43524	43566	43068	44850	43152	43257	43356	43995	43481	44044	43527	44570	44593	45336	44639	45382	44685	44228	43711	44754	43757	43795	43832	44409	43906	45683	43980	45037	45794	45127	44696	45945	45274	44843	44352	45477	44556	44655	45257	44776	45375	44894	46693	46757	45616	45675	46934	46273	46377	45456	46575	46131	46164	45657	45690	46263	47496	47529	45822	46395	47635	46952	46989	47746	47063	46080	47137	46694	46195	46772	46269	46306	46343	48120	46417	46454	48257	47596	48375	47714	47293	47827	46856	47925	46954	47543	47052	47095	47672	47709	48946	48263	47280	49057	48374	49119	48420	47421	49182	48003	47484	48045	47526	47547	48108	49329	47610	48651	48192	49497	48876	49695	49015	48572	48069	48646	48143	48720	48217	48254	48835	50072	48369	49426	50183	49500	50257	49574	49147	49196	48705	49774	48803	48852	48882	49446	48930	50694	48978	50022	50766	50070	50814	50118	49662	49686	49185	50232	49239	49266	49833	49320	49887	51114	49401	51168	51195	50515	50552	51309	51346	50183	50700	50257	49754	50331	49824	49857	51630	49923	50496	51009	51762	51075	50635	51872	50169	51226	50783	50820	50317	50894	50385	50412	52179	50466	51513	51540	52287	51594	52341	51648	50655	50707	51776	50805	50854	51443	50952	50982	51546	51570	52794	52098	51102	52866	52170	51714	52938	51222	52986	51835	51872	51369	51946	51443	53220	51517	52574	52605	53352	52659	53406	52233	52260	51747	53514	51801	51828	52395	51882	52446	53670	52494	51978	53022	53766	53070	53814	53118	53142	52686	52195	52232	52269	52306	52343	52920	54157	53474	52491	53064	54297	53610	54363	53676	53709	53262	53775	52817	52876	52935	52994	53053	54815	53092	54849	53666	54883	54180	54917	54214	53751	53228	54265	53802	53279	53836	53313	53870	55087	53957	53476	55275	54614	55393	54715	55472	54309	53806	53843	53880	54457	53954	55757	55816	55155	54734	55273	54831	56064	55377	56130	54423	55476	54489	54522	54555	55125	54612	54639	55686	56433	55260	54747	55794	55341	56568	55875	56672	56026	55080	56894	55185	55212	55779	55266	55833	55320	56367	57114	56421	57168	56475	55607	57496	56335	55832	57609	56926	57683	57000	56557	57794	57872	56746	58020	57374	58125	57432	56979	58206	56493	57540	58287	57594	58341	58368	57675	58697	57597	57156	58995	58311	59064	58377	59130	59163	58476	57489	58542	58575	59347	58676	58245	59494	58343	57852	59657	58996	58575	59834	59173
TRANSPORT_MODE
0	1	1	2	0	0	0	0	1	1	2	0	0	0	0	0	1	1	2	0	0	0	0	0	1	1	2	0	0	0	0	0	1	1	1	0	0	0	0	0	2	1	1	2	0	0	0	0	1	1	1	0	0	0	0	0	0	1	1	1	0	0	0	0	2	1	1	0	0	0	0	0	3	1	1	0	0	0	0	0	2	1	1	0	0	0	0	0	3	1	1	0	0	0	0	0	2	1	1	1	0	0	0	0	3	1	1	0	0	0	0	0	2	1	1	1	0	0	0	0	0	3	1	1	0	0	0	0	0	2	1	1	0	0	0	0	0	3	1	1	0	0	0	0	0	2	1	1	0	0	0	0	0	3	1	1	1	0	0	0	0	2	1	1	0	0	0	0	0	3	1	1	1	0	0	0	0	0	2	1	1	0	0	0	0	3	1	1	0	0	0	0	0	2	1	1	0	0	0	0	0	3	1	1	0	0	0	0	0	1	2	1	1	0	0	0	0	0	3	1	1	0	0	0	0	0	1	2	1	1	0	0	0	0	3	1	1	0	0	0	0	0	2	1	1	0	0	0	0	0	3	1	1	0	0	0	0	0	2	1	1	0	0	0	0	0	3	1	1	1	0	0	0	0	2	1	1	0	0	0	0	0	3	1	1	1	0	0	0	0	0	2	1	1	0	0	0	0	0	3	1	1	0	0	0	0	2	1	1	0	0	0	0	0	3	1	1	0	0	0	0	0	2	1	1	1	0	0	0	0	3	1	1	0	0	0	0	0	0	2	1	1	1	0	0	0	0	3	1	1	0	0	0	0	0	2	1	1	0	0	0	0	0	3	1	1	0	0	0	0	0	2	1	1	0	0	0	0	0	3	1	1	2	0	0	0	0	1	1	1	0	0	0	0	0	3	1	1	1	0	0	0	0	2	1	3	0	0	0	0	0	1	1	2	0	0	0	0	0	1	1	3	0	0	0	0	0	1	1	2	0	0	0	0	0	1	1	1	0	0	0	0	0	3	1	1	0	0	0	0	0	2	1	1	1	0	0	0	0	0	3	1	1	0	0	0	0	2	1	1	0	0	0	0	0	3	1	1	0	0	0	0	0	2	1	1	0	0	0	0	0	3	1	1	0	0	0	0	0	2	1	1	0	0	0	0	0	1	3	1	1	0	0	0	0	2	1	1	0	0	0	0	0	3	1	1	0	0	0	0	0	2	1	1	0	0	0	0	0	3	1	1	0	0	0	0	0	2	1	1	0	0	0	0	0	3	1	1	0	0	0	0	0	1	2	1	1	0	0	0	0	3	1	1	0	0	0	0	0	2	1	1	0	0	0	0	3	1	1	0	0	0	0	0	2	1	1	0	0	0	0	0	3	1	1	0	0	0	0	0	1	2	1	0	0	0	0	0	0	1	3	1	1	0	0	0	0	1	2	1	0	0	0	0	3	1	1	0	0	0	0	0	2	1	1	0	0	0	0	0	3	1	1	0	0	0	0	0	2	1	1	0	0	0	0	0	3	1	1	0	0	0	0	0	1	2	1	1	0	0	0	0	3	1	1	0	0	0	0	0	1	1	1	0	0	0	0	0	3	1	1	0	0	0	0	2	1	1	0	0	0	0	0	3	1	1	0	0	0	0	0	2	1	1	0	0	0	0	0	1	3	1	1	0	0	0	0	0	2	1	1	0	0	0	0	1	1	1	0	0	0	0	0	3	1	1	0	0	0	0	0	3	1	1	0	0	0	0	0	3	1	1	0	0	0	0	0	3	1	1	0	0	0	0	0	3	1	1	1	0	0	0	0	3	1	1	0	0	0	0	0
PATIENT_WEIGHT
93	133	49	57	133	34	139	35	90	91	123	145	146	71	34	141	35	69	67	135	133	139	93	132	118	144	146	54	30	72	39	87	52	60	121	95	90	124	38	49	138	52	100	111	115	125	74	102	54	149	72	33	147	33	113	43	65	128	73	105	65	56	36	40	100	138	150	130	34	92	68	129	72	136	74	149	63	40	109	125	72	57	119	56	119	102	122	135	95	144	31	133	107	52	85	78	121	150	133	111	136	78	148	71	104	55	43	59	35	131	110	135	70	72	47	86	120	80	56	38	91	44	45	145	83	150	69	147	47	53	144	141	80	119	53	117	149	36	135	54	133	31	132	126	127	79	132	31	32	116	86	101	83	86	84	121	112	36	42	100	115	139	122	112	112	121	123	148	109	66	144	125	145	146	84	112	97	32	120	78	64	47	49	130	67	124	100	55	80	111	133	35	69	108	32	76	37	71	44	71	136	80	33	86	96	87	39	45	93	90	143	57	60	100	55	90	109	33	148	113	68	50	119	150	122	49	78	85	35	112	34	112	130	146	109	114	107	146	74	39	71	81	31	150	112	67	93	109	123	103	41	30	36	111	58	34	67	134	115	61	97	127	112	59	90	146	55	113	149	78	135	117	90	101	40	40	39	128	47	65	144	87	108	122	101	139	133	144	125	69	138	34	60	119	67	77	115	66	36	56	137	135	129	64	88	116	123	136	120	89	58	133	60	90	76	91	34	46	126	91	37	85	134	105	33	45	46	96	136	129	40	30	128	97	107	49	149	90	53	104	98	135	73	81	105	99	98	129	33	96	114	59	88	128	109	34	49	134	79	30	146	93	131	33	137	32	55	130	113	111	143	68	91	34	136	97	61	41	147	49	118	68	101	118	34	85	138	56	72	118	147	126	82	114	52	82	39	38	133	57	113	89	47	35	94	76	66	142	56	46	131	74	127	89	55	42	47	139	80	65	74	52	99	42	144	132	46	113	94	123	134	49	31	55	48	34	100	82	90	84	48	67	51	92	70	92	31	101	110	122	141	129	58	58	65	61	139	103	72	36	59	91	48	60	76	63	91	99	102	114	47	64	124	52	60	33	62	124	146	132	134	33	122	112	113	100	50	85	57	36	45	129	120	42	145	72	75	42	109	53	67	101	94	63	40	72	105	115	133	81	148	149	69	35	133	36	69	117	101	71	121	136	53	136	89	128	42	66	147	126	73	113	51	33	89	59	68	106	40	45	37	128	110	137	110	35	62	38	61	54	51	124	92	78	71	129	135	112	47	145	113	57	135	48	66	131	133	58	40	34	57	142	118	119	50	44	149	89	91	109	53	37	105	53	76	60	72	81	108	114	142	57	73	131	42	90	142	137	81	110	102	112	80	143	42	105	130	73	112	110	89	102	32	92	94	44	37	135	108	106	96	141	121	90	109	108	128	113	112	91	92	132	61	118	99	83	123	126	72	113	51	92	138	128	68	34	53	149	104	52	124	94	144	64	146	42	122	36	81	137	144	105	121	135	123	62	150	30	70	52	118	130	146	147	41	114	102	46	99	138	58	46	117	112	50	87	111	138	85	137	52	45	75	60	111	46	95	106	62	132	53	87	131	82	89	149	118	85	64	102	49	138	149	121	105	89	102	81	73	57	33	83	106	52	130	119	85	92	134	78	120	119	143	147	111	50	97	82	80	112	90	116	86	130	105	57	140	50	147	81	76	113	147	53	38	100	123	122	135	122	71	97	145	102	117	38	71	45	37	67	69	98	107	103	135	48	39	85	65	122	73	115	139	141	71	54	113	42	93	71	125	116	145	131	132	43	98	114	141	102	41
DISTANCE_MATRIX
0	360	318	300	288	276	264	264	150	150	150	60	90	90	162	168	204	228	234	312	360	408	348	318	168	192	168	318
360	60	264	318	324	342	342	342	348	348	354	360	372	378	378	420	420	480	462	498	462	462	384	420	372	420	378	378
318	264	60	270	276	288	288	288	294	294	294	318	318	324	324	414	414	468	462	486	462	462	330	366	366	408	372	324
300	318	270	60	276	288	288	288	288	288	288	300	300	312	318	408	408	468	462	486	438	438	318	360	360	402	360	312
288	324	276	276	60	276	276	276	276	276	276	288	288	300	300	402	396	462	456	480	432	432	300	360	360	402	348	300
276	342	288	288	276	60	180	180	252	258	264	264	264	288	288	390	390	456	450	480	432	432	288	348	348	348	288	288
264	342	288	288	276	180	60	180	246	258	264	264	264	288	288	390	390	456	450	480	432	432	288	348	348	348	288	288
264	342	288	288	276	180	180	60	240	258	264	264	264	288	288	390	390	456	450	480	432	432	288	348	348	348	288	288
150	348	294	288	276	252	246	240	60	120	120	150	126	270	270	378	384	420	438	480	420	408	276	300	300	300	276	270
150	348	294	288	276	258	258	258	120	60	120	150	150	270	270	378	384	420	438	480	420	408	276	300	300	300	276	270
150	354	294	288	276	264	264	264	120	120	60	150	150	270	270	378	384	420	438	480	420	408	276	300	300	300	276	270
60	360	318	300	288	264	264	264	150	150	150	60	90	162	168	228	234	312	360	408	348	318	168	192	192	198	168	162
90	372	318	300	288	264	264	264	150	150	150	90	60	162	168	228	234	312	360	408	348	318	168	192	192	198	168	162
90	378	324	312	300	288	288	288	270	270	270	162	162	60	120	180	180	306	210	360	300	300	120	180	120	180	120	234
162	378	324	318	300	288	288	288	270	270	270	168	168	120	60	180	180	306	210	360	300	300	120	180	120	180	120	120
168	420	414	408	402	348	348	348	300	300	300	228	228	180	180	60	132	204	132	348	258	258	186	60	180	132	222	180
204	420	414	408	396	390	390	390	384	384	384	234	234	180	180	132	60	204	132	348	258	258	186	60	180	132	222	180
228	480	468	468	462	456	456	456	420	420	420	312	312	306	306	204	204	60	198	120	240	240	306	204	306	138	306	306
234	462	462	462	456	450	450	450	438	438	438	360	360	210	210	132	132	198	60	138	132	132	210	132	210	132	210	210
312	498	486	486	480	480	480	480	480	480	480	408	408	360	360	348	348	120	138	60	348	348	360	348	360	348	360	360
360	462	462	438	432	432	432	432	420	420	420	348	348	300	300	258	258	240	132	348	60	60	300	258	300	258	300	300
408	462	462	438	432	432	432	432	408	408	408	318	318	300	300	258	258	240	132	348	60	60	300	258	300	258	300	300
348	384	330	318	300	288	288	288	276	276	276	168	168	120	120	186	186	306	210	360	300	300	60	186	120	186	120	120
318	420	366	360	360	348	348	348	300	300	300	192	192	180	180	60	60	204	132	348	258	258	186	60	180	60	180	180
168	372	300	306	300	288	288	288	270	270	270	168	168	120	120	180	180	306	210	360	300	300	120	180	60	180	120	120
192	420	408	402	402	348	348	348	300	300	300	198	198	180	180	132	132	138	132	348	258	258	186	60	180	60	180	180
168	378	372	360	348	288	288	288	276	276	276	168	168	120	120	222	222	306	210	360	300	300	120	180	120	180	60	120
318	378	324	312	300	288	288	288	270	270	270	162	162	234	120	180	180	306	210	360	300	300	120	180	120	180	120	60
DEPOTS_DISTANCE
234	462	462	462	456	450	450	450	438	438	438	360	360	210	210	132	132	198	60	138	132	132	210	132	210	132	210	210	
348	384	330	318	300	288	288	288	276	276	276	168	168	120	120	186	186	306	210	360	300	300	60	186	120	186	120	120	
318	420	366	360	360	348	348	348	300	300	300	192	192	180	180	60	60	204	132	348	258	258	186	60	180	60	180	180	
LOCATION_TURN_MATRIX
100	130	122	113	112	199	136	122	129	152	173	146	151	136	158	140	176	113	122	167	194	134	110	172	114	184	100	147	
170	100	154	188	164	169	136	136	152	170	104	183	155	115	101	104	155	187	174	115	149	134	178	168	114	135	168	102	
178	146	100	161	178	114	104	165	117	139	126	169	192	109	120	179	160	152	154	134	113	140	154	179	196	196	192	181	
187	112	139	100	158	114	195	181	104	132	195	106	183	169	132	170	140	136	172	148	116	110	123	136	151	120	176	169	
188	136	122	142	100	175	164	159	112	100	167	164	135	191	132	181	104	123	142	156	108	117	193	182	116	147	156	185	
101	131	186	186	125	100	190	147	164	150	137	102	145	176	185	131	113	108	117	186	118	151	140	178	154	189	172	110	
164	164	196	105	136	110	100	186	153	151	183	193	111	157	144	123	188	142	110	163	105	190	166	187	170	171	186	126	
178	164	135	119	141	153	114	100	106	130	108	103	151	178	122	151	130	133	184	177	110	141	166	110	122	174	191	197	
171	148	183	196	188	136	147	194	100	167	100	146	168	129	128	142	172	118	174	147	105	158	156	160	120	106	119	136	
148	130	161	168	200	150	149	170	133	100	177	106	175	116	188	180	176	194	108	146	130	187	183	173	128	141	169	176	
127	196	174	105	133	163	117	192	200	123	100	171	175	140	183	115	104	186	128	153	151	175	100	146	191	117	132	197	
154	117	131	194	136	198	107	197	154	194	129	100	136	184	140	147	172	184	148	131	103	156	185	200	152	158	154	143	
149	145	108	117	165	155	189	149	132	125	125	164	100	140	199	142	101	144	163	185	117	191	200	143	113	165	102	154	
164	185	191	131	109	124	143	122	171	184	160	116	160	100	109	116	196	113	131	186	166	139	183	175	144	161	105	170	
142	199	180	168	168	115	156	178	172	112	117	160	101	191	100	147	177	177	199	158	172	188	164	175	180	168	154	195	
160	196	121	130	119	169	177	149	158	120	185	153	158	184	153	100	152	159	197	157	181	159	102	123	168	200	124	186	
124	145	140	160	196	187	112	170	128	124	196	128	199	104	123	148	100	149	114	112	117	135	105	132	138	180	198	156	
187	113	148	164	177	192	158	167	182	106	114	116	156	187	123	141	151	100	166	132	168	163	159	123	129	173	161	116	
178	126	146	128	158	183	190	116	126	192	172	152	137	169	101	103	186	134	100	184	199	137	130	160	148	113	140	150	
133	185	166	152	144	114	137	123	153	154	147	169	115	114	142	143	188	168	116	100	111	195	128	157	191	164	141	171	
106	151	187	184	192	182	195	190	195	170	149	197	183	134	128	119	183	132	101	189	100	129	151	163	147	166	104	177	
166	166	160	190	183	149	110	159	142	113	125	144	109	161	112	141	165	137	163	105	171	100	101	185	169	129	103	197	
190	122	146	177	107	160	134	134	144	117	200	115	100	117	136	198	195	141	170	172	149	199	100	106	150	116	118	145	
128	132	121	164	118	122	113	190	140	127	154	100	157	125	125	177	168	177	140	143	137	115	194	100	128	167	115	155	
186	186	104	149	184	146	130	178	180	172	109	148	187	156	120	132	162	171	152	109	153	131	150	172	100	155	124	184	
116	165	104	180	153	111	129	126	194	159	183	142	135	139	132	100	120	127	187	136	134	171	184	133	145	100	129	192	
200	132	108	124	144	128	114	109	181	131	168	146	198	195	146	176	102	139	160	159	196	197	182	185	176	171	100	146	
153	198	119	131	115	190	174	103	164	124	103	157	146	130	105	114	144	184	150	129	123	103	155	145	116	108	154	100	
DEPOTS_TO_LOCAL_TURN_MATRIX
178	126	146	128	158	183	190	116	126	192	172	152	137	169	101	103	186	134	100	184	199	137	130	160	148	113	140	150	
190	122	146	177	107	160	134	134	144	117	200	115	100	117	136	198	195	141	170	172	149	199	100	106	150	116	118	145	
128	132	121	164	118	122	113	190	140	127	154	100	157	125	125	177	168	177	140	143	137	115	194	100	128	167	115	155	
LOCAL_TO_DEPOT_TURN_MATRIX
122	174	154	172	142	117	110	184	174	108	128	148	163	131	199	197	114	166	100	116	101	163	170	140	152	187	160	150	
110	178	154	123	193	140	166	166	156	183	100	185	200	183	164	102	105	159	130	128	151	101	100	194	150	184	182	155	
172	168	179	136	182	178	187	110	160	173	146	200	143	175	175	123	132	123	160	157	163	185	106	100	172	133	185	145	

