INDEX_PROBLEM
1
PATIENTS
800
STRETCHERS
16
NUM_ROOM
28
NUM_DEPOT
3
NUM_PRIORITY
4
PRIORITY_LIST
0	1	2	3	4
PRIORITY_WEIGHT
0	1	10	18	30
PRIORITY_JOB
0	2	3	2	2	3	3	3	3	1	2	3	2	3	4	3	2	3	1	3	2	3	4	3	4	2	3	2	3	3	4	4	2	3	1	2	3	3	3	2	3	3	4	2	4	3	3	2	3	3	4	2	4	3	3	3	4	1	3	1	1	2	1	1	1	2	3	2	1	2	4	3	3	3	1	2	2	1	1	2	1	3	2	3	1	3	2	3	4	4	1	2	2	2	1	2	1	3	3	2	1	3	2	3	4	3	4	2	1	2	1	2	1	3	3	1	2	3	3	4	2	3	1	3	2	3	1	1	2	2	1	2	1	4	3	2	3	3	3	2	3	4	1	1	1	2	1	2	1	3	3	2	3	4	3	2	3	2	1	2	1	1	4	2	3	3	3	4	3	4	1	1	2	2	1	2	1	1	3	2	3	2	3	3	3	2	1	1	2	1	2	2	1	1	3	4	2	1	3	4	3	3	3	1	2	1	2	2	1	2	2	3	4	1	3	4	3	3	2	3	2	1	1	2	1	2	2	3	1	2	3	4	2	3	1	4	2	1	1	1	2	2	3	1	2	4	3	3	2	3	3	1	2	3	1	1	1	2	4	1	2	3	3	2	3	4	3	1	3	2	2	1	2	1	3	4	2	3	2	3	4	4	1	3	1	1	2	1	2	1	1	2	4	2	2	3	3	3	3	1	1	1	2	1	1	2	2	3	2	3	3	4	3	3	2	1	4	1	1	2	2	1	1	2	3	2	2	3	4	3	3	1	4	1	2	1	2	2	3	2	3	1	2	3	4	2	3	2	1	4	1	1	1	2	2	3	1	3	4	2	3	1	2	1	3	2	1	2	1	2	3	3	1	2	3	3	2	3	4	3	1	4	1	2	1	1	2	3	2	3	3	2	3	4	2	1	3	1	1	2	1	1	1	2	2	4	3	4	1	3	2	3	1	2	2	1	1	2	1	2	3	2	3	3	3	3	3	1	4	1	2	2	1	2	1	1	2	3	2	3	4	3	2	1	3	1	1	2	1	1	2	4	1	2	3	2	3	4	3	1	1	1	2	1	1	1	3	4	2	2	3	3	3	2	3	1	1	2	2	2	1	1	3	2	3	3	4	3	3	2	1	2	3	2	1	1	2	3	4	2	3	4	3	3	2	3	1	2	1	1	2	1	1	1	3	1	3	4	3	3	3	3	4	2	1	2	1	1	2	1	3	1	2	3	2	3	3	3	2	1	3	2	1	1	2	1	1	2	3	2	3	4	3	4	1	2	2	2	1	2	1	1	3	1	2	3	2	3	4	3	1	1	1	2	1	1	2	3	4	2	4	3	3	3	2	3	1	1	2	1	2	1	1	3	2	3	3	4	3	3	2	4	1	2	2	1	2	2	3	3	2	3	4	3	3	2	3	4	1	1	1	2	1	1	1	2	1	3	4	3	3	3	3	1	2	2	1	1	2	4	3	1	2	3	2	3	4	3	2	1	3	1	2	1	1	2	1	2	3	4	2	3	3	3	1	1	2	3	2	2	1	2	1	1	2	3	3	2	3	4	3	2	1	3	1	1	2	1	1	4	2	3	3	4	3	2	1	1	2	3	1	2	2	1	2	3	1	3	4	3	3	2	3	1	2	3	4	1	2	1	2	2	3	1	4	3	3	2	3	2	1	3	1	2	1	1	2	2	3	4	4	3	3	3	4	1	2	3	1	2	1	1	1	1	2	1	1	2	2	1	3	2	3	1	1	2	2	1	2	1	1	2	1	1	1	1	2	3	2	3	1	1	2	1	2	1	4	1	1	1	2	1	2	1	2	3	2	1	1	1	2
TIME_ASKED
0	28849	28898	28947	28996	29045	29094	29149	29198	29247	29296	29345	29394	29429	29458	29487	29516	29545	29574	29603	29632	29661	29690	29742	29784	29826	29868	29910	29952	29994	30029	30058	30087	30116	30145	30174	30203	30232	30261	30290	30329	30358	30387	30416	30445	30474	30503	30532	30561	30590	30621	30642	30663	30684	30705	30726	30747	30768	30789	30810	30831	30852	30873	30894	30949	30998	31047	31096	31145	31194	31227	31254	31281	31308	31335	31362	31389	31416	31443	31470	31497	31524	31548	31572	31596	31620	31644	31668	31692	31716	31740	31764	31788	31837	31874	31911	31948	31985	32022	32059	32096	32159	32218	32277	32336	32395	32419	32438	32457	32476	32495	32514	32533	32552	32571	32590	32609	32628	32647	32666	32685	32759	32818	32877	32936	32995	33027	33054	33081	33108	33135	33162	33189	33216	33243	33270	33297	33333	33366	33399	33432	33465	33498	33531	33564	33597	33616	33632	33648	33664	33680	33696	33712	33728	33744	33760	33776	33792	33808	33824	33840	33856	33872	33888	33933	33966	33999	34032	34065	34098	34131	34164	34197	34242	34284	34326	34368	34410	34452	34494	34533	34566	34599	34632	34665	34698	34731	34764	34797	34827	34854	34881	34908	34935	34962	34989	35016	35043	35070	35097	35137	35174	35211	35248	35285	35322	35359	35396	35433	35466	35499	35532	35565	35598	35631	35664	35697	35723	35746	35769	35792	35815	35838	35861	35884	35907	35930	35953	35976	35999	36023	36046	36069	36092	36115	36138	36161	36184	36207	36230	36253	36276	36299	36327	36354	36381	36408	36435	36462	36489	36516	36543	36570	36597	36619	36638	36657	36676	36695	36714	36733	36752	36771	36790	36809	36828	36847	36866	36885	36949	36998	37047	37096	37145	37194	37259	37318	37377	37436	37495	37549	37598	37647	37696	37745	37794	37827	37854	37881	37908	37935	37962	37989	38016	38043	38070	38097	38123	38146	38169	38192	38215	38238	38261	38284	38307	38330	38353	38376	38399	38419	38438	38457	38476	38495	38514	38533	38552	38571	38590	38609	38628	38647	38666	38685	38742	38784	38826	38868	38910	38952	38994	39029	39058	39087	39116	39145	39174	39203	39232	39261	39290	39349	39398	39447	39496	39545	39594	39633	39666	39699	39732	39765	39798	39831	39864	39897	39937	39974	40011	40048	40085	40122	40159	40196	40242	40284	40326	40368	40410	40452	40494	40542	40584	40626	40668	40710	40752	40794	40849	40898	40947	40996	41045	41094	41133	41166	41199	41232	41265	41298	41331	41364	41397	41423	41446	41469	41492	41515	41538	41561	41584	41607	41630	41653	41676	41699	41749	41798	41847	41896	41945	41994	42099	42198	42297	42342	42384	42426	42468	42510	42552	42594	42699	42798	42897	42923	42946	42969	42992	43015	43038	43061	43084	43107	43130	43153	43176	43199	43237	43274	43311	43348	43385	43422	43459	43496	43549	43598	43647	43696	43745	43794	43899	43998	44097	44159	44218	44277	44336	44395	44459	44518	44577	44636	44695	44799	44898	44997	45033	45066	45099	45132	45165	45198	45231	45264	45297	45337	45374	45411	45448	45485	45522	45559	45596	45637	45674	45711	45748	45785	45822	45859	45896	45959	46018	46077	46136	46195	46249	46298	46347	46396	46445	46494	46537	46574	46611	46648	46685	46722	46759	46796	46821	46842	46863	46884	46905	46926	46947	46968	46989	47010	47031	47052	47073	47094	47199	47298	47397	47437	47474	47511	47548	47585	47622	47659	47696	47737	47774	47811	47848	47885	47922	47959	47996	48049	48098	48147	48196	48245	48294	48324	48348	48372	48396	48420	48444	48468	48492	48516	48540	48564	48588	48627	48654	48681	48708	48735	48762	48789	48816	48843	48870	48897	48937	48974	49011	49048	49085	49122	49159	49196	49233	49266	49299	49332	49365	49398	49431	49464	49497	49537	49574	49611	49648	49685	49722	49759	49796	49827	49854	49881	49908	49935	49962	49989	50016	50043	50070	50097	50149	50198	50247	50296	50345	50394	50424	50448	50472	50496	50520	50544	50568	50592	50616	50640	50664	50688	50737	50774	50811	50848	50885	50922	50959	50996	51027	51054	51081	51108	51135	51162	51189	51216	51243	51270	51297	51324	51348	51372	51396	51420	51444	51468	51492	51516	51540	51564	51588	51637	51674	51711	51748	51785	51822	51859	51896	51933	51966	51999	52032	52065	52098	52131	52164	52197	52259	52318	52377	52436	52495	52517	52534	52551	52568	52585	52602	52619	52636	52653	52670	52687	52704	52721	52738	52755	52772	52789	52859	52918	52977	53036	53095	53137	53174	53211	53248	53285	53322	53359	53396	53459	53518	53577	53636	53695	53733	53766	53799	53832	53865	53898	53931	53964	53997	54027	54054	54081	54108	54135	54162	54189	54216	54243	54270	54297	54374	54448	54522	54596	54627	54654	54681	54708	54735	54762	54789	54816	54843	54870	54897	55049	55198	55237	55274	55311	55348	55385	55422	55459	55496	55574	55648	55722	55796	55827	55854	55881	55908	55935	55962	55989	56016	56043	56070	56097	56399	56499	56598	56697	56733	56766	56799	56832	56865	56898	56931	56964	56997	57049	57098	57147	57196	57245	57294	57359	57418	57477	57536	57595
ORIGIN
26	16	6	27	19	7	27	23	1	1	23	10	26	14	14	14	23	14	14	23	14	4	26	16	5	26	16	7	14	27	7	14	23	9	1	14	11	2	23	13	2	23	14	3	20	2	14	14	14	6	27	18	7	27	20	8	1	14	10	2	22	23	2	26	27	3	23	14	14	24	15	5	26	16	7	27	4	26	14	3	14	1	23	11	16	23	13	2	23	14	3	24	15	14	1	7	14	1	18	7	14	20	8	1	23	10	1	23	20	2	14	14	14	23	14	4	24	15	4	26	16	6	14	19	7	27	2	14	14	3	10	2	2	12	2	23	14	3	24	14	4	26	27	7	14	1	7	27	1	8	1	23	10	1	23	11	2	14	14	14	27	3	4	24	15	4	26	16	6	27	26	7	27	14	14	3	14	17	2	23	12	2	23	14	3	23	2	4	25	11	14	1	25	14	27	20	8	14	23	9	1	23	11	2	23	14	14	27	14	14	14	14	4	14	16	5	27	18	7	27	20	14	3	14	17	2	23	12	2	23	14	3	23	14	14	24	15	14	1	25	14	4	19	8	27	23	9	1	23	11	2	2	12	2	27	14	14	27	14	4	26	16	5	26	17	7	27	26	8	1	14	14	2	27	11	2	23	13	3	23	14	4	27	15	11	26	25	14	3	26	15	27	23	8	1	23	10	2	23	22	2	27	14	14	27	14	4	26	16	5	26	16	7	27	9	26	27	23	14	3	14	20	2	23	13	2	23	14	3	24	14	20	26	7	14	3	26	14	27	20	8	1	23	10	2	23	12	2	26	14	14	27	14	14	24	15	5	26	16	7	27	26	8	3	23	9	3	16	20	2	23	13	2	23	14	3	24	14	4	26	7	5	1	26	14	2	20	8	1	23	10	1	23	12	2	23	14	14	27	14	14	27	15	4	26	16	6	27	11	7	27	23	14	3	14	20	2	23	12	2	23	14	3	24	14	4	26	14	5	26	14	1	26	14	27	1	23	10	1	23	11	2	23	14	2	27	14	14	27	11	4	26	16	6	27	19	7	27	22	8	14	17	3	2	23	27	2	23	14	3	23	14	4	25	16	5	1	16	14	1	26	14	27	23	9	1	23	11	2	23	13	2	23	14	27	20	14	4	26	16	5	27	18	7	27	20	8	1	17	2	22	23	2	14	23	14	3	23	14	4	24	15	5	26	25	14	4	26	14	14	23	9	1	23	11	2	23	12	2	27	14	14	27	15	14	27	16	5	26	17	7	27	20	8	14	23	2	27	20	2	14	23	13	3	23	14	4	24	15	4	26	14	3	26	14	2	14	23	8	1	23	10	2	23	12	2	23	14	3	15	14	27	11	16	5	26	16	7	27	20	8	27	23	9	9	20	2	14	23	13	2	23	14	3	24	14	4	26	3	6	26	14	2	14	11	8	1	23	10	2	23	12	2	14	14	27	14	14	27	24	15	5	26	16	7	27	19	8	27	14	9	16	20	2	14	14	13	2	23	14	3	24	14	4	1	14	5	27	26	14	2	26	14	1	23	10	1	23	12	2	23	14	14	23	14	14	27	11	2	26	16	6	27	19	7	27	23	14	1	23	20	2	22	14	2	23	14	3	23	14	4	26	16	14	26	16	7	1	26	14	14	23	9	1	23	11	2	23	13	2	27	14	14	27	11	14	1	16	6	27	18	7	27	21	8	14	23	10	2	22	23	2	23	14	3	14	14	4	25	16	5	26	16	14	5	26	14	3	14	9	1	23	27	2	23	13	2	23	14	3	27	20	14	1	7	5	27	18	7	27	20	8	1	14	10	1	27	23	2	7	14
DESTINATION
3	14	17	2	22	23	2	26	23	14	27	14	14	4	25	16	1	25	9	4	26	14	3	14	14	3	16	20	2	23	13	2	27	14	14	5	15	14	1	7	14	1	26	14	7	27	20	8	1	17	2	27	20	2	14	14	14	16	14	14	19	7	27	23	23	14	3	26	10	2	14	14	3	14	20	2	23	14	4	26	16	14	27	15	16	27	7	14	1	26	14	1	11	2	23	13	2	23	27	20	3	14	14	14	27	14	14	27	7	27	20	8	1	3	26	14	2	14	14	3	14	17	3	22	23	2	24	15	5	26	14	14	27	11	14	1	25	14	1	26	14	3	23	13	2	23	20	2	24	14	14	27	14	14	27	20	14	20	8	1	23	23	14	2	14	14	3	14	17	2	14	23	2	15	4	26	16	6	14	27	11	14	1	25	14	4	27	14	14	12	2	23	14	3	2	14	14	4	27	14	14	27	15	14	1	8	1	23	10	1	4	26	14	2	14	14	2	27	20	2	14	4	26	16	6	27	27	11	14	1	25	14	3	26	2	2	14	2	23	14	3	23	22	14	2	27	14	14	27	15	14	27	11	14	23	9	1	23	26	14	3	14	14	3	9	20	2	14	14	14	16	5	27	18	20	14	1	7	14	3	26	14	23	14	12	3	14	3	23	14	11	2	26	14	14	27	14	14	27	19	14	23	9	1	23	26	14	3	14	14	3	16	20	2	17	14	3	27	5	26	16	7	27	1	7	14	1	26	14	2	26	11	3	13	3	23	14	4	2	14	14	14	27	14	14	27	11	14	23	25	1	23	10	2	2	14	14	3	14	20	2	14	14	26	27	14	26	16	7	27	27	7	14	1	26	14	1	26	14	3	13	14	23	14	3	24	14	14	14	27	14	14	27	11	27	1	25	8	23	10	2	23	14	14	3	14	17	2	12	23	2	27	15	26	16	7	27	27	11	14	1	25	14	1	26	14	3	2	14	14	3	24	14	4	23	14	27	14	14	27	20	14	1	8	14	23	10	1	23	12	14	3	14	17	2	22	23	2	2	14	4	6	26	27	7	23	14	1	25	14	4	26	14	14	14	14	23	14	3	24	14	4	2	27	14	14	27	15	14	27	7	14	1	1	23	11	2	14	3	14	14	2	27	20	2	14	14	14	6	27	19	7	27	4	1	25	14	3	26	14	2	14	14	3	14	3	23	14	4	25	27	14	14	27	15	14	27	11	14	23	26	1	23	11	2	23	14	14	3	9	20	2	14	14	16	27	27	18	7	27	20	1	7	14	3	26	14	2	14	14	3	3	23	14	4	24	15	26	14	14	27	14	14	27	11	14	1	1	14	11	2	23	12	14	14	3	16	20	2	14	14	3	27	14	17	7	27	20	1	7	14	1	26	14	2	26	14	3	23	17	14	4	24	15	12	14	14	27	14	14	27	11	14	8	25	23	10	2	23	2	14	14	3	14	20	2	22	14	2	5	14	16	7	27	20	8	7	14	1	26	14	1	26	14	23	2	14	2	14	3	24	14	4	14	27	14	14	27	11	14	1	25	1	3	10	2	23	12	24	3	14	17	2	22	23	2	27	5	14	27	7	27	19	8	14	1	25	14	5	26	14	3	14	2	3	16	20	24	14	3	4	27	14	14	27	20	14	1	7	14	23	26	1	23	12	2	23	14	17	2	27	23	2	7	14	16	27	14	27	19	7	27	1	25	14	2	26	14	14	14	14	3	14	3	23	14	4	26	16	14	14	27	23	14	27	7	14	1	26	14	23	11	2	23	13	14	2	27	20	2	14	14	14	16	14	14	18	7	27	21	8
DUE_DATE
0	30427	29996	30525	30574	30143	30192	30247	30296	31545	30874	30443	30972	30527	30016	30585	31094	30643	31872	30701	31210	30759	30248	30840	30342	31404	30966	31488	31050	31092	30587	30616	31665	31214	32443	31752	31301	31330	31359	31868	31427	31456	30945	31994	31003	31572	31601	32110	31659	31688	31179	32220	31221	31782	31803	31824	31305	33066	31887	33108	33129	32430	33171	33192	33247	32576	32145	32674	33443	32772	31785	32352	32379	32406	33633	32940	32967	33714	33741	33048	33795	32622	33126	32670	33894	32718	33222	32766	32250	32274	34038	33342	33366	33415	34172	33489	34246	33083	33120	33637	34394	33257	33796	33375	32894	33493	32977	34016	34755	34054	34793	34092	34831	33650	33669	34888	34187	33726	33745	33224	34263	33857	35116	33975	34514	34093	35325	35352	34659	34686	35433	34740	35487	33774	34341	34848	34395	34431	34464	34977	34530	34023	35796	35829	35862	35175	35914	35210	35946	34762	34778	35274	34810	34286	34842	35338	34874	35370	36106	35402	36138	36154	34430	35466	35031	35064	35097	34590	35163	34656	36429	36462	35775	35820	36582	35904	36666	36708	35550	36072	35631	36144	35697	35730	35763	36276	37029	37062	36375	37125	36432	36459	37206	37233	36060	35547	36594	37341	36168	35655	36235	36272	36309	37546	36863	37620	36937	36974	37731	37044	37077	36630	36123	37896	36729	36222	36795	36821	37324	36867	37370	38113	38136	37439	38182	37485	37508	37051	38274	37577	37121	36604	37647	37190	38413	36696	37739	38482	38505	38528	37831	37854	37397	38625	37932	36939	37506	37533	38040	37587	37614	38841	38148	37695	38917	38936	38955	38254	37253	39012	38311	37850	37869	38368	37907	37386	37945	39164	37983	38527	38576	39345	38674	39443	38292	37817	38896	38475	39014	38593	38107	38156	39945	38794	40043	40092	39405	40152	39459	40206	40233	39540	38547	39594	39621	39168	39195	39221	39244	40467	40490	40513	39816	40559	40582	39885	39908	39451	39954	39497	39517	38996	39555	39574	40073	40812	39091	40850	40869	40168	40187	40926	40945	40244	39783	40320	40362	39924	39426	40008	40050	41292	39587	41356	40665	41414	40723	40752	40301	40810	40359	41588	40927	40496	40005	41074	40643	41172	41931	40224	41997	42030	42063	41376	41409	40962	42195	41035	40532	41589	41146	42383	41700	42457	41294	41820	42582	41904	42666	41988	41550	41592	42840	42162	41724	41766	42288	41850	41352	41947	43196	41505	43294	42623	43392	43431	42744	42297	42810	42363	42396	42909	42462	41955	43001	43744	42567	43790	43813	43116	43859	43882	43905	43208	43231	42234	42797	42307	44096	42945	43474	43043	44292	43677	43776	44595	44640	43962	44724	44046	43608	44130	43692	43797	43896	43995	44021	45244	43527	45290	44593	44616	45359	44662	45405	45428	44731	44274	44777	44335	43832	44409	44926	45683	44520	45757	45794	45127	45896	45945	45274	44303	46092	45477	45096	45675	45257	44776	45375	46634	46693	46757	46096	46875	46934	46993	45897	45456	46575	46611	46164	46197	46230	46743	46296	47529	47562	46875	46915	46952	47709	47746	46583	47100	46657	46694	46195	46772	46809	47326	48083	47400	46957	47474	48257	48316	47655	47234	46753	47827	47396	46905	47494	47543	48072	47635	48872	48189	48946	48983	48300	49057	49094	49119	47940	49161	47982	47463	48024	48045	48066	48087	47568	48609	49350	48651	49392	49497	48876	49695	48535	49772	49089	48646	49163	48720	48757	48794	49315	50072	48909	49426	50183	50220	49537	50294	50347	49676	49245	49774	49343	48852	49422	48906	50670	49974	49998	50022	50766	50070	50814	50838	49662	50886	50205	49752	50259	49806	49293	49860	51087	51114	51141	50448	51195	51235	50552	50109	49606	50663	49680	50257	50294	50331	50844	50397	51630	51663	50976	51729	51042	51795	51835	50672	51189	50746	50783	50280	50857	50894	51405	50412	52179	51486	51513	52260	51567	51594	51141	51168	51675	51247	50756	51345	51394	51923	51492	50982	52746	52770	52794	52098	52842	52866	52890	52194	52938	51762	51246	51835	51872	51909	51946	53183	52500	52537	53294	53325	52632	51639	52206	53433	52740	52287	52794	52341	51828	52395	52902	53646	52470	53694	52998	53742	53766	53070	53814	53118	52662	52146	53215	52772	52809	52846	54083	54120	53437	52994	53511	53544	54297	53610	54363	54396	53709	53262	53295	53837	53416	52935	53534	54073	54815	53632	54849	54866	54163	54900	54917	53194	54231	53768	53785	53262	53819	54316	55053	55070	54367	53957	55216	54555	54614	55393	54715	54272	55509	54346	53843	54420	54457	54974	54557	55816	55155	54734	54253	56031	55344	56097	55410	55443	54996	56229	54522	55095	55125	55632	55179	55686	56433	55260	56487	55794	56541	56568	55875	55952	55546	55080	55154	55725	55752	55779	55266	57033	56340	55887	57114	56421	57168	57195	57347	57496	56815	57572	57609	56926	56963	57720	56557	57074	56672	57946	58020	57374	57405	58152	57459	58206	58233	57540	58287	58314	58341	58368	57675	57497	58077	57696	58995	59031	58344	59097	58410	59163	57456	59229	59262	59295	58627	59396	58725	59494	58823	58392	58937	59716	59775	59834	59173
TRANSPORT_MODE
0	2	1	1	0	0	0	0	2	1	1	2	0	0	0	0	1	1	2	0	0	0	0	0	1	1	2	1	0	0	0	0	0	1	1	2	0	0	0	0	0	1	1	2	0	0	0	0	0	1	1	1	0	0	0	0	0	3	1	1	0	0	0	0	0	2	1	1	3	0	0	0	0	1	1	2	0	0	0	0	0	1	1	1	3	0	0	0	0	1	1	2	0	0	0	0	0	0	1	1	3	0	0	0	0	1	1	1	0	0	0	0	0	0	2	1	1	0	0	0	0	0	3	1	1	2	0	0	0	0	1	1	3	0	0	0	0	0	1	1	2	1	0	0	0	0	1	1	3	0	0	0	0	0	1	1	2	0	0	0	0	0	1	1	1	0	0	0	0	0	3	1	1	0	0	0	0	0	2	1	1	0	0	0	0	0	3	1	1	0	0	0	0	0	2	1	1	3	0	0	0	0	1	1	1	0	0	0	0	0	0	2	1	3	0	0	0	0	1	1	1	0	0	0	0	0	0	2	1	1	0	0	0	0	3	1	1	0	0	0	0	0	2	1	1	0	0	0	0	0	1	3	1	1	0	0	0	0	2	1	1	0	0	0	0	0	0	3	1	1	0	0	0	0	2	1	1	0	0	0	0	0	0	1	3	1	0	0	0	0	0	1	2	1	0	0	0	0	1	3	1	0	0	0	0	0	1	2	1	1	0	0	0	0	0	3	1	1	0	0	0	0	0	1	2	1	0	0	0	0	1	3	1	0	0	0	0	0	0	1	2	1	0	0	0	0	0	1	3	1	0	0	0	0	1	2	1	0	0	0	0	0	1	3	1	1	0	0	0	0	0	1	2	1	0	0	0	0	0	1	3	1	0	0	0	0	1	2	1	0	0	0	0	0	0	1	1	3	0	0	0	0	1	2	0	1	0	0	0	0	1	1	3	0	0	0	0	0	1	1	2	1	0	0	0	0	1	3	1	0	0	0	0	0	0	1	1	1	0	0	0	0	1	3	1	0	0	0	0	0	0	1	1	2	0	0	0	0	1	1	3	0	0	0	0	0	1	1	2	0	0	0	0	0	1	1	3	1	0	0	0	0	1	2	1	0	0	0	0	0	1	1	1	0	0	0	0	0	1	2	1	0	0	0	0	0	1	1	3	0	0	0	0	0	1	1	2	0	0	0	0	0	1	1	3	0	0	0	0	0	1	1	2	1	0	0	0	0	1	3	1	0	0	0	0	0	1	1	1	0	0	0	0	1	3	1	0	0	0	0	0	0	1	1	2	0	0	0	0	1	1	3	0	0	0	0	0	1	2	1	0	0	0	0	0	1	1	3	1	0	0	0	0	1	2	1	0	0	0	0	0	1	1	1	0	0	0	0	0	1	2	1	0	0	0	0	0	1	3	1	0	0	0	0	0	1	2	1	0	0	0	0	1	3	1	0	0	0	0	0	1	2	1	1	0	0	0	0	1	3	1	0	0	0	0	0	1	2	1	1	0	0	0	0	0	3	1	1	0	0	0	0	0	1	2	1	0	0	0	0	0	1	3	1	0	0	0	0	0	1	2	1	0	0	0	0	1	3	1	1	0	0	0	0	2	1	1	0	0	0	0	0	0	3	1	1	1	0	0	0	0	2	1	1	0	0	0	0	0	1	3	1	0	0	0	0	0	2	1	1	0	0	0	0	0	3	1	1	0	0	0	0	3	1	1	3	0	0	0	0	1	1	1	0	0	0	0	0	0	3	1	1	3	0	0	0	0	1	1	1	0	0	0	0	0	3	1	1	0	0	0	0	0	3	1	1	0	0	0	0	0
PATIENT_WEIGHT
138	67	52	83	58	30	114	102	143	108	114	75	144	142	102	88	52	133	94	48	134	45	75	42	36	83	109	45	43	69	95	104	84	108	78	131	101	50	52	35	94	139	72	126	35	126	129	126	113	115	135	57	86	63	96	69	113	149	82	71	100	98	55	81	115	85	66	38	71	60	141	87	77	46	77	86	150	141	125	147	113	54	139	150	102	114	128	90	147	147	140	126	42	69	120	49	88	145	64	132	143	143	43	114	56	44	110	147	147	43	110	134	118	72	79	79	30	48	37	49	31	115	132	31	136	98	74	33	87	134	61	148	134	141	58	43	97	126	76	149	69	99	120	138	44	85	32	107	137	107	93	148	117	55	127	50	32	128	61	101	38	42	76	58	57	114	65	69	38	70	63	81	61	132	142	123	76	102	113	93	112	38	79	68	79	45	93	139	47	111	123	114	108	115	130	129	90	101	115	145	38	102	142	138	142	92	51	69	55	73	118	79	113	30	43	109	96	100	130	59	108	50	78	100	127	45	71	39	131	107	121	83	63	124	100	143	122	89	57	118	88	83	88	102	90	88	141	90	132	116	70	44	69	75	147	122	110	97	94	51	113	79	141	93	140	99	132	141	87	30	75	104	136	89	89	83	94	124	101	73	133	105	108	80	49	111	103	101	71	30	94	117	73	89	81	111	31	137	56	72	134	116	137	88	107	47	109	64	41	40	49	41	82	59	112	46	62	58	93	52	70	43	103	62	36	65	32	47	136	138	54	98	98	117	59	59	100	55	34	143	118	59	39	91	143	55	68	85	91	68	138	132	144	104	131	90	137	41	135	33	70	119	32	34	62	64	47	125	110	129	49	52	60	58	118	130	50	72	38	58	142	121	31	123	143	70	60	149	139	120	66	34	80	64	78	42	49	134	131	119	37	87	50	45	119	41	122	39	45	50	136	97	33	103	116	79	73	109	119	78	136	56	124	99	140	99	104	118	75	67	38	101	139	92	137	49	107	146	113	141	149	45	79	147	136	113	117	137	148	91	127	125	112	150	126	119	53	116	82	86	49	79	46	31	108	80	72	138	56	99	40	133	35	118	60	45	128	58	81	94	41	70	31	86	64	109	67	134	116	122	97	147	55	94	67	115	136	140	102	144	149	119	48	33	38	128	92	77	104	33	122	99	42	147	98	129	78	34	110	105	119	66	80	107	82	141	133	55	48	79	146	141	44	112	68	75	86	90	141	85	36	72	102	86	113	133	92	53	87	40	92	72	37	144	114	149	91	37	126	85	62	117	90	101	66	147	95	147	91	85	73	98	30	83	101	108	137	33	130	47	142	64	66	90	104	92	65	36	51	76	34	54	122	103	69	118	31	31	33	110	96	104	127	114	96	46	95	81	92	72	88	68	127	139	49	93	51	49	89	103	39	138	31	84	96	133	115	67	114	144	42	52	131	110	41	112	35	31	80	109	139	65	52	41	73	54	91	134	132	104	64	96	135	108	125	80	30	116	146	144	66	63	141	118	73	136	54	45	63	121	112	79	111	108	96	86	128	116	124	132	119	91	55	55	111	42	48	115	68	138	101	144	54	81	53	138	120	46	68	119	77	108	86	132	51	77	112	60	103	73	135	54	68	87	85	137	87	48	131	89	131	98	63	123	49	141	98	126	34	35	129	61	134	86	37	86	79	39	96	30	150	103	118	112	118	77	123	75	138	40	106	81	89	128	30	47	70	150	67	104	87	138	133	117	37	68	85	50	144	57	106	64	95	38	46	104	34	98	140	37	139	144	56	82	36	99	135	31	63	145	127	74	101	62	58	46	64	42	39	150	54
DISTANCE_MATRIX
0	360	318	300	288	276	264	264	150	150	150	60	90	90	162	168	204	228	234	312	360	408	348	318	168	192	168	318
360	60	264	318	324	342	342	342	348	348	354	360	372	378	378	420	420	480	462	498	462	462	384	420	372	420	378	378
318	264	60	270	276	288	288	288	294	294	294	318	318	324	324	414	414	468	462	486	462	462	330	366	366	408	372	324
300	318	270	60	276	288	288	288	288	288	288	300	300	312	318	408	408	468	462	486	438	438	318	360	360	402	360	312
288	324	276	276	60	276	276	276	276	276	276	288	288	300	300	402	396	462	456	480	432	432	300	360	360	402	348	300
276	342	288	288	276	60	180	180	252	258	264	264	264	288	288	390	390	456	450	480	432	432	288	348	348	348	288	288
264	342	288	288	276	180	60	180	246	258	264	264	264	288	288	390	390	456	450	480	432	432	288	348	348	348	288	288
264	342	288	288	276	180	180	60	240	258	264	264	264	288	288	390	390	456	450	480	432	432	288	348	348	348	288	288
150	348	294	288	276	252	246	240	60	120	120	150	126	270	270	378	384	420	438	480	420	408	276	300	300	300	276	270
150	348	294	288	276	258	258	258	120	60	120	150	150	270	270	378	384	420	438	480	420	408	276	300	300	300	276	270
150	354	294	288	276	264	264	264	120	120	60	150	150	270	270	378	384	420	438	480	420	408	276	300	300	300	276	270
60	360	318	300	288	264	264	264	150	150	150	60	90	162	168	228	234	312	360	408	348	318	168	192	192	198	168	162
90	372	318	300	288	264	264	264	150	150	150	90	60	162	168	228	234	312	360	408	348	318	168	192	192	198	168	162
90	378	324	312	300	288	288	288	270	270	270	162	162	60	120	180	180	306	210	360	300	300	120	180	120	180	120	234
162	378	324	318	300	288	288	288	270	270	270	168	168	120	60	180	180	306	210	360	300	300	120	180	120	180	120	120
168	420	414	408	402	348	348	348	300	300	300	228	228	180	180	60	132	204	132	348	258	258	186	60	180	132	222	180
204	420	414	408	396	390	390	390	384	384	384	234	234	180	180	132	60	204	132	348	258	258	186	60	180	132	222	180
228	480	468	468	462	456	456	456	420	420	420	312	312	306	306	204	204	60	198	120	240	240	306	204	306	138	306	306
234	462	462	462	456	450	450	450	438	438	438	360	360	210	210	132	132	198	60	138	132	132	210	132	210	132	210	210
312	498	486	486	480	480	480	480	480	480	480	408	408	360	360	348	348	120	138	60	348	348	360	348	360	348	360	360
360	462	462	438	432	432	432	432	420	420	420	348	348	300	300	258	258	240	132	348	60	60	300	258	300	258	300	300
408	462	462	438	432	432	432	432	408	408	408	318	318	300	300	258	258	240	132	348	60	60	300	258	300	258	300	300
348	384	330	318	300	288	288	288	276	276	276	168	168	120	120	186	186	306	210	360	300	300	60	186	120	186	120	120
318	420	366	360	360	348	348	348	300	300	300	192	192	180	180	60	60	204	132	348	258	258	186	60	180	60	180	180
168	372	300	306	300	288	288	288	270	270	270	168	168	120	120	180	180	306	210	360	300	300	120	180	60	180	120	120
192	420	408	402	402	348	348	348	300	300	300	198	198	180	180	132	132	138	132	348	258	258	186	60	180	60	180	180
168	378	372	360	348	288	288	288	276	276	276	168	168	120	120	222	222	306	210	360	300	300	120	180	120	180	60	120
318	378	324	312	300	288	288	288	270	270	270	162	162	234	120	180	180	306	210	360	300	300	120	180	120	180	120	60
DEPOTS_DISTANCE
234	462	462	462	456	450	450	450	438	438	438	360	360	210	210	132	132	198	60	138	132	132	210	132	210	132	210	210	
348	384	330	318	300	288	288	288	276	276	276	168	168	120	120	186	186	306	210	360	300	300	60	186	120	186	120	120	
318	420	366	360	360	348	348	348	300	300	300	192	192	180	180	60	60	204	132	348	258	258	186	60	180	60	180	180	
LOCATION_TURN_MATRIX
100	130	122	113	112	199	136	122	129	152	173	146	151	136	158	140	176	113	122	167	194	134	110	172	114	184	100	147	
170	100	154	188	164	169	136	136	152	170	104	183	155	115	101	104	155	187	174	115	149	134	178	168	114	135	168	102	
178	146	100	161	178	114	104	165	117	139	126	169	192	109	120	179	160	152	154	134	113	140	154	179	196	196	192	181	
187	112	139	100	158	114	195	181	104	132	195	106	183	169	132	170	140	136	172	148	116	110	123	136	151	120	176	169	
188	136	122	142	100	175	164	159	112	100	167	164	135	191	132	181	104	123	142	156	108	117	193	182	116	147	156	185	
101	131	186	186	125	100	190	147	164	150	137	102	145	176	185	131	113	108	117	186	118	151	140	178	154	189	172	110	
164	164	196	105	136	110	100	186	153	151	183	193	111	157	144	123	188	142	110	163	105	190	166	187	170	171	186	126	
178	164	135	119	141	153	114	100	106	130	108	103	151	178	122	151	130	133	184	177	110	141	166	110	122	174	191	197	
171	148	183	196	188	136	147	194	100	167	100	146	168	129	128	142	172	118	174	147	105	158	156	160	120	106	119	136	
148	130	161	168	200	150	149	170	133	100	177	106	175	116	188	180	176	194	108	146	130	187	183	173	128	141	169	176	
127	196	174	105	133	163	117	192	200	123	100	171	175	140	183	115	104	186	128	153	151	175	100	146	191	117	132	197	
154	117	131	194	136	198	107	197	154	194	129	100	136	184	140	147	172	184	148	131	103	156	185	200	152	158	154	143	
149	145	108	117	165	155	189	149	132	125	125	164	100	140	199	142	101	144	163	185	117	191	200	143	113	165	102	154	
164	185	191	131	109	124	143	122	171	184	160	116	160	100	109	116	196	113	131	186	166	139	183	175	144	161	105	170	
142	199	180	168	168	115	156	178	172	112	117	160	101	191	100	147	177	177	199	158	172	188	164	175	180	168	154	195	
160	196	121	130	119	169	177	149	158	120	185	153	158	184	153	100	152	159	197	157	181	159	102	123	168	200	124	186	
124	145	140	160	196	187	112	170	128	124	196	128	199	104	123	148	100	149	114	112	117	135	105	132	138	180	198	156	
187	113	148	164	177	192	158	167	182	106	114	116	156	187	123	141	151	100	166	132	168	163	159	123	129	173	161	116	
178	126	146	128	158	183	190	116	126	192	172	152	137	169	101	103	186	134	100	184	199	137	130	160	148	113	140	150	
133	185	166	152	144	114	137	123	153	154	147	169	115	114	142	143	188	168	116	100	111	195	128	157	191	164	141	171	
106	151	187	184	192	182	195	190	195	170	149	197	183	134	128	119	183	132	101	189	100	129	151	163	147	166	104	177	
166	166	160	190	183	149	110	159	142	113	125	144	109	161	112	141	165	137	163	105	171	100	101	185	169	129	103	197	
190	122	146	177	107	160	134	134	144	117	200	115	100	117	136	198	195	141	170	172	149	199	100	106	150	116	118	145	
128	132	121	164	118	122	113	190	140	127	154	100	157	125	125	177	168	177	140	143	137	115	194	100	128	167	115	155	
186	186	104	149	184	146	130	178	180	172	109	148	187	156	120	132	162	171	152	109	153	131	150	172	100	155	124	184	
116	165	104	180	153	111	129	126	194	159	183	142	135	139	132	100	120	127	187	136	134	171	184	133	145	100	129	192	
200	132	108	124	144	128	114	109	181	131	168	146	198	195	146	176	102	139	160	159	196	197	182	185	176	171	100	146	
153	198	119	131	115	190	174	103	164	124	103	157	146	130	105	114	144	184	150	129	123	103	155	145	116	108	154	100	
DEPOTS_TO_LOCAL_TURN_MATRIX
178	126	146	128	158	183	190	116	126	192	172	152	137	169	101	103	186	134	100	184	199	137	130	160	148	113	140	150	
190	122	146	177	107	160	134	134	144	117	200	115	100	117	136	198	195	141	170	172	149	199	100	106	150	116	118	145	
128	132	121	164	118	122	113	190	140	127	154	100	157	125	125	177	168	177	140	143	137	115	194	100	128	167	115	155	
LOCAL_TO_DEPOT_TURN_MATRIX
122	174	154	172	142	117	110	184	174	108	128	148	163	131	199	197	114	166	100	116	101	163	170	140	152	187	160	150	
110	178	154	123	193	140	166	166	156	183	100	185	200	183	164	102	105	159	130	128	151	101	100	194	150	184	182	155	
172	168	179	136	182	178	187	110	160	173	146	200	143	175	175	123	132	123	160	157	163	185	106	100	172	133	185	145	

