INDEX_PROBLEM
1
PATIENTS
800
STRETCHERS
16
NUM_ROOM
28
NUM_DEPOT
3
NUM_PRIORITY
4
PRIORITY_LIST
0	1	2	3	4
PRIORITY_WEIGHT
0	1	10	18	30
PRIORITY_JOB
0	2	3	2	3	4	3	4	3	1	3	4	3	3	4	3	4	2	3	4	3	3	4	3	4	1	3	4	4	3	4	3	2	3	4	4	4	3	4	3	1	2	4	3	4	3	4	3	4	2	3	3	4	3	4	3	4	1	2	3	1	2	1	1	1	1	3	4	2	4	3	4	3	1	4	3	2	2	1	1	2	1	3	1	4	3	3	4	4	2	3	2	1	2	1	2	3	4	1	2	4	3	3	4	1	4	2	2	1	2	2	1	3	3	4	2	4	4	3	4	3	3	1	1	3	1	1	2	1	4	2	3	4	4	3	3	3	4	1	3	1	2	1	2	4	2	3	4	3	4	3	3	2	1	1	2	1	2	1	2	4	4	2	4	3	4	4	3	2	3	1	4	1	2	1	1	2	2	3	1	3	4	3	4	4	1	4	2	1	2	1	1	2	3	1	3	3	4	3	4	1	4	4	1	2	2	1	1	3	2	3	1	4	3	3	4	2	1	4	2	2	2	1	2	4	4	2	3	3	4	3	4	3	4	2	1	2	1	1	1	2	3	3	4	4	4	3	4	3	2	3	1	2	1	1	1	3	4	2	4	3	4	3	3	3	1	4	2	2	1	2	1	1	2	4	4	3	4	4	3	2	2	3	1	2	1	2	1	4	2	3	2	4	3	4	4	3	1	4	1	2	1	2	1	2	3	1	3	3	3	4	4	1	4	1	3	2	1	2	1	2	2	4	1	3	4	3	3	4	2	1	4	1	2	2	1	2	4	2	3	3	4	4	3	4	2	3	1	2	1	1	2	1	3	4	2	3	4	4	3	3	3	1	1	3	2	1	1	2	4	4	2	4	4	3	4	3	1	3	1	1	2	2	1	1	2	4	4	3	4	3	4	3	2	2	3	1	2	1	2	2	4	2	2	4	3	4	3	4	4	1	2	1	1	1	2	1	3	4	1	3	3	4	3	4	1	1	4	2	2	1	2	2	1	3	1	2	4	3	4	3	1	4	4	1	2	2	1	2	3	2	3	4	4	3	4	3	4	2	1	2	3	2	1	2	1	4	2	3	3	4	4	3	3	1	1	4	3	2	1	1	2	4	2	3	4	4	3	4	3	1	1	2	1	2	1	2	1	4	4	2	3	4	3	4	3	3	1	2	2	2	1	2	1	4	2	3	4	4	3	4	4	1	2	3	2	2	1	2	1	1	3	4	1	3	4	3	4	4	2	3	1	1	2	2	1	1	2	4	3	4	3	3	4	1	4	2	2	1	2	2	1	3	2	4	3	4	3	4	4	1	2	3	4	2	1	2	1	2	3	1	3	4	3	4	3	1	3	4	2	2	2	1	1	3	4	1	4	4	3	3	3	1	2	4	1	2	2	1	2	2	3	4	4	3	4	4	3	1	2	4	1	2	2	1	2	2	3	2	4	3	4	3	4	1	4	3	1	2	1	2	1	1	3	4	1	3	4	4	3	2	3	1	1	2	1	2	1	2	4	1	3	3	4	3	4	2	3	2	1	2	2	1	4	2	4	2	4	3	3	4	3	1	3	4	2	1	2	1	2	3	1	4	3	4	3	2	1	3	4	2	2	1	1	1	3	4	1	4	3	4	3	3	4	1	3	4	2	2	1	1	2	3	4	3	4	3	3	4	2	1	2	2	2	1	2	1	3	4	2	4	3	4	3	4	1	3	1	2	1	2	2	1	1	3	4	1	1	1	2	2	2	3	1	1	1	2	2	1	4	1	1	2	1	2	2	1	3	4	2	2	1	1	1	2	1	3	4	2	1	2	1	2	1	2	4	1	2	1	2	2
TIME_ASKED
0	28849	28898	28947	28996	29045	29094	29149	29198	29247	29296	29345	29394	29429	29458	29487	29516	29545	29574	29603	29632	29661	29690	29742	29784	29826	29868	29910	29952	29994	30029	30058	30087	30116	30145	30174	30203	30232	30261	30290	30329	30358	30387	30416	30445	30474	30503	30532	30561	30590	30621	30642	30663	30684	30705	30726	30747	30768	30789	30810	30831	30852	30873	30894	30949	30998	31047	31096	31145	31194	31227	31254	31281	31308	31335	31362	31389	31416	31443	31470	31497	31524	31548	31572	31596	31620	31644	31668	31692	31716	31740	31764	31788	31837	31874	31911	31948	31985	32022	32059	32096	32159	32218	32277	32336	32395	32419	32438	32457	32476	32495	32514	32533	32552	32571	32590	32609	32628	32647	32666	32685	32759	32818	32877	32936	32995	33027	33054	33081	33108	33135	33162	33189	33216	33243	33270	33297	33333	33366	33399	33432	33465	33498	33531	33564	33597	33616	33632	33648	33664	33680	33696	33712	33728	33744	33760	33776	33792	33808	33824	33840	33856	33872	33888	33933	33966	33999	34032	34065	34098	34131	34164	34197	34242	34284	34326	34368	34410	34452	34494	34533	34566	34599	34632	34665	34698	34731	34764	34797	34827	34854	34881	34908	34935	34962	34989	35016	35043	35070	35097	35137	35174	35211	35248	35285	35322	35359	35396	35433	35466	35499	35532	35565	35598	35631	35664	35697	35723	35746	35769	35792	35815	35838	35861	35884	35907	35930	35953	35976	35999	36023	36046	36069	36092	36115	36138	36161	36184	36207	36230	36253	36276	36299	36327	36354	36381	36408	36435	36462	36489	36516	36543	36570	36597	36619	36638	36657	36676	36695	36714	36733	36752	36771	36790	36809	36828	36847	36866	36885	36949	36998	37047	37096	37145	37194	37259	37318	37377	37436	37495	37549	37598	37647	37696	37745	37794	37827	37854	37881	37908	37935	37962	37989	38016	38043	38070	38097	38123	38146	38169	38192	38215	38238	38261	38284	38307	38330	38353	38376	38399	38419	38438	38457	38476	38495	38514	38533	38552	38571	38590	38609	38628	38647	38666	38685	38742	38784	38826	38868	38910	38952	38994	39029	39058	39087	39116	39145	39174	39203	39232	39261	39290	39349	39398	39447	39496	39545	39594	39633	39666	39699	39732	39765	39798	39831	39864	39897	39937	39974	40011	40048	40085	40122	40159	40196	40242	40284	40326	40368	40410	40452	40494	40542	40584	40626	40668	40710	40752	40794	40849	40898	40947	40996	41045	41094	41133	41166	41199	41232	41265	41298	41331	41364	41397	41423	41446	41469	41492	41515	41538	41561	41584	41607	41630	41653	41676	41699	41749	41798	41847	41896	41945	41994	42099	42198	42297	42342	42384	42426	42468	42510	42552	42594	42699	42798	42897	42923	42946	42969	42992	43015	43038	43061	43084	43107	43130	43153	43176	43199	43237	43274	43311	43348	43385	43422	43459	43496	43549	43598	43647	43696	43745	43794	43899	43998	44097	44159	44218	44277	44336	44395	44459	44518	44577	44636	44695	44799	44898	44997	45033	45066	45099	45132	45165	45198	45231	45264	45297	45337	45374	45411	45448	45485	45522	45559	45596	45637	45674	45711	45748	45785	45822	45859	45896	45959	46018	46077	46136	46195	46249	46298	46347	46396	46445	46494	46537	46574	46611	46648	46685	46722	46759	46796	46821	46842	46863	46884	46905	46926	46947	46968	46989	47010	47031	47052	47073	47094	47199	47298	47397	47437	47474	47511	47548	47585	47622	47659	47696	47737	47774	47811	47848	47885	47922	47959	47996	48049	48098	48147	48196	48245	48294	48324	48348	48372	48396	48420	48444	48468	48492	48516	48540	48564	48588	48627	48654	48681	48708	48735	48762	48789	48816	48843	48870	48897	48937	48974	49011	49048	49085	49122	49159	49196	49233	49266	49299	49332	49365	49398	49431	49464	49497	49537	49574	49611	49648	49685	49722	49759	49796	49827	49854	49881	49908	49935	49962	49989	50016	50043	50070	50097	50149	50198	50247	50296	50345	50394	50424	50448	50472	50496	50520	50544	50568	50592	50616	50640	50664	50688	50737	50774	50811	50848	50885	50922	50959	50996	51027	51054	51081	51108	51135	51162	51189	51216	51243	51270	51297	51324	51348	51372	51396	51420	51444	51468	51492	51516	51540	51564	51588	51637	51674	51711	51748	51785	51822	51859	51896	51933	51966	51999	52032	52065	52098	52131	52164	52197	52259	52318	52377	52436	52495	52517	52534	52551	52568	52585	52602	52619	52636	52653	52670	52687	52704	52721	52738	52755	52772	52789	52859	52918	52977	53036	53095	53137	53174	53211	53248	53285	53322	53359	53396	53459	53518	53577	53636	53695	53733	53766	53799	53832	53865	53898	53931	53964	53997	54027	54054	54081	54108	54135	54162	54189	54216	54243	54270	54297	54374	54448	54522	54596	54627	54654	54681	54708	54735	54762	54789	54816	54843	54870	54897	55049	55198	55237	55274	55311	55348	55385	55422	55459	55496	55574	55648	55722	55796	55827	55854	55881	55908	55935	55962	55989	56016	56043	56070	56097	56399	56499	56598	56697	56733	56766	56799	56832	56865	56898	56931	56964	56997	57049	57098	57147	57196	57245	57294	57359	57418	57477	57536	57595
ORIGIN
26	16	6	25	25	7	27	23	25	25	23	26	14	14	14	2	3	14	16	14	3	4	26	16	14	14	16	9	9	14	27	7	13	9	14	14	11	2	23	26	26	2	14	20	2	14	14	27	27	6	27	18	7	27	20	8	23	14	10	2	14	23	2	26	9	14	23	14	14	24	15	23	14	14	7	9	9	26	14	3	14	14	23	14	14	23	14	7	16	14	7	5	15	14	1	3	3	5	18	26	27	20	8	1	26	7	17	27	20	2	14	14	14	14	14	4	24	19	4	27	23	16	26	19	26	2	14	27	26	26	10	2	23	14	2	14	16	14	27	4	9	27	16	13	13	14	16	27	1	11	1	13	26	13	14	14	2	14	14	14	14	4	27	24	15	4	8	16	8	16	26	26	2	22	14	18	1	5	14	23	12	24	24	14	1	14	5	14	4	26	14	5	14	1	1	20	11	14	23	9	7	7	16	2	24	15	14	7	7	7	1	14	4	27	16	5	14	8	23	2	14	14	14	14	14	23	23	25	2	23	14	3	26	14	16	16	11	2	2	25	23	27	14	8	27	14	2	23	14	14	23	23	15	9	27	14	13	13	23	7	26	4	8	26	13	23	23	14	2	14	14	8	3	18	27	3	23	13	3	23	13	27	14	27	14	1	25	14	14	26	14	14	23	14	23	23	10	5	3	2	20	14	1	3	3	1	4	27	16	5	23	16	14	5	7	20	20	3	14	14	3	26	1	14	13	2	20	14	3	9	27	14	14	1	7	14	3	7	1	23	8	1	23	10	26	14	12	16	26	26	8	1	27	14	14	16	5	26	16	23	14	4	14	14	14	14	14	27	16	14	23	4	2	23	4	3	20	27	7	23	14	7	14	14	26	17	18	27	1	23	10	1	14	14	2	27	27	14	14	27	14	11	11	27	14	26	11	3	14	14	3	12	14	3	14	27	10	4	14	16	23	14	3	24	14	14	5	14	14	14	1	14	14	7	20	23	23	10	23	23	14	27	14	14	14	27	14	14	3	27	27	23	16	6	27	19	7	27	22	2	4	12	4	14	12	26	4	3	14	3	23	14	14	14	3	16	4	14	4	14	1	26	7	20	9	26	14	11	26	27	1	7	27	14	27	27	2	2	3	27	5	27	18	7	2	20	14	27	14	17	2	22	23	2	20	2	3	12	14	4	24	15	14	25	14	14	4	26	3	26	26	2	1	20	11	2	23	12	4	20	7	14	26	15	14	23	23	27	20	10	7	27	20	27	14	23	14	2	27	20	14	7	16	1	23	14	4	14	15	4	22	22	14	11	26	14	2	14	3	1	3	3	2	23	27	3	14	14	23	4	15	14	7	11	2	26	1	7	27	20	2	23	1	14	11	14	20	2	14	2	23	23	14	3	24	14	4	27	14	3	3	26	14	8	14	14	2	3	14	2	23	12	14	26	12	14	27	14	14	27	23	26	2	23	1	14	19	8	27	3	3	3	14	20	2	14	14	27	2	14	20	24	14	4	14	1	1	26	14	2	26	14	23	14	1	10	1	23	12	2	23	27	27	8	8	14	27	11	15	3	16	23	27	19	7	27	3	14	1	14	14	22	14	2	26	24	14	3	16	14	4	20	2	24	26	14	14	1	26	14	4	23	9	1	23	4	26	23	8	8	23	14	14	27	11	14	1	23	6	3	18	7	27	21	14	26	23	2	2	22	23	2	2	14	3	2	26	4	25	16	27	25	16	16	16	26	14	14	24	9	1	3	14	2	23	13	2	14	14	27	27	14	3	1	14	5	27	18	7	27	20	8	23	27	10	1	27	23	2	7	16
DESTINATION
3	14	17	14	14	23	2	26	14	14	27	14	4	25	16	27	26	25	16	9	26	14	3	14	9	9	16	14	14	2	23	13	7	14	5	5	15	14	1	3	3	27	26	7	27	20	8	23	23	17	2	27	20	2	14	14	27	16	14	14	25	7	27	23	14	26	3	26	26	2	14	27	26	26	20	14	14	3	4	26	16	4	27	9	9	27	16	13	16	9	13	14	11	2	23	26	26	14	27	14	2	14	14	14	14	20	6	18	7	27	20	8	8	26	26	14	2	22	14	18	1	14	14	22	14	24	15	23	14	14	14	14	4	26	14	5	14	1	23	14	14	23	14	7	7	5	16	2	24	15	14	7	3	7	5	26	27	20	8	1	8	14	23	2	14	14	14	14	14	16	14	14	24	19	4	27	23	14	16	27	11	2	2	25	23	26	14	10	23	14	2	14	16	14	14	14	15	9	27	14	13	13	16	27	1	11	1	13	13	13	23	26	14	2	14	14	3	14	27	24	15	4	8	16	8	27	27	14	14	1	25	14	14	26	14	14	12	24	24	14	1	23	5	14	2	20	14	1	3	1	4	4	11	14	23	9	7	7	1	20	3	14	14	3	7	1	1	4	27	16	5	14	14	27	23	14	1	7	14	3	7	23	1	23	2	23	14	3	26	14	16	16	26	8	1	27	14	14	14	27	14	2	23	14	14	14	23	23	14	14	27	16	26	14	13	7	7	26	4	8	26	3	23	4	7	14	14	26	14	17	18	3	3	23	13	3	23	13	14	27	14	14	27	14	14	4	11	14	23	23	14	23	23	3	3	14	14	3	14	27	10	14	1	16	5	16	5	23	16	5	1	14	14	1	14	14	7	23	20	1	2	13	2	20	14	9	27	23	14	27	14	14	3	3	27	23	23	8	1	23	10	12	12	2	4	3	12	14	26	4	14	11	5	26	16	23	14	14	16	14	1	4	14	1	26	26	14	4	2	2	23	4	3	20	7	1	27	14	27	27	2	18	3	1	1	23	10	1	14	2	2	27	14	17	2	22	23	2	2	27	14	11	14	3	11	14	14	26	25	14	4	26	3	26	26	14	14	3	14	3	24	14	20	7	14	14	26	15	14	23	23	20	23	10	23	23	14	27	14	23	14	2	27	20	14	7	2	23	16	6	27	19	7	27	7	22	14	11	26	14	2	14	4	14	3	3	23	14	14	14	3	14	14	7	15	14	7	11	14	7	20	26	14	11	26	27	1	2	11	14	20	2	14	2	3	27	5	27	18	7	2	20	14	23	3	26	14	8	14	14	2	2	3	12	14	4	24	15	26	14	26	14	14	27	23	26	2	2	27	14	11	2	23	12	27	3	23	20	2	14	14	27	23	20	20	10	7	27	20	27	1	1	26	14	2	26	14	23	16	23	23	14	4	14	15	4	27	14	8	14	27	11	15	3	11	1	23	3	2	23	27	3	14	1	14	4	22	14	2	26	26	26	26	7	27	20	2	23	24	26	11	1	26	14	4	23	23	14	3	24	14	4	27	8	23	14	14	27	11	14	1	2	2	14	14	2	23	12	14	26	14	27	2	22	23	2	26	2	23	1	26	19	8	27	3	2	25	14	16	26	14	14	24	2	14	3	3	24	14	4	14	1	14	14	27	14	3	1	14	14	1	10	1	23	12	2	23	27	17	26	27	23	2	7	16	3	27	27	27	19	7	27	27	25	14	24	14	14	14	14	2	14	14	16	16	14	4	20	2	14	14	14	9	14	27	7	24	1	26	23	23	4	26	23	8	14	2	27	20	2	14	14	27	23	14	14	18	7	27	21	14
DUE_DATE
0	30427	29996	30525	30094	29603	30192	29707	30296	31545	30394	29903	30492	30527	30016	30585	30074	31123	30672	30161	30730	30759	30248	30840	30342	32124	30966	30468	30510	31092	30587	31156	31665	31214	30703	30732	30761	31330	30819	31388	32627	31936	30945	31514	31003	31572	31061	31630	31119	32168	31719	31740	31221	31782	31263	31824	31305	33066	32367	31908	33129	32430	33171	33192	33247	33296	32145	31654	32723	31752	32325	31812	32379	33606	31893	32460	32967	32994	33741	33768	33075	33822	32646	33870	32154	32718	32742	32226	32250	33294	32838	33342	34086	33415	34172	33489	33046	32543	34320	33637	32654	33257	33316	32835	34634	32953	33997	34016	34755	34054	34073	34812	33631	33650	33129	34168	33167	33186	33745	33224	33783	33857	35116	35175	34034	35293	35325	34632	35379	33666	34713	34260	33747	33774	34341	34368	34395	33891	35664	34497	35730	35043	35796	35109	34122	35175	34714	34190	34746	34222	34778	34794	35290	36026	36042	35338	36074	35370	36106	35402	34398	34414	35450	34446	35031	34524	34557	35130	35643	35196	36429	34722	36495	35820	36582	36624	35946	35988	35550	36792	35631	35124	35697	35190	35223	36996	35289	36342	37095	36405	37152	37179	36486	36033	37260	36087	36114	35601	36168	35655	37435	35732	35769	37546	36863	36900	37657	37694	36531	37044	36597	37830	36123	36696	36729	36222	37275	38021	36304	37347	37370	37393	38136	37439	36442	36465	37508	37051	37074	36557	37121	36604	37167	36650	37693	38436	37739	38482	38505	38528	37831	37374	37397	36885	36912	36939	37506	36993	37560	38067	37614	38841	38148	38895	38917	38936	37755	37234	38273	37272	37831	37310	37869	37888	37907	39126	37405	38444	38463	39247	38576	39345	39394	38723	37752	37817	38416	37935	37994	38593	39127	39176	38745	39994	39323	40092	39405	40152	38439	39486	39033	39540	38547	39114	38601	38628	39195	40421	38704	40467	39770	40513	39816	40559	39862	39405	40628	39451	39474	39497	38977	38996	40755	39034	40793	39612	40111	40850	40149	40888	40187	40206	39205	40964	39783	39300	39882	39924	39426	40488	41250	39552	41327	40636	40665	41414	40723	39732	40781	40330	40359	39848	39907	40496	40005	41074	40643	41892	41211	41964	41997	41310	42063	40896	40389	41442	40995	40495	40532	41109	41146	41183	42420	42457	41294	41820	42582	42624	41946	40968	41010	42072	41100	41142	41724	41226	41808	43050	41892	43147	43196	42525	42574	43343	43392	42711	41724	41757	42330	41823	42396	41889	42462	42975	43001	42544	43767	43070	43813	43116	43139	42142	43185	43208	42211	42774	42257	42847	42356	42405	44194	43523	44292	44397	44496	43875	44640	43482	42984	44766	43608	43650	43152	43797	43356	45195	45221	43504	44547	44570	45313	44616	44639	45382	44205	45428	44731	43734	44297	43795	44372	45609	43906	43943	45720	45037	45074	45847	45176	44745	45274	44843	44352	44457	45096	44655	45257	44776	45855	46634	45973	45557	46096	46875	46214	46993	45357	46476	46095	46131	45624	45657	46230	46263	47496	47529	45822	46395	46915	47672	47709	47026	46043	47100	46657	46154	46195	46772	46269	46846	48083	48120	47437	48194	47537	48316	47655	48434	46753	46807	47876	47445	46954	47543	47052	47635	47672	48909	48226	48263	48300	49057	48374	49119	47400	48441	47982	47463	47484	48045	47526	47547	49308	48609	48150	48651	48672	49497	48876	49695	49735	48572	48069	49846	48683	48180	48757	48254	48295	49352	48909	50146	50183	49500	49537	50294	50347	49676	48705	49294	48803	49392	49422	48906	50670	48954	49998	50022	50766	50070	50094	50838	49662	50166	49185	49752	49239	49806	49293	49320	51087	50394	49941	49428	50475	51235	50552	51309	50626	50183	51420	50257	49754	50331	49824	50397	51630	50463	49956	51009	51042	51075	51835	51872	50709	50206	51983	50280	50317	50894	50925	50952	52179	51486	50493	52260	51567	51594	52341	51648	51675	51247	50756	50805	51394	50903	50952	51522	52746	52050	51054	52818	52122	52146	52890	52194	52218	51762	52266	51295	51872	51369	51946	51443	53220	51517	52094	53325	52632	53379	52686	53433	53460	52287	51774	53541	52368	51855	51882	52446	52950	52494	53718	53742	53046	53790	53094	53838	53142	52146	53935	52772	52809	52306	52883	52380	53437	52994	53511	54264	53577	53610	54363	52656	53709	52722	53775	52817	53416	53475	52994	53593	54815	53632	53109	54146	54883	54180	54917	54214	53751	54968	53245	53802	53279	53836	54333	55070	53887	53417	54496	54555	55334	55393	55435	54272	53769	55546	53843	54420	53917	54494	54557	54076	55875	54734	54253	55311	55344	56097	56130	55443	54996	54489	55062	54555	55125	55152	54639	55686	56433	55740	55767	55794	56541	55848	56595	55472	55006	56100	55154	55725	55212	55779	55266	57033	55860	57087	56394	57141	56448	56475	57347	57496	56335	55832	57609	57646	57683	57000	57037	57074	56672	57946	58020	58094	57405	57432	58179	56466	58233	58260	57567	58314	57621	57648	58395	57497	57057	58176	58275	59031	59064	59097	58410	59163	57996	57489	58542	59295	58627	59396	58725	59494	58823	57852	59657	58996	59775	59114	59173
TRANSPORT_MODE
0	2	1	1	0	0	0	0	2	1	1	2	0	0	0	0	1	1	2	0	0	0	0	0	0	1	1	2	0	0	0	0	1	1	2	0	0	0	0	0	1	1	2	0	0	0	0	0	1	1	1	0	0	0	0	0	0	3	1	1	0	0	0	0	0	2	1	1	1	0	0	0	0	3	1	1	0	0	0	0	0	1	1	3	0	0	0	0	1	1	1	0	0	0	0	0	0	2	1	1	0	0	0	0	3	1	1	0	0	0	0	0	0	1	2	1	0	0	0	0	0	1	3	1	1	0	0	0	0	2	1	1	0	0	0	0	0	1	1	1	0	0	0	0	2	1	1	0	0	0	0	0	0	1	3	1	0	0	0	0	2	1	1	0	0	0	0	0	0	1	3	1	0	0	0	0	0	1	2	1	1	0	0	0	0	3	1	1	0	0	0	0	0	1	1	1	0	0	0	0	3	1	1	0	0	0	0	0	0	1	2	1	0	0	0	0	1	3	1	0	0	0	0	0	0	1	2	1	0	0	0	0	0	1	1	3	1	0	0	0	0	1	2	1	0	0	0	0	0	1	1	1	0	0	0	0	2	1	1	0	0	0	0	0	1	3	1	0	0	0	0	0	1	2	1	0	0	0	0	0	0	1	1	3	0	0	0	0	1	1	2	1	0	0	0	0	1	3	1	0	0	0	0	0	1	2	1	1	0	0	0	0	0	1	3	1	0	0	0	0	0	1	2	1	0	0	0	0	0	1	3	1	0	0	0	0	0	1	1	2	0	0	0	0	0	1	1	3	1	0	0	0	0	1	2	1	0	0	0	0	0	1	3	1	1	0	0	0	0	2	1	1	0	0	0	0	0	0	1	3	1	0	0	0	0	1	2	1	0	0	0	0	0	0	1	1	3	0	0	0	0	1	1	2	0	1	0	0	0	1	3	1	0	0	0	0	0	1	2	1	1	0	0	0	0	0	3	1	1	0	0	0	0	0	1	2	1	0	0	0	0	3	1	1	0	0	0	0	0	0	1	2	1	0	0	0	0	0	1	3	1	1	0	0	0	0	2	1	1	0	0	0	0	0	1	3	1	1	0	0	0	0	2	1	1	0	0	0	0	0	3	1	1	0	0	0	0	0	2	1	1	0	0	0	0	0	1	3	1	0	0	0	0	0	1	2	1	1	0	0	0	0	3	1	1	0	0	0	0	0	2	1	1	3	0	0	0	0	1	1	1	0	0	0	0	0	2	1	1	0	0	0	0	0	3	1	1	0	0	0	0	0	2	1	1	0	0	0	0	0	3	1	1	2	0	0	0	0	1	1	3	0	0	0	0	0	1	1	1	2	0	0	0	0	1	1	3	0	0	0	0	0	1	1	2	0	0	0	0	0	1	1	1	0	0	0	0	0	3	1	1	0	0	0	0	0	2	1	1	0	0	0	0	0	3	1	1	0	0	0	0	0	2	1	1	3	0	0	0	0	1	1	2	0	0	0	0	0	1	1	3	0	0	0	0	1	1	1	0	0	0	0	0	0	2	1	1	0	0	0	0	0	3	1	1	0	0	0	0	2	1	1	0	0	0	0	0	3	1	1	2	0	0	0	0	1	1	1	0	0	0	0	0	0	3	1	2	0	0	0	0	1	1	1	0	0	0	0	0	0	3	1	1	0	0	0	0	2	1	1	0	0	0	0	0	3	1	1	0	0	0	0	0	3	1	1	3	0	0	0	0	1	1	3	0	0	0	0	0	1	1	3	0	0	0	0	0	1	1	1	0	0	0	0	0	3	1	1	0	0	0	0	0	3	1	1	0	0	0	0	0
PATIENT_WEIGHT
38	127	67	124	141	63	87	82	129	45	144	30	111	149	74	98	59	78	136	126	146	53	45	122	88	109	96	52	119	132	89	56	87	100	37	141	45	39	124	113	126	68	106	89	76	121	139	78	56	65	65	123	71	133	101	77	100	135	88	145	73	77	58	73	81	75	98	89	80	109	143	102	148	70	128	59	123	60	59	91	119	30	94	127	43	30	43	97	119	91	96	132	126	46	134	84	111	126	79	123	144	65	119	37	68	109	116	47	42	57	115	83	108	82	80	64	124	141	89	95	62	38	78	83	79	135	48	149	108	49	121	44	85	96	97	47	149	128	69	106	62	30	99	132	126	71	104	124	118	90	134	112	104	146	126	90	116	134	44	129	107	82	143	135	31	35	150	96	97	135	63	76	146	97	42	114	134	44	126	61	65	69	88	58	105	105	76	39	113	129	145	115	147	114	94	56	95	46	63	92	43	68	122	78	114	146	30	104	90	141	51	142	133	94	52	139	87	40	36	78	61	41	39	85	74	79	37	60	40	144	112	131	45	90	90	78	88	62	35	123	119	68	67	60	114	66	112	108	114	97	117	42	96	41	112	144	103	87	54	57	146	94	89	145	129	73	77	66	107	87	121	146	110	38	44	144	110	78	129	149	56	130	98	145	94	58	59	31	34	49	141	131	126	108	120	51	63	76	81	104	68	128	128	133	32	47	142	45	33	147	49	72	62	113	107	44	145	100	131	91	132	63	41	74	39	150	62	84	58	35	32	70	121	105	40	92	119	46	112	102	37	38	34	37	52	124	129	30	124	59	69	73	130	96	74	139	121	135	45	122	146	46	109	77	110	47	34	42	126	87	128	51	72	73	50	69	108	56	32	112	40	82	103	48	82	54	138	135	79	133	149	56	72	83	145	137	71	36	135	38	32	99	132	36	118	101	31	135	53	51	131	106	41	89	136	99	82	100	40	123	78	67	104	95	142	69	92	58	106	128	87	129	77	60	150	120	44	74	145	37	97	45	39	149	109	83	144	117	102	102	33	147	103	139	37	43	37	114	103	94	92	133	41	118	89	131	118	102	61	33	108	66	31	128	109	139	34	31	33	130	111	46	128	123	146	109	41	36	93	133	76	103	61	140	90	129	106	48	52	43	57	131	55	126	82	83	35	144	66	40	114	66	39	111	96	60	127	77	70	125	47	30	43	67	116	113	132	76	141	145	47	102	46	50	137	105	64	101	97	33	91	136	144	80	40	63	39	98	37	139	56	130	73	116	57	104	147	34	106	127	95	78	39	130	124	138	74	85	65	76	127	92	135	38	95	35	34	139	34	63	73	61	57	40	32	54	100	37	34	58	141	71	31	40	87	52	139	138	63	141	59	112	98	85	64	118	62	42	121	143	135	92	61	78	123	145	83	141	56	39	37	122	106	84	135	104	122	42	122	140	125	87	96	57	34	98	43	133	43	79	108	148	45	86	47	101	112	107	120	70	62	50	73	145	56	135	78	97	62	51	109	134	92	66	40	130	97	110	122	72	150	137	62	145	45	96	87	111	112	80	145	80	143	73	79	42	99	72	62	39	46	100	37	76	65	37	104	110	63	148	118	149	89	113	103	68	66	119	77	54	53	61	108	128	95	114	60	65	124	109	46	52	96	53	63	51	128	73	121	104	57	69	135	121	33	96	145	116	58	98	140	73	64	105	94	147	45	107	58	38	121	91	92	89	103	33	87	147	118	47	89	50	38	43	74	108	87	146	82	49	68	100	69	63	58	141	104	41	128	113	101	46	108	130	43	83	80	74	67	133	31	147	96	140	60	129	78	109	64	95	141
DISTANCE_MATRIX
0	360	318	300	288	276	264	264	150	150	150	60	90	90	162	168	204	228	234	312	360	408	348	318	168	192	168	318
360	60	264	318	324	342	342	342	348	348	354	360	372	378	378	420	420	480	462	498	462	462	384	420	372	420	378	378
318	264	60	270	276	288	288	288	294	294	294	318	318	324	324	414	414	468	462	486	462	462	330	366	366	408	372	324
300	318	270	60	276	288	288	288	288	288	288	300	300	312	318	408	408	468	462	486	438	438	318	360	360	402	360	312
288	324	276	276	60	276	276	276	276	276	276	288	288	300	300	402	396	462	456	480	432	432	300	360	360	402	348	300
276	342	288	288	276	60	180	180	252	258	264	264	264	288	288	390	390	456	450	480	432	432	288	348	348	348	288	288
264	342	288	288	276	180	60	180	246	258	264	264	264	288	288	390	390	456	450	480	432	432	288	348	348	348	288	288
264	342	288	288	276	180	180	60	240	258	264	264	264	288	288	390	390	456	450	480	432	432	288	348	348	348	288	288
150	348	294	288	276	252	246	240	60	120	120	150	126	270	270	378	384	420	438	480	420	408	276	300	300	300	276	270
150	348	294	288	276	258	258	258	120	60	120	150	150	270	270	378	384	420	438	480	420	408	276	300	300	300	276	270
150	354	294	288	276	264	264	264	120	120	60	150	150	270	270	378	384	420	438	480	420	408	276	300	300	300	276	270
60	360	318	300	288	264	264	264	150	150	150	60	90	162	168	228	234	312	360	408	348	318	168	192	192	198	168	162
90	372	318	300	288	264	264	264	150	150	150	90	60	162	168	228	234	312	360	408	348	318	168	192	192	198	168	162
90	378	324	312	300	288	288	288	270	270	270	162	162	60	120	180	180	306	210	360	300	300	120	180	120	180	120	234
162	378	324	318	300	288	288	288	270	270	270	168	168	120	60	180	180	306	210	360	300	300	120	180	120	180	120	120
168	420	414	408	402	348	348	348	300	300	300	228	228	180	180	60	132	204	132	348	258	258	186	60	180	132	222	180
204	420	414	408	396	390	390	390	384	384	384	234	234	180	180	132	60	204	132	348	258	258	186	60	180	132	222	180
228	480	468	468	462	456	456	456	420	420	420	312	312	306	306	204	204	60	198	120	240	240	306	204	306	138	306	306
234	462	462	462	456	450	450	450	438	438	438	360	360	210	210	132	132	198	60	138	132	132	210	132	210	132	210	210
312	498	486	486	480	480	480	480	480	480	480	408	408	360	360	348	348	120	138	60	348	348	360	348	360	348	360	360
360	462	462	438	432	432	432	432	420	420	420	348	348	300	300	258	258	240	132	348	60	60	300	258	300	258	300	300
408	462	462	438	432	432	432	432	408	408	408	318	318	300	300	258	258	240	132	348	60	60	300	258	300	258	300	300
348	384	330	318	300	288	288	288	276	276	276	168	168	120	120	186	186	306	210	360	300	300	60	186	120	186	120	120
318	420	366	360	360	348	348	348	300	300	300	192	192	180	180	60	60	204	132	348	258	258	186	60	180	60	180	180
168	372	300	306	300	288	288	288	270	270	270	168	168	120	120	180	180	306	210	360	300	300	120	180	60	180	120	120
192	420	408	402	402	348	348	348	300	300	300	198	198	180	180	132	132	138	132	348	258	258	186	60	180	60	180	180
168	378	372	360	348	288	288	288	276	276	276	168	168	120	120	222	222	306	210	360	300	300	120	180	120	180	60	120
318	378	324	312	300	288	288	288	270	270	270	162	162	234	120	180	180	306	210	360	300	300	120	180	120	180	120	60
DEPOTS_DISTANCE
234	462	462	462	456	450	450	450	438	438	438	360	360	210	210	132	132	198	60	138	132	132	210	132	210	132	210	210	
348	384	330	318	300	288	288	288	276	276	276	168	168	120	120	186	186	306	210	360	300	300	60	186	120	186	120	120	
318	420	366	360	360	348	348	348	300	300	300	192	192	180	180	60	60	204	132	348	258	258	186	60	180	60	180	180	
LOCATION_TURN_MATRIX
100	130	122	113	112	199	136	122	129	152	173	146	151	136	158	140	176	113	122	167	194	134	110	172	114	184	100	147	
170	100	154	188	164	169	136	136	152	170	104	183	155	115	101	104	155	187	174	115	149	134	178	168	114	135	168	102	
178	146	100	161	178	114	104	165	117	139	126	169	192	109	120	179	160	152	154	134	113	140	154	179	196	196	192	181	
187	112	139	100	158	114	195	181	104	132	195	106	183	169	132	170	140	136	172	148	116	110	123	136	151	120	176	169	
188	136	122	142	100	175	164	159	112	100	167	164	135	191	132	181	104	123	142	156	108	117	193	182	116	147	156	185	
101	131	186	186	125	100	190	147	164	150	137	102	145	176	185	131	113	108	117	186	118	151	140	178	154	189	172	110	
164	164	196	105	136	110	100	186	153	151	183	193	111	157	144	123	188	142	110	163	105	190	166	187	170	171	186	126	
178	164	135	119	141	153	114	100	106	130	108	103	151	178	122	151	130	133	184	177	110	141	166	110	122	174	191	197	
171	148	183	196	188	136	147	194	100	167	100	146	168	129	128	142	172	118	174	147	105	158	156	160	120	106	119	136	
148	130	161	168	200	150	149	170	133	100	177	106	175	116	188	180	176	194	108	146	130	187	183	173	128	141	169	176	
127	196	174	105	133	163	117	192	200	123	100	171	175	140	183	115	104	186	128	153	151	175	100	146	191	117	132	197	
154	117	131	194	136	198	107	197	154	194	129	100	136	184	140	147	172	184	148	131	103	156	185	200	152	158	154	143	
149	145	108	117	165	155	189	149	132	125	125	164	100	140	199	142	101	144	163	185	117	191	200	143	113	165	102	154	
164	185	191	131	109	124	143	122	171	184	160	116	160	100	109	116	196	113	131	186	166	139	183	175	144	161	105	170	
142	199	180	168	168	115	156	178	172	112	117	160	101	191	100	147	177	177	199	158	172	188	164	175	180	168	154	195	
160	196	121	130	119	169	177	149	158	120	185	153	158	184	153	100	152	159	197	157	181	159	102	123	168	200	124	186	
124	145	140	160	196	187	112	170	128	124	196	128	199	104	123	148	100	149	114	112	117	135	105	132	138	180	198	156	
187	113	148	164	177	192	158	167	182	106	114	116	156	187	123	141	151	100	166	132	168	163	159	123	129	173	161	116	
178	126	146	128	158	183	190	116	126	192	172	152	137	169	101	103	186	134	100	184	199	137	130	160	148	113	140	150	
133	185	166	152	144	114	137	123	153	154	147	169	115	114	142	143	188	168	116	100	111	195	128	157	191	164	141	171	
106	151	187	184	192	182	195	190	195	170	149	197	183	134	128	119	183	132	101	189	100	129	151	163	147	166	104	177	
166	166	160	190	183	149	110	159	142	113	125	144	109	161	112	141	165	137	163	105	171	100	101	185	169	129	103	197	
190	122	146	177	107	160	134	134	144	117	200	115	100	117	136	198	195	141	170	172	149	199	100	106	150	116	118	145	
128	132	121	164	118	122	113	190	140	127	154	100	157	125	125	177	168	177	140	143	137	115	194	100	128	167	115	155	
186	186	104	149	184	146	130	178	180	172	109	148	187	156	120	132	162	171	152	109	153	131	150	172	100	155	124	184	
116	165	104	180	153	111	129	126	194	159	183	142	135	139	132	100	120	127	187	136	134	171	184	133	145	100	129	192	
200	132	108	124	144	128	114	109	181	131	168	146	198	195	146	176	102	139	160	159	196	197	182	185	176	171	100	146	
153	198	119	131	115	190	174	103	164	124	103	157	146	130	105	114	144	184	150	129	123	103	155	145	116	108	154	100	
DEPOTS_TO_LOCAL_TURN_MATRIX
178	126	146	128	158	183	190	116	126	192	172	152	137	169	101	103	186	134	100	184	199	137	130	160	148	113	140	150	
190	122	146	177	107	160	134	134	144	117	200	115	100	117	136	198	195	141	170	172	149	199	100	106	150	116	118	145	
128	132	121	164	118	122	113	190	140	127	154	100	157	125	125	177	168	177	140	143	137	115	194	100	128	167	115	155	
LOCAL_TO_DEPOT_TURN_MATRIX
122	174	154	172	142	117	110	184	174	108	128	148	163	131	199	197	114	166	100	116	101	163	170	140	152	187	160	150	
110	178	154	123	193	140	166	166	156	183	100	185	200	183	164	102	105	159	130	128	151	101	100	194	150	184	182	155	
172	168	179	136	182	178	187	110	160	173	146	200	143	175	175	123	132	123	160	157	163	185	106	100	172	133	185	145	

