INDEX_PROBLEM
1
PATIENTS
800
STRETCHERS
16
NUM_ROOM
28
NUM_DEPOT
3
NUM_PRIORITY
4
PRIORITY_LIST
0	1	2	3	4
PRIORITY_WEIGHT
0	1	10	18	30
PRIORITY_JOB
0	2	3	1	2	3	3	2	3	3	2	3	3	3	4	3	4	1	2	3	2	3	3	3	2	2	3	4	3	4	4	3	3	2	3	4	2	3	3	3	4	1	2	3	2	3	4	2	3	3	1	4	3	3	2	3	4	1	2	2	3	1	1	1	2	1	3	1	1	4	3	3	2	2	3	2	2	2	1	1	3	3	4	1	3	3	4	3	2	2	3	1	1	2	1	1	2	2	3	2	1	3	4	3	3	2	3	4	1	1	2	2	1	1	2	2	3	1	3	4	3	3	3	1	2	2	1	2	1	2	3	2	1	4	2	3	3	3	3	4	2	1	1	1	2	2	3	1	2	4	3	2	3	4	1	3	4	2	1	1	1	2	3	1	2	3	3	2	3	4	1	3	2	3	2	1	1	2	3	1	2	1	3	2	3	4	3	3	2	3	1	2	1	2	4	2	1	3	3	4	2	3	3	1	2	1	1	1	2	2	3	4	2	4	3	3	2	3	1	3	1	1	1	1	2	2	1	2	3	2	3	4	3	3	2	1	1	2	1	2	1	2	1	3	2	3	3	3	3	4	2	1	4	2	2	1	1	1	2	3	1	2	3	2	3	4	3	1	4	4	2	1	1	1	2	2	3	1	3	2	3	4	3	2	1	3	2	2	1	1	2	3	1	2	3	2	3	4	3	1	3	2	1	2	1	2	1	3	4	2	3	2	3	4	2	1	3	1	1	1	2	1	1	2	4	2	3	3	3	2	3	3	1	4	2	1	2	2	1	1	2	2	3	4	3	3	4	2	3	1	1	1	1	2	1	2	3	2	3	3	3	2	2	3	1	4	1	1	2	1	2	2	3	1	3	4	2	3	4	2	1	4	1	1	2	1	2	2	3	1	3	2	3	3	3	4	2	1	2	1	1	2	1	3	3	1	3	4	2	2	3	2	1	2	1	2	1	1	3	3	3	1	3	2	3	4	2	2	1	3	1	2	2	1	1	1	2	4	3	4	3	2	3	4	2	1	1	2	2	1	1	3	1	2	2	3	3	3	4	3	3	1	1	2	1	2	1	1	2	3	2	3	3	3	2	1	3	1	2	1	2	1	4	1	2	2	3	4	2	3	3	1	1	1	1	2	2	1	3	4	2	3	3	2	3	4	1	3	1	1	2	2	1	2	1	3	2	3	3	3	2	3	1	2	3	1	2	1	1	4	2	3	4	3	3	2	3	4	1	1	2	1	2	1	1	2	3	1	3	3	3	3	3	2	4	2	1	1	2	1	1	2	3	4	1	2	3	4	3	3	2	3	1	1	2	1	1	2	3	1	2	2	3	3	3	4	2	1	3	1	2	1	2	3	1	2	2	3	3	3	1	3	1	1	1	2	1	2	1	3	4	2	4	3	4	2	3	3	4	1	1	1	2	1	2	1	2	2	3	4	3	3	2	3	1	2	1	2	1	2	3	2	3	3	3	3	2	3	4	1	1	2	1	2	1	1	2	3	1	3	3	3	3	4	2	4	1	2	1	2	1	1	2	3	4	1	2	3	4	3	3	2	1	3	1	2	1	1	3	1	2	2	2	3	3	3	2	1	3	3	1	2	1	2	1	1	2	3	4	2	3	3	3	1	2	3	1	1	2	2	1	4	2	3	4	3	2	3	4	1	1	2	3	1	2	1	1	2	3	1	3	3	2	3	4	1	2	3	2	1	2	1	2	1	3	4	1	2	2	1	1	1	1	2	1	2	2	1	1	1	3	2	1	2	1	1	2	1	3	4	1	2	1	2	1	1	2	3	1	1	2	1	2	1	2	3	1	1	2	1	2
TIME_ASKED
0	28849	28898	28947	28996	29045	29094	29149	29198	29247	29296	29345	29394	29429	29458	29487	29516	29545	29574	29603	29632	29661	29690	29742	29784	29826	29868	29910	29952	29994	30029	30058	30087	30116	30145	30174	30203	30232	30261	30290	30329	30358	30387	30416	30445	30474	30503	30532	30561	30590	30621	30642	30663	30684	30705	30726	30747	30768	30789	30810	30831	30852	30873	30894	30949	30998	31047	31096	31145	31194	31227	31254	31281	31308	31335	31362	31389	31416	31443	31470	31497	31524	31548	31572	31596	31620	31644	31668	31692	31716	31740	31764	31788	31837	31874	31911	31948	31985	32022	32059	32096	32159	32218	32277	32336	32395	32419	32438	32457	32476	32495	32514	32533	32552	32571	32590	32609	32628	32647	32666	32685	32759	32818	32877	32936	32995	33027	33054	33081	33108	33135	33162	33189	33216	33243	33270	33297	33333	33366	33399	33432	33465	33498	33531	33564	33597	33616	33632	33648	33664	33680	33696	33712	33728	33744	33760	33776	33792	33808	33824	33840	33856	33872	33888	33933	33966	33999	34032	34065	34098	34131	34164	34197	34242	34284	34326	34368	34410	34452	34494	34533	34566	34599	34632	34665	34698	34731	34764	34797	34827	34854	34881	34908	34935	34962	34989	35016	35043	35070	35097	35137	35174	35211	35248	35285	35322	35359	35396	35433	35466	35499	35532	35565	35598	35631	35664	35697	35723	35746	35769	35792	35815	35838	35861	35884	35907	35930	35953	35976	35999	36023	36046	36069	36092	36115	36138	36161	36184	36207	36230	36253	36276	36299	36327	36354	36381	36408	36435	36462	36489	36516	36543	36570	36597	36619	36638	36657	36676	36695	36714	36733	36752	36771	36790	36809	36828	36847	36866	36885	36949	36998	37047	37096	37145	37194	37259	37318	37377	37436	37495	37549	37598	37647	37696	37745	37794	37827	37854	37881	37908	37935	37962	37989	38016	38043	38070	38097	38123	38146	38169	38192	38215	38238	38261	38284	38307	38330	38353	38376	38399	38419	38438	38457	38476	38495	38514	38533	38552	38571	38590	38609	38628	38647	38666	38685	38742	38784	38826	38868	38910	38952	38994	39029	39058	39087	39116	39145	39174	39203	39232	39261	39290	39349	39398	39447	39496	39545	39594	39633	39666	39699	39732	39765	39798	39831	39864	39897	39937	39974	40011	40048	40085	40122	40159	40196	40242	40284	40326	40368	40410	40452	40494	40542	40584	40626	40668	40710	40752	40794	40849	40898	40947	40996	41045	41094	41133	41166	41199	41232	41265	41298	41331	41364	41397	41423	41446	41469	41492	41515	41538	41561	41584	41607	41630	41653	41676	41699	41749	41798	41847	41896	41945	41994	42099	42198	42297	42342	42384	42426	42468	42510	42552	42594	42699	42798	42897	42923	42946	42969	42992	43015	43038	43061	43084	43107	43130	43153	43176	43199	43237	43274	43311	43348	43385	43422	43459	43496	43549	43598	43647	43696	43745	43794	43899	43998	44097	44159	44218	44277	44336	44395	44459	44518	44577	44636	44695	44799	44898	44997	45033	45066	45099	45132	45165	45198	45231	45264	45297	45337	45374	45411	45448	45485	45522	45559	45596	45637	45674	45711	45748	45785	45822	45859	45896	45959	46018	46077	46136	46195	46249	46298	46347	46396	46445	46494	46537	46574	46611	46648	46685	46722	46759	46796	46821	46842	46863	46884	46905	46926	46947	46968	46989	47010	47031	47052	47073	47094	47199	47298	47397	47437	47474	47511	47548	47585	47622	47659	47696	47737	47774	47811	47848	47885	47922	47959	47996	48049	48098	48147	48196	48245	48294	48324	48348	48372	48396	48420	48444	48468	48492	48516	48540	48564	48588	48627	48654	48681	48708	48735	48762	48789	48816	48843	48870	48897	48937	48974	49011	49048	49085	49122	49159	49196	49233	49266	49299	49332	49365	49398	49431	49464	49497	49537	49574	49611	49648	49685	49722	49759	49796	49827	49854	49881	49908	49935	49962	49989	50016	50043	50070	50097	50149	50198	50247	50296	50345	50394	50424	50448	50472	50496	50520	50544	50568	50592	50616	50640	50664	50688	50737	50774	50811	50848	50885	50922	50959	50996	51027	51054	51081	51108	51135	51162	51189	51216	51243	51270	51297	51324	51348	51372	51396	51420	51444	51468	51492	51516	51540	51564	51588	51637	51674	51711	51748	51785	51822	51859	51896	51933	51966	51999	52032	52065	52098	52131	52164	52197	52259	52318	52377	52436	52495	52517	52534	52551	52568	52585	52602	52619	52636	52653	52670	52687	52704	52721	52738	52755	52772	52789	52859	52918	52977	53036	53095	53137	53174	53211	53248	53285	53322	53359	53396	53459	53518	53577	53636	53695	53733	53766	53799	53832	53865	53898	53931	53964	53997	54027	54054	54081	54108	54135	54162	54189	54216	54243	54270	54297	54374	54448	54522	54596	54627	54654	54681	54708	54735	54762	54789	54816	54843	54870	54897	55049	55198	55237	55274	55311	55348	55385	55422	55459	55496	55574	55648	55722	55796	55827	55854	55881	55908	55935	55962	55989	56016	56043	56070	56097	56399	56499	56598	56697	56733	56766	56799	56832	56865	56898	56931	56964	56997	57049	57098	57147	57196	57245	57294	57359	57418	57477	57536	57595
ORIGIN
26	16	6	25	25	7	27	23	1	1	23	26	26	14	14	14	23	14	14	14	14	4	26	16	16	26	16	9	9	14	27	7	23	9	14	14	11	2	23	13	14	14	14	3	2	2	14	14	27	6	27	18	7	27	20	8	18	14	10	2	22	23	2	26	23	14	23	27	14	24	15	5	27	27	7	4	26	14	3	14	14	1	23	14	20	23	14	2	16	20	3	5	15	14	1	7	5	1	18	7	27	20	8	1	14	4	1	27	20	20	2	14	14	27	14	4	24	19	4	27	23	14	14	26	23	2	14	14	23	16	10	2	23	12	2	14	14	16	14	15	15	7	27	16	14	16	7	27	1	8	1	23	10	13	23	11	3	3	14	14	14	3	4	24	15	4	26	16	8	8	26	26	2	2	14	18	1	1	14	23	12	27	23	14	3	1	1	14	27	11	11	14	5	25	27	20	11	23	23	9	23	20	20	2	24	14	14	27	14	7	14	14	4	20	16	5	14	23	14	14	14	14	3	14	14	14	14	12	2	23	14	3	23	14	14	24	11	14	1	25	14	23	23	8	27	23	9	23	14	16	16	12	14	14	27	27	14	1	7	4	26	4	5	26	17	7	4	4	14	14	14	14	14	3	27	2	23	13	3	23	14	4	11	27	11	1	25	14	3	26	2	27	23	14	1	23	10	3	22	14	2	27	14	1	25	14	14	26	16	5	26	16	7	23	23	14	3	14	14	3	9	20	14	23	13	2	23	14	3	14	23	14	1	7	14	3	26	14	12	17	8	1	23	10	26	23	12	2	2	26	14	27	14	14	19	15	5	26	16	7	14	11	14	3	3	14	3	16	20	27	27	13	2	23	14	3	24	14	2	2	7	14	1	26	14	10	27	8	1	23	10	1	14	12	2	6	14	14	14	14	14	27	11	27	26	14	3	27	27	7	14	14	14	3	14	20	2	15	12	2	23	7	3	24	14	4	9	14	14	14	26	14	1	26	27	1	23	10	1	23	14	2	20	23	14	14	14	14	3	11	27	1	16	6	27	19	7	27	22	12	23	3	2	14	23	8	11	23	14	3	23	14	27	27	11	1	1	14	1	26	14	17	17	23	9	26	23	11	2	23	14	27	27	14	27	2	14	11	11	16	5	27	18	7	27	20	8	23	23	17	17	22	23	2	2	14	3	14	14	4	24	15	1	1	14	4	26	2	23	23	11	9	1	23	11	2	23	12	27	27	14	14	27	15	14	27	1	5	26	10	7	27	20	27	14	14	14	2	27	20	2	14	14	3	23	14	4	24	15	4	25	25	2	26	14	2	14	27	23	1	23	10	2	23	12	14	14	14	14	27	15	14	27	23	5	26	16	7	27	20	11	23	14	3	14	20	2	14	2	16	2	23	14	3	24	14	4	26	14	3	3	14	2	14	14	14	14	23	14	2	23	12	2	14	14	14	14	14	27	11	2	3	26	23	7	27	19	8	27	14	14	3	16	20	2	14	2	27	23	14	3	24	14	4	14	3	14	27	26	14	2	26	14	3	23	10	1	23	12	2	23	3	27	27	14	27	11	14	8	26	16	23	27	19	7	27	14	3	3	23	20	2	22	14	2	23	14	3	23	14	4	20	5	1	26	16	14	1	26	14	4	23	9	1	23	11	2	23	13	26	14	14	27	27	11	14	1	27	6	3	18	7	27	21	14	3	23	2	22	22	23	2	2	14	3	27	14	4	25	16	1	1	16	5	5	26	14	14	14	9	1	23	14	2	23	13	27	14	14	27	27	20	14	1	7	5	27	18	7	27	20	8	23	17	10	1	27	23	2	7	8
DESTINATION
3	14	17	14	14	23	2	26	23	14	27	14	14	4	25	16	1	25	9	9	26	14	3	14	14	3	16	14	14	2	23	13	27	14	5	5	15	14	1	7	5	5	26	14	27	27	20	8	23	17	2	27	20	2	14	14	27	16	14	14	19	7	27	23	1	16	3	23	26	2	14	14	23	23	20	23	14	4	26	16	16	14	27	9	7	27	16	14	16	7	14	14	11	2	23	13	14	23	27	20	2	14	14	14	3	14	14	18	7	7	27	20	8	18	26	14	2	22	14	18	1	1	1	14	27	24	15	5	27	14	14	14	4	11	14	5	25	14	1	11	11	20	23	14	2	16	20	2	24	14	14	27	14	7	1	20	14	14	20	8	1	14	14	2	14	14	3	14	14	14	14	14	24	24	4	27	23	14	8	27	11	23	1	25	14	23	23	2	2	12	12	2	14	14	2	14	15	27	27	14	1	7	7	27	1	8	1	23	10	13	4	26	14	14	14	14	3	27	3	3	15	4	26	16	8	8	16	11	14	1	25	14	3	26	2	2	12	2	23	14	3	1	1	14	2	27	14	1	25	14	14	11	8	8	23	23	9	23	20	14	3	14	14	3	9	20	14	14	4	20	20	16	5	14	23	14	1	7	14	3	26	14	12	23	12	23	14	3	23	14	14	2	26	8	14	27	14	14	19	8	27	23	9	23	14	16	16	3	14	14	3	16	20	27	27	4	26	4	5	26	17	7	4	1	7	14	1	26	14	10	27	2	23	13	3	23	14	4	11	6	14	14	27	14	14	27	11	27	27	23	1	23	10	1	22	14	14	3	14	20	2	15	3	14	26	5	26	16	7	23	23	7	14	1	26	14	1	26	27	27	13	2	23	14	3	14	23	14	14	27	14	14	3	11	27	17	8	1	1	10	26	23	12	23	3	15	14	2	2	23	8	15	5	26	16	7	14	11	11	14	1	13	14	1	26	14	17	2	2	2	14	3	24	14	2	14	27	14	14	27	2	14	11	1	1	1	10	1	14	12	2	23	14	17	2	22	23	2	2	11	27	26	27	3	7	14	12	1	25	14	4	26	2	23	12	23	23	3	24	14	4	9	9	27	14	14	27	15	14	27	1	23	23	1	23	14	2	20	20	14	14	2	27	20	2	14	14	1	1	6	6	19	7	27	22	25	14	2	26	14	2	14	23	23	3	23	14	27	27	27	12	14	14	27	15	14	27	11	23	23	9	26	23	11	2	23	14	14	3	14	20	2	14	2	16	16	5	27	18	7	27	20	8	14	3	26	14	2	14	14	14	14	14	14	4	24	15	23	1	14	27	14	14	27	11	2	9	9	1	23	11	2	23	27	14	3	16	20	2	14	12	27	5	26	10	7	27	20	27	14	14	1	26	14	2	26	14	3	3	23	23	4	24	15	4	4	25	27	8	14	27	11	14	8	1	1	10	2	23	12	14	26	3	1	20	2	22	14	2	5	5	26	16	7	27	20	14	23	1	26	14	1	26	14	4	26	2	2	14	3	24	14	4	26	3	14	14	27	11	14	1	26	23	23	2	23	12	2	14	3	14	27	2	22	23	2	2	26	26	27	7	27	19	8	27	1	25	14	5	26	14	14	14	23	14	16	3	24	14	4	14	27	14	14	27	20	14	1	7	3	10	26	23	23	12	2	23	23	17	26	27	23	2	7	8	26	27	27	19	19	7	27	27	25	14	23	26	14	14	14	23	23	14	23	23	14	4	20	5	14	14	27	9	14	27	7	23	9	26	23	23	11	2	23	13	14	2	27	20	2	14	14	27	6	14	14	18	7	27	21	14
DUE_DATE
0	30427	29996	31245	30574	30143	30192	30727	30296	30345	30874	30443	30492	30527	30016	30585	30074	31843	31152	30701	31210	30759	30788	30840	31362	31404	30966	30468	31050	30552	30587	31156	31185	31694	31243	30732	31781	31330	31359	31388	30887	32656	31965	31514	32023	31572	31061	32110	31659	31688	32919	31200	31761	31782	32283	31824	31305	33066	32367	32388	31929	33150	33171	33192	32527	33296	32145	33394	33443	31752	32325	32352	32859	32886	32433	32940	32967	32994	33741	33768	32595	32622	32106	33870	32694	32718	32202	32766	33270	33294	32838	34062	34086	33415	34172	34209	33526	33563	33120	33637	34394	33257	32776	33375	33434	33973	33517	32996	34755	34774	34073	34092	34831	34850	34149	34168	33707	34926	33745	33224	33783	33857	33916	35175	34514	34573	35325	34632	35379	34686	34233	34740	35487	33774	34821	34368	34395	34431	34464	33957	35010	35763	35796	35829	35142	35175	34714	35930	35226	34222	34778	35274	34810	34286	36042	34858	34334	35370	36106	36122	36138	35434	34970	36186	35511	35064	35097	35610	35163	34656	36429	35262	35775	35340	35862	36624	36666	35988	35550	36792	36111	36864	35697	36210	35763	35256	35829	35862	36375	35925	37152	36459	37206	36513	35520	36567	37314	36141	36168	35655	36715	36272	36309	37546	36863	37620	37657	37694	37011	37044	36597	36090	37143	36156	36729	36762	37275	36821	38044	36867	38090	38113	38136	38159	37462	37485	38228	37531	37074	37577	37121	36604	37167	37190	37693	38436	38459	37762	38505	37808	38551	37854	38597	37425	37932	37479	37506	37533	37560	37047	38094	38841	37128	38175	38197	38936	38955	38974	38273	37812	39031	38330	37869	38368	37907	37386	37945	39164	37443	37507	38576	39345	39394	39443	38772	38837	38416	39675	38534	39073	38647	38156	38745	39274	40043	38892	39405	39432	40179	40206	39513	39060	40287	39594	39141	39648	39195	38681	39244	40467	39290	39793	40536	39839	40582	39885	40628	39451	38934	39977	39517	40016	39555	39034	40073	40812	39631	40850	40869	40888	40187	40926	40945	40244	39243	40320	39882	39924	39966	40488	40050	40092	41327	39616	40665	41414	40723	40752	41501	41530	40839	40868	40447	39956	40545	40594	40103	41172	40731	41964	41997	42030	42063	41376	42129	41442	40995	41515	41072	41109	41146	41663	41700	41257	42494	40800	42582	42624	41946	42708	42030	42072	41640	42882	41724	41226	42288	41850	41352	42427	43196	41505	43294	43343	42672	43431	42744	42777	42330	43563	42396	42909	42462	42495	42521	42004	43047	43790	43093	43836	43859	43162	43905	42728	42751	43974	42797	42307	43376	43425	42994	43523	44292	43677	44496	43875	44640	44682	43524	43566	43608	44850	43692	44277	43896	43455	44501	44524	45267	44090	45313	44616	44639	45382	45405	45428	44731	43734	44297	43795	44372	44889	44446	43943	45000	45757	45794	45127	45176	45945	45994	44843	46092	45477	45576	45195	45257	45316	44835	45434	45493	46757	46816	46155	46934	46273	47097	47196	46575	46131	46644	46197	46230	46263	46776	47529	46362	47595	46915	47672	46989	47746	46043	47820	47137	47174	46735	46232	47289	46846	46883	48120	48157	48194	48257	47596	47655	48434	47293	46807	47876	47445	47494	48023	47592	47095	48872	47709	48946	48983	48300	48337	49094	48399	49140	47961	48462	48003	48024	48045	48546	48087	49308	48609	48150	49371	48672	49497	49596	47955	49015	48572	48069	48646	48683	49200	48757	48254	50035	50072	49389	50146	49463	50220	50257	49574	49147	50396	49245	49294	49343	49392	49422	49926	48930	49974	50718	50742	50046	50790	50814	50118	49662	49146	50925	50232	49779	49266	49833	49860	50367	49914	51141	51168	50475	51235	51272	50589	50146	51383	50700	50737	50294	50331	50364	49857	50910	51663	50496	51729	51042	51795	51115	50672	51909	51226	51263	50820	50857	50894	52125	50952	52179	52206	52233	51540	52287	51594	52341	51168	50655	51727	50756	51345	50854	51923	51492	51522	51006	52770	52794	52818	52122	52866	52170	52914	52218	52242	51786	51295	51872	51909	52426	51983	53220	52537	53294	52605	53352	52659	52206	52713	52260	52287	52314	52341	52848	52395	51882	53646	53670	52974	53718	53022	53766	53790	53094	52638	53862	52686	52735	52772	52809	52306	53363	52380	54157	53474	54231	53544	54297	54330	53643	53196	52689	54462	53775	53357	52876	53475	53534	54073	54815	53632	54849	54146	54883	54900	53717	54934	54231	54248	54265	53802	53819	53836	54333	55070	53887	53957	55216	54555	55334	54673	55435	55472	54789	54346	53843	54900	54457	54494	54557	55816	55155	54734	55993	56031	55344	55377	56130	54423	55476	55029	54522	55095	55605	55152	54639	56406	56433	55740	55287	56514	55821	56568	56595	55952	55546	56820	55694	55725	56232	55779	55266	57033	56340	55887	56394	57141	56448	57195	56627	57496	56335	55832	57609	56926	56963	57720	57757	57794	57872	57226	58020	57374	57405	58152	58179	58206	57033	57540	58287	57594	58341	58368	57675	58697	57597	57156	58995	58311	59064	58377	59130	59163	58476	58029	59262	59295	58627	59396	58725	59494	58823	58392	59657	59716	59055	59834	59173
TRANSPORT_MODE
0	2	1	1	2	0	0	0	0	1	1	2	0	0	0	0	0	1	1	2	0	0	0	0	0	1	1	2	0	0	0	0	0	1	1	1	0	0	0	0	0	2	1	1	2	0	0	0	0	1	1	1	0	0	0	0	0	3	1	1	2	0	0	0	0	0	1	1	3	0	0	0	0	1	1	2	0	0	0	0	0	1	1	3	0	0	0	0	0	1	1	1	0	0	0	0	0	2	1	1	3	0	0	0	0	0	1	1	1	0	0	0	0	0	2	1	1	3	0	0	0	0	1	1	2	0	0	0	0	0	1	1	3	0	0	0	0	0	1	1	2	0	0	0	0	0	1	1	1	0	0	0	0	0	3	1	1	2	0	0	0	0	1	1	1	0	0	0	0	0	3	1	1	2	0	0	0	0	0	1	1	3	0	0	0	0	0	1	1	2	0	0	0	0	1	1	3	0	0	0	0	0	1	1	1	0	0	0	0	0	2	1	1	0	0	0	0	0	3	1	1	0	0	0	0	0	0	2	1	1	1	0	0	0	0	3	1	1	0	0	0	0	0	2	1	1	0	0	0	0	0	3	1	1	0	0	0	0	0	2	1	1	0	0	0	0	0	3	1	1	0	0	0	0	0	1	2	1	0	0	0	0	0	1	3	1	1	0	0	0	0	1	2	1	0	0	0	0	0	3	1	1	0	0	0	0	0	2	1	1	0	0	0	0	0	3	1	1	0	0	0	0	0	1	2	1	0	0	0	0	0	1	3	1	0	0	0	0	0	1	1	2	1	0	0	0	0	0	1	3	1	0	0	0	0	1	2	1	0	0	0	0	0	1	3	1	0	0	0	0	0	1	2	1	0	0	0	0	0	1	3	1	0	0	0	0	0	1	2	1	0	0	0	0	0	1	1	3	1	0	0	0	0	1	2	1	0	0	0	0	0	1	3	1	0	0	0	0	0	1	2	1	0	0	0	0	0	1	3	1	0	0	0	0	0	1	2	1	0	0	0	0	0	1	1	3	0	0	0	0	0	1	1	2	1	0	0	0	0	1	1	3	0	0	0	0	0	1	1	1	0	0	0	0	1	3	1	0	0	0	0	0	1	2	1	0	0	0	0	0	1	3	1	0	0	0	0	0	1	1	2	0	0	0	0	0	0	1	1	3	1	0	0	0	0	1	1	2	0	0	0	0	1	1	1	0	0	0	0	0	1	2	1	0	0	0	0	0	1	3	1	0	0	0	0	0	1	2	1	0	0	0	0	0	1	1	3	0	0	0	0	0	1	1	2	1	0	0	0	0	1	1	3	0	0	0	0	0	1	1	1	0	0	0	0	0	1	3	1	0	0	0	0	1	2	1	0	0	0	0	0	1	3	1	0	0	0	0	0	1	2	1	0	0	0	0	0	1	1	3	1	0	0	0	0	0	1	2	1	0	0	0	0	1	1	1	0	0	0	0	0	1	2	1	0	0	0	0	0	1	3	1	0	0	0	0	0	1	2	1	0	0	0	0	0	1	3	1	0	0	0	0	0	1	1	2	1	0	0	0	0	1	3	1	0	0	0	0	1	2	1	1	0	0	0	0	0	3	1	1	0	0	0	0	0	2	1	1	0	0	0	0	0	3	1	1	0	0	0	0	0	1	2	1	0	0	0	0	0	1	3	1	1	0	0	0	0	1	2	1	0	0	0	0	0	3	1	1	1	0	0	0	0	3	1	1	0	0	0	0	0	3	1	1	0	0	0	0	0	3	1	1	0	0	0	0	0	3	1	1	0	0	0	0	0	3	1	1	1	0	0	0	0	3	1	1	0	0	0	0	0
PATIENT_WEIGHT
34	129	148	70	114	125	35	90	35	146	35	92	109	134	100	61	102	106	61	57	35	85	125	126	81	32	68	49	89	129	98	139	115	71	85	37	77	48	141	130	112	87	107	110	108	129	45	50	72	97	130	149	145	79	77	126	88	85	140	136	104	84	106	41	83	128	47	110	122	119	132	95	113	112	98	71	111	51	133	42	145	146	61	104	85	55	75	121	92	138	108	131	55	106	62	51	81	106	91	123	51	97	48	89	135	43	50	118	113	110	106	141	50	49	134	117	107	46	110	101	145	117	90	94	39	49	118	47	144	38	98	133	30	43	68	100	115	134	112	48	85	100	141	51	61	105	133	48	98	48	143	40	119	93	64	56	104	113	84	59	105	65	83	140	82	100	58	86	121	100	125	92	75	93	100	75	132	79	60	71	125	73	56	52	78	133	53	85	110	48	134	35	30	99	123	79	95	123	32	72	111	120	54	44	141	77	45	123	72	132	85	115	83	111	132	137	109	108	48	124	118	63	119	44	131	80	89	150	129	87	36	134	90	72	47	127	130	66	97	48	89	52	88	144	77	40	124	73	80	70	45	75	119	141	58	108	51	117	126	79	121	69	101	109	110	64	126	113	112	138	115	99	140	66	52	41	124	83	124	129	89	51	69	118	131	95	114	46	99	111	59	62	115	67	53	144	52	118	147	40	88	96	108	99	127	123	109	91	139	43	84	82	137	43	39	101	88	138	50	89	106	111	87	97	150	40	59	87	36	146	81	113	99	127	92	79	129	62	31	133	120	70	123	35	72	82	72	145	36	92	67	49	68	69	59	143	106	75	133	125	144	49	31	64	125	98	102	77	99	117	101	90	127	97	121	34	52	47	121	103	59	132	142	121	122	103	85	54	83	111	137	139	82	146	120	94	142	94	99	99	139	61	150	89	32	106	48	124	75	74	146	91	116	58	122	71	143	123	50	134	120	108	123	75	43	129	69	55	51	107	109	32	74	79	106	95	80	114	43	98	85	58	133	122	63	32	114	92	35	62	128	136	100	97	81	94	115	71	150	51	32	141	37	144	117	51	148	49	108	140	87	44	141	99	54	77	91	63	83	63	134	44	34	38	90	44	63	48	35	148	138	72	124	56	60	139	124	124	117	109	137	140	150	74	139	37	135	147	102	112	99	101	50	40	116	50	53	45	51	120	129	140	65	115	71	83	65	43	129	144	49	133	131	41	87	97	130	111	73	110	57	146	130	131	32	66	111	84	97	113	49	114	98	135	143	117	53	126	107	31	109	138	62	117	66	109	107	122	83	73	104	44	131	144	88	68	147	98	116	69	56	144	106	62	129	113	108	34	114	107	69	150	77	96	47	138	126	134	89	50	52	148	143	55	53	85	56	33	80	148	65	123	120	41	148	86	129	129	138	97	107	138	135	89	127	37	107	65	70	88	115	46	66	102	145	60	98	132	57	106	30	114	112	129	78	127	136	150	132	131	34	104	141	38	135	127	128	83	132	119	88	142	149	132	143	115	132	70	132	32	83	136	142	44	94	144	76	111	55	123	130	71	106	80	137	73	135	88	97	30	83	136	65	64	96	94	113	68	70	124	52	64	132	68	104	37	53	53	105	61	115	129	115	54	91	98	133	77	81	85	112	113	122	146	36	67	114	109	129	114	116	142	132	73	144	145	104	40	52	117	121	86	120	31	95	53	132	143	144	122	40	125	55	116	40	109	131	150	87	66	84	68	115	43	40	75	36	64	94	39	51	34	36	78	124	61	104	68	59	119	79	55	83	65	81	30	140	101	137	51	32	141	115	104	78	91	148	97	106	70	126
DISTANCE_MATRIX
0	360	318	300	288	276	264	264	150	150	150	60	90	90	162	168	204	228	234	312	360	408	348	318	168	192	168	318
360	60	264	318	324	342	342	342	348	348	354	360	372	378	378	420	420	480	462	498	462	462	384	420	372	420	378	378
318	264	60	270	276	288	288	288	294	294	294	318	318	324	324	414	414	468	462	486	462	462	330	366	366	408	372	324
300	318	270	60	276	288	288	288	288	288	288	300	300	312	318	408	408	468	462	486	438	438	318	360	360	402	360	312
288	324	276	276	60	276	276	276	276	276	276	288	288	300	300	402	396	462	456	480	432	432	300	360	360	402	348	300
276	342	288	288	276	60	180	180	252	258	264	264	264	288	288	390	390	456	450	480	432	432	288	348	348	348	288	288
264	342	288	288	276	180	60	180	246	258	264	264	264	288	288	390	390	456	450	480	432	432	288	348	348	348	288	288
264	342	288	288	276	180	180	60	240	258	264	264	264	288	288	390	390	456	450	480	432	432	288	348	348	348	288	288
150	348	294	288	276	252	246	240	60	120	120	150	126	270	270	378	384	420	438	480	420	408	276	300	300	300	276	270
150	348	294	288	276	258	258	258	120	60	120	150	150	270	270	378	384	420	438	480	420	408	276	300	300	300	276	270
150	354	294	288	276	264	264	264	120	120	60	150	150	270	270	378	384	420	438	480	420	408	276	300	300	300	276	270
60	360	318	300	288	264	264	264	150	150	150	60	90	162	168	228	234	312	360	408	348	318	168	192	192	198	168	162
90	372	318	300	288	264	264	264	150	150	150	90	60	162	168	228	234	312	360	408	348	318	168	192	192	198	168	162
90	378	324	312	300	288	288	288	270	270	270	162	162	60	120	180	180	306	210	360	300	300	120	180	120	180	120	234
162	378	324	318	300	288	288	288	270	270	270	168	168	120	60	180	180	306	210	360	300	300	120	180	120	180	120	120
168	420	414	408	402	348	348	348	300	300	300	228	228	180	180	60	132	204	132	348	258	258	186	60	180	132	222	180
204	420	414	408	396	390	390	390	384	384	384	234	234	180	180	132	60	204	132	348	258	258	186	60	180	132	222	180
228	480	468	468	462	456	456	456	420	420	420	312	312	306	306	204	204	60	198	120	240	240	306	204	306	138	306	306
234	462	462	462	456	450	450	450	438	438	438	360	360	210	210	132	132	198	60	138	132	132	210	132	210	132	210	210
312	498	486	486	480	480	480	480	480	480	480	408	408	360	360	348	348	120	138	60	348	348	360	348	360	348	360	360
360	462	462	438	432	432	432	432	420	420	420	348	348	300	300	258	258	240	132	348	60	60	300	258	300	258	300	300
408	462	462	438	432	432	432	432	408	408	408	318	318	300	300	258	258	240	132	348	60	60	300	258	300	258	300	300
348	384	330	318	300	288	288	288	276	276	276	168	168	120	120	186	186	306	210	360	300	300	60	186	120	186	120	120
318	420	366	360	360	348	348	348	300	300	300	192	192	180	180	60	60	204	132	348	258	258	186	60	180	60	180	180
168	372	300	306	300	288	288	288	270	270	270	168	168	120	120	180	180	306	210	360	300	300	120	180	60	180	120	120
192	420	408	402	402	348	348	348	300	300	300	198	198	180	180	132	132	138	132	348	258	258	186	60	180	60	180	180
168	378	372	360	348	288	288	288	276	276	276	168	168	120	120	222	222	306	210	360	300	300	120	180	120	180	60	120
318	378	324	312	300	288	288	288	270	270	270	162	162	234	120	180	180	306	210	360	300	300	120	180	120	180	120	60
DEPOTS_DISTANCE
234	462	462	462	456	450	450	450	438	438	438	360	360	210	210	132	132	198	60	138	132	132	210	132	210	132	210	210	
348	384	330	318	300	288	288	288	276	276	276	168	168	120	120	186	186	306	210	360	300	300	60	186	120	186	120	120	
318	420	366	360	360	348	348	348	300	300	300	192	192	180	180	60	60	204	132	348	258	258	186	60	180	60	180	180	
LOCATION_TURN_MATRIX
100	130	122	113	112	199	136	122	129	152	173	146	151	136	158	140	176	113	122	167	194	134	110	172	114	184	100	147	
170	100	154	188	164	169	136	136	152	170	104	183	155	115	101	104	155	187	174	115	149	134	178	168	114	135	168	102	
178	146	100	161	178	114	104	165	117	139	126	169	192	109	120	179	160	152	154	134	113	140	154	179	196	196	192	181	
187	112	139	100	158	114	195	181	104	132	195	106	183	169	132	170	140	136	172	148	116	110	123	136	151	120	176	169	
188	136	122	142	100	175	164	159	112	100	167	164	135	191	132	181	104	123	142	156	108	117	193	182	116	147	156	185	
101	131	186	186	125	100	190	147	164	150	137	102	145	176	185	131	113	108	117	186	118	151	140	178	154	189	172	110	
164	164	196	105	136	110	100	186	153	151	183	193	111	157	144	123	188	142	110	163	105	190	166	187	170	171	186	126	
178	164	135	119	141	153	114	100	106	130	108	103	151	178	122	151	130	133	184	177	110	141	166	110	122	174	191	197	
171	148	183	196	188	136	147	194	100	167	100	146	168	129	128	142	172	118	174	147	105	158	156	160	120	106	119	136	
148	130	161	168	200	150	149	170	133	100	177	106	175	116	188	180	176	194	108	146	130	187	183	173	128	141	169	176	
127	196	174	105	133	163	117	192	200	123	100	171	175	140	183	115	104	186	128	153	151	175	100	146	191	117	132	197	
154	117	131	194	136	198	107	197	154	194	129	100	136	184	140	147	172	184	148	131	103	156	185	200	152	158	154	143	
149	145	108	117	165	155	189	149	132	125	125	164	100	140	199	142	101	144	163	185	117	191	200	143	113	165	102	154	
164	185	191	131	109	124	143	122	171	184	160	116	160	100	109	116	196	113	131	186	166	139	183	175	144	161	105	170	
142	199	180	168	168	115	156	178	172	112	117	160	101	191	100	147	177	177	199	158	172	188	164	175	180	168	154	195	
160	196	121	130	119	169	177	149	158	120	185	153	158	184	153	100	152	159	197	157	181	159	102	123	168	200	124	186	
124	145	140	160	196	187	112	170	128	124	196	128	199	104	123	148	100	149	114	112	117	135	105	132	138	180	198	156	
187	113	148	164	177	192	158	167	182	106	114	116	156	187	123	141	151	100	166	132	168	163	159	123	129	173	161	116	
178	126	146	128	158	183	190	116	126	192	172	152	137	169	101	103	186	134	100	184	199	137	130	160	148	113	140	150	
133	185	166	152	144	114	137	123	153	154	147	169	115	114	142	143	188	168	116	100	111	195	128	157	191	164	141	171	
106	151	187	184	192	182	195	190	195	170	149	197	183	134	128	119	183	132	101	189	100	129	151	163	147	166	104	177	
166	166	160	190	183	149	110	159	142	113	125	144	109	161	112	141	165	137	163	105	171	100	101	185	169	129	103	197	
190	122	146	177	107	160	134	134	144	117	200	115	100	117	136	198	195	141	170	172	149	199	100	106	150	116	118	145	
128	132	121	164	118	122	113	190	140	127	154	100	157	125	125	177	168	177	140	143	137	115	194	100	128	167	115	155	
186	186	104	149	184	146	130	178	180	172	109	148	187	156	120	132	162	171	152	109	153	131	150	172	100	155	124	184	
116	165	104	180	153	111	129	126	194	159	183	142	135	139	132	100	120	127	187	136	134	171	184	133	145	100	129	192	
200	132	108	124	144	128	114	109	181	131	168	146	198	195	146	176	102	139	160	159	196	197	182	185	176	171	100	146	
153	198	119	131	115	190	174	103	164	124	103	157	146	130	105	114	144	184	150	129	123	103	155	145	116	108	154	100	
DEPOTS_TO_LOCAL_TURN_MATRIX
178	126	146	128	158	183	190	116	126	192	172	152	137	169	101	103	186	134	100	184	199	137	130	160	148	113	140	150	
190	122	146	177	107	160	134	134	144	117	200	115	100	117	136	198	195	141	170	172	149	199	100	106	150	116	118	145	
128	132	121	164	118	122	113	190	140	127	154	100	157	125	125	177	168	177	140	143	137	115	194	100	128	167	115	155	
LOCAL_TO_DEPOT_TURN_MATRIX
122	174	154	172	142	117	110	184	174	108	128	148	163	131	199	197	114	166	100	116	101	163	170	140	152	187	160	150	
110	178	154	123	193	140	166	166	156	183	100	185	200	183	164	102	105	159	130	128	151	101	100	194	150	184	182	155	
172	168	179	136	182	178	187	110	160	173	146	200	143	175	175	123	132	123	160	157	163	185	106	100	172	133	185	145	

