INDEX_PROBLEM
1
PATIENTS
800
STRETCHERS
16
NUM_ROOM
28
NUM_DEPOT
3
NUM_PRIORITY
4
PRIORITY_LIST
0	1	2	3	4
PRIORITY_WEIGHT
0	1	10	18	30
PRIORITY_JOB
0	1	3	4	3	3	3	4	3	2	3	1	4	4	3	4	2	4	2	3	4	3	4	4	3	4	2	3	4	4	3	3	4	2	3	4	3	4	3	4	2	3	4	3	4	4	3	4	1	3	4	2	3	4	4	3	4	1	3	1	1	2	1	2	1	2	4	1	3	3	4	3	4	2	4	3	2	1	2	1	2	2	4	4	3	4	3	4	1	2	3	2	2	1	2	1	4	3	4	1	3	4	3	4	3	1	3	4	2	1	2	2	1	4	3	1	2	4	3	3	4	3	1	4	4	2	1	2	1	2	3	2	4	3	4	3	4	1	4	4	2	1	2	1	2	2	3	4	3	4	4	3	4	2	1	2	3	1	2	2	1	1	3	4	2	3	4	4	3	1	1	3	4	2	1	2	1	2	1	2	4	3	4	3	3	1	2	3	1	2	2	1	1	4	2	4	4	3	4	3	4	1	2	3	2	2	1	2	1	3	4	2	3	4	3	4	4	3	1	1	3	4	2	1	2	1	2	3	4	4	3	3	4	3	4	1	1	3	2	1	2	1	4	2	3	3	3	4	3	4	2	1	4	2	1	2	1	4	2	3	3	4	4	3	4	2	2	3	1	2	1	2	1	1	4	1	3	4	3	4	4	3	2	2	3	1	2	1	2	1	1	1	3	4	3	3	4	3	4	1	2	2	2	1	2	1	3	2	4	3	4	3	4	3	4	1	2	2	2	1	2	1	3	2	3	4	4	3	4	3	4	1	1	3	1	2	1	2	4	4	2	3	4	3	3	4	3	1	3	1	2	1	1	2	4	2	3	3	3	4	3	4	4	1	1	2	1	2	1	2	4	2	4	3	4	3	4	2	3	4	1	2	1	2	1	1	2	3	4	1	3	4	4	3	2	3	2	1	1	2	1	2	3	4	3	1	4	3	3	1	3	4	1	2	1	2	1	2	2	3	1	3	4	3	4	2	4	1	2	1	2	1	1	4	4	2	3	3	4	3	4	2	3	1	4	2	1	2	2	3	1	3	4	4	4	3	3	3	2	3	1	1	1	1	2	3	4	2	4	3	3	4	3	2	3	4	1	1	1	2	2	1	2	4	4	3	4	4	3	2	3	4	1	2	1	1	2	1	2	3	1	4	3	4	4	1	3	4	1	2	2	1	1	1	2	3	1	3	4	3	4	3	4	1	2	2	1	2	1	2	3	4	3	3	4	3	1	2	1	2	1	2	1	1	4	4	2	3	3	4	3	4	4	4	2	1	3	2	2	1	2	4	2	3	3	4	3	4	4	2	3	1	1	1	1	2	3	4	4	3	4	3	3	3	2	3	1	2	1	2	1	2	1	2	4	4	4	3	4	3	2	3	1	1	2	1	1	2	4	2	3	4	4	3	4	4	2	2	3	1	1	2	1	1	2	3	1	3	3	4	3	4	1	4	1	4	2	2	1	1	2	2	3	1	3	3	4	3	2	1	4	2	1	2	1	1	2	3	4	4	3	4	3	4	2	3	1	2	2	1	2	2	4	3	4	2	3	4	3	4	4	3	1	1	3	1	1	1	2	4	2	3	3	3	3	4	3	4	1	1	1	2	1	2	2	4	2	4	3	4	3	4	2	3	1	4	1	2	1	1	2	4	2	3	4	3	4	3	2	4	1	2	1	2	1	1	2	3	1	3	4	4	4	3	4	1	2	3	1	2	1	2	1	1	1	2	2	2	1	2	1	4	4	1	2	2	1	2	2	1	3	1	1	1	2	2	1	2	4	4	1	1	2	2	1	1	2	3	2	1	2	2	1	1	4	2	3	2	1	1	2
TIME_ASKED
0	28849	28898	28947	28996	29045	29094	29149	29198	29247	29296	29345	29394	29429	29458	29487	29516	29545	29574	29603	29632	29661	29690	29742	29784	29826	29868	29910	29952	29994	30029	30058	30087	30116	30145	30174	30203	30232	30261	30290	30329	30358	30387	30416	30445	30474	30503	30532	30561	30590	30621	30642	30663	30684	30705	30726	30747	30768	30789	30810	30831	30852	30873	30894	30949	30998	31047	31096	31145	31194	31227	31254	31281	31308	31335	31362	31389	31416	31443	31470	31497	31524	31548	31572	31596	31620	31644	31668	31692	31716	31740	31764	31788	31837	31874	31911	31948	31985	32022	32059	32096	32159	32218	32277	32336	32395	32419	32438	32457	32476	32495	32514	32533	32552	32571	32590	32609	32628	32647	32666	32685	32759	32818	32877	32936	32995	33027	33054	33081	33108	33135	33162	33189	33216	33243	33270	33297	33333	33366	33399	33432	33465	33498	33531	33564	33597	33616	33632	33648	33664	33680	33696	33712	33728	33744	33760	33776	33792	33808	33824	33840	33856	33872	33888	33933	33966	33999	34032	34065	34098	34131	34164	34197	34242	34284	34326	34368	34410	34452	34494	34533	34566	34599	34632	34665	34698	34731	34764	34797	34827	34854	34881	34908	34935	34962	34989	35016	35043	35070	35097	35137	35174	35211	35248	35285	35322	35359	35396	35433	35466	35499	35532	35565	35598	35631	35664	35697	35723	35746	35769	35792	35815	35838	35861	35884	35907	35930	35953	35976	35999	36023	36046	36069	36092	36115	36138	36161	36184	36207	36230	36253	36276	36299	36327	36354	36381	36408	36435	36462	36489	36516	36543	36570	36597	36619	36638	36657	36676	36695	36714	36733	36752	36771	36790	36809	36828	36847	36866	36885	36949	36998	37047	37096	37145	37194	37259	37318	37377	37436	37495	37549	37598	37647	37696	37745	37794	37827	37854	37881	37908	37935	37962	37989	38016	38043	38070	38097	38123	38146	38169	38192	38215	38238	38261	38284	38307	38330	38353	38376	38399	38419	38438	38457	38476	38495	38514	38533	38552	38571	38590	38609	38628	38647	38666	38685	38742	38784	38826	38868	38910	38952	38994	39029	39058	39087	39116	39145	39174	39203	39232	39261	39290	39349	39398	39447	39496	39545	39594	39633	39666	39699	39732	39765	39798	39831	39864	39897	39937	39974	40011	40048	40085	40122	40159	40196	40242	40284	40326	40368	40410	40452	40494	40542	40584	40626	40668	40710	40752	40794	40849	40898	40947	40996	41045	41094	41133	41166	41199	41232	41265	41298	41331	41364	41397	41423	41446	41469	41492	41515	41538	41561	41584	41607	41630	41653	41676	41699	41749	41798	41847	41896	41945	41994	42099	42198	42297	42342	42384	42426	42468	42510	42552	42594	42699	42798	42897	42923	42946	42969	42992	43015	43038	43061	43084	43107	43130	43153	43176	43199	43237	43274	43311	43348	43385	43422	43459	43496	43549	43598	43647	43696	43745	43794	43899	43998	44097	44159	44218	44277	44336	44395	44459	44518	44577	44636	44695	44799	44898	44997	45033	45066	45099	45132	45165	45198	45231	45264	45297	45337	45374	45411	45448	45485	45522	45559	45596	45637	45674	45711	45748	45785	45822	45859	45896	45959	46018	46077	46136	46195	46249	46298	46347	46396	46445	46494	46537	46574	46611	46648	46685	46722	46759	46796	46821	46842	46863	46884	46905	46926	46947	46968	46989	47010	47031	47052	47073	47094	47199	47298	47397	47437	47474	47511	47548	47585	47622	47659	47696	47737	47774	47811	47848	47885	47922	47959	47996	48049	48098	48147	48196	48245	48294	48324	48348	48372	48396	48420	48444	48468	48492	48516	48540	48564	48588	48627	48654	48681	48708	48735	48762	48789	48816	48843	48870	48897	48937	48974	49011	49048	49085	49122	49159	49196	49233	49266	49299	49332	49365	49398	49431	49464	49497	49537	49574	49611	49648	49685	49722	49759	49796	49827	49854	49881	49908	49935	49962	49989	50016	50043	50070	50097	50149	50198	50247	50296	50345	50394	50424	50448	50472	50496	50520	50544	50568	50592	50616	50640	50664	50688	50737	50774	50811	50848	50885	50922	50959	50996	51027	51054	51081	51108	51135	51162	51189	51216	51243	51270	51297	51324	51348	51372	51396	51420	51444	51468	51492	51516	51540	51564	51588	51637	51674	51711	51748	51785	51822	51859	51896	51933	51966	51999	52032	52065	52098	52131	52164	52197	52259	52318	52377	52436	52495	52517	52534	52551	52568	52585	52602	52619	52636	52653	52670	52687	52704	52721	52738	52755	52772	52789	52859	52918	52977	53036	53095	53137	53174	53211	53248	53285	53322	53359	53396	53459	53518	53577	53636	53695	53733	53766	53799	53832	53865	53898	53931	53964	53997	54027	54054	54081	54108	54135	54162	54189	54216	54243	54270	54297	54374	54448	54522	54596	54627	54654	54681	54708	54735	54762	54789	54816	54843	54870	54897	55049	55198	55237	55274	55311	55348	55385	55422	55459	55496	55574	55648	55722	55796	55827	55854	55881	55908	55935	55962	55989	56016	56043	56070	56097	56399	56499	56598	56697	56733	56766	56799	56832	56865	56898	56931	56964	56997	57049	57098	57147	57196	57245	57294	57359	57418	57477	57536	57595
ORIGIN
26	16	6	25	25	7	27	23	1	14	23	26	20	14	14	14	3	14	14	14	3	4	26	16	14	14	16	9	9	14	27	7	13	9	14	14	11	2	23	13	14	2	14	20	2	14	14	27	14	6	27	18	7	27	20	8	26	14	10	2	14	23	2	26	23	14	23	14	14	24	15	23	14	14	7	9	9	26	14	3	14	1	23	14	14	23	14	7	7	7	7	5	15	14	1	7	7	5	18	26	27	20	8	1	23	8	17	27	20	20	2	14	14	14	14	4	24	19	4	27	23	16	26	19	26	26	2	14	27	14	10	2	23	14	2	14	16	14	14	27	9	27	16	13	13	13	16	27	1	11	1	23	13	26	14	20	2	2	14	14	14	18	27	24	15	4	26	16	8	27	26	26	2	22	14	18	1	14	14	23	12	24	23	14	3	14	14	14	4	26	14	5	14	1	4	20	11	14	23	9	7	7	16	2	24	15	14	1	7	26	1	14	4	27	16	5	14	14	27	27	14	14	14	3	14	14	23	25	2	23	14	3	26	14	8	16	27	2	2	1	25	14	16	8	27	23	2	23	14	14	23	14	9	9	27	14	13	14	23	7	26	4	8	26	16	3	23	26	26	2	14	14	3	3	18	3	23	13	3	23	3	4	14	23	14	14	25	1	14	26	14	14	23	14	23	23	10	3	12	14	14	27	14	1	3	1	4	14	16	5	23	16	7	23	11	1	3	3	14	14	3	14	1	14	13	2	20	14	3	9	14	14	1	1	14	3	14	14	27	23	8	1	23	10	26	14	12	2	26	8	1	27	14	14	11	16	5	26	16	23	14	4	14	16	14	14	27	16	20	27	15	4	2	23	4	3	20	27	7	4	7	14	14	26	14	17	3	27	1	23	10	1	17	12	2	27	14	14	27	14	14	4	11	27	26	26	11	3	14	11	27	3	14	3	14	27	10	14	5	14	23	14	3	24	14	4	20	14	14	1	14	14	7	7	20	23	23	10	23	23	14	2	14	14	14	14	14	9	11	11	9	23	16	6	27	19	7	27	22	23	15	3	14	16	12	2	14	3	14	3	23	14	14	14	3	3	1	4	14	1	26	14	7	27	9	26	14	11	26	27	1	1	14	27	27	2	12	14	8	27	5	27	18	7	2	20	2	14	14	17	2	22	23	2	27	2	3	12	14	4	24	15	26	26	25	14	4	26	3	26	26	2	1	27	11	2	23	12	23	14	14	26	15	14	14	23	23	27	20	10	7	27	20	27	14	23	2	2	27	20	14	27	16	1	23	14	4	14	15	4	27	14	11	26	14	2	2	14	3	1	23	3	2	23	27	2	14	14	23	15	14	26	11	27	2	26	26	7	27	20	2	23	2	11	14	20	2	14	2	8	23	23	14	3	24	14	4	2	8	23	3	26	14	8	14	14	2	3	14	2	23	12	14	14	26	27	14	27	14	14	27	24	2	23	1	27	19	8	27	27	14	3	14	20	2	14	27	27	2	14	3	24	14	4	14	3	1	26	26	14	2	26	24	14	1	10	1	23	12	2	23	3	27	27	8	14	27	8	11	14	16	23	27	19	7	27	22	2	1	14	14	2	22	14	2	24	14	3	16	14	4	20	2	2	24	14	26	14	1	26	26	23	9	1	23	11	26	23	14	26	14	14	14	27	11	14	1	23	6	3	18	7	27	21	14	14	23	2	2	22	23	2	19	14	3	1	7	4	25	16	2	25	16	14	16	26	14	14	27	9	1	14	14	2	23	13	1	14	14	27	27	20	3	1	3	5	27	18	7	27	20	8	23	17	10	1	23	23	2	7	8
DESTINATION
3	14	17	14	14	23	2	26	23	3	27	14	7	4	25	16	26	25	9	9	26	14	3	14	9	9	16	14	14	2	23	13	7	14	5	5	15	14	1	7	5	27	26	7	27	20	8	23	8	17	2	27	20	2	14	14	3	16	14	14	25	7	27	23	1	26	3	26	26	2	14	27	26	26	20	14	14	3	4	26	16	14	27	9	9	27	16	13	13	13	13	14	11	2	23	13	13	14	27	14	2	14	14	14	27	14	6	18	7	7	27	20	8	4	26	14	2	22	14	18	1	14	14	22	14	14	24	15	23	5	14	14	4	26	14	5	14	1	1	23	14	23	14	7	7	7	16	2	24	15	14	1	7	14	5	7	27	27	20	8	1	27	23	2	14	14	3	14	14	23	14	14	24	19	4	27	23	16	16	27	11	2	1	25	14	26	10	2	23	14	2	14	16	14	23	14	15	9	27	14	13	13	16	27	1	11	1	23	13	3	23	26	14	2	14	14	3	3	18	18	15	4	4	26	16	8	27	14	14	1	25	14	14	26	14	14	23	24	24	23	14	3	16	14	2	27	14	1	3	1	4	20	14	14	23	9	7	5	1	20	3	14	14	3	14	26	1	14	14	27	16	5	14	14	27	14	1	7	14	3	14	14	1	4	2	25	14	23	3	14	8	16	26	8	1	27	14	14	11	8	8	23	2	23	14	14	23	16	14	14	27	16	20	27	15	23	26	26	4	8	26	16	23	4	7	14	14	26	14	17	3	3	23	23	3	23	3	4	2	27	14	14	27	14	14	4	11	27	23	14	23	23	10	3	12	14	14	3	14	27	10	14	5	14	16	5	23	16	7	23	11	14	14	1	14	14	7	23	20	14	13	2	20	14	3	9	14	23	14	27	14	14	9	11	27	23	8	1	23	10	26	14	12	2	3	3	12	14	16	12	2	14	5	26	16	23	14	4	14	16	1	4	14	1	26	14	7	4	2	23	4	3	20	20	7	1	27	14	27	27	2	14	8	1	1	10	1	17	12	12	17	27	14	17	2	22	23	2	2	27	14	26	3	14	11	27	3	26	25	14	4	26	3	26	26	26	23	14	3	24	14	4	20	23	14	14	26	15	14	23	23	23	10	23	23	14	11	2	14	23	14	2	27	20	14	7	27	16	16	6	27	19	7	27	23	22	14	11	26	14	2	14	3	3	14	3	23	14	14	3	3	14	14	23	15	14	27	11	27	9	26	14	11	26	26	27	1	2	11	14	20	2	14	2	8	27	27	27	18	7	2	2	14	23	3	26	14	8	14	14	2	3	12	14	4	24	24	15	26	14	27	14	14	27	23	24	2	1	27	11	2	14	12	23	27	3	14	20	2	14	14	27	27	20	10	7	27	20	27	14	1	1	26	14	2	26	14	24	14	1	23	14	4	14	15	4	27	14	8	14	27	11	15	1	3	23	1	23	3	2	23	2	14	1	14	2	22	14	2	2	26	26	26	7	27	20	23	2	24	26	14	1	26	14	4	26	23	14	14	3	24	14	2	8	23	14	14	27	11	14	1	26	23	2	14	2	23	14	12	3	14	27	2	22	23	2	19	24	23	1	1	27	19	8	14	2	25	14	16	26	14	14	24	27	2	3	14	3	24	14	3	1	14	14	27	20	3	1	4	3	10	1	1	23	12	2	23	27	17	26	27	23	2	7	8	16	27	27	27	19	7	27	22	25	14	23	20	14	14	14	24	14	14	3	16	14	4	20	2	14	14	9	9	14	27	7	23	1	26	23	23	11	26	23	26	14	2	27	20	2	14	14	27	6	14	14	7	7	27	21	14
DUE_DATE
0	31147	29996	29505	30094	30143	30192	29707	30296	30825	30394	31643	29952	29987	30556	30045	31094	30103	31152	30701	30190	30759	30248	30300	30882	30384	31446	31008	30510	30552	31127	31156	30645	31694	31243	30732	31301	30790	31359	30848	31907	31456	30945	31514	31003	31032	31601	31090	32859	31688	31179	32220	31761	31242	31263	31824	31305	33066	31887	33108	33129	32430	33171	32472	33247	32576	31605	33394	32243	32292	31785	32352	31839	32886	31893	32460	32967	33714	33021	33768	33075	33102	32106	32130	32694	32178	32742	32226	33990	33294	32838	33342	33366	34135	33452	34209	32506	33083	32580	34357	33194	32717	33316	32835	33434	34693	33517	32996	34035	34774	34073	34092	34831	33110	33669	34888	34187	33186	33745	33764	33243	33857	35116	33435	33494	34573	35325	34632	35379	34686	34233	34740	33747	34314	33801	34368	33855	35631	33924	33957	35010	35763	35076	35829	35142	35175	34714	34190	34746	34222	34238	34794	34270	35306	36042	35338	34874	36090	35386	35402	36138	36154	34970	34446	35511	35064	34557	34590	35163	36396	36429	35262	34755	35820	36582	35904	36666	35988	36750	36072	35091	35664	35157	35730	35763	36996	36309	35862	37095	36405	36432	37179	37206	35493	36540	35547	35574	36141	35628	36195	35695	37472	36789	36346	36863	36900	37657	36974	37731	36564	36057	37110	36663	36156	36729	36222	36255	36821	38044	38067	36890	36373	37416	38159	37462	38205	37508	37051	36534	36557	37121	37144	36627	37190	36673	38436	38459	37282	37785	38528	37831	38574	36857	37905	37452	37479	37506	36993	37560	37047	38094	38841	37128	38175	38917	38216	38955	37234	38273	37812	37831	37310	37329	37888	37367	38406	38425	37964	39183	38527	39296	38625	39394	39443	37752	39557	38416	37935	38534	38053	38107	38696	39225	39274	38843	40092	39405	40152	39459	40206	40233	40260	39087	38574	39141	39168	38655	39221	38704	40467	39770	39793	39816	40559	39862	40605	39428	39931	38934	39497	38977	39536	39015	39574	39053	40812	40111	40130	40149	40888	40187	40926	39745	40244	39783	39300	39342	39924	39426	40008	39510	41292	41327	40156	41385	40694	41443	40752	39761	39790	40839	40388	39907	40496	40545	40054	40643	41892	40731	41964	41277	42030	42063	41376	40389	41442	40995	41035	41072	40569	41146	40643	40680	42457	42494	41820	42582	41904	42666	41988	41010	42072	41100	41682	41184	41766	41268	42330	41892	41407	43196	42525	43294	42623	43392	43431	42744	42297	41790	43563	42396	41889	41922	42495	43001	42544	43047	43790	43813	43116	43859	43162	42705	42188	42751	43974	42257	42847	42896	44145	42994	42503	44292	43677	44496	43875	44640	43962	44004	43566	44808	43650	43152	43797	43356	44475	43481	45244	44547	45290	44593	45336	45359	43642	43665	44708	44251	44274	43757	44335	43832	44889	44446	45683	43980	45037	45794	45127	45176	44745	45994	44843	44352	44457	44556	45195	45257	45316	45855	45434	46693	46757	46816	46875	46214	45793	45357	46476	45555	46131	46164	45657	46230	46743	46296	45789	47562	47595	47635	46952	46989	47746	47063	46080	46117	46694	46195	46232	46809	47326	46883	46380	48157	47474	48257	48316	47655	48434	47773	47347	48596	46905	47494	47003	47052	48835	47672	47169	48946	48263	48300	49057	49094	49119	48420	47961	49182	48003	47484	48045	47526	48087	47568	49329	48630	48651	49392	48777	49596	48975	48535	48032	48609	48646	48143	48720	49957	49274	50035	49352	50109	49426	50183	50220	48517	48554	49627	49196	49245	48754	49343	48852	48882	48906	49950	50694	49518	50022	50046	50790	50094	49098	50142	49686	49725	49212	49779	49266	49293	50340	49887	51114	51141	51168	51195	50515	50072	49569	49606	50183	49680	50257	50294	50331	50844	50397	51630	50943	51696	51009	51762	51075	51835	51152	50169	50206	50243	50820	50317	50894	51405	50952	52179	52206	51513	52260	52287	51594	50601	51648	51195	50707	50756	51345	50854	50903	51972	52002	51546	52770	52794	52098	52842	52866	52170	51714	52938	51762	51786	51295	51872	51369	53146	51443	53220	51517	52574	52605	53352	53379	52686	52713	52260	53487	52314	52341	51828	52395	52902	53646	51930	52974	53718	53022	53766	53790	53094	52638	52122	52146	52735	52232	52809	52306	53363	52920	54157	53474	53511	54264	53577	53610	52623	53196	52689	53742	53295	52817	53416	52935	52994	53593	54815	54832	53649	54866	54883	54900	54197	53194	54231	53768	53785	53802	53819	53296	53853	53330	55087	55157	55216	54555	55334	54673	54715	53732	54789	53806	54383	53880	54457	53954	55037	54616	55875	54194	55993	55311	56064	56097	55410	54423	55476	55029	54522	55095	54585	55152	55659	54666	56433	55740	56487	55794	56541	56568	55875	55472	56746	55620	55154	55185	55212	55779	55266	57033	56340	55887	57114	56421	57168	56475	57347	57496	57535	56852	56889	56926	57683	57000	57757	56054	56132	57946	57300	57374	58125	57432	57459	58206	57033	58260	58287	58314	57621	57648	58395	57977	57057	57156	58995	59031	58344	58377	59130	59163	58476	58029	58542	59295	58627	58676	59445	59494	57803	58872	58457	58996	59775	59834	59173
TRANSPORT_MODE
0	2	1	1	0	0	0	0	0	2	1	2	0	0	0	0	1	1	1	0	0	0	0	0	2	1	1	0	0	0	0	0	2	1	1	2	0	0	0	0	1	1	2	0	0	0	0	0	1	1	1	1	0	0	0	0	0	3	1	1	0	0	0	0	0	2	1	3	0	0	0	0	0	1	1	1	0	0	0	0	0	2	1	1	0	0	0	0	3	1	1	2	0	0	0	0	0	1	1	3	0	0	0	0	0	1	1	1	1	0	0	0	0	0	2	1	1	0	0	0	0	0	3	1	2	0	0	0	0	1	1	1	0	0	0	0	0	3	1	1	0	0	0	0	0	2	1	1	0	0	0	0	0	0	3	1	1	0	0	0	0	2	1	1	1	0	0	0	0	0	3	1	1	0	0	0	0	0	1	2	1	0	0	0	0	3	1	1	0	0	0	0	0	0	1	2	1	0	0	0	0	3	1	1	0	0	0	0	0	0	1	2	1	0	0	0	0	0	1	3	1	1	0	0	0	0	1	2	1	0	0	0	0	0	0	1	3	1	0	0	0	0	1	2	1	0	0	0	0	0	1	3	1	0	0	0	0	1	2	1	0	0	0	0	0	0	1	1	3	0	0	0	0	0	1	1	2	1	0	0	0	0	0	1	1	3	0	0	0	0	0	1	1	2	0	0	0	0	1	3	1	0	0	0	0	0	1	1	2	0	0	0	0	0	1	3	1	0	0	0	0	0	1	1	2	0	0	0	0	0	1	1	3	1	0	0	0	0	0	1	1	2	0	0	0	0	0	1	1	3	0	0	0	0	1	1	2	0	0	0	0	0	1	1	3	0	0	0	0	1	1	2	0	0	0	0	0	0	1	1	3	0	0	0	0	0	1	1	2	1	0	0	0	0	0	1	1	3	0	0	0	0	1	1	0	1	0	0	0	0	1	1	3	0	0	0	0	0	1	1	2	0	0	0	0	1	1	3	0	0	0	0	0	0	1	1	1	0	0	0	0	2	1	3	1	0	0	0	0	0	1	1	2	0	0	0	0	0	1	1	1	0	0	0	0	1	1	2	0	0	0	0	0	0	1	1	3	0	0	0	0	1	1	2	0	0	0	0	0	1	1	1	0	0	0	0	0	3	1	2	1	0	0	0	0	0	1	1	3	0	0	0	0	0	1	1	1	0	0	0	0	1	1	3	0	0	0	0	0	1	1	2	0	0	0	0	1	1	3	0	0	0	0	0	0	1	1	2	0	0	0	0	0	1	1	3	1	0	0	0	0	1	1	2	0	0	0	0	0	1	1	1	0	0	0	0	1	1	2	0	0	0	0	0	1	1	3	0	0	0	0	0	1	1	2	0	0	0	0	0	1	1	3	0	0	0	0	0	1	1	2	1	0	0	0	0	0	1	1	3	0	0	0	0	1	1	2	1	0	0	0	0	0	1	3	1	0	0	0	0	0	1	1	2	0	0	0	0	1	3	1	0	0	0	0	0	1	1	2	0	0	0	0	0	1	1	3	1	0	0	0	0	0	1	1	2	0	0	0	0	0	1	1	3	1	0	0	0	0	1	2	1	0	0	0	0	0	1	3	1	0	0	0	0	1	2	1	0	0	0	0	0	0	1	3	1	0	0	0	0	1	2	1	1	0	0	0	0	0	1	3	1	0	0	0	0	0	1	2	1	1	0	0	0	0	3	1	1	0	0	0	0	0	1	3	1	0	0	0	0	3	1	1	0	0	0	0	0	1	3	1	0	0	0	0	0	3	1	1	1	0	0	0	0	0	3	1	1	0	0	0	0	0	3	1	1	1	0	0	0	0
PATIENT_WEIGHT
64	41	106	150	88	57	106	133	123	127	73	91	48	69	133	34	109	146	97	50	69	100	36	107	85	53	59	107	32	56	34	110	37	49	107	111	128	52	144	104	111	70	115	89	150	116	97	78	93	98	81	98	64	150	30	98	59	78	48	129	85	59	36	127	65	142	88	72	80	135	120	65	148	92	80	118	51	119	82	74	32	64	69	128	60	56	66	85	32	44	74	106	42	64	76	39	118	144	84	73	132	110	102	119	47	107	103	58	145	129	138	133	86	129	136	141	141	144	129	145	105	130	132	75	132	116	121	132	100	55	99	97	128	44	95	37	143	109	47	118	34	148	143	121	92	80	131	90	89	71	68	120	120	150	41	120	45	98	113	107	147	145	65	131	95	36	130	50	103	136	144	133	149	66	55	97	98	71	35	101	143	33	111	38	127	75	105	140	70	58	60	81	125	73	89	58	142	144	105	147	76	109	50	150	106	113	82	41	110	116	45	84	94	89	96	98	67	51	110	149	95	70	56	145	97	123	107	69	94	134	105	54	140	69	119	65	53	93	93	47	79	136	76	70	109	85	75	140	36	141	100	58	119	71	73	98	63	47	143	129	141	88	148	91	142	130	37	123	118	102	36	71	50	112	143	124	142	83	135	95	51	76	58	58	50	133	61	98	146	125	115	110	106	140	38	145	137	57	89	111	114	98	80	150	123	108	35	47	44	61	77	133	149	43	96	39	108	66	121	90	101	130	112	101	101	101	85	70	113	90	144	78	59	47	130	88	98	75	132	55	136	48	89	79	58	103	79	46	37	101	79	72	79	31	68	59	149	137	130	121	39	134	52	104	101	102	110	111	144	83	138	47	53	147	105	42	97	44	87	45	55	118	83	55	64	69	141	35	62	34	127	37	82	120	93	49	111	33	51	41	117	65	100	141	113	82	122	68	49	42	53	67	40	54	79	32	114	135	33	71	113	32	49	68	80	70	132	57	55	74	139	50	42	91	74	87	119	67	32	132	101	58	126	107	96	43	145	31	110	144	97	114	51	31	115	131	90	107	46	51	75	50	126	96	129	117	61	84	139	126	51	84	34	97	87	114	87	58	50	140	106	47	79	111	56	66	73	101	147	81	39	43	95	141	34	33	148	128	86	63	92	66	46	95	140	104	140	96	32	150	120	103	145	136	141	119	85	81	132	48	97	37	120	31	50	145	30	103	101	132	125	65	60	76	100	80	110	71	100	134	60	31	41	31	122	143	58	145	130	110	145	62	121	111	148	57	59	61	119	46	101	119	58	121	32	133	94	78	53	81	61	118	144	61	88	146	137	91	52	135	140	96	110	98	148	142	124	81	122	133	120	64	61	88	136	130	76	43	102	122	102	126	130	85	90	52	60	80	126	112	93	148	33	85	113	33	41	90	92	143	143	38	43	118	59	115	74	141	52	76	57	98	75	99	85	95	116	98	46	122	142	145	86	40	124	82	92	125	92	76	64	30	38	91	78	122	71	44	103	69	39	80	66	69	142	125	89	81	56	117	101	64	141	139	105	89	107	54	119	50	31	118	121	55	62	111	145	56	72	110	39	64	143	36	54	87	140	144	35	123	45	111	35	125	132	139	63	129	39	130	64	49	94	38	147	142	49	101	118	133	136	107	50	85	97	67	72	78	142	113	40	43	146	32	93	41	73	32	81	67	140	78	146	136	36	130	81	53	100	69	81	54	73	72	97	68	125	67	131	65	94	116	131	90	85	141	125	30	44	142	60	45	148	110	95	78	84	104	39	103	79	47	150	57	96	150	48	127	91	121	68	42	80	85	105	109	48	114	122	58	105
DISTANCE_MATRIX
0	360	318	300	288	276	264	264	150	150	150	60	90	90	162	168	204	228	234	312	360	408	348	318	168	192	168	318
360	60	264	318	324	342	342	342	348	348	354	360	372	378	378	420	420	480	462	498	462	462	384	420	372	420	378	378
318	264	60	270	276	288	288	288	294	294	294	318	318	324	324	414	414	468	462	486	462	462	330	366	366	408	372	324
300	318	270	60	276	288	288	288	288	288	288	300	300	312	318	408	408	468	462	486	438	438	318	360	360	402	360	312
288	324	276	276	60	276	276	276	276	276	276	288	288	300	300	402	396	462	456	480	432	432	300	360	360	402	348	300
276	342	288	288	276	60	180	180	252	258	264	264	264	288	288	390	390	456	450	480	432	432	288	348	348	348	288	288
264	342	288	288	276	180	60	180	246	258	264	264	264	288	288	390	390	456	450	480	432	432	288	348	348	348	288	288
264	342	288	288	276	180	180	60	240	258	264	264	264	288	288	390	390	456	450	480	432	432	288	348	348	348	288	288
150	348	294	288	276	252	246	240	60	120	120	150	126	270	270	378	384	420	438	480	420	408	276	300	300	300	276	270
150	348	294	288	276	258	258	258	120	60	120	150	150	270	270	378	384	420	438	480	420	408	276	300	300	300	276	270
150	354	294	288	276	264	264	264	120	120	60	150	150	270	270	378	384	420	438	480	420	408	276	300	300	300	276	270
60	360	318	300	288	264	264	264	150	150	150	60	90	162	168	228	234	312	360	408	348	318	168	192	192	198	168	162
90	372	318	300	288	264	264	264	150	150	150	90	60	162	168	228	234	312	360	408	348	318	168	192	192	198	168	162
90	378	324	312	300	288	288	288	270	270	270	162	162	60	120	180	180	306	210	360	300	300	120	180	120	180	120	234
162	378	324	318	300	288	288	288	270	270	270	168	168	120	60	180	180	306	210	360	300	300	120	180	120	180	120	120
168	420	414	408	402	348	348	348	300	300	300	228	228	180	180	60	132	204	132	348	258	258	186	60	180	132	222	180
204	420	414	408	396	390	390	390	384	384	384	234	234	180	180	132	60	204	132	348	258	258	186	60	180	132	222	180
228	480	468	468	462	456	456	456	420	420	420	312	312	306	306	204	204	60	198	120	240	240	306	204	306	138	306	306
234	462	462	462	456	450	450	450	438	438	438	360	360	210	210	132	132	198	60	138	132	132	210	132	210	132	210	210
312	498	486	486	480	480	480	480	480	480	480	408	408	360	360	348	348	120	138	60	348	348	360	348	360	348	360	360
360	462	462	438	432	432	432	432	420	420	420	348	348	300	300	258	258	240	132	348	60	60	300	258	300	258	300	300
408	462	462	438	432	432	432	432	408	408	408	318	318	300	300	258	258	240	132	348	60	60	300	258	300	258	300	300
348	384	330	318	300	288	288	288	276	276	276	168	168	120	120	186	186	306	210	360	300	300	60	186	120	186	120	120
318	420	366	360	360	348	348	348	300	300	300	192	192	180	180	60	60	204	132	348	258	258	186	60	180	60	180	180
168	372	300	306	300	288	288	288	270	270	270	168	168	120	120	180	180	306	210	360	300	300	120	180	60	180	120	120
192	420	408	402	402	348	348	348	300	300	300	198	198	180	180	132	132	138	132	348	258	258	186	60	180	60	180	180
168	378	372	360	348	288	288	288	276	276	276	168	168	120	120	222	222	306	210	360	300	300	120	180	120	180	60	120
318	378	324	312	300	288	288	288	270	270	270	162	162	234	120	180	180	306	210	360	300	300	120	180	120	180	120	60
DEPOTS_DISTANCE
234	462	462	462	456	450	450	450	438	438	438	360	360	210	210	132	132	198	60	138	132	132	210	132	210	132	210	210	
348	384	330	318	300	288	288	288	276	276	276	168	168	120	120	186	186	306	210	360	300	300	60	186	120	186	120	120	
318	420	366	360	360	348	348	348	300	300	300	192	192	180	180	60	60	204	132	348	258	258	186	60	180	60	180	180	
LOCATION_TURN_MATRIX
100	130	122	113	112	199	136	122	129	152	173	146	151	136	158	140	176	113	122	167	194	134	110	172	114	184	100	147	
170	100	154	188	164	169	136	136	152	170	104	183	155	115	101	104	155	187	174	115	149	134	178	168	114	135	168	102	
178	146	100	161	178	114	104	165	117	139	126	169	192	109	120	179	160	152	154	134	113	140	154	179	196	196	192	181	
187	112	139	100	158	114	195	181	104	132	195	106	183	169	132	170	140	136	172	148	116	110	123	136	151	120	176	169	
188	136	122	142	100	175	164	159	112	100	167	164	135	191	132	181	104	123	142	156	108	117	193	182	116	147	156	185	
101	131	186	186	125	100	190	147	164	150	137	102	145	176	185	131	113	108	117	186	118	151	140	178	154	189	172	110	
164	164	196	105	136	110	100	186	153	151	183	193	111	157	144	123	188	142	110	163	105	190	166	187	170	171	186	126	
178	164	135	119	141	153	114	100	106	130	108	103	151	178	122	151	130	133	184	177	110	141	166	110	122	174	191	197	
171	148	183	196	188	136	147	194	100	167	100	146	168	129	128	142	172	118	174	147	105	158	156	160	120	106	119	136	
148	130	161	168	200	150	149	170	133	100	177	106	175	116	188	180	176	194	108	146	130	187	183	173	128	141	169	176	
127	196	174	105	133	163	117	192	200	123	100	171	175	140	183	115	104	186	128	153	151	175	100	146	191	117	132	197	
154	117	131	194	136	198	107	197	154	194	129	100	136	184	140	147	172	184	148	131	103	156	185	200	152	158	154	143	
149	145	108	117	165	155	189	149	132	125	125	164	100	140	199	142	101	144	163	185	117	191	200	143	113	165	102	154	
164	185	191	131	109	124	143	122	171	184	160	116	160	100	109	116	196	113	131	186	166	139	183	175	144	161	105	170	
142	199	180	168	168	115	156	178	172	112	117	160	101	191	100	147	177	177	199	158	172	188	164	175	180	168	154	195	
160	196	121	130	119	169	177	149	158	120	185	153	158	184	153	100	152	159	197	157	181	159	102	123	168	200	124	186	
124	145	140	160	196	187	112	170	128	124	196	128	199	104	123	148	100	149	114	112	117	135	105	132	138	180	198	156	
187	113	148	164	177	192	158	167	182	106	114	116	156	187	123	141	151	100	166	132	168	163	159	123	129	173	161	116	
178	126	146	128	158	183	190	116	126	192	172	152	137	169	101	103	186	134	100	184	199	137	130	160	148	113	140	150	
133	185	166	152	144	114	137	123	153	154	147	169	115	114	142	143	188	168	116	100	111	195	128	157	191	164	141	171	
106	151	187	184	192	182	195	190	195	170	149	197	183	134	128	119	183	132	101	189	100	129	151	163	147	166	104	177	
166	166	160	190	183	149	110	159	142	113	125	144	109	161	112	141	165	137	163	105	171	100	101	185	169	129	103	197	
190	122	146	177	107	160	134	134	144	117	200	115	100	117	136	198	195	141	170	172	149	199	100	106	150	116	118	145	
128	132	121	164	118	122	113	190	140	127	154	100	157	125	125	177	168	177	140	143	137	115	194	100	128	167	115	155	
186	186	104	149	184	146	130	178	180	172	109	148	187	156	120	132	162	171	152	109	153	131	150	172	100	155	124	184	
116	165	104	180	153	111	129	126	194	159	183	142	135	139	132	100	120	127	187	136	134	171	184	133	145	100	129	192	
200	132	108	124	144	128	114	109	181	131	168	146	198	195	146	176	102	139	160	159	196	197	182	185	176	171	100	146	
153	198	119	131	115	190	174	103	164	124	103	157	146	130	105	114	144	184	150	129	123	103	155	145	116	108	154	100	
DEPOTS_TO_LOCAL_TURN_MATRIX
178	126	146	128	158	183	190	116	126	192	172	152	137	169	101	103	186	134	100	184	199	137	130	160	148	113	140	150	
190	122	146	177	107	160	134	134	144	117	200	115	100	117	136	198	195	141	170	172	149	199	100	106	150	116	118	145	
128	132	121	164	118	122	113	190	140	127	154	100	157	125	125	177	168	177	140	143	137	115	194	100	128	167	115	155	
LOCAL_TO_DEPOT_TURN_MATRIX
122	174	154	172	142	117	110	184	174	108	128	148	163	131	199	197	114	166	100	116	101	163	170	140	152	187	160	150	
110	178	154	123	193	140	166	166	156	183	100	185	200	183	164	102	105	159	130	128	151	101	100	194	150	184	182	155	
172	168	179	136	182	178	187	110	160	173	146	200	143	175	175	123	132	123	160	157	163	185	106	100	172	133	185	145	

